'20232010multint',9203,70000,,'',0,5800,,'',0,10000,,'',0,14500,,'',0,10000,,'',0,10000,,'',0,10000,,'',0,10100,,'',0,9700,,'',0,10300,,'',0,3100,,'',0,7500,,'',0,9700,,'',0,9500,,'',0,10000,,'',0,10000,,'',0,10000,,'',0,10000,,'',0,9900,,'',0
'20232013multint',9203,70000,,'',0,5800,,'',0,10000,,'',0,14500,,'',0,10000,,'',0,10000,,'',0,10000,,'',0,10100,,'',0,9700,,'',0,10300,,'',0,3100,,'',0,7500,,'',0,9700,,'',0,9500,,'',0,10000,,'',0,10000,,'',0,10000,,'',0,10000,,'',0,9900,,'',0
'20232510multint',9203,82700,,'',0,10000,,'',0,10100,,'',0,10000,,'',0,10000,,'',0,10000,,'',0,10000,,'',0,10000,,'',0,10000,,'',0,9900,,'',0,10000,,'',0,10000,,'',0,10100,,'',0,9900,,'',0,10000,,'',0,10000,,'',0
'20232610multint',9203,82700,,'',0,10000,,'',0,10100,,'',0,10000,,'',0,10000,,'',0,10000,,'',0,10000,,'',0,10000,,'',0,10000,,'',0,9900,,'',0,10000,,'',0,10000,,'',0,10100,,'',0,9900,,'',0,10000,,'',0,10000,,'',0
'20233010multint',9203,65200,,'',0,10400,,'',0,10100,,'',0,14400,,'',0,10000,,'',0,10000,,'',0,10000,,'',0,10000,,'',0,5700,,'',0,14600,,'',0,3300,,'',0,7100,,'',0,10300,,'',0,9100,,'',0,10000,,'',0,10000,,'',0,10200,,'',0,9800,,'',0,10000,,'',0
'20233510multint',9203,82600,,'',0,10000,,'',0,10000,,'',0,10100,,'',0,10000,,'',0,10000,,'',0,10000,,'',0,10000,,'',0,9900,,'',0,10000,,'',0,10000,,'',0,10000,,'',0,10000,,'',0,10000,,'',0,10000,,'',0,10000,,'',0
'20233610multint',9203,82600,,'',0,10000,,'',0,10000,,'',0,10100,,'',0,10000,,'',0,10000,,'',0,10000,,'',0,10000,,'',0,9900,,'',0,10000,,'',0,10000,,'',0,10000,,'',0,10000,,'',0,10000,,'',0,10000,,'',0,10000,,'',0
'20232010multint',9403,73800,4,'',0,10100,4,'',0,10100,4,'',0,10000,4,'',0,10000,4,'',0,10100,4,'',0,10000,4,'',0,9800,4,'',0,10200,4,'',0,7200,4,'',0,3000,4,'',0,7100,4,'',0,3000,4,'',0,9800,4,'',0,9800,4,'',0,10000,4,'',0,10000,4,'',0,9900,4,'',0,9900,4,'',0
'20232013multint',9403,73800,4,'',0,10100,4,'',0,10100,4,'',0,10000,4,'',0,10000,4,'',0,10100,4,'',0,10000,4,'',0,9800,4,'',0,10200,4,'',0,7200,4,'',0,3000,4,'',0,7100,4,'',0,3000,4,'',0,9800,4,'',0,9800,4,'',0,10000,4,'',0,10000,4,'',0,9900,4,'',0,9900,4,'',0
'20232510multint',9403,74100,4,'',0,10100,4,'',0,10000,4,'',0,10000,4,'',0,10000,4,'',0,10000,4,'',0,10000,4,'',0,10000,4,'',0,10100,4,'',0,10000,4,'',0,10000,4,'',0,10000,4,'',0,9900,4,'',0,9900,4,'',0,10000,4,'',0,10000,4,'',0,9800,4,'',0
'20232610multint',9403,74100,4,'',0,10100,4,'',0,10000,4,'',0,10000,4,'',0,10000,4,'',0,10000,4,'',0,10000,4,'',0,10000,4,'',0,10100,4,'',0,10000,4,'',0,10000,4,'',0,10000,4,'',0,9900,4,'',0,9900,4,'',0,10000,4,'',0,10000,4,'',0,9800,4,'',0
'20233010multint',9403,74000,4,'',0,10100,4,'',0,10000,4,'',0,10000,4,'',0,10000,4,'',0,10100,4,'',0,10000,4,'',0,10000,4,'',0,10000,4,'',0,6700,4,'',0,3200,4,'',0,7100,4,'',0,3500,4,'',0,9500,4,'',0,10000,4,'',0,9900,4,'',0,10100,4,'',0,10000,4,'',0,9900,4,'',0
'20233510multint',9403,74100,4,'',0,10000,4,'',0,10000,4,'',0,10100,4,'',0,10000,4,'',0,10000,4,'',0,10000,4,'',0,9900,4,'',0,10000,4,'',0,10100,4,'',0,9900,4,'',0,10100,4,'',0,10000,4,'',0,10000,4,'',0,9900,4,'',0,10000,4,'',0,10000,4,'',0
'20233610multint',9403,74100,4,'',0,10000,4,'',0,10000,4,'',0,10100,4,'',0,10000,4,'',0,10000,4,'',0,10000,4,'',0,9900,4,'',0,10000,4,'',0,10100,4,'',0,9900,4,'',0,10100,4,'',0,10000,4,'',0,10000,4,'',0,9900,4,'',0,10000,4,'',0,10000,4,'',0
'20232010multint',29403,163000,4,'',0,10800,4,'',0,7300,4,'',0,4400,4,'',0
'20232013multint',29403,163000,4,'',0,10800,4,'',0,7300,4,'',0,4400,4,'',0
'20233010multint',29403,163200,4,'',0,11000,4,'',0,7700,4,'',0,3900,4,'',0
'20232010multint',99203,261300,,'',0,13000,,'',0
'20232013multint',99203,261300,,'',0,13000,,'',0
'20232510multint',99203,261300,,'',0,13000,,'',0
'20233010multint',99203,261000,,'',0,13000,,'',0
'20233510multint',99203,261000,,'',0,13000,,'',0
'20232013multint',1009202,170900,,'',0
'20233010multint',1009202,170900,,'',0
