'20240010multint',27300,162700,4,'',0,8200,4,'',0,2700,4,'',0,6900,4,'',0
'20240512multint',27300,162700,4,'',0
'20240612multint',27300,162700,4,'',0
'20240010multint',28100,162140,4,'',0,3500,4,'',0,6900,4,'',0,2700,4,'',0,6500,4,'',0
'20240512multint',28100,162140,4,'',0,10400,4,'',0
'20240612multint',28100,162140,4,'',0,10400,4,'',0
'20240010multint',38100,165010,4,'',0,7710,4,'',0,8220,4,'',0,4500,4,'',0
'20240010multint',58100,164420,4,'',0,7500,4,'',0,3400,4,'',0
'20240512multint',58100,171920,4,'',0
'20240612multint',58100,171920,4,'',0
