'20231010multint',5600,62600,,'',0,3000,,'',0,7000,,'',0
'20231010multint',5601,163100,4,'',0,7000,4,'',0,2700,4,'',0
'20231511multint',5600,62600,,'',0,10000,,'',0
'20231511multint',5601,163100,4,'',0,9700,4,'',0
'20231010multint',5700,80000,,'',0,10000,,'',0,10000,,'',0,10000,,'',0,10000,,'',0,10000,,'',0,10000,,'',0,10000,,'',0,5800,,'',0,6100,,'',0,8400,,'',0,3000,,'',0,6800,,'',0,2800,,'',0,10000,,'',0,10000,,'',0,10000,,'',0,10000,,'',0,10000,,'',0
'20231010multint',5701,62200,4,'',0,3200,4,'',0,7000,4,'',0,3100,4,'',0,6900,4,'',0,3100,4,'',0,6200,4,'',0,3700,4,'',0,9900,4,'',0,10000,4,'',0,10000,4,'',0,10000,4,'',0,10000,4,'',0,10000,4,'',0,27300,4,'',0,9700,4,'',0,9800,4,'',0,9900,4,'',0,10000,4,'',0,10000,4,'',0
'20231510multint',5700,70200,,'',0,10000,,'',0,10000,,'',0,10000,,'',0,9900,,'',0,10000,,'',0,10000,,'',0,10000,,'',0,10000,,'',0,10000,,'',0,10000,,'',0,10000,,'',0,10100,,'',0,10000,,'',0,10000,,'',0,10000,,'',0,10000,,'',0
'20231510multint',5701,75100,4,'',0,10100,4,'',0,10000,4,'',0,10000,4,'',0,10000,4,'',0,10000,4,'',0,10000,4,'',0,10000,4,'',0,10000,4,'',0,10000,4,'',0,10000,4,'',0,10000,4,'',0,10000,4,'',0,9900,4,'',0,10000,4,'',0,10000,4,'',0
'20231511multint',5700,70200,,'',0,10000,,'',0,10000,,'',0,10000,,'',0,9900,,'',0,10000,,'',0,10000,,'',0,10000,,'',0,10000,,'',0,10000,,'',0,10000,,'',0,10000,,'',0,10100,,'',0,10000,,'',0,10000,,'',0,10000,,'',0,10000,,'',0
'20231511multint',5701,75100,4,'',0,10100,4,'',0,10000,4,'',0,10000,4,'',0,10000,4,'',0,10000,4,'',0,10000,4,'',0,10000,4,'',0,10000,4,'',0,10000,4,'',0,10000,4,'',0,10000,4,'',0,10000,4,'',0,9900,4,'',0,10000,4,'',0,10000,4,'',0
'20231610multint',5700,70200,,'',0,10000,,'',0,10000,,'',0,10000,,'',0,9900,,'',0,10000,,'',0,10000,,'',0,10000,,'',0,10000,,'',0,10000,,'',0,10000,,'',0,10000,,'',0,10100,,'',0,10000,,'',0,10000,,'',0,10000,,'',0,10000,,'',0
'20231610multint',5701,75100,4,'',0,10100,4,'',0,10000,4,'',0,10000,4,'',0,10000,4,'',0,10000,4,'',0,10000,4,'',0,10000,4,'',0,10000,4,'',0,10000,4,'',0,10000,4,'',0,10000,4,'',0,10000,4,'',0,9900,4,'',0,10000,4,'',0,10000,4,'',0
