'20231010multint',1900,63500,4,'',0,7000,4,'',0,3000,4,'',0,7200,4,'',0,2900,4,'',0,6900,4,'',0,3000,4,'',0,7000,4,'',0,3000,4,'',0,7000,4,'',0,3100,4,'',0,7000,4,'',0,3000,4,'',0,7000,4,'',0,3000,4,'',0,7000,4,'',0,3000,4,'',0,6900,4,'',0,3100,4,'',0,7000,4,'',0,2900,4,'',0,6700,4,'',0,3400,4,'',0,7000,4,'',0,2900,4,'',0,7200,4,'',0,3100,4,'',0,7100,4,'',0,3100,4,'',0,6900,4,'',0,3000,4,'',0,6900,4,'',0,3000,4,'',0,7000,4,'',0,3000,4,'',0,7000,4,'',0,3000,4,'',0
'20231510multint',1900,63200,4,'',0,7000,4,'',0,3000,4,'',0,6900,4,'',0,3000,4,'',0,6900,4,'',0,3000,4,'',0,2900,4,'',0,7000,4,'',0,3000,4,'',0,7200,4,'',0,7000,4,'',0,3000,4,'',0,7000,4,'',0,3000,4,'',0,7000,4,'',0,3000,4,'',0,7000,4,'',0,3000,4,'',0,7000,4,'',0,3100,4,'',0,7000,4,'',0,3100,4,'',0,7000,4,'',0,3000,4,'',0,7100,4,'',0,3000,4,'',0,7000,4,'',0,2900,4,'',0,6900,4,'',0,3000,4,'',0,7000,4,'',0,3000,4,'',0,7000,4,'',0,3000,4,'',0,7000,4,'',0,3000,4,'',0
'20231610multint',1900,63200,4,'',0,7000,4,'',0,3000,4,'',0,6900,4,'',0,3000,4,'',0,6900,4,'',0,3000,4,'',0,2900,4,'',0,7000,4,'',0,3000,4,'',0,7200,4,'',0,7000,4,'',0,3000,4,'',0,7000,4,'',0,3000,4,'',0,7000,4,'',0,3000,4,'',0,7000,4,'',0,3000,4,'',0,7000,4,'',0,3100,4,'',0,7000,4,'',0,3100,4,'',0,7000,4,'',0,3000,4,'',0,7100,4,'',0,3000,4,'',0,7000,4,'',0,2900,4,'',0,6900,4,'',0,3000,4,'',0,7000,4,'',0,3000,4,'',0,7000,4,'',0,3000,4,'',0,7000,4,'',0,3000,4,'',0
'20231010multint',5401,55500,,'',1,7200,4,'',1,1500,4,'',1,1300,,'',1,5700,4,'',1,1700,,'',1,1800,4,'',1,5300,,'',1,1700,4,'',1,1600,4,'',1,6900,4,'',1,2800,4,'',1,2900,4,'',1,7000,4,'',1,3000,4,'',1,7000,4,'',1,3000,4,'',1,7000,4,'',1,7100,4,'',1,3000,4,'',1,7000,4,'',1,3000,4,'',1,7100,4,'',1,3200,4,'',1,7400,4,'',1,3300,4,'',1,6800,4,'',1,2900,4,'',1,6900,4,'',1,2700,4,'',1,10000,4,'',1,10100,4,'',1,9900,4,'',1,9900,4,'',1,9800,4,'',1,10400,4,'',1
'20231510multint',5401,70300,4,'',1,10000,4,'',1,10000,4,'',1,9900,4,'',1,10200,4,'',1,2900,4,'',1,7100,4,'',1,3100,4,'',1,7000,4,'',1,3100,4,'',1,7000,4,'',1,3000,4,'',1,7300,4,'',1,2900,4,'',1,7000,4,'',1,3300,4,'',1,6900,4,'',1,3000,4,'',1,9800,4,'',1,9400,4,'',1,10000,4,'',1,10000,4,'',1,10000,4,'',1,10000,4,'',1
'20231610multint',5401,70300,4,'',1,10000,4,'',1,10000,4,'',1,9900,4,'',1,10200,4,'',1,2900,4,'',1,7100,4,'',1,3100,4,'',1,7000,4,'',1,3100,4,'',1,7000,4,'',1,3000,4,'',1,7300,4,'',1,2900,4,'',1,7000,4,'',1,3300,4,'',1,6900,4,'',1,3000,4,'',1,9800,4,'',1,9400,4,'',1,10000,4,'',1,10000,4,'',1,10000,4,'',1,10000,4,'',1
'20231010multint',13301,70820,,'',0,2620,,'',0,2500,,'',0,6980,,'',0
'20231010multint',29001,71200,4,'',0,3500,4,'',0,6800,4,'',0,3000,4,'',0
'20231010multint',80003,53200,,'',1,1500,,'',1,5400,,'',1,1500,,'',1,1500,,'',1,1400,,'',1,1100,,'',1,4900,,'',1,700,,'',1,800,,'',1,800,,'',1,700,,'',1,800,,'',1,800,,'',1,800,,'',1,4700,,'',1,800,,'',1,900,,'',1,800,,'',1,1000,,'',1,1000,,'',1,5100,,'',1,1000,,'',1,1000,,'',1,1000,,'',1,1000,,'',1,1000,,'',1,5000,,'',1,1000,,'',1,1000,,'',1,1000,,'',1,1000,,'',1,1000,,'',1,5000,,'',1,1000,,'',1,1000,,'',1,1000,,'',1,1000,,'',1,1000,,'',1,5000,,'',1,1000,,'',1,1000,,'',1,1000,,'',1,1000,,'',1,1000,,'',1,4900,,'',1,1000,,'',1,1000,,'',1,1000,,'',1,1000,,'',1,1000,,'',1,5000,,'',1,1000,,'',1,1000,,'',1,900,,'',1,1000,,'',1,1000,,'',1,5000,,'',1,1000,,'',1,1000,,'',1,1000,,'',1,1000,,'',1,1000,,'',1,5000,,'',1,1000,,'',1,1000,,'',1,1000,,'',1,1000,,'',1,1000,,'',1,5000,,'',1,1100,,'',1,1400,,'',1,1200,,'',1,1300,,'',1,5600,,'',1,1500,,'',1,1500,,'',1,1600,,'',1,5600,,'',1,1500,,'',1,1500,,'',1,1500,,'',1,5500,,'',1,1500,,'',1,1500,,'',1,1500,,'',1,5500,,'',1,1600,,'',1,1500,,'',1,1500,,'',1,5600,,'',1,1500,,'',1,1500,,'',1,1500,,'',1,5500,,'',1,1500,,'',1,1500,,'',1,1500,,'',1,5500,,'',1,1500,,'',1,1500,,'',1,1400,,'',1
'20231510multint',80003,54800,,'',1,5500,,'',1,1500,,'',1,1500,,'',1,1400,,'',1,5500,,'',1,1500,,'',1,1500,,'',1,1500,,'',1,5500,,'',1,1400,,'',1,1500,,'',1,1500,,'',1,5500,,'',1,1500,,'',1,1500,,'',1,1500,,'',1,5500,,'',1,1500,,'',1,1500,,'',1,1500,,'',1,5500,,'',1,1400,,'',1,1500,,'',1,1500,,'',1,1400,,'',1,5500,,'',1,1500,,'',1,1500,,'',1,1500,,'',1,5500,,'',1,1500,,'',1,1500,,'',1,1500,,'',1,5500,,'',1,1500,,'',1,1500,,'',1,1500,,'',1,5500,,'',1,1500,,'',1,1500,,'',1,1500,,'',1,5500,,'',1,1500,,'',1,1500,,'',1,1500,,'',1,5500,,'',1,1600,,'',1,1500,,'',1,5500,,'',1,1500,,'',1,1500,,'',1,1500,,'',1,5500,,'',1,1600,,'',1,1500,,'',1,1500,,'',1,5500,,'',1,1600,,'',1,1500,,'',1,1500,,'',1,5500,,'',1,1500,,'',1,1500,,'',1,1500,,'',1,5500,,'',1,1500,,'',1,1600,,'',1,1500,,'',1,5500,,'',1,1500,,'',1,1500,,'',1,1500,,'',1,5500,,'',1,1500,,'',1,1500,,'',1,1500,,'',1
'20231610multint',80003,54800,,'',1,5500,,'',1,1500,,'',1,1500,,'',1,1400,,'',1,5500,,'',1,1500,,'',1,1500,,'',1,1500,,'',1,5500,,'',1,1400,,'',1,1500,,'',1,1500,,'',1,5500,,'',1,1500,,'',1,1500,,'',1,1500,,'',1,5500,,'',1,1500,,'',1,1500,,'',1,1500,,'',1,5500,,'',1,1400,,'',1,1500,,'',1,1500,,'',1,1400,,'',1,5500,,'',1,1500,,'',1,1500,,'',1,1500,,'',1,5500,,'',1,1500,,'',1,1500,,'',1,1500,,'',1,5500,,'',1,1500,,'',1,1500,,'',1,1500,,'',1,5500,,'',1,1500,,'',1,1500,,'',1,1500,,'',1,5500,,'',1,1500,,'',1,1500,,'',1,1500,,'',1,5500,,'',1,1600,,'',1,1500,,'',1,5500,,'',1,1500,,'',1,1500,,'',1,1500,,'',1,5500,,'',1,1600,,'',1,1500,,'',1,1500,,'',1,5500,,'',1,1600,,'',1,1500,,'',1,1500,,'',1,5500,,'',1,1500,,'',1,1500,,'',1,1500,,'',1,5500,,'',1,1500,,'',1,1600,,'',1,1500,,'',1,5500,,'',1,1500,,'',1,1500,,'',1,1500,,'',1,5500,,'',1,1500,,'',1,1500,,'',1,1500,,'',1
