'20232010multint',7600,54400,4,'',1,10300,4,'',1,10400,4,'',1,7000,4,'',1,3200,4,'',1,6600,4,'',1,2800,4,'',1,10000,4,'',1,10000,4,'',1,10100,4,'',1,7000,4,'',1,3000,4,'',1,7000,4,'',1,10000,4,'',1,10000,4,'',1,3500,4,'',1,7300,4,'',1,2700,4,'',1,6800,4,'',1,3100,4,'',1,10600,4,'',1,9800,4,'',1,9900,4,'',1,9700,4,'',1,9700,4,'',1
'20232012multint',7600,54400,4,'',1,10300,4,'',1,10400,4,'',1,7000,4,'',1,3200,4,'',1,6600,4,'',1,2800,4,'',1,10000,4,'',1,10000,4,'',1,10100,4,'',1,7000,4,'',1,3000,4,'',1,7000,4,'',1,10000,4,'',1,10000,4,'',1,3500,4,'',1,7300,4,'',1,2700,4,'',1,6800,4,'',1,3100,4,'',1,10600,4,'',1,9800,4,'',1,9900,4,'',1,9700,4,'',1,9700,4,'',1
'20232510multint',7600,54800,4,'',1,10300,4,'',1,10200,4,'',1,7000,4,'',1,3100,4,'',1,7000,4,'',1,10000,4,'',1,10100,4,'',1,10000,4,'',1,7600,4,'',1,3000,4,'',1,7100,4,'',1,3100,4,'',1,10000,4,'',1,10000,4,'',1,7000,4,'',1,3000,4,'',1,7000,4,'',1,2800,4,'',1,2800,4,'',1,9600,4,'',1,9700,4,'',1,9900,4,'',1,9700,4,'',1,9900,4,'',1
'20232512multint',7600,54800,4,'',1,10300,4,'',1,10200,4,'',1,7000,4,'',1,3100,4,'',1,7000,4,'',1,10000,4,'',1,10100,4,'',1,10000,4,'',1,7600,4,'',1,3000,4,'',1,7100,4,'',1,3100,4,'',1,10000,4,'',1,10000,4,'',1,7000,4,'',1,3000,4,'',1,7000,4,'',1,2800,4,'',1,2800,4,'',1,9600,4,'',1,9700,4,'',1,9900,4,'',1,9700,4,'',1,9900,4,'',1
'20232610multint',7600,54800,4,'',1,10300,4,'',1,10200,4,'',1,7000,4,'',1,3100,4,'',1,7000,4,'',1,10000,4,'',1,10100,4,'',1,10000,4,'',1,7600,4,'',1,3000,4,'',1,7100,4,'',1,3100,4,'',1,10000,4,'',1,10000,4,'',1,7000,4,'',1,3000,4,'',1,7000,4,'',1,2800,4,'',1,2800,4,'',1,9600,4,'',1,9700,4,'',1,9900,4,'',1,9700,4,'',1,9900,4,'',1
'20232612multint',7600,54800,4,'',1,10300,4,'',1,10200,4,'',1,7000,4,'',1,3100,4,'',1,7000,4,'',1,10000,4,'',1,10100,4,'',1,10000,4,'',1,7600,4,'',1,3000,4,'',1,7100,4,'',1,3100,4,'',1,10000,4,'',1,10000,4,'',1,7000,4,'',1,3000,4,'',1,7000,4,'',1,2800,4,'',1,2800,4,'',1,9600,4,'',1,9700,4,'',1,9900,4,'',1,9700,4,'',1,9900,4,'',1
'20232010multint',8000,71100,4,'',0,3200,4,'',0,7000,4,'',0,3000,4,'',0,6900,4,'',0,2900,4,'',0,7000,4,'',0,3000,4,'',0,7000,4,'',0,3000,4,'',0,7000,4,'',0,3000,4,'',0,7000,4,'',0,3000,4,'',0,7000,4,'',0,3100,4,'',0,7000,4,'',0,3100,4,'',0,7100,4,'',0,3400,4,'',0,6900,4,'',0,2700,4,'',0,6900,4,'',0,2900,4,'',0,6800,4,'',0,3000,4,'',0,10000,4,'',0,10000,4,'',0,10000,4,'',0,10000,4,'',0,10000,4,'',0,7000,4,'',0
'20232012multint',8000,71100,4,'',0,3200,4,'',0,7000,4,'',0,3000,4,'',0,6900,4,'',0,2900,4,'',0,7000,4,'',0,3000,4,'',0,7000,4,'',0,3000,4,'',0,7000,4,'',0,3000,4,'',0,7000,4,'',0,3000,4,'',0,7000,4,'',0,3100,4,'',0,7000,4,'',0,3100,4,'',0,7100,4,'',0,3400,4,'',0,6900,4,'',0,2700,4,'',0,6900,4,'',0,2900,4,'',0,6800,4,'',0,3000,4,'',0,10000,4,'',0,10000,4,'',0,10000,4,'',0,10000,4,'',0,10000,4,'',0,7000,4,'',0
'20232510multint',8000,70800,4,'',0,3000,4,'',0,7100,4,'',0,3100,4,'',0,7000,4,'',0,3000,4,'',0,7000,4,'',0,3000,4,'',0,7000,4,'',0,3000,4,'',0,7000,4,'',0,3000,4,'',0,7000,4,'',0,3000,4,'',0,7000,4,'',0,3000,4,'',0,7000,4,'',0,3000,4,'',0,7000,4,'',0,3000,4,'',0,7000,4,'',0,3000,4,'',0,7000,4,'',0,3000,4,'',0,6900,4,'',0,3000,4,'',0,10000,4,'',0,10000,4,'',0,10000,4,'',0,10000,4,'',0,10000,4,'',0,7000,4,'',0
'20232512multint',8000,70800,4,'',0,3000,4,'',0,7100,4,'',0,3100,4,'',0,7000,4,'',0,3000,4,'',0,7000,4,'',0,3000,4,'',0,7000,4,'',0,3000,4,'',0,7000,4,'',0,3000,4,'',0,7000,4,'',0,3000,4,'',0,7000,4,'',0,3000,4,'',0,7000,4,'',0,3000,4,'',0,7000,4,'',0,3000,4,'',0,7000,4,'',0,3000,4,'',0,7000,4,'',0,3000,4,'',0,6900,4,'',0,3000,4,'',0,10000,4,'',0,10000,4,'',0,10000,4,'',0,10000,4,'',0,10000,4,'',0,7000,4,'',0
'20232610multint',8000,70800,4,'',0,3000,4,'',0,7100,4,'',0,3100,4,'',0,7000,4,'',0,3000,4,'',0,7000,4,'',0,3000,4,'',0,7000,4,'',0,3000,4,'',0,7000,4,'',0,3000,4,'',0,7000,4,'',0,3000,4,'',0,7000,4,'',0,3000,4,'',0,7000,4,'',0,3000,4,'',0,7000,4,'',0,3000,4,'',0,7000,4,'',0,3000,4,'',0,7000,4,'',0,3000,4,'',0,6900,4,'',0,3000,4,'',0,10000,4,'',0,10000,4,'',0,10000,4,'',0,10000,4,'',0,10000,4,'',0,7000,4,'',0
'20232612multint',8000,70800,4,'',0,3000,4,'',0,7100,4,'',0,3100,4,'',0,7000,4,'',0,3000,4,'',0,7000,4,'',0,3000,4,'',0,7000,4,'',0,3000,4,'',0,7000,4,'',0,3000,4,'',0,7000,4,'',0,3000,4,'',0,7000,4,'',0,3000,4,'',0,7000,4,'',0,3000,4,'',0,7000,4,'',0,3000,4,'',0,7000,4,'',0,3000,4,'',0,7000,4,'',0,3000,4,'',0,6900,4,'',0,3000,4,'',0,10000,4,'',0,10000,4,'',0,10000,4,'',0,10000,4,'',0,10000,4,'',0,7000,4,'',0
