'20232010multint',3600,80100,4,'',0,3000,4,'',0,7000,4,'',0,5700,4,'',0,10000,4,'',0,10100,4,'',0,10000,4,'',0,10000,4,'',0,14100,4,'',0,10300,4,'',0,3200,4,'',0,6900,4,'',0,2800,4,'',0,6800,4,'',0,2800,4,'',0,3000,4,'',0,10000,4,'',0,10000,4,'',0,9900,4,'',0,10000,4,'',0,9900,4,'',0,10000,4,'',0
'20232010multint',3601,60500,,'',0,3000,,'',0,6600,,'',0,2900,,'',0,7000,,'',0,10300,,'',0,10000,,'',0,10000,,'',0,10000,,'',0,10000,,'',0,10000,,'',0,9700,,'',0,5900,,'',0,14300,,'',0,10200,,'',0,10100,,'',0,10000,,'',0,10000,,'',0,10000,,'',0,10000,,'',0
'20232013multint',3600,80100,4,'',0,3000,4,'',0,7000,4,'',0,5700,4,'',0,10000,4,'',0,10100,4,'',0,10000,4,'',0,10000,4,'',0,14100,4,'',0,10300,4,'',0,3200,4,'',0,6900,4,'',0,2800,4,'',0,6800,4,'',0,2800,4,'',0,3000,4,'',0,10000,4,'',0,10000,4,'',0,9900,4,'',0,10000,4,'',0,9900,4,'',0,10000,4,'',0
'20232013multint',3601,60500,,'',0,3000,,'',0,6600,,'',0,2900,,'',0,7000,,'',0,10300,,'',0,10000,,'',0,10000,,'',0,10000,,'',0,10000,,'',0,10000,,'',0,9700,,'',0,5900,,'',0,14300,,'',0,10200,,'',0,10100,,'',0,10000,,'',0,10000,,'',0,10000,,'',0,10000,,'',0
'20232510multint',3600,75700,4,'',0,10100,4,'',0,10100,4,'',0,10000,4,'',0,10000,4,'',0,10000,4,'',0,10000,4,'',0,14100,4,'',0,10000,4,'',0,10000,4,'',0,5900,4,'',0,10000,4,'',0,9900,4,'',0,10000,4,'',0,9900,4,'',0,9900,4,'',0,10000,4,'',0,10000,4,'',0
'20232510multint',3601,60700,,'',0,9900,,'',0,9900,,'',0,9900,,'',0,10000,,'',0,10000,,'',0,10000,,'',0,10000,,'',0,10000,,'',0,10000,,'',0,10000,,'',0,10000,,'',0,10200,,'',0,10000,,'',0,10000,,'',0,10000,,'',0,10000,,'',0,10000,,'',0
'20232610multint',3600,85800,4,'',0,10100,4,'',0,10000,4,'',0,10000,4,'',0,10000,4,'',0,10000,4,'',0,14100,4,'',0,10000,4,'',0,10000,4,'',0,5900,4,'',0,10000,4,'',0,9900,4,'',0,10000,4,'',0,9900,4,'',0,9900,4,'',0,10000,4,'',0,10000,4,'',0
'20232610multint',3601,70600,,'',0,9900,,'',0,9900,,'',0,10000,,'',0,10000,,'',0,10000,,'',0,10000,,'',0,10000,,'',0,10000,,'',0,10000,,'',0,10000,,'',0,10200,,'',0,10000,,'',0,10000,,'',0,10000,,'',0,10000,,'',0,10000,,'',0
'20233010multint',3600,80100,4,'',0,3000,4,'',0,7000,4,'',0,5700,4,'',0,10000,4,'',0,10100,4,'',0,10000,4,'',0,10000,4,'',0,14100,4,'',0,10300,4,'',0,3200,4,'',0,6900,4,'',0,2800,4,'',0,6800,4,'',0,2800,4,'',0,3000,4,'',0,10000,4,'',0,10000,4,'',0,9900,4,'',0,10000,4,'',0,9900,4,'',0,10000,4,'',0
'20233010multint',3601,60500,,'',0,3000,,'',0,6600,,'',0,2900,,'',0,7000,,'',0,10300,,'',0,10000,,'',0,10000,,'',0,10000,,'',0,10000,,'',0,10000,,'',0,9700,,'',0,5900,,'',0,14300,,'',0,10200,,'',0,10100,,'',0,10000,,'',0,10000,,'',0,10000,,'',0,10000,,'',0
'20233510multint',3600,75700,4,'',0,10100,4,'',0,10100,4,'',0,10000,4,'',0,10000,4,'',0,10000,4,'',0,10000,4,'',0,14100,4,'',0,10000,4,'',0,10000,4,'',0,5900,4,'',0,10000,4,'',0,9900,4,'',0,10000,4,'',0,9900,4,'',0,9900,4,'',0,10000,4,'',0,10000,4,'',0
'20233510multint',3601,60700,,'',0,9900,,'',0,9900,,'',0,9900,,'',0,10000,,'',0,10000,,'',0,10000,,'',0,10000,,'',0,10000,,'',0,10000,,'',0,10000,,'',0,10000,,'',0,10200,,'',0,10000,,'',0,10000,,'',0,10000,,'',0,10000,,'',0,10000,,'',0
'20233610multint',3600,85800,4,'',0,10100,4,'',0,10000,4,'',0,10000,4,'',0,10000,4,'',0,10000,4,'',0,14100,4,'',0,10000,4,'',0,10000,4,'',0,5900,4,'',0,10000,4,'',0,9900,4,'',0,10000,4,'',0,9900,4,'',0,9900,4,'',0,10000,4,'',0,10000,4,'',0
'20233610multint',3601,70600,,'',0,9900,,'',0,9900,,'',0,10000,,'',0,10000,,'',0,10000,,'',0,10000,,'',0,10000,,'',0,10000,,'',0,10000,,'',0,10000,,'',0,10200,,'',0,10000,,'',0,10000,,'',0,10000,,'',0,10000,,'',0,10000,,'',0
'20232010multint',23600,162700,4,'',0,7300,4,'',0,1500,4,'',0,2500,4,'',0,6800,4,'',0,1000,4,'',0
'20232010multint',23601,62600,,'',0,2300,,'',0,5700,,'',0,2600,,'',0,2500,,'',0
'20232013multint',23600,162700,4,'',0,7300,4,'',0,1500,4,'',0,2500,4,'',0,6800,4,'',0,1000,4,'',0
'20232013multint',23601,62600,,'',0,2300,,'',0,5700,,'',0,2600,,'',0,2500,,'',0
'20233010multint',23600,163400,4,'',0,7000,4,'',0,1500,4,'',0,2500,4,'',0,6900,4,'',0,700,4,'',0
'20233010multint',23601,62400,,'',0,2400,,'',0,5400,,'',0,2400,,'',0,2700,,'',0
'20232013multint',33600,170100,4,'',0,9900,4,'',0
'20232013multint',33601,65000,,'',0
'20233010multint',33600,170300,4,'',0,2500,4,'',0,7400,4,'',0
'20233010multint',33601,64700,,'',0,6400,,'',0
'20232010multint',53000,162500,4,'',0,3300,4,'',0,8300,4,'',0,6300,4,'',0
'20232010multint',53001,63700,,'',0,1800,,'',0,7000,,'',0,7900,,'',0
'20232013multint',53000,162500,4,'',0,3300,4,'',0,8300,4,'',0,6300,4,'',0
'20232013multint',53001,63700,,'',0,1800,,'',0,7000,,'',0,7900,,'',0
'20233010multint',53000,162800,4,'',0,7800,4,'',0,4200,4,'',0,5800,4,'',0
'20233010multint',53001,63600,,'',0,1500,,'',0,7100,,'',0,7900,,'',0
'20232010multint',93600,261600,4,'',0
'20232013multint',93600,261600,4,'',0
'20232510multint',93600,261600,4,'',0
'20233010multint',93600,261800,4,'',0
'20233510multint',93600,261800,4,'',0
