'20232010multint',29001,64000,,'',0,7200,,'',0,3200,,'',0,7000,,'',0
'20232013multint',29001,64000,,'',0,7200,,'',0,3200,,'',0,7000,,'',0
'20233010multint',29001,63900,,'',0,6900,,'',0,3300,,'',0,7000,,'',0
'20232010multint',80400,64600,4,'',1,5500,4,'',1,1600,4,'',1,1500,4,'',1,1600,4,'',1,5500,4,'',1,1600,4,'',1,1600,4,'',1,1400,4,'',1,5400,4,'',1,1600,4,'',1,1500,4,'',1,1500,4,'',1,5600,4,'',1,1500,4,'',1,1500,4,'',1,1500,4,'',1,5500,4,'',1,1400,4,'',1,1500,4,'',1,1500,4,'',1,5400,4,'',1,1500,4,'',1,1500,4,'',1,1500,4,'',1,5500,4,'',1,1500,4,'',1,1500,4,'',1,1500,4,'',1,5500,4,'',1,1500,4,'',1,1500,4,'',1,1500,4,'',1,5500,4,'',1,1400,4,'',1,1300,4,'',1,1200,4,'',1,1200,4,'',1,5200,4,'',1,1000,4,'',1,1400,4,'',1,1100,4,'',1,1200,4,'',1,5200,4,'',1,1100,4,'',1,1300,4,'',1,1200,4,'',1,1300,4,'',1,5400,4,'',1,1500,4,'',1,1400,4,'',1,1500,4,'',1,5500,4,'',1,1500,4,'',1,1500,4,'',1,1500,4,'',1,5500,4,'',1,1500,4,'',1,1500,4,'',1,1500,4,'',1,5500,4,'',1,1500,4,'',1,1700,4,'',1,6400,4,'',1,3000,4,'',1,6900,4,'',1,3000,4,'',1,7000,4,'',1,3000,4,'',1,7000,4,'',1
'20232013multint',80400,64600,4,'',1,5500,4,'',1,1600,4,'',1,1500,4,'',1,1600,4,'',1,5500,4,'',1,1600,4,'',1,1600,4,'',1,1400,4,'',1,5400,4,'',1,1600,4,'',1,1500,4,'',1,1500,4,'',1,5600,4,'',1,1500,4,'',1,1500,4,'',1,1500,4,'',1,5500,4,'',1,1400,4,'',1,1500,4,'',1,1500,4,'',1,5400,4,'',1,1500,4,'',1,1500,4,'',1,1500,4,'',1,5500,4,'',1,1500,4,'',1,1500,4,'',1,1500,4,'',1,5500,4,'',1,1500,4,'',1,1500,4,'',1,1500,4,'',1,700,4,'',1,4800,4,'',1,1400,4,'',1,1300,4,'',1,1200,4,'',1,600,4,'',1,600,4,'',1,5200,4,'',1,1000,4,'',1,1400,4,'',1,1100,4,'',1,1200,4,'',1,5200,4,'',1,1100,4,'',1,1300,4,'',1,1200,4,'',1,1300,4,'',1,5400,4,'',1,1500,4,'',1,700,4,'',1,700,4,'',1,1500,4,'',1,5500,4,'',1,1500,4,'',1,1500,4,'',1,1500,4,'',1,5500,4,'',1,1500,4,'',1,1500,4,'',1,1500,4,'',1,5500,4,'',1,1500,4,'',1,1700,4,'',1,6400,4,'',1,3000,4,'',1,6900,4,'',1,3000,4,'',1,7000,4,'',1,3000,4,'',1,7000,4,'',1
'20232510multint',80400,72100,4,'',1,1500,4,'',1,1500,4,'',1,5500,4,'',1,1500,4,'',1,1500,4,'',1,1400,4,'',1,5500,4,'',1,1600,4,'',1,1500,4,'',1,1400,4,'',1,5400,4,'',1,1500,4,'',1,1500,4,'',1,1500,4,'',1,5500,4,'',1,1500,4,'',1,1500,4,'',1,1500,4,'',1,5600,4,'',1,1500,4,'',1,1500,4,'',1,1500,4,'',1,5500,4,'',1,1500,4,'',1,1500,4,'',1,1500,4,'',1,5500,4,'',1,1500,4,'',1,1500,4,'',1,1500,4,'',1,5500,4,'',1,1500,4,'',1,1500,4,'',1,1500,4,'',1,5500,4,'',1,1500,4,'',1,1500,4,'',1,1500,4,'',1,5500,4,'',1,1500,4,'',1,1500,4,'',1,1600,4,'',1,5500,4,'',1,1400,4,'',1,1600,4,'',1,6700,4,'',1,3000,4,'',1,6900,4,'',1,3000,4,'',1,7000,4,'',1,3000,4,'',1,7000,4,'',1,3000,4,'',1,6900,4,'',1,3000,4,'',1,7000,4,'',1,3000,4,'',1,7000,4,'',1
'20232610multint',80400,72100,4,'',1,1500,4,'',1,1500,4,'',1,5500,4,'',1,1500,4,'',1,1500,4,'',1,1400,4,'',1,5500,4,'',1,1600,4,'',1,1500,4,'',1,1400,4,'',1,5400,4,'',1,1500,4,'',1,1500,4,'',1,1500,4,'',1,5500,4,'',1,1500,4,'',1,1500,4,'',1,1500,4,'',1,5600,4,'',1,1500,4,'',1,1500,4,'',1,1500,4,'',1,5500,4,'',1,1500,4,'',1,1500,4,'',1,1500,4,'',1,5500,4,'',1,1500,4,'',1,1500,4,'',1,1500,4,'',1,5500,4,'',1,1500,4,'',1,1500,4,'',1,1500,4,'',1,5500,4,'',1,1500,4,'',1,1500,4,'',1,1500,4,'',1,5500,4,'',1,1500,4,'',1,1500,4,'',1,1600,4,'',1,5500,4,'',1,1400,4,'',1,1600,4,'',1,6700,4,'',1,3000,4,'',1,6900,4,'',1,3000,4,'',1,7000,4,'',1,3000,4,'',1,7000,4,'',1,3000,4,'',1,6900,4,'',1,3000,4,'',1,7000,4,'',1,3000,4,'',1,7000,4,'',1
'20233010multint',80400,64200,4,'',1,1500,4,'',1,5400,4,'',1,1600,4,'',1,1500,4,'',1,1200,4,'',1,5200,4,'',1,1100,4,'',1,1300,4,'',1,1300,4,'',1,1300,4,'',1,5200,4,'',1,1300,4,'',1,1200,4,'',1,1200,4,'',1,1200,4,'',1,5300,4,'',1,1400,4,'',1,1300,4,'',1,1200,4,'',1,5100,4,'',1,1200,4,'',1,1200,4,'',1,1200,4,'',1,1200,4,'',1,5200,4,'',1,1200,4,'',1,1000,4,'',1,1200,4,'',1,1100,4,'',1,1200,4,'',1,5300,4,'',1,1100,4,'',1,1200,4,'',1,1200,4,'',1,1200,4,'',1,5200,4,'',1,1200,4,'',1,1200,4,'',1,1200,4,'',1,1200,4,'',1,5200,4,'',1,1100,4,'',1,1100,4,'',1,1500,4,'',1,1200,4,'',1,5100,4,'',1,1200,4,'',1,1600,4,'',1,1200,4,'',1,5200,4,'',1,1100,4,'',1,1100,4,'',1,1100,4,'',1,1000,4,'',1,1200,4,'',1,5100,4,'',1,1200,4,'',1,1300,4,'',1,1600,4,'',1,5500,4,'',1,1600,4,'',1,1400,4,'',1,1500,4,'',1,5500,4,'',1,1400,4,'',1,1500,4,'',1,1400,4,'',1,5500,4,'',1,1500,4,'',1,1400,4,'',1,7100,4,'',1,3100,4,'',1,6900,4,'',1,3000,4,'',1,7000,4,'',1,3000,4,'',1,7000,4,'',1
'20233510multint',80400,72100,4,'',1,1500,4,'',1,1500,4,'',1,5500,4,'',1,1500,4,'',1,1500,4,'',1,1400,4,'',1,5600,4,'',1,1500,4,'',1,1500,4,'',1,1400,4,'',1,5500,4,'',1,1500,4,'',1,1500,4,'',1,1500,4,'',1,5500,4,'',1,1500,4,'',1,1500,4,'',1,1500,4,'',1,5500,4,'',1,1500,4,'',1,1500,4,'',1,1500,4,'',1,5500,4,'',1,1500,4,'',1,1500,4,'',1,1600,4,'',1,5500,4,'',1,1500,4,'',1,1500,4,'',1,1500,4,'',1,5500,4,'',1,1500,4,'',1,1500,4,'',1,1500,4,'',1,5500,4,'',1,1500,4,'',1,1500,4,'',1,1500,4,'',1,5400,4,'',1,1600,4,'',1,1500,4,'',1,1600,4,'',1,5500,4,'',1,1400,4,'',1,1600,4,'',1,6500,4,'',1,3000,4,'',1,7000,4,'',1,3000,4,'',1,7000,4,'',1,3000,4,'',1,7000,4,'',1,3000,4,'',1,6900,4,'',1,3000,4,'',1,7000,4,'',1,3000,4,'',1,7000,4,'',1
'20233610multint',80400,72100,4,'',1,1500,4,'',1,1500,4,'',1,5500,4,'',1,1500,4,'',1,1500,4,'',1,1400,4,'',1,5600,4,'',1,1500,4,'',1,1500,4,'',1,1400,4,'',1,5500,4,'',1,1500,4,'',1,1500,4,'',1,1500,4,'',1,5500,4,'',1,1500,4,'',1,1500,4,'',1,1500,4,'',1,5500,4,'',1,1500,4,'',1,1500,4,'',1,1500,4,'',1,5500,4,'',1,1500,4,'',1,1500,4,'',1,1600,4,'',1,5500,4,'',1,1500,4,'',1,1500,4,'',1,1500,4,'',1,5500,4,'',1,1500,4,'',1,1500,4,'',1,1500,4,'',1,5500,4,'',1,1500,4,'',1,1500,4,'',1,1500,4,'',1,5400,4,'',1,1600,4,'',1,1500,4,'',1,1600,4,'',1,5500,4,'',1,1400,4,'',1,1400,4,'',1,6700,4,'',1,3000,4,'',1,7000,4,'',1,3000,4,'',1,7000,4,'',1,3000,4,'',1,7000,4,'',1,3000,4,'',1,6900,4,'',1,3000,4,'',1,7000,4,'',1,3000,4,'',1,7000,4,'',1
'20232010multint',90400,260900,4,'',0
'20232013multint',90400,260900,4,'',0
'20232510multint',90400,260900,4,'',0
'20233010multint',90400,260900,4,'',0
'20233510multint',90400,260900,4,'',0
