'20232010multint',5902,72900,4,'',0,10000,4,'',0,9900,4,'',0,10000,4,'',0,10000,4,'',0,10100,4,'',0,10000,4,'',0,10200,4,'',0,10100,4,'',0,10700,4,'',0,10300,4,'',0,8700,4,'',0,9900,4,'',0,9900,4,'',0,10000,4,'',0,9900,4,'',0,10000,4,'',0
'20232012multint',5902,72900,4,'',0,10000,4,'',0,9900,4,'',0,10000,4,'',0,10000,4,'',0,10100,4,'',0,10000,4,'',0,10200,4,'',0,10100,4,'',0,10700,4,'',0,10300,4,'',0,8700,4,'',0,9900,4,'',0,9900,4,'',0,10000,4,'',0,9900,4,'',0,10000,4,'',0
'20232510multint',5902,82600,4,'',0,10100,4,'',0,10000,4,'',0,10000,4,'',0,10100,4,'',0,10000,4,'',0,10100,4,'',0,10000,4,'',0,10000,4,'',0,10000,4,'',0,9900,4,'',0,10000,4,'',0,10000,4,'',0,10000,4,'',0,10000,4,'',0
'20232512multint',5902,82600,4,'',0,10100,4,'',0,10000,4,'',0,10000,4,'',0,10100,4,'',0,10000,4,'',0,10100,4,'',0,10000,4,'',0,10000,4,'',0,10000,4,'',0,9900,4,'',0,10000,4,'',0,10000,4,'',0,10000,4,'',0,10000,4,'',0
'20232610multint',5902,82600,4,'',0,10100,4,'',0,10000,4,'',0,10000,4,'',0,10100,4,'',0,10000,4,'',0,10100,4,'',0,10000,4,'',0,10000,4,'',0,10000,4,'',0,9900,4,'',0,10000,4,'',0,10000,4,'',0,10000,4,'',0,10000,4,'',0
'20232612multint',5902,82600,4,'',0,10100,4,'',0,10000,4,'',0,10000,4,'',0,10100,4,'',0,10000,4,'',0,10100,4,'',0,10000,4,'',0,10000,4,'',0,10000,4,'',0,9900,4,'',0,10000,4,'',0,10000,4,'',0,10000,4,'',0,10000,4,'',0
'20232010multint',25000,153800,4,'',0,7200,4,'',0,1500,4,'',0,1600,4,'',0,7000,4,'',0,1300,4,'',0,1400,4,'',0,6900,4,'',0
'20232012multint',25000,153800,4,'',0,7200,4,'',0,1500,4,'',0,1600,4,'',0,7000,4,'',0,1300,4,'',0,1400,4,'',0,6900,4,'',0
'20232010multint',35000,164300,4,'',0,10000,4,'',0
'20232012multint',35000,164300,4,'',0,10000,4,'',0
'20232010multint',55000,170500,4,'',0,3000,4,'',0,6500,4,'',0
'20232012multint',55000,170500,4,'',0,3000,4,'',0,6500,4,'',0
'20232010multint',95002,260400,4,'',0,13000,4,'',0
'20232012multint',95002,260400,4,'',0,13000,4,'',0
'20232510multint',95002,260400,4,'',0,13000,4,'',0
'20232512multint',95002,260400,4,'',0,13000,4,'',0
