'20231030daily',28200,153630,4,'',0,7900,4,'',0,3600,4,'',0,7000,4,'',0,3400,4,'',0,5600,4,'',0
'20231031daily',28200,153630,4,'',0,7900,4,'',0,3600,4,'',0,7000,4,'',0,3400,4,'',0,5600,4,'',0
'20231101daily',28200,153630,4,'',0,7900,4,'',0,3600,4,'',0,7000,4,'',0,3400,4,'',0,5600,4,'',0
'20231102daily',28200,153630,4,'',0,7900,4,'',0,3600,4,'',0,7000,4,'',0,3400,4,'',0,5600,4,'',0
'20231103daily',28200,153630,4,'',0,7900,4,'',0,3600,4,'',0,7000,4,'',0,3400,4,'',0,5600,4,'',0
'20231106daily',28200,153630,4,'',0,7900,4,'',0,3600,4,'',0,7000,4,'',0,3400,4,'',0,5600,4,'',0
'20231107daily',28200,153630,4,'',0,7900,4,'',0,3600,4,'',0,7000,4,'',0,3400,4,'',0,5600,4,'',0
'20231108daily',28200,153630,4,'',0,7900,4,'',0,3600,4,'',0,7000,4,'',0,3400,4,'',0,5600,4,'',0
'20231109daily',28200,153630,4,'',0,7900,4,'',0,3600,4,'',0,7000,4,'',0,3400,4,'',0,5600,4,'',0
'20231110daily',28200,153630,4,'',0,7900,4,'',0,3600,4,'',0,7000,4,'',0,3400,4,'',0,5600,4,'',0
'20231113daily',28200,153630,4,'',0,7900,4,'',0,3600,4,'',0,7000,4,'',0,3400,4,'',0,5600,4,'',0
'20231114daily',28200,153630,4,'',0,7900,4,'',0,3600,4,'',0,7000,4,'',0,3400,4,'',0,5600,4,'',0
