'20230821daily',21403,161610,4,'',0,4100,4,'',0,5900,4,'',0,9300,4,'',0
'20230822daily',21403,161610,4,'',0,4100,4,'',0,5900,4,'',0,9300,4,'',0
'20230823daily',21403,161610,4,'',0,4100,4,'',0,5900,4,'',0,9300,4,'',0
'20230824daily',21403,161610,4,'',0,4100,4,'',0,5900,4,'',0,9300,4,'',0
'20230825daily',21403,161610,4,'',0,4100,4,'',0,5900,4,'',0,9300,4,'',0
'20230828daily',21403,155530,4,'',0,6180,4,'',0,4000,4,'',0,5900,4,'',0,9020,4,'',0
'20230829daily',21403,155530,4,'',0,6180,4,'',0,4000,4,'',0,5900,4,'',0,9020,4,'',0
'20230830daily',21403,155530,4,'',0,6180,4,'',0,4000,4,'',0,5900,4,'',0,9020,4,'',0
'20230831daily',21403,155530,4,'',0,6180,4,'',0,4000,4,'',0,5900,4,'',0,9020,4,'',0
'20230901daily',21403,155530,4,'',0,6180,4,'',0,4000,4,'',0,5900,4,'',0,9020,4,'',0
'20230905daily',21403,155530,4,'',0,6180,4,'',0,4000,4,'',0,5900,4,'',0,9020,4,'',0
'20230828daily',7001402,73100,,'',0
'20230829daily',7001402,73100,,'',0
'20230830daily',7001402,73100,,'',0
'20230831daily',7001402,73100,,'',0
'20230901daily',7001402,73100,,'',0
'20230905daily',7001402,73100,,'',0
