'20231113daily',28303,163330,4,'',0,7600,4,'',0,3010,4,'',0,8200,4,'',0
'20231114daily',28303,163330,4,'',0,7600,4,'',0,3010,4,'',0,8200,4,'',0
'20231115daily',28303,163330,4,'',0,7600,4,'',0,3010,4,'',0,8200,4,'',0
'20231116daily',28303,163330,4,'',0,7600,4,'',0,3010,4,'',0,8200,4,'',0
'20231117daily',28303,163330,4,'',0,7600,4,'',0,3010,4,'',0,8200,4,'',0
'20231120daily',28303,163330,4,'',0,7600,4,'',0,3010,4,'',0,8200,4,'',0
'20231121daily',28303,163330,4,'',0,7600,4,'',0,3010,4,'',0,8200,4,'',0
'20231122daily',28303,163330,4,'',0,7600,4,'',0,3010,4,'',0,8200,4,'',0
'20231123daily',28303,163330,4,'',0,7600,4,'',0,3010,4,'',0,8200,4,'',0
'20231124daily',28303,163330,4,'',0,7600,4,'',0,3010,4,'',0,8200,4,'',0
