'20230821daily',37200,161600,4,'',0,3700,4,'',0,15400,4,'',0
'20230822daily',37200,161600,4,'',0,3700,4,'',0,15400,4,'',0
'20230823daily',37200,161600,4,'',0,3700,4,'',0,15400,4,'',0
'20230824daily',37200,161600,4,'',0,3700,4,'',0,15400,4,'',0
'20230825daily',37200,161600,4,'',0,3700,4,'',0,15400,4,'',0
'20230828daily',37200,125000,4,'',0,36750,4,'',0,4000,4,'',0,15550,4,'',0,4600,4,'',0
'20230829daily',37200,125000,4,'',0,36750,4,'',0,4000,4,'',0,15550,4,'',0,4600,4,'',0
'20230830daily',37200,125000,4,'',0,36750,4,'',0,4000,4,'',0,15550,4,'',0,4600,4,'',0
'20230831daily',37200,125000,4,'',0,36750,4,'',0,4000,4,'',0,15550,4,'',0,4600,4,'',0
'20230901daily',37200,125000,4,'',0,36750,4,'',0,4000,4,'',0,15550,4,'',0,4600,4,'',0
'20230905daily',37200,125000,4,'',0,36750,4,'',0,4000,4,'',0,15550,4,'',0,4600,4,'',0
'20230821daily',57200,164900,4,'',0,8200,4,'',0,7210,4,'',0
'20230822daily',57200,164900,4,'',0,8200,4,'',0,7210,4,'',0
'20230823daily',57200,164900,4,'',0,8200,4,'',0,7210,4,'',0
'20230824daily',57200,164900,4,'',0,8200,4,'',0,7210,4,'',0
'20230825daily',57200,164900,4,'',0,8200,4,'',0,7210,4,'',0
'20230828daily',57200,165150,4,'',0,7850,4,'',0,7010,4,'',0
'20230829daily',57200,165150,4,'',0,7850,4,'',0,7010,4,'',0
'20230830daily',57200,165150,4,'',0,7850,4,'',0,7010,4,'',0
'20230831daily',57200,165150,4,'',0,7850,4,'',0,7010,4,'',0
'20230901daily',57200,165150,4,'',0,7850,4,'',0,7010,4,'',0
'20230905daily',57200,165150,4,'',0,7850,4,'',0,7010,4,'',0
