'20240513daily',27200,162730,4,'',0,7300,4,'',0,3000,4,'',0,7410,4,'',0
'20240514daily',27200,162730,4,'',0,7300,4,'',0,3000,4,'',0,7410,4,'',0,1800,4,'',0
'20240515daily',27200,162730,4,'',0,7300,4,'',0,3000,4,'',0,7410,4,'',0,1800,4,'',0
'20240516daily',27200,162730,4,'',0,7300,4,'',0,3000,4,'',0,7410,4,'',0,1800,4,'',0
'20240517daily',27200,162730,4,'',0,7300,4,'',0,3000,4,'',0,7410,4,'',0,1800,4,'',0
'20240521daily',27200,162730,4,'',0,7300,4,'',0,3000,4,'',0,7410,4,'',0,1800,4,'',0
'20240522daily',27200,162730,4,'',0,7300,4,'',0,3000,4,'',0,7410,4,'',0,1800,4,'',0
'20240523daily',27200,162730,4,'',0,7300,4,'',0,3000,4,'',0,7410,4,'',0,1800,4,'',0
'20240524daily',27200,162730,4,'',0,7300,4,'',0,3000,4,'',0,7410,4,'',0,1800,4,'',0
'20240527daily',27200,162730,4,'',0,7300,4,'',0,3000,4,'',0,7410,4,'',0,1800,4,'',0
'20240528daily',27200,162730,4,'',0,7300,4,'',0,3000,4,'',0,7410,4,'',0,1800,4,'',0
