'20231203daily',8200,74000,4,'',0,10000,4,'',0,30300,4,'',0,20000,4,'',0,20100,4,'',0,20200,4,'',0,19700,4,'',0,19900,4,'',0,26900,4,'',0
'20231203daily',8201,62600,,'',0,9900,,'',0,10000,,'',0,19900,,'',0,20000,,'',0,20000,,'',0,20100,,'',0,10100,,'',0,20100,,'',0,40000,,'',0
'20231204daily',8200,71400,4,'',0,3000,4,'',0,10000,4,'',0,9900,4,'',0,20100,4,'',0,20000,4,'',0,20500,4,'',0,17100,4,'',0,2900,4,'',0,6700,4,'',0,2900,4,'',0,6900,4,'',0,3000,4,'',0,10000,4,'',0,10000,4,'',0,10000,4,'',0,16800,4,'',0
'20231204daily',8201,52600,,'',0,2900,,'',0,6600,,'',0,2800,,'',0,6900,,'',0,3000,,'',0,27600,,'',0,20000,,'',0,20000,,'',0,12800,,'',0,10000,,'',0,17100,,'',0,10300,,'',0,23000,,'',0,17200,,'',0
'20231205daily',8200,71400,4,'',0,3000,4,'',0,10000,4,'',0,9900,4,'',0,20100,4,'',0,20000,4,'',0,20500,4,'',0,17100,4,'',0,2900,4,'',0,6700,4,'',0,2900,4,'',0,6900,4,'',0,3000,4,'',0,10000,4,'',0,10000,4,'',0,10000,4,'',0,16800,4,'',0
'20231205daily',8201,52600,,'',0,2900,,'',0,6600,,'',0,2800,,'',0,6900,,'',0,3000,,'',0,27600,,'',0,20000,,'',0,20000,,'',0,12800,,'',0,10000,,'',0,17100,,'',0,10300,,'',0,23000,,'',0,17200,,'',0
'20231206daily',8200,71400,4,'',0,3000,4,'',0,10000,4,'',0,9900,4,'',0,20100,4,'',0,20000,4,'',0,20500,4,'',0,17100,4,'',0,2900,4,'',0,6700,4,'',0,2900,4,'',0,6900,4,'',0,3000,4,'',0,10000,4,'',0,10000,4,'',0,10000,4,'',0,16800,4,'',0
'20231206daily',8201,52600,,'',0,2900,,'',0,6600,,'',0,2800,,'',0,6900,,'',0,3000,,'',0,27600,,'',0,20000,,'',0,20000,,'',0,12800,,'',0,10000,,'',0,17100,,'',0,10300,,'',0,23000,,'',0,17200,,'',0
'20231207daily',8200,71400,4,'',0,3000,4,'',0,10000,4,'',0,9900,4,'',0,20100,4,'',0,20000,4,'',0,20500,4,'',0,17100,4,'',0,2900,4,'',0,6700,4,'',0,2900,4,'',0,6900,4,'',0,3000,4,'',0,10000,4,'',0,10000,4,'',0,10000,4,'',0,16800,4,'',0
'20231207daily',8201,52600,,'',0,2900,,'',0,6600,,'',0,2800,,'',0,6900,,'',0,3000,,'',0,27600,,'',0,20000,,'',0,20000,,'',0,12800,,'',0,10000,,'',0,17100,,'',0,10300,,'',0,23000,,'',0,17200,,'',0
'20231208daily',8200,71400,4,'',0,3000,4,'',0,10000,4,'',0,9900,4,'',0,20100,4,'',0,20000,4,'',0,20500,4,'',0,17100,4,'',0,2900,4,'',0,6700,4,'',0,2900,4,'',0,6900,4,'',0,3000,4,'',0,10000,4,'',0,10000,4,'',0,10000,4,'',0,16800,4,'',0
'20231208daily',8201,52600,,'',0,2900,,'',0,6600,,'',0,2800,,'',0,6900,,'',0,3000,,'',0,27600,,'',0,20000,,'',0,20000,,'',0,12800,,'',0,10000,,'',0,17100,,'',0,10300,,'',0,23000,,'',0,17200,,'',0
'20231209daily',8200,74000,4,'',0,10000,4,'',0,30300,4,'',0,20000,4,'',0,20100,4,'',0,20200,4,'',0,19700,4,'',0,19900,4,'',0,26900,4,'',0
'20231209daily',8201,62600,,'',0,9900,,'',0,10000,,'',0,19900,,'',0,20000,,'',0,20000,,'',0,20100,,'',0,10100,,'',0,20100,,'',0,40000,,'',0
'20231210daily',8200,74000,4,'',0,10000,4,'',0,30300,4,'',0,20000,4,'',0,20100,4,'',0,20200,4,'',0,19700,4,'',0,19900,4,'',0,26900,4,'',0
'20231210daily',8201,62600,,'',0,9900,,'',0,10000,,'',0,19900,,'',0,20000,,'',0,20000,,'',0,20100,,'',0,10100,,'',0,20100,,'',0,40000,,'',0
'20231211daily',8200,71400,4,'',0,3000,4,'',0,10000,4,'',0,9900,4,'',0,20100,4,'',0,20000,4,'',0,20500,4,'',0,17100,4,'',0,2900,4,'',0,6700,4,'',0,2900,4,'',0,6900,4,'',0,3000,4,'',0,10000,4,'',0,10000,4,'',0,10000,4,'',0,16800,4,'',0
'20231211daily',8201,52600,,'',0,2900,,'',0,6600,,'',0,2800,,'',0,6900,,'',0,3000,,'',0,27600,,'',0,20000,,'',0,20000,,'',0,12800,,'',0,10000,,'',0,17100,,'',0,10300,,'',0,23000,,'',0,17200,,'',0
'20231212daily',8200,71400,4,'',0,3000,4,'',0,10000,4,'',0,9900,4,'',0,20100,4,'',0,20000,4,'',0,20500,4,'',0,17100,4,'',0,2900,4,'',0,6700,4,'',0,2900,4,'',0,6900,4,'',0,3000,4,'',0,10000,4,'',0,10000,4,'',0,10000,4,'',0,16800,4,'',0
'20231212daily',8201,52600,,'',0,2900,,'',0,6600,,'',0,2800,,'',0,6900,,'',0,3000,,'',0,27600,,'',0,20000,,'',0,20000,,'',0,12800,,'',0,10000,,'',0,17100,,'',0,10300,,'',0,23000,,'',0,17200,,'',0
'20231213daily',8200,71400,4,'',0,3000,4,'',0,10000,4,'',0,9900,4,'',0,20100,4,'',0,20000,4,'',0,20500,4,'',0,17100,4,'',0,2900,4,'',0,6700,4,'',0,2900,4,'',0,6900,4,'',0,3000,4,'',0,10000,4,'',0,10000,4,'',0,10000,4,'',0,16800,4,'',0
'20231213daily',8201,52600,,'',0,2900,,'',0,6600,,'',0,2800,,'',0,6900,,'',0,3000,,'',0,27600,,'',0,20000,,'',0,20000,,'',0,12800,,'',0,10000,,'',0,17100,,'',0,10300,,'',0,23000,,'',0,17200,,'',0
'20231214daily',8200,71400,4,'',0,3000,4,'',0,10000,4,'',0,9900,4,'',0,20100,4,'',0,20000,4,'',0,20500,4,'',0,17100,4,'',0,2900,4,'',0,6700,4,'',0,2900,4,'',0,6900,4,'',0,3000,4,'',0,10000,4,'',0,10000,4,'',0,10000,4,'',0,16800,4,'',0
'20231214daily',8201,52600,,'',0,2900,,'',0,6600,,'',0,2800,,'',0,6900,,'',0,3000,,'',0,27600,,'',0,20000,,'',0,20000,,'',0,12800,,'',0,10000,,'',0,17100,,'',0,10300,,'',0,23000,,'',0,17200,,'',0
'20231215daily',8200,71400,4,'',0,3000,4,'',0,10000,4,'',0,9900,4,'',0,20100,4,'',0,20000,4,'',0,20500,4,'',0,17100,4,'',0,2900,4,'',0,6700,4,'',0,2900,4,'',0,6900,4,'',0,3000,4,'',0,10000,4,'',0,10000,4,'',0,10000,4,'',0,16800,4,'',0
'20231215daily',8201,52600,,'',0,2900,,'',0,6600,,'',0,2800,,'',0,6900,,'',0,3000,,'',0,27600,,'',0,20000,,'',0,20000,,'',0,12800,,'',0,10000,,'',0,17100,,'',0,10300,,'',0,23000,,'',0,17200,,'',0
'20231216daily',8200,74000,4,'',0,10000,4,'',0,30300,4,'',0,20000,4,'',0,20100,4,'',0,20200,4,'',0,19700,4,'',0,19900,4,'',0,26900,4,'',0
'20231216daily',8201,62600,,'',0,9900,,'',0,10000,,'',0,19900,,'',0,20000,,'',0,20000,,'',0,20100,,'',0,10100,,'',0,20100,,'',0,40000,,'',0
'20231217daily',8200,74000,4,'',0,10000,4,'',0,30300,4,'',0,20000,4,'',0,20100,4,'',0,20200,4,'',0,19700,4,'',0,19900,4,'',0,26900,4,'',0
'20231217daily',8201,62600,,'',0,9900,,'',0,10000,,'',0,19900,,'',0,20000,,'',0,20000,,'',0,20100,,'',0,10100,,'',0,20100,,'',0,40000,,'',0
'20231218daily',8200,71400,4,'',0,3000,4,'',0,10000,4,'',0,9900,4,'',0,20100,4,'',0,20000,4,'',0,20500,4,'',0,17100,4,'',0,2900,4,'',0,6700,4,'',0,2900,4,'',0,6900,4,'',0,3000,4,'',0,10000,4,'',0,10000,4,'',0,10000,4,'',0,16800,4,'',0
'20231218daily',8201,52600,,'',0,2900,,'',0,6600,,'',0,2800,,'',0,6900,,'',0,3000,,'',0,27600,,'',0,20000,,'',0,20000,,'',0,12800,,'',0,10000,,'',0,17100,,'',0,10300,,'',0,23000,,'',0,17200,,'',0
'20231204daily',28200,155600,4,'',0,8000,4,'',0,7500,4,'',0,3300,4,'',0,7100,4,'',0,1500,4,'',0
'20231204daily',28201,60100,,'',0,2600,,'',0,2600,,'',0,6400,,'',0,8700,,'',0
'20231205daily',28200,155600,4,'',0,8000,4,'',0,7500,4,'',0,3300,4,'',0,7100,4,'',0,1500,4,'',0
'20231205daily',28201,60100,,'',0,2600,,'',0,2600,,'',0,6400,,'',0,8700,,'',0
'20231206daily',28200,155600,4,'',0,8000,4,'',0,7500,4,'',0,3300,4,'',0,7100,4,'',0,1500,4,'',0
'20231206daily',28201,60100,,'',0,2600,,'',0,2600,,'',0,6400,,'',0,8700,,'',0
'20231207daily',28200,155600,4,'',0,8000,4,'',0,7500,4,'',0,3300,4,'',0,7100,4,'',0,1500,4,'',0
'20231207daily',28201,60100,,'',0,2600,,'',0,2600,,'',0,6400,,'',0,8700,,'',0
'20231208daily',28200,155600,4,'',0,8000,4,'',0,7500,4,'',0,3300,4,'',0,7100,4,'',0,1500,4,'',0
'20231208daily',28201,60100,,'',0,2600,,'',0,2600,,'',0,6400,,'',0,8700,,'',0
'20231211daily',28200,155600,4,'',0,8000,4,'',0,7500,4,'',0,3300,4,'',0,7100,4,'',0,1500,4,'',0
'20231211daily',28201,60100,,'',0,2600,,'',0,2600,,'',0,6400,,'',0,8700,,'',0
'20231212daily',28200,155600,4,'',0,8000,4,'',0,7500,4,'',0,3300,4,'',0,7100,4,'',0,1500,4,'',0
'20231212daily',28201,60100,,'',0,2600,,'',0,2600,,'',0,6400,,'',0,8700,,'',0
'20231213daily',28200,155600,4,'',0,8000,4,'',0,7500,4,'',0,3300,4,'',0,7100,4,'',0,1500,4,'',0
'20231213daily',28201,60100,,'',0,2600,,'',0,2600,,'',0,6400,,'',0,8700,,'',0
'20231214daily',28200,155600,4,'',0,8000,4,'',0,7500,4,'',0,3300,4,'',0,7100,4,'',0,1500,4,'',0
'20231214daily',28201,60100,,'',0,2600,,'',0,2600,,'',0,6400,,'',0,8700,,'',0
'20231215daily',28200,155600,4,'',0,8000,4,'',0,7500,4,'',0,3300,4,'',0,7100,4,'',0,1500,4,'',0
'20231215daily',28201,60100,,'',0,2600,,'',0,2600,,'',0,6400,,'',0,8700,,'',0
'20231218daily',28200,155600,4,'',0,8000,4,'',0,7500,4,'',0,3300,4,'',0,7100,4,'',0,1500,4,'',0
'20231218daily',28201,60100,,'',0,2600,,'',0,2600,,'',0,6400,,'',0,8700,,'',0
'20231204daily',37200,130100,4,'',0,33000,4,'',0,7700,4,'',0,11700,4,'',0,8400,4,'',0
'20231204daily',37201,62700,,'',0,2400,,'',0,6300,,'',0,14400,,'',0,24200,,'',0
'20231205daily',37200,130100,4,'',0,33000,4,'',0,7700,4,'',0,11700,4,'',0,8400,4,'',0
'20231205daily',37201,62700,,'',0,2400,,'',0,6300,,'',0,14400,,'',0,24200,,'',0
'20231206daily',37200,130100,4,'',0,33000,4,'',0,7700,4,'',0,11700,4,'',0,8400,4,'',0
'20231206daily',37201,62700,,'',0,2400,,'',0,6300,,'',0,14400,,'',0,24200,,'',0
'20231207daily',37200,130100,4,'',0,33000,4,'',0,7700,4,'',0,11700,4,'',0,8400,4,'',0
'20231207daily',37201,62700,,'',0,2400,,'',0,6300,,'',0,14400,,'',0,24200,,'',0
'20231208daily',37200,130100,4,'',0,33000,4,'',0,7700,4,'',0,11700,4,'',0,8400,4,'',0
'20231208daily',37201,62700,,'',0,2400,,'',0,6300,,'',0,14400,,'',0,24200,,'',0
'20231211daily',37200,130100,4,'',0,33000,4,'',0,7700,4,'',0,11700,4,'',0,8400,4,'',0
'20231211daily',37201,62700,,'',0,2400,,'',0,6300,,'',0,14400,,'',0,24200,,'',0
'20231212daily',37200,130100,4,'',0,33000,4,'',0,7700,4,'',0,11700,4,'',0,8400,4,'',0
'20231212daily',37201,62700,,'',0,2400,,'',0,6300,,'',0,14400,,'',0,24200,,'',0
'20231213daily',37200,130100,4,'',0,33000,4,'',0,7700,4,'',0,11700,4,'',0,8400,4,'',0
'20231213daily',37201,62700,,'',0,2400,,'',0,6300,,'',0,14400,,'',0,24200,,'',0
'20231214daily',37200,130100,4,'',0,33000,4,'',0,7700,4,'',0,11700,4,'',0,8400,4,'',0
'20231214daily',37201,62700,,'',0,2400,,'',0,6300,,'',0,14400,,'',0,24200,,'',0
'20231215daily',37200,130100,4,'',0,33000,4,'',0,7700,4,'',0,11700,4,'',0,8400,4,'',0
'20231215daily',37201,62700,,'',0,2400,,'',0,6300,,'',0,14400,,'',0,24200,,'',0
'20231218daily',37200,130100,4,'',0,33000,4,'',0,7700,4,'',0,11700,4,'',0,8400,4,'',0
'20231218daily',37201,62700,,'',0,2400,,'',0,6300,,'',0,14400,,'',0,24200,,'',0
'20231204daily',57200,170400,4,'',0,3800,4,'',0,7100,4,'',0
'20231204daily',57201,62400,,'',0,2800,,'',0,6800,,'',0
'20231205daily',57200,170400,4,'',0,3800,4,'',0,7100,4,'',0
'20231205daily',57201,62400,,'',0,2800,,'',0,6800,,'',0
'20231206daily',57200,170400,4,'',0,3800,4,'',0,7100,4,'',0
'20231206daily',57201,62400,,'',0,2800,,'',0,6800,,'',0
'20231207daily',57200,170400,4,'',0,3800,4,'',0,7100,4,'',0
'20231207daily',57201,62400,,'',0,2800,,'',0,6800,,'',0
'20231208daily',57200,170400,4,'',0,3800,4,'',0,7100,4,'',0
'20231208daily',57201,62400,,'',0,2800,,'',0,6800,,'',0
'20231211daily',57200,170400,4,'',0,3800,4,'',0,7100,4,'',0
'20231211daily',57201,62400,,'',0,2800,,'',0,6800,,'',0
'20231212daily',57200,170400,4,'',0,3800,4,'',0,7100,4,'',0
'20231212daily',57201,62400,,'',0,2800,,'',0,6800,,'',0
'20231213daily',57200,170400,4,'',0,3800,4,'',0,7100,4,'',0
'20231213daily',57201,62400,,'',0,2800,,'',0,6800,,'',0
'20231214daily',57200,170400,4,'',0,3800,4,'',0,7100,4,'',0
'20231214daily',57201,62400,,'',0,2800,,'',0,6800,,'',0
'20231215daily',57200,170400,4,'',0,3800,4,'',0,7100,4,'',0
'20231215daily',57201,62400,,'',0,2800,,'',0,6800,,'',0
'20231218daily',57200,170400,4,'',0,3800,4,'',0,7100,4,'',0
'20231218daily',57201,62400,,'',0,2800,,'',0,6800,,'',0
