'20230710daily',8200,70730,,'',0,3100,,'',0,9900,,'',0,9890,,'',0,20000,,'',0,20110,,'',0,20510,,'',0,17300,,'',0,2790,,'',0,6500,,'',0,2900,,'',0,7000,,'',0,3000,,'',0,10000,,'',0,10000,,'',0,10000,,'',0,16900,,'',0
'20230711daily',8200,70730,,'',0,3100,,'',0,9900,,'',0,9890,,'',0,20000,,'',0,20110,,'',0,20510,,'',0,17300,,'',0,2790,,'',0,6500,,'',0,2900,,'',0,7000,,'',0,3000,,'',0,10000,,'',0,10000,,'',0,10000,,'',0,16900,,'',0
'20230712daily',8200,70730,,'',0,3100,,'',0,9900,,'',0,9890,,'',0,20000,,'',0,20110,,'',0,20510,,'',0,17300,,'',0,2790,,'',0,6500,,'',0,2900,,'',0,7000,,'',0,3000,,'',0,10000,,'',0,10000,,'',0,10000,,'',0,16900,,'',0
'20230713daily',8200,70730,,'',0,3100,,'',0,9900,,'',0,9890,,'',0,20000,,'',0,20110,,'',0,20510,,'',0,17300,,'',0,2790,,'',0,6500,,'',0,2900,,'',0,7000,,'',0,3000,,'',0,10000,,'',0,10000,,'',0,10000,,'',0,16900,,'',0
'20230714daily',8200,70730,,'',0,3100,,'',0,9900,,'',0,9890,,'',0,20000,,'',0,20110,,'',0,20510,,'',0,17300,,'',0,2790,,'',0,6500,,'',0,2900,,'',0,7000,,'',0,3000,,'',0,10000,,'',0,10000,,'',0,10000,,'',0,16900,,'',0
'20230710daily',28200,155800,4,'',0,7500,4,'',0,7500,4,'',0,2900,4,'',0,7150,4,'',0,1800,4,'',0
'20230711daily',28200,155800,4,'',0,7500,4,'',0,7500,4,'',0,2900,4,'',0,7150,4,'',0,1800,4,'',0
'20230712daily',28200,155800,4,'',0,7500,4,'',0,7500,4,'',0,2900,4,'',0,7150,4,'',0,1800,4,'',0
'20230713daily',28200,155800,4,'',0,7500,4,'',0,7500,4,'',0,2900,4,'',0,7150,4,'',0,1800,4,'',0
'20230714daily',28200,155800,4,'',0,7500,4,'',0,7500,4,'',0,2900,4,'',0,7150,4,'',0,1800,4,'',0
'20230717daily',28200,155800,4,'',0,7500,4,'',0,7500,4,'',0,2900,4,'',0,7150,4,'',0,1800,4,'',0
'20230718daily',28200,155800,4,'',0,7500,4,'',0,7500,4,'',0,2900,4,'',0,7150,4,'',0,1800,4,'',0
'20230719daily',28200,155800,4,'',0,7500,4,'',0,7500,4,'',0,2900,4,'',0,7150,4,'',0,1800,4,'',0
'20230720daily',28200,155800,4,'',0,7500,4,'',0,7500,4,'',0,2900,4,'',0,7150,4,'',0,1800,4,'',0
'20230721daily',28200,155800,4,'',0,7500,4,'',0,7500,4,'',0,2900,4,'',0,7150,4,'',0,1800,4,'',0
'20230724daily',28200,155800,4,'',0,7500,4,'',0,7500,4,'',0,2900,4,'',0,7150,4,'',0,1800,4,'',0
'20230725daily',28200,155800,4,'',0,7500,4,'',0,7500,4,'',0,2900,4,'',0,7150,4,'',0,1800,4,'',0
'20230710daily',57200,170000,4,'',0,3950,4,'',0,7100,4,'',0
'20230711daily',57200,170000,4,'',0,3950,4,'',0,7100,4,'',0
'20230712daily',57200,170000,4,'',0,3950,4,'',0,7100,4,'',0
'20230713daily',57200,170000,4,'',0,3950,4,'',0,7100,4,'',0
'20230714daily',57200,170000,4,'',0,3950,4,'',0,7100,4,'',0
'20230717daily',57200,170000,4,'',0,3950,4,'',0,7100,4,'',0
'20230718daily',57200,170000,4,'',0,3950,4,'',0,7100,4,'',0
'20230719daily',57200,170000,4,'',0,3950,4,'',0,7100,4,'',0
'20230720daily',57200,170000,4,'',0,3950,4,'',0,7100,4,'',0
'20230721daily',57200,170000,4,'',0,3950,4,'',0,7100,4,'',0
'20230724daily',57200,170000,4,'',0,3950,4,'',0,7100,4,'',0
'20230725daily',57200,170000,4,'',0,3950,4,'',0,7100,4,'',0
