'20231211daily',27200,162800,4,'',0,7600,4,'',0,2800,4,'',0,7100,4,'',0,1900,4,'',0
'20231212daily',27200,162800,4,'',0,7600,4,'',0,2800,4,'',0,7100,4,'',0,1900,4,'',0
'20231213daily',27200,162800,4,'',0,7600,4,'',0,2800,4,'',0,7100,4,'',0,1900,4,'',0
'20231214daily',27200,162800,4,'',0,7600,4,'',0,2800,4,'',0,7100,4,'',0,1900,4,'',0
'20231215daily',27200,162800,4,'',0,7600,4,'',0,2800,4,'',0,7100,4,'',0,1900,4,'',0
'20231218daily',27200,162800,4,'',0,7600,4,'',0,2800,4,'',0,7100,4,'',0,1900,4,'',0
'20231219daily',27200,162800,4,'',0,7600,4,'',0,2800,4,'',0,7100,4,'',0,1900,4,'',0
'20231220daily',27200,162800,4,'',0,7600,4,'',0,2800,4,'',0,7100,4,'',0,1900,4,'',0
'20231221daily',27200,162800,4,'',0,7600,4,'',0,2800,4,'',0,7100,4,'',0,1900,4,'',0
'20240612multint',27200,162800,4,'',0,7600,4,'',0
