'20230220daily',7600,51100,,'',1,10000,,'',1,10000,,'',1,2800,,'',1,7400,,'',1,3200,,'',1,7200,,'',1,9800,,'',1,10000,,'',1,9900,,'',1,3000,,'',1,7000,,'',1,2900,,'',1,9900,,'',1,9300,,'',1,7200,,'',1,3800,,'',1,7300,,'',1,2900,,'',1,9800,,'',1,9900,,'',1,9800,,'',1,9900,,'',1,10000,,'',1
'20230220daily',7601,60200,4,'',1,9900,4,'',1,3200,4,'',1,7300,4,'',1,3200,4,'',1,6700,4,'',1,10000,4,'',1,10000,4,'',1,10100,4,'',1,3000,4,'',1,7000,4,'',1,2800,4,'',1,9800,4,'',1,9800,4,'',1,7500,4,'',1,3000,4,'',1,7300,4,'',1,3200,4,'',1,7100,4,'',1,2800,4,'',1,9800,4,'',1,9900,4,'',1,10000,4,'',1,9900,4,'',1,10000,4,'',1
'20230221daily',7600,51100,,'',1,10000,,'',1,10000,,'',1,2800,,'',1,7400,,'',1,3200,,'',1,7200,,'',1,9800,,'',1,10000,,'',1,9900,,'',1,3000,,'',1,7000,,'',1,2900,,'',1,9900,,'',1,9300,,'',1,7200,,'',1,3800,,'',1,7300,,'',1,2900,,'',1,9800,,'',1,9900,,'',1,9800,,'',1,9900,,'',1,10000,,'',1
'20230221daily',7601,60200,4,'',1,9900,4,'',1,3200,4,'',1,7300,4,'',1,3200,4,'',1,6700,4,'',1,10000,4,'',1,10000,4,'',1,10100,4,'',1,3000,4,'',1,7000,4,'',1,2800,4,'',1,9800,4,'',1,9800,4,'',1,7500,4,'',1,3000,4,'',1,7300,4,'',1,3200,4,'',1,7100,4,'',1,2800,4,'',1,9800,4,'',1,9900,4,'',1,10000,4,'',1,9900,4,'',1,10000,4,'',1
'20230222daily',7600,51100,,'',1,10000,,'',1,10000,,'',1,2800,,'',1,7400,,'',1,3200,,'',1,7200,,'',1,9800,,'',1,10000,,'',1,9900,,'',1,3000,,'',1,7000,,'',1,2900,,'',1,9900,,'',1,9300,,'',1,7200,,'',1,3800,,'',1,7300,,'',1,2900,,'',1,9800,,'',1,9900,,'',1,9800,,'',1,9900,,'',1,10000,,'',1
'20230222daily',7601,60200,4,'',1,9900,4,'',1,3200,4,'',1,7300,4,'',1,3200,4,'',1,6700,4,'',1,10000,4,'',1,10000,4,'',1,10100,4,'',1,3000,4,'',1,7000,4,'',1,2800,4,'',1,9800,4,'',1,9800,4,'',1,7500,4,'',1,3000,4,'',1,7300,4,'',1,3200,4,'',1,7100,4,'',1,2800,4,'',1,9800,4,'',1,9900,4,'',1,10000,4,'',1,9900,4,'',1,10000,4,'',1
'20230223daily',7600,51100,,'',1,10000,,'',1,10000,,'',1,2800,,'',1,7400,,'',1,3200,,'',1,7200,,'',1,9800,,'',1,10000,,'',1,9900,,'',1,3000,,'',1,7000,,'',1,2900,,'',1,9900,,'',1,9300,,'',1,7200,,'',1,3800,,'',1,7300,,'',1,2900,,'',1,9800,,'',1,9900,,'',1,9800,,'',1,9900,,'',1,10000,,'',1
'20230223daily',7601,60200,4,'',1,9900,4,'',1,3200,4,'',1,7300,4,'',1,3200,4,'',1,6700,4,'',1,10000,4,'',1,10000,4,'',1,10100,4,'',1,3000,4,'',1,7000,4,'',1,2800,4,'',1,9800,4,'',1,9800,4,'',1,7500,4,'',1,3000,4,'',1,7300,4,'',1,3200,4,'',1,7100,4,'',1,2800,4,'',1,9800,4,'',1,9900,4,'',1,10000,4,'',1,9900,4,'',1,10000,4,'',1
'20230224daily',7600,51100,,'',1,10000,,'',1,10000,,'',1,2800,,'',1,7400,,'',1,3200,,'',1,7200,,'',1,9800,,'',1,10000,,'',1,9900,,'',1,3000,,'',1,7000,,'',1,2900,,'',1,9900,,'',1,9300,,'',1,7200,,'',1,3800,,'',1,7300,,'',1,2900,,'',1,9800,,'',1,9900,,'',1,9800,,'',1,9900,,'',1,10000,,'',1
'20230224daily',7601,60200,4,'',1,9900,4,'',1,3200,4,'',1,7300,4,'',1,3200,4,'',1,6700,4,'',1,10000,4,'',1,10000,4,'',1,10100,4,'',1,3000,4,'',1,7000,4,'',1,2800,4,'',1,9800,4,'',1,9800,4,'',1,7500,4,'',1,3000,4,'',1,7300,4,'',1,3200,4,'',1,7100,4,'',1,2800,4,'',1,9800,4,'',1,9900,4,'',1,10000,4,'',1,9900,4,'',1,10000,4,'',1
'20230225daily',7600,52100,,'',1,9900,,'',1,10000,,'',1,3000,,'',1,7000,,'',1,3000,,'',1,10000,,'',1,10000,,'',1,10000,,'',1,7600,,'',1,3000,,'',1,7000,,'',1,3100,,'',1,10000,,'',1,10000,,'',1,7000,,'',1,3000,,'',1,7000,,'',1,3000,,'',1,6900,,'',1,9700,,'',1,9700,,'',1,10000,,'',1,9800,,'',1,9900,,'',1
'20230225daily',7601,61600,4,'',1,10000,4,'',1,10000,4,'',1,3000,4,'',1,7000,4,'',1,3000,4,'',1,10000,4,'',1,10000,4,'',1,10600,4,'',1,7000,4,'',1,3100,4,'',1,7000,4,'',1,3000,4,'',1,10000,4,'',1,10000,4,'',1,7000,4,'',1,3000,4,'',1,6900,4,'',1,3000,4,'',1,6700,4,'',1,9700,4,'',1,10000,4,'',1,9800,4,'',1,9900,4,'',1,10000,4,'',1
'20230226daily',7600,52100,,'',1,9900,,'',1,10000,,'',1,3000,,'',1,7000,,'',1,3000,,'',1,10000,,'',1,10000,,'',1,10000,,'',1,7600,,'',1,3000,,'',1,7000,,'',1,3100,,'',1,10000,,'',1,10000,,'',1,7000,,'',1,3000,,'',1,7000,,'',1,3000,,'',1,6900,,'',1,9700,,'',1,9700,,'',1,10000,,'',1,9800,,'',1,9900,,'',1
'20230226daily',7601,61600,4,'',1,10000,4,'',1,10000,4,'',1,3000,4,'',1,7000,4,'',1,3000,4,'',1,10000,4,'',1,10000,4,'',1,10600,4,'',1,7000,4,'',1,3100,4,'',1,7000,4,'',1,3000,4,'',1,10000,4,'',1,10000,4,'',1,7000,4,'',1,3000,4,'',1,6900,4,'',1,3000,4,'',1,6700,4,'',1,9700,4,'',1,10000,4,'',1,9800,4,'',1,9900,4,'',1,10000,4,'',1
'20230227daily',7600,51400,,'',1,10000,,'',1,10000,,'',1,2700,,'',1,7000,,'',1,3100,,'',1,7000,,'',1,10000,,'',1,9900,,'',1,10000,,'',1,3000,,'',1,7000,,'',1,3000,,'',1,10000,,'',1,10100,,'',1,7000,,'',1,3300,,'',1,7000,,'',1,2900,,'',1,7400,,'',1,10700,,'',1,9800,,'',1,10000,,'',1,9800,,'',1,9700,,'',1
'20230227daily',7601,55900,4,'',1,14300,4,'',1,3300,4,'',1,7100,4,'',1,3100,4,'',1,7000,4,'',1,10000,4,'',1,9900,4,'',1,10000,4,'',1,3000,4,'',1,7000,4,'',1,3000,4,'',1,9900,4,'',1,10100,4,'',1,6900,4,'',1,3000,4,'',1,7000,4,'',1,3100,4,'',1,6900,4,'',1,3100,4,'',1,8500,4,'',1,9800,4,'',1,10000,4,'',1,9800,4,'',1,9700,4,'',1,10000,4,'',1
'20230228daily',7600,51400,,'',1,10000,,'',1,10000,,'',1,2700,,'',1,7000,,'',1,3100,,'',1,7000,,'',1,10000,,'',1,9900,,'',1,10000,,'',1,3000,,'',1,7000,,'',1,3000,,'',1,10000,,'',1,10100,,'',1,7000,,'',1,3300,,'',1,7000,,'',1,2900,,'',1,7400,,'',1,10700,,'',1,9800,,'',1,10000,,'',1,9800,,'',1,9700,,'',1
'20230228daily',7601,55900,4,'',1,14300,4,'',1,3300,4,'',1,7100,4,'',1,3100,4,'',1,7000,4,'',1,10000,4,'',1,9900,4,'',1,10000,4,'',1,3000,4,'',1,7000,4,'',1,3000,4,'',1,9900,4,'',1,10100,4,'',1,6900,4,'',1,3000,4,'',1,7000,4,'',1,3100,4,'',1,6900,4,'',1,3100,4,'',1,8500,4,'',1,9800,4,'',1,10000,4,'',1,9800,4,'',1,9700,4,'',1,10000,4,'',1
'20230301daily',7600,51400,,'',1,10000,,'',1,10000,,'',1,2700,,'',1,7000,,'',1,3100,,'',1,7000,,'',1,10000,,'',1,9900,,'',1,10000,,'',1,3000,,'',1,7000,,'',1,3000,,'',1,10000,,'',1,10100,,'',1,7000,,'',1,3300,,'',1,7000,,'',1,2900,,'',1,7400,,'',1,10700,,'',1,9800,,'',1,10000,,'',1,9800,,'',1,9700,,'',1
'20230301daily',7601,55900,4,'',1,14300,4,'',1,3300,4,'',1,7100,4,'',1,3100,4,'',1,7000,4,'',1,10000,4,'',1,9900,4,'',1,10000,4,'',1,3000,4,'',1,7000,4,'',1,3000,4,'',1,9900,4,'',1,10100,4,'',1,6900,4,'',1,3000,4,'',1,7000,4,'',1,3100,4,'',1,6900,4,'',1,3100,4,'',1,8500,4,'',1,9800,4,'',1,10000,4,'',1,9800,4,'',1,9700,4,'',1,10000,4,'',1
'20230302daily',7600,51400,,'',1,10000,,'',1,10000,,'',1,2700,,'',1,7000,,'',1,3100,,'',1,7000,,'',1,10000,,'',1,9900,,'',1,10000,,'',1,3000,,'',1,7000,,'',1,3000,,'',1,10000,,'',1,10100,,'',1,7000,,'',1,3300,,'',1,7000,,'',1,2900,,'',1,7400,,'',1,10700,,'',1,9800,,'',1,10000,,'',1,9800,,'',1,9700,,'',1
'20230302daily',7601,55900,4,'',1,14300,4,'',1,3300,4,'',1,7100,4,'',1,3100,4,'',1,7000,4,'',1,10000,4,'',1,9900,4,'',1,10000,4,'',1,3000,4,'',1,7000,4,'',1,3000,4,'',1,9900,4,'',1,10100,4,'',1,6900,4,'',1,3000,4,'',1,7000,4,'',1,3100,4,'',1,6900,4,'',1,3100,4,'',1,8500,4,'',1,9800,4,'',1,10000,4,'',1,9800,4,'',1,9700,4,'',1,10000,4,'',1
'20230303daily',7600,51400,,'',1,10000,,'',1,10000,,'',1,2700,,'',1,7000,,'',1,3100,,'',1,7000,,'',1,10000,,'',1,9900,,'',1,10000,,'',1,3000,,'',1,7000,,'',1,3000,,'',1,10000,,'',1,10100,,'',1,7000,,'',1,3300,,'',1,7000,,'',1,2900,,'',1,7400,,'',1,10700,,'',1,9800,,'',1,10000,,'',1,9800,,'',1,9700,,'',1
'20230303daily',7601,55900,4,'',1,14300,4,'',1,3300,4,'',1,7100,4,'',1,3100,4,'',1,7000,4,'',1,10000,4,'',1,9900,4,'',1,10000,4,'',1,3000,4,'',1,7000,4,'',1,3000,4,'',1,9900,4,'',1,10100,4,'',1,6900,4,'',1,3000,4,'',1,7000,4,'',1,3100,4,'',1,6900,4,'',1,3100,4,'',1,8500,4,'',1,9800,4,'',1,10000,4,'',1,9800,4,'',1,9700,4,'',1,10000,4,'',1
'20230304daily',7600,52100,,'',1,9900,,'',1,10000,,'',1,3000,,'',1,7000,,'',1,3000,,'',1,10000,,'',1,10000,,'',1,10000,,'',1,7600,,'',1,3000,,'',1,7000,,'',1,3100,,'',1,10000,,'',1,10000,,'',1,7000,,'',1,3000,,'',1,7000,,'',1,3000,,'',1,6900,,'',1,9700,,'',1,9700,,'',1,10000,,'',1,9800,,'',1,9900,,'',1
'20230304daily',7601,61600,4,'',1,10000,4,'',1,10000,4,'',1,3000,4,'',1,7000,4,'',1,3000,4,'',1,10000,4,'',1,10000,4,'',1,10600,4,'',1,7000,4,'',1,3100,4,'',1,7000,4,'',1,3000,4,'',1,10000,4,'',1,10000,4,'',1,7000,4,'',1,3000,4,'',1,6900,4,'',1,3000,4,'',1,6700,4,'',1,9700,4,'',1,10000,4,'',1,9800,4,'',1,9900,4,'',1,10000,4,'',1
'20230305daily',7600,52100,,'',1,9900,,'',1,10000,,'',1,3000,,'',1,7000,,'',1,3000,,'',1,10000,,'',1,10000,,'',1,10000,,'',1,7600,,'',1,3000,,'',1,7000,,'',1,3100,,'',1,10000,,'',1,10000,,'',1,7000,,'',1,3000,,'',1,7000,,'',1,3000,,'',1,6900,,'',1,9700,,'',1,9700,,'',1,10000,,'',1,9800,,'',1,9900,,'',1
'20230305daily',7601,61600,4,'',1,10000,4,'',1,10000,4,'',1,3000,4,'',1,7000,4,'',1,3000,4,'',1,10000,4,'',1,10000,4,'',1,10600,4,'',1,7000,4,'',1,3100,4,'',1,7000,4,'',1,3000,4,'',1,10000,4,'',1,10000,4,'',1,7000,4,'',1,3000,4,'',1,6900,4,'',1,3000,4,'',1,6700,4,'',1,9700,4,'',1,10000,4,'',1,9800,4,'',1,9900,4,'',1,10000,4,'',1
'20230306daily',7600,51400,,'',1,10000,,'',1,10000,,'',1,2700,,'',1,7000,,'',1,3100,,'',1,7000,,'',1,10000,,'',1,9900,,'',1,10000,,'',1,3000,,'',1,7000,,'',1,3000,,'',1,10000,,'',1,10100,,'',1,7000,,'',1,3300,,'',1,7000,,'',1,2900,,'',1,7400,,'',1,10700,,'',1,9800,,'',1,10000,,'',1,9800,,'',1,9700,,'',1
'20230306daily',7601,55900,4,'',1,14300,4,'',1,3300,4,'',1,7100,4,'',1,3100,4,'',1,7000,4,'',1,10000,4,'',1,9900,4,'',1,10000,4,'',1,3000,4,'',1,7000,4,'',1,3000,4,'',1,9900,4,'',1,10100,4,'',1,6900,4,'',1,3000,4,'',1,7000,4,'',1,3100,4,'',1,6900,4,'',1,3100,4,'',1,8500,4,'',1,9800,4,'',1,10000,4,'',1,9800,4,'',1,9700,4,'',1,10000,4,'',1
'20230307daily',7600,51400,,'',1,10000,,'',1,10000,,'',1,2700,,'',1,7000,,'',1,3100,,'',1,7000,,'',1,10000,,'',1,9900,,'',1,10000,,'',1,3000,,'',1,7000,,'',1,3000,,'',1,10000,,'',1,10100,,'',1,7000,,'',1,3300,,'',1,7000,,'',1,2900,,'',1,7400,,'',1,10700,,'',1,9800,,'',1,10000,,'',1,9800,,'',1,9700,,'',1
'20230307daily',7601,55900,4,'',1,14300,4,'',1,3300,4,'',1,7100,4,'',1,3100,4,'',1,7000,4,'',1,10000,4,'',1,9900,4,'',1,10000,4,'',1,3000,4,'',1,7000,4,'',1,3000,4,'',1,9900,4,'',1,10100,4,'',1,6900,4,'',1,3000,4,'',1,7000,4,'',1,3100,4,'',1,6900,4,'',1,3100,4,'',1,8500,4,'',1,9800,4,'',1,10000,4,'',1,9800,4,'',1,9700,4,'',1,10000,4,'',1
