'20240103daily',28303,163130,4,'',0,7490,4,'',0,3310,4,'',0,8310,4,'',0
'20240104daily',28303,163130,4,'',0,7490,4,'',0,3310,4,'',0,8310,4,'',0
'20240105daily',28303,163130,4,'',0,7490,4,'',0,3310,4,'',0,8310,4,'',0
'20240108daily',28303,163130,4,'',0,7490,4,'',0,3310,4,'',0,8310,4,'',0
'20240109daily',28303,163130,4,'',0,7490,4,'',0,3310,4,'',0,8310,4,'',0
'20240110daily',28303,163130,4,'',0,7490,4,'',0,3310,4,'',0,8310,4,'',0
'20240111daily',28303,163130,4,'',0,7490,4,'',0,3310,4,'',0,8310,4,'',0
'20240112daily',28303,163130,4,'',0,7490,4,'',0,3310,4,'',0,8310,4,'',0
'20240115daily',28303,163130,4,'',0,7490,4,'',0,3310,4,'',0,8310,4,'',0
'20240116daily',28303,163130,4,'',0,7490,4,'',0,3310,4,'',0,8310,4,'',0
