'20230612daily',8200,64440,,'',0,7000,,'',0,10000,,'',0,3000,,'',0,7000,,'',0,10000,,'',0,10000,,'',0,10100,,'',0,10000,,'',0,10000,,'',0,10100,,'',0,10080,,'',0,3000,,'',0,7000,,'',0,2780,,'',0,6940,,'',0,3000,,'',0,7000,,'',0,10000,,'',0,10000,,'',0,10000,,'',0,13000,,'',0
'20230613daily',8200,64440,,'',0,7000,,'',0,10000,,'',0,3000,,'',0,7000,,'',0,10000,,'',0,10000,,'',0,10100,,'',0,10000,,'',0,10000,,'',0,10100,,'',0,10080,,'',0,3000,,'',0,7000,,'',0,2780,,'',0,6940,,'',0,3000,,'',0,7000,,'',0,10000,,'',0,10000,,'',0,10000,,'',0,13000,,'',0
'20230614daily',8200,64440,,'',0,7000,,'',0,10000,,'',0,3000,,'',0,7000,,'',0,10000,,'',0,10000,,'',0,10100,,'',0,10000,,'',0,10000,,'',0,10100,,'',0,10080,,'',0,3000,,'',0,7000,,'',0,2780,,'',0,6940,,'',0,3000,,'',0,7000,,'',0,10000,,'',0,10000,,'',0,10000,,'',0,13000,,'',0
'20230615daily',8200,64440,,'',0,7000,,'',0,10000,,'',0,3000,,'',0,7000,,'',0,10000,,'',0,10000,,'',0,10100,,'',0,10000,,'',0,10000,,'',0,10100,,'',0,10080,,'',0,3000,,'',0,7000,,'',0,2780,,'',0,6940,,'',0,3000,,'',0,7000,,'',0,10000,,'',0,10000,,'',0,10000,,'',0,13000,,'',0
'20230616daily',8200,64440,,'',0,7000,,'',0,10000,,'',0,3000,,'',0,7000,,'',0,10000,,'',0,10000,,'',0,10100,,'',0,10000,,'',0,10000,,'',0,10100,,'',0,10080,,'',0,3000,,'',0,7000,,'',0,2780,,'',0,6940,,'',0,3000,,'',0,7000,,'',0,10000,,'',0,10000,,'',0,10000,,'',0,13000,,'',0
'20230612daily',28400,160730,4,'',0,3520,4,'',0,7000,4,'',0,2480,4,'',0,6620,4,'',0
'20230613daily',28400,160730,4,'',0,3520,4,'',0,7000,4,'',0,2480,4,'',0,6620,4,'',0
'20230614daily',28400,160730,4,'',0,3520,4,'',0,7000,4,'',0,2480,4,'',0,6620,4,'',0
'20230615daily',28400,160730,4,'',0,3520,4,'',0,7000,4,'',0,2480,4,'',0,6620,4,'',0
'20230616daily',28400,160730,4,'',0,3520,4,'',0,7000,4,'',0,2480,4,'',0,6620,4,'',0
'20230619daily',28400,160330,4,'',0,3620,4,'',0,6700,4,'',0,2860,4,'',0,6640,4,'',0
'20230620daily',28400,160330,4,'',0,3620,4,'',0,6700,4,'',0,2860,4,'',0,6640,4,'',0
'20230621daily',28400,160330,4,'',0,3620,4,'',0,6700,4,'',0,2860,4,'',0,6640,4,'',0
'20230622daily',28400,160330,4,'',0,3620,4,'',0,6700,4,'',0,2860,4,'',0,6640,4,'',0
'20230626daily',28400,160330,4,'',0,3620,4,'',0,6700,4,'',0,2860,4,'',0,6640,4,'',0
'20230627daily',28400,160330,4,'',0,3620,4,'',0,6700,4,'',0,2860,4,'',0,6640,4,'',0
'20230612daily',38200,123950,4,'',0,37680,4,'',0,3100,4,'',0,7900,4,'',0,2620,4,'',0,9500,4,'',0
'20230613daily',38200,123950,4,'',0,37680,4,'',0,3100,4,'',0,7900,4,'',0,2620,4,'',0,9500,4,'',0
'20230614daily',38200,123950,4,'',0,37680,4,'',0,3100,4,'',0,7900,4,'',0,2620,4,'',0,9500,4,'',0
'20230615daily',38200,123950,4,'',0,37680,4,'',0,3100,4,'',0,7900,4,'',0,2620,4,'',0,9500,4,'',0
'20230616daily',38200,123950,4,'',0,37680,4,'',0,3100,4,'',0,7900,4,'',0,2620,4,'',0,9500,4,'',0
'20230612daily',58200,155650,4,'',0,8480,4,'',0,8320,4,'',0,2350,4,'',0
'20230613daily',58200,155650,4,'',0,8480,4,'',0,8320,4,'',0,2350,4,'',0
'20230614daily',58200,155650,4,'',0,8480,4,'',0,8320,4,'',0,2350,4,'',0
'20230615daily',58200,155650,4,'',0,8480,4,'',0,8320,4,'',0,2350,4,'',0
'20230616daily',58200,155650,4,'',0,8480,4,'',0,8320,4,'',0,2350,4,'',0
'20230619daily',58200,155450,4,'',0,8700,4,'',0,8500,4,'',0,2450,4,'',0
'20230620daily',58200,155450,4,'',0,8700,4,'',0,8500,4,'',0,2450,4,'',0
'20230621daily',58200,155450,4,'',0,8700,4,'',0,8500,4,'',0,2450,4,'',0
'20230622daily',58200,155450,4,'',0,8700,4,'',0,8500,4,'',0,2450,4,'',0
'20230626daily',58200,155450,4,'',0,8700,4,'',0,8500,4,'',0,2450,4,'',0
'20230627daily',58200,155450,4,'',0,8700,4,'',0,8500,4,'',0,2450,4,'',0
'20230616daily',98200,260910,,'',0
'20230617daily',98200,260910,,'',0
'20230623daily',98200,260910,,'',0
'20230624daily',98200,260910,,'',0
