'20230612daily',8200,71150,,'',0,3100,,'',0,9900,,'',0,9860,,'',0,20000,,'',0,20140,,'',0,20580,,'',0,17300,,'',0,2720,,'',0,6500,,'',0,2900,,'',0,7000,,'',0,3000,,'',0,10000,,'',0,10000,,'',0,10000,,'',0,16900,,'',0
'20230613daily',8200,71150,,'',0,3100,,'',0,9900,,'',0,9860,,'',0,20000,,'',0,20140,,'',0,20580,,'',0,17300,,'',0,2720,,'',0,6500,,'',0,2900,,'',0,7000,,'',0,3000,,'',0,10000,,'',0,10000,,'',0,10000,,'',0,16900,,'',0
'20230614daily',8200,71150,,'',0,3100,,'',0,9900,,'',0,9860,,'',0,20000,,'',0,20140,,'',0,20580,,'',0,17300,,'',0,2720,,'',0,6500,,'',0,2900,,'',0,7000,,'',0,3000,,'',0,10000,,'',0,10000,,'',0,10000,,'',0,16900,,'',0
'20230615daily',8200,71150,,'',0,3100,,'',0,9900,,'',0,9860,,'',0,20000,,'',0,20140,,'',0,20580,,'',0,17300,,'',0,2720,,'',0,6500,,'',0,2900,,'',0,7000,,'',0,3000,,'',0,10000,,'',0,10000,,'',0,10000,,'',0,16900,,'',0
'20230616daily',8200,71150,,'',0,3100,,'',0,9900,,'',0,9860,,'',0,20000,,'',0,20140,,'',0,20580,,'',0,17300,,'',0,2720,,'',0,6500,,'',0,2900,,'',0,7000,,'',0,3000,,'',0,10000,,'',0,10000,,'',0,10000,,'',0,16900,,'',0
'20230612daily',28200,160000,4,'',0,3840,4,'',0,7600,4,'',0,3100,4,'',0,6970,4,'',0,1700,4,'',0
'20230613daily',28200,160000,4,'',0,3840,4,'',0,7600,4,'',0,3100,4,'',0,6970,4,'',0,1700,4,'',0
'20230614daily',28200,160000,4,'',0,3840,4,'',0,7600,4,'',0,3100,4,'',0,6970,4,'',0,1700,4,'',0
'20230615daily',28200,160000,4,'',0,3840,4,'',0,7600,4,'',0,3100,4,'',0,6970,4,'',0,1700,4,'',0
'20230616daily',28200,160000,4,'',0,3840,4,'',0,7600,4,'',0,3100,4,'',0,6970,4,'',0,1700,4,'',0
'20230619daily',28200,160040,4,'',0,3500,4,'',0,7500,4,'',0,2900,4,'',0,7160,4,'',0,1800,4,'',0
'20230620daily',28200,160040,4,'',0,3500,4,'',0,7500,4,'',0,2900,4,'',0,7160,4,'',0,1800,4,'',0
'20230621daily',28200,160040,4,'',0,3500,4,'',0,7500,4,'',0,2900,4,'',0,7160,4,'',0,1800,4,'',0
'20230622daily',28200,160040,4,'',0,3500,4,'',0,7500,4,'',0,2900,4,'',0,7160,4,'',0,1800,4,'',0
'20230626daily',28200,160040,4,'',0,3500,4,'',0,7500,4,'',0,2900,4,'',0,7160,4,'',0,1800,4,'',0
'20230627daily',28200,160040,4,'',0,3500,4,'',0,7500,4,'',0,2900,4,'',0,7160,4,'',0,1800,4,'',0
'20230612daily',37200,125740,4,'',0,36900,4,'',0,7980,4,'',0,11220,4,'',0,8900,4,'',0
'20230613daily',37200,125740,4,'',0,36900,4,'',0,7980,4,'',0,11220,4,'',0,8900,4,'',0
'20230614daily',37200,125740,4,'',0,36900,4,'',0,7980,4,'',0,11220,4,'',0,8900,4,'',0
'20230615daily',37200,125740,4,'',0,36900,4,'',0,7980,4,'',0,11220,4,'',0,8900,4,'',0
'20230616daily',37200,125740,4,'',0,36900,4,'',0,7980,4,'',0,11220,4,'',0,8900,4,'',0
'20230612daily',57200,170340,4,'',0,3600,4,'',0,7000,4,'',0
'20230613daily',57200,170340,4,'',0,3600,4,'',0,7000,4,'',0
'20230614daily',57200,170340,4,'',0,3600,4,'',0,7000,4,'',0
'20230615daily',57200,170340,4,'',0,3600,4,'',0,7000,4,'',0
'20230616daily',57200,170340,4,'',0,3600,4,'',0,7000,4,'',0
'20230619daily',57200,170240,4,'',0,3960,4,'',0,7100,4,'',0
'20230620daily',57200,170240,4,'',0,3960,4,'',0,7100,4,'',0
'20230621daily',57200,170240,4,'',0,3960,4,'',0,7100,4,'',0
'20230622daily',57200,170240,4,'',0,3960,4,'',0,7100,4,'',0
'20230626daily',57200,170240,4,'',0,3960,4,'',0,7100,4,'',0
'20230627daily',57200,170240,4,'',0,3960,4,'',0,7100,4,'',0
