'20240318daily',28100,160920,4,'',0,3500,4,'',0,6900,4,'',0,2700,4,'',0,6530,4,'',0
'20240319daily',28100,160920,4,'',0,3500,4,'',0,6900,4,'',0,2700,4,'',0,6530,4,'',0
'20240320daily',28100,160920,4,'',0,3500,4,'',0,6900,4,'',0,2700,4,'',0,6530,4,'',0
'20240321daily',28100,160920,4,'',0,3500,4,'',0,6900,4,'',0,2700,4,'',0,6530,4,'',0
'20240322daily',28100,160920,4,'',0,3500,4,'',0,6900,4,'',0,2700,4,'',0,6530,4,'',0
'20240325daily',28100,160920,4,'',0,3400,4,'',0,7000,4,'',0,2800,4,'',0,6430,4,'',0
'20240326daily',28100,160920,4,'',0,3400,4,'',0,7000,4,'',0,2800,4,'',0,6430,4,'',0
'20240327daily',28100,160920,4,'',0,3400,4,'',0,7000,4,'',0,2800,4,'',0,6430,4,'',0
'20240328daily',28100,160920,4,'',0,3400,4,'',0,7000,4,'',0,2800,4,'',0,6430,4,'',0
'20240318daily',38100,163720,4,'',0,8010,4,'',0,4200,4,'',0,8500,4,'',0
'20240319daily',38100,163720,4,'',0,8010,4,'',0,4200,4,'',0,8500,4,'',0
'20240320daily',38100,163720,4,'',0,8010,4,'',0,4200,4,'',0,8500,4,'',0
'20240321daily',38100,163720,4,'',0,8010,4,'',0,4200,4,'',0,8500,4,'',0
'20240322daily',38100,163720,4,'',0,8010,4,'',0,4200,4,'',0,8500,4,'',0
'20240325daily',38100,163750,4,'',0,8300,4,'',0,3880,4,'',0,8400,4,'',0
'20240326daily',38100,163750,4,'',0,8300,4,'',0,3880,4,'',0,8400,4,'',0
'20240327daily',38100,163750,4,'',0,8300,4,'',0,3880,4,'',0,8400,4,'',0
'20240328daily',38100,163750,4,'',0,8300,4,'',0,3880,4,'',0,8400,4,'',0
'20240318daily',58100,162820,4,'',0,7500,4,'',0,3680,4,'',0
'20240319daily',58100,162820,4,'',0,7500,4,'',0,3680,4,'',0
'20240320daily',58100,162820,4,'',0,7500,4,'',0,3680,4,'',0
'20240321daily',58100,162820,4,'',0,7500,4,'',0,3680,4,'',0
'20240322daily',58100,162820,4,'',0,7500,4,'',0,3680,4,'',0
'20240325daily',58100,163020,4,'',0,7500,4,'',0,3790,4,'',0
'20240326daily',58100,163020,4,'',0,7500,4,'',0,3790,4,'',0
'20240327daily',58100,163020,4,'',0,7500,4,'',0,3790,4,'',0
'20240328daily',58100,163020,4,'',0,7500,4,'',0,3790,4,'',0
