'20231016daily',37200,125100,4,'',0,36800,4,'',0,4000,4,'',0,15500,4,'',0,8600,4,'',0
'20231017daily',37200,125100,4,'',0,36800,4,'',0,4000,4,'',0,15500,4,'',0,8600,4,'',0
'20231018daily',37200,125100,4,'',0,36800,4,'',0,4000,4,'',0,15500,4,'',0,8600,4,'',0
'20231019daily',37200,125100,4,'',0,36800,4,'',0,4000,4,'',0,15500,4,'',0,8600,4,'',0
'20231020daily',37200,125100,4,'',0,36800,4,'',0,4000,4,'',0,15500,4,'',0,8600,4,'',0
'20231023daily',37200,125100,4,'',0,36800,4,'',0,4000,4,'',0,15500,4,'',0,8600,4,'',0
'20231024daily',37200,125100,4,'',0,36800,4,'',0,4000,4,'',0,15500,4,'',0,8600,4,'',0
'20231025daily',37200,125100,4,'',0,36800,4,'',0,4000,4,'',0,15500,4,'',0,8600,4,'',0
'20231026daily',37200,125100,4,'',0,36800,4,'',0,4000,4,'',0,15500,4,'',0,8600,4,'',0
'20231027daily',37200,125100,4,'',0,36800,4,'',0,4000,4,'',0,15500,4,'',0,8600,4,'',0
'20231030daily',37200,125100,4,'',0,36800,4,'',0,4000,4,'',0,15500,4,'',0,8600,4,'',0
'20231016daily',57200,165300,4,'',0,7800,4,'',0,7000,4,'',0
'20231017daily',57200,165300,4,'',0,7800,4,'',0,7000,4,'',0
'20231018daily',57200,165300,4,'',0,7800,4,'',0,7000,4,'',0
'20231019daily',57200,165300,4,'',0,7800,4,'',0,7000,4,'',0
'20231020daily',57200,165300,4,'',0,7800,4,'',0,7000,4,'',0
'20231023daily',57200,165300,4,'',0,7800,4,'',0,7000,4,'',0
'20231024daily',57200,165300,4,'',0,7800,4,'',0,7000,4,'',0
'20231025daily',57200,165300,4,'',0,7800,4,'',0,7000,4,'',0
'20231026daily',57200,165300,4,'',0,7800,4,'',0,7000,4,'',0
'20231027daily',57200,165300,4,'',0,7800,4,'',0,7000,4,'',0
'20231030daily',57200,165300,4,'',0,7800,4,'',0,7000,4,'',0
