'20231120daily',38000,163800,4,'',0,7720,4,'',0,3180,4,'',0,10000,4,'',0
'20231121daily',38000,163800,4,'',0,7720,4,'',0,3180,4,'',0,10000,4,'',0
'20231122daily',38000,163800,4,'',0,7720,4,'',0,3180,4,'',0,10000,4,'',0
'20231123daily',38000,163800,4,'',0,7720,4,'',0,3180,4,'',0,10000,4,'',0
'20231124daily',38000,163800,4,'',0,7720,4,'',0,3180,4,'',0,10000,4,'',0
'20231127daily',38000,163600,4,'',0,7540,4,'',0,3380,4,'',0,10000,4,'',0
'20231128daily',38000,163600,4,'',0,7540,4,'',0,3380,4,'',0,10000,4,'',0
'20231129daily',38000,163600,4,'',0,7540,4,'',0,3380,4,'',0,10000,4,'',0
'20231130daily',38000,163600,4,'',0,7540,4,'',0,3380,4,'',0,10000,4,'',0
'20231201daily',38000,163600,4,'',0,7540,4,'',0,3380,4,'',0,10000,4,'',0
'20231204daily',38000,163600,4,'',0,7540,4,'',0,3380,4,'',0,10000,4,'',0
