'20230515daily',27300,163430,4,'',0,7400,4,'',0,3000,4,'',0,6400,4,'',0
'20230516daily',27300,163430,4,'',0,7400,4,'',0,3000,4,'',0,6400,4,'',0
'20230517daily',27300,163430,4,'',0,7400,4,'',0,3000,4,'',0,6400,4,'',0
'20230518daily',27300,163430,4,'',0,7400,4,'',0,3000,4,'',0,6400,4,'',0
'20230519daily',27300,163430,4,'',0,7400,4,'',0,3000,4,'',0,6400,4,'',0
'20230523daily',27300,163430,4,'',0,7400,4,'',0,3000,4,'',0,6400,4,'',0
'20230524daily',27300,163430,4,'',0,7400,4,'',0,3000,4,'',0,6400,4,'',0
'20230525daily',27300,163430,4,'',0,7400,4,'',0,3000,4,'',0,6400,4,'',0
'20230526daily',27300,163430,4,'',0,7400,4,'',0,3000,4,'',0,6400,4,'',0
'20230529daily',27300,163430,4,'',0,7400,4,'',0,3000,4,'',0,6400,4,'',0
'20230530daily',27300,163430,4,'',0,7400,4,'',0,3000,4,'',0,6400,4,'',0
