'20231023daily',23800,161600,4,'',0,3500,4,'',0,7400,4,'',0,8400,4,'',0
'20231024daily',23800,161600,4,'',0,3500,4,'',0,7400,4,'',0,8400,4,'',0
'20231025daily',23800,161600,4,'',0,3500,4,'',0,7400,4,'',0,8400,4,'',0
'20231026daily',23800,161600,4,'',0,3500,4,'',0,7400,4,'',0,8400,4,'',0
'20231027daily',23800,161600,4,'',0,3500,4,'',0,7400,4,'',0,8400,4,'',0
'20231030daily',23800,161600,4,'',0,3500,4,'',0,7400,4,'',0,8400,4,'',0
'20231031daily',23800,161600,4,'',0,3500,4,'',0,7400,4,'',0,8400,4,'',0
'20231101daily',23800,161600,4,'',0,3500,4,'',0,7400,4,'',0,8400,4,'',0
'20231102daily',23800,161600,4,'',0,3500,4,'',0,7400,4,'',0,8400,4,'',0
'20231103daily',23800,161600,4,'',0,3500,4,'',0,7400,4,'',0,8400,4,'',0
'20231106daily',23800,161600,4,'',0,3500,4,'',0,7400,4,'',0,8400,4,'',0
'20231023daily',33100,165800,4,'',0,8000,4,'',0,7000,4,'',0
'20231024daily',33100,165800,4,'',0,8000,4,'',0,7000,4,'',0
'20231025daily',33100,165800,4,'',0,8000,4,'',0,7000,4,'',0
'20231026daily',33100,165800,4,'',0,8000,4,'',0,7000,4,'',0
'20231027daily',33100,165800,4,'',0,8000,4,'',0,7000,4,'',0
'20231030daily',33100,165800,4,'',0,8000,4,'',0,7000,4,'',0
'20231031daily',33100,165800,4,'',0,8000,4,'',0,7000,4,'',0
'20231101daily',33100,165800,4,'',0,8000,4,'',0,7000,4,'',0
'20231102daily',33100,165800,4,'',0,8000,4,'',0,7000,4,'',0
'20231103daily',33100,165800,4,'',0,8000,4,'',0,7000,4,'',0
'20231106daily',33100,165800,4,'',0,8000,4,'',0,7000,4,'',0
