'20240122daily',23900,162120,4,'',0,1100,4,'',0,2130,4,'',0,7870,4,'',0,6980,4,'',0,1300,4,'',0
'20240123daily',23900,162120,4,'',0,1100,4,'',0,2130,4,'',0,7870,4,'',0,6980,4,'',0,1300,4,'',0
'20240124daily',23900,162120,4,'',0,1100,4,'',0,2130,4,'',0,7870,4,'',0,6980,4,'',0,1300,4,'',0
'20240125daily',23900,162120,4,'',0,1100,4,'',0,2130,4,'',0,7870,4,'',0,6980,4,'',0,1300,4,'',0
'20240126daily',23900,162120,4,'',0,1100,4,'',0,2130,4,'',0,7870,4,'',0,6980,4,'',0,1300,4,'',0
'20240129daily',23900,162120,4,'',0,1100,4,'',0,2130,4,'',0,7870,4,'',0,6980,4,'',0,1300,4,'',0
'20240130daily',23900,162120,4,'',0,1100,4,'',0,2130,4,'',0,7870,4,'',0,6980,4,'',0,1300,4,'',0
'20240131daily',23900,162120,4,'',0,1100,4,'',0,2130,4,'',0,7870,4,'',0,6980,4,'',0,1300,4,'',0
'20240201daily',23900,162120,4,'',0,1100,4,'',0,2130,4,'',0,7870,4,'',0,6980,4,'',0,1300,4,'',0
'20240202daily',23900,162120,4,'',0,1100,4,'',0,2130,4,'',0,7870,4,'',0,6980,4,'',0,1300,4,'',0
'20240205daily',23900,162120,4,'',0,1100,4,'',0,2130,4,'',0,7870,4,'',0,6980,4,'',0,1300,4,'',0
'20240206daily',23900,162120,4,'',0,1100,4,'',0,2130,4,'',0,7870,4,'',0,6980,4,'',0,1300,4,'',0
