'20231227daily',23900,161920,4,'',0
'20231228daily',23900,161920,4,'',0
'20240103daily',23900,161920,4,'',0,1100,4,'',0,2100,4,'',0,7900,4,'',0,7000,4,'',0,1300,4,'',0
'20240104daily',23900,161920,4,'',0,1100,4,'',0,2100,4,'',0,7900,4,'',0,7000,4,'',0,1300,4,'',0
'20240105daily',23900,161920,4,'',0,1100,4,'',0,2100,4,'',0,7900,4,'',0,7000,4,'',0,1300,4,'',0
'20240108daily',23900,161920,4,'',0,1100,4,'',0,2100,4,'',0,7900,4,'',0,7000,4,'',0,1300,4,'',0
'20240109daily',23900,161920,4,'',0,1100,4,'',0,2100,4,'',0,7900,4,'',0,7000,4,'',0,1300,4,'',0
'20231227daily',33100,165750,4,'',0,15000,4,'',0
'20231228daily',33100,165750,4,'',0,15000,4,'',0
'20240103daily',33100,165750,4,'',0,8150,4,'',0,6850,4,'',0
'20240104daily',33100,165750,4,'',0,8150,4,'',0,6850,4,'',0
'20240105daily',33100,165750,4,'',0,8150,4,'',0,6850,4,'',0
'20240108daily',33100,165750,4,'',0,8150,4,'',0,6850,4,'',0
'20240109daily',33100,165750,4,'',0,8150,4,'',0,6850,4,'',0
