'20230807daily',8200,70840,,'',0,3100,,'',0,9900,,'',0,9880,,'',0,20000,,'',0,20120,,'',0,20560,,'',0,17300,,'',0,2740,,'',0,6500,,'',0,2900,,'',0,7000,,'',0,3000,,'',0,10000,,'',0,10000,,'',0,10000,,'',0,16900,,'',0
'20230808daily',8200,70840,,'',0,3100,,'',0,9900,,'',0,9880,,'',0,20000,,'',0,20120,,'',0,20560,,'',0,17300,,'',0,2740,,'',0,6500,,'',0,2900,,'',0,7000,,'',0,3000,,'',0,10000,,'',0,10000,,'',0,10000,,'',0,16900,,'',0
'20230809daily',8200,70840,,'',0,3100,,'',0,9900,,'',0,9880,,'',0,20000,,'',0,20120,,'',0,20560,,'',0,17300,,'',0,2740,,'',0,6500,,'',0,2900,,'',0,7000,,'',0,3000,,'',0,10000,,'',0,10000,,'',0,10000,,'',0,16900,,'',0
'20230810daily',8200,70840,,'',0,3100,,'',0,9900,,'',0,9880,,'',0,20000,,'',0,20120,,'',0,20560,,'',0,17300,,'',0,2740,,'',0,6500,,'',0,2900,,'',0,7000,,'',0,3000,,'',0,10000,,'',0,10000,,'',0,10000,,'',0,16900,,'',0
'20230811daily',8200,70840,,'',0,3100,,'',0,9900,,'',0,9880,,'',0,20000,,'',0,20120,,'',0,20560,,'',0,17300,,'',0,2740,,'',0,6500,,'',0,2900,,'',0,7000,,'',0,3000,,'',0,10000,,'',0,10000,,'',0,10000,,'',0,16900,,'',0
'20230807daily',28200,155840,4,'',0,7500,4,'',0,7500,4,'',0,2900,4,'',0,7180,4,'',0,1800,4,'',0
'20230808daily',28200,155840,4,'',0,7500,4,'',0,7500,4,'',0,2900,4,'',0,7180,4,'',0,1800,4,'',0
'20230809daily',28200,155840,4,'',0,7500,4,'',0,7500,4,'',0,2900,4,'',0,7180,4,'',0,1800,4,'',0
'20230810daily',28200,155840,4,'',0,7500,4,'',0,7500,4,'',0,2900,4,'',0,7180,4,'',0,1800,4,'',0
'20230811daily',28200,155840,4,'',0,7500,4,'',0,7500,4,'',0,2900,4,'',0,7180,4,'',0,1800,4,'',0
'20230814daily',28200,155840,4,'',0,7500,4,'',0,7500,4,'',0,2900,4,'',0,7180,4,'',0,1800,4,'',0
'20230815daily',28200,155840,4,'',0,7500,4,'',0,7500,4,'',0,2900,4,'',0,7180,4,'',0,1800,4,'',0
'20230816daily',28200,155840,4,'',0,7500,4,'',0,7500,4,'',0,2900,4,'',0,7180,4,'',0,1800,4,'',0
'20230817daily',28200,155840,4,'',0,7500,4,'',0,7500,4,'',0,2900,4,'',0,7180,4,'',0,1800,4,'',0
'20230818daily',28200,155840,4,'',0,7500,4,'',0,7500,4,'',0,2900,4,'',0,7180,4,'',0,1800,4,'',0
'20230821daily',28200,155840,4,'',0,7500,4,'',0,7500,4,'',0,2900,4,'',0,7180,4,'',0,1800,4,'',0
'20230822daily',28200,155840,4,'',0,7500,4,'',0,7500,4,'',0,2900,4,'',0,7180,4,'',0,1800,4,'',0
'20230807daily',57200,170040,4,'',0,3980,4,'',0,7100,4,'',0
'20230808daily',57200,170040,4,'',0,3980,4,'',0,7100,4,'',0
'20230809daily',57200,170040,4,'',0,3980,4,'',0,7100,4,'',0
'20230810daily',57200,170040,4,'',0,3980,4,'',0,7100,4,'',0
'20230811daily',57200,170040,4,'',0,3980,4,'',0,7100,4,'',0
'20230814daily',57200,170040,4,'',0,3980,4,'',0,7100,4,'',0
'20230815daily',57200,170040,4,'',0,3980,4,'',0,7100,4,'',0
'20230816daily',57200,170040,4,'',0,3980,4,'',0,7100,4,'',0
'20230817daily',57200,170040,4,'',0,3980,4,'',0,7100,4,'',0
'20230818daily',57200,170040,4,'',0,3980,4,'',0,7100,4,'',0
'20230821daily',57200,170040,4,'',0,3980,4,'',0,7100,4,'',0
'20230822daily',57200,170040,4,'',0,3980,4,'',0,7100,4,'',0
