'20230925daily',27900,161130,4,'',0,3700,4,'',0,7100,4,'',0,3570,4,'',0
'20230926daily',27900,161130,4,'',0,3700,4,'',0,7100,4,'',0,3570,4,'',0
'20230927daily',27900,161130,4,'',0,3700,4,'',0,7100,4,'',0,3570,4,'',0
'20230928daily',27900,161130,4,'',0,3700,4,'',0,7100,4,'',0,3570,4,'',0
'20230929daily',27900,161130,4,'',0,3700,4,'',0,7100,4,'',0,3570,4,'',0
'20231002daily',27900,161130,4,'',0,3700,4,'',0,7100,4,'',0,3570,4,'',0
'20231003daily',27900,161130,4,'',0,3700,4,'',0,7100,4,'',0,3570,4,'',0
'20231004daily',27900,161130,4,'',0,3700,4,'',0,7100,4,'',0,3570,4,'',0
'20231005daily',27900,161130,4,'',0,3700,4,'',0,7100,4,'',0,3570,4,'',0
'20231006daily',27900,161130,4,'',0,3700,4,'',0,7100,4,'',0,3570,4,'',0
