'20231120daily',23600,160150,4,'',0,2860,4,'',0,1700,4,'',0,6940,4,'',0,2900,4,'',0,700,4,'',0
'20231121daily',23600,160150,4,'',0,2860,4,'',0,1700,4,'',0,6940,4,'',0,2900,4,'',0,700,4,'',0
'20231122daily',23600,160150,4,'',0,2860,4,'',0,1700,4,'',0,6940,4,'',0,2900,4,'',0,700,4,'',0
'20231123daily',23600,160150,4,'',0,2860,4,'',0,1700,4,'',0,6940,4,'',0,2900,4,'',0,700,4,'',0
'20231124daily',23600,160150,4,'',0,2860,4,'',0,1700,4,'',0,6940,4,'',0,2900,4,'',0,700,4,'',0
'20231127daily',23600,160050,4,'',0,2780,4,'',0,1680,4,'',0,6940,4,'',0,3080,4,'',0,700,4,'',0
'20231128daily',23600,160050,4,'',0,2780,4,'',0,1680,4,'',0,6940,4,'',0,3080,4,'',0,700,4,'',0
'20231129daily',23600,160050,4,'',0,2780,4,'',0,1680,4,'',0,6940,4,'',0,3080,4,'',0,700,4,'',0
'20231130daily',23600,160050,4,'',0,2780,4,'',0,1680,4,'',0,6940,4,'',0,3080,4,'',0,700,4,'',0
'20231201daily',23600,160050,4,'',0,2780,4,'',0,1680,4,'',0,6940,4,'',0,3080,4,'',0,700,4,'',0
'20231204daily',23600,160050,4,'',0,2780,4,'',0,1680,4,'',0,6940,4,'',0,3080,4,'',0,700,4,'',0
