'20240422daily',21503,162220,4,'',0,10200,4,'',0,8980,4,'',0
'20240423daily',21503,162220,4,'',0,10200,4,'',0,8980,4,'',0
'20240424daily',21503,162220,4,'',0,10200,4,'',0,8980,4,'',0
'20240425daily',21503,162220,4,'',0,10200,4,'',0,8980,4,'',0
'20240426daily',21503,162220,4,'',0,10200,4,'',0,8980,4,'',0
'20240429daily',21503,162220,4,'',0,10200,4,'',0,8980,4,'',0
'20240430daily',21503,162220,4,'',0,10200,4,'',0,8980,4,'',0
'20240501daily',21503,162220,4,'',0,10200,4,'',0,8980,4,'',0
'20240502daily',21503,162220,4,'',0,10200,4,'',0,8980,4,'',0
'20240503daily',21503,162220,4,'',0,10200,4,'',0,8980,4,'',0
'20240506daily',21503,162220,4,'',0,10200,4,'',0,8980,4,'',0
'20240422daily',31503,155450,4,'',0,9050,4,'',0,6500,4,'',0,2640,4,'',0,9800,4,'',0
'20240423daily',31503,155450,4,'',0,9050,4,'',0,6500,4,'',0,2640,4,'',0,9800,4,'',0
'20240424daily',31503,155450,4,'',0,9050,4,'',0,6500,4,'',0,2640,4,'',0,9800,4,'',0
'20240425daily',31503,155450,4,'',0,9050,4,'',0,6500,4,'',0,2640,4,'',0,9800,4,'',0
'20240426daily',31503,155450,4,'',0,9050,4,'',0,6500,4,'',0,2640,4,'',0,9800,4,'',0
'20240429daily',31503,155450,4,'',0,9050,4,'',0,6500,4,'',0,2640,4,'',0,9800,4,'',0
'20240430daily',31503,155450,4,'',0,9050,4,'',0,6500,4,'',0,2640,4,'',0,9800,4,'',0
'20240501daily',31503,155450,4,'',0,9050,4,'',0,6500,4,'',0,2640,4,'',0,9800,4,'',0
'20240502daily',31503,155450,4,'',0,9050,4,'',0,6500,4,'',0,2640,4,'',0,9800,4,'',0
'20240503daily',31503,155450,4,'',0,9050,4,'',0,6500,4,'',0,2640,4,'',0,9800,4,'',0
'20240506daily',31503,155450,4,'',0,9050,4,'',0,6500,4,'',0,2640,4,'',0,9800,4,'',0
'20240426daily',91503,263600,4,'',0,17000,4,'',0
'20240427daily',91503,263600,4,'',0,17000,4,'',0
'20240503daily',91503,263600,4,'',0,17000,4,'',0
'20240504daily',91503,263600,4,'',0,17000,4,'',0
