'20230918daily',27900,161230,4,'',0,3700,4,'',0,10620,4,'',0
'20230919daily',27900,161230,4,'',0,3700,4,'',0,7100,4,'',0,3520,4,'',0
'20230920daily',27900,161230,4,'',0,3700,4,'',0,7100,4,'',0,3520,4,'',0
'20230921daily',27900,161230,4,'',0,3700,4,'',0,7100,4,'',0,3520,4,'',0
'20230922daily',27900,161230,4,'',0,3700,4,'',0,7100,4,'',0,3520,4,'',0
'20230925daily',27900,161230,4,'',0,3700,4,'',0,7100,4,'',0,3520,4,'',0
'20230926daily',27900,161230,4,'',0,3700,4,'',0,7100,4,'',0,3520,4,'',0
'20230927daily',27900,161230,4,'',0,3700,4,'',0,7100,4,'',0,3520,4,'',0
'20230928daily',27900,161230,4,'',0,3700,4,'',0,7100,4,'',0,3520,4,'',0
'20230929daily',27900,161230,4,'',0,3700,4,'',0,7100,4,'',0,3520,4,'',0
'20231002daily',27900,161230,4,'',0,3700,4,'',0,7100,4,'',0,3520,4,'',0
'20231003daily',27900,161230,4,'',0,3700,4,'',0,7100,4,'',0,3520,4,'',0
