'20230213daily',27400,161800,4,'',0,3600,4,'',0,6550,4,'',0,2400,4,'',0,6600,4,'',0
'20230214daily',27400,161800,4,'',0,3600,4,'',0,6550,4,'',0,2400,4,'',0,6600,4,'',0
'20230215daily',27400,161800,4,'',0,3600,4,'',0,6550,4,'',0,2400,4,'',0,6600,4,'',0
'20230216daily',27400,161800,4,'',0,3600,4,'',0,6550,4,'',0,2400,4,'',0,6600,4,'',0
'20230217daily',27400,161800,4,'',0,3600,4,'',0,6550,4,'',0,2400,4,'',0,6600,4,'',0
'20230220daily',27400,161800,4,'',0,3600,4,'',0,6550,4,'',0,2400,4,'',0,6600,4,'',0
'20230221daily',27400,161800,4,'',0,3600,4,'',0,6550,4,'',0,2400,4,'',0,6600,4,'',0
'20230222daily',27400,161800,4,'',0,3600,4,'',0,6550,4,'',0,2400,4,'',0,6600,4,'',0
'20230223daily',27400,161800,4,'',0,3600,4,'',0,6550,4,'',0,2400,4,'',0,6600,4,'',0
'20230224daily',27400,161800,4,'',0,3600,4,'',0,6550,4,'',0,2400,4,'',0,6600,4,'',0
'20230213daily',37400,161040,4,'',0,4260,4,'',0,9740,4,'',0,10300,4,'',0
'20230214daily',37400,161040,4,'',0,4260,4,'',0,9740,4,'',0,10300,4,'',0
'20230215daily',37400,161040,4,'',0,4260,4,'',0,9740,4,'',0,10300,4,'',0
'20230216daily',37400,161040,4,'',0,4260,4,'',0,9740,4,'',0,10300,4,'',0
'20230217daily',37400,161040,4,'',0,4260,4,'',0,9740,4,'',0,10300,4,'',0
'20230220daily',37400,161040,4,'',0,4260,4,'',0,9740,4,'',0,10300,4,'',0
'20230221daily',37400,161040,4,'',0,4260,4,'',0,9740,4,'',0,10300,4,'',0
'20230222daily',37400,161040,4,'',0,4260,4,'',0,9740,4,'',0,10300,4,'',0
'20230223daily',37400,161040,4,'',0,4260,4,'',0,9740,4,'',0,10300,4,'',0
'20230224daily',37400,161040,4,'',0,4260,4,'',0,9740,4,'',0,10300,4,'',0
