'20240521daily',28100,162700,4,'',0,7400,4,'',0,3000,4,'',0,2800,4,'',0,6310,4,'',0
'20240522daily',28100,162700,4,'',0,7400,4,'',0,3000,4,'',0,2800,4,'',0,6310,4,'',0
'20240523daily',28100,162700,4,'',0,7400,4,'',0,3000,4,'',0,2800,4,'',0,6310,4,'',0
'20240524daily',28100,162700,4,'',0,7400,4,'',0,3000,4,'',0,2800,4,'',0,6310,4,'',0
'20240527daily',28100,162700,4,'',0,7400,4,'',0,3000,4,'',0,2800,4,'',0,6310,4,'',0
'20240528daily',28100,162700,4,'',0,7400,4,'',0,3000,4,'',0,2800,4,'',0,6310,4,'',0
'20240529daily',28100,162700,4,'',0,7400,4,'',0,3000,4,'',0,2800,4,'',0,6310,4,'',0
'20240530daily',28100,162700,4,'',0,7400,4,'',0,3000,4,'',0,2800,4,'',0,6310,4,'',0
'20240531daily',28100,162700,4,'',0,7400,4,'',0,3000,4,'',0,2800,4,'',0,6310,4,'',0
'20240603daily',28100,162700,4,'',0,7400,4,'',0,3000,4,'',0,2800,4,'',0,6310,4,'',0
'20240604daily',28100,162700,4,'',0,7400,4,'',0,3000,4,'',0,2800,4,'',0,6310,4,'',0
'20240521daily',38100,165410,4,'',0,8210,4,'',0,7800,4,'',0,4400,4,'',0
'20240522daily',38100,165410,4,'',0,8210,4,'',0,7800,4,'',0,4400,4,'',0
'20240523daily',38100,165410,4,'',0,8210,4,'',0,7800,4,'',0,4400,4,'',0
'20240524daily',38100,165410,4,'',0,8210,4,'',0,7800,4,'',0,4400,4,'',0
'20240527daily',38100,165410,4,'',0,8210,4,'',0,7800,4,'',0,4400,4,'',0
'20240528daily',38100,165410,4,'',0,8210,4,'',0,7800,4,'',0,4400,4,'',0
'20240529daily',38100,165410,4,'',0,8210,4,'',0,7800,4,'',0,4400,4,'',0
'20240530daily',38100,165410,4,'',0,8210,4,'',0,7800,4,'',0,4400,4,'',0
'20240531daily',38100,165410,4,'',0,8210,4,'',0,7800,4,'',0,4400,4,'',0
'20240603daily',38100,165410,4,'',0,8210,4,'',0,7800,4,'',0,4400,4,'',0
'20240604daily',38100,165410,4,'',0,8210,4,'',0,7800,4,'',0,4400,4,'',0
'20240521daily',58100,164620,4,'',0,7500,4,'',0,3600,4,'',0
'20240522daily',58100,164620,4,'',0,7500,4,'',0,3600,4,'',0
'20240523daily',58100,164620,4,'',0,7500,4,'',0,3600,4,'',0
'20240524daily',58100,164620,4,'',0,7500,4,'',0,3600,4,'',0
'20240527daily',58100,164620,4,'',0,7500,4,'',0,3600,4,'',0
'20240528daily',58100,164620,4,'',0,7500,4,'',0,3600,4,'',0
'20240529daily',58100,164620,4,'',0,7500,4,'',0,3600,4,'',0
'20240530daily',58100,164620,4,'',0,7500,4,'',0,3600,4,'',0
'20240531daily',58100,164620,4,'',0,7500,4,'',0,3600,4,'',0
'20240603daily',58100,164620,4,'',0,7500,4,'',0,3600,4,'',0
'20240604daily',58100,164620,4,'',0,7500,4,'',0,3600,4,'',0
