'20231120daily',28200,153800,4,'',0,7920,4,'',0,3600,4,'',0,7000,4,'',0,3380,4,'',0,5600,4,'',0
'20231121daily',28200,153800,4,'',0,7920,4,'',0,3600,4,'',0,7000,4,'',0,3380,4,'',0,5600,4,'',0
'20231122daily',28200,153800,4,'',0,7920,4,'',0,3600,4,'',0,7000,4,'',0,3380,4,'',0,5600,4,'',0
'20231123daily',28200,153800,4,'',0,7920,4,'',0,3600,4,'',0,7000,4,'',0,3380,4,'',0,5600,4,'',0
'20231124daily',28200,153800,4,'',0,7920,4,'',0,3600,4,'',0,7000,4,'',0,3380,4,'',0,5600,4,'',0
'20231127daily',28200,153700,4,'',0,7620,4,'',0,3500,4,'',0,7300,4,'',0,3300,4,'',0,5580,4,'',0
'20231128daily',28200,153700,4,'',0,7620,4,'',0,3500,4,'',0,7300,4,'',0,3300,4,'',0,5580,4,'',0
'20231129daily',28200,153700,4,'',0,7620,4,'',0,3500,4,'',0,7300,4,'',0,3300,4,'',0,5580,4,'',0
'20231130daily',28200,153700,4,'',0,7620,4,'',0,3500,4,'',0,7300,4,'',0,3300,4,'',0,5580,4,'',0
'20231201daily',28200,153700,4,'',0,7620,4,'',0,3500,4,'',0,7300,4,'',0,3300,4,'',0,5580,4,'',0
'20231204daily',28200,153700,4,'',0,7620,4,'',0,3500,4,'',0,7300,4,'',0,3300,4,'',0,5580,4,'',0
