'20230612daily',8200,65450,,'',0,7100,,'',0,9900,,'',0,3000,,'',0,6960,,'',0,10000,,'',0,10000,,'',0,10100,,'',0,10000,,'',0,10040,,'',0,10200,,'',0,10200,,'',0,3000,,'',0,6960,,'',0,2700,,'',0,6900,,'',0,3000,,'',0,7000,,'',0,10000,,'',0,10000,,'',0,10000,,'',0,12900,,'',0
'20230613daily',8200,65450,,'',0,7100,,'',0,9900,,'',0,3000,,'',0,6960,,'',0,10000,,'',0,10000,,'',0,10100,,'',0,10000,,'',0,10040,,'',0,10200,,'',0,10200,,'',0,3000,,'',0,6960,,'',0,2700,,'',0,6900,,'',0,3000,,'',0,7000,,'',0,10000,,'',0,10000,,'',0,10000,,'',0,12900,,'',0
'20230614daily',8200,65450,,'',0,7100,,'',0,9900,,'',0,3000,,'',0,6960,,'',0,10000,,'',0,10000,,'',0,10100,,'',0,10000,,'',0,10040,,'',0,10200,,'',0,10200,,'',0,3000,,'',0,6960,,'',0,2700,,'',0,6900,,'',0,3000,,'',0,7000,,'',0,10000,,'',0,10000,,'',0,10000,,'',0,12900,,'',0
'20230615daily',8200,65450,,'',0,7100,,'',0,9900,,'',0,3000,,'',0,6960,,'',0,10000,,'',0,10000,,'',0,10100,,'',0,10000,,'',0,10040,,'',0,10200,,'',0,10200,,'',0,3000,,'',0,6960,,'',0,2700,,'',0,6900,,'',0,3000,,'',0,7000,,'',0,10000,,'',0,10000,,'',0,10000,,'',0,12900,,'',0
'20230616daily',8200,65450,,'',0,7100,,'',0,9900,,'',0,3000,,'',0,6960,,'',0,10000,,'',0,10000,,'',0,10100,,'',0,10000,,'',0,10040,,'',0,10200,,'',0,10200,,'',0,3000,,'',0,6960,,'',0,2700,,'',0,6900,,'',0,3000,,'',0,7000,,'',0,10000,,'',0,10000,,'',0,10000,,'',0,12900,,'',0
'20230612daily',28200,154340,4,'',0,7690,4,'',0,3600,4,'',0,7100,4,'',0,3200,4,'',0,5700,4,'',0
'20230613daily',28200,154340,4,'',0,7690,4,'',0,3600,4,'',0,7100,4,'',0,3200,4,'',0,5700,4,'',0
'20230614daily',28200,154340,4,'',0,7690,4,'',0,3600,4,'',0,7100,4,'',0,3200,4,'',0,5700,4,'',0
'20230615daily',28200,154340,4,'',0,7690,4,'',0,3600,4,'',0,7100,4,'',0,3200,4,'',0,5700,4,'',0
'20230616daily',28200,154340,4,'',0,7690,4,'',0,3600,4,'',0,7100,4,'',0,3200,4,'',0,5700,4,'',0
'20230619daily',28200,154340,4,'',0,7300,4,'',0,3500,4,'',0,7100,4,'',0,3300,4,'',0,5800,4,'',0
'20230620daily',28200,154340,4,'',0,7300,4,'',0,3500,4,'',0,7100,4,'',0,3300,4,'',0,5800,4,'',0
'20230621daily',28200,154340,4,'',0,7300,4,'',0,3500,4,'',0,7100,4,'',0,3300,4,'',0,5800,4,'',0
'20230622daily',28200,154340,4,'',0,7300,4,'',0,3500,4,'',0,7100,4,'',0,3300,4,'',0,5800,4,'',0
'20230626daily',28200,154340,4,'',0,7300,4,'',0,3500,4,'',0,7100,4,'',0,3300,4,'',0,5800,4,'',0
'20230627daily',28200,154340,4,'',0,7300,4,'',0,3500,4,'',0,7100,4,'',0,3300,4,'',0,5800,4,'',0
'20230612daily',28900,161550,4,'',0,2400,4,'',0,6300,4,'',0,3200,4,'',0,8560,4,'',0
'20230613daily',28900,161550,4,'',0,2400,4,'',0,6300,4,'',0,3200,4,'',0,8560,4,'',0
'20230614daily',28900,161550,4,'',0,2400,4,'',0,6300,4,'',0,3200,4,'',0,8560,4,'',0
'20230615daily',28900,161550,4,'',0,2400,4,'',0,6300,4,'',0,3200,4,'',0,8560,4,'',0
'20230616daily',28900,161550,4,'',0,2400,4,'',0,6300,4,'',0,3200,4,'',0,8560,4,'',0
'20230619daily',28900,161350,4,'',0,2100,4,'',0,9700,4,'',0,8560,4,'',0
'20230620daily',28900,161350,4,'',0,2100,4,'',0,9700,4,'',0,8560,4,'',0
'20230621daily',28900,161350,4,'',0,2100,4,'',0,9700,4,'',0,8560,4,'',0
'20230622daily',28900,161350,4,'',0,2100,4,'',0,9700,4,'',0,8560,4,'',0
'20230626daily',28900,161350,4,'',0,2100,4,'',0,9700,4,'',0,8560,4,'',0
'20230627daily',28900,161350,4,'',0,2100,4,'',0,9700,4,'',0,8560,4,'',0
'20230612daily',38200,125150,4,'',0,38060,4,'',0,7140,4,'',0,3760,4,'',0,6440,4,'',0,9500,4,'',0
'20230613daily',38200,125150,4,'',0,38060,4,'',0,7140,4,'',0,3760,4,'',0,6440,4,'',0,9500,4,'',0
'20230614daily',38200,125150,4,'',0,38060,4,'',0,7140,4,'',0,3760,4,'',0,6440,4,'',0,9500,4,'',0
'20230615daily',38200,125150,4,'',0,38060,4,'',0,7140,4,'',0,3760,4,'',0,6440,4,'',0,9500,4,'',0
'20230616daily',38200,125150,4,'',0,38060,4,'',0,7140,4,'',0,3760,4,'',0,6440,4,'',0,9500,4,'',0
'20230612daily',58200,161050,4,'',0,4700,4,'',0,8100,4,'',0,6200,4,'',0
'20230613daily',58200,161050,4,'',0,4700,4,'',0,8100,4,'',0,6200,4,'',0
'20230614daily',58200,161050,4,'',0,4700,4,'',0,8100,4,'',0,6200,4,'',0
'20230615daily',58200,161050,4,'',0,4700,4,'',0,8100,4,'',0,6200,4,'',0
'20230616daily',58200,161050,4,'',0,4700,4,'',0,8100,4,'',0,6200,4,'',0
'20230619daily',58200,160910,4,'',0,5040,4,'',0,8160,4,'',0,6200,4,'',0
'20230620daily',58200,160910,4,'',0,5040,4,'',0,8160,4,'',0,6200,4,'',0
'20230621daily',58200,160910,4,'',0,5040,4,'',0,8160,4,'',0,6200,4,'',0
'20230622daily',58200,160910,4,'',0,5040,4,'',0,8160,4,'',0,6200,4,'',0
'20230626daily',58200,160910,4,'',0,5040,4,'',0,8160,4,'',0,6200,4,'',0
'20230627daily',58200,160910,4,'',0,5040,4,'',0,8160,4,'',0,6200,4,'',0
'20230616daily',98200,261810,,'',0
'20230617daily',98200,261810,,'',0
'20230623daily',98200,261810,,'',0
'20230624daily',98200,261810,,'',0
