'20240402daily',38400,161540,4,'',0,3310,4,'',0,8490,4,'',0,6700,4,'',0,5000,4,'',0
'20240403daily',38400,161540,4,'',0,3310,4,'',0,8490,4,'',0,6700,4,'',0,5000,4,'',0
'20240404daily',38400,161540,4,'',0,3310,4,'',0,8490,4,'',0,6700,4,'',0,5000,4,'',0
'20240405daily',38400,161540,4,'',0,3310,4,'',0,8490,4,'',0,6700,4,'',0,5000,4,'',0
'20240408daily',38400,161540,4,'',0,3310,4,'',0,8490,4,'',0,6700,4,'',0,5000,4,'',0
'20240409daily',38400,161540,4,'',0,3310,4,'',0,8490,4,'',0,6700,4,'',0,5000,4,'',0
'20240410daily',38400,161540,4,'',0,3310,4,'',0,8490,4,'',0,6700,4,'',0,5000,4,'',0
'20240411daily',38400,161540,4,'',0,3310,4,'',0,8490,4,'',0,6700,4,'',0,5000,4,'',0
'20240412daily',38400,161540,4,'',0,3310,4,'',0,8490,4,'',0,6700,4,'',0,5000,4,'',0
'20240415daily',38400,161540,4,'',0,3310,4,'',0,8490,4,'',0,6700,4,'',0,5000,4,'',0
'20240402daily',58400,164030,4,'',0,8400,4,'',0,7580,4,'',0
'20240403daily',58400,164030,4,'',0,8400,4,'',0,7580,4,'',0
'20240404daily',58400,164030,4,'',0,8400,4,'',0,7580,4,'',0
'20240405daily',58400,164030,4,'',0,8400,4,'',0,7580,4,'',0
'20240408daily',58400,172430,4,'',0,7580,4,'',0
'20240409daily',58400,172430,4,'',0,7580,4,'',0
'20240410daily',58400,172430,4,'',0,7580,4,'',0
'20240411daily',58400,172430,4,'',0,7580,4,'',0
'20240412daily',58400,172430,4,'',0,7580,4,'',0
'20240415daily',58400,172430,4,'',0,7580,4,'',0
'20240405daily',97203,261840,,'',0
'20240406daily',97203,261840,,'',0
'20240412daily',97203,261840,,'',0
'20240413daily',97203,261840,,'',0
