'20230306daily',5800,70000,,'',0,10000,,'',0,3000,,'',0,7500,,'',0,3800,,'',0,9900,,'',0,9900,,'',0,10200,,'',0,10000,,'',0,9800,,'',0,7400,,'',0,2700,,'',0,8000,,'',0,2200,,'',0,7100,,'',0,3100,,'',0,6900,,'',0,3000,,'',0,10000,,'',0,10000,,'',0,10000,,'',0,10000,,'',0,10000,,'',0
'20230306daily',5801,62200,4,'',0,3100,4,'',0,7100,4,'',0,3000,4,'',0,7000,4,'',0,7600,4,'',0,3900,4,'',0,9700,4,'',0,10000,4,'',0,10000,4,'',0,10000,4,'',0,10000,4,'',0,9900,4,'',0,10500,4,'',0,10200,4,'',0,9700,4,'',0,9900,4,'',0,9800,4,'',0,10000,4,'',0,9900,4,'',0,9900,4,'',0
'20230307daily',5800,70000,,'',0,10000,,'',0,3000,,'',0,7500,,'',0,3800,,'',0,9900,,'',0,9900,,'',0,10200,,'',0,10000,,'',0,9800,,'',0,7400,,'',0,2700,,'',0,8000,,'',0,2200,,'',0,7100,,'',0,3100,,'',0,6900,,'',0,3000,,'',0,10000,,'',0,10000,,'',0,10000,,'',0,10000,,'',0,10000,,'',0
'20230307daily',5801,62200,4,'',0,3100,4,'',0,7100,4,'',0,3000,4,'',0,7000,4,'',0,7600,4,'',0,3900,4,'',0,9700,4,'',0,10000,4,'',0,10000,4,'',0,10000,4,'',0,10000,4,'',0,9900,4,'',0,10500,4,'',0,10200,4,'',0,9700,4,'',0,9900,4,'',0,9800,4,'',0,10000,4,'',0,9900,4,'',0,9900,4,'',0
'20230308daily',5800,70000,,'',0,10000,,'',0,3000,,'',0,7500,,'',0,3800,,'',0,9900,,'',0,9900,,'',0,10200,,'',0,10000,,'',0,9800,,'',0,7400,,'',0,2700,,'',0,8000,,'',0,2200,,'',0,7100,,'',0,3100,,'',0,6900,,'',0,3000,,'',0,10000,,'',0,10000,,'',0,10000,,'',0,10000,,'',0,10000,,'',0
'20230308daily',5801,62200,4,'',0,3100,4,'',0,7100,4,'',0,3000,4,'',0,7000,4,'',0,7600,4,'',0,3900,4,'',0,9700,4,'',0,10000,4,'',0,10000,4,'',0,10000,4,'',0,10000,4,'',0,9900,4,'',0,10500,4,'',0,10200,4,'',0,9700,4,'',0,9900,4,'',0,9800,4,'',0,10000,4,'',0,9900,4,'',0,9900,4,'',0
'20230309daily',5800,70000,,'',0,10000,,'',0,3000,,'',0,7500,,'',0,3800,,'',0,9900,,'',0,9900,,'',0,10200,,'',0,10000,,'',0,9800,,'',0,7400,,'',0,2700,,'',0,8000,,'',0,2200,,'',0,7100,,'',0,3100,,'',0,6900,,'',0,3000,,'',0,10000,,'',0,10000,,'',0,10000,,'',0,10000,,'',0,10000,,'',0
'20230309daily',5801,62200,4,'',0,3100,4,'',0,7100,4,'',0,3000,4,'',0,7000,4,'',0,7600,4,'',0,3900,4,'',0,9700,4,'',0,10000,4,'',0,10000,4,'',0,10000,4,'',0,10000,4,'',0,9900,4,'',0,10500,4,'',0,10200,4,'',0,9700,4,'',0,9900,4,'',0,9800,4,'',0,10000,4,'',0,9900,4,'',0,9900,4,'',0
'20230310daily',5800,70000,,'',0,10000,,'',0,3000,,'',0,7500,,'',0,3800,,'',0,9900,,'',0,9900,,'',0,10200,,'',0,10000,,'',0,9800,,'',0,7400,,'',0,2700,,'',0,8000,,'',0,2200,,'',0,7100,,'',0,3100,,'',0,6900,,'',0,3000,,'',0,10000,,'',0,10000,,'',0,10000,,'',0,10000,,'',0,10000,,'',0
'20230310daily',5801,62200,4,'',0,3100,4,'',0,7100,4,'',0,3000,4,'',0,7000,4,'',0,7600,4,'',0,3900,4,'',0,9700,4,'',0,10000,4,'',0,10000,4,'',0,10000,4,'',0,10000,4,'',0,9900,4,'',0,10500,4,'',0,10200,4,'',0,9700,4,'',0,9900,4,'',0,9800,4,'',0,10000,4,'',0,9900,4,'',0,9900,4,'',0
'20230311daily',5800,72800,,'',0,10000,,'',0,10000,,'',0,10000,,'',0,10000,,'',0,10000,,'',0,10000,,'',0,10000,,'',0,9900,,'',0,10100,,'',0,10000,,'',0,10000,,'',0,10000,,'',0,10000,,'',0,10000,,'',0,10000,,'',0,10000,,'',0
'20230311daily',5801,72300,4,'',0,10000,4,'',0,10000,4,'',0,10000,4,'',0,10000,4,'',0,10000,4,'',0,10000,4,'',0,10000,4,'',0,10000,4,'',0,10100,4,'',0,9900,4,'',0,9900,4,'',0,10000,4,'',0,10000,4,'',0,10000,4,'',0,10000,4,'',0,10000,4,'',0
'20230312daily',5800,72800,,'',0,10000,,'',0,10000,,'',0,10000,,'',0,10000,,'',0,10000,,'',0,10000,,'',0,10000,,'',0,9900,,'',0,10100,,'',0,10000,,'',0,10000,,'',0,10000,,'',0,10000,,'',0,10000,,'',0,10000,,'',0,10000,,'',0
'20230312daily',5801,72300,4,'',0,10000,4,'',0,10000,4,'',0,10000,4,'',0,10000,4,'',0,10000,4,'',0,10000,4,'',0,10000,4,'',0,10000,4,'',0,10100,4,'',0,9900,4,'',0,9900,4,'',0,10000,4,'',0,10000,4,'',0,10000,4,'',0,10000,4,'',0
'20230313daily',5800,70000,,'',0,10000,,'',0,3000,,'',0,7500,,'',0,3800,,'',0,9900,,'',0,9900,,'',0,10200,,'',0,10000,,'',0,9800,,'',0,7400,,'',0,2700,,'',0,8000,,'',0,2200,,'',0,7100,,'',0,3100,,'',0,6900,,'',0,3000,,'',0,10000,,'',0,10000,,'',0,10000,,'',0,10000,,'',0,10000,,'',0
'20230313daily',5801,62200,4,'',0,3100,4,'',0,7100,4,'',0,3000,4,'',0,7000,4,'',0,7600,4,'',0,3900,4,'',0,9700,4,'',0,10000,4,'',0,10000,4,'',0,10000,4,'',0,10000,4,'',0,9900,4,'',0,10500,4,'',0,10200,4,'',0,9700,4,'',0,9900,4,'',0,9800,4,'',0,10000,4,'',0,9900,4,'',0,9900,4,'',0
'20230314daily',5800,70000,,'',0,10000,,'',0,3000,,'',0,7500,,'',0,3800,,'',0,9900,,'',0,9900,,'',0,10200,,'',0,10000,,'',0,9800,,'',0,7400,,'',0,2700,,'',0,8000,,'',0,2200,,'',0,7100,,'',0,3100,,'',0,6900,,'',0,3000,,'',0,10000,,'',0,10000,,'',0,10000,,'',0,10000,,'',0,10000,,'',0
'20230314daily',5801,62200,4,'',0,3100,4,'',0,7100,4,'',0,3000,4,'',0,7000,4,'',0,7600,4,'',0,3900,4,'',0,9700,4,'',0,10000,4,'',0,10000,4,'',0,10000,4,'',0,10000,4,'',0,9900,4,'',0,10500,4,'',0,10200,4,'',0,9700,4,'',0,9900,4,'',0,9800,4,'',0,10000,4,'',0,9900,4,'',0,9900,4,'',0
'20230315daily',5800,70000,,'',0,10000,,'',0,3000,,'',0,7500,,'',0,3800,,'',0,9900,,'',0,9900,,'',0,10200,,'',0,10000,,'',0,9800,,'',0,7400,,'',0,2700,,'',0,8000,,'',0,2200,,'',0,7100,,'',0,3100,,'',0,6900,,'',0,3000,,'',0,10000,,'',0,10000,,'',0,10000,,'',0,10000,,'',0,10000,,'',0
'20230315daily',5801,62200,4,'',0,3100,4,'',0,7100,4,'',0,3000,4,'',0,7000,4,'',0,7600,4,'',0,3900,4,'',0,9700,4,'',0,10000,4,'',0,10000,4,'',0,10000,4,'',0,10000,4,'',0,9900,4,'',0,10500,4,'',0,10200,4,'',0,9700,4,'',0,9900,4,'',0,9800,4,'',0,10000,4,'',0,9900,4,'',0,9900,4,'',0
'20230316daily',5800,70000,,'',0,10000,,'',0,3000,,'',0,7500,,'',0,3800,,'',0,9900,,'',0,9900,,'',0,10200,,'',0,10000,,'',0,9800,,'',0,7400,,'',0,2700,,'',0,8000,,'',0,2200,,'',0,7100,,'',0,3100,,'',0,6900,,'',0,3000,,'',0,10000,,'',0,10000,,'',0,10000,,'',0,10000,,'',0,10000,,'',0
'20230316daily',5801,62200,4,'',0,3100,4,'',0,7100,4,'',0,3000,4,'',0,7000,4,'',0,7600,4,'',0,3900,4,'',0,9700,4,'',0,10000,4,'',0,10000,4,'',0,10000,4,'',0,10000,4,'',0,9900,4,'',0,10500,4,'',0,10200,4,'',0,9700,4,'',0,9900,4,'',0,9800,4,'',0,10000,4,'',0,9900,4,'',0,9900,4,'',0
'20230317daily',5800,70000,,'',0,10000,,'',0,3000,,'',0,7500,,'',0,3800,,'',0,9900,,'',0,9900,,'',0,10200,,'',0,10000,,'',0,9800,,'',0,7400,,'',0,2700,,'',0,8000,,'',0,2200,,'',0,7100,,'',0,3100,,'',0,6900,,'',0,3000,,'',0,10000,,'',0,10000,,'',0,10000,,'',0,10000,,'',0,10000,,'',0
'20230317daily',5801,62200,4,'',0,3100,4,'',0,7100,4,'',0,3000,4,'',0,7000,4,'',0,7600,4,'',0,3900,4,'',0,9700,4,'',0,10000,4,'',0,10000,4,'',0,10000,4,'',0,10000,4,'',0,9900,4,'',0,10500,4,'',0,10200,4,'',0,9700,4,'',0,9900,4,'',0,9800,4,'',0,10000,4,'',0,9900,4,'',0,9900,4,'',0
'20230318daily',5800,72800,,'',0,10000,,'',0,10000,,'',0,10000,,'',0,10000,,'',0,10000,,'',0,10000,,'',0,10000,,'',0,9900,,'',0,10100,,'',0,10000,,'',0,10000,,'',0,10000,,'',0,10000,,'',0,10000,,'',0,10000,,'',0,10000,,'',0
'20230318daily',5801,72300,4,'',0,10000,4,'',0,10000,4,'',0,10000,4,'',0,10000,4,'',0,10000,4,'',0,10000,4,'',0,10000,4,'',0,10000,4,'',0,10100,4,'',0,9900,4,'',0,9900,4,'',0,10000,4,'',0,10000,4,'',0,10000,4,'',0,10000,4,'',0,10000,4,'',0
'20230319daily',5800,72800,,'',0,10000,,'',0,10000,,'',0,10000,,'',0,10000,,'',0,10000,,'',0,10000,,'',0,10000,,'',0,9900,,'',0,10100,,'',0,10000,,'',0,10000,,'',0,10000,,'',0,10000,,'',0,10000,,'',0,10000,,'',0,10000,,'',0
'20230319daily',5801,72300,4,'',0,10000,4,'',0,10000,4,'',0,10000,4,'',0,10000,4,'',0,10000,4,'',0,10000,4,'',0,10000,4,'',0,10000,4,'',0,10100,4,'',0,9900,4,'',0,9900,4,'',0,10000,4,'',0,10000,4,'',0,10000,4,'',0,10000,4,'',0
'20230320daily',5800,70000,,'',0,10000,,'',0,3000,,'',0,7500,,'',0,3800,,'',0,9900,,'',0,9900,,'',0,10200,,'',0,10000,,'',0,9800,,'',0,7400,,'',0,2700,,'',0,8000,,'',0,2200,,'',0,7100,,'',0,3100,,'',0,6900,,'',0,3000,,'',0,10000,,'',0,10000,,'',0,10000,,'',0,10000,,'',0,10000,,'',0
'20230320daily',5801,62200,4,'',0,3100,4,'',0,7100,4,'',0,3000,4,'',0,7000,4,'',0,7600,4,'',0,3900,4,'',0,9700,4,'',0,10000,4,'',0,10000,4,'',0,10000,4,'',0,10000,4,'',0,9900,4,'',0,10500,4,'',0,10200,4,'',0,9700,4,'',0,9900,4,'',0,9800,4,'',0,10000,4,'',0,9900,4,'',0,9900,4,'',0
'20230321daily',5800,70000,,'',0,10000,,'',0,3000,,'',0,7500,,'',0,3800,,'',0,9900,,'',0,9900,,'',0,10200,,'',0,10000,,'',0,9800,,'',0,7400,,'',0,2700,,'',0,8000,,'',0,2200,,'',0,7100,,'',0,3100,,'',0,6900,,'',0,3000,,'',0,10000,,'',0,10000,,'',0,10000,,'',0,10000,,'',0,10000,,'',0
'20230321daily',5801,62200,4,'',0,3100,4,'',0,7100,4,'',0,3000,4,'',0,7000,4,'',0,7600,4,'',0,3900,4,'',0,9700,4,'',0,10000,4,'',0,10000,4,'',0,10000,4,'',0,10000,4,'',0,9900,4,'',0,10500,4,'',0,10200,4,'',0,9700,4,'',0,9900,4,'',0,9800,4,'',0,10000,4,'',0,9900,4,'',0,9900,4,'',0
'20230306daily',25800,155600,,'',0,7000,,'',0,3100,,'',0,7100,,'',0
'20230307daily',25800,155600,,'',0,7000,,'',0,3100,,'',0,7100,,'',0
'20230308daily',25800,155600,,'',0,7000,,'',0,3100,,'',0,7100,,'',0
'20230309daily',25800,155600,,'',0,7000,,'',0,3100,,'',0,7100,,'',0
'20230310daily',25800,155600,,'',0,7000,,'',0,3100,,'',0,7100,,'',0
'20230313daily',25800,155600,,'',0,7000,,'',0,3100,,'',0,7100,,'',0
'20230314daily',25800,155600,,'',0,7000,,'',0,3100,,'',0,7100,,'',0
'20230315daily',25800,155600,,'',0,7000,,'',0,3100,,'',0,7100,,'',0
'20230316daily',25800,155600,,'',0,7000,,'',0,3100,,'',0,7100,,'',0
'20230317daily',25800,155600,,'',0,7000,,'',0,3100,,'',0,7100,,'',0
'20230320daily',25800,155600,,'',0,7000,,'',0,3100,,'',0,7100,,'',0
'20230321daily',25800,155600,,'',0,7000,,'',0,3100,,'',0,7100,,'',0
'20230314daily',1000301,161000,,'',0
'20230315daily',1000301,161000,,'',0
'20230316daily',1000301,161000,,'',0
'20230317daily',1000301,161000,,'',0
'20230320daily',1000301,161000,,'',0
'20230321daily',1000301,161000,,'',0
