'20230911daily',33100,170320,4,'',0,3990,4,'',0,7000,4,'',0
'20230912daily',33100,170320,4,'',0,3990,4,'',0,7000,4,'',0
'20230913daily',33100,170320,4,'',0,3990,4,'',0,7000,4,'',0
'20230914daily',33100,170320,4,'',0,3990,4,'',0,7000,4,'',0
'20230915daily',33100,170320,4,'',0,3990,4,'',0,7000,4,'',0
'20230918daily',33100,170320,4,'',0,3990,4,'',0,7000,4,'',0
'20230919daily',33100,170320,4,'',0,3990,4,'',0,7000,4,'',0
'20230920daily',33100,170320,4,'',0,3990,4,'',0,7000,4,'',0
'20230921daily',33100,170320,4,'',0,3990,4,'',0,7000,4,'',0
'20230922daily',33100,170320,4,'',0,3990,4,'',0,7000,4,'',0
'20230925daily',33100,170320,4,'',0,3990,4,'',0,7000,4,'',0
