'20231008daily',100,64500,4,'',1,10200,4,'',1,10200,4,'',1,10000,4,'',1,10200,4,'',1,10100,4,'',1,10000,4,'',1,7100,4,'',1,3000,4,'',1,7100,4,'',1,3000,4,'',1,7100,4,'',1,3000,4,'',1,7000,4,'',1,2900,4,'',1,7000,4,'',1,2900,4,'',1,7000,4,'',1,2800,4,'',1,9900,4,'',1,10000,4,'',1,9800,4,'',1,10000,4,'',1,9900,4,'',1,9800,4,'',1
'20231008daily',101,55500,,'',1,9800,,'',1,9800,,'',1,9900,,'',1,9700,,'',1,10000,,'',1,7000,,'',1,2900,,'',1,7000,,'',1,3000,,'',1,6900,,'',1,3000,,'',1,7100,,'',1,3000,,'',1,7000,,'',1,3000,,'',1,7000,,'',1,3000,,'',1,10100,,'',1,10300,,'',1,10200,,'',1,10200,,'',1,10000,,'',1,10100,,'',1,10000,,'',1
'20231009daily',100,64500,4,'',1,10200,4,'',1,10200,4,'',1,10000,4,'',1,10200,4,'',1,10100,4,'',1,10000,4,'',1,7100,4,'',1,3000,4,'',1,7100,4,'',1,3000,4,'',1,7100,4,'',1,3000,4,'',1,7000,4,'',1,2900,4,'',1,7000,4,'',1,2900,4,'',1,7000,4,'',1,2800,4,'',1,9900,4,'',1,10000,4,'',1,9800,4,'',1,10000,4,'',1,9900,4,'',1,9800,4,'',1
'20231009daily',101,55500,,'',1,9800,,'',1,9800,,'',1,9900,,'',1,9700,,'',1,10000,,'',1,7000,,'',1,2900,,'',1,7000,,'',1,3000,,'',1,6900,,'',1,3000,,'',1,7100,,'',1,3000,,'',1,7000,,'',1,3000,,'',1,7000,,'',1,3000,,'',1,10100,,'',1,10300,,'',1,10200,,'',1,10200,,'',1,10000,,'',1,10100,,'',1,10000,,'',1
'20231010daily',100,65700,4,'',1,5100,4,'',1,2400,4,'',1,1700,4,'',1,5700,4,'',1,1600,4,'',1,1400,4,'',1,1300,4,'',1,5300,4,'',1,1700,4,'',1,1300,4,'',1,1600,4,'',1,5400,4,'',1,1500,4,'',1,3000,4,'',1,7100,4,'',1,3100,4,'',1,7000,4,'',1,3000,4,'',1,7000,4,'',1,3000,4,'',1,7000,4,'',1,3000,4,'',1,7200,4,'',1,3200,4,'',1,5900,4,'',1,1100,4,'',1,1900,4,'',1,1300,4,'',1,5900,4,'',1,1400,4,'',1,1500,4,'',1,1200,4,'',1,6700,4,'',1,2900,4,'',1,6700,4,'',1,2900,4,'',1,7100,4,'',1,3100,4,'',1,7000,4,'',1,3000,4,'',1,10000,4,'',1,9900,4,'',1,9900,4,'',1
'20231010daily',101,54700,,'',1,5500,,'',1,1500,,'',1,1400,,'',1,1300,,'',1,1000,,'',1,5800,,'',1,1400,,'',1,1300,,'',1,1600,,'',1,5600,,'',1,1600,,'',1,1600,,'',1,1500,,'',1,5400,,'',1,1600,,'',1,1400,,'',1,7000,,'',1,2900,,'',1,7000,,'',1,3000,,'',1,7000,,'',1,3000,,'',1,7000,,'',1,3000,,'',1,7000,,'',1,3000,,'',1,1500,,'',1,5500,,'',1,1300,,'',1,1200,,'',1,1600,,'',1,5300,,'',1,1600,,'',1,1800,,'',1,1800,,'',1,5700,,'',1,3000,,'',1,7300,,'',1,3000,,'',1,7100,,'',1,3300,,'',1,7100,,'',1,3100,,'',1,10000,,'',1,10100,,'',1,10000,,'',1
'20231011daily',100,65700,4,'',1,5100,4,'',1,2400,4,'',1,1700,4,'',1,5700,4,'',1,1600,4,'',1,1400,4,'',1,1300,4,'',1,5300,4,'',1,1700,4,'',1,1300,4,'',1,1600,4,'',1,5400,4,'',1,1500,4,'',1,3000,4,'',1,7100,4,'',1,3100,4,'',1,7000,4,'',1,3000,4,'',1,7000,4,'',1,3000,4,'',1,7000,4,'',1,3000,4,'',1,7200,4,'',1,3200,4,'',1,5900,4,'',1,1100,4,'',1,1900,4,'',1,1300,4,'',1,5900,4,'',1,1400,4,'',1,1500,4,'',1,1200,4,'',1,6700,4,'',1,2900,4,'',1,6700,4,'',1,2900,4,'',1,7100,4,'',1,3100,4,'',1,7000,4,'',1,3000,4,'',1,10000,4,'',1,9900,4,'',1,9900,4,'',1
'20231011daily',101,54700,,'',1,5500,,'',1,1500,,'',1,1400,,'',1,1300,,'',1,1000,,'',1,5800,,'',1,1400,,'',1,1300,,'',1,1600,,'',1,5600,,'',1,1600,,'',1,1600,,'',1,1500,,'',1,5400,,'',1,1600,,'',1,1400,,'',1,7000,,'',1,2900,,'',1,7000,,'',1,3000,,'',1,7000,,'',1,3000,,'',1,7000,,'',1,3000,,'',1,7000,,'',1,3000,,'',1,1500,,'',1,5500,,'',1,1300,,'',1,1200,,'',1,1600,,'',1,5300,,'',1,1600,,'',1,3600,,'',1,5700,,'',1,3000,,'',1,7300,,'',1,3000,,'',1,7100,,'',1,3300,,'',1,7100,,'',1,3100,,'',1,10000,,'',1,10100,,'',1,10000,,'',1
'20231012daily',100,65700,4,'',1,5100,4,'',1,2400,4,'',1,1700,4,'',1,5700,4,'',1,1600,4,'',1,1400,4,'',1,1300,4,'',1,5300,4,'',1,1700,4,'',1,1300,4,'',1,1600,4,'',1,5400,4,'',1,1500,4,'',1,3000,4,'',1,7100,4,'',1,3100,4,'',1,7000,4,'',1,3000,4,'',1,7000,4,'',1,3000,4,'',1,7000,4,'',1,3000,4,'',1,7200,4,'',1,3200,4,'',1,5900,4,'',1,1100,4,'',1,1900,4,'',1,1300,4,'',1,5900,4,'',1,1400,4,'',1,1500,4,'',1,1200,4,'',1,6700,4,'',1,2900,4,'',1,6700,4,'',1,2900,4,'',1,7100,4,'',1,3100,4,'',1,7000,4,'',1,3000,4,'',1,10000,4,'',1,9900,4,'',1,9900,4,'',1
'20231012daily',101,54700,,'',1,5500,,'',1,1500,,'',1,1400,,'',1,1300,,'',1,1000,,'',1,5800,,'',1,1400,,'',1,1300,,'',1,1600,,'',1,5600,,'',1,1600,,'',1,1600,,'',1,1500,,'',1,5400,,'',1,1600,,'',1,1400,,'',1,7000,,'',1,2900,,'',1,7000,,'',1,3000,,'',1,7000,,'',1,3000,,'',1,7000,,'',1,3000,,'',1,7000,,'',1,3000,,'',1,1500,,'',1,5500,,'',1,1300,,'',1,1200,,'',1,1600,,'',1,5300,,'',1,1600,,'',1,1800,,'',1,1800,,'',1,5700,,'',1,3000,,'',1,7300,,'',1,3000,,'',1,7100,,'',1,3300,,'',1,7100,,'',1,3100,,'',1,10000,,'',1,10100,,'',1,10000,,'',1
'20231013daily',100,65700,4,'',1,5100,4,'',1,2400,4,'',1,1700,4,'',1,5700,4,'',1,1600,4,'',1,1400,4,'',1,1300,4,'',1,5300,4,'',1,1700,4,'',1,1300,4,'',1,1600,4,'',1,5400,4,'',1,1500,4,'',1,3000,4,'',1,7100,4,'',1,3100,4,'',1,7000,4,'',1,3000,4,'',1,7000,4,'',1,3000,4,'',1,7000,4,'',1,3000,4,'',1,7200,4,'',1,3200,4,'',1,5900,4,'',1,1100,4,'',1,1900,4,'',1,1300,4,'',1,5900,4,'',1,1400,4,'',1,1500,4,'',1,1200,4,'',1,6700,4,'',1,2900,4,'',1,6700,4,'',1,2900,4,'',1,7100,4,'',1,3100,4,'',1,7000,4,'',1,3000,4,'',1,10000,4,'',1,9900,4,'',1,9900,4,'',1
'20231013daily',101,54700,,'',1,5500,,'',1,1500,,'',1,1400,,'',1,1300,,'',1,1000,,'',1,5800,,'',1,1400,,'',1,1300,,'',1,1600,,'',1,5600,,'',1,1600,,'',1,1600,,'',1,1500,,'',1,5400,,'',1,1600,,'',1,1400,,'',1,7000,,'',1,2900,,'',1,7000,,'',1,3000,,'',1,7000,,'',1,3000,,'',1,7000,,'',1,3000,,'',1,7000,,'',1,3000,,'',1,1500,,'',1,5500,,'',1,1300,,'',1,1200,,'',1,1600,,'',1,5300,,'',1,1600,,'',1,1800,,'',1,1800,,'',1,5700,,'',1,3000,,'',1,7300,,'',1,3000,,'',1,7100,,'',1,3300,,'',1,7100,,'',1,3100,,'',1,10000,,'',1,10100,,'',1,10000,,'',1
'20231014daily',100,64500,4,'',1,10200,4,'',1,10200,4,'',1,10000,4,'',1,10200,4,'',1,10100,4,'',1,10000,4,'',1,7100,4,'',1,3000,4,'',1,7100,4,'',1,3000,4,'',1,7100,4,'',1,3000,4,'',1,7000,4,'',1,2900,4,'',1,7000,4,'',1,2900,4,'',1,7000,4,'',1,2800,4,'',1,9900,4,'',1,10000,4,'',1,9800,4,'',1,10000,4,'',1,9900,4,'',1,9800,4,'',1
'20231014daily',101,55500,,'',1,9800,,'',1,9800,,'',1,9900,,'',1,9700,,'',1,10000,,'',1,7000,,'',1,2900,,'',1,7000,,'',1,3000,,'',1,6900,,'',1,3000,,'',1,7000,,'',1,3100,,'',1,7000,,'',1,3000,,'',1,7000,,'',1,3000,,'',1,10100,,'',1,10300,,'',1,10200,,'',1,10200,,'',1,10000,,'',1,10100,,'',1,10000,,'',1
'20231015daily',100,64500,4,'',1,10200,4,'',1,10200,4,'',1,10000,4,'',1,10200,4,'',1,10100,4,'',1,10000,4,'',1,7100,4,'',1,3000,4,'',1,7100,4,'',1,3000,4,'',1,7100,4,'',1,3000,4,'',1,7000,4,'',1,2900,4,'',1,7000,4,'',1,2900,4,'',1,7000,4,'',1,2800,4,'',1,9900,4,'',1,10000,4,'',1,9800,4,'',1,10000,4,'',1,9900,4,'',1,9800,4,'',1
'20231015daily',101,55500,,'',1,9800,,'',1,9800,,'',1,9900,,'',1,9700,,'',1,10000,,'',1,7000,,'',1,2900,,'',1,7000,,'',1,3000,,'',1,6900,,'',1,3000,,'',1,7100,,'',1,3000,,'',1,7000,,'',1,3000,,'',1,7000,,'',1,3000,,'',1,10100,,'',1,10300,,'',1,10200,,'',1,10200,,'',1,10000,,'',1,10100,,'',1,10000,,'',1
'20231016daily',100,65700,4,'',1,5100,4,'',1,2400,4,'',1,1700,4,'',1,5700,4,'',1,1600,4,'',1,1400,4,'',1,1300,4,'',1,5300,4,'',1,1700,4,'',1,1300,4,'',1,1600,4,'',1,5400,4,'',1,1500,4,'',1,3000,4,'',1,7100,4,'',1,3100,4,'',1,7000,4,'',1,3000,4,'',1,7000,4,'',1,3000,4,'',1,7000,4,'',1,3000,4,'',1,7200,4,'',1,3200,4,'',1,5900,4,'',1,1100,4,'',1,1900,4,'',1,1300,4,'',1,5900,4,'',1,1400,4,'',1,1500,4,'',1,1200,4,'',1,6700,4,'',1,2900,4,'',1,6700,4,'',1,2900,4,'',1,7100,4,'',1,3100,4,'',1,7000,4,'',1,3000,4,'',1,10000,4,'',1,9900,4,'',1,9900,4,'',1
'20231016daily',101,54700,,'',1,5500,,'',1,1500,,'',1,1400,,'',1,1300,,'',1,1000,,'',1,5800,,'',1,1400,,'',1,1300,,'',1,1600,,'',1,5600,,'',1,1600,,'',1,1600,,'',1,1500,,'',1,5400,,'',1,1600,,'',1,1400,,'',1,7000,,'',1,2900,,'',1,7000,,'',1,3000,,'',1,7000,,'',1,3000,,'',1,7000,,'',1,3000,,'',1,7000,,'',1,3000,,'',1,1500,,'',1,5500,,'',1,1300,,'',1,1200,,'',1,1600,,'',1,5300,,'',1,1600,,'',1,1800,,'',1,1800,,'',1,5700,,'',1,3000,,'',1,7300,,'',1,3000,,'',1,7100,,'',1,3300,,'',1,7100,,'',1,3100,,'',1,10000,,'',1,10100,,'',1,10000,,'',1
'20231017daily',100,65700,4,'',1,5100,4,'',1,2400,4,'',1,1700,4,'',1,5700,4,'',1,1600,4,'',1,1400,4,'',1,1300,4,'',1,5300,4,'',1,1700,4,'',1,1300,4,'',1,1600,4,'',1,5400,4,'',1,1500,4,'',1,3000,4,'',1,7100,4,'',1,3100,4,'',1,7000,4,'',1,3000,4,'',1,7000,4,'',1,3000,4,'',1,7000,4,'',1,3000,4,'',1,7200,4,'',1,3200,4,'',1,5900,4,'',1,1100,4,'',1,1900,4,'',1,1300,4,'',1,5900,4,'',1,1400,4,'',1,1500,4,'',1,1200,4,'',1,6700,4,'',1,2900,4,'',1,6700,4,'',1,2900,4,'',1,7100,4,'',1,3100,4,'',1,7000,4,'',1,3000,4,'',1,10000,4,'',1,9900,4,'',1,9900,4,'',1
'20231017daily',101,54700,,'',1,5500,,'',1,1500,,'',1,1400,,'',1,1300,,'',1,1000,,'',1,5800,,'',1,1400,,'',1,1300,,'',1,1600,,'',1,5600,,'',1,1600,,'',1,1600,,'',1,1500,,'',1,5400,,'',1,1600,,'',1,1400,,'',1,7000,,'',1,2900,,'',1,7000,,'',1,3000,,'',1,7000,,'',1,3000,,'',1,7000,,'',1,3000,,'',1,7000,,'',1,3000,,'',1,1500,,'',1,5500,,'',1,1300,,'',1,1200,,'',1,1600,,'',1,5300,,'',1,1600,,'',1,1800,,'',1,1800,,'',1,5700,,'',1,3000,,'',1,7300,,'',1,3000,,'',1,7100,,'',1,3300,,'',1,7100,,'',1,3100,,'',1,10000,,'',1,10100,,'',1,10000,,'',1
'20231018daily',100,65700,4,'',1,5100,4,'',1,2400,4,'',1,1700,4,'',1,5700,4,'',1,1600,4,'',1,1400,4,'',1,1300,4,'',1,5300,4,'',1,1700,4,'',1,1300,4,'',1,1600,4,'',1,5400,4,'',1,1500,4,'',1,3000,4,'',1,7100,4,'',1,3100,4,'',1,7000,4,'',1,3000,4,'',1,7000,4,'',1,3000,4,'',1,7000,4,'',1,3000,4,'',1,7200,4,'',1,3200,4,'',1,5900,4,'',1,1100,4,'',1,1900,4,'',1,1300,4,'',1,5900,4,'',1,1400,4,'',1,1500,4,'',1,1200,4,'',1,6700,4,'',1,2900,4,'',1,6700,4,'',1,2900,4,'',1,7100,4,'',1,3100,4,'',1,7000,4,'',1,3000,4,'',1,10000,4,'',1,9900,4,'',1,9900,4,'',1
'20231018daily',101,54700,,'',1,5500,,'',1,1500,,'',1,1400,,'',1,1300,,'',1,1000,,'',1,5800,,'',1,1400,,'',1,1300,,'',1,1600,,'',1,5600,,'',1,1600,,'',1,1600,,'',1,1500,,'',1,5400,,'',1,1600,,'',1,1400,,'',1,7000,,'',1,2900,,'',1,7000,,'',1,3000,,'',1,7000,,'',1,3000,,'',1,7000,,'',1,3000,,'',1,7000,,'',1,3000,,'',1,1500,,'',1,5500,,'',1,1300,,'',1,1200,,'',1,1600,,'',1,5300,,'',1,1600,,'',1,1800,,'',1,1800,,'',1,5700,,'',1,3000,,'',1,7300,,'',1,3000,,'',1,7100,,'',1,3300,,'',1,7100,,'',1,3100,,'',1,10000,,'',1,10100,,'',1,10000,,'',1
'20231019daily',100,65700,4,'',1,5100,4,'',1,2400,4,'',1,1700,4,'',1,5700,4,'',1,1600,4,'',1,1400,4,'',1,1300,4,'',1,5300,4,'',1,1700,4,'',1,1300,4,'',1,1600,4,'',1,5400,4,'',1,1500,4,'',1,3000,4,'',1,7100,4,'',1,3100,4,'',1,7000,4,'',1,3000,4,'',1,7000,4,'',1,3000,4,'',1,7000,4,'',1,3000,4,'',1,7200,4,'',1,3200,4,'',1,5900,4,'',1,1100,4,'',1,1900,4,'',1,1300,4,'',1,5900,4,'',1,1400,4,'',1,1500,4,'',1,1200,4,'',1,6700,4,'',1,2900,4,'',1,6700,4,'',1,2900,4,'',1,7100,4,'',1,3100,4,'',1,7000,4,'',1,3000,4,'',1,10000,4,'',1,9900,4,'',1,9900,4,'',1
'20231019daily',101,54700,,'',1,5500,,'',1,1500,,'',1,1400,,'',1,1300,,'',1,1000,,'',1,5800,,'',1,1400,,'',1,1300,,'',1,1600,,'',1,5600,,'',1,1600,,'',1,1600,,'',1,1500,,'',1,5400,,'',1,1600,,'',1,1400,,'',1,7000,,'',1,2900,,'',1,7000,,'',1,3000,,'',1,7000,,'',1,3000,,'',1,7000,,'',1,3000,,'',1,7000,,'',1,3000,,'',1,1500,,'',1,5500,,'',1,1300,,'',1,1200,,'',1,1600,,'',1,5300,,'',1,1600,,'',1,1800,,'',1,1800,,'',1,5700,,'',1,3000,,'',1,7300,,'',1,3000,,'',1,7100,,'',1,3300,,'',1,7100,,'',1,3100,,'',1,10000,,'',1,10100,,'',1,10000,,'',1
'20231020daily',100,65700,4,'',1,5100,4,'',1,2400,4,'',1,1700,4,'',1,5700,4,'',1,1600,4,'',1,1400,4,'',1,1300,4,'',1,5300,4,'',1,1700,4,'',1,1300,4,'',1,1600,4,'',1,5400,4,'',1,1500,4,'',1,3000,4,'',1,7100,4,'',1,3100,4,'',1,7000,4,'',1,3000,4,'',1,7000,4,'',1,3000,4,'',1,7000,4,'',1,3000,4,'',1,7200,4,'',1,3200,4,'',1,5900,4,'',1,1100,4,'',1,1900,4,'',1,1300,4,'',1,5900,4,'',1,1400,4,'',1,1500,4,'',1,1200,4,'',1,6700,4,'',1,2900,4,'',1,6700,4,'',1,2900,4,'',1,7100,4,'',1,3100,4,'',1,7000,4,'',1,3000,4,'',1,10000,4,'',1,9900,4,'',1,9900,4,'',1
'20231020daily',101,54700,,'',1,5500,,'',1,1500,,'',1,1400,,'',1,1300,,'',1,1000,,'',1,5800,,'',1,1400,,'',1,1300,,'',1,1600,,'',1,5600,,'',1,1600,,'',1,1600,,'',1,1500,,'',1,5400,,'',1,1600,,'',1,1400,,'',1,7000,,'',1,2900,,'',1,7000,,'',1,3000,,'',1,7000,,'',1,3000,,'',1,7000,,'',1,3000,,'',1,7000,,'',1,3000,,'',1,1500,,'',1,5500,,'',1,1300,,'',1,1200,,'',1,1600,,'',1,5300,,'',1,1600,,'',1,1800,,'',1,1800,,'',1,5700,,'',1,3000,,'',1,7300,,'',1,3000,,'',1,7100,,'',1,3300,,'',1,7100,,'',1,3100,,'',1,10000,,'',1,10100,,'',1,10000,,'',1
'20231021daily',100,64500,4,'',1,10200,4,'',1,10200,4,'',1,10000,4,'',1,10200,4,'',1,10100,4,'',1,10000,4,'',1,7100,4,'',1,3000,4,'',1,7100,4,'',1,3000,4,'',1,7100,4,'',1,3000,4,'',1,7000,4,'',1,2900,4,'',1,7000,4,'',1,2900,4,'',1,7000,4,'',1,2800,4,'',1,9900,4,'',1,10000,4,'',1,9800,4,'',1,10000,4,'',1,9900,4,'',1,9800,4,'',1
'20231021daily',101,55500,,'',1,9800,,'',1,9800,,'',1,9900,,'',1,9700,,'',1,10000,,'',1,7000,,'',1,2900,,'',1,7000,,'',1,3000,,'',1,6900,,'',1,3000,,'',1,7000,,'',1,3100,,'',1,7000,,'',1,3000,,'',1,7000,,'',1,3000,,'',1,10100,,'',1,10300,,'',1,10200,,'',1,10200,,'',1,10000,,'',1,10100,,'',1,10000,,'',1
'20231022daily',100,64500,4,'',1,10200,4,'',1,10200,4,'',1,10000,4,'',1,10200,4,'',1,10100,4,'',1,10000,4,'',1,7100,4,'',1,3000,4,'',1,7100,4,'',1,3000,4,'',1,7100,4,'',1,3000,4,'',1,7000,4,'',1,2900,4,'',1,7000,4,'',1,2900,4,'',1,7000,4,'',1,2800,4,'',1,9900,4,'',1,10000,4,'',1,9800,4,'',1,10000,4,'',1,9900,4,'',1,9800,4,'',1
'20231022daily',101,55500,,'',1,9800,,'',1,9800,,'',1,9900,,'',1,9700,,'',1,10000,,'',1,7000,,'',1,2900,,'',1,7000,,'',1,3000,,'',1,6900,,'',1,3000,,'',1,7100,,'',1,3000,,'',1,7000,,'',1,3000,,'',1,7000,,'',1,3000,,'',1,10100,,'',1,10300,,'',1,10200,,'',1,10200,,'',1,10000,,'',1,10100,,'',1,10000,,'',1
'20231023daily',100,65700,4,'',1,5100,4,'',1,2400,4,'',1,1700,4,'',1,5700,4,'',1,1600,4,'',1,1400,4,'',1,1300,4,'',1,5300,4,'',1,1700,4,'',1,1300,4,'',1,1600,4,'',1,5400,4,'',1,1500,4,'',1,3000,4,'',1,7100,4,'',1,3100,4,'',1,7000,4,'',1,3000,4,'',1,7000,4,'',1,3000,4,'',1,7000,4,'',1,3000,4,'',1,7200,4,'',1,3200,4,'',1,5900,4,'',1,1100,4,'',1,1900,4,'',1,1300,4,'',1,5900,4,'',1,1400,4,'',1,1500,4,'',1,1200,4,'',1,6700,4,'',1,2900,4,'',1,6700,4,'',1,2900,4,'',1,7100,4,'',1,3100,4,'',1,7000,4,'',1,3000,4,'',1,10000,4,'',1,9900,4,'',1,9900,4,'',1
'20231023daily',101,54700,,'',1,5500,,'',1,1500,,'',1,1400,,'',1,1300,,'',1,1000,,'',1,5800,,'',1,1400,,'',1,1300,,'',1,1600,,'',1,5600,,'',1,1600,,'',1,1600,,'',1,1500,,'',1,5400,,'',1,1600,,'',1,1400,,'',1,7000,,'',1,2900,,'',1,7000,,'',1,3000,,'',1,7000,,'',1,3000,,'',1,7000,,'',1,3000,,'',1,7000,,'',1,3000,,'',1,1500,,'',1,5500,,'',1,1300,,'',1,1200,,'',1,1600,,'',1,5300,,'',1,1600,,'',1,1800,,'',1,1800,,'',1,5700,,'',1,3000,,'',1,7300,,'',1,3000,,'',1,7100,,'',1,3300,,'',1,7100,,'',1,3100,,'',1,10000,,'',1,10100,,'',1,10000,,'',1
'20231010daily',18500,85900,,'',0,66800,,'',0,9100,,'',0,3800,,'',0,6700,,'',0,9300,,'',0
'20231011daily',18500,85900,,'',0,66800,,'',0,9100,,'',0,3800,,'',0,6700,,'',0,9300,,'',0
'20231012daily',18500,85900,,'',0,66800,,'',0,9100,,'',0,3800,,'',0,6700,,'',0,9300,,'',0
'20231013daily',18500,85900,,'',0,66800,,'',0,9100,,'',0,3800,,'',0,6700,,'',0,9300,,'',0
'20231016daily',18500,85900,,'',0,66800,,'',0,9100,,'',0,3800,,'',0,6700,,'',0,9300,,'',0
'20231017daily',18500,85900,,'',0,66800,,'',0,9100,,'',0,3800,,'',0,6700,,'',0,9300,,'',0
'20231018daily',18500,85900,,'',0,66800,,'',0,9100,,'',0,3800,,'',0,6700,,'',0,9300,,'',0
'20231019daily',18500,85900,,'',0,66800,,'',0,9100,,'',0,3800,,'',0,6700,,'',0,9300,,'',0
'20231020daily',18500,85900,,'',0,66800,,'',0,9100,,'',0,3800,,'',0,6700,,'',0,9300,,'',0
'20231023daily',18500,85900,,'',0,66800,,'',0,9100,,'',0,3800,,'',0,6700,,'',0,9300,,'',0
'20231008daily',80202,53000,,'',1,1500,,'',1,1400,,'',1,5400,,'',1,1400,,'',1,1400,,'',1,1500,,'',1,5500,,'',1,1500,,'',1,1500,,'',1,1500,,'',1,5600,,'',1,1600,,'',1,1500,,'',1,1500,,'',1,5500,,'',1,1500,,'',1,1600,,'',1,1500,,'',1,5400,,'',1,1600,,'',1,1500,,'',1,1500,,'',1,5500,,'',1,1500,,'',1,1500,,'',1,1500,,'',1,5500,,'',1,1500,,'',1,1500,,'',1,1500,,'',1,5600,,'',1,1500,,'',1,1500,,'',1,5500,,'',1,1500,,'',1,1500,,'',1,1500,,'',1,5500,,'',1,1500,,'',1,1500,,'',1,1500,,'',1,5500,,'',1,1500,,'',1,1500,,'',1,1500,,'',1,1400,,'',1,5600,,'',1,1500,,'',1,1500,,'',1,1400,,'',1,5600,,'',1,1400,,'',1,1500,,'',1,1500,,'',1,5500,,'',1,1500,,'',1,1400,,'',1,1500,,'',1,5400,,'',1,1500,,'',1,1500,,'',1,1500,,'',1,5700,,'',1,1500,,'',1,1500,,'',1,1500,,'',1,5700,,'',1,1500,,'',1,1400,,'',1,5500,,'',1,1600,,'',1,1500,,'',1,1400,,'',1,5500,,'',1,1500,,'',1,1500,,'',1,1500,,'',1
'20231008daily',80203,55000,4,'',1,5500,4,'',1,1500,4,'',1,1400,4,'',1,1500,4,'',1,5500,4,'',1,1500,4,'',1,1500,4,'',1,1500,4,'',1,5600,4,'',1,1500,4,'',1,1500,4,'',1,1500,4,'',1,5500,4,'',1,1500,4,'',1,1500,4,'',1,1500,4,'',1,5400,4,'',1,1500,4,'',1,1500,4,'',1,1500,4,'',1,5500,4,'',1,1500,4,'',1,1500,4,'',1,1500,4,'',1,5500,4,'',1,1500,4,'',1,1500,4,'',1,1500,4,'',1,5600,4,'',1,1500,4,'',1,1500,4,'',1,1500,4,'',1,5500,4,'',1,1500,4,'',1,1500,4,'',1,1500,4,'',1,5500,4,'',1,1500,4,'',1,1500,4,'',1,1500,4,'',1,5500,4,'',1,1500,4,'',1,1500,4,'',1,1400,4,'',1,5600,4,'',1,1500,4,'',1,1500,4,'',1,1400,4,'',1,5600,4,'',1,1400,4,'',1,1500,4,'',1,1500,4,'',1,5500,4,'',1,1500,4,'',1,1500,4,'',1,1500,4,'',1,5500,4,'',1,1500,4,'',1,1500,4,'',1,1500,4,'',1,5700,4,'',1,1500,4,'',1,1500,4,'',1,1500,4,'',1,5700,4,'',1,1500,4,'',1,1400,4,'',1,1500,4,'',1,5600,4,'',1,1500,4,'',1,1400,4,'',1,1500,4,'',1,5500,4,'',1,1500,4,'',1,1400,4,'',1,1500,4,'',1
'20231009daily',80202,53000,,'',1,1500,,'',1,1400,,'',1,5400,,'',1,1400,,'',1,1400,,'',1,1500,,'',1,5500,,'',1,1500,,'',1,1500,,'',1,1500,,'',1,5600,,'',1,1600,,'',1,1500,,'',1,1500,,'',1,5500,,'',1,1500,,'',1,1600,,'',1,1500,,'',1,5400,,'',1,1600,,'',1,1500,,'',1,1500,,'',1,5500,,'',1,1500,,'',1,1500,,'',1,1500,,'',1,5500,,'',1,1500,,'',1,1500,,'',1,1500,,'',1,5600,,'',1,1500,,'',1,1500,,'',1,5500,,'',1,1500,,'',1,1500,,'',1,1500,,'',1,5500,,'',1,1500,,'',1,1500,,'',1,1500,,'',1,5500,,'',1,1500,,'',1,1500,,'',1,1500,,'',1,1400,,'',1,5600,,'',1,1500,,'',1,1500,,'',1,1400,,'',1,5600,,'',1,1400,,'',1,1500,,'',1,1500,,'',1,5500,,'',1,1500,,'',1,1400,,'',1,1500,,'',1,5400,,'',1,1500,,'',1,1500,,'',1,1500,,'',1,5700,,'',1,1500,,'',1,1500,,'',1,1500,,'',1,5700,,'',1,1500,,'',1,1400,,'',1,5500,,'',1,1600,,'',1,1500,,'',1,1400,,'',1,5500,,'',1,1500,,'',1,1500,,'',1,1500,,'',1
'20231009daily',80203,55000,4,'',1,5500,4,'',1,1500,4,'',1,1400,4,'',1,1500,4,'',1,5500,4,'',1,1500,4,'',1,1500,4,'',1,1500,4,'',1,5600,4,'',1,1500,4,'',1,1500,4,'',1,1500,4,'',1,5500,4,'',1,1500,4,'',1,1500,4,'',1,1500,4,'',1,5400,4,'',1,1500,4,'',1,1500,4,'',1,1500,4,'',1,5500,4,'',1,1500,4,'',1,1500,4,'',1,1500,4,'',1,5500,4,'',1,1500,4,'',1,1500,4,'',1,1500,4,'',1,5600,4,'',1,1500,4,'',1,1500,4,'',1,1500,4,'',1,5500,4,'',1,1500,4,'',1,1500,4,'',1,1500,4,'',1,5500,4,'',1,1500,4,'',1,1500,4,'',1,1500,4,'',1,5500,4,'',1,1500,4,'',1,1500,4,'',1,1400,4,'',1,5600,4,'',1,1500,4,'',1,1500,4,'',1,1400,4,'',1,5600,4,'',1,1400,4,'',1,1500,4,'',1,1500,4,'',1,5500,4,'',1,1500,4,'',1,1500,4,'',1,1500,4,'',1,5500,4,'',1,1500,4,'',1,1500,4,'',1,1500,4,'',1,5700,4,'',1,1500,4,'',1,1500,4,'',1,1500,4,'',1,5700,4,'',1,1500,4,'',1,1400,4,'',1,1500,4,'',1,5600,4,'',1,1500,4,'',1,1400,4,'',1,1500,4,'',1,5500,4,'',1,1500,4,'',1,1400,4,'',1,1500,4,'',1
'20231010daily',80202,53000,,'',1,1400,,'',1,1400,,'',1,5600,,'',1,1600,,'',1,1600,,'',1,5400,,'',1,1100,,'',1,1100,,'',1,1100,,'',1,1100,,'',1,1100,,'',1,5300,,'',1,1300,,'',1,1300,,'',1,1200,,'',1,1200,,'',1,5300,,'',1,1100,,'',1,1200,,'',1,1200,,'',1,1100,,'',1,5200,,'',1,1200,,'',1,1200,,'',1,1200,,'',1,1200,,'',1,5200,,'',1,1300,,'',1,1100,,'',1,1200,,'',1,1100,,'',1,5200,,'',1,1200,,'',1,1200,,'',1,1200,,'',1,1200,,'',1,5200,,'',1,1200,,'',1,1200,,'',1,1200,,'',1,1200,,'',1,5200,,'',1,1200,,'',1,1200,,'',1,1200,,'',1,1200,,'',1,5100,,'',1,1200,,'',1,1100,,'',1,1000,,'',1,900,,'',1,900,,'',1,5000,,'',1,1000,,'',1,1100,,'',1,1100,,'',1,1400,,'',1,5300,,'',1,1300,,'',1,1100,,'',1,1400,,'',1,5700,,'',1,1400,,'',1,1400,,'',1,1500,,'',1,5500,,'',1,1400,,'',1,1500,,'',1,1500,,'',1,1400,,'',1,5500,,'',1,1500,,'',1,1500,,'',1,1500,,'',1,5500,,'',1,1500,,'',1,1500,,'',1,1600,,'',1,5500,,'',1,1500,,'',1,1500,,'',1,1500,,'',1,5500,,'',1,1500,,'',1,1500,,'',1,5600,,'',1,1500,,'',1,1500,,'',1
'20231010daily',80203,55000,4,'',1,5600,4,'',1,1600,4,'',1,1600,4,'',1,1400,4,'',1,5400,4,'',1,1700,4,'',1,1100,4,'',1,1000,4,'',1,1000,4,'',1,5000,4,'',1,1000,4,'',1,1000,4,'',1,1100,4,'',1,1300,4,'',1,5300,4,'',1,1100,4,'',1,1200,4,'',1,1200,4,'',1,1200,4,'',1,5200,4,'',1,1200,4,'',1,1200,4,'',1,1200,4,'',1,1200,4,'',1,5200,4,'',1,1300,4,'',1,1100,4,'',1,1100,4,'',1,1100,4,'',1,1200,4,'',1,5200,4,'',1,1200,4,'',1,1200,4,'',1,1200,4,'',1,1200,4,'',1,5200,4,'',1,1200,4,'',1,1200,4,'',1,1200,4,'',1,1200,4,'',1,5200,4,'',1,1200,4,'',1,1200,4,'',1,1200,4,'',1,1100,4,'',1,5200,4,'',1,1100,4,'',1,1300,4,'',1,1200,4,'',1,1200,4,'',1,5100,4,'',1,1000,4,'',1,1000,4,'',1,1200,4,'',1,1300,4,'',1,5100,4,'',1,1200,4,'',1,1300,4,'',1,1200,4,'',1,1100,4,'',1,5200,4,'',1,1500,4,'',1,1600,4,'',1,1500,4,'',1,5400,4,'',1,1500,4,'',1,1500,4,'',1,1400,4,'',1,5500,4,'',1,1500,4,'',1,1600,4,'',1,1500,4,'',1,5500,4,'',1,1500,4,'',1,1500,4,'',1,1600,4,'',1,5500,4,'',1,1500,4,'',1,1700,4,'',1,1500,4,'',1,5500,4,'',1,1500,4,'',1,1400,4,'',1,1500,4,'',1,5500,4,'',1,1500,4,'',1,1400,4,'',1,1500,4,'',1
'20231011daily',80202,53000,,'',1,1400,,'',1,1400,,'',1,5600,,'',1,1600,,'',1,1600,,'',1,5400,,'',1,1100,,'',1,1100,,'',1,1100,,'',1,1100,,'',1,1100,,'',1,5300,,'',1,1300,,'',1,1300,,'',1,1200,,'',1,1200,,'',1,5300,,'',1,1100,,'',1,1200,,'',1,1200,,'',1,1100,,'',1,5200,,'',1,1200,,'',1,1200,,'',1,1200,,'',1,1200,,'',1,5200,,'',1,1300,,'',1,1100,,'',1,1200,,'',1,1100,,'',1,5200,,'',1,1200,,'',1,1200,,'',1,1200,,'',1,1200,,'',1,5200,,'',1,1200,,'',1,1200,,'',1,1200,,'',1,1200,,'',1,5200,,'',1,1200,,'',1,1200,,'',1,1200,,'',1,1200,,'',1,5100,,'',1,1200,,'',1,2100,,'',1,900,,'',1,900,,'',1,5000,,'',1,1000,,'',1,1100,,'',1,1100,,'',1,1400,,'',1,5300,,'',1,1300,,'',1,1100,,'',1,1400,,'',1,5700,,'',1,1400,,'',1,1400,,'',1,1500,,'',1,5500,,'',1,1400,,'',1,1500,,'',1,1500,,'',1,1400,,'',1,5500,,'',1,1500,,'',1,1500,,'',1,1500,,'',1,5500,,'',1,1500,,'',1,1500,,'',1,1600,,'',1,5500,,'',1,1500,,'',1,1500,,'',1,1500,,'',1,5500,,'',1,1500,,'',1,1500,,'',1,5600,,'',1,1500,,'',1,1500,,'',1
'20231011daily',80203,55000,4,'',1,5600,4,'',1,1600,4,'',1,1600,4,'',1,1400,4,'',1,5400,4,'',1,1700,4,'',1,1100,4,'',1,1000,4,'',1,1000,4,'',1,5000,4,'',1,1000,4,'',1,1000,4,'',1,1100,4,'',1,1300,4,'',1,5300,4,'',1,1100,4,'',1,1200,4,'',1,1200,4,'',1,1200,4,'',1,5200,4,'',1,1200,4,'',1,1200,4,'',1,1200,4,'',1,1200,4,'',1,5200,4,'',1,1300,4,'',1,1100,4,'',1,1100,4,'',1,1100,4,'',1,1200,4,'',1,5200,4,'',1,1200,4,'',1,1200,4,'',1,1200,4,'',1,1200,4,'',1,5200,4,'',1,1200,4,'',1,1200,4,'',1,1200,4,'',1,1200,4,'',1,5200,4,'',1,1200,4,'',1,1200,4,'',1,1200,4,'',1,1100,4,'',1,5200,4,'',1,1100,4,'',1,1300,4,'',1,1200,4,'',1,1200,4,'',1,5100,4,'',1,1000,4,'',1,1000,4,'',1,1200,4,'',1,1300,4,'',1,5100,4,'',1,1200,4,'',1,1300,4,'',1,1200,4,'',1,1100,4,'',1,5200,4,'',1,1500,4,'',1,1600,4,'',1,1500,4,'',1,5400,4,'',1,1500,4,'',1,1500,4,'',1,1400,4,'',1,5500,4,'',1,1500,4,'',1,1600,4,'',1,1500,4,'',1,5500,4,'',1,1500,4,'',1,1500,4,'',1,1600,4,'',1,5500,4,'',1,1500,4,'',1,1700,4,'',1,1500,4,'',1,5500,4,'',1,1500,4,'',1,1400,4,'',1,1500,4,'',1,5500,4,'',1,1500,4,'',1,1400,4,'',1,1500,4,'',1
'20231012daily',80202,53000,,'',1,1400,,'',1,1400,,'',1,5600,,'',1,1600,,'',1,1600,,'',1,5400,,'',1,1100,,'',1,1100,,'',1,1100,,'',1,1100,,'',1,1100,,'',1,5300,,'',1,1300,,'',1,1300,,'',1,1200,,'',1,1200,,'',1,5300,,'',1,1100,,'',1,1200,,'',1,1200,,'',1,1100,,'',1,5200,,'',1,1200,,'',1,1200,,'',1,1200,,'',1,1200,,'',1,5200,,'',1,1300,,'',1,1100,,'',1,1200,,'',1,1100,,'',1,5200,,'',1,1200,,'',1,1200,,'',1,1200,,'',1,1200,,'',1,5200,,'',1,1200,,'',1,1200,,'',1,1200,,'',1,1200,,'',1,5200,,'',1,1200,,'',1,1200,,'',1,1200,,'',1,1200,,'',1,5100,,'',1,1200,,'',1,1100,,'',1,1000,,'',1,900,,'',1,900,,'',1,5000,,'',1,1000,,'',1,1100,,'',1,1100,,'',1,1400,,'',1,5300,,'',1,1300,,'',1,1100,,'',1,1400,,'',1,5700,,'',1,1400,,'',1,1400,,'',1,1500,,'',1,5500,,'',1,1400,,'',1,1500,,'',1,1500,,'',1,1400,,'',1,5500,,'',1,1500,,'',1,1500,,'',1,1500,,'',1,5500,,'',1,1500,,'',1,1500,,'',1,1600,,'',1,5500,,'',1,1500,,'',1,1500,,'',1,1500,,'',1,5500,,'',1,1500,,'',1,1500,,'',1,5600,,'',1,1500,,'',1,1500,,'',1
'20231012daily',80203,55000,4,'',1,5600,4,'',1,1600,4,'',1,1600,4,'',1,1400,4,'',1,5400,4,'',1,1700,4,'',1,1100,4,'',1,1000,4,'',1,1000,4,'',1,5000,4,'',1,1000,4,'',1,1000,4,'',1,1100,4,'',1,1300,4,'',1,5300,4,'',1,1100,4,'',1,1200,4,'',1,1200,4,'',1,1200,4,'',1,5200,4,'',1,1200,4,'',1,1200,4,'',1,1200,4,'',1,1200,4,'',1,5200,4,'',1,1300,4,'',1,1100,4,'',1,1100,4,'',1,1100,4,'',1,1200,4,'',1,5200,4,'',1,1200,4,'',1,1200,4,'',1,1200,4,'',1,1200,4,'',1,5200,4,'',1,1200,4,'',1,1200,4,'',1,1200,4,'',1,1200,4,'',1,5200,4,'',1,1200,4,'',1,1200,4,'',1,1200,4,'',1,1100,4,'',1,5200,4,'',1,1100,4,'',1,1300,4,'',1,1200,4,'',1,1200,4,'',1,5100,4,'',1,1000,4,'',1,1000,4,'',1,1200,4,'',1,1300,4,'',1,5100,4,'',1,1200,4,'',1,1300,4,'',1,1200,4,'',1,1100,4,'',1,5200,4,'',1,1500,4,'',1,1600,4,'',1,1500,4,'',1,5400,4,'',1,1500,4,'',1,1500,4,'',1,1400,4,'',1,5500,4,'',1,1500,4,'',1,1600,4,'',1,1500,4,'',1,5500,4,'',1,1500,4,'',1,1500,4,'',1,1600,4,'',1,5500,4,'',1,1500,4,'',1,1700,4,'',1,1500,4,'',1,5500,4,'',1,1500,4,'',1,1400,4,'',1,1500,4,'',1,5500,4,'',1,1500,4,'',1,1400,4,'',1,1500,4,'',1
'20231013daily',80202,53000,,'',1,1400,,'',1,1400,,'',1,5600,,'',1,1600,,'',1,1600,,'',1,5400,,'',1,1100,,'',1,1100,,'',1,1100,,'',1,1100,,'',1,1100,,'',1,5300,,'',1,1300,,'',1,1300,,'',1,1200,,'',1,1200,,'',1,5300,,'',1,1100,,'',1,1200,,'',1,1200,,'',1,1100,,'',1,5200,,'',1,1200,,'',1,1200,,'',1,1200,,'',1,1200,,'',1,5200,,'',1,1300,,'',1,1100,,'',1,1200,,'',1,1100,,'',1,5200,,'',1,1200,,'',1,1200,,'',1,1200,,'',1,1200,,'',1,5200,,'',1,1200,,'',1,1200,,'',1,1200,,'',1,1200,,'',1,5200,,'',1,1200,,'',1,1200,,'',1,1200,,'',1,1200,,'',1,5100,,'',1,1200,,'',1,1100,,'',1,1000,,'',1,900,,'',1,900,,'',1,5000,,'',1,1000,,'',1,1100,,'',1,1100,,'',1,1400,,'',1,5300,,'',1,1300,,'',1,1100,,'',1,1400,,'',1,5700,,'',1,1400,,'',1,1400,,'',1,1500,,'',1,5500,,'',1,1400,,'',1,1500,,'',1,1500,,'',1,1400,,'',1,5500,,'',1,1500,,'',1,1500,,'',1,1500,,'',1,5500,,'',1,1500,,'',1,1500,,'',1,1600,,'',1,5500,,'',1,1500,,'',1,1500,,'',1,1500,,'',1,5500,,'',1,1500,,'',1,1500,,'',1,5600,,'',1,1500,,'',1,1500,,'',1
'20231013daily',80203,55000,4,'',1,5600,4,'',1,1600,4,'',1,1600,4,'',1,1400,4,'',1,5400,4,'',1,1700,4,'',1,1100,4,'',1,1000,4,'',1,1000,4,'',1,5000,4,'',1,1000,4,'',1,1000,4,'',1,1100,4,'',1,1300,4,'',1,5300,4,'',1,1100,4,'',1,1200,4,'',1,1200,4,'',1,1200,4,'',1,5200,4,'',1,1200,4,'',1,1200,4,'',1,1200,4,'',1,1200,4,'',1,5200,4,'',1,1300,4,'',1,1100,4,'',1,1100,4,'',1,1100,4,'',1,1200,4,'',1,5200,4,'',1,1200,4,'',1,1200,4,'',1,1200,4,'',1,1200,4,'',1,5200,4,'',1,1200,4,'',1,1200,4,'',1,1200,4,'',1,1200,4,'',1,5200,4,'',1,1200,4,'',1,1200,4,'',1,1200,4,'',1,1100,4,'',1,5200,4,'',1,1100,4,'',1,1300,4,'',1,1200,4,'',1,1200,4,'',1,5100,4,'',1,1000,4,'',1,1000,4,'',1,1200,4,'',1,1300,4,'',1,5100,4,'',1,1200,4,'',1,1300,4,'',1,1200,4,'',1,1100,4,'',1,5200,4,'',1,1500,4,'',1,1600,4,'',1,1500,4,'',1,5400,4,'',1,1500,4,'',1,1500,4,'',1,1400,4,'',1,5500,4,'',1,1500,4,'',1,1600,4,'',1,1500,4,'',1,5500,4,'',1,1500,4,'',1,1500,4,'',1,1600,4,'',1,5500,4,'',1,1500,4,'',1,1700,4,'',1,1500,4,'',1,5500,4,'',1,1500,4,'',1,1400,4,'',1,1500,4,'',1,5500,4,'',1,1500,4,'',1,1400,4,'',1,1500,4,'',1
'20231014daily',80202,53000,,'',1,1500,,'',1,1400,,'',1,5400,,'',1,1400,,'',1,1400,,'',1,1500,,'',1,5500,,'',1,1500,,'',1,1500,,'',1,1500,,'',1,5600,,'',1,1600,,'',1,1500,,'',1,1500,,'',1,5500,,'',1,1500,,'',1,1600,,'',1,1500,,'',1,5400,,'',1,1600,,'',1,1500,,'',1,1500,,'',1,5500,,'',1,1500,,'',1,1500,,'',1,1500,,'',1,5500,,'',1,1500,,'',1,1500,,'',1,1500,,'',1,5600,,'',1,1500,,'',1,1500,,'',1,5500,,'',1,1500,,'',1,1500,,'',1,1500,,'',1,5500,,'',1,1500,,'',1,1500,,'',1,1500,,'',1,5500,,'',1,1500,,'',1,1500,,'',1,1500,,'',1,1400,,'',1,5600,,'',1,1500,,'',1,1500,,'',1,1400,,'',1,5600,,'',1,1400,,'',1,1500,,'',1,1500,,'',1,5500,,'',1,1500,,'',1,1400,,'',1,1500,,'',1,5400,,'',1,1500,,'',1,1500,,'',1,1500,,'',1,5700,,'',1,1500,,'',1,1500,,'',1,1500,,'',1,5700,,'',1,1500,,'',1,1400,,'',1,5500,,'',1,1600,,'',1,1500,,'',1,1400,,'',1,5500,,'',1,1500,,'',1,1500,,'',1,1500,,'',1
'20231014daily',80203,55000,4,'',1,5500,4,'',1,1500,4,'',1,1400,4,'',1,1500,4,'',1,5500,4,'',1,1500,4,'',1,1500,4,'',1,1500,4,'',1,5600,4,'',1,1500,4,'',1,1500,4,'',1,1500,4,'',1,5500,4,'',1,1500,4,'',1,1500,4,'',1,1500,4,'',1,5400,4,'',1,1500,4,'',1,1500,4,'',1,1500,4,'',1,5500,4,'',1,1500,4,'',1,1500,4,'',1,1500,4,'',1,5500,4,'',1,1500,4,'',1,1500,4,'',1,1500,4,'',1,5600,4,'',1,1500,4,'',1,1500,4,'',1,1500,4,'',1,5500,4,'',1,1500,4,'',1,1500,4,'',1,1500,4,'',1,5500,4,'',1,1500,4,'',1,1500,4,'',1,1500,4,'',1,5500,4,'',1,1500,4,'',1,1500,4,'',1,1400,4,'',1,5600,4,'',1,1500,4,'',1,1500,4,'',1,1400,4,'',1,5600,4,'',1,1400,4,'',1,1500,4,'',1,1500,4,'',1,5500,4,'',1,1500,4,'',1,1500,4,'',1,1500,4,'',1,5500,4,'',1,1500,4,'',1,1500,4,'',1,1500,4,'',1,5700,4,'',1,1500,4,'',1,1500,4,'',1,1500,4,'',1,5700,4,'',1,1500,4,'',1,1400,4,'',1,1500,4,'',1,5600,4,'',1,1500,4,'',1,1400,4,'',1,1500,4,'',1,5500,4,'',1,1500,4,'',1,1400,4,'',1,1500,4,'',1
'20231015daily',80202,53000,,'',1,1500,,'',1,1400,,'',1,5400,,'',1,1400,,'',1,1400,,'',1,1500,,'',1,5500,,'',1,1500,,'',1,1500,,'',1,1500,,'',1,5600,,'',1,1600,,'',1,1500,,'',1,1500,,'',1,5500,,'',1,1500,,'',1,1600,,'',1,1500,,'',1,5400,,'',1,1600,,'',1,1500,,'',1,1500,,'',1,5500,,'',1,1500,,'',1,1500,,'',1,1500,,'',1,5500,,'',1,1500,,'',1,1500,,'',1,1500,,'',1,5600,,'',1,1500,,'',1,1500,,'',1,5500,,'',1,1500,,'',1,1500,,'',1,1500,,'',1,5500,,'',1,1500,,'',1,1500,,'',1,1500,,'',1,5500,,'',1,1500,,'',1,1500,,'',1,1500,,'',1,1400,,'',1,5600,,'',1,1500,,'',1,1500,,'',1,1400,,'',1,5600,,'',1,1400,,'',1,1500,,'',1,1500,,'',1,5500,,'',1,1500,,'',1,1400,,'',1,1500,,'',1,5400,,'',1,1500,,'',1,1500,,'',1,1500,,'',1,5700,,'',1,1500,,'',1,1500,,'',1,1500,,'',1,5700,,'',1,1500,,'',1,1400,,'',1,5500,,'',1,1600,,'',1,1500,,'',1,1400,,'',1,5500,,'',1,1500,,'',1,1500,,'',1,1500,,'',1
'20231015daily',80203,55000,4,'',1,5500,4,'',1,1500,4,'',1,1400,4,'',1,1500,4,'',1,5500,4,'',1,1500,4,'',1,1500,4,'',1,1500,4,'',1,5600,4,'',1,1500,4,'',1,1500,4,'',1,1500,4,'',1,5500,4,'',1,1500,4,'',1,1500,4,'',1,1500,4,'',1,5400,4,'',1,1500,4,'',1,1500,4,'',1,1500,4,'',1,5500,4,'',1,1500,4,'',1,1500,4,'',1,1500,4,'',1,5500,4,'',1,1500,4,'',1,1500,4,'',1,1500,4,'',1,5600,4,'',1,1500,4,'',1,1500,4,'',1,1500,4,'',1,5500,4,'',1,1500,4,'',1,1500,4,'',1,1500,4,'',1,5500,4,'',1,1500,4,'',1,1500,4,'',1,1500,4,'',1,5500,4,'',1,1500,4,'',1,1500,4,'',1,1400,4,'',1,5600,4,'',1,1500,4,'',1,1500,4,'',1,1400,4,'',1,5600,4,'',1,1400,4,'',1,1500,4,'',1,1500,4,'',1,5500,4,'',1,1500,4,'',1,1500,4,'',1,1500,4,'',1,5500,4,'',1,1500,4,'',1,1500,4,'',1,1500,4,'',1,5700,4,'',1,1500,4,'',1,1500,4,'',1,1500,4,'',1,5700,4,'',1,1500,4,'',1,1400,4,'',1,1500,4,'',1,5600,4,'',1,1500,4,'',1,1400,4,'',1,1500,4,'',1,5500,4,'',1,1500,4,'',1,1400,4,'',1,1500,4,'',1
'20231016daily',80202,53000,,'',1,1400,,'',1,1400,,'',1,5600,,'',1,1600,,'',1,1600,,'',1,5400,,'',1,1100,,'',1,1100,,'',1,1100,,'',1,1100,,'',1,1100,,'',1,5300,,'',1,1300,,'',1,1300,,'',1,1200,,'',1,1200,,'',1,5300,,'',1,1100,,'',1,1200,,'',1,1200,,'',1,1100,,'',1,5200,,'',1,1200,,'',1,1200,,'',1,1200,,'',1,1200,,'',1,5200,,'',1,1300,,'',1,1100,,'',1,1200,,'',1,1100,,'',1,5200,,'',1,1200,,'',1,1200,,'',1,1200,,'',1,1200,,'',1,5200,,'',1,1200,,'',1,1200,,'',1,1200,,'',1,1200,,'',1,5200,,'',1,1200,,'',1,1200,,'',1,1200,,'',1,1200,,'',1,5100,,'',1,1200,,'',1,1100,,'',1,1000,,'',1,900,,'',1,900,,'',1,5000,,'',1,1000,,'',1,1100,,'',1,1100,,'',1,1400,,'',1,5300,,'',1,1300,,'',1,1100,,'',1,1400,,'',1,5700,,'',1,1400,,'',1,1400,,'',1,1500,,'',1,5500,,'',1,1400,,'',1,1500,,'',1,1500,,'',1,1400,,'',1,5500,,'',1,1500,,'',1,1500,,'',1,1500,,'',1,5500,,'',1,1500,,'',1,1500,,'',1,1600,,'',1,5500,,'',1,1500,,'',1,1500,,'',1,1500,,'',1,5500,,'',1,1500,,'',1,1500,,'',1,5600,,'',1,1500,,'',1,1500,,'',1
'20231016daily',80203,55000,4,'',1,5600,4,'',1,1600,4,'',1,1600,4,'',1,1400,4,'',1,5400,4,'',1,1700,4,'',1,1100,4,'',1,1000,4,'',1,1000,4,'',1,5000,4,'',1,1000,4,'',1,1000,4,'',1,1100,4,'',1,1300,4,'',1,5300,4,'',1,1100,4,'',1,1200,4,'',1,1200,4,'',1,1200,4,'',1,5200,4,'',1,1200,4,'',1,1200,4,'',1,1200,4,'',1,1200,4,'',1,5200,4,'',1,1300,4,'',1,1100,4,'',1,1100,4,'',1,1100,4,'',1,1200,4,'',1,5200,4,'',1,1200,4,'',1,1200,4,'',1,1200,4,'',1,1200,4,'',1,5200,4,'',1,1200,4,'',1,1200,4,'',1,1200,4,'',1,1200,4,'',1,5200,4,'',1,1200,4,'',1,1200,4,'',1,1200,4,'',1,1100,4,'',1,5200,4,'',1,1100,4,'',1,1300,4,'',1,1200,4,'',1,1200,4,'',1,5100,4,'',1,1000,4,'',1,1000,4,'',1,1200,4,'',1,1300,4,'',1,5100,4,'',1,1200,4,'',1,1300,4,'',1,1200,4,'',1,1100,4,'',1,5200,4,'',1,1500,4,'',1,1600,4,'',1,1500,4,'',1,5400,4,'',1,1500,4,'',1,1500,4,'',1,1400,4,'',1,5500,4,'',1,1500,4,'',1,1600,4,'',1,1500,4,'',1,5500,4,'',1,1500,4,'',1,1500,4,'',1,1600,4,'',1,5500,4,'',1,1500,4,'',1,1700,4,'',1,1500,4,'',1,5500,4,'',1,1500,4,'',1,1400,4,'',1,1500,4,'',1,5500,4,'',1,1500,4,'',1,1400,4,'',1,1500,4,'',1
'20231017daily',80202,53000,,'',1,1400,,'',1,1400,,'',1,5600,,'',1,1600,,'',1,1600,,'',1,5400,,'',1,1100,,'',1,1100,,'',1,1100,,'',1,1100,,'',1,1100,,'',1,5300,,'',1,1300,,'',1,1300,,'',1,1200,,'',1,1200,,'',1,5300,,'',1,1100,,'',1,1200,,'',1,1200,,'',1,1100,,'',1,5200,,'',1,1200,,'',1,1200,,'',1,1200,,'',1,1200,,'',1,5200,,'',1,1300,,'',1,1100,,'',1,1200,,'',1,1100,,'',1,5200,,'',1,1200,,'',1,1200,,'',1,1200,,'',1,1200,,'',1,5200,,'',1,1200,,'',1,1200,,'',1,1200,,'',1,1200,,'',1,5200,,'',1,1200,,'',1,1200,,'',1,1200,,'',1,1200,,'',1,5100,,'',1,1200,,'',1,1100,,'',1,1000,,'',1,900,,'',1,900,,'',1,5000,,'',1,1000,,'',1,1100,,'',1,1100,,'',1,1400,,'',1,5300,,'',1,1300,,'',1,1100,,'',1,1400,,'',1,5700,,'',1,1400,,'',1,1400,,'',1,1500,,'',1,5500,,'',1,1400,,'',1,1500,,'',1,1500,,'',1,1400,,'',1,5500,,'',1,1500,,'',1,1500,,'',1,1500,,'',1,5500,,'',1,1500,,'',1,1500,,'',1,1600,,'',1,5500,,'',1,1500,,'',1,1500,,'',1,1500,,'',1,5500,,'',1,1500,,'',1,1500,,'',1,5600,,'',1,1500,,'',1,1500,,'',1
'20231017daily',80203,55000,4,'',1,5600,4,'',1,1600,4,'',1,1600,4,'',1,1400,4,'',1,5400,4,'',1,1700,4,'',1,1100,4,'',1,1000,4,'',1,1000,4,'',1,5000,4,'',1,1000,4,'',1,1000,4,'',1,1100,4,'',1,1300,4,'',1,5300,4,'',1,1100,4,'',1,1200,4,'',1,1200,4,'',1,1200,4,'',1,5200,4,'',1,1200,4,'',1,1200,4,'',1,1200,4,'',1,1200,4,'',1,5200,4,'',1,1300,4,'',1,1100,4,'',1,1100,4,'',1,1100,4,'',1,1200,4,'',1,5200,4,'',1,1200,4,'',1,1200,4,'',1,1200,4,'',1,1200,4,'',1,5200,4,'',1,1200,4,'',1,1200,4,'',1,1200,4,'',1,1200,4,'',1,5200,4,'',1,1200,4,'',1,1200,4,'',1,1200,4,'',1,1100,4,'',1,5200,4,'',1,1100,4,'',1,1300,4,'',1,1200,4,'',1,1200,4,'',1,5100,4,'',1,1000,4,'',1,1000,4,'',1,1200,4,'',1,1300,4,'',1,5100,4,'',1,1200,4,'',1,1300,4,'',1,1200,4,'',1,1100,4,'',1,5200,4,'',1,1500,4,'',1,1600,4,'',1,1500,4,'',1,5400,4,'',1,1500,4,'',1,1500,4,'',1,1400,4,'',1,5500,4,'',1,1500,4,'',1,1600,4,'',1,1500,4,'',1,5500,4,'',1,1500,4,'',1,1500,4,'',1,1600,4,'',1,5500,4,'',1,1500,4,'',1,1700,4,'',1,1500,4,'',1,5500,4,'',1,1500,4,'',1,1400,4,'',1,1500,4,'',1,5500,4,'',1,1500,4,'',1,1400,4,'',1,1500,4,'',1
'20231018daily',80202,53000,,'',1,1400,,'',1,1400,,'',1,5600,,'',1,1600,,'',1,1600,,'',1,5400,,'',1,1100,,'',1,1100,,'',1,1100,,'',1,1100,,'',1,1100,,'',1,5300,,'',1,1300,,'',1,1300,,'',1,1200,,'',1,1200,,'',1,5300,,'',1,1100,,'',1,1200,,'',1,1200,,'',1,1100,,'',1,5200,,'',1,1200,,'',1,1200,,'',1,1200,,'',1,1200,,'',1,5200,,'',1,1300,,'',1,1100,,'',1,1200,,'',1,1100,,'',1,5200,,'',1,1200,,'',1,1200,,'',1,1200,,'',1,1200,,'',1,5200,,'',1,1200,,'',1,1200,,'',1,1200,,'',1,1200,,'',1,5200,,'',1,1200,,'',1,1200,,'',1,1200,,'',1,1200,,'',1,5100,,'',1,1200,,'',1,1100,,'',1,1000,,'',1,900,,'',1,900,,'',1,5000,,'',1,1000,,'',1,1100,,'',1,1100,,'',1,1400,,'',1,5300,,'',1,1300,,'',1,1100,,'',1,1400,,'',1,5700,,'',1,1400,,'',1,1400,,'',1,1500,,'',1,5500,,'',1,1400,,'',1,1500,,'',1,1500,,'',1,1400,,'',1,5500,,'',1,1500,,'',1,1500,,'',1,1500,,'',1,5500,,'',1,1500,,'',1,1500,,'',1,1600,,'',1,5500,,'',1,1500,,'',1,1500,,'',1,1500,,'',1,5500,,'',1,1500,,'',1,1500,,'',1,5600,,'',1,1500,,'',1,1500,,'',1
'20231018daily',80203,55000,4,'',1,5600,4,'',1,1600,4,'',1,1600,4,'',1,1400,4,'',1,5400,4,'',1,1700,4,'',1,1100,4,'',1,1000,4,'',1,1000,4,'',1,5000,4,'',1,1000,4,'',1,1000,4,'',1,1100,4,'',1,1300,4,'',1,5300,4,'',1,1100,4,'',1,1200,4,'',1,1200,4,'',1,1200,4,'',1,5200,4,'',1,1200,4,'',1,1200,4,'',1,1200,4,'',1,1200,4,'',1,5200,4,'',1,1300,4,'',1,1100,4,'',1,1100,4,'',1,1100,4,'',1,1200,4,'',1,5200,4,'',1,1200,4,'',1,1200,4,'',1,1200,4,'',1,1200,4,'',1,5200,4,'',1,1200,4,'',1,1200,4,'',1,1200,4,'',1,1200,4,'',1,5200,4,'',1,1200,4,'',1,1200,4,'',1,1200,4,'',1,1100,4,'',1,5200,4,'',1,1100,4,'',1,1300,4,'',1,1200,4,'',1,1200,4,'',1,5100,4,'',1,1000,4,'',1,1000,4,'',1,1200,4,'',1,1300,4,'',1,5100,4,'',1,1200,4,'',1,1300,4,'',1,1200,4,'',1,1100,4,'',1,5200,4,'',1,1500,4,'',1,1600,4,'',1,1500,4,'',1,5400,4,'',1,1500,4,'',1,1500,4,'',1,1400,4,'',1,5500,4,'',1,1500,4,'',1,1600,4,'',1,1500,4,'',1,5500,4,'',1,1500,4,'',1,1500,4,'',1,1600,4,'',1,5500,4,'',1,1500,4,'',1,1700,4,'',1,1500,4,'',1,5500,4,'',1,1500,4,'',1,1400,4,'',1,1500,4,'',1,5500,4,'',1,1500,4,'',1,1400,4,'',1,1500,4,'',1
'20231019daily',80202,53000,,'',1,1400,,'',1,1400,,'',1,5600,,'',1,1600,,'',1,1600,,'',1,5400,,'',1,1100,,'',1,1100,,'',1,1100,,'',1,1100,,'',1,1100,,'',1,5300,,'',1,1300,,'',1,1300,,'',1,1200,,'',1,1200,,'',1,5300,,'',1,1100,,'',1,1200,,'',1,1200,,'',1,1100,,'',1,5200,,'',1,1200,,'',1,1200,,'',1,1200,,'',1,1200,,'',1,5200,,'',1,1300,,'',1,1100,,'',1,1200,,'',1,1100,,'',1,5200,,'',1,1200,,'',1,1200,,'',1,1200,,'',1,1200,,'',1,5200,,'',1,1200,,'',1,1200,,'',1,1200,,'',1,1200,,'',1,5200,,'',1,1200,,'',1,1200,,'',1,1200,,'',1,1200,,'',1,5100,,'',1,1200,,'',1,1100,,'',1,1000,,'',1,900,,'',1,900,,'',1,5000,,'',1,1000,,'',1,1100,,'',1,1100,,'',1,1400,,'',1,5300,,'',1,1300,,'',1,1100,,'',1,1400,,'',1,5700,,'',1,1400,,'',1,1400,,'',1,1500,,'',1,5500,,'',1,1400,,'',1,1500,,'',1,1500,,'',1,1400,,'',1,5500,,'',1,1500,,'',1,1500,,'',1,1500,,'',1,5500,,'',1,1500,,'',1,1500,,'',1,1600,,'',1,5500,,'',1,1500,,'',1,1500,,'',1,1500,,'',1,5500,,'',1,1500,,'',1,1500,,'',1,5600,,'',1,1500,,'',1,1500,,'',1
'20231019daily',80203,55000,4,'',1,5600,4,'',1,1600,4,'',1,1600,4,'',1,1400,4,'',1,5400,4,'',1,1700,4,'',1,1100,4,'',1,1000,4,'',1,1000,4,'',1,5000,4,'',1,1000,4,'',1,1000,4,'',1,1100,4,'',1,1300,4,'',1,5300,4,'',1,1100,4,'',1,1200,4,'',1,1200,4,'',1,1200,4,'',1,5200,4,'',1,1200,4,'',1,1200,4,'',1,1200,4,'',1,1200,4,'',1,5200,4,'',1,1300,4,'',1,1100,4,'',1,1100,4,'',1,1100,4,'',1,1200,4,'',1,5200,4,'',1,1200,4,'',1,1200,4,'',1,1200,4,'',1,1200,4,'',1,5200,4,'',1,1200,4,'',1,1200,4,'',1,1200,4,'',1,1200,4,'',1,5200,4,'',1,1200,4,'',1,1200,4,'',1,1200,4,'',1,1100,4,'',1,5200,4,'',1,1100,4,'',1,1300,4,'',1,1200,4,'',1,1200,4,'',1,5100,4,'',1,1000,4,'',1,1000,4,'',1,1200,4,'',1,1300,4,'',1,5100,4,'',1,1200,4,'',1,1300,4,'',1,1200,4,'',1,1100,4,'',1,5200,4,'',1,1500,4,'',1,1600,4,'',1,1500,4,'',1,5400,4,'',1,1500,4,'',1,1500,4,'',1,1400,4,'',1,5500,4,'',1,1500,4,'',1,1600,4,'',1,1500,4,'',1,5500,4,'',1,1500,4,'',1,1500,4,'',1,1600,4,'',1,5500,4,'',1,1500,4,'',1,1700,4,'',1,1500,4,'',1,5500,4,'',1,1500,4,'',1,1400,4,'',1,1500,4,'',1,5500,4,'',1,1500,4,'',1,1400,4,'',1,1500,4,'',1
'20231020daily',80202,53000,,'',1,1400,,'',1,1400,,'',1,5600,,'',1,1600,,'',1,1600,,'',1,5400,,'',1,1100,,'',1,1100,,'',1,1100,,'',1,1100,,'',1,1100,,'',1,5300,,'',1,1300,,'',1,1300,,'',1,1200,,'',1,1200,,'',1,5300,,'',1,1100,,'',1,1200,,'',1,1200,,'',1,1100,,'',1,5200,,'',1,1200,,'',1,1200,,'',1,1200,,'',1,1200,,'',1,5200,,'',1,1300,,'',1,1100,,'',1,1200,,'',1,1100,,'',1,5200,,'',1,1200,,'',1,1200,,'',1,1200,,'',1,1200,,'',1,5200,,'',1,1200,,'',1,1200,,'',1,1200,,'',1,1200,,'',1,5200,,'',1,1200,,'',1,1200,,'',1,1200,,'',1,1200,,'',1,5100,,'',1,1200,,'',1,1100,,'',1,1000,,'',1,900,,'',1,900,,'',1,5000,,'',1,1000,,'',1,1100,,'',1,1100,,'',1,1400,,'',1,5300,,'',1,1300,,'',1,1100,,'',1,1400,,'',1,5700,,'',1,1400,,'',1,1400,,'',1,1500,,'',1,5500,,'',1,1400,,'',1,1500,,'',1,1500,,'',1,1400,,'',1,5500,,'',1,1500,,'',1,1500,,'',1,1500,,'',1,5500,,'',1,1500,,'',1,1500,,'',1,1600,,'',1,5500,,'',1,1500,,'',1,1500,,'',1,1500,,'',1,5500,,'',1,1500,,'',1,1500,,'',1,5600,,'',1,1500,,'',1,1500,,'',1
'20231020daily',80203,55000,4,'',1,5600,4,'',1,1600,4,'',1,1600,4,'',1,1400,4,'',1,5400,4,'',1,1700,4,'',1,1100,4,'',1,1000,4,'',1,1000,4,'',1,5000,4,'',1,1000,4,'',1,1000,4,'',1,1100,4,'',1,1300,4,'',1,5300,4,'',1,1100,4,'',1,1200,4,'',1,1200,4,'',1,1200,4,'',1,5200,4,'',1,1200,4,'',1,1200,4,'',1,1200,4,'',1,1200,4,'',1,5200,4,'',1,1300,4,'',1,1100,4,'',1,1100,4,'',1,1100,4,'',1,1200,4,'',1,5200,4,'',1,1200,4,'',1,1200,4,'',1,1200,4,'',1,1200,4,'',1,5200,4,'',1,1200,4,'',1,1200,4,'',1,1200,4,'',1,1200,4,'',1,5200,4,'',1,1200,4,'',1,1200,4,'',1,1200,4,'',1,1100,4,'',1,5200,4,'',1,1100,4,'',1,1300,4,'',1,1200,4,'',1,1200,4,'',1,5100,4,'',1,1000,4,'',1,1000,4,'',1,1200,4,'',1,1300,4,'',1,5100,4,'',1,1200,4,'',1,1300,4,'',1,1200,4,'',1,1100,4,'',1,5200,4,'',1,1500,4,'',1,1600,4,'',1,1500,4,'',1,5400,4,'',1,1500,4,'',1,1500,4,'',1,1400,4,'',1,5500,4,'',1,1500,4,'',1,1600,4,'',1,1500,4,'',1,5500,4,'',1,1500,4,'',1,1500,4,'',1,1600,4,'',1,5500,4,'',1,1500,4,'',1,1700,4,'',1,1500,4,'',1,5500,4,'',1,1500,4,'',1,1400,4,'',1,1500,4,'',1,5500,4,'',1,1500,4,'',1,1400,4,'',1,1500,4,'',1
'20231021daily',80202,53000,,'',1,1500,,'',1,1400,,'',1,5400,,'',1,1400,,'',1,1400,,'',1,1500,,'',1,5500,,'',1,1500,,'',1,1500,,'',1,1500,,'',1,5600,,'',1,1600,,'',1,1500,,'',1,1500,,'',1,5500,,'',1,1500,,'',1,1600,,'',1,1500,,'',1,5400,,'',1,1600,,'',1,1500,,'',1,1500,,'',1,5500,,'',1,1500,,'',1,1500,,'',1,1500,,'',1,5500,,'',1,1500,,'',1,1500,,'',1,1500,,'',1,5600,,'',1,1500,,'',1,1500,,'',1,5500,,'',1,1500,,'',1,1500,,'',1,1500,,'',1,5500,,'',1,1500,,'',1,1500,,'',1,1500,,'',1,5500,,'',1,1500,,'',1,1500,,'',1,1500,,'',1,1400,,'',1,5600,,'',1,1500,,'',1,1500,,'',1,1400,,'',1,5600,,'',1,1400,,'',1,1500,,'',1,1500,,'',1,5500,,'',1,1500,,'',1,1400,,'',1,1500,,'',1,5400,,'',1,1500,,'',1,1500,,'',1,1500,,'',1,5700,,'',1,1500,,'',1,1500,,'',1,1500,,'',1,5700,,'',1,1500,,'',1,1400,,'',1,5500,,'',1,1600,,'',1,1500,,'',1,1400,,'',1,5500,,'',1,1500,,'',1,1500,,'',1,1500,,'',1
'20231021daily',80203,55000,4,'',1,5500,4,'',1,1500,4,'',1,1400,4,'',1,1500,4,'',1,5500,4,'',1,1500,4,'',1,1500,4,'',1,1500,4,'',1,5600,4,'',1,1500,4,'',1,1500,4,'',1,1500,4,'',1,5500,4,'',1,1500,4,'',1,1500,4,'',1,1500,4,'',1,5400,4,'',1,1500,4,'',1,1500,4,'',1,1500,4,'',1,5500,4,'',1,1500,4,'',1,1500,4,'',1,1500,4,'',1,5500,4,'',1,1500,4,'',1,1500,4,'',1,1500,4,'',1,5600,4,'',1,1500,4,'',1,1500,4,'',1,1500,4,'',1,5500,4,'',1,1500,4,'',1,1500,4,'',1,1500,4,'',1,5500,4,'',1,1500,4,'',1,1500,4,'',1,1500,4,'',1,5500,4,'',1,1500,4,'',1,1500,4,'',1,1400,4,'',1,5600,4,'',1,1500,4,'',1,1500,4,'',1,1400,4,'',1,5600,4,'',1,1400,4,'',1,1500,4,'',1,1500,4,'',1,5500,4,'',1,1500,4,'',1,1500,4,'',1,1500,4,'',1,5500,4,'',1,1500,4,'',1,1500,4,'',1,1500,4,'',1,5700,4,'',1,1500,4,'',1,1500,4,'',1,1500,4,'',1,5700,4,'',1,1500,4,'',1,1400,4,'',1,1500,4,'',1,5600,4,'',1,1500,4,'',1,1400,4,'',1,1500,4,'',1,5500,4,'',1,1500,4,'',1,1400,4,'',1,1500,4,'',1
'20231022daily',80202,53000,,'',1,1500,,'',1,1400,,'',1,5400,,'',1,1400,,'',1,1400,,'',1,1500,,'',1,5500,,'',1,1500,,'',1,1500,,'',1,1500,,'',1,5600,,'',1,1600,,'',1,1500,,'',1,1500,,'',1,5500,,'',1,1500,,'',1,1600,,'',1,1500,,'',1,5400,,'',1,1600,,'',1,1500,,'',1,1500,,'',1,5500,,'',1,1500,,'',1,1500,,'',1,1500,,'',1,5500,,'',1,1500,,'',1,1500,,'',1,1500,,'',1,5600,,'',1,1500,,'',1,1500,,'',1,5500,,'',1,1500,,'',1,1500,,'',1,1500,,'',1,5500,,'',1,1500,,'',1,1500,,'',1,1500,,'',1,5500,,'',1,1500,,'',1,1500,,'',1,1500,,'',1,1400,,'',1,5600,,'',1,1500,,'',1,1500,,'',1,1400,,'',1,5600,,'',1,1400,,'',1,1500,,'',1,1500,,'',1,5500,,'',1,1500,,'',1,1400,,'',1,1500,,'',1,5400,,'',1,1500,,'',1,1500,,'',1,1500,,'',1,5700,,'',1,1500,,'',1,1500,,'',1,1500,,'',1,5700,,'',1,1500,,'',1,1400,,'',1,5500,,'',1,1600,,'',1,1500,,'',1,1400,,'',1,5500,,'',1,1500,,'',1,1500,,'',1,1500,,'',1
'20231022daily',80203,55000,4,'',1,5500,4,'',1,1500,4,'',1,1400,4,'',1,1500,4,'',1,5500,4,'',1,1500,4,'',1,1500,4,'',1,1500,4,'',1,5600,4,'',1,1500,4,'',1,1500,4,'',1,1500,4,'',1,5500,4,'',1,1500,4,'',1,1500,4,'',1,1500,4,'',1,5400,4,'',1,1500,4,'',1,1500,4,'',1,1500,4,'',1,5500,4,'',1,1500,4,'',1,1500,4,'',1,1500,4,'',1,5500,4,'',1,1500,4,'',1,1500,4,'',1,1500,4,'',1,5600,4,'',1,1500,4,'',1,1500,4,'',1,1500,4,'',1,5500,4,'',1,1500,4,'',1,1500,4,'',1,1500,4,'',1,5500,4,'',1,1500,4,'',1,1500,4,'',1,1500,4,'',1,5500,4,'',1,1500,4,'',1,1500,4,'',1,1400,4,'',1,5600,4,'',1,1500,4,'',1,1500,4,'',1,1400,4,'',1,5600,4,'',1,1400,4,'',1,1500,4,'',1,1500,4,'',1,5500,4,'',1,1500,4,'',1,1500,4,'',1,1500,4,'',1,5500,4,'',1,1500,4,'',1,1500,4,'',1,1500,4,'',1,5700,4,'',1,1500,4,'',1,1500,4,'',1,1500,4,'',1,5700,4,'',1,1500,4,'',1,1400,4,'',1,1500,4,'',1,5600,4,'',1,1500,4,'',1,1400,4,'',1,1500,4,'',1,5500,4,'',1,1500,4,'',1,1400,4,'',1,1500,4,'',1
'20231023daily',80202,53000,,'',1,1400,,'',1,1400,,'',1,5600,,'',1,1600,,'',1,1600,,'',1,5400,,'',1,1100,,'',1,1100,,'',1,1100,,'',1,1100,,'',1,1100,,'',1,5300,,'',1,1300,,'',1,1300,,'',1,1200,,'',1,1200,,'',1,5300,,'',1,1100,,'',1,1200,,'',1,1200,,'',1,1100,,'',1,5200,,'',1,1200,,'',1,1200,,'',1,1200,,'',1,1200,,'',1,5200,,'',1,1300,,'',1,1100,,'',1,1200,,'',1,1100,,'',1,5200,,'',1,1200,,'',1,1200,,'',1,1200,,'',1,1200,,'',1,5200,,'',1,1200,,'',1,1200,,'',1,1200,,'',1,1200,,'',1,5200,,'',1,1200,,'',1,1200,,'',1,1200,,'',1,1200,,'',1,5100,,'',1,1200,,'',1,1100,,'',1,1000,,'',1,900,,'',1,900,,'',1,5000,,'',1,1000,,'',1,1100,,'',1,1100,,'',1,1400,,'',1,5300,,'',1,1300,,'',1,1100,,'',1,1400,,'',1,5700,,'',1,1400,,'',1,1400,,'',1,1500,,'',1,5500,,'',1,1400,,'',1,1500,,'',1,1500,,'',1,1400,,'',1,5500,,'',1,1500,,'',1,1500,,'',1,1500,,'',1,5500,,'',1,1500,,'',1,1500,,'',1,1600,,'',1,5500,,'',1,1500,,'',1,1500,,'',1,1500,,'',1,5500,,'',1,1500,,'',1,1500,,'',1,5600,,'',1,1500,,'',1,1500,,'',1
'20231023daily',80203,55000,4,'',1,5600,4,'',1,1600,4,'',1,1600,4,'',1,1400,4,'',1,5400,4,'',1,1700,4,'',1,1100,4,'',1,1000,4,'',1,1000,4,'',1,5000,4,'',1,1000,4,'',1,1000,4,'',1,1100,4,'',1,1300,4,'',1,5300,4,'',1,1100,4,'',1,1200,4,'',1,1200,4,'',1,1200,4,'',1,5200,4,'',1,1200,4,'',1,1200,4,'',1,1200,4,'',1,1200,4,'',1,5200,4,'',1,1300,4,'',1,1100,4,'',1,1100,4,'',1,1100,4,'',1,1200,4,'',1,5200,4,'',1,1200,4,'',1,1200,4,'',1,1200,4,'',1,1200,4,'',1,5200,4,'',1,1200,4,'',1,1200,4,'',1,1200,4,'',1,1200,4,'',1,5200,4,'',1,1200,4,'',1,1200,4,'',1,1200,4,'',1,1100,4,'',1,5200,4,'',1,1100,4,'',1,1300,4,'',1,1200,4,'',1,1200,4,'',1,5100,4,'',1,1000,4,'',1,1000,4,'',1,1200,4,'',1,1300,4,'',1,5100,4,'',1,1200,4,'',1,1300,4,'',1,1200,4,'',1,1100,4,'',1,5200,4,'',1,1500,4,'',1,1600,4,'',1,1500,4,'',1,5400,4,'',1,1500,4,'',1,1500,4,'',1,1400,4,'',1,5500,4,'',1,1500,4,'',1,1600,4,'',1,1500,4,'',1,5500,4,'',1,1500,4,'',1,1500,4,'',1,1600,4,'',1,5500,4,'',1,1500,4,'',1,1700,4,'',1,1500,4,'',1,5500,4,'',1,1500,4,'',1,1400,4,'',1,1500,4,'',1,5500,4,'',1,1500,4,'',1,1400,4,'',1,1500,4,'',1
