7601,'20262010',533,,84973,2,,,1,91,,84974,2,,,1,28,,84975,2,,,1,65,,84998,2,,,1,33,,84976,2,,,1,78,,84977,2,,,1,101,,84978,2,,,1,98,,84979,2,,,1,95,,84980,2,,,1,32,,84981,2,,,1,66,,84982,2,,,1,30,,84983,2,,,1,100,,84984,2,,,1,88,,84985,2,,,1,68,,84986,2,,,1,30,,84987,2,,,1,86,,84988,2,,,1,37,,84989,2,,,1,73,,84990,2,,,1,76,,84991,2,,,1,24,,84992,2,,,1,104,,84993,2,,,1,100,,84994,2,,,1,99,,84995,2,,,1,100,,84996,2,,,1,108,,84997,2,,,1
7601,'20262510',613,,85016,2,,,1,28,,85017,2,,,1,72,,84999,2,,,1,30,,85018,2,,,1,71,,85000,2,,,1,30,,85019,2,,,1,70,,85001,2,,,1,100,,85002,2,,,1,101,,85003,2,,,1,100,,85004,2,,,1,30,,85020,2,,,1,56,,85005,2,,,1,43,,85021,2,,,1,72,,85006,2,,,1,100,,85007,2,,,1,100,,85008,2,,,1,31,,85022,2,,,1,68,,85009,2,,,1,30,,85023,2,,,1,71,,85010,2,,,1,99,,85011,2,,,1,99,,85012,2,,,1,100,,85013,2,,,1,100,,85014,2,,,1,114,,85015,2,,,1
7601,'20262610',613,,85041,2,,,1,28,,85042,2,,,1,72,,85040,2,,,1,30,,85043,2,,,1,71,,85024,2,,,1,30,,85044,2,,,1,70,,85025,2,,,1,100,,85026,2,,,1,101,,85027,2,,,1,100,,85028,2,,,1,30,,85045,2,,,1,56,,85029,2,,,1,43,,85046,2,,,1,72,,85030,2,,,1,100,,85031,2,,,1,100,,85032,2,,,1,31,,85047,2,,,1,68,,85033,2,,,1,30,,85048,2,,,1,71,,85034,2,,,1,99,,85035,2,,,1,99,,85036,2,,,1,100,,85037,2,,,1,100,,85038,2,,,1,114,,85039,2,,,1
7601,'20263010',521,,97035,2,,,1,89,,97036,2,,,1,29,,97037,2,,,1,73,,97038,2,,,1,31,,97039,2,,,1,75,,97040,2,,,1,114,,97041,2,,,1,85,,97042,2,,,1,99,,97043,2,,,1,33,,97044,2,,,1,69,,97045,2,,,1,34,,97046,2,,,1,99,,97047,2,,,1,83,,97048,2,,,1,79,,97049,2,,,1,31,,97050,2,,,1,92,,97051,2,,,1,83,,97052,2,,,1,29,,97053,2,,,1,56,,97054,2,,,1,34,,97055,2,,,1,96,,97056,2,,,1,102,,97057,2,,,1,106,,97058,2,,,1,94,,97059,2,,,1,109,,97060,2,,,1
7601,'20263510',611,,97078,2,,,1,29,,97079,2,,,1,71,,97061,2,,,1,29,,97080,2,,,1,68,,97062,2,,,1,33,,97081,2,,,1,69,,97063,2,,,1,92,,97064,2,,,1,50,,97065,2,,,1,103,,97066,2,,,1,70,,97082,2,,,1,33,,97067,2,,,1,80,,97083,2,,,1,67,,97068,2,,,1,43,,97069,2,,,1,99,,97070,2,,,1,80,,97084,2,,,1,32,,97071,2,,,1,69,,97085,2,,,1,73,,97072,2,,,1,58,,97074,2,,,1,147,,97075,2,,,1,108,,97076,2,,,1,100,,97073,2,,,1,105,,97077,2,,,1
7601,'20263511',611,,97103,2,,,1,29,,97104,2,,,1,71,,97086,2,,,1,29,,97105,2,,,1,68,,97087,2,,,1,33,,97106,2,,,1,69,,97088,2,,,1,92,,97089,2,,,1,50,,97090,2,,,1,103,,97091,2,,,1,70,,97107,2,,,1,33,,97092,2,,,1,80,,97108,2,,,1,67,,97093,2,,,1,43,,97094,2,,,1,99,,97095,2,,,1,80,,97109,2,,,1,32,,97096,2,,,1,69,,97110,2,,,1,73,,97097,2,,,1,58,,97099,2,,,1,147,,97100,2,,,1,108,,97101,2,,,1,100,,97098,2,,,1,105,,97102,2,,,1
7601,'20263610',611,,97128,2,,,1,29,,97129,2,,,1,71,,97127,2,,,1,29,,97130,2,,,1,68,,97111,2,,,1,33,,97131,2,,,1,69,,97112,2,,,1,92,,97113,2,,,1,50,,97114,2,,,1,103,,97115,2,,,1,70,,97132,2,,,1,33,,97116,2,,,1,80,,97133,2,,,1,67,,97117,2,,,1,43,,97118,2,,,1,99,,97119,2,,,1,80,,97134,2,,,1,32,,97120,2,,,1,69,,97135,2,,,1,73,,97121,2,,,1,58,,97122,2,,,1,147,,97123,2,,,1,108,,97124,2,,,1,100,,97125,2,,,1,105,,97126,2,,,1
7601,'20263611',611,,97153,2,,,1,29,,97154,2,,,1,71,,97152,2,,,1,29,,97155,2,,,1,68,,97136,2,,,1,33,,97156,2,,,1,69,,97137,2,,,1,92,,97138,2,,,1,50,,97139,2,,,1,103,,97140,2,,,1,70,,97157,2,,,1,33,,97141,2,,,1,80,,97158,2,,,1,67,,97142,2,,,1,43,,97143,2,,,1,99,,97144,2,,,1,80,,97159,2,,,1,32,,97145,2,,,1,69,,97160,2,,,1,73,,97146,2,,,1,58,,97147,2,,,1,147,,97148,2,,,1,108,,97149,2,,,1,100,,97150,2,,,1,105,,97151,2,,,1
8001,'20262010',558,,85265,2,0,16 17,0,69,,85266,2,0,16 17,0,29,,85267,2,0,16 17,0,69,,85268,2,0,16 17,0,29,,85269,2,0,16 17,0,71,,85270,2,0,16 17,0,31,,85271,2,0,16 17,0,72,,85272,2,0,16 17,0,30,,85273,2,0,16 17,0,70,,85274,2,0,16 17,0,30,,85275,2,0,16 17,0,70,,85276,2,0,16 17,0,29,,85277,2,0,16 17,0,70,,85278,2,0,16 17,0,30,,85279,2,0,16 17,0,70,,85280,2,0,16 17,0,30,,85281,2,0,16 17,0,70,,85282,2,0,16 17,0,29,,85283,2,0,16 17,0,70,,85284,2,0,16 17,0,28,,85285,2,0,16 17,0,67,,85286,2,0,16 17,0,33,,85287,2,0,16 17,0,71,,85288,2,0,16 17,0,32,,85289,2,0,16 17,0,72,,85290,2,0,16 17,0,30,,85296,2,0,16 17,0,100,,85297,2,0,16 17,0,100,,85298,2,0,16 17,0,100,,85299,2,0,16 17,0,141,,85300,2,0,16 17,0,30,,85295,2,0,16 17,0
8001,'20262510',600,,85332,2,0,16 17,0,30,,85301,2,0,16 17,0,70,,85319,2,0,16 17,0,30,,85302,2,0,16 17,0,70,,85320,2,0,16 17,0,30,,85303,2,0,16 17,0,70,,85321,2,0,16 17,0,30,,85304,2,0,16 17,0,29,,85322,2,0,16 17,0,70,,85305,2,0,16 17,0,30,,85323,2,0,16 17,0,70,,85306,2,0,16 17,0,29,,85324,2,0,16 17,0,70,,85307,2,0,16 17,0,30,,85325,2,0,16 17,0,70,,85308,2,0,16 17,0,30,,85326,2,0,16 17,0,70,,85309,2,0,16 17,0,30,,85327,2,0,16 17,0,70,,85310,2,0,16 17,0,30,,85328,2,0,16 17,0,70,,85311,2,0,16 17,0,30,,85329,2,0,16 17,0,70,,85312,2,0,16 17,0,31,,85330,2,0,16 17,0,70,,85313,2,0,16 17,0,30,,85331,2,0,16 17,0,70,,85314,2,0,16 17,0,100,,85315,2,0,16 17,0,100,,85316,2,0,16 17,0,101,,85317,2,0,16 17,0,100,,85318,2,0,16 17,0
8001,'20262610',600,,85368,2,0,16 17,0,30,,85337,2,0,16 17,0,70,,85355,2,0,16 17,0,30,,85338,2,0,16 17,0,70,,85356,2,0,16 17,0,30,,85339,2,0,16 17,0,70,,85357,2,0,16 17,0,30,,85340,2,0,16 17,0,29,,85358,2,0,16 17,0,70,,85341,2,0,16 17,0,30,,85359,2,0,16 17,0,70,,85342,2,0,16 17,0,29,,85360,2,0,16 17,0,70,,85343,2,0,16 17,0,30,,85361,2,0,16 17,0,70,,85344,2,0,16 17,0,30,,85362,2,0,16 17,0,70,,85345,2,0,16 17,0,30,,85363,2,0,16 17,0,70,,85346,2,0,16 17,0,30,,85364,2,0,16 17,0,70,,85347,2,0,16 17,0,30,,85365,2,0,16 17,0,70,,85348,2,0,16 17,0,31,,85366,2,0,16 17,0,70,,85349,2,0,16 17,0,30,,85367,2,0,16 17,0,70,,85350,2,0,16 17,0,100,,85351,2,0,16 17,0,100,,85352,2,0,16 17,0,101,,85353,2,0,16 17,0,100,,85354,2,0,16 17,0
8001,'20263010',558,,97531,2,0,5 6,0,69,,97532,2,0,5 6,0,29,,97533,2,0,5 6,0,69,,97534,2,0,5 6,0,30,,97535,2,0,5 6,0,70,,97536,2,0,5 6,0,31,,97537,2,0,5 6,0,72,,97538,2,0,5 6,0,30,,97539,2,0,5 6,0,70,,97540,2,0,5 6,0,30,,97541,2,0,5 6,0,70,,97542,2,0,5 6,0,29,,97543,2,0,5 6,0,70,,97544,2,0,5 6,0,30,,97545,2,0,5 6,0,70,,97546,2,0,5 6,0,30,,97547,2,0,5 6,0,70,,97548,2,0,5 6,0,29,,97549,2,0,5 6,0,70,,97550,2,0,5 6,0,28,,97551,2,0,5 6,0,67,,97552,2,0,5 6,0,33,,97553,2,0,5 6,0,71,,97554,2,0,5 6,0,32,,97555,2,0,5 6,0,72,,97556,2,0,5 6,0,30,,97562,2,0,5 6,0,100,,97563,2,0,5 6,0,100,,97564,2,0,5 6,0,100,,97565,2,0,5 6,0,141,,97566,2,0,5 6,0,30,,97561,2,0,5 6,0
8001,'20263510',600,,97599,2,0,5 6,0,30,,97568,2,0,5 6,0,70,,97586,2,0,5 6,0,30,,97569,2,0,5 6,0,70,,97587,2,0,5 6,0,30,,97570,2,0,5 6,0,70,,97588,2,0,5 6,0,30,,97571,2,0,5 6,0,29,,97589,2,0,5 6,0,70,,97572,2,0,5 6,0,30,,97590,2,0,5 6,0,70,,97573,2,0,5 6,0,29,,97591,2,0,5 6,0,70,,97574,2,0,5 6,0,30,,97592,2,0,5 6,0,70,,97575,2,0,5 6,0,30,,97593,2,0,5 6,0,70,,97576,2,0,5 6,0,30,,97594,2,0,5 6,0,70,,97577,2,0,5 6,0,30,,97595,2,0,5 6,0,70,,97578,2,0,5 6,0,30,,97596,2,0,5 6,0,70,,97579,2,0,5 6,0,31,,97597,2,0,5 6,0,70,,97580,2,0,5 6,0,30,,97598,2,0,5 6,0,70,,97581,2,0,5 6,0,100,,97582,2,0,5 6,0,100,,97583,2,0,5 6,0,101,,97584,2,0,5 6,0,100,,97585,2,0,5 6,0
8001,'20263511',600,,97635,2,0,5 6,0,30,,97604,2,0,5 6,0,70,,97622,2,0,5 6,0,30,,97605,2,0,5 6,0,70,,97623,2,0,5 6,0,30,,97606,2,0,5 6,0,70,,97624,2,0,5 6,0,30,,97607,2,0,5 6,0,29,,97625,2,0,5 6,0,70,,97608,2,0,5 6,0,30,,97626,2,0,5 6,0,70,,97609,2,0,5 6,0,29,,97627,2,0,5 6,0,70,,97610,2,0,5 6,0,30,,97628,2,0,5 6,0,70,,97611,2,0,5 6,0,30,,97629,2,0,5 6,0,70,,97612,2,0,5 6,0,30,,97630,2,0,5 6,0,70,,97613,2,0,5 6,0,30,,97631,2,0,5 6,0,70,,97614,2,0,5 6,0,30,,97632,2,0,5 6,0,70,,97615,2,0,5 6,0,31,,97633,2,0,5 6,0,70,,97616,2,0,5 6,0,30,,97634,2,0,5 6,0,70,,97617,2,0,5 6,0,100,,97618,2,0,5 6,0,100,,97619,2,0,5 6,0,101,,97620,2,0,5 6,0,100,,97621,2,0,5 6,0
8001,'20263610',600,,97671,2,0,5 6,0,30,,97640,2,0,5 6,0,70,,97658,2,0,5 6,0,30,,97641,2,0,5 6,0,70,,97659,2,0,5 6,0,30,,97642,2,0,5 6,0,70,,97660,2,0,5 6,0,30,,97643,2,0,5 6,0,29,,97661,2,0,5 6,0,70,,97644,2,0,5 6,0,30,,97662,2,0,5 6,0,70,,97645,2,0,5 6,0,29,,97663,2,0,5 6,0,70,,97646,2,0,5 6,0,30,,97664,2,0,5 6,0,70,,97647,2,0,5 6,0,30,,97665,2,0,5 6,0,70,,97648,2,0,5 6,0,30,,97666,2,0,5 6,0,70,,97649,2,0,5 6,0,30,,97667,2,0,5 6,0,70,,97650,2,0,5 6,0,30,,97668,2,0,5 6,0,70,,97651,2,0,5 6,0,31,,97669,2,0,5 6,0,70,,97652,2,0,5 6,0,30,,97670,2,0,5 6,0,70,,97653,2,0,5 6,0,100,,97654,2,0,5 6,0,100,,97655,2,0,5 6,0,101,,97656,2,0,5 6,0,100,,97657,2,0,5 6,0
8001,'20263611',600,,97707,2,0,5 6,0,30,,97676,2,0,5 6,0,70,,97694,2,0,5 6,0,30,,97677,2,0,5 6,0,70,,97695,2,0,5 6,0,30,,97678,2,0,5 6,0,70,,97696,2,0,5 6,0,30,,97679,2,0,5 6,0,29,,97697,2,0,5 6,0,70,,97680,2,0,5 6,0,30,,97698,2,0,5 6,0,70,,97681,2,0,5 6,0,29,,97699,2,0,5 6,0,70,,97682,2,0,5 6,0,30,,97700,2,0,5 6,0,70,,97683,2,0,5 6,0,30,,97701,2,0,5 6,0,70,,97684,2,0,5 6,0,30,,97702,2,0,5 6,0,70,,97685,2,0,5 6,0,30,,97703,2,0,5 6,0,70,,97686,2,0,5 6,0,30,,97704,2,0,5 6,0,70,,97687,2,0,5 6,0,31,,97705,2,0,5 6,0,70,,97688,2,0,5 6,0,30,,97706,2,0,5 6,0,70,,97689,2,0,5 6,0,100,,97690,2,0,5 6,0,100,,97691,2,0,5 6,0,101,,97692,2,0,5 6,0,100,,97693,2,0,5 6,0
