7901,'20262010',634,,85100,21,,,0,99,,85101,21,,,0,101,,85102,21,,,0,100,,85103,21,,,0,100,,85104,21,,,0,100,,85105,21,,,0,100,,85106,21,,,0,100,,85107,21,,,0,100,,85108,21,,,0,100,,85115,21,,,0,100,,85109,21,,,0,101,,85116,21,,,0,100,,85110,21,,,0,100,,85111,21,,,0,100,,85112,21,,,0,101,,85117,21,,,0,100,,85113,21,,,0,100,,85114,21,,,0
7901,'20262510',735,,85121,21,,,0,100,,85122,21,,,0,100,,85123,21,,,0,100,,85127,21,,,0,100,,85128,21,,,0,100,,85118,21,,,0,100,,85129,21,,,0,100,,85126,21,,,0,100,,85130,21,,,0,100,,85124,21,,,0,70,,85135,21,,,0,30,,85131,21,,,0,100,,85119,21,,,0,100,,85132,21,,,0,100,,85125,21,,,0,100,,85133,21,,,0,100,,85120,21,,,0,100,,85134,21,,,0
7901,'20262610',735,,85141,21,,,0,100,,85140,21,,,0,100,,85136,21,,,0,100,,85145,21,,,0,100,,85146,21,,,0,100,,85138,21,,,0,100,,85147,21,,,0,100,,85144,21,,,0,100,,85149,21,,,0,100,,85142,21,,,0,70,,85153,21,,,0,30,,85150,21,,,0,100,,85137,21,,,0,100,,85151,21,,,0,100,,85143,21,,,0,100,,85152,21,,,0,100,,85139,21,,,0,100,,85148,21,,,0
7901,'20263010',606,,97251,21,,,0,29,,97252,21,,,0,69,,97253,21,,,0,30,,97254,21,,,0,70,,97255,21,,,0,31,,97256,21,,,0,100,,97257,21,,,0,99,,97258,21,,,0,100,,97259,21,,,0,100,,97260,21,,,0,100,,97261,21,,,0,100,,97262,21,,,0,100,,97269,21,,,0,96,,97263,21,,,0,75,,97272,21,,,0,30,,97270,21,,,0,100,,97264,21,,,0,100,,97265,21,,,0,100,,97266,21,,,0,101,,97271,21,,,0,100,,97267,21,,,0,100,,97268,21,,,0
7901,'20263510',735,,97276,21,,,0,100,,97277,21,,,0,100,,97278,21,,,0,100,,97282,21,,,0,100,,97283,21,,,0,100,,97273,21,,,0,100,,97284,21,,,0,100,,97281,21,,,0,100,,97285,21,,,0,100,,97279,21,,,0,68,,97290,21,,,0,32,,97286,21,,,0,100,,97274,21,,,0,100,,97287,21,,,0,100,,97280,21,,,0,100,,97288,21,,,0,100,,97275,21,,,0,100,,97289,21,,,0
7901,'20263511',735,,97294,21,,,0,100,,97295,21,,,0,100,,97296,21,,,0,100,,97300,21,,,0,100,,97301,21,,,0,100,,97291,21,,,0,100,,97302,21,,,0,100,,97299,21,,,0,100,,97303,21,,,0,100,,97297,21,,,0,68,,97308,21,,,0,32,,97304,21,,,0,100,,97292,21,,,0,100,,97305,21,,,0,100,,97298,21,,,0,100,,97306,21,,,0,100,,97293,21,,,0,100,,97307,21,,,0
7901,'20263610',735,,97314,21,,,0,100,,97313,21,,,0,100,,97309,21,,,0,100,,97318,21,,,0,100,,97319,21,,,0,100,,97311,21,,,0,100,,97320,21,,,0,100,,97317,21,,,0,100,,97322,21,,,0,100,,97315,21,,,0,68,,97326,21,,,0,32,,97323,21,,,0,100,,97310,21,,,0,100,,97324,21,,,0,100,,97316,21,,,0,100,,97325,21,,,0,100,,97312,21,,,0,100,,97321,21,,,0
7901,'20263611',735,,97332,21,,,0,100,,97331,21,,,0,100,,97327,21,,,0,100,,97336,21,,,0,100,,97337,21,,,0,100,,97329,21,,,0,100,,97338,21,,,0,100,,97335,21,,,0,100,,97340,21,,,0,100,,97333,21,,,0,68,,97344,21,,,0,32,,97341,21,,,0,100,,97328,21,,,0,100,,97342,21,,,0,100,,97334,21,,,0,100,,97343,21,,,0,100,,97330,21,,,0,100,,97339,21,,,0
27901,'20262010',632,,86601,18,,,0,84,,86599,18,,,0,37,,86600,18,,,0,65,,86598,18,,,0
27901,'20263010',626,,99674,18,,,0,82,,99672,18,,,0,34,,99673,18,,,0,67,,99671,18,,,0
2007901,'20263010',1632,,106139,2,,,0
