8200,'20262010',641,,70853,42,,,0,70,,70836,42,,,0,100,,70857,42,,,0,30,,70843,42,,,0,70,,70852,42,,,0,100,,70844,42,,,0,100,,70851,42,,,0,101,,70845,42,,,0,100,,70837,42,,,0,100,,70846,42,,,0,100,,70850,42,,,0,100,,70847,42,,,0,30,,70838,42,,,0,70,,70839,42,,,0,30,,70840,42,,,0,70,,70841,42,,,0,30,,70848,42,,,0,70,,70849,42,,,0,99,,70855,42,,,0,100,,70854,42,,,0,100,,70856,42,,,0,130,,70842,42,,,0
8200,'20262011',641,,70875,42,,,0,70,,70858,42,,,0,100,,70879,42,,,0,30,,70865,42,,,0,70,,70874,42,,,0,100,,70866,42,,,0,100,,70873,42,,,0,101,,70867,42,,,0,100,,70859,42,,,0,100,,70868,42,,,0,100,,70872,42,,,0,100,,70869,42,,,0,30,,70860,42,,,0,70,,70861,42,,,0,30,,70862,42,,,0,70,,70863,42,,,0,30,,70870,42,,,0,70,,70871,42,,,0,99,,70877,42,,,0,100,,70876,42,,,0,100,,70878,42,,,0,130,,70864,42,,,0
8200,'20262510',711,,70894,42,,,0,100,,70880,42,,,0,100,,70884,42,,,0,100,,70885,42,,,0,100,,70892,42,,,0,100,,70886,42,,,0,101,,70881,42,,,0,100,,70887,42,,,0,100,,70893,42,,,0,100,,70888,42,,,0,100,,70896,42,,,0,100,,70882,42,,,0,99,,70889,42,,,0,100,,70891,42,,,0,100,,70895,42,,,0,100,,70890,42,,,0,130,,70883,42,,,0,170,,70897,42,,,0
8200,'20262511',711,,70912,42,,,0,100,,70898,42,,,0,100,,70902,42,,,0,100,,70903,42,,,0,100,,70910,42,,,0,100,,70904,42,,,0,101,,70899,42,,,0,100,,70905,42,,,0,100,,70911,42,,,0,100,,70906,42,,,0,100,,70914,42,,,0,100,,70900,42,,,0,99,,70907,42,,,0,100,,70909,42,,,0,100,,70913,42,,,0,100,,70908,42,,,0,130,,70901,42,,,0,170,,70915,42,,,0
8200,'20262610',711,,70928,42,,,0,100,,70929,42,,,0,100,,70925,42,,,0,100,,70930,42,,,0,100,,70924,42,,,0,100,,70926,42,,,0,101,,70919,42,,,0,100,,70916,42,,,0,100,,70922,42,,,0,100,,70923,42,,,0,100,,70932,42,,,0,100,,70920,42,,,0,99,,70917,42,,,0,100,,70927,42,,,0,100,,70931,42,,,0,100,,70918,42,,,0,130,,70921,42,,,0,170,,70933,42,,,0
8200,'20262611',711,,70946,42,,,0,100,,70947,42,,,0,100,,70943,42,,,0,100,,70948,42,,,0,100,,70942,42,,,0,100,,70944,42,,,0,101,,70937,42,,,0,100,,70934,42,,,0,100,,70940,42,,,0,100,,70941,42,,,0,100,,70950,42,,,0,100,,70938,42,,,0,99,,70935,42,,,0,100,,70945,42,,,0,100,,70949,42,,,0,100,,70936,42,,,0,130,,70939,42,,,0,170,,70951,42,,,0
18501,'20262010',637,,72752,10,,,0,89,,72753,10,,,0,96,,72754,10,,,0,35,,72756,10,,,0
18501,'20262011',637,,72757,10,,,0,89,,72758,10,,,0,96,,72759,10,,,0,35,,72761,10,,,0
27201,'20262010',640,,73009,41,,,0,65,,73006,41,,,0,38,,73008,41,,,0,67,,73007,41,,,0
27201,'20262011',640,,73013,41,,,0,65,,73010,41,,,0,38,,73012,41,,,0,67,,73011,41,,,0
58201,'20262010',645,,73956,46,,,0,11,,73958,46,,,0,57,,73957,46,,,0,29,,73959,46,,,0
58201,'20262011',645,,73960,46,,,0,11,,73962,46,,,0,57,,73961,46,,,0,29,,73963,46,,,0
98200,'20262010',2603,,81264,45,,,0
98200,'20262011',2603,,81265,45,,,0
98200,'20262510',2603,,81266,45,,,0
98200,'20262511',2603,,81267,45,,,0
