9002,'20262010',640,,71584,17,,,0,66,,71585,17,,,0,34,,71588,17,,,0,76,,71586,17,,,0,22,,71587,17,,,0
9002,'20262011',640,,71589,17,,,0,66,,71590,17,,,0,34,,71593,17,,,0,76,,71591,17,,,0,22,,71592,17,,,0
9102,'20262010',514,,71604,20,,,0,101,,71605,20,,,0,28,,71606,20,,,0,70,,71607,20,,,0,28,,71608,20,,,0,72,,71609,20,,,0,30,,71610,20,,,0,100,,71611,20,,,0,99,,71612,20,,,0,100,,71613,20,,,0,101,,71614,20,,,0,99,,71615,20,,,0,100,,71616,20,,,0,98,,71617,20,,,0,106,,71618,20,,,0,100,,71619,20,,,0,98,,71620,20,,,0,98,,71621,20,,,0,100,,71622,20,,,0,100,,71623,20,,,0,103,,71624,20,,,0
9102,'20262011',514,,71625,20,,,0,101,,71626,20,,,0,28,,71627,20,,,0,70,,71628,20,,,0,28,,71629,20,,,0,72,,71630,20,,,0,30,,71631,20,,,0,100,,71632,20,,,0,99,,71633,20,,,0,100,,71634,20,,,0,101,,71635,20,,,0,99,,71636,20,,,0,100,,71637,20,,,0,98,,71638,20,,,0,106,,71639,20,,,0,100,,71640,20,,,0,98,,71641,20,,,0,98,,71642,20,,,0,100,,71643,20,,,0,100,,71644,20,,,0,103,,71645,20,,,0
9102,'20262510',544,,71646,20,,,0,100,,71647,20,,,0,100,,71648,20,,,0,100,,71649,20,,,0,100,,71650,20,,,0,100,,71651,20,,,0,100,,71652,20,,,0,99,,71653,20,,,0,100,,71654,20,,,0,100,,71655,20,,,0,97,,71656,20,,,0,99,,71657,20,,,0,105,,71658,20,,,0,100,,71659,20,,,0,100,,71660,20,,,0,100,,71661,20,,,0,100,,71662,20,,,0,100,,71663,20,,,0
9102,'20262511',544,,71664,20,,,0,100,,71665,20,,,0,100,,71666,20,,,0,100,,71667,20,,,0,100,,71668,20,,,0,100,,71669,20,,,0,100,,71670,20,,,0,99,,71671,20,,,0,100,,71672,20,,,0,100,,71673,20,,,0,97,,71674,20,,,0,99,,71675,20,,,0,105,,71676,20,,,0,100,,71677,20,,,0,100,,71678,20,,,0,100,,71679,20,,,0,100,,71680,20,,,0,100,,71681,20,,,0
9102,'20262610',544,,71682,20,,,0,100,,71683,20,,,0,100,,71684,20,,,0,100,,71685,20,,,0,100,,71686,20,,,0,100,,71687,20,,,0,100,,71688,20,,,0,99,,71689,20,,,0,100,,71690,20,,,0,100,,71691,20,,,0,97,,71692,20,,,0,99,,71693,20,,,0,105,,71694,20,,,0,100,,71695,20,,,0,100,,71696,20,,,0,100,,71697,20,,,0,100,,71698,20,,,0,100,,71699,20,,,0
9102,'20262611',544,,71700,20,,,0,100,,71701,20,,,0,100,,71702,20,,,0,100,,71703,20,,,0,100,,71704,20,,,0,100,,71705,20,,,0,100,,71706,20,,,0,99,,71707,20,,,0,100,,71708,20,,,0,100,,71709,20,,,0,97,,71710,20,,,0,99,,71711,20,,,0,105,,71712,20,,,0,100,,71713,20,,,0,100,,71714,20,,,0,100,,71715,20,,,0,100,,71716,20,,,0,100,,71717,20,,,0
29102,'20262010',611,,73200,20,,,0,30,,73203,20,,,0,63,,73201,20,,,0,31,,73202,20,,,0
29102,'20262011',611,,73204,20,,,0,30,,73207,20,,,0,63,,73205,20,,,0,31,,73206,20,,,0
