5303,'20262010',546,,83513,17,,,0,100,,83500,17,,,0,65,,83511,17,,,0,35,,83512,17,,,0,70,,83501,17,,,0,33,,83515,17,,,0,79,,83514,17,,,0,77,,83502,17,,,0,41,,83517,17,,,0,100,,83503,17,,,0,100,,83504,17,,,0,101,,83518,17,,,0,100,,83505,17,,,0,101,,83516,17,,,0,66,,83521,17,,,0,35,,83519,17,,,0,99,,83506,17,,,0,100,,83507,17,,,0,101,,83508,17,,,0,101,,83520,17,,,0,100,,83509,17,,,0,101,,83510,17,,,0
5303,'20262510',639,,83522,17,,,0,105,,83534,17,,,0,101,,83523,17,,,0,100,,83524,17,,,0,100,,83525,17,,,0,100,,83535,17,,,0,99,,83526,17,,,0,101,,83536,17,,,0,99,,83527,17,,,0,107,,83528,17,,,0,96,,83529,17,,,0,98,,83537,17,,,0,100,,83530,17,,,0,100,,83531,17,,,0,99,,83538,17,,,0,100,,83532,17,,,0,98,,83533,17,,,0
5303,'20262610',639,,83539,17,,,0,105,,83551,17,,,0,101,,83540,17,,,0,100,,83541,17,,,0,100,,83542,17,,,0,100,,83552,17,,,0,99,,83543,17,,,0,101,,83553,17,,,0,99,,83544,17,,,0,107,,83545,17,,,0,96,,83546,17,,,0,98,,83554,17,,,0,100,,83547,17,,,0,100,,83548,17,,,0,99,,83555,17,,,0,100,,83549,17,,,0,98,,83550,17,,,0
5303,'20263010',541,,94488,17,,,0,100,,94475,17,,,0,67,,94486,17,,,0,33,,94487,17,,,0,71,,94476,17,,,0,31,,94490,17,,,0,74,,94489,17,,,0,39,,94477,17,,,0,86,,94492,17,,,0,99,,94478,17,,,0,100,,94479,17,,,0,101,,94493,17,,,0,100,,94480,17,,,0,100,,94491,17,,,0,65,,94496,17,,,0,37,,94494,17,,,0,100,,94481,17,,,0,98,,94482,17,,,0,100,,94483,17,,,0,98,,94495,17,,,0,104,,94484,17,,,0,103,,94485,17,,,0
5303,'20263510',639,,94497,17,,,0,104,,94509,17,,,0,100,,94498,17,,,0,101,,94499,17,,,0,101,,94500,17,,,0,100,,94510,17,,,0,99,,94501,17,,,0,101,,94511,17,,,0,99,,94502,17,,,0,111,,94503,17,,,0,97,,94504,17,,,0,98,,94512,17,,,0,95,,94505,17,,,0,100,,94506,17,,,0,99,,94513,17,,,0,100,,94507,17,,,0,98,,94508,17,,,0
5303,'20263511',639,,94514,17,,,0,104,,94526,17,,,0,100,,94515,17,,,0,101,,94516,17,,,0,101,,94517,17,,,0,100,,94527,17,,,0,99,,94518,17,,,0,101,,94528,17,,,0,99,,94519,17,,,0,111,,94520,17,,,0,97,,94521,17,,,0,98,,94529,17,,,0,95,,94522,17,,,0,100,,94523,17,,,0,99,,94530,17,,,0,100,,94524,17,,,0,98,,94525,17,,,0
5303,'20263610',639,,94537,17,,,0,104,,94534,17,,,0,100,,94540,17,,,0,101,,94533,17,,,0,101,,94538,17,,,0,100,,94547,17,,,0,99,,94539,17,,,0,101,,94544,17,,,0,99,,94531,17,,,0,111,,94536,17,,,0,97,,94532,17,,,0,98,,94545,17,,,0,95,,94541,17,,,0,100,,94542,17,,,0,99,,94546,17,,,0,100,,94535,17,,,0,98,,94543,17,,,0
5303,'20263611',639,,94554,17,,,0,104,,94551,17,,,0,100,,94557,17,,,0,101,,94550,17,,,0,101,,94555,17,,,0,100,,94564,17,,,0,99,,94556,17,,,0,101,,94561,17,,,0,99,,94548,17,,,0,111,,94553,17,,,0,97,,94549,17,,,0,98,,94562,17,,,0,95,,94558,17,,,0,100,,94559,17,,,0,99,,94563,17,,,0,100,,94552,17,,,0,98,,94560,17,,,0
25301,'20262010',654,,86515,17,,,0,69,,86516,17,,,0,30,,86517,17,,,0,71,,86518,17,,,0
25301,'20263010',640,,99583,17,,,0,65,,99584,17,,,0,32,,99585,17,,,0,77,,99586,17,,,0
