3600,'20261010',716,,50330,18,,,0,30,,50351,18,,,0,70,,50331,18,,,0,101,,50332,18,,,0,100,,50333,18,,,0,100,,50334,18,,,0,100,,50335,18,,,0,100,,50336,18,,,0,100,,50337,18,,,0,99,,50338,18,,,0,28,,50339,18,,,0,69,,50340,18,,,0,32,,50341,18,,,0,71,,50342,18,,,0,30,,50343,18,,,0,72,,50345,18,,,0,100,,50346,18,,,0,100,,50347,18,,,0,102,,50348,18,,,0,100,,50349,18,,,0,100,,50350,18,,,0,100,,50344,18,,,0
3600,'20261511',718,,50372,18,,,0,99,,50373,18,,,0,100,,50374,18,,,0,100,,50375,18,,,0,100,,50376,18,,,0,100,,50377,18,,,0,100,,50378,18,,,0,99,,50379,18,,,0,100,,50380,18,,,0,100,,50381,18,,,0,100,,50382,18,,,0,100,,50383,18,,,0,102,,50385,18,,,0,100,,50370,18,,,0,101,,50386,18,,,0,101,,50371,18,,,0,100,,50384,18,,,0,100,,50387,18,,,0
3600,'20261611',718,,50423,18,,,0,99,,50421,18,,,0,100,,50415,18,,,0,100,,50418,18,,,0,100,,50407,18,,,0,100,,50406,18,,,0,100,,50414,18,,,0,99,,50413,18,,,0,100,,50412,18,,,0,100,,50411,18,,,0,100,,50410,18,,,0,100,,50409,18,,,0,102,,50419,18,,,0,100,,50408,18,,,0,101,,50420,18,,,0,101,,50417,18,,,0,100,,50416,18,,,0,100,,50422,18,,,0
6103,'20261010',607,,52332,3,,,1,29,,52333,3,,,1,69,,52334,3,,,1,27,,52335,3,,,1,68,,52336,3,,,1,32,,52337,3,,,1,70,,52338,3,,,1,30,,52351,3,,,1,70,,52339,3,,,1,30,,52352,3,,,1,70,,52340,3,,,1,29,,52353,3,,,1,70,,52341,3,,,1,29,,52354,3,,,1,71,,52342,3,,,1,30,,52355,3,,,1,70,,52343,3,,,1,30,,52356,3,,,1,70,,52344,3,,,1,27,,52345,3,,,1,29,,52346,3,,,1,71,,52347,3,,,1,73,,52348,3,,,1,31,,52349,3,,,1,71,,52350,3,,,1,31,,52357,3,,,1,101,,52358,3,,,1,100,,52359,3,,,1,99,,52360,3,,,1,106,,52361,3,,,1,100,,52362,3,,,1
6103,'20261511',738,,52386,3,,,1,67,,52402,3,,,1,30,,52387,3,,,1,99,,52391,3,,,1,98,,52392,3,,,1,100,,52393,3,,,1,71,,52403,3,,,1,30,,52394,3,,,1,69,,52404,3,,,1,30,,52395,3,,,1,70,,52405,3,,,1,30,,52396,3,,,1,70,,52406,3,,,1,30,,52388,3,,,1,70,,52407,3,,,1,31,,52389,3,,,1,71,,52408,3,,,1,31,,52390,3,,,1,102,,52397,3,,,1,101,,52398,3,,,1,100,,52399,3,,,1,100,,52400,3,,,1,103,,52401,3,,,1
6103,'20261611',738,,52432,3,,,1,67,,52448,3,,,1,30,,52433,3,,,1,99,,52437,3,,,1,98,,52438,3,,,1,100,,52439,3,,,1,71,,52449,3,,,1,30,,52440,3,,,1,69,,52450,3,,,1,30,,52441,3,,,1,70,,52451,3,,,1,30,,52442,3,,,1,70,,52452,3,,,1,30,,52434,3,,,1,70,,52453,3,,,1,31,,52435,3,,,1,71,,52454,3,,,1,31,,52436,3,,,1,102,,52443,3,,,1,101,,52444,3,,,1,100,,52445,3,,,1,100,,52446,3,,,1,103,,52447,3,,,1
13300,'20261010',1550,,55854,12,,,0,71,,55851,12,,,0,32,,55852,12,,,0,71,,55853,12,,,0,24,,55855,12,,,0
13600,'20261010',1549,,55863,7,,,0,70,,55864,7,,,0,14,,55865,7,,,0,14,,55866,7,,,0,70,,55867,7,,,0,29,,55868,7,,,0
23800,'20261010',1549,,55912,5,,,0,70,,55913,5,,,0,88,,55915,5,,,0,39,,55914,5,,,0
29000,'20261010',1550,,56108,12,,,0,70,,56109,12,,,0,39,,56110,12,,,0,79,,56111,12,,,0,79,,56112,12,,,0
93600,'20261010',2545,,62372,21,,,0
93600,'20261511',2545,,62374,21,,,0
