8201,'20262010',539,,70952,46,,,0,69,,70953,46,,,0,29,,70954,46,,,0,67,,70955,46,,,0,27,,70970,46,,,0,71,,70967,46,,,0,31,,70973,31,,,0,102,,70961,31,,,0,101,,70956,46,,,0,99,,70962,31,,,0,100,,70957,46,,,0,101,,70963,31,,,0,101,,70969,46,,,0,97,,70964,31,,,0,69,,70968,46,,,0,100,,70958,46,,,0,134,,70959,46,,,0,100,,70971,46,,,0,100,,70965,31,,,0,170,,70966,46,,,0,131,,70960,46,,,0
8201,'20262011',539,,70974,46,,,0,69,,70975,46,,,0,29,,70976,46,,,0,67,,70977,46,,,0,27,,70992,46,,,0,71,,70989,46,,,0,31,,70995,31,,,0,102,,70983,31,,,0,101,,70978,46,,,0,99,,70984,31,,,0,100,,70979,46,,,0,101,,70985,31,,,0,101,,70991,46,,,0,97,,70986,31,,,0,69,,70990,46,,,0,100,,70980,46,,,0,134,,70981,46,,,0,100,,70993,46,,,0,100,,70987,31,,,0,170,,70988,46,,,0,131,,70982,46,,,0
8201,'20262510',640,,71011,46,,,0,97,,71005,46,,,0,100,,71006,46,,,0,100,,70999,31,,,0,100,,71009,46,,,0,100,,71000,31,,,0,100,,70996,46,,,0,100,,71001,31,,,0,100,,71007,46,,,0,101,,71002,31,,,0,100,,71008,46,,,0,100,,71003,46,,,0,101,,71010,31,,,0,101,,70997,46,,,0,100,,71004,31,,,0,170,,71012,31,,,0,130,,70998,46,,,0
8201,'20262511',640,,71028,46,,,0,97,,71022,46,,,0,100,,71023,46,,,0,100,,71016,31,,,0,100,,71026,46,,,0,100,,71017,31,,,0,100,,71013,46,,,0,100,,71018,31,,,0,100,,71024,46,,,0,101,,71019,31,,,0,100,,71025,46,,,0,100,,71020,46,,,0,101,,71027,31,,,0,101,,71014,46,,,0,100,,71021,31,,,0,170,,71029,31,,,0,130,,71015,46,,,0
8201,'20262610',640,,71046,46,,,0,97,,71045,46,,,0,100,,71041,46,,,0,100,,71043,31,,,0,100,,71042,46,,,0,100,,71044,31,,,0,100,,71035,46,,,0,100,,71030,31,,,0,100,,71039,46,,,0,101,,71031,31,,,0,100,,71038,46,,,0,100,,71032,46,,,0,101,,71040,31,,,0,101,,71036,46,,,0,100,,71034,31,,,0,170,,71033,31,,,0,130,,71037,46,,,0
8201,'20262611',640,,71063,46,,,0,97,,71062,46,,,0,100,,71058,46,,,0,100,,71060,31,,,0,100,,71059,46,,,0,100,,71061,31,,,0,100,,71052,46,,,0,100,,71047,31,,,0,100,,71056,46,,,0,101,,71048,31,,,0,100,,71055,46,,,0,100,,71049,46,,,0,101,,71057,31,,,0,101,,71053,46,,,0,100,,71051,31,,,0,170,,71050,31,,,0,130,,71054,46,,,0
28201,'20262010',619,,73120,46,,,0,21,,73123,46,,,0,72,,73124,46,,,0,23,,73121,46,,,0,81,,73122,46,,,0
28201,'20262011',619,,73125,46,,,0,21,,73128,46,,,0,72,,73129,46,,,0,23,,73126,46,,,0,81,,73127,46,,,0
28901,'20262010',641,,73173,13,,,0,65,,73172,13,,,0,19,,73174,13,,,0,16,,73176,13,,,0,66,,73175,13,,,0
28901,'20262011',641,,73178,13,,,0,65,,73177,13,,,0,19,,73179,13,,,0,16,,73181,13,,,0,66,,73180,13,,,0
58201,'20262010',627,,73956,13,,,0,11,,73958,13,,,0,16,,73957,13,,,0,68,,73959,13,,,0
58201,'20262011',627,,73960,13,,,0,11,,73962,13,,,0,16,,73961,13,,,0,68,,73963,13,,,0
