8200,'20262010',648,,70853,55,,,0,70,,70836,55,,,0,100,,70857,55,,,0,30,,70843,55,,,0,70,,70852,55,,,0,100,,70844,55,,,0,100,,70851,55,,,0,101,,70845,55,,,0,100,,70837,55,,,0,100,,70846,55,,,0,101,,70850,55,,,0,101,,70847,55,,,0,30,,70838,55,,,0,70,,70839,55,,,0,29,,70840,55,,,0,69,,70841,55,,,0,30,,70848,55,,,0,70,,70849,55,,,0,99,,70855,55,,,0,100,,70854,55,,,0,100,,70856,55,,,0,130,,70842,55,,,0
8200,'20262011',648,,70875,55,,,0,70,,70858,55,,,0,100,,70879,55,,,0,30,,70865,55,,,0,70,,70874,55,,,0,100,,70866,55,,,0,100,,70873,55,,,0,101,,70867,55,,,0,100,,70859,55,,,0,100,,70868,55,,,0,101,,70872,55,,,0,101,,70869,55,,,0,30,,70860,55,,,0,70,,70861,55,,,0,29,,70862,55,,,0,69,,70863,55,,,0,30,,70870,55,,,0,70,,70871,55,,,0,99,,70877,55,,,0,100,,70876,55,,,0,100,,70878,55,,,0,130,,70864,55,,,0
8200,'20262510',717,,70894,55,,,0,101,,70880,55,,,0,100,,70884,55,,,0,100,,70885,55,,,0,100,,70892,55,,,0,100,,70886,55,,,0,101,,70881,55,,,0,100,,70887,55,,,0,101,,70893,55,,,0,100,,70888,55,,,0,100,,70896,55,,,0,100,,70882,55,,,0,98,,70889,55,,,0,100,,70891,55,,,0,100,,70895,55,,,0,100,,70890,55,,,0,130,,70883,55,,,0,170,,70897,55,,,0
8200,'20262511',717,,70912,55,,,0,101,,70898,55,,,0,100,,70902,55,,,0,100,,70903,55,,,0,100,,70910,55,,,0,100,,70904,55,,,0,101,,70899,55,,,0,100,,70905,55,,,0,101,,70911,55,,,0,100,,70906,55,,,0,100,,70914,55,,,0,100,,70900,55,,,0,98,,70907,55,,,0,100,,70909,55,,,0,100,,70913,55,,,0,100,,70908,55,,,0,130,,70901,55,,,0,170,,70915,55,,,0
8200,'20262610',717,,70928,55,,,0,101,,70929,55,,,0,100,,70925,55,,,0,100,,70930,55,,,0,100,,70924,55,,,0,100,,70926,55,,,0,101,,70919,55,,,0,100,,70916,55,,,0,101,,70922,55,,,0,100,,70923,55,,,0,100,,70932,55,,,0,100,,70920,55,,,0,98,,70917,55,,,0,100,,70927,55,,,0,100,,70931,55,,,0,100,,70918,55,,,0,130,,70921,55,,,0,170,,70933,55,,,0
8200,'20262611',717,,70946,55,,,0,101,,70947,55,,,0,100,,70943,55,,,0,100,,70948,55,,,0,100,,70942,55,,,0,100,,70944,55,,,0,101,,70937,55,,,0,100,,70934,55,,,0,101,,70940,55,,,0,100,,70941,55,,,0,100,,70950,55,,,0,100,,70938,55,,,0,98,,70935,55,,,0,100,,70945,55,,,0,100,,70949,55,,,0,100,,70936,55,,,0,130,,70939,55,,,0,170,,70951,55,,,0
58200,'20262010',1614,,73952,25,4,,0,92,,73951,25,4,,0,94,,73950,25,4,,0
58200,'20262011',1614,,73955,25,4,,0,92,,73954,25,4,,0,94,,73953,25,4,,0
98200,'20262010',2610,,81264,58,,,0
98200,'20262011',2610,,81265,58,,,0
98200,'20262510',2610,,81266,58,,,0
98200,'20262511',2610,,81267,58,,,0
