7202,'20262010',540,,84650,26,,,0,70,,84651,26,,,0,29,,84652,26,,,0,67,,84653,26,,,0,26,,84654,26,,,0,70,,84655,26,,,0,33,,84656,26,,,0,73,,84672,26,,,0,30,,84657,26,,,0,71,,84673,26,,,0,30,,84658,26,,,0,70,,84674,26,,,0,30,,84659,26,,,0,70,,84675,26,,,0,29,,84660,26,,,0,70,,84676,26,,,0,30,,84661,26,,,0,70,,84677,26,,,0,28,,84662,26,,,0,70,,84678,26,,,0,26,,84663,26,,,0,68,,84679,26,,,0,27,,84664,26,,,0,74,,84680,26,,,0,32,,84665,26,,,0,74,,84681,26,,,0,31,,84666,26,,,0,100,,84667,26,,,0,100,,84668,26,,,0,101,,84669,26,,,0,102,,84670,26,,,0,100,,84671,26,,,0
7202,'20262510',641,,84682,26,,,0,100,,84683,26,,,0,100,,84684,26,,,0,99,,84685,26,,,0,100,,84686,26,,,0,98,,84687,26,,,0,100,,84688,26,,,0,100,,84689,26,,,0,99,,84690,26,,,0,101,,84691,26,,,0,100,,84692,26,,,0,101,,84693,26,,,0,100,,84694,26,,,0,101,,84695,26,,,0,100,,84696,26,,,0,100,,84697,26,,,0,101,,84698,26,,,0,100,,84699,26,,,0
7202,'20262610',641,,84700,26,,,0,100,,84701,26,,,0,100,,84702,26,,,0,99,,84703,26,,,0,100,,84704,26,,,0,98,,84705,26,,,0,100,,84706,26,,,0,100,,84707,26,,,0,99,,84708,26,,,0,101,,84709,26,,,0,100,,84710,26,,,0,101,,84711,26,,,0,100,,84712,26,,,0,101,,84713,26,,,0,100,,84714,26,,,0,100,,84715,26,,,0,101,,84716,26,,,0,100,,84717,26,,,0
7202,'20263010',540,,96518,26,,,0,72,,96519,26,,,0,27,,96520,26,,,0,66,,96521,26,,,0,26,,96522,26,,,0,71,,96523,26,,,0,37,,96524,26,,,0,71,,96540,26,,,0,31,,96525,26,,,0,70,,96541,26,,,0,29,,96526,26,,,0,70,,96542,26,,,0,30,,96527,26,,,0,70,,96543,26,,,0,30,,96528,26,,,0,70,,96544,26,,,0,30,,96529,26,,,0,70,,96545,26,,,0,28,,96530,26,,,0,68,,96546,26,,,0,26,,96531,26,,,0,27,,96547,26,,,0,69,,96532,26,,,0,73,,96548,26,,,0,35,,96533,26,,,0,74,,96549,26,,,0,30,,96534,26,,,0,101,,96535,26,,,0,101,,96536,26,,,0,100,,96537,26,,,0,101,,96538,26,,,0,100,,96539,26,,,0
7202,'20263510',642,,96550,26,,,0,100,,96551,26,,,0,100,,96552,26,,,0,100,,96553,26,,,0,98,,96554,26,,,0,100,,96555,26,,,0,99,,96556,26,,,0,100,,96557,26,,,0,99,,96558,26,,,0,100,,96559,26,,,0,100,,96560,26,,,0,101,,96561,26,,,0,101,,96562,26,,,0,101,,96563,26,,,0,101,,96564,26,,,0,100,,96565,26,,,0,100,,96566,26,,,0,100,,96567,26,,,0
7202,'20263511',642,,96568,26,,,0,100,,96569,26,,,0,100,,96570,26,,,0,100,,96571,26,,,0,98,,96572,26,,,0,100,,96573,26,,,0,99,,96574,26,,,0,100,,96575,26,,,0,99,,96576,26,,,0,100,,96577,26,,,0,100,,96578,26,,,0,101,,96579,26,,,0,101,,96580,26,,,0,101,,96581,26,,,0,101,,96582,26,,,0,100,,96583,26,,,0,100,,96584,26,,,0,100,,96585,26,,,0
7202,'20263610',642,,96586,26,,,0,100,,96587,26,,,0,100,,96588,26,,,0,100,,96589,26,,,0,98,,96590,26,,,0,100,,96591,26,,,0,99,,96592,26,,,0,100,,96593,26,,,0,99,,96594,26,,,0,100,,96595,26,,,0,100,,96596,26,,,0,101,,96597,26,,,0,101,,96598,26,,,0,101,,96599,26,,,0,101,,96600,26,,,0,100,,96601,26,,,0,100,,96602,26,,,0,100,,96603,26,,,0
7202,'20263611',642,,96604,26,,,0,100,,96605,26,,,0,100,,96606,26,,,0,100,,96607,26,,,0,98,,96608,26,,,0,100,,96609,26,,,0,99,,96610,26,,,0,100,,96611,26,,,0,99,,96612,26,,,0,100,,96613,26,,,0,100,,96614,26,,,0,101,,96615,26,,,0,101,,96616,26,,,0,101,,96617,26,,,0,101,,96618,26,,,0,100,,96619,26,,,0,100,,96620,26,,,0,100,,96621,26,,,0
27301,'20262010',634,,86580,28,,,0,66,,86581,28,,,0,45,,86582,28,,,0,71,,86583,28,,,0
27301,'20263010',628,,99653,28,,,0,19,,99654,28,,,0,85,,99655,28,,,0,76,,99656,28,,,0
37201,'20263010',634,,99858,52,,,0,24,,99857,52,,,0,73,,99861,52,,,0,179,,99859,52,,,0,200,,99860,52,,,0
57201,'20262010',636,,86814,52,,,0,20,,86815,52,,,0,72,,86816,52,,,0
57201,'20263010',636,,100054,52,,,0,18,,100055,52,,,0,75,,100056,52,,,0
