7000,'20262010',639,,68702,14,,,0,16,,68715,14,,,0,62,,68716,14,,,0,22,,68703,14,,,0,20,,68717,14,,,0,62,,68718,14,,,0,20,,68704,14,,,0,61,,68719,14,,,0,20,,68720,14,,,0,20,,68705,14,,,0,60,,68721,14,,,0,19,,68722,14,,,0,18,,68706,14,,,0,20,,68723,14,,,0,60,,68724,14,,,0,20,,68707,14,,,0,20,,68725,14,,,0,58,,68726,14,,,0,20,,68708,14,,,0,18,,68727,14,,,0,63,,68728,14,,,0,19,,68709,14,,,0,19,,68729,14,,,0,61,,68730,14,,,0,19,,68710,14,,,0,18,,68731,14,,,0,62,,68732,14,,,0,21,,68711,14,,,0,64,,68733,14,,,0,23,,68734,14,,,0,23,,68712,14,,,0,61,,68735,14,,,0,21,,68736,14,,,0,18,,68713,14,,,0,60,,68737,14,,,0,19,,68738,14,,,0,20,,68714,14,,,0,63,,68739,14,,,0,30,,68740,14,,,0,70,,68741,14,,,0,30,,68742,14,,,0,70,,68743,14,,,0,30,,68744,14,,,0,70,,68745,14,,,0,30,,68746,14,,,0,70,,68747,14,,,0,30,,68748,14,,,0
7000,'20262011',639,,68749,14,,,0,16,,68762,14,,,0,62,,68763,14,,,0,22,,68750,14,,,0,20,,68764,14,,,0,62,,68765,14,,,0,20,,68751,14,,,0,61,,68766,14,,,0,20,,68767,14,,,0,20,,68752,14,,,0,60,,68768,14,,,0,19,,68769,14,,,0,18,,68753,14,,,0,20,,68770,14,,,0,60,,68771,14,,,0,20,,68754,14,,,0,20,,68772,14,,,0,58,,68773,14,,,0,20,,68755,14,,,0,18,,68774,14,,,0,63,,68775,14,,,0,19,,68756,14,,,0,19,,68776,14,,,0,61,,68777,14,,,0,19,,68757,14,,,0,18,,68778,14,,,0,62,,68779,14,,,0,21,,68758,14,,,0,64,,68780,14,,,0,23,,68781,14,,,0,23,,68759,14,,,0,61,,68782,14,,,0,21,,68783,14,,,0,18,,68760,14,,,0,60,,68784,14,,,0,19,,68785,14,,,0,20,,68761,14,,,0,63,,68786,14,,,0,30,,68787,14,,,0,70,,68788,14,,,0,30,,68789,14,,,0,70,,68790,14,,,0,30,,68791,14,,,0,70,,68792,14,,,0,30,,68793,14,,,0,70,,68794,14,,,0,30,,68795,14,,,0
7000,'20262510',639,,68796,14,,,0,70,,68814,14,,,0,30,,68797,14,,,0,70,,68815,14,,,0,30,,68798,14,,,0,70,,68816,14,,,0,30,,68799,14,,,0,70,,68817,14,,,0,30,,68800,14,,,0,70,,68818,14,,,0,30,,68801,14,,,0,71,,68819,14,,,0,30,,68802,14,,,0,70,,68820,14,,,0,30,,68803,14,,,0,70,,68821,14,,,0,30,,68804,14,,,0,70,,68822,14,,,0,30,,68805,14,,,0,70,,68823,14,,,0,30,,68806,14,,,0,70,,68824,14,,,0,30,,68807,14,,,0,70,,68825,14,,,0,29,,68808,14,,,0,70,,68829,14,,,0,30,,68826,14,,,0,70,,68809,14,,,0,30,,68827,14,,,0,70,,68810,14,,,0,30,,68813,14,,,0,70,,68811,14,,,0,30,,68828,14,,,0,70,,68812,14,,,0
7000,'20262511',639,,68830,14,,,0,70,,68848,14,,,0,30,,68831,14,,,0,70,,68849,14,,,0,30,,68832,14,,,0,70,,68850,14,,,0,30,,68833,14,,,0,70,,68851,14,,,0,30,,68834,14,,,0,70,,68852,14,,,0,30,,68835,14,,,0,71,,68853,14,,,0,30,,68836,14,,,0,70,,68854,14,,,0,30,,68837,14,,,0,70,,68855,14,,,0,30,,68838,14,,,0,70,,68856,14,,,0,30,,68839,14,,,0,70,,68857,14,,,0,30,,68840,14,,,0,70,,68858,14,,,0,30,,68841,14,,,0,70,,68859,14,,,0,29,,68842,14,,,0,70,,68863,14,,,0,30,,68860,14,,,0,70,,68843,14,,,0,30,,68861,14,,,0,70,,68844,14,,,0,30,,68847,14,,,0,70,,68845,14,,,0,30,,68862,14,,,0,70,,68846,14,,,0
7000,'20262610',639,,68864,14,,,0,70,,68881,14,,,0,30,,68865,14,,,0,70,,68882,14,,,0,30,,68866,14,,,0,70,,68883,14,,,0,30,,68867,14,,,0,70,,68884,14,,,0,30,,68868,14,,,0,70,,68885,14,,,0,30,,68869,14,,,0,71,,68886,14,,,0,30,,68870,14,,,0,70,,68887,14,,,0,30,,68871,14,,,0,70,,68888,14,,,0,30,,68872,14,,,0,70,,68889,14,,,0,30,,68873,14,,,0,70,,68890,14,,,0,30,,68874,14,,,0,70,,68891,14,,,0,30,,68875,14,,,0,70,,68892,14,,,0,29,,68876,14,,,0,70,,68893,14,,,0,30,,68877,14,,,0,70,,68894,14,,,0,30,,68878,14,,,0,70,,68896,14,,,0,30,,68879,14,,,0,70,,68895,14,,,0,30,,68880,14,,,0,70,,68897,14,,,0
7000,'20262611',639,,68898,14,,,0,70,,68915,14,,,0,30,,68899,14,,,0,70,,68916,14,,,0,30,,68900,14,,,0,70,,68917,14,,,0,30,,68901,14,,,0,70,,68918,14,,,0,30,,68902,14,,,0,70,,68919,14,,,0,30,,68903,14,,,0,71,,68920,14,,,0,30,,68904,14,,,0,70,,68921,14,,,0,30,,68905,14,,,0,70,,68922,14,,,0,30,,68906,14,,,0,70,,68923,14,,,0,30,,68907,14,,,0,70,,68924,14,,,0,30,,68908,14,,,0,70,,68925,14,,,0,30,,68909,14,,,0,70,,68926,14,,,0,29,,68910,14,,,0,70,,68927,14,,,0,30,,68911,14,,,0,70,,68928,14,,,0,30,,68912,14,,,0,70,,68930,14,,,0,30,,68913,14,,,0,70,,68929,14,,,0,30,,68914,14,,,0,70,,68931,14,,,0
8200,'20262010',640,,70853,39,,,0,70,,70836,39,,,0,100,,70857,39,,,0,30,,70843,39,,,0,70,,70852,39,,,0,100,,70844,39,,,0,100,,70851,39,,,0,100,,70845,39,,,0,100,,70837,39,,,0,100,,70846,39,,,0,100,,70850,39,,,0,100,,70847,39,,,0,30,,70838,39,,,0,70,,70839,39,,,0,30,,70840,39,,,0,70,,70841,39,,,0,30,,70848,39,,,0,70,,70849,39,,,0,100,,70855,39,,,0,100,,70854,39,,,0,100,,70856,39,,,0,130,,70842,39,,,0
8200,'20262011',640,,70875,39,,,0,70,,70858,39,,,0,100,,70879,39,,,0,30,,70865,39,,,0,70,,70874,39,,,0,100,,70866,39,,,0,100,,70873,39,,,0,100,,70867,39,,,0,100,,70859,39,,,0,100,,70868,39,,,0,100,,70872,39,,,0,100,,70869,39,,,0,30,,70860,39,,,0,70,,70861,39,,,0,30,,70862,39,,,0,70,,70863,39,,,0,30,,70870,39,,,0,70,,70871,39,,,0,100,,70877,39,,,0,100,,70876,39,,,0,100,,70878,39,,,0,130,,70864,39,,,0
8200,'20262510',710,,70894,39,,,0,100,,70880,39,,,0,100,,70884,39,,,0,100,,70885,39,,,0,100,,70892,39,,,0,100,,70886,39,,,0,100,,70881,39,,,0,100,,70887,39,,,0,100,,70893,39,,,0,100,,70888,39,,,0,100,,70896,39,,,0,100,,70882,39,,,0,100,,70889,39,,,0,100,,70891,39,,,0,100,,70895,39,,,0,100,,70890,39,,,0,130,,70883,39,,,0,170,,70897,39,,,0
8200,'20262511',710,,70912,39,,,0,100,,70898,39,,,0,100,,70902,39,,,0,100,,70903,39,,,0,100,,70910,39,,,0,100,,70904,39,,,0,100,,70899,39,,,0,100,,70905,39,,,0,100,,70911,39,,,0,100,,70906,39,,,0,100,,70914,39,,,0,100,,70900,39,,,0,100,,70907,39,,,0,100,,70909,39,,,0,100,,70913,39,,,0,100,,70908,39,,,0,130,,70901,39,,,0,170,,70915,39,,,0
8200,'20262610',710,,70928,39,,,0,100,,70929,39,,,0,100,,70925,39,,,0,100,,70930,39,,,0,100,,70924,39,,,0,100,,70926,39,,,0,100,,70919,39,,,0,100,,70916,39,,,0,100,,70922,39,,,0,100,,70923,39,,,0,100,,70932,39,,,0,100,,70920,39,,,0,100,,70917,39,,,0,100,,70927,39,,,0,100,,70931,39,,,0,100,,70918,39,,,0,130,,70921,39,,,0,170,,70933,39,,,0
8200,'20262611',710,,70946,39,,,0,100,,70947,39,,,0,100,,70943,39,,,0,100,,70948,39,,,0,100,,70942,39,,,0,100,,70944,39,,,0,100,,70937,39,,,0,100,,70934,39,,,0,100,,70940,39,,,0,100,,70941,39,,,0,100,,70950,39,,,0,100,,70938,39,,,0,100,,70935,39,,,0,100,,70945,39,,,0,100,,70949,39,,,0,100,,70936,39,,,0,130,,70939,39,,,0,170,,70951,39,,,0
98200,'20262010',2601,,81264,42,,,0
98200,'20262011',2601,,81265,42,,,0
98200,'20262510',2601,,81266,42,,,0
98200,'20262511',2601,,81267,42,,,0
