5303,'20262010',539,,83513,4,,,0,100,,83500,4,,,0,65,,83511,4,,,0,35,,83512,4,,,0,70,,83501,4,,,0,33,,83515,4,,,0,79,,83514,4,,,0,37,,83502,4,,,0,81,,83517,4,,,0,100,,83503,4,,,0,100,,83504,4,,,0,101,,83518,4,,,0,100,,83505,4,,,0,101,,83516,4,,,0,66,,83521,4,,,0,33,,83519,4,,,0,101,,83506,4,,,0,100,,83507,4,,,0,101,,83508,4,,,0,101,,83520,4,,,0,100,,83509,4,,,0,101,,83510,4,,,0
5303,'20262510',632,,83522,4,,,0,105,,83534,4,,,0,101,,83523,4,,,0,100,,83524,4,,,0,100,,83525,4,,,0,100,,83535,4,,,0,99,,83526,4,,,0,101,,83536,4,,,0,99,,83527,4,,,0,107,,83528,4,,,0,96,,83529,4,,,0,98,,83537,4,,,0,100,,83530,4,,,0,100,,83531,4,,,0,99,,83538,4,,,0,100,,83532,4,,,0,98,,83533,4,,,0
5303,'20262610',632,,83539,4,,,0,105,,83551,4,,,0,101,,83540,4,,,0,100,,83541,4,,,0,100,,83542,4,,,0,100,,83552,4,,,0,99,,83543,4,,,0,101,,83553,4,,,0,99,,83544,4,,,0,107,,83545,4,,,0,96,,83546,4,,,0,98,,83554,4,,,0,100,,83547,4,,,0,100,,83548,4,,,0,99,,83555,4,,,0,100,,83549,4,,,0,98,,83550,4,,,0
5303,'20263010',533,,94488,4,,,0,100,,94475,4,,,0,67,,94486,4,,,0,33,,94487,4,,,0,71,,94476,4,,,0,31,,94490,4,,,0,74,,94489,4,,,0,39,,94477,4,,,0,86,,94492,4,,,0,99,,94478,4,,,0,100,,94479,4,,,0,101,,94493,4,,,0,100,,94480,4,,,0,100,,94491,4,,,0,25,,94496,4,,,0,76,,94494,4,,,0,101,,94481,4,,,0,98,,94482,4,,,0,100,,94483,4,,,0,98,,94495,4,,,0,104,,94484,4,,,0,103,,94485,4,,,0
5303,'20263510',632,,94497,4,,,0,104,,94509,4,,,0,100,,94498,4,,,0,101,,94499,4,,,0,101,,94500,4,,,0,100,,94510,4,,,0,99,,94501,4,,,0,101,,94511,4,,,0,99,,94502,4,,,0,111,,94503,4,,,0,97,,94504,4,,,0,98,,94512,4,,,0,95,,94505,4,,,0,100,,94506,4,,,0,99,,94513,4,,,0,100,,94507,4,,,0,98,,94508,4,,,0
5303,'20263511',632,,94514,4,,,0,104,,94526,4,,,0,100,,94515,4,,,0,101,,94516,4,,,0,101,,94517,4,,,0,100,,94527,4,,,0,99,,94518,4,,,0,101,,94528,4,,,0,99,,94519,4,,,0,111,,94520,4,,,0,97,,94521,4,,,0,98,,94529,4,,,0,95,,94522,4,,,0,100,,94523,4,,,0,99,,94530,4,,,0,100,,94524,4,,,0,98,,94525,4,,,0
5303,'20263610',632,,94537,4,,,0,104,,94534,4,,,0,100,,94540,4,,,0,101,,94533,4,,,0,101,,94538,4,,,0,100,,94547,4,,,0,99,,94539,4,,,0,101,,94544,4,,,0,99,,94531,4,,,0,111,,94536,4,,,0,97,,94532,4,,,0,98,,94545,4,,,0,95,,94541,4,,,0,100,,94542,4,,,0,99,,94546,4,,,0,100,,94535,4,,,0,98,,94543,4,,,0
5303,'20263611',632,,94554,4,,,0,104,,94551,4,,,0,100,,94557,4,,,0,101,,94550,4,,,0,101,,94555,4,,,0,100,,94564,4,,,0,99,,94556,4,,,0,101,,94561,4,,,0,99,,94548,4,,,0,111,,94553,4,,,0,97,,94549,4,,,0,98,,94562,4,,,0,95,,94558,4,,,0,100,,94559,4,,,0,99,,94563,4,,,0,100,,94552,4,,,0,98,,94560,4,,,0
25301,'20262010',646,,86515,4,,,0,69,,86516,4,,,0,30,,86517,4,,,0,71,,86518,4,,,0
25301,'20263010',632,,99583,4,,,0,25,,99584,4,,,0,72,,99585,4,,,0,77,,99586,4,,,0
35000,'20263010',1259,,99814,42,4,,0,344,,99818,42,4,,0,110,,99815,42,4,,0,89,,99816,42,4,,0,109,,99817,42,4,,0
55000,'20262010',1632,,86787,40,4,,0,87,,86786,40,4,,0,23,,86785,40,4,,0,70,,86788,40,4,,0
55000,'20263010',1602,,100021,40,4,,0,29,,100019,40,4,,0,92,,100018,40,4,,0,32,,100017,40,4,,0,64,,100020,40,4,,0
95002,'20262010',2602,,90479,36,,,0,130,,90480,36,,,0
95002,'20262510',2602,,90482,36,,,0,130,,90481,36,,,0
95002,'20263010',2602,,106098,36,,,0,129,,106099,36,,,0
95002,'20263510',2602,,106101,36,,,0,129,,106100,36,,,0
95002,'20263511',2602,,106103,36,,,0,129,,106102,36,,,0
