7400,'20262010',748,,69449,71,,,1,98,,69436,71,,,1,98,,69437,71,,,1,99,,69438,71,,,1,101,,69439,71,,,1,100,,69440,71,,,1,100,,69441,71,,,1,102,,69442,71,,,1,101,,69443,71,,,1,100,,69444,71,,,1,99,,69445,71,,,1,99,,69446,71,,,1,98,,69450,71,,,1,100,,69451,71,,,1,100,,69447,71,,,1,100,,69452,71,,,1,100,,69448,71,,,1
7400,'20262011',748,,69470,71,,,1,98,,69457,71,,,1,98,,69458,71,,,1,99,,69459,71,,,1,101,,69460,71,,,1,100,,69461,71,,,1,100,,69462,71,,,1,102,,69463,71,,,1,101,,69464,71,,,1,100,,69465,71,,,1,99,,69466,71,,,1,99,,69467,71,,,1,98,,69471,71,,,1,100,,69472,71,,,1,100,,69468,71,,,1,100,,69473,71,,,1,100,,69469,71,,,1
7400,'20262510',842,,69478,71,,,1,101,,69492,71,,,1,100,,69493,71,,,1,100,,69479,71,,,1,100,,69480,71,,,1,100,,69481,71,,,1,100,,69482,71,,,1,101,,69483,71,,,1,100,,69484,71,,,1,101,,69485,71,,,1,100,,69486,71,,,1,98,,69487,71,,,1,99,,69488,71,,,1,100,,69489,71,,,1,100,,69490,71,,,1,100,,69491,71,,,1,169,,69494,71,,,1
7400,'20262511',842,,69495,71,,,1,101,,69509,71,,,1,100,,69510,71,,,1,100,,69496,71,,,1,100,,69497,71,,,1,100,,69498,71,,,1,100,,69499,71,,,1,101,,69500,71,,,1,100,,69501,71,,,1,101,,69502,71,,,1,100,,69503,71,,,1,98,,69504,71,,,1,99,,69505,71,,,1,100,,69506,71,,,1,100,,69507,71,,,1,100,,69508,71,,,1,169,,69511,71,,,1
7400,'20262610',842,,69512,71,,,1,101,,69526,71,,,1,100,,69513,71,,,1,100,,69527,71,,,1,100,,69520,71,,,1,100,,69521,71,,,1,100,,69522,71,,,1,101,,69523,71,,,1,100,,69524,71,,,1,101,,69525,71,,,1,100,,69514,71,,,1,98,,69518,71,,,1,99,,69519,71,,,1,100,,69515,71,,,1,100,,69516,71,,,1,100,,69517,71,,,1,169,,69528,71,,,1
7400,'20262611',842,,69529,71,,,1,101,,69543,71,,,1,100,,69530,71,,,1,100,,69544,71,,,1,100,,69537,71,,,1,100,,69538,71,,,1,100,,69539,71,,,1,101,,69540,71,,,1,100,,69541,71,,,1,101,,69542,71,,,1,100,,69531,71,,,1,98,,69535,71,,,1,99,,69536,71,,,1,100,,69532,71,,,1,100,,69533,71,,,1,100,,69534,71,,,1,169,,69545,71,,,1
28401,'20262010',633,,73155,29,,,0,71,,73152,29,,,0,27,,73156,29,,,0,18,,73153,29,,,0,60,,73154,29,,,0
28401,'20262011',633,,73160,29,,,0,71,,73157,29,,,0,27,,73161,29,,,0,18,,73158,29,,,0,60,,73159,29,,,0
58401,'20262010',633,,73971,29,,,0,69,,73970,29,,,0,30,,73972,29,,,0
58401,'20262011',633,,73974,29,,,0,69,,73973,29,,,0,30,,73975,29,,,0
98400,'20262010',2619,,81268,84,,,0
98400,'20262011',2619,,81269,84,,,0
98400,'20262510',2619,,81270,84,,,0
98400,'20262511',2619,,81271,84,,,0
