1303,'20262010',651,,82188,6,,,0,101,,82189,6,,,0,71,,82190,6,,,0,102,,82191,6,,,0,100,,82192,6,,,0,100,,82193,6,,,0,100,,82194,6,,,0,99,,82195,6,,,0,99,,82196,6,,,0,99,,82197,6,,,0,31,,82206,6,,,0,72,,82198,6,,,0,30,,82207,6,,,0,78,,82199,6,,,0,26,,82208,6,,,0,70,,82200,6,,,0,94,,82201,6,,,0,99,,82202,6,,,0,99,,82203,6,,,0,100,,82204,6,,,0,98,,82205,6,,,0
1303,'20262510',758,,82210,6,,,0,142,,82211,6,,,0,102,,82212,6,,,0,102,,82213,6,,,0,102,,82214,6,,,0,102,,82215,6,,,0,101,,82216,6,,,0,101,,82217,6,,,0,100,,82218,6,,,0,100,,82219,6,,,0,98,,82220,6,,,0,98,,82221,6,,,0,98,,82222,6,,,0,98,,82223,6,,,0,98,,82224,6,,,0,58,,82209,6,,,0
1303,'20262610',758,,82225,6,,,0,142,,82226,6,,,0,102,,82227,6,,,0,102,,82228,6,,,0,102,,82229,6,,,0,102,,82230,6,,,0,101,,82231,6,,,0,101,,82232,6,,,0,100,,82233,6,,,0,100,,82234,6,,,0,98,,82235,6,,,0,98,,82236,6,,,0,98,,82237,6,,,0,98,,82238,6,,,0,98,,82239,6,,,0,58,,82240,6,,,0
1303,'20263010',646,,92371,6,,,0,104,,92372,6,,,0,67,,92393,4,,,0,2,,92373,6,,,0,101,,92374,6,,,0,100,,92375,6,,,0,99,,92376,6,,,0,102,,92377,6,,,0,98,,92378,6,,,0,100,,92379,6,,,0,97,,92380,6,,,0,31,,92389,6,,,0,70,,92381,6,,,0,32,,92390,6,,,0,76,,92382,6,,,0,25,,92391,6,,,0,70,,92383,6,,,0,28,,92392,6,,,0,68,,92384,6,,,0,100,,92385,6,,,0,100,,92386,6,,,0,100,,92387,6,,,0,99,,92388,6,,,0
1303,'20263510',758,,92395,6,,,0,142,,92396,6,,,0,102,,92397,6,,,0,102,,92398,6,,,0,102,,92399,6,,,0,102,,92400,6,,,0,101,,92401,6,,,0,104,,92402,6,,,0,97,,92403,6,,,0,100,,92404,6,,,0,98,,92405,6,,,0,98,,92406,6,,,0,98,,92407,6,,,0,98,,92408,6,,,0,98,,92409,6,,,0,58,,92394,6,,,0
1303,'20263511',758,,92411,6,,,0,142,,92412,6,,,0,102,,92413,6,,,0,102,,92414,6,,,0,102,,92415,6,,,0,102,,92416,6,,,0,101,,92417,6,,,0,104,,92418,6,,,0,97,,92419,6,,,0,100,,92420,6,,,0,98,,92421,6,,,0,98,,92422,6,,,0,98,,92423,6,,,0,98,,92424,6,,,0,98,,92425,6,,,0,58,,92410,6,,,0
1303,'20263610',758,,92426,6,,,0,142,,92427,6,,,0,102,,92428,6,,,0,102,,92429,6,,,0,102,,92430,6,,,0,102,,92431,6,,,0,101,,92432,6,,,0,104,,92433,6,,,0,97,,92434,6,,,0,100,,92435,6,,,0,98,,92436,6,,,0,98,,92437,6,,,0,98,,92438,6,,,0,98,,92439,6,,,0,98,,92440,6,,,0,58,,92441,6,,,0
1303,'20263611',758,,92442,6,,,0,142,,92443,6,,,0,102,,92444,6,,,0,102,,92445,6,,,0,102,,92446,6,,,0,102,,92447,6,,,0,101,,92448,6,,,0,104,,92449,6,,,0,97,,92450,6,,,0,100,,92451,6,,,0,98,,92452,6,,,0,98,,92453,6,,,0,98,,92454,6,,,0,98,,92455,6,,,0,98,,92456,6,,,0,58,,92457,6,,,0
2201,'20262010',645,,82566,27,,,0,72,,82557,27,,,0,32,,82558,27,,,0,69,,82559,27,,,0,29,,82560,27,,,0,703,,82561,27,,,0,72,,82562,27,,,0,31,,82563,27,,,0,67,,82564,27,,,0,33,,82565,27,,,0,92,,82567,27,,,0
2201,'20263010',645,,92966,27,,,0,72,,92957,27,,,0,32,,92958,27,,,0,69,,92959,27,,,0,29,,92960,27,,,0,703,,92961,27,,,0,72,,92962,27,,,0,31,,92963,27,,,0,67,,92964,27,,,0,33,,92965,27,,,0,92,,92967,27,,,0
8801,'20262010',725,,85852,42,,,0,32,,85853,42,,,0,72,,85854,42,,,0,24,,85855,42,,,0,169,,85859,42,,,0,536,,85856,42,,,0,71,,85857,42,,,0,99,,85858,42,,,0,123,,85860,42,,,0
8801,'20263010',725,,98471,42,,,0,32,,98472,42,,,0,71,,98473,42,,,0,25,,98474,42,,,0,169,,98478,42,,,0,536,,98475,42,,,0,71,,98476,42,,,0,99,,98477,42,,,0,123,,98479,42,,,0
