1102,'20262010',616,,63529,24,,,1,31,,63536,24,,,1,60,,63527,24,,,1,11,,63530,1,,,1,11,,63525,24,,,1,11,,63524,1,,,1,12,,63526,24,,,1,52,,63528,1,,,1,17,,63537,24,,,1,14,,63531,1,,,1,16,,63532,24,,,1,69,,63534,1,,,1,29,,63533,24,,,1,70,,63535,1,,,1,30,,63556,24,,,1,70,,63541,1,,,1,30,,63553,24,,,1,71,,63557,1,,,1,30,,63540,24,,,1,70,,63544,1,,,1,31,,63554,24,,,1,70,,63555,1,,,1,30,,63547,24,,,1,71,,63550,1,,,1,31,,63558,24,,,1,52,,63538,1,,,1,17,,63542,24,,,1,15,,63559,1,,,1,14,,63539,24,,,1,73,,63548,1,,,1,27,,63552,24,,,1,67,,63543,1,,,1,28,,63561,24,,,1,69,,63551,1,,,1,30,,63545,24,,,1,100,,63549,24,,,1,100,,63560,24,,,1,100,,63546,24,,,1,99,,63562,24,,,1
1102,'20262011',616,,63568,24,,,1,31,,63575,24,,,1,60,,63566,24,,,1,11,,63569,1,,,1,11,,63564,24,,,1,11,,63563,1,,,1,12,,63565,24,,,1,52,,63567,1,,,1,17,,63576,24,,,1,14,,63570,1,,,1,16,,63571,24,,,1,69,,63573,1,,,1,29,,63572,24,,,1,70,,63574,1,,,1,30,,63595,24,,,1,70,,63580,1,,,1,30,,63592,24,,,1,71,,63596,1,,,1,30,,63579,24,,,1,70,,63583,1,,,1,31,,63593,24,,,1,70,,63594,1,,,1,30,,63586,24,,,1,71,,63589,1,,,1,31,,63597,24,,,1,52,,63577,1,,,1,17,,63581,24,,,1,15,,63598,1,,,1,14,,63578,24,,,1,73,,63587,1,,,1,27,,63591,24,,,1,67,,63582,1,,,1,28,,63600,24,,,1,69,,63590,1,,,1,30,,63584,24,,,1,100,,63588,24,,,1,100,,63599,24,,,1,100,,63585,24,,,1,99,,63601,24,,,1
1102,'20262510',550,,63603,24,,,1,99,,63604,24,,,1,100,,63605,24,,,1,70,,63606,24,,,1,30,,63607,24,,,1,70,,63608,24,,,1,30,,63609,24,,,1,70,,63610,24,,,1,31,,63611,24,,,1,70,,63612,24,,,1,30,,63613,24,,,1,70,,63614,24,,,1,30,,63615,24,,,1,70,,63616,24,,,1,30,,63617,24,,,1,70,,63618,24,,,1,30,,63619,24,,,1,70,,63620,24,,,1,29,,63621,24,,,1,71,,63622,24,,,1,30,,63623,24,,,1,70,,63624,24,,,1,30,,63625,24,,,1,70,,63631,24,,,1,30,,63626,24,,,1,70,,63630,24,,,1,30,,63627,24,,,1,100,,63628,24,,,1,100,,63629,24,,,1,100,,63602,24,,,1,98,,63632,24,,,1
1102,'20262511',550,,63634,24,,,1,99,,63635,24,,,1,100,,63636,24,,,1,70,,63637,24,,,1,30,,63638,24,,,1,70,,63639,24,,,1,30,,63640,24,,,1,70,,63641,24,,,1,31,,63642,24,,,1,70,,63643,24,,,1,30,,63644,24,,,1,70,,63645,24,,,1,30,,63646,24,,,1,70,,63647,24,,,1,30,,63648,24,,,1,70,,63649,24,,,1,30,,63650,24,,,1,70,,63651,24,,,1,29,,63652,24,,,1,71,,63653,24,,,1,30,,63654,24,,,1,70,,63655,24,,,1,30,,63656,24,,,1,70,,63662,24,,,1,30,,63657,24,,,1,70,,63661,24,,,1,30,,63658,24,,,1,100,,63659,24,,,1,100,,63660,24,,,1,100,,63633,24,,,1,98,,63663,24,,,1
1102,'20262610',550,,63665,24,,,1,99,,63666,24,,,1,100,,63667,24,,,1,70,,63668,24,,,1,30,,63669,24,,,1,70,,63670,24,,,1,30,,63671,24,,,1,70,,63672,24,,,1,31,,63673,24,,,1,70,,63674,24,,,1,30,,63675,24,,,1,70,,63676,24,,,1,30,,63677,24,,,1,70,,63678,24,,,1,30,,63679,24,,,1,70,,63680,24,,,1,30,,63681,24,,,1,70,,63682,24,,,1,29,,63683,24,,,1,71,,63684,24,,,1,30,,63685,24,,,1,70,,63686,24,,,1,30,,63687,24,,,1,70,,63688,24,,,1,30,,63690,24,,,1,70,,63689,24,,,1,30,,63691,24,,,1,100,,63692,24,,,1,100,,63693,24,,,1,100,,63694,24,,,1,98,,63664,24,,,1
1102,'20262611',550,,63696,24,,,1,99,,63697,24,,,1,100,,63698,24,,,1,70,,63699,24,,,1,30,,63700,24,,,1,70,,63701,24,,,1,30,,63702,24,,,1,70,,63703,24,,,1,31,,63704,24,,,1,70,,63705,24,,,1,30,,63706,24,,,1,70,,63707,24,,,1,30,,63708,24,,,1,70,,63709,24,,,1,30,,63710,24,,,1,70,,63711,24,,,1,30,,63712,24,,,1,70,,63713,24,,,1,29,,63714,24,,,1,71,,63715,24,,,1,30,,63716,24,,,1,70,,63717,24,,,1,30,,63718,24,,,1,70,,63719,24,,,1,30,,63721,24,,,1,70,,63720,24,,,1,30,,63722,24,,,1,100,,63723,24,,,1,100,,63724,24,,,1,100,,63725,24,,,1,98,,63695,24,,,1
1202,'20262010',643,,63946,22,,,0,70,,63928,22,,,0,31,,63929,22,,,0,73,,63930,22,,,0,30,,63931,22,,,0,100,,63932,22,,,0,98,,63933,22,,,0,100,,63934,22,,,0,100,,63935,22,,,0,99,,63936,22,,,0,99,,63937,22,,,0,100,,63938,22,,,0,105,,63939,22,,,0,105,,63940,22,,,0,94,,63941,22,,,0,98,,63942,22,,,0,100,,63943,22,,,0,99,,63944,22,,,0,99,,63945,22,,,0
1202,'20262011',643,,63965,22,,,0,70,,63947,22,,,0,31,,63948,22,,,0,73,,63949,22,,,0,30,,63950,22,,,0,100,,63951,22,,,0,98,,63952,22,,,0,100,,63953,22,,,0,100,,63954,22,,,0,99,,63955,22,,,0,99,,63956,22,,,0,100,,63957,22,,,0,105,,63958,22,,,0,105,,63959,22,,,0,94,,63960,22,,,0,98,,63961,22,,,0,100,,63962,22,,,0,99,,63963,22,,,0,99,,63964,22,,,0
1202,'20262510',821,,63966,22,,,0,101,,63967,22,,,0,102,,63968,22,,,0,103,,63975,23,,,0,102,,63976,23,,,0,102,,63977,23,,,0,100,,63978,23,,,0,100,,63979,23,,,0,100,,63980,23,,,0,99,,63981,23,,,0,98,,63969,23,,,0,95,,63970,22,,,0,99,,63971,22,,,0,99,,63972,22,,,0,100,,63973,22,,,0,100,,63974,22,,,0
1202,'20262511',821,,63982,22,,,0,101,,63983,22,,,0,102,,63984,22,,,0,103,,63991,23,,,0,102,,63992,23,,,0,102,,63993,23,,,0,100,,63994,23,,,0,100,,63995,23,,,0,100,,63996,23,,,0,99,,63997,23,,,0,98,,63985,23,,,0,95,,63986,22,,,0,99,,63987,22,,,0,99,,63988,22,,,0,100,,63989,22,,,0,100,,63990,22,,,0
1202,'20262610',821,,63998,22,,,0,101,,63999,22,,,0,102,,64000,22,,,0,103,,64001,23,,,0,102,,64002,23,,,0,102,,64003,23,,,0,100,,64004,23,,,0,100,,64005,23,,,0,100,,64006,23,,,0,99,,64007,23,,,0,98,,64008,23,,,0,95,,64009,22,,,0,99,,64010,22,,,0,99,,64011,22,,,0,100,,64012,22,,,0,100,,64013,22,,,0
1202,'20262611',821,,64014,22,,,0,101,,64015,22,,,0,102,,64016,22,,,0,103,,64017,23,,,0,102,,64018,23,,,0,102,,64019,23,,,0,100,,64020,23,,,0,100,,64021,23,,,0,100,,64022,23,,,0,99,,64023,23,,,0,98,,64024,23,,,0,95,,64025,22,,,0,99,,64026,22,,,0,99,,64027,22,,,0,100,,64028,22,,,0,100,,64029,22,,,0
7600,'20262010',516,,69654,4,,,1,96,,69655,4,,,1,94,,69656,4,,,1,36,,69657,4,,,1,70,,69678,4,,,1,31,,69658,4,,,1,74,,69659,4,,,1,96,,69660,4,,,1,99,,69661,4,,,1,97,,69662,4,,,1,32,,69663,4,,,1,66,,69664,4,,,1,31,,69665,4,,,1,100,,69666,4,,,1,93,,69667,4,,,1,73,,69668,4,,,1,39,,69669,4,,,1,82,,69670,4,,,1,30,,69671,4,,,1,65,,69672,4,,,1,93,,69673,4,,,1,103,,69674,4,,,1,98,,69675,4,,,1,97,,69676,4,,,1,99,,69677,4,,,1
7600,'20262011',516,,69679,4,,,1,96,,69680,4,,,1,94,,69681,4,,,1,36,,69682,4,,,1,70,,69703,4,,,1,31,,69683,4,,,1,74,,69684,4,,,1,96,,69685,4,,,1,99,,69686,4,,,1,97,,69687,4,,,1,32,,69688,4,,,1,66,,69689,4,,,1,31,,69690,4,,,1,100,,69691,4,,,1,93,,69692,4,,,1,73,,69693,4,,,1,39,,69694,4,,,1,82,,69695,4,,,1,30,,69696,4,,,1,65,,69697,4,,,1,93,,69698,4,,,1,103,,69699,4,,,1,98,,69700,4,,,1,97,,69701,4,,,1,99,,69702,4,,,1
7600,'20262510',552,,69720,4,,,1,69,,69723,4,,,1,30,,69729,4,,,1,68,,69722,4,,,1,33,,69704,4,,,1,70,,69724,4,,,1,32,,69705,4,,,1,101,,69706,4,,,1,103,,69707,4,,,1,100,,69708,4,,,1,64,,69725,4,,,1,80,,69709,4,,,1,30,,69726,4,,,1,16,,69710,4,,,1,155,,69711,4,,,1,102,,69712,4,,,1,29,,69727,4,,,1,70,,69713,4,,,1,31,,69728,4,,,1,67,,69714,4,,,1,27,,69721,4,,,1,29,,69715,4,,,1,98,,69716,4,,,1,97,,69717,4,,,1,100,,69718,4,,,1,99,,69719,4,,,1
7600,'20262511',552,,69746,4,,,1,69,,69749,4,,,1,30,,69755,4,,,1,68,,69748,4,,,1,33,,69730,4,,,1,70,,69750,4,,,1,32,,69731,4,,,1,101,,69732,4,,,1,103,,69733,4,,,1,100,,69734,4,,,1,64,,69751,4,,,1,80,,69735,4,,,1,30,,69752,4,,,1,16,,69736,4,,,1,155,,69737,4,,,1,102,,69738,4,,,1,29,,69753,4,,,1,70,,69739,4,,,1,31,,69754,4,,,1,67,,69740,4,,,1,27,,69747,4,,,1,29,,69741,4,,,1,98,,69742,4,,,1,97,,69743,4,,,1,100,,69744,4,,,1,99,,69745,4,,,1
7600,'20262610',552,,69773,4,,,1,69,,69774,4,,,1,30,,69756,4,,,1,68,,69775,4,,,1,33,,69757,4,,,1,70,,69776,4,,,1,32,,69758,4,,,1,101,,69759,4,,,1,103,,69760,4,,,1,100,,69761,4,,,1,64,,69777,4,,,1,80,,69762,4,,,1,30,,69778,4,,,1,16,,69763,4,,,1,155,,69764,4,,,1,102,,69765,4,,,1,29,,69779,4,,,1,70,,69766,4,,,1,31,,69780,4,,,1,67,,69767,4,,,1,27,,69781,4,,,1,29,,69768,4,,,1,98,,69769,4,,,1,97,,69770,4,,,1,100,,69771,4,,,1,99,,69772,4,,,1
7600,'20262611',552,,69799,4,,,1,69,,69800,4,,,1,30,,69782,4,,,1,68,,69801,4,,,1,33,,69783,4,,,1,70,,69802,4,,,1,32,,69784,4,,,1,101,,69785,4,,,1,103,,69786,4,,,1,100,,69787,4,,,1,64,,69803,4,,,1,80,,69788,4,,,1,30,,69804,4,,,1,16,,69789,4,,,1,155,,69790,4,,,1,102,,69791,4,,,1,29,,69805,4,,,1,70,,69792,4,,,1,31,,69806,4,,,1,67,,69793,4,,,1,27,,69807,4,,,1,29,,69794,4,,,1,98,,69795,4,,,1,97,,69796,4,,,1,100,,69797,4,,,1,99,,69798,4,,,1
