5400,'20262011',1542,,67025,9,,,1,75,,67022,9,,,1,39,,67024,9,,,1,62,,67023,9,,,1
13300,'20262011',1546,,72700,9,,,0,70,,72697,9,,,0,33,,72698,9,,,0,73,,72699,9,,,0,24,,72701,9,,,0
29000,'20262011',1543,,73187,9,,,0,70,,73188,9,,,0,44,,73189,9,,,0,78,,73190,9,,,0,80,,73191,9,,,0
80002,'20262011',559,,74189,12,,,1,56,,74103,12,,,1,10,,74104,12,,,1,9,,74105,12,,,1,11,,74106,12,,,1,10,,74107,12,,,1,49,,74108,12,,,1,10,,74109,12,,,1,11,,74190,12,,,1,11,,74110,12,,,1,10,,74193,12,,,1,12,,74111,12,,,1,49,,74112,12,,,1,8,,74113,12,,,1,10,,74114,12,,,1,11,,74115,12,,,1,11,,74116,12,,,1,10,,74117,12,,,1,49,,74118,12,,,1,11,,74119,12,,,1,10,,74120,12,,,1,14,,74121,12,,,1,15,,74122,12,,,1,56,,74123,12,,,1,15,,74124,12,,,1,15,,74125,12,,,1,15,,74126,12,,,1,54,,74127,12,,,1,15,,74128,12,,,1,16,,74129,12,,,1,16,,74130,12,,,1,55,,74131,12,,,1,14,,74132,12,,,1,14,,74133,12,,,1,15,,74134,12,,,1,57,,74135,12,,,1,15,,74136,12,,,1,17,,74137,12,,,1,56,,74138,12,,,1,15,,74139,12,,,1,16,,74140,12,,,1,15,,74141,12,,,1,12,,74142,12,,,1,52,,74143,12,,,1,13,,74144,12,,,1,10,,74145,12,,,1,11,,74146,12,,,1,11,,74147,12,,,1,50,,74149,12,,,1,10,,74148,12,,,1,11,,74191,12,,,1,11,,74150,12,,,1,10,,74151,12,,,1,9,,74152,12,,,1,51,,74153,12,,,1,9,,74154,12,,,1,8,,74155,12,,,1,10,,74156,12,,,1,11,,74157,12,,,1,11,,74194,12,,,1,50,,74158,12,,,1,10,,74159,12,,,1,10,,74160,12,,,1,15,,74161,12,,,1,13,,74162,12,,,1,55,,74163,12,,,1,15,,74164,12,,,1,16,,74165,12,,,1,15,,74166,12,,,1,55,,74167,12,,,1,15,,74168,12,,,1,15,,74169,12,,,1,15,,74170,12,,,1,54,,74171,12,,,1,13,,74172,12,,,1,15,,74173,12,,,1,16,,74174,12,,,1,54,,74175,12,,,1,16,,74176,12,,,1,16,,74177,12,,,1,15,,74178,12,,,1,56,,74179,12,,,1,15,,74180,12,,,1,16,,74181,12,,,1,16,,74182,12,,,1,55,,74183,12,,,1,15,,74184,12,,,1,14,,74185,12,,,1,14,,74186,12,,,1,56,,74187,12,,,1,16,,74188,12,,,1,17,,74192,12,,,1,13,,74195,12,,,1
80002,'20262511',615,,74355,12,,,1,10,,74277,12,,,1,15,,74278,12,,,1,15,,74279,12,,,1,55,,74280,12,,,1,15,,74281,12,,,1,15,,74282,12,,,1,14,,74283,12,,,1,55,,74284,12,,,1,15,,74285,12,,,1,15,,74286,12,,,1,14,,74287,12,,,1,55,,74288,12,,,1,15,,74289,12,,,1,16,,74290,12,,,1,15,,74291,12,,,1,55,,74292,12,,,1,15,,74293,12,,,1,14,,74294,12,,,1,16,,74295,12,,,1,55,,74296,12,,,1,17,,74297,12,,,1,16,,74298,12,,,1,15,,74299,12,,,1,55,,74300,12,,,1,15,,74301,12,,,1,16,,74302,12,,,1,16,,74303,12,,,1,53,,74304,12,,,1,15,,74305,12,,,1,16,,74306,12,,,1,15,,74307,12,,,1,55,,74308,12,,,1,15,,74309,12,,,1,16,,74347,12,,,1,15,,74349,12,,,1,55,,74310,12,,,1,15,,74311,12,,,1,14,,74312,12,,,1,11,,74313,12,,,1,53,,74314,12,,,1,12,,74315,12,,,1,14,,74316,12,,,1,13,,74317,12,,,1,13,,74319,12,,,1,54,,74320,12,,,1,12,,74321,12,,,1,12,,74318,12,,,1,13,,74322,12,,,1,54,,74353,12,,,1,13,,74354,12,,,1,14,,74323,12,,,1,15,,74324,12,,,1,55,,74325,12,,,1,14,,74326,12,,,1,12,,74327,12,,,1,13,,74328,12,,,1,14,,74330,12,,,1,55,,74331,12,,,1,16,,74329,12,,,1,15,,74333,12,,,1,15,,74334,12,,,1,56,,74332,12,,,1,15,,74335,12,,,1,15,,74337,12,,,1,15,,74338,12,,,1,55,,74339,12,,,1,15,,74340,12,,,1,16,,74341,12,,,1,15,,74342,12,,,1,54,,74336,12,,,1,16,,74343,12,,,1,16,,74344,12,,,1,15,,74345,12,,,1,55,,74346,12,,,1,17,,74351,12,,,1,17,,74350,12,,,1,54,,74348,12,,,1,15,,74352,12,,,1,15,,74356,12,,,1,15,,74357,12,,,1
80002,'20262611',615,,74517,12,,,1,10,,74487,12,,,1,15,,74484,12,,,1,15,,74488,12,,,1,55,,74478,12,,,1,15,,74473,12,,,1,15,,74485,12,,,1,14,,74479,12,,,1,55,,74486,12,,,1,15,,74471,12,,,1,15,,74489,12,,,1,14,,74481,12,,,1,55,,74482,12,,,1,15,,74475,12,,,1,16,,74472,12,,,1,15,,74476,12,,,1,55,,74477,12,,,1,15,,74474,12,,,1,14,,74483,12,,,1,16,,74480,12,,,1,55,,74498,12,,,1,17,,74509,12,,,1,16,,74510,12,,,1,15,,74500,12,,,1,55,,74511,12,,,1,15,,74499,12,,,1,16,,74507,12,,,1,16,,74508,12,,,1,53,,74501,12,,,1,15,,74502,12,,,1,16,,74503,12,,,1,15,,74504,12,,,1,55,,74505,12,,,1,15,,74506,12,,,1,16,,74460,12,,,1,15,,74462,12,,,1,55,,74465,12,,,1,15,,74467,12,,,1,14,,74470,12,,,1,11,,74466,12,,,1,53,,74464,12,,,1,12,,74468,12,,,1,14,,74469,12,,,1,13,,74463,12,,,1,13,,74456,12,,,1,54,,74458,12,,,1,12,,74452,12,,,1,12,,74442,12,,,1,13,,74457,12,,,1,54,,74516,12,,,1,13,,74518,12,,,1,14,,74451,12,,,1,15,,74453,12,,,1,55,,74454,12,,,1,14,,74445,12,,,1,12,,74455,12,,,1,13,,74439,12,,,1,14,,74443,12,,,1,55,,74459,12,,,1,16,,74450,12,,,1,15,,74447,12,,,1,15,,74446,12,,,1,56,,74440,12,,,1,15,,74441,12,,,1,15,,74448,12,,,1,15,,74449,12,,,1,55,,74493,12,,,1,15,,74496,12,,,1,16,,74491,12,,,1,15,,74492,12,,,1,54,,74444,12,,,1,16,,74495,12,,,1,16,,74497,12,,,1,15,,74494,12,,,1,55,,74490,12,,,1,17,,74514,12,,,1,17,,74513,12,,,1,54,,74461,12,,,1,15,,74512,12,,,1,15,,74515,12,,,1,15,,74519,12,,,1
95002,'20262011',2538,,81242,10,,,0,170,,81243,10,,,0
95002,'20262511',2538,,81247,10,,,0,170,,81246,10,,,0
95400,'20262011',2540,,81250,10,,,0,170,,81251,10,,,0
95400,'20262511',2540,,81254,10,,,0,170,,81255,10,,,0
