9003,'20262010',1547,,71594,11,,,0,65,,71595,11,,,0,33,,71596,11,,,0,69,,71597,11,,,0,30,,71598,11,,,0
9003,'20262011',1547,,71599,11,,,0,65,,71600,11,,,0,33,,71601,11,,,0,69,,71602,11,,,0,30,,71603,11,,,0
9103,'20262010',629,,71718,33,,,0,100,,71719,33,,,0,100,,71720,33,,,0,102,,71721,33,,,0,99,,71722,33,,,0,100,,71723,33,,,0,100,,71724,33,,,0,100,,71725,33,,,0,100,,71726,33,,,0,99,,71727,33,,,0,24,,71728,33,,,0,76,,71729,33,,,0,30,,71730,33,,,0,73,,71731,33,,,0,71,,71732,33,,,0,27,,71733,33,,,0,101,,71734,33,,,0,99,,71735,33,,,0,100,,71736,33,,,0,100,,71737,33,,,0,99,,71738,33,,,0
9103,'20262011',629,,71739,33,,,0,100,,71740,33,,,0,100,,71741,33,,,0,102,,71742,33,,,0,99,,71743,33,,,0,100,,71744,33,,,0,100,,71745,33,,,0,100,,71746,33,,,0,100,,71747,33,,,0,99,,71748,33,,,0,24,,71749,33,,,0,76,,71750,33,,,0,30,,71751,33,,,0,73,,71752,33,,,0,71,,71753,33,,,0,27,,71754,33,,,0,101,,71755,33,,,0,99,,71756,33,,,0,100,,71757,33,,,0,100,,71758,33,,,0,99,,71759,33,,,0
9103,'20262510',623,,71760,33,,,0,100,,71761,33,,,0,100,,71762,33,,,0,100,,71763,33,,,0,100,,71764,33,,,0,101,,71765,33,,,0,100,,71766,33,,,0,100,,71767,33,,,0,100,,71768,33,,,0,100,,71769,33,,,0,100,,71770,33,,,0,100,,71771,33,,,0,99,,71772,33,,,0,99,,71773,33,,,0,101,,71774,33,,,0,100,,71775,33,,,0,100,,71776,33,,,0,100,,71777,33,,,0
9103,'20262511',623,,71778,33,,,0,100,,71779,33,,,0,100,,71780,33,,,0,100,,71781,33,,,0,100,,71782,33,,,0,101,,71783,33,,,0,100,,71784,33,,,0,100,,71785,33,,,0,100,,71786,33,,,0,100,,71787,33,,,0,100,,71788,33,,,0,100,,71789,33,,,0,99,,71790,33,,,0,99,,71791,33,,,0,101,,71792,33,,,0,100,,71793,33,,,0,100,,71794,33,,,0,100,,71795,33,,,0
9103,'20262610',623,,71796,33,,,0,100,,71797,33,,,0,100,,71798,33,,,0,100,,71799,33,,,0,100,,71800,33,,,0,101,,71801,33,,,0,100,,71802,33,,,0,100,,71803,33,,,0,100,,71804,33,,,0,100,,71805,33,,,0,100,,71806,33,,,0,100,,71807,33,,,0,99,,71808,33,,,0,99,,71809,33,,,0,101,,71810,33,,,0,100,,71811,33,,,0,100,,71812,33,,,0,100,,71813,33,,,0
9103,'20262611',623,,71814,33,,,0,100,,71815,33,,,0,100,,71816,33,,,0,100,,71817,33,,,0,100,,71818,33,,,0,101,,71819,33,,,0,100,,71820,33,,,0,100,,71821,33,,,0,100,,71822,33,,,0,100,,71823,33,,,0,100,,71824,33,,,0,100,,71825,33,,,0,99,,71826,33,,,0,99,,71827,33,,,0,101,,71828,33,,,0,100,,71829,33,,,0,100,,71830,33,,,0,100,,71831,33,,,0
29103,'20262010',1557,,73211,40,4,,0,71,,73208,40,4,,0,74,,73210,40,4,,0,30,,73209,40,4,,0
29103,'20262011',1557,,73215,40,4,,0,71,,73212,40,4,,0,74,,73214,40,4,,0,30,,73213,40,4,,0
