7401,'20262010',615,,84842,51,,,1,99,,84843,51,,,1,100,,84844,51,,,1,101,,84845,51,,,1,100,,84846,51,,,1,100,,84847,51,,,1,100,,84848,51,,,1,100,,84849,51,,,1,100,,84850,51,,,1,100,,84851,51,,,1,30,,84861,23,0,5 6,1,69,,84857,51,,,1,30,,84860,23,0,5 6,1,70,,84852,51,,,1,101,,84853,51,,,1,100,,84859,51,,,1,100,,84854,51,,,1,100,,84858,51,,,1,100,,84855,51,,,1,130,,84856,51,,,1
7401,'20262510',715,,84876,51,,,1,100,,84862,51,,,1,100,,84863,51,,,1,100,,84877,51,,,1,100,,84870,51,,,1,100,,84871,51,,,1,100,,84872,51,,,1,100,,84873,51,,,1,100,,84874,51,,,1,99,,84875,51,,,1,100,,84864,51,,,1,101,,84868,51,,,1,100,,84869,51,,,1,100,,84865,51,,,1,99,,84866,51,,,1,102,,84867,51,,,1,130,,84878,51,0,5 6,1
7401,'20262610',715,,84879,51,,,1,100,,84894,51,,,1,100,,84880,51,,,1,100,,84895,51,,,1,100,,84882,51,,,1,100,,84883,51,,,1,100,,84884,51,,,1,100,,84885,51,,,1,100,,84886,51,,,1,99,,84887,51,,,1,100,,84888,51,,,1,101,,84889,51,,,1,100,,84890,51,,,1,100,,84891,51,,,1,99,,84892,51,,,1,102,,84893,51,,,1,130,,84881,51,0,5 6,1
7401,'20263010',615,,96818,51,0,5 6,1,99,,96819,51,0,5 6,1,100,,96820,51,0,5 6,1,101,,96821,51,0,5 6,1,100,,96822,51,0,5 6,1,100,,96823,51,0,5 6,1,100,,96824,51,0,5 6,1,100,,96825,51,0,5 6,1,100,,96826,51,0,5 6,1,100,,96827,51,0,5 6,1,30,,96837,23,0,5 6,1,69,,96833,51,0,5 6,1,30,,96836,23,0,5 6,1,70,,96828,51,0,5 6,1,101,,96829,51,0,5 6,1,100,,96835,51,0,5 6,1,100,,96830,51,0,5 6,1,100,,96834,51,0,5 6,1,100,,96831,51,0,5 6,1,130,,96832,51,0,5 6,1
7401,'20263510',715,,96852,51,0,5 6,1,100,,96838,51,0,5 6,1,100,,96839,51,0,5 6,1,100,,96853,51,0,5 6,1,100,,96846,51,0,5 6,1,100,,96847,51,0,5 6,1,100,,96848,51,0,5 6,1,100,,96849,51,0,5 6,1,100,,96850,51,0,5 6,1,99,,96851,51,0,5 6,1,100,,96840,51,0,5 6,1,101,,96844,51,0,5 6,1,100,,96845,51,0,5 6,1,100,,96841,51,0,5 6,1,99,,96842,51,0,5 6,1,102,,96843,51,0,5 6,1,130,,96854,51,0,5 6,1
7401,'20263511',715,,96869,51,0,5 6,1,100,,96855,51,0,5 6,1,100,,96856,51,0,5 6,1,100,,96870,51,0,5 6,1,100,,96863,51,0,5 6,1,100,,96864,51,0,5 6,1,100,,96865,51,0,5 6,1,100,,96866,51,0,5 6,1,100,,96867,51,0,5 6,1,99,,96868,51,0,5 6,1,100,,96857,51,0,5 6,1,101,,96861,51,0,5 6,1,100,,96862,51,0,5 6,1,100,,96858,51,0,5 6,1,99,,96859,51,0,5 6,1,102,,96860,51,0,5 6,1,130,,96871,51,0,5 6,1
7401,'20263610',715,,96872,51,0,5 6,1,100,,96887,51,0,5 6,1,100,,96873,51,0,5 6,1,100,,96888,51,0,5 6,1,100,,96875,51,0,5 6,1,100,,96876,51,0,5 6,1,100,,96877,51,0,5 6,1,100,,96878,51,0,5 6,1,100,,96879,51,0,5 6,1,99,,96880,51,0,5 6,1,100,,96881,51,0,5 6,1,101,,96882,51,0,5 6,1,100,,96883,51,0,5 6,1,100,,96884,51,0,5 6,1,99,,96885,51,0,5 6,1,102,,96886,51,0,5 6,1,130,,96874,51,0,5 6,1
7401,'20263611',715,,96889,51,0,5 6,1,100,,96904,51,0,5 6,1,100,,96890,51,0,5 6,1,100,,96905,51,0,5 6,1,100,,96892,51,0,5 6,1,100,,96893,51,0,5 6,1,100,,96894,51,0,5 6,1,100,,96895,51,0,5 6,1,100,,96896,51,0,5 6,1,99,,96897,51,0,5 6,1,100,,96898,51,0,5 6,1,101,,96899,51,0,5 6,1,100,,96900,51,0,5 6,1,100,,96901,51,0,5 6,1,99,,96902,51,0,5 6,1,102,,96903,51,0,5 6,1,130,,96891,51,0,5 6,1
8401,'20262010',645,,85654,65,,,1,68,,85673,65,0,5 6,1,30,,85655,65,,,1,70,,85674,65,0,5 6,1,30,,85656,65,,,1,71,,85671,65,0,5 6,1,30,,85657,65,,,1,99,,85658,65,,,1,100,,85659,65,,,1,100,,85660,65,,,1,100,,85661,65,,,1,99,,85662,65,,,1,100,,85663,65,,,1,97,,85664,65,,,1,104,,85665,65,,,1,102,,85666,65,,,1,99,,85667,65,,,1,100,,85668,65,,,1,101,,85669,65,,,1,100,,85670,65,,,1,100,,85672,65,,,1
8401,'20262510',645,,85675,65,,,1,100,,85690,65,,,1,99,,85676,65,,,1,100,,85689,65,,,1,100,,85677,65,,,1,100,,85684,65,,,1,100,,85685,65,,,1,99,,85686,65,,,1,100,,85687,65,,,1,99,,85688,65,,,1,102,,85679,65,,,1,100,,85678,65,,,1,100,,85680,65,,,1,100,,85683,65,,,1,100,,85682,65,,,1,100,,85681,65,,,1,102,,85691,65,,,1,100,,85692,65,,,1
8401,'20262610',645,,85705,65,,,1,100,,85709,65,,,1,99,,85708,65,,,1,100,,85706,65,,,1,100,,85693,65,,,1,100,,85699,65,,,1,100,,85694,65,,,1,99,,85700,65,,,1,100,,85695,65,,,1,99,,85701,65,,,1,102,,85696,65,,,1,100,,85702,65,,,1,100,,85697,65,,,1,100,,85703,65,,,1,100,,85698,65,,,1,100,,85704,65,,,1,102,,85707,65,,,1,100,,85710,65,,,1
8401,'20263010',645,,98160,65,0,5 6,1,68,,98179,65,0,5 6,1,30,,98161,65,0,5 6,1,69,,98180,65,0,5 6,1,31,,98162,65,0,5 6,1,70,,98177,65,0,5 6,1,31,,98163,65,0,5 6,1,99,,98164,65,0,5 6,1,100,,98165,65,0,5 6,1,100,,98166,65,0,5 6,1,100,,98167,65,0,5 6,1,99,,98168,65,0,5 6,1,100,,98169,65,0,5 6,1,97,,98170,65,0,5 6,1,104,,98171,65,0,5 6,1,102,,98172,65,0,5 6,1,99,,98173,65,0,5 6,1,100,,98174,65,0,5 6,1,101,,98175,65,0,5 6,1,100,,98176,65,0,5 6,1,100,,98178,65,0,5 6,1
8401,'20263510',645,,98181,65,0,5 6,1,100,,98196,65,0,5 6,1,99,,98182,65,0,5 6,1,100,,98195,65,0,5 6,1,100,,98183,65,0,5 6,1,100,,98190,65,0,5 6,1,100,,98191,65,0,5 6,1,99,,98192,65,0,5 6,1,100,,98193,65,0,5 6,1,99,,98194,65,0,5 6,1,102,,98185,65,0,5 6,1,100,,98184,65,0,5 6,1,100,,98186,65,0,5 6,1,100,,98189,65,0,5 6,1,100,,98188,65,0,5 6,1,100,,98187,65,0,5 6,1,102,,98197,65,0,5 6,1,100,,98198,65,0,5 6,1
8401,'20263511',645,,98199,65,0,5 6,1,100,,98214,65,0,5 6,1,99,,98200,65,0,5 6,1,100,,98213,65,0,5 6,1,100,,98201,65,0,5 6,1,100,,98208,65,0,5 6,1,100,,98209,65,0,5 6,1,99,,98210,65,0,5 6,1,100,,98211,65,0,5 6,1,99,,98212,65,0,5 6,1,102,,98203,65,0,5 6,1,100,,98202,65,0,5 6,1,100,,98204,65,0,5 6,1,100,,98207,65,0,5 6,1,100,,98206,65,0,5 6,1,100,,98205,65,0,5 6,1,102,,98215,65,0,5 6,1,100,,98216,65,0,5 6,1
8401,'20263610',645,,98229,65,0,5 6,1,100,,98233,65,0,5 6,1,99,,98232,65,0,5 6,1,100,,98230,65,0,5 6,1,100,,98217,65,0,5 6,1,100,,98223,65,0,5 6,1,100,,98218,65,0,5 6,1,99,,98224,65,0,5 6,1,100,,98219,65,0,5 6,1,99,,98225,65,0,5 6,1,102,,98220,65,0,5 6,1,100,,98226,65,0,5 6,1,100,,98221,65,0,5 6,1,100,,98227,65,0,5 6,1,100,,98222,65,0,5 6,1,100,,98228,65,0,5 6,1,102,,98231,65,0,5 6,1,100,,98234,65,0,5 6,1
8401,'20263611',645,,98247,65,0,5 6,1,100,,98251,65,0,5 6,1,99,,98250,65,0,5 6,1,100,,98248,65,0,5 6,1,100,,98235,65,0,5 6,1,100,,98241,65,0,5 6,1,100,,98236,65,0,5 6,1,99,,98242,65,0,5 6,1,100,,98237,65,0,5 6,1,99,,98243,65,0,5 6,1,102,,98238,65,0,5 6,1,100,,98244,65,0,5 6,1,100,,98239,65,0,5 6,1,100,,98245,65,0,5 6,1,100,,98240,65,0,5 6,1,100,,98246,65,0,5 6,1,102,,98249,65,0,5 6,1,100,,98252,65,0,5 6,1
28000,'20262010',1556,,86607,3,4,,0,71,,86606,3,4,,0,10,,86602,3,4,,0,19,,86603,3,4,,0,78,,86604,3,4,,0,70,,86605,3,4,,0
28000,'20263010',1556,,99680,3,4,,0,75,,99679,3,4,,0,9,,99675,3,4,,0,19,,99676,3,4,,0,78,,99677,3,4,,0,67,,99678,3,4,,0
29000,'20262010',1608,,86660,13,4,,0,30,,86661,13,4,,0,80,,86662,13,4,,0,35,,86663,13,4,,0,79,,86664,13,4,,0
29000,'20263010',1613,,99735,13,4,,0,31,,99736,13,4,,0,78,,99737,13,4,,0,36,,99738,13,4,,0,77,,99739,13,4,,0
29001,'20262010',651,,86667,23,,,0,78,,86665,23,,,0,77,,86666,23,,,0,21,,86668,23,,,0
29001,'20263010',649,,99742,23,,,0,68,,99740,23,,,0,42,,99741,23,,,0,65,,99743,23,,,0
80401,'20262010',536,,89113,33,,,1,15,,89102,33,,,1,54,,89037,33,,,1,15,,89101,33,,,1,15,,89084,33,,,1,14,,89038,33,,,1,56,,89039,33,,,1,15,,89040,33,,,1,12,,89041,33,,,1,10,,89097,33,,,1,8,,89091,33,,,1,9,,89042,33,,,1,50,,89043,33,,,1,12,,89044,33,,,1,14,,89045,33,,,1,15,,89058,33,,,1,54,,89059,33,,,1,15,,89060,33,,,1,15,,89098,33,,,1,15,,89046,33,,,1,54,,89047,33,,,1,15,,89048,33,,,1,14,,89049,33,,,1,15,,89050,33,,,1,56,,89099,33,,,1,15,,89092,33,,,1,15,,89051,33,,,1,14,,89052,33,,,1,55,,89053,33,,,1,16,,89054,33,,,1,15,,89055,33,,,1,16,,89096,33,,,1,53,,89056,33,,,1,15,,89061,33,,,1,18,,89062,33,,,1,16,,89093,33,,,1,54,,89057,33,,,1,15,,89063,33,,,1,16,,89064,33,,,1,15,,89065,33,,,1,55,,89066,33,,,1,16,,89067,33,,,1,15,,89095,33,,,1,14,,89068,33,,,1,52,,89069,33,,,1,15,,89071,33,,,1,15,,89100,33,,,1,13,,89072,33,,,1,12,,89073,33,,,1,52,,89070,33,,,1,12,,89074,33,,,1,16,,89083,33,,,1,13,,89108,33,,,1,53,,89085,33,,,1,17,,89075,33,,,1,18,,89111,33,,,1,16,,89094,33,,,1,55,,89086,33,,,1,15,,89087,33,,,1,14,,89076,33,,,1,17,,89077,33,,,1,57,,89105,33,,,1,16,,89088,33,,,1,17,,89106,33,,,1,58,,89107,33,,,1,18,,89104,33,,,1,19,,89103,33,,,1,16,,89090,33,,,1,58,,89089,33,,,1,17,,89078,33,,,1,15,,89079,33,,,1,58,,89110,33,,,1,18,,89080,33,,,1,18,,89109,33,,,1,18,,89081,33,,,1,58,,89082,33,,,1,18,,89112,33,,,1
80401,'20262510',647,,89114,33,,,1,58,,89166,33,,,1,18,,89165,33,,,1,18,,89115,33,,,1,17,,89116,33,,,1,57,,89167,33,,,1,16,,89154,33,,,1,14,,89155,33,,,1,55,,89156,33,,,1,15,,89168,33,,,1,16,,89117,33,,,1,16,,89157,33,,,1,54,,89158,33,,,1,13,,89169,33,,,1,15,,89118,33,,,1,13,,89159,33,,,1,16,,89160,33,,,1,54,,89170,33,,,1,15,,89119,33,,,1,15,,89161,33,,,1,15,,89162,33,,,1,55,,89120,33,,,1,16,,89163,33,,,1,15,,89121,33,,,1,16,,89122,33,,,1,56,,89123,33,,,1,15,,89124,33,,,1,15,,89125,33,,,1,57,,89126,33,,,1,15,,89127,33,,,1,16,,89128,33,,,1,15,,89129,33,,,1,56,,89130,33,,,1,16,,89131,33,,,1,14,,89132,33,,,1,14,,89133,33,,,1,55,,89134,33,,,1,15,,89135,33,,,1,15,,89136,33,,,1,14,,89137,33,,,1,55,,89138,33,,,1,15,,89139,33,,,1,16,,89140,33,,,1,15,,89141,33,,,1,57,,89164,33,,,1,20,,89175,33,,,1,19,,89142,33,,,1,59,,89143,33,,,1,19,,89176,33,,,1,18,,89144,33,,,1,19,,89177,33,,,1,58,,89145,33,,,1,19,,89146,33,,,1,16,,89178,33,,,1,57,,89147,33,,,1,18,,89173,33,,,1,19,,89148,33,,,1,57,,89149,33,,,1,19,,89172,33,,,1,17,,89150,33,,,1,18,,89171,33,,,1,58,,89151,33,,,1,18,,89152,33,,,1,18,,89174,33,,,1,58,,89153,33,,,1
80401,'20262610',647,,89179,33,,,1,58,,89180,33,,,1,18,,89231,33,,,1,18,,89230,33,,,1,17,,89181,33,,,1,57,,89232,33,,,1,16,,89219,33,,,1,14,,89220,33,,,1,55,,89221,33,,,1,15,,89233,33,,,1,16,,89183,33,,,1,16,,89222,33,,,1,54,,89223,33,,,1,13,,89234,33,,,1,15,,89182,33,,,1,13,,89224,33,,,1,16,,89225,33,,,1,54,,89235,33,,,1,15,,89184,33,,,1,15,,89226,33,,,1,15,,89227,33,,,1,55,,89185,33,,,1,16,,89228,33,,,1,15,,89186,33,,,1,16,,89187,33,,,1,56,,89188,33,,,1,15,,89189,33,,,1,15,,89190,33,,,1,57,,89191,33,,,1,15,,89192,33,,,1,16,,89193,33,,,1,15,,89194,33,,,1,56,,89195,33,,,1,16,,89196,33,,,1,14,,89197,33,,,1,14,,89198,33,,,1,55,,89199,33,,,1,15,,89200,33,,,1,15,,89201,33,,,1,14,,89202,33,,,1,55,,89203,33,,,1,15,,89204,33,,,1,16,,89205,33,,,1,15,,89206,33,,,1,57,,89207,33,,,1,20,,89229,33,,,1,19,,89236,33,,,1,59,,89208,33,,,1,19,,89209,33,,,1,18,,89237,33,,,1,19,,89210,33,,,1,58,,89238,33,,,1,19,,89211,33,,,1,16,,89212,33,,,1,57,,89239,33,,,1,18,,89213,33,,,1,19,,89240,33,,,1,57,,89214,33,,,1,19,,89215,33,,,1,17,,89241,33,,,1,18,,89216,33,,,1,58,,89242,33,,,1,18,,89217,33,,,1,18,,89243,33,,,1,58,,89218,33,,,1
80401,'20263010',536,,103769,32,,,1,15,,103757,32,,,1,54,,103693,32,,,1,15,,103758,32,,,1,15,,103740,32,,,1,15,,103694,32,,,1,52,,103695,32,,,1,10,,103696,32,,,1,9,,103697,32,,,1,11,,103753,32,,,1,10,,103747,32,,,1,10,,103698,32,,,1,50,,103699,32,,,1,11,,103700,32,,,1,10,,103701,32,,,1,11,,103714,32,,,1,13,,103715,32,,,1,54,,103716,32,,,1,15,,103754,32,,,1,15,,103702,32,,,1,14,,103703,32,,,1,14,,103704,32,,,1,55,,103705,32,,,1,15,,103706,32,,,1,14,,103755,32,,,1,16,,103748,32,,,1,54,,103707,32,,,1,15,,103708,32,,,1,13,,103709,32,,,1,17,,103710,32,,,1,55,,103711,32,,,1,15,,103752,32,,,1,15,,103712,32,,,1,15,,103717,32,,,1,55,,103718,32,,,1,16,,103749,32,,,1,15,,103713,32,,,1,14,,103719,32,,,1,54,,103720,32,,,1,16,,103721,32,,,1,15,,103722,32,,,1,15,,103723,32,,,1,56,,103751,32,,,1,14,,103724,32,,,1,15,,103725,32,,,1,14,,103727,32,,,1,56,,103756,32,,,1,15,,103728,32,,,1,11,,103729,32,,,1,13,,103726,32,,,1,52,,103730,32,,,1,12,,103739,32,,,1,15,,103764,32,,,1,15,,103741,32,,,1,55,,103731,32,,,1,15,,103767,32,,,1,18,,103750,32,,,1,18,,103742,32,,,1,58,,103743,32,,,1,18,,103732,32,,,1,18,,103733,32,,,1,58,,103761,32,,,1,19,,103744,32,,,1,18,,103762,32,,,1,18,,103763,32,,,1,58,,103760,32,,,1,18,,103759,32,,,1,17,,103746,32,,,1,58,,103745,32,,,1,16,,103734,32,,,1,18,,103735,32,,,1,57,,103766,32,,,1,18,,103736,32,,,1,17,,103765,32,,,1,18,,103737,32,,,1,57,,103738,32,,,1,17,,103768,32,,,1,18,,103770,32,,,1
80401,'20263510',647,,103771,32,,,1,58,,103823,32,,,1,18,,103822,32,,,1,18,,103772,32,,,1,17,,103773,32,,,1,58,,103824,32,,,1,17,,103811,32,,,1,16,,103812,32,,,1,55,,103813,32,,,1,16,,103825,32,,,1,15,,103774,32,,,1,16,,103814,32,,,1,55,,103815,32,,,1,16,,103826,32,,,1,16,,103775,32,,,1,14,,103816,32,,,1,55,,103817,32,,,1,14,,103827,32,,,1,14,,103776,32,,,1,15,,103818,32,,,1,54,,103819,32,,,1,14,,103777,32,,,1,15,,103820,32,,,1,14,,103778,32,,,1,55,,103779,32,,,1,14,,103780,32,,,1,15,,103781,32,,,1,15,,103782,32,,,1,55,,103783,32,,,1,15,,103784,32,,,1,15,,103785,32,,,1,15,,103786,32,,,1,55,,103787,32,,,1,15,,103788,32,,,1,15,,103789,32,,,1,14,,103790,32,,,1,55,,103791,32,,,1,14,,103792,32,,,1,15,,103793,32,,,1,14,,103794,32,,,1,16,,103795,32,,,1,56,,103796,32,,,1,19,,103797,32,,,1,18,,103798,32,,,1,59,,103821,32,,,1,19,,103832,32,,,1,19,,103799,32,,,1,59,,103800,32,,,1,18,,103833,32,,,1,18,,103801,32,,,1,58,,103834,32,,,1,18,,103802,32,,,1,18,,103803,32,,,1,18,,103835,32,,,1,58,,103804,32,,,1,18,,103830,32,,,1,18,,103805,32,,,1,58,,103806,32,,,1,18,,103829,32,,,1,18,,103807,32,,,1,58,,103828,32,,,1,18,,103808,32,,,1,18,,103809,32,,,1,18,,103831,32,,,1,58,,103810,32,,,1
80401,'20263511',647,,103836,32,,,1,58,,103888,32,,,1,18,,103887,32,,,1,18,,103837,32,,,1,17,,103838,32,,,1,58,,103889,32,,,1,17,,103876,32,,,1,16,,103877,32,,,1,55,,103878,32,,,1,16,,103890,32,,,1,15,,103839,32,,,1,16,,103879,32,,,1,55,,103880,32,,,1,16,,103891,32,,,1,16,,103840,32,,,1,14,,103881,32,,,1,55,,103882,32,,,1,14,,103892,32,,,1,14,,103841,32,,,1,15,,103883,32,,,1,54,,103884,32,,,1,14,,103842,32,,,1,15,,103885,32,,,1,14,,103843,32,,,1,55,,103844,32,,,1,14,,103845,32,,,1,15,,103846,32,,,1,15,,103847,32,,,1,55,,103848,32,,,1,15,,103849,32,,,1,15,,103850,32,,,1,15,,103851,32,,,1,55,,103852,32,,,1,15,,103853,32,,,1,15,,103854,32,,,1,14,,103855,32,,,1,55,,103856,32,,,1,14,,103857,32,,,1,15,,103858,32,,,1,14,,103859,32,,,1,16,,103860,32,,,1,56,,103861,32,,,1,19,,103862,32,,,1,18,,103863,32,,,1,59,,103886,32,,,1,19,,103897,32,,,1,19,,103864,32,,,1,59,,103865,32,,,1,18,,103898,32,,,1,18,,103866,32,,,1,58,,103899,32,,,1,18,,103867,32,,,1,18,,103868,32,,,1,18,,103900,32,,,1,58,,103869,32,,,1,18,,103895,32,,,1,18,,103870,32,,,1,58,,103871,32,,,1,18,,103894,32,,,1,18,,103872,32,,,1,58,,103893,32,,,1,18,,103873,32,,,1,18,,103874,32,,,1,18,,103896,32,,,1,58,,103875,32,,,1
80401,'20263610',647,,103901,32,,,1,58,,103902,32,,,1,18,,103953,32,,,1,18,,103952,32,,,1,17,,103903,32,,,1,58,,103954,32,,,1,17,,103941,32,,,1,16,,103942,32,,,1,55,,103943,32,,,1,16,,103955,32,,,1,15,,103905,32,,,1,16,,103944,32,,,1,55,,103945,32,,,1,16,,103956,32,,,1,16,,103904,32,,,1,14,,103946,32,,,1,55,,103947,32,,,1,14,,103957,32,,,1,14,,103906,32,,,1,15,,103948,32,,,1,54,,103949,32,,,1,14,,103907,32,,,1,15,,103950,32,,,1,14,,103908,32,,,1,55,,103909,32,,,1,14,,103910,32,,,1,15,,103911,32,,,1,15,,103912,32,,,1,55,,103913,32,,,1,15,,103914,32,,,1,15,,103915,32,,,1,15,,103916,32,,,1,55,,103917,32,,,1,15,,103918,32,,,1,15,,103919,32,,,1,14,,103920,32,,,1,55,,103921,32,,,1,14,,103922,32,,,1,15,,103923,32,,,1,14,,103924,32,,,1,16,,103925,32,,,1,56,,103926,32,,,1,19,,103927,32,,,1,18,,103928,32,,,1,59,,103929,32,,,1,19,,103951,32,,,1,19,,103958,32,,,1,59,,103930,32,,,1,18,,103931,32,,,1,18,,103959,32,,,1,58,,103932,32,,,1,18,,103960,32,,,1,18,,103933,32,,,1,18,,103934,32,,,1,58,,103961,32,,,1,18,,103935,32,,,1,18,,103962,32,,,1,58,,103936,32,,,1,18,,103937,32,,,1,18,,103963,32,,,1,58,,103938,32,,,1,18,,103964,32,,,1,18,,103939,32,,,1,18,,103965,32,,,1,58,,103940,32,,,1
80401,'20263611',647,,103966,32,,,1,58,,103967,32,,,1,18,,104018,32,,,1,18,,104017,32,,,1,17,,103968,32,,,1,58,,104019,32,,,1,17,,104006,32,,,1,16,,104007,32,,,1,55,,104008,32,,,1,16,,104020,32,,,1,15,,103970,32,,,1,16,,104009,32,,,1,55,,104010,32,,,1,16,,104021,32,,,1,16,,103969,32,,,1,14,,104011,32,,,1,55,,104012,32,,,1,14,,104022,32,,,1,14,,103971,32,,,1,15,,104013,32,,,1,54,,104014,32,,,1,14,,103972,32,,,1,15,,104015,32,,,1,14,,103973,32,,,1,55,,103974,32,,,1,14,,103975,32,,,1,15,,103976,32,,,1,15,,103977,32,,,1,55,,103978,32,,,1,15,,103979,32,,,1,15,,103980,32,,,1,15,,103981,32,,,1,55,,103982,32,,,1,15,,103983,32,,,1,15,,103984,32,,,1,14,,103985,32,,,1,55,,103986,32,,,1,14,,103987,32,,,1,15,,103988,32,,,1,14,,103989,32,,,1,16,,103990,32,,,1,56,,103991,32,,,1,19,,103992,32,,,1,18,,103993,32,,,1,59,,103994,32,,,1,19,,104016,32,,,1,19,,104023,32,,,1,59,,103995,32,,,1,18,,103996,32,,,1,18,,104024,32,,,1,58,,103997,32,,,1,18,,104025,32,,,1,18,,103998,32,,,1,18,,103999,32,,,1,58,,104026,32,,,1,18,,104000,32,,,1,18,,104027,32,,,1,58,,104001,32,,,1,18,,104002,32,,,1,18,,104028,32,,,1,58,,104003,32,,,1,18,,104029,32,,,1,18,,104004,32,,,1,18,,104030,32,,,1,58,,104005,32,,,1
7008401,'20263010',833,,106151,9,,,0
