401,'20262010',541,,63381,24,,,0,71,,63382,24,,,0,30,,63383,24,,,0,70,,63384,24,,,0,35,,63385,24,,,0,71,,63380,24,,,0,27,,63386,24,,,0,70,,63387,24,,,0,86,,63388,24,,,0,100,,63389,24,,,0,101,,63390,24,,,0,102,,63391,24,,,0,54,,63392,24,,,0,144,,63393,24,,,0,30,,63394,24,,,0,75,,63395,24,,,0,27,,63396,24,,,0,69,,63397,24,,,0,32,,63398,24,,,0,83,,63399,24,,,0,100,,63400,24,,,0,97,,63401,24,,,0,100,,63402,24,,,0,100,,63403,24,,,0,98,,63404,24,,,0,99,,63405,24,,,0
401,'20262011',541,,63407,24,,,0,71,,63408,24,,,0,30,,63409,24,,,0,70,,63410,24,,,0,35,,63411,24,,,0,71,,63406,24,,,0,27,,63412,24,,,0,70,,63413,24,,,0,86,,63414,24,,,0,100,,63415,24,,,0,101,,63416,24,,,0,102,,63417,24,,,0,54,,63418,24,,,0,144,,63419,24,,,0,30,,63420,24,,,0,75,,63421,24,,,0,27,,63422,24,,,0,69,,63423,24,,,0,32,,63424,24,,,0,83,,63425,24,,,0,100,,63426,24,,,0,97,,63427,24,,,0,100,,63428,24,,,0,100,,63429,24,,,0,98,,63430,24,,,0,99,,63431,24,,,0
401,'20262510',704,,63449,24,,,0,54,,63432,24,,,0,100,,63433,24,,,0,101,,63434,24,,,0,141,,63435,24,,,0,100,,63436,24,,,0,101,,63437,24,,,0,100,,63438,24,,,0,100,,63439,24,,,0,101,,63440,24,,,0,98,,63441,24,,,0,104,,63442,24,,,0,99,,63443,24,,,0,97,,63444,24,,,0,57,,63445,24,,,0,99,,63446,24,,,0,98,,63447,24,,,0,98,,63448,24,,,0
401,'20262511',704,,63467,24,,,0,54,,63450,24,,,0,100,,63451,24,,,0,101,,63452,24,,,0,141,,63453,24,,,0,100,,63454,24,,,0,101,,63455,24,,,0,100,,63456,24,,,0,100,,63457,24,,,0,101,,63458,24,,,0,98,,63459,24,,,0,104,,63460,24,,,0,99,,63461,24,,,0,97,,63462,24,,,0,57,,63463,24,,,0,99,,63464,24,,,0,98,,63465,24,,,0,98,,63466,24,,,0
401,'20262610',704,,63485,24,,,0,54,,63468,24,,,0,100,,63469,24,,,0,101,,63470,24,,,0,141,,63471,24,,,0,100,,63472,24,,,0,101,,63473,24,,,0,100,,63474,24,,,0,100,,63475,24,,,0,101,,63476,24,,,0,98,,63477,24,,,0,104,,63478,24,,,0,99,,63479,24,,,0,97,,63480,24,,,0,57,,63481,24,,,0,99,,63482,24,,,0,98,,63483,24,,,0,98,,63484,24,,,0
401,'20262611',704,,63503,24,,,0,54,,63486,24,,,0,100,,63487,24,,,0,101,,63488,24,,,0,141,,63489,24,,,0,100,,63490,24,,,0,101,,63491,24,,,0,100,,63492,24,,,0,100,,63493,24,,,0,101,,63494,24,,,0,98,,63495,24,,,0,104,,63496,24,,,0,99,,63497,24,,,0,97,,63498,24,,,0,57,,63499,24,,,0,99,,63500,24,,,0,98,,63501,24,,,0,98,,63502,24,,,0
8600,'20262010',641,,71315,6,,,0,71,,71314,6,,,0,28,,71316,6,,,0,69,,71317,6,,,0,105,,71318,6,,,0,100,,71332,6,,,0,97,,71320,6,,,0,100,,71322,6,,,0,29,,71336,6,,,0,72,,71323,6,,,0,100,,71333,6,,,0,97,,71319,6,,,0,21,,71324,6,,,0,70,,71321,6,,,0,30,,71325,6,,,0,74,,71326,6,,,0,35,,71327,6,,,0,72,,71334,6,,,0,103,,71328,6,,,0,101,,71331,6,,,0,101,,71329,6,,,0,100,,71335,6,,,0,101,,71330,6,,,0
8600,'20262011',641,,71338,6,,,0,71,,71337,6,,,0,28,,71339,6,,,0,69,,71340,6,,,0,105,,71341,6,,,0,100,,71355,6,,,0,97,,71343,6,,,0,100,,71345,6,,,0,29,,71359,6,,,0,72,,71346,6,,,0,100,,71356,6,,,0,97,,71342,6,,,0,21,,71347,6,,,0,70,,71344,6,,,0,30,,71348,6,,,0,74,,71349,6,,,0,35,,71350,6,,,0,72,,71357,6,,,0,103,,71351,6,,,0,101,,71354,6,,,0,101,,71352,6,,,0,100,,71358,6,,,0,101,,71353,6,,,0
8600,'20262510',716,,71360,6,,,0,100,,71369,6,,,0,100,,71364,6,,,0,100,,71370,6,,,0,99,,71365,6,,,0,99,,71371,6,,,0,99,,71366,6,,,0,99,,71372,6,,,0,99,,71367,6,,,0,100,,71373,6,,,0,101,,71368,6,,,0,102,,71374,6,,,0,100,,71361,6,,,0,101,,71375,6,,,0,102,,71363,6,,,0,101,,71376,6,,,0,101,,71362,6,,,0,100,,71377,6,,,0
8600,'20262511',716,,71378,6,,,0,100,,71387,6,,,0,100,,71382,6,,,0,100,,71388,6,,,0,99,,71383,6,,,0,99,,71389,6,,,0,99,,71384,6,,,0,99,,71390,6,,,0,99,,71385,6,,,0,100,,71391,6,,,0,101,,71386,6,,,0,102,,71392,6,,,0,100,,71379,6,,,0,101,,71393,6,,,0,102,,71381,6,,,0,101,,71394,6,,,0,101,,71380,6,,,0,100,,71395,6,,,0
8600,'20262610',716,,71396,6,,,0,100,,71405,6,,,0,100,,71397,6,,,0,100,,71406,6,,,0,99,,71398,6,,,0,99,,71407,6,,,0,99,,71399,6,,,0,99,,71408,6,,,0,99,,71400,6,,,0,100,,71409,6,,,0,101,,71401,6,,,0,102,,71410,6,,,0,100,,71402,6,,,0,101,,71411,6,,,0,102,,71403,6,,,0,101,,71412,6,,,0,101,,71404,6,,,0,100,,71413,6,,,0
8600,'20262611',716,,71414,6,,,0,100,,71423,6,,,0,100,,71415,6,,,0,100,,71424,6,,,0,99,,71416,6,,,0,99,,71425,6,,,0,99,,71417,6,,,0,99,,71426,6,,,0,99,,71418,6,,,0,100,,71427,6,,,0,101,,71419,6,,,0,102,,71428,6,,,0,100,,71420,6,,,0,101,,71429,6,,,0,102,,71421,6,,,0,101,,71430,6,,,0,101,,71422,6,,,0,100,,71431,6,,,0
