1103,'20262010',545,,63728,9,,,1,98,,63729,9,,,1,12,,63761,9,,,1,53,,63730,9,,,1,27,,63731,9,,,1,70,,63732,9,,,1,33,,63733,9,,,1,71,,63734,9,,,1,30,,63735,9,,,1,69,,63741,9,,,1,29,,63736,9,,,1,70,,63737,9,,,1,30,,63738,9,,,1,70,,63739,9,,,1,29,,63740,9,,,1,69,,63742,9,,,1,29,,63748,9,,,1,70,,63751,9,,,1,29,,63755,9,,,1,20,,63762,9,,,1,57,,63746,9,,,1,13,,63753,9,,,1,11,,63763,9,,,1,13,,63745,9,,,1,56,,63764,9,,,1,15,,63756,9,,,1,36,,63757,9,,,1,74,,63743,9,,,1,74,,63744,9,,,1,30,,63749,9,,,1,71,,63752,9,,,1,31,,63758,9,,,1,101,,63760,9,,,1,102,,63754,9,,,1,101,,63759,9,,,1,104,,63750,9,,,1
1103,'20262011',545,,63767,9,,,1,98,,63768,9,,,1,12,,63800,9,,,1,53,,63769,9,,,1,27,,63770,9,,,1,70,,63771,9,,,1,33,,63772,9,,,1,71,,63773,9,,,1,30,,63774,9,,,1,69,,63780,9,,,1,29,,63775,9,,,1,70,,63776,9,,,1,30,,63777,9,,,1,70,,63778,9,,,1,29,,63779,9,,,1,69,,63781,9,,,1,29,,63787,9,,,1,70,,63790,9,,,1,29,,63794,9,,,1,20,,63801,9,,,1,57,,63785,9,,,1,13,,63792,9,,,1,11,,63802,9,,,1,13,,63784,9,,,1,56,,63803,9,,,1,15,,63795,9,,,1,36,,63796,9,,,1,74,,63782,9,,,1,74,,63783,9,,,1,30,,63788,9,,,1,71,,63791,9,,,1,31,,63797,9,,,1,101,,63799,9,,,1,102,,63793,9,,,1,101,,63798,9,,,1,104,,63789,9,,,1
1103,'20262510',550,,63829,9,,,1,100,,63828,9,,,1,98,,63804,9,,,1,68,,63805,9,,,1,29,,63806,9,,,1,69,,63807,9,,,1,29,,63808,9,,,1,68,,63809,9,,,1,28,,63810,9,,,1,69,,63811,9,,,1,30,,63812,9,,,1,67,,63813,9,,,1,30,,63814,9,,,1,69,,63815,9,,,1,30,,63816,9,,,1,70,,63817,9,,,1,28,,63818,9,,,1,71,,63819,9,,,1,29,,63820,9,,,1,70,,63821,9,,,1,30,,63822,9,,,1,72,,63823,9,,,1,30,,63824,9,,,1,73,,63825,9,,,1,31,,63830,9,,,1,72,,63826,9,,,1,30,,63831,9,,,1,102,,63832,9,,,1,100,,63833,9,,,1,104,,63834,9,,,1,103,,63827,9,,,1
1103,'20262511',550,,63860,9,,,1,100,,63859,9,,,1,98,,63835,9,,,1,68,,63836,9,,,1,29,,63837,9,,,1,69,,63838,9,,,1,29,,63839,9,,,1,68,,63840,9,,,1,28,,63841,9,,,1,69,,63842,9,,,1,30,,63843,9,,,1,67,,63844,9,,,1,30,,63845,9,,,1,69,,63846,9,,,1,30,,63847,9,,,1,70,,63848,9,,,1,28,,63849,9,,,1,71,,63850,9,,,1,29,,63851,9,,,1,70,,63852,9,,,1,30,,63853,9,,,1,72,,63854,9,,,1,30,,63855,9,,,1,73,,63856,9,,,1,31,,63861,9,,,1,72,,63857,9,,,1,30,,63862,9,,,1,102,,63863,9,,,1,100,,63864,9,,,1,104,,63865,9,,,1,103,,63858,9,,,1
1103,'20262610',550,,63895,9,,,1,100,,63866,9,,,1,98,,63867,9,,,1,68,,63868,9,,,1,29,,63869,9,,,1,69,,63870,9,,,1,29,,63871,9,,,1,68,,63873,9,,,1,28,,63874,9,,,1,69,,63875,9,,,1,30,,63872,9,,,1,67,,63876,9,,,1,30,,63877,9,,,1,69,,63878,9,,,1,30,,63879,9,,,1,70,,63880,9,,,1,28,,63881,9,,,1,71,,63882,9,,,1,29,,63883,9,,,1,70,,63884,9,,,1,30,,63885,9,,,1,72,,63886,9,,,1,30,,63887,9,,,1,73,,63888,9,,,1,31,,63889,9,,,1,72,,63896,9,,,1,30,,63890,9,,,1,102,,63891,9,,,1,100,,63892,9,,,1,104,,63893,9,,,1,103,,63894,9,,,1
1103,'20262611',550,,63926,9,,,1,100,,63897,9,,,1,98,,63898,9,,,1,68,,63899,9,,,1,29,,63900,9,,,1,69,,63901,9,,,1,29,,63902,9,,,1,68,,63904,9,,,1,28,,63905,9,,,1,69,,63906,9,,,1,30,,63903,9,,,1,67,,63907,9,,,1,30,,63908,9,,,1,69,,63909,9,,,1,30,,63910,9,,,1,70,,63911,9,,,1,28,,63912,9,,,1,71,,63913,9,,,1,29,,63914,9,,,1,70,,63915,9,,,1,30,,63916,9,,,1,72,,63917,9,,,1,30,,63918,9,,,1,73,,63919,9,,,1,31,,63920,9,,,1,72,,63927,9,,,1,30,,63921,9,,,1,102,,63922,9,,,1,100,,63923,9,,,1,104,,63924,9,,,1,103,,63925,9,,,1
5401,'20262010',601,,67158,58,,,1,107,,67157,58,,,1,41,,67154,58,,,1,72,,67152,58,,,1
5401,'20262011',601,,67189,58,,,1,107,,67188,58,,,1,41,,67185,58,,,1,72,,67183,58,,,1
29001,'20262010',718,,73194,38,4,,0,38,,73192,38,4,,0,76,,73193,38,4,,0,22,,73195,38,4,,0
29001,'20262011',718,,73198,38,4,,0,38,,73196,38,4,,0,76,,73197,38,4,,0,22,,73199,38,4,,0
