3100,'20262010',1527,,82789,26,,,0,980,,82803,26,,,0
3100,'20262510',2506,,82813,26,,,0
3100,'20262610',2506,,82823,26,,,0
3101,'20262010',617,,82824,4,,,0,30,,82825,4,,,0,84,,82826,4,,,0,71,,82827,4,,,0,29,,82828,4,,,0,79,,82829,4,,,0,96,,82830,4,,,0,99,,82831,4,,,0,100,,82832,4,,,0,101,,82833,4,,,0,99,,82834,4,,,0,101,,82835,4,,,0,105,,82836,4,,,0,45,,82844,4,,,0,67,,82837,4,,,0,28,,82846,4,,,0,67,,82838,4,,,0,26,,82845,4,,,0,69,,82839,4,,,0,29,,82847,4,,,0,76,,82840,4,,,0,95,,82841,4,,,0,100,,82842,4,,,0,100,,82843,4,,,0
3101,'20262510',555,,82856,4,,,0,194,,82848,4,,,0,202,,82849,4,,,0,200,,82850,4,,,0,200,,82851,4,,,0,199,,82852,4,,,0,198,,82853,4,,,0,206,,82854,4,,,0,202,,82855,4,,,0,198,,82857,4,,,0
3101,'20262610',555,,82866,4,,,0,194,,82858,4,,,0,202,,82859,4,,,0,200,,82860,4,,,0,200,,82861,4,,,0,199,,82862,4,,,0,198,,82863,4,,,0,206,,82864,4,,,0,202,,82865,4,,,0,198,,82867,4,,,0
3200,'20263010',723,,93466,35,0,21,0,30,,93467,35,0,21,0,67,,93451,35,0,21,0,121,,93452,29,0,21,0,195,,93453,29,0,21,0,200,,93454,29,0,21,0,179,,93455,29,0,21,0,37,,93456,29,0,21,0,150,,93465,29,0,21,0,23,,93457,29,0,21,0,25,,93458,29,0,21,0,68,,93459,29,0,21,0,29,,93460,29,0,21,0,69,,93461,29,0,21,0,124,,93462,29,0,21,0,200,,93463,29,0,21,0,198,,93464,29,0,21,0
3200,'20263510',844,,93468,29,0,21,0,200,,93469,29,0,21,0,203,,93470,29,0,21,0,202,,93471,29,0,21,0,200,,93472,29,0,21,0,197,,93473,29,0,21,0,198,,93474,29,0,21,0,200,,93475,29,0,21,0,97,,93476,29,0,21,0
3200,'20263511',844,,93477,29,0,21,0,200,,93478,29,0,21,0,203,,93479,29,0,21,0,202,,93480,29,0,21,0,200,,93481,29,0,21,0,197,,93482,29,0,21,0,198,,93483,29,0,21,0,200,,93484,29,0,21,0,97,,93485,29,0,21,0
3200,'20263610',844,,93486,29,0,21,0,200,,93487,29,0,21,0,203,,93488,29,0,21,0,202,,93489,29,0,21,0,200,,93490,29,0,21,0,197,,93491,29,0,21,0,198,,93492,29,0,21,0,200,,93493,29,0,21,0,97,,93494,29,0,21,0
3200,'20263611',844,,93495,29,0,21,0,200,,93496,29,0,21,0,203,,93497,29,0,21,0,202,,93498,29,0,21,0,200,,93499,29,0,21,0,197,,93500,29,0,21,0,198,,93501,29,0,21,0,200,,93502,29,0,21,0,97,,93503,29,0,21,0
93100,'20262010',2616,,90471,59,,,0,125,,90472,80,,,0
93100,'20262510',2616,,90473,59,,,0,125,,90474,80,,,0
93100,'20263010',2615,,106086,58,,,0,125,,106087,79,,,0
93100,'20263510',2615,,106088,58,,,0,125,,106089,79,,,0
93100,'20263511',2615,,106090,58,,,0,125,,106091,79,,,0
