1102,'20262010',615,,63529,23,,,1,31,,63536,23,,,1,60,,63527,23,,,1,22,,63525,23,,,1,23,,63526,23,,,1,69,,63537,23,,,1,30,,63532,23,,,1,98,,63533,23,,,1,100,,63556,23,,,1,100,,63553,23,,,1,101,,63540,23,,,1,101,,63554,23,,,1,100,,63547,23,,,1,102,,63558,23,,,1,69,,63542,23,,,1,29,,63539,23,,,1,100,,63552,23,,,1,95,,63561,23,,,1,99,,63545,23,,,1,100,,63549,23,,,1,100,,63560,23,,,1,100,,63546,23,,,1,99,,63562,23,,,1
1102,'20262011',615,,63568,23,,,1,31,,63575,23,,,1,60,,63566,23,,,1,22,,63564,23,,,1,23,,63565,23,,,1,69,,63576,23,,,1,30,,63571,23,,,1,98,,63572,23,,,1,100,,63595,23,,,1,100,,63592,23,,,1,101,,63579,23,,,1,101,,63593,23,,,1,100,,63586,23,,,1,102,,63597,23,,,1,69,,63581,23,,,1,29,,63578,23,,,1,100,,63591,23,,,1,95,,63600,23,,,1,99,,63584,23,,,1,100,,63588,23,,,1,100,,63599,23,,,1,100,,63585,23,,,1,99,,63601,23,,,1
1102,'20262510',549,,63603,23,,,1,99,,63604,23,,,1,100,,63605,23,,,1,70,,63606,23,,,1,30,,63607,23,,,1,70,,63608,23,,,1,30,,63609,23,,,1,70,,63610,23,,,1,31,,63611,23,,,1,70,,63612,23,,,1,30,,63613,23,,,1,70,,63614,23,,,1,30,,63615,23,,,1,70,,63616,23,,,1,30,,63617,23,,,1,70,,63618,23,,,1,30,,63619,23,,,1,70,,63620,23,,,1,29,,63621,23,,,1,71,,63622,23,,,1,30,,63623,23,,,1,70,,63624,23,,,1,30,,63625,23,,,1,70,,63631,23,,,1,30,,63626,23,,,1,70,,63630,23,,,1,30,,63627,23,,,1,100,,63628,23,,,1,100,,63629,23,,,1,100,,63602,23,,,1,98,,63632,23,,,1
1102,'20262511',549,,63634,23,,,1,99,,63635,23,,,1,100,,63636,23,,,1,70,,63637,23,,,1,30,,63638,23,,,1,70,,63639,23,,,1,30,,63640,23,,,1,70,,63641,23,,,1,31,,63642,23,,,1,70,,63643,23,,,1,30,,63644,23,,,1,70,,63645,23,,,1,30,,63646,23,,,1,70,,63647,23,,,1,30,,63648,23,,,1,70,,63649,23,,,1,30,,63650,23,,,1,70,,63651,23,,,1,29,,63652,23,,,1,71,,63653,23,,,1,30,,63654,23,,,1,70,,63655,23,,,1,30,,63656,23,,,1,70,,63662,23,,,1,30,,63657,23,,,1,70,,63661,23,,,1,30,,63658,23,,,1,100,,63659,23,,,1,100,,63660,23,,,1,100,,63633,23,,,1,98,,63663,23,,,1
1102,'20262610',549,,63665,23,,,1,99,,63666,23,,,1,100,,63667,23,,,1,70,,63668,23,,,1,30,,63669,23,,,1,70,,63670,23,,,1,30,,63671,23,,,1,70,,63672,23,,,1,31,,63673,23,,,1,70,,63674,23,,,1,30,,63675,23,,,1,70,,63676,23,,,1,30,,63677,23,,,1,70,,63678,23,,,1,30,,63679,23,,,1,70,,63680,23,,,1,30,,63681,23,,,1,70,,63682,23,,,1,29,,63683,23,,,1,71,,63684,23,,,1,30,,63685,23,,,1,70,,63686,23,,,1,30,,63687,23,,,1,70,,63688,23,,,1,30,,63690,23,,,1,70,,63689,23,,,1,30,,63691,23,,,1,100,,63692,23,,,1,100,,63693,23,,,1,100,,63694,23,,,1,98,,63664,23,,,1
1102,'20262611',549,,63696,23,,,1,99,,63697,23,,,1,100,,63698,23,,,1,70,,63699,23,,,1,30,,63700,23,,,1,70,,63701,23,,,1,30,,63702,23,,,1,70,,63703,23,,,1,31,,63704,23,,,1,70,,63705,23,,,1,30,,63706,23,,,1,70,,63707,23,,,1,30,,63708,23,,,1,70,,63709,23,,,1,30,,63710,23,,,1,70,,63711,23,,,1,30,,63712,23,,,1,70,,63713,23,,,1,29,,63714,23,,,1,71,,63715,23,,,1,30,,63716,23,,,1,70,,63717,23,,,1,30,,63718,23,,,1,70,,63719,23,,,1,30,,63721,23,,,1,70,,63720,23,,,1,30,,63722,23,,,1,100,,63723,23,,,1,100,,63724,23,,,1,100,,63725,23,,,1,98,,63695,23,,,1
1202,'20262010',642,,63946,21,,,0,71,,63928,21,,,0,31,,63929,21,,,0,73,,63930,21,,,0,30,,63931,21,,,0,100,,63932,21,,,0,98,,63933,21,,,0,100,,63934,21,,,0,100,,63935,21,,,0,99,,63936,21,,,0,99,,63937,21,,,0,100,,63938,21,,,0,104,,63939,21,,,0,106,,63940,21,,,0,93,,63941,21,,,0,98,,63942,21,,,0,100,,63943,21,,,0,99,,63944,21,,,0,99,,63945,21,,,0
1202,'20262011',642,,63965,21,,,0,71,,63947,21,,,0,31,,63948,21,,,0,73,,63949,21,,,0,30,,63950,21,,,0,100,,63951,21,,,0,98,,63952,21,,,0,100,,63953,21,,,0,100,,63954,21,,,0,99,,63955,21,,,0,99,,63956,21,,,0,100,,63957,21,,,0,104,,63958,21,,,0,106,,63959,21,,,0,93,,63960,21,,,0,98,,63961,21,,,0,100,,63962,21,,,0,99,,63963,21,,,0,99,,63964,21,,,0
1202,'20262510',820,,63966,21,,,0,101,,63967,21,,,0,102,,63968,21,,,0,100,,63975,21,,,0,102,,63976,21,,,0,102,,63977,21,,,0,100,,63978,21,,,0,100,,63979,21,,,0,100,,63980,21,,,0,99,,63981,21,,,0,98,,63969,21,,,0,98,,63970,21,,,0,99,,63971,21,,,0,99,,63972,21,,,0,100,,63973,21,,,0,100,,63974,21,,,0
1202,'20262511',820,,63982,21,,,0,101,,63983,21,,,0,102,,63984,21,,,0,100,,63991,21,,,0,102,,63992,21,,,0,102,,63993,21,,,0,100,,63994,21,,,0,100,,63995,21,,,0,100,,63996,21,,,0,99,,63997,21,,,0,98,,63985,21,,,0,98,,63986,21,,,0,99,,63987,21,,,0,99,,63988,21,,,0,100,,63989,21,,,0,100,,63990,21,,,0
1202,'20262610',820,,63998,21,,,0,101,,63999,21,,,0,102,,64000,21,,,0,100,,64001,21,,,0,102,,64002,21,,,0,102,,64003,21,,,0,100,,64004,21,,,0,100,,64005,21,,,0,100,,64006,21,,,0,99,,64007,21,,,0,98,,64008,21,,,0,98,,64009,21,,,0,99,,64010,21,,,0,99,,64011,21,,,0,100,,64012,21,,,0,100,,64013,21,,,0
1202,'20262611',820,,64014,21,,,0,101,,64015,21,,,0,102,,64016,21,,,0,100,,64017,21,,,0,102,,64018,21,,,0,102,,64019,21,,,0,100,,64020,21,,,0,100,,64021,21,,,0,100,,64022,21,,,0,99,,64023,21,,,0,98,,64024,21,,,0,98,,64025,21,,,0,99,,64026,21,,,0,99,,64027,21,,,0,100,,64028,21,,,0,100,,64029,21,,,0
7600,'20262010',516,,69654,3,,,1,95,,69655,3,,,1,95,,69656,3,,,1,35,,69657,3,,,1,70,,69678,3,,,1,32,,69658,3,,,1,73,,69659,3,,,1,96,,69660,3,,,1,99,,69661,3,,,1,97,,69662,3,,,1,32,,69663,3,,,1,66,,69664,3,,,1,31,,69665,3,,,1,100,,69666,3,,,1,93,,69667,3,,,1,74,,69668,3,,,1,38,,69669,3,,,1,82,,69670,3,,,1,30,,69671,3,,,1,65,,69672,3,,,1,94,,69673,3,,,1,103,,69674,3,,,1,98,,69675,3,,,1,97,,69676,3,,,1,99,,69677,3,,,1
7600,'20262011',516,,69679,3,,,1,95,,69680,3,,,1,95,,69681,3,,,1,35,,69682,3,,,1,70,,69703,3,,,1,32,,69683,3,,,1,73,,69684,3,,,1,96,,69685,3,,,1,99,,69686,3,,,1,97,,69687,3,,,1,32,,69688,3,,,1,66,,69689,3,,,1,31,,69690,3,,,1,100,,69691,3,,,1,93,,69692,3,,,1,74,,69693,3,,,1,38,,69694,3,,,1,82,,69695,3,,,1,30,,69696,3,,,1,65,,69697,3,,,1,94,,69698,3,,,1,103,,69699,3,,,1,98,,69700,3,,,1,97,,69701,3,,,1,99,,69702,3,,,1
7600,'20262510',552,,69720,3,,,1,69,,69723,3,,,1,30,,69729,3,,,1,68,,69722,3,,,1,33,,69704,3,,,1,70,,69724,3,,,1,31,,69705,3,,,1,101,,69706,3,,,1,103,,69707,3,,,1,100,,69708,3,,,1,64,,69725,3,,,1,80,,69709,3,,,1,30,,69726,3,,,1,16,,69710,3,,,1,155,,69711,3,,,1,102,,69712,3,,,1,29,,69727,3,,,1,70,,69713,3,,,1,31,,69728,3,,,1,68,,69714,3,,,1,27,,69721,3,,,1,29,,69715,3,,,1,98,,69716,3,,,1,97,,69717,3,,,1,100,,69718,3,,,1,99,,69719,3,,,1
7600,'20262511',552,,69746,3,,,1,69,,69749,3,,,1,30,,69755,3,,,1,68,,69748,3,,,1,33,,69730,3,,,1,70,,69750,3,,,1,31,,69731,3,,,1,101,,69732,3,,,1,103,,69733,3,,,1,100,,69734,3,,,1,64,,69751,3,,,1,80,,69735,3,,,1,30,,69752,3,,,1,16,,69736,3,,,1,155,,69737,3,,,1,102,,69738,3,,,1,29,,69753,3,,,1,70,,69739,3,,,1,31,,69754,3,,,1,68,,69740,3,,,1,27,,69747,3,,,1,29,,69741,3,,,1,98,,69742,3,,,1,97,,69743,3,,,1,100,,69744,3,,,1,99,,69745,3,,,1
7600,'20262610',552,,69773,3,,,1,69,,69774,3,,,1,30,,69756,3,,,1,68,,69775,3,,,1,33,,69757,3,,,1,70,,69776,3,,,1,31,,69758,3,,,1,101,,69759,3,,,1,103,,69760,3,,,1,100,,69761,3,,,1,64,,69777,3,,,1,80,,69762,3,,,1,30,,69778,3,,,1,16,,69763,3,,,1,155,,69764,3,,,1,102,,69765,3,,,1,29,,69779,3,,,1,70,,69766,3,,,1,31,,69780,3,,,1,68,,69767,3,,,1,27,,69781,3,,,1,29,,69768,3,,,1,98,,69769,3,,,1,97,,69770,3,,,1,100,,69771,3,,,1,99,,69772,3,,,1
7600,'20262611',552,,69799,3,,,1,69,,69800,3,,,1,30,,69782,3,,,1,68,,69801,3,,,1,33,,69783,3,,,1,70,,69802,3,,,1,31,,69784,3,,,1,101,,69785,3,,,1,103,,69786,3,,,1,100,,69787,3,,,1,64,,69803,3,,,1,80,,69788,3,,,1,30,,69804,3,,,1,16,,69789,3,,,1,155,,69790,3,,,1,102,,69791,3,,,1,29,,69805,3,,,1,70,,69792,3,,,1,31,,69806,3,,,1,68,,69793,3,,,1,27,,69807,3,,,1,29,,69794,3,,,1,98,,69795,3,,,1,97,,69796,3,,,1,100,,69797,3,,,1,99,,69798,3,,,1
