13600,'20262011',1540,,72722,3,,,0,70,,72723,3,,,0,14,,72724,3,,,0,16,,72725,3,,,0,70,,72726,3,,,0,30,,72727,3,,,0
23600,'20262011',1540,,72798,3,,,0,70,,72799,3,,,0,15,,72800,3,,,0,15,,72801,3,,,0,69,,72802,3,,,0,30,,72803,3,,,0
23800,'20262011',1540,,72818,3,,,0,70,,72819,3,,,0,43,,72821,3,,,0,86,,72820,3,,,0
25000,'20262011',1512,,72853,3,,,0,30,,72854,3,,,0,16,,72855,3,,,0,54,,72856,3,,,0,30,,72857,3,,,0,70,,72858,3,,,0,30,,72859,3,,,0
25100,'20262011',1542,,72874,3,,,0,70,,72875,3,,,0,30,,72876,3,,,0,70,,72877,3,,,0
25300,'20262011',1542,,72888,3,,,0,70,,72889,3,,,0,30,,72890,3,,,0,70,,72891,3,,,0
25400,'20262011',1512,,72905,3,,,0,31,,72906,3,,,0,70,,72907,3,,,0,30,,72908,3,,,0,99,,72909,3,,,0
25500,'20262011',1545,,72924,3,,,0,71,,72925,3,,,0,30,,72926,3,,,0,69,,72927,3,,,0
25700,'20262011',1546,,72940,3,,,0,70,,72941,3,,,0,30,,72942,3,,,0,69,,72943,3,,,0
25800,'20262011',1546,,72954,3,,,0,70,,72955,3,,,0,30,,72956,3,,,0,70,,72957,3,,,0
41000,'20262011',2100,,73398,2,,,0,15,,73388,2,,,0,15,,73393,2,,,0,15,,73399,2,,,0,55,,73389,2,,,0,15,,73394,2,,,0,15,,73400,2,,,0,15,,73390,2,,,0,55,,73395,2,,,0,15,,73401,2,,,0,15,,73391,2,,,0,15,,73396,2,,,0,55,,73402,2,,,0,15,,73392,2,,,0,15,,73397,2,,,0,15,,73403,2,,,0
41000,'20262511',2100,,73414,2,,,0,15,,73404,2,,,0,15,,73409,2,,,0,15,,73415,2,,,0,55,,73405,2,,,0,15,,73410,2,,,0,15,,73416,2,,,0,15,,73406,2,,,0,55,,73411,2,,,0,15,,73417,2,,,0,15,,73407,2,,,0,15,,73412,2,,,0,55,,73418,2,,,0,15,,73408,2,,,0,15,,73413,2,,,0,15,,73419,2,,,0
41000,'20262611',2100,,73430,2,,,0,15,,73420,2,,,0,15,,73425,2,,,0,15,,73431,2,,,0,55,,73421,2,,,0,15,,73426,2,,,0,15,,73432,2,,,0,15,,73422,2,,,0,55,,73427,2,,,0,15,,73433,2,,,0,15,,73423,2,,,0,15,,73428,2,,,0,55,,73434,2,,,0,15,,73424,2,,,0,15,,73429,2,,,0,15,,73435,2,,,0
80002,'20262011',548,,74189,3,,,1,56,,74103,3,,,1,10,,74104,3,,,1,9,,74105,3,,,1,10,,74106,3,,,1,9,,74107,3,,,1,9,,74108,3,,,1,49,,74109,3,,,1,11,,74190,3,,,1,10,,74110,3,,,1,10,,74193,3,,,1,11,,74111,3,,,1,9,,74112,3,,,1,8,,74113,3,,,1,50,,74114,3,,,1,11,,74115,3,,,1,11,,74116,3,,,1,10,,74117,3,,,1,9,,74118,3,,,1,51,,74119,3,,,1,10,,74120,3,,,1,14,,74121,3,,,1,15,,74122,3,,,1,16,,74123,3,,,1,55,,74124,3,,,1,15,,74125,3,,,1,15,,74126,3,,,1,14,,74127,3,,,1,55,,74128,3,,,1,16,,74129,3,,,1,16,,74130,3,,,1,15,,74131,3,,,1,54,,74132,3,,,1,14,,74133,3,,,1,15,,74134,3,,,1,17,,74135,3,,,1,55,,74136,3,,,1,17,,74137,3,,,1,16,,74138,3,,,1,55,,74139,3,,,1,16,,74140,3,,,1,15,,74141,3,,,1,11,,74142,3,,,1,12,,74143,3,,,1,53,,74144,3,,,1,9,,74145,3,,,1,11,,74146,3,,,1,11,,74147,3,,,1,10,,74149,3,,,1,10,,74148,3,,,1,51,,74191,3,,,1,11,,74150,3,,,1,10,,74151,3,,,1,9,,74152,3,,,1,12,,74153,3,,,1,49,,74154,3,,,1,8,,74155,3,,,1,10,,74156,3,,,1,12,,74157,3,,,1,11,,74194,3,,,1,10,,74158,3,,,1,50,,74159,3,,,1,10,,74160,3,,,1,16,,74161,3,,,1,13,,74162,3,,,1,15,,74163,3,,,1,55,,74164,3,,,1,16,,74165,3,,,1,15,,74166,3,,,1,15,,74167,3,,,1,55,,74168,3,,,1,15,,74169,3,,,1,15,,74170,3,,,1,15,,74171,3,,,1,53,,74172,3,,,1,15,,74173,3,,,1,16,,74174,3,,,1,14,,74175,3,,,1,56,,74176,3,,,1,16,,74177,3,,,1,16,,74178,3,,,1,16,,74179,3,,,1,56,,74180,3,,,1,16,,74181,3,,,1,16,,74182,3,,,1,55,,74183,3,,,1,16,,74184,3,,,1,15,,74185,3,,,1,14,,74186,3,,,1,56,,74187,3,,,1,16,,74188,3,,,1,17,,74192,3,,,1,13,,74195,3,,,1
80002,'20262511',604,,74355,3,,,1,10,,74277,3,,,1,15,,74278,3,,,1,15,,74279,3,,,1,15,,74280,3,,,1,55,,74281,3,,,1,15,,74282,3,,,1,13,,74283,3,,,1,15,,74284,3,,,1,55,,74285,3,,,1,15,,74286,3,,,1,14,,74287,3,,,1,15,,74288,3,,,1,54,,74289,3,,,1,15,,74290,3,,,1,15,,74291,3,,,1,15,,74292,3,,,1,54,,74293,3,,,1,14,,74294,3,,,1,16,,74295,3,,,1,15,,74296,3,,,1,57,,74297,3,,,1,16,,74298,3,,,1,15,,74299,3,,,1,15,,74300,3,,,1,55,,74301,3,,,1,16,,74302,3,,,1,16,,74303,3,,,1,13,,74304,3,,,1,55,,74305,3,,,1,16,,74306,3,,,1,15,,74307,3,,,1,15,,74308,3,,,1,55,,74309,3,,,1,16,,74347,3,,,1,15,,74349,3,,,1,15,,74310,3,,,1,55,,74311,3,,,1,14,,74312,3,,,1,11,,74313,3,,,1,13,,74314,3,,,1,52,,74315,3,,,1,14,,74316,3,,,1,13,,74317,3,,,1,13,,74319,3,,,1,14,,74320,3,,,1,52,,74321,3,,,1,12,,74318,3,,,1,13,,74322,3,,,1,14,,74353,3,,,1,53,,74354,3,,,1,14,,74323,3,,,1,15,,74324,3,,,1,15,,74325,3,,,1,54,,74326,3,,,1,12,,74327,3,,,1,13,,74328,3,,,1,15,,74330,3,,,1,15,,74331,3,,,1,56,,74329,3,,,1,15,,74333,3,,,1,15,,74334,3,,,1,17,,74332,3,,,1,55,,74335,3,,,1,15,,74337,3,,,1,15,,74338,3,,,1,15,,74339,3,,,1,55,,74340,3,,,1,16,,74341,3,,,1,15,,74342,3,,,1,14,,74336,3,,,1,56,,74343,3,,,1,16,,74344,3,,,1,15,,74345,3,,,1,56,,74346,3,,,1,17,,74351,3,,,1,18,,74350,3,,,1,14,,74348,3,,,1,55,,74352,3,,,1,15,,74356,3,,,1,15,,74357,3,,,1
80002,'20262611',604,,74517,3,,,1,10,,74487,3,,,1,15,,74484,3,,,1,15,,74488,3,,,1,15,,74478,3,,,1,55,,74473,3,,,1,15,,74485,3,,,1,13,,74479,3,,,1,15,,74486,3,,,1,55,,74471,3,,,1,15,,74489,3,,,1,14,,74481,3,,,1,15,,74482,3,,,1,54,,74475,3,,,1,15,,74472,3,,,1,15,,74476,3,,,1,15,,74477,3,,,1,54,,74474,3,,,1,14,,74483,3,,,1,16,,74480,3,,,1,15,,74498,3,,,1,57,,74509,3,,,1,16,,74510,3,,,1,15,,74500,3,,,1,15,,74511,3,,,1,55,,74499,3,,,1,16,,74507,3,,,1,16,,74508,3,,,1,13,,74501,3,,,1,55,,74502,3,,,1,16,,74503,3,,,1,15,,74504,3,,,1,15,,74505,3,,,1,55,,74506,3,,,1,16,,74460,3,,,1,15,,74462,3,,,1,15,,74465,3,,,1,55,,74467,3,,,1,14,,74470,3,,,1,11,,74466,3,,,1,13,,74464,3,,,1,52,,74468,3,,,1,14,,74469,3,,,1,13,,74463,3,,,1,13,,74456,3,,,1,14,,74458,3,,,1,52,,74452,3,,,1,12,,74442,3,,,1,13,,74457,3,,,1,14,,74516,3,,,1,53,,74518,3,,,1,14,,74451,3,,,1,15,,74453,3,,,1,15,,74454,3,,,1,54,,74445,3,,,1,12,,74455,3,,,1,13,,74439,3,,,1,15,,74443,3,,,1,15,,74459,3,,,1,56,,74450,3,,,1,15,,74447,3,,,1,15,,74446,3,,,1,17,,74440,3,,,1,55,,74441,3,,,1,15,,74448,3,,,1,15,,74449,3,,,1,15,,74493,3,,,1,55,,74496,3,,,1,16,,74491,3,,,1,15,,74492,3,,,1,14,,74444,3,,,1,56,,74495,3,,,1,16,,74497,3,,,1,15,,74494,3,,,1,56,,74490,3,,,1,17,,74514,3,,,1,18,,74513,3,,,1,14,,74461,3,,,1,55,,74512,3,,,1,15,,74515,3,,,1,15,,74519,3,,,1
80102,'20262011',548,,75193,3,,,1,52,,75197,3,,,1,14,,75105,3,,,1,9,,75106,3,,,1,9,,75107,3,,,1,10,,75108,3,,,1,10,,75109,3,,,1,48,,75110,3,,,1,10,,75111,3,,,1,11,,75112,3,,,1,8,,75113,3,,,1,9,,75114,3,,,1,9,,75195,3,,,1,10,,75115,3,,,1,49,,75116,3,,,1,8,,75117,3,,,1,9,,75118,3,,,1,9,,75119,3,,,1,10,,75120,3,,,1,12,,75121,3,,,1,55,,75122,3,,,1,16,,75123,3,,,1,15,,75124,3,,,1,16,,75125,3,,,1,55,,75126,3,,,1,15,,75127,3,,,1,15,,75128,3,,,1,14,,75129,3,,,1,54,,75130,3,,,1,15,,75131,3,,,1,14,,75132,3,,,1,15,,75133,3,,,1,53,,75134,3,,,1,15,,75135,3,,,1,15,,75137,3,,,1,16,,75138,3,,,1,54,,75140,3,,,1,14,,75136,3,,,1,16,,75141,3,,,1,16,,75142,3,,,1,55,,75139,3,,,1,16,,75143,3,,,1,13,,75144,3,,,1,10,,75146,3,,,1,9,,75147,3,,,1,48,,75148,3,,,1,9,,75145,3,,,1,9,,75149,3,,,1,9,,75150,3,,,1,9,,75152,3,,,1,9,,75153,3,,,1,9,,75154,3,,,1,49,,75151,3,,,1,9,,75155,3,,,1,9,,75156,3,,,1,9,,75157,3,,,1,9,,75158,3,,,1,9,,75159,3,,,1,50,,75160,3,,,1,10,,75161,3,,,1,11,,75162,3,,,1,12,,75198,3,,,1,12,,75163,3,,,1,12,,75164,3,,,1,54,,75165,3,,,1,16,,75166,3,,,1,15,,75167,3,,,1,16,,75169,3,,,1,56,,75170,3,,,1,15,,75171,3,,,1,16,,75168,3,,,1,56,,75172,3,,,1,15,,75175,3,,,1,15,,75176,3,,,1,15,,75177,3,,,1,55,,75174,3,,,1,16,,75178,3,,,1,15,,75173,3,,,1,14,,75179,3,,,1,55,,75180,3,,,1,15,,75181,3,,,1,16,,75182,3,,,1,15,,75183,3,,,1,55,,75184,3,,,1,16,,75185,3,,,1,15,,75186,3,,,1,15,,75187,3,,,1,54,,75188,3,,,1,14,,75189,3,,,1,15,,75190,3,,,1,14,,75191,3,,,1,55,,75192,3,,,1,15,,75194,3,,,1,15,,75196,3,,,1,15,,75199,3,,,1
80102,'20262511',550,,75358,3,,,1,55,,75280,3,,,1,14,,75281,3,,,1,14,,75282,3,,,1,15,,75283,3,,,1,55,,75284,3,,,1,15,,75285,3,,,1,15,,75286,3,,,1,14,,75287,3,,,1,55,,75288,3,,,1,14,,75289,3,,,1,14,,75290,3,,,1,14,,75291,3,,,1,14,,75292,3,,,1,54,,75293,3,,,1,15,,75294,3,,,1,15,,75295,3,,,1,14,,75296,3,,,1,55,,75297,3,,,1,15,,75298,3,,,1,16,,75299,3,,,1,15,,75300,3,,,1,55,,75301,3,,,1,15,,75302,3,,,1,15,,75303,3,,,1,15,,75304,3,,,1,55,,75305,3,,,1,15,,75306,3,,,1,14,,75307,3,,,1,15,,75308,3,,,1,55,,75309,3,,,1,15,,75310,3,,,1,15,,75311,3,,,1,15,,75312,3,,,1,56,,75313,3,,,1,15,,75314,3,,,1,14,,75315,3,,,1,15,,75352,3,,,1,56,,75316,3,,,1,16,,75317,3,,,1,15,,75318,3,,,1,15,,75353,3,,,1,55,,75320,3,,,1,14,,75321,3,,,1,17,,75323,3,,,1,15,,75354,3,,,1,55,,75319,3,,,1,16,,75324,3,,,1,15,,75325,3,,,1,56,,75322,3,,,1,15,,75326,3,,,1,15,,75327,3,,,1,15,,75328,3,,,1,56,,75329,3,,,1,15,,75330,3,,,1,15,,75331,3,,,1,15,,75332,3,,,1,55,,75333,3,,,1,15,,75334,3,,,1,15,,75335,3,,,1,15,,75336,3,,,1,55,,75337,3,,,1,15,,75338,3,,,1,15,,75339,3,,,1,15,,75340,3,,,1,55,,75341,3,,,1,15,,75342,3,,,1,15,,75343,3,,,1,15,,75345,3,,,1,55,,75346,3,,,1,15,,75347,3,,,1,16,,75344,3,,,1,15,,75348,3,,,1,55,,75349,3,,,1,14,,75350,3,,,1,16,,75351,3,,,1,15,,75355,3,,,1,55,,75356,3,,,1,16,,75357,3,,,1,16,,75359,3,,,1
80102,'20262611',550,,75519,3,,,1,55,,75475,3,,,1,14,,75469,3,,,1,14,,75473,3,,,1,15,,75474,3,,,1,55,,75488,3,,,1,15,,75472,3,,,1,15,,75512,3,,,1,14,,75514,3,,,1,55,,75515,3,,,1,14,,75516,3,,,1,14,,75513,3,,,1,14,,75470,3,,,1,14,,75471,3,,,1,54,,75466,3,,,1,15,,75467,3,,,1,15,,75468,3,,,1,14,,75458,3,,,1,55,,75457,3,,,1,15,,75456,3,,,1,16,,75459,3,,,1,15,,75460,3,,,1,55,,75445,3,,,1,15,,75444,3,,,1,15,,75443,3,,,1,15,,75441,3,,,1,55,,75442,3,,,1,15,,75454,3,,,1,14,,75455,3,,,1,15,,75451,3,,,1,55,,75453,3,,,1,15,,75452,3,,,1,15,,75510,3,,,1,15,,75507,3,,,1,56,,75508,3,,,1,15,,75509,3,,,1,14,,75511,3,,,1,15,,75461,3,,,1,56,,75494,3,,,1,16,,75487,3,,,1,15,,75492,3,,,1,15,,75462,3,,,1,55,,75496,3,,,1,14,,75495,3,,,1,17,,75484,3,,,1,15,,75463,3,,,1,55,,75485,3,,,1,16,,75491,3,,,1,15,,75486,3,,,1,56,,75493,3,,,1,15,,75481,3,,,1,15,,75489,3,,,1,15,,75477,3,,,1,56,,75490,3,,,1,15,,75482,3,,,1,15,,75479,3,,,1,15,,75478,3,,,1,55,,75480,3,,,1,15,,75476,3,,,1,15,,75483,3,,,1,15,,75506,3,,,1,55,,75499,3,,,1,15,,75501,3,,,1,15,,75505,3,,,1,15,,75503,3,,,1,55,,75497,3,,,1,15,,75504,3,,,1,15,,75498,3,,,1,15,,75502,3,,,1,55,,75447,3,,,1,15,,75446,3,,,1,16,,75500,3,,,1,15,,75448,3,,,1,55,,75449,3,,,1,14,,75450,3,,,1,16,,75440,3,,,1,15,,75465,3,,,1,55,,75464,3,,,1,16,,75517,3,,,1,16,,75518,3,,,1
80502,'20262011',540,,79033,28,,,0,10,,78902,28,,,0,51,,78903,28,,,0,9,,78904,28,,,0,10,,78905,28,,,0,10,,78906,28,,,0,12,,78907,28,,,0,9,,78908,28,,,0,49,,78909,28,,,0,10,,78910,28,,,0,9,,78911,28,,,0,11,,78912,28,,,0,10,,78913,28,,,0,10,,78914,28,,,0,50,,78915,28,,,0,10,,78917,28,,,0,10,,78918,28,,,0,10,,78919,28,,,0,10,,78916,28,,,0,10,,78920,28,,,0,50,,78921,28,,,0,10,,78922,28,,,0,9,,78923,28,,,0,10,,79012,28,,,0,10,,78924,28,,,0,10,,78925,28,,,0,10,,79013,28,,,0,50,,78926,28,,,0,10,,78927,28,,,0,10,,79014,28,,,0,10,,78928,28,,,0,10,,78929,28,,,0,10,,79015,28,,,0,50,,78930,28,,,0,10,,78931,28,,,0,10,,79016,28,,,0,10,,78932,28,,,0,10,,78933,28,,,0,10,,79017,28,,,0,50,,78934,28,,,0,10,,78935,28,,,0,10,,78936,28,,,0,10,,78938,28,,,0,10,,79018,28,,,0,10,,78939,28,,,0,50,,78940,28,,,0,10,,78937,28,,,0,10,,78941,28,,,0,10,,78942,28,,,0,11,,78943,28,,,0,50,,78945,28,,,0,10,,78944,28,,,0,10,,78946,28,,,0,10,,78947,28,,,0,10,,78948,28,,,0,8,,78949,28,,,0,8,,78950,28,,,0,47,,78951,28,,,0,7,,78952,28,,,0,6,,78953,28,,,0,6,,78954,28,,,0,7,,78955,28,,,0,6,,79011,28,,,0,6,,78956,28,,,0,6,,79005,28,,,0,6,,78957,28,,,0,6,,78960,28,,,0,46,,78961,28,,,0,6,,78962,28,,,0,7,,78963,28,,,0,7,,79009,28,,,0,7,,78959,28,,,0,7,,78958,28,,,0,7,,78964,28,,,0,7,,78965,28,,,0,47,,78966,28,,,0,6,,78967,28,,,0,5,,78968,28,,,0,6,,78969,28,,,0,6,,78970,28,,,0,7,,78971,28,,,0,7,,78972,28,,,0,7,,78973,28,,,0,7,,78974,28,,,0,7,,78975,28,,,0,47,,78976,28,,,0,6,,78977,28,,,0,10,,79019,28,,,0,10,,78978,28,,,0,10,,78979,28,,,0,9,,78980,28,,,0,50,,79020,28,,,0,10,,78982,28,,,0,10,,78983,28,,,0,10,,79021,28,,,0,9,,78984,28,,,0,10,,79022,28,,,0,10,,78981,28,,,0,50,,78985,28,,,0,10,,79023,28,,,0,10,,78986,28,,,0,10,,78987,28,,,0,10,,78988,28,,,0,10,,78989,28,,,0,50,,78990,28,,,0,10,,79024,28,,,0,10,,78991,28,,,0,10,,78992,28,,,0,10,,79025,28,,,0,10,,78993,28,,,0,50,,78994,28,,,0,10,,79026,28,,,0,10,,78995,28,,,0,9,,78996,28,,,0,9,,79027,28,,,0,10,,78997,28,,,0,50,,78998,28,,,0,10,,79028,28,,,0,10,,78999,28,,,0,10,,79008,28,,,0,10,,79029,28,,,0,10,,79000,28,,,0,51,,79001,28,,,0,10,,79030,28,,,0,10,,79006,28,,,0,10,,79002,28,,,0,10,,79031,28,,,0,10,,79003,28,,,0,50,,79004,28,,,0,10,,79032,28,,,0,10,,79007,28,,,0,10,,79010,28,,,0
80502,'20262511',601,,79269,28,,,0,11,,79152,28,,,0,10,,79245,28,,,0,10,,79153,28,,,0,10,,79239,28,,,0,9,,79246,28,,,0,49,,79154,28,,,0,11,,79155,28,,,0,10,,79247,28,,,0,9,,79156,28,,,0,10,,79240,28,,,0,11,,79248,28,,,0,50,,79157,28,,,0,10,,79158,28,,,0,10,,79159,28,,,0,9,,79160,28,,,0,9,,79241,28,,,0,11,,79249,28,,,0,50,,79161,28,,,0,10,,79162,28,,,0,9,,79163,28,,,0,10,,79164,28,,,0,10,,79165,28,,,0,10,,79250,28,,,0,10,,79166,28,,,0,50,,79167,28,,,0,10,,79168,28,,,0,10,,79169,28,,,0,11,,79170,28,,,0,10,,79251,28,,,0,50,,79171,28,,,0,10,,79172,28,,,0,10,,79173,28,,,0,10,,79174,28,,,0,10,,79175,28,,,0,10,,79252,28,,,0,50,,79176,28,,,0,10,,79177,28,,,0,10,,79178,28,,,0,10,,79179,28,,,0,10,,79180,28,,,0,10,,79253,28,,,0,50,,79181,28,,,0,10,,79182,28,,,0,10,,79183,28,,,0,10,,79184,28,,,0,10,,79185,28,,,0,10,,79254,28,,,0,50,,79186,28,,,0,10,,79187,28,,,0,10,,79188,28,,,0,10,,79189,28,,,0,11,,79190,28,,,0,9,,79191,28,,,0,50,,79192,28,,,0,10,,79193,28,,,0,10,,79194,28,,,0,10,,79195,28,,,0,10,,79196,28,,,0,10,,79197,28,,,0,50,,79198,28,,,0,10,,79199,28,,,0,10,,79200,28,,,0,10,,79201,28,,,0,10,,79202,28,,,0,10,,79203,28,,,0,50,,79204,28,,,0,10,,79244,28,,,0,10,,79205,28,,,0,10,,79206,28,,,0,10,,79207,28,,,0,10,,79208,28,,,0,50,,79209,28,,,0,10,,79210,28,,,0,10,,79211,28,,,0,10,,79243,28,,,0,10,,79213,28,,,0,10,,79214,28,,,0,50,,79215,28,,,0,9,,79255,28,,,0,10,,79212,28,,,0,10,,79216,28,,,0,10,,79256,28,,,0,10,,79217,28,,,0,10,,79218,28,,,0,50,,79257,28,,,0,10,,79219,28,,,0,10,,79220,28,,,0,10,,79258,28,,,0,10,,79221,28,,,0,10,,79222,28,,,0,49,,79259,28,,,0,10,,79223,28,,,0,10,,79224,28,,,0,10,,79260,28,,,0,10,,79225,28,,,0,10,,79242,28,,,0,50,,79261,28,,,0,10,,79226,28,,,0,10,,79227,28,,,0,9,,79262,28,,,0,10,,79228,28,,,0,10,,79229,28,,,0,50,,79263,28,,,0,10,,79230,28,,,0,10,,79231,28,,,0,10,,79264,28,,,0,10,,79232,28,,,0,10,,79233,28,,,0,50,,79265,28,,,0,10,,79234,28,,,0,10,,79235,28,,,0,10,,79266,28,,,0,10,,79238,28,,,0,10,,79236,28,,,0,50,,79267,28,,,0,11,,79237,28,,,0,11,,79268,28,,,0
80502,'20262611',601,,79505,28,,,0,11,,79473,28,,,0,10,,79481,28,,,0,10,,79472,28,,,0,10,,79474,28,,,0,9,,79482,28,,,0,49,,79471,28,,,0,11,,79470,28,,,0,10,,79483,28,,,0,9,,79468,28,,,0,10,,79467,28,,,0,11,,79469,28,,,0,50,,79484,28,,,0,10,,79465,28,,,0,10,,79452,28,,,0,9,,79455,28,,,0,9,,79457,28,,,0,11,,79456,28,,,0,50,,79485,28,,,0,10,,79445,28,,,0,9,,79448,28,,,0,10,,79446,28,,,0,10,,79460,28,,,0,10,,79459,28,,,0,10,,79486,28,,,0,50,,79461,28,,,0,10,,79444,28,,,0,10,,79450,28,,,0,11,,79466,28,,,0,10,,79454,28,,,0,50,,79487,28,,,0,10,,79447,28,,,0,10,,79451,28,,,0,10,,79449,28,,,0,10,,79463,28,,,0,10,,79458,28,,,0,50,,79488,28,,,0,10,,79462,28,,,0,10,,79464,28,,,0,10,,79453,28,,,0,10,,79437,28,,,0,10,,79434,28,,,0,50,,79489,28,,,0,10,,79428,28,,,0,10,,79436,28,,,0,10,,79440,28,,,0,10,,79433,28,,,0,10,,79431,28,,,0,50,,79490,28,,,0,10,,79439,28,,,0,10,,79429,28,,,0,10,,79435,28,,,0,11,,79432,28,,,0,9,,79442,28,,,0,50,,79443,28,,,0,10,,79427,28,,,0,10,,79430,28,,,0,10,,79426,28,,,0,10,,79438,28,,,0,10,,79441,28,,,0,50,,79419,28,,,0,10,,79414,28,,,0,10,,79418,28,,,0,10,,79422,28,,,0,10,,79413,28,,,0,10,,79416,28,,,0,50,,79412,28,,,0,10,,79411,28,,,0,10,,79410,28,,,0,10,,79480,28,,,0,10,,79425,28,,,0,10,,79424,28,,,0,50,,79423,28,,,0,10,,79421,28,,,0,10,,79415,28,,,0,10,,79420,28,,,0,10,,79417,28,,,0,10,,79408,28,,,0,50,,79475,28,,,0,9,,79402,28,,,0,10,,79491,28,,,0,10,,79400,28,,,0,10,,79409,28,,,0,10,,79492,28,,,0,10,,79399,28,,,0,50,,79493,28,,,0,10,,79406,28,,,0,10,,79407,28,,,0,10,,79494,28,,,0,10,,79404,28,,,0,10,,79401,28,,,0,49,,79495,28,,,0,10,,79403,28,,,0,10,,79405,28,,,0,10,,79496,28,,,0,10,,79398,28,,,0,10,,79397,28,,,0,50,,79497,28,,,0,10,,79393,28,,,0,10,,79392,28,,,0,9,,79498,28,,,0,10,,79389,28,,,0,10,,79478,28,,,0,50,,79499,28,,,0,10,,79390,28,,,0,10,,79388,28,,,0,10,,79501,28,,,0,10,,79396,28,,,0,10,,79391,28,,,0,50,,79502,28,,,0,10,,79395,28,,,0,10,,79394,28,,,0,10,,79503,28,,,0,10,,79477,28,,,0,10,,79476,28,,,0,50,,79500,28,,,0,11,,79479,28,,,0,11,,79504,28,,,0
93100,'20262011',2532,,81226,1,,,0,125,,81227,22,,,0
93100,'20262511',2532,,81230,1,,,0,125,,81231,22,,,0
95002,'20262011',2530,,81242,1,,,0,170,,81243,1,,,0
95002,'20262511',2530,,81247,1,,,0,170,,81246,1,,,0
