5800,'20262010',705,,67777,10,,,0,102,,67778,10,,,0,30,,67762,10,,,0,70,,67779,10,,,0,36,,67774,10,,,0,103,,67780,10,,,0,100,,67763,10,,,0,100,,67764,10,,,0,100,,67781,10,,,0,101,,67773,10,,,0,70,,67765,10,,,0,24,,67766,10,,,0,69,,67767,10,,,0,31,,67768,10,,,0,78,,67769,10,,,0,29,,67770,10,,,0,69,,67783,10,,,0,30,,67772,10,,,0,99,,67782,10,,,0,101,,67775,10,,,0,99,,67776,10,,,0,100,,67771,10,,,0,98,,67784,10,,,0
5800,'20262011',705,,67800,10,,,0,102,,67801,10,,,0,30,,67785,10,,,0,70,,67802,10,,,0,36,,67797,10,,,0,103,,67803,10,,,0,100,,67786,10,,,0,100,,67787,10,,,0,100,,67804,10,,,0,101,,67796,10,,,0,70,,67788,10,,,0,24,,67789,10,,,0,69,,67790,10,,,0,31,,67791,10,,,0,78,,67792,10,,,0,29,,67793,10,,,0,69,,67806,10,,,0,30,,67795,10,,,0,99,,67805,10,,,0,101,,67798,10,,,0,99,,67799,10,,,0,100,,67794,10,,,0,98,,67807,10,,,0
5800,'20262510',738,,67817,10,,,0,99,,67808,10,,,0,101,,67818,10,,,0,99,,67815,10,,,0,100,,67819,10,,,0,100,,67809,10,,,0,100,,67810,10,,,0,100,,67820,10,,,0,101,,67821,10,,,0,103,,67816,10,,,0,103,,67811,10,,,0,95,,67812,10,,,0,98,,67822,10,,,0,100,,67823,10,,,0,100,,67824,10,,,0,100,,67813,10,,,0,100,,67814,10,,,0
5800,'20262511',738,,67834,10,,,0,99,,67825,10,,,0,101,,67835,10,,,0,99,,67832,10,,,0,100,,67836,10,,,0,100,,67826,10,,,0,100,,67827,10,,,0,100,,67837,10,,,0,101,,67838,10,,,0,103,,67833,10,,,0,103,,67828,10,,,0,95,,67829,10,,,0,98,,67839,10,,,0,100,,67840,10,,,0,100,,67841,10,,,0,100,,67830,10,,,0,100,,67831,10,,,0
5800,'20262610',738,,67855,10,,,0,99,,67853,10,,,0,101,,67849,10,,,0,99,,67852,10,,,0,100,,67857,10,,,0,100,,67844,10,,,0,100,,67842,10,,,0,100,,67856,10,,,0,101,,67846,10,,,0,103,,67843,10,,,0,103,,67850,10,,,0,95,,67854,10,,,0,98,,67848,10,,,0,100,,67847,10,,,0,100,,67858,10,,,0,100,,67851,10,,,0,100,,67845,10,,,0
5800,'20262611',738,,67872,10,,,0,99,,67870,10,,,0,101,,67866,10,,,0,99,,67869,10,,,0,100,,67874,10,,,0,100,,67861,10,,,0,100,,67859,10,,,0,100,,67873,10,,,0,101,,67863,10,,,0,103,,67860,10,,,0,103,,67867,10,,,0,95,,67871,10,,,0,98,,67865,10,,,0,100,,67864,10,,,0,100,,67875,10,,,0,100,,67868,10,,,0,100,,67862,10,,,0
25800,'20262010',1602,,72950,16,4,,0,31,,72951,16,4,,0,69,,72952,16,4,,0,29,,72953,16,4,,0
25800,'20262011',1602,,72954,16,4,,0,31,,72955,16,4,,0,69,,72956,16,4,,0,29,,72957,16,4,,0
55800,'20262010',1655,,73886,11,4,,0,65,,73887,11,4,,0
55800,'20262011',1655,,73888,11,4,,0,65,,73889,11,4,,0
