5800,'20262010',724,,67777,39,4,,0,102,,67778,39,4,,0,30,,67762,39,4,,0,70,,67779,39,4,,0,75,,67774,39,4,,0,103,,67780,39,4,,0,101,,67763,39,4,,0,100,,67764,39,4,,0,100,,67781,39,4,,0,101,,67773,39,4,,0,30,,67765,39,4,,0,65,,67766,39,4,,0,32,,67767,39,4,,0,70,,67768,39,4,,0,35,,67769,39,4,,0,69,,67770,39,4,,0,29,,67783,39,4,,0,70,,67772,39,4,,0,99,,67782,39,4,,0,101,,67775,39,4,,0,99,,67776,39,4,,0,100,,67771,39,4,,0,97,,67784,39,4,,0
5800,'20262011',724,,67800,39,4,,0,102,,67801,39,4,,0,30,,67785,39,4,,0,70,,67802,39,4,,0,75,,67797,39,4,,0,103,,67803,39,4,,0,101,,67786,39,4,,0,100,,67787,39,4,,0,100,,67804,39,4,,0,101,,67796,39,4,,0,30,,67788,39,4,,0,65,,67789,39,4,,0,32,,67790,39,4,,0,70,,67791,39,4,,0,35,,67792,39,4,,0,69,,67793,39,4,,0,29,,67806,39,4,,0,70,,67795,39,4,,0,99,,67805,39,4,,0,101,,67798,39,4,,0,99,,67799,39,4,,0,100,,67794,39,4,,0,97,,67807,39,4,,0
5800,'20262510',755,,67817,39,4,,0,100,,67808,39,4,,0,101,,67818,39,4,,0,100,,67815,39,4,,0,100,,67819,39,4,,0,100,,67809,39,4,,0,100,,67810,39,4,,0,101,,67820,39,4,,0,101,,67821,39,4,,0,143,,67816,39,4,,0,103,,67811,39,4,,0,53,,67812,39,4,,0,98,,67822,39,4,,0,100,,67823,39,4,,0,100,,67824,39,4,,0,100,,67813,39,4,,0,99,,67814,39,4,,0
5800,'20262511',755,,67834,39,4,,0,100,,67825,39,4,,0,101,,67835,39,4,,0,100,,67832,39,4,,0,100,,67836,39,4,,0,100,,67826,39,4,,0,100,,67827,39,4,,0,101,,67837,39,4,,0,101,,67838,39,4,,0,143,,67833,39,4,,0,103,,67828,39,4,,0,53,,67829,39,4,,0,98,,67839,39,4,,0,100,,67840,39,4,,0,100,,67841,39,4,,0,100,,67830,39,4,,0,99,,67831,39,4,,0
5800,'20262610',755,,67855,39,4,,0,100,,67853,39,4,,0,101,,67849,39,4,,0,100,,67852,39,4,,0,100,,67857,39,4,,0,100,,67844,39,4,,0,100,,67842,39,4,,0,101,,67856,39,4,,0,101,,67846,39,4,,0,143,,67843,39,4,,0,103,,67850,39,4,,0,53,,67854,39,4,,0,98,,67848,39,4,,0,100,,67847,39,4,,0,100,,67858,39,4,,0,100,,67851,39,4,,0,99,,67845,39,4,,0
5800,'20262611',755,,67872,39,4,,0,100,,67870,39,4,,0,101,,67866,39,4,,0,100,,67869,39,4,,0,100,,67874,39,4,,0,100,,67861,39,4,,0,100,,67859,39,4,,0,101,,67873,39,4,,0,101,,67863,39,4,,0,143,,67860,39,4,,0,103,,67867,39,4,,0,53,,67871,39,4,,0,98,,67865,39,4,,0,100,,67864,39,4,,0,100,,67875,39,4,,0,100,,67868,39,4,,0,99,,67862,39,4,,0
25800,'20262010',1623,,72950,45,4,,0,31,,72951,45,4,,0,69,,72952,45,4,,0,28,,72953,45,4,,0
25800,'20262011',1623,,72954,45,4,,0,31,,72955,45,4,,0,69,,72956,45,4,,0,28,,72957,45,4,,0
55800,'20262010',1715,,73886,40,4,,0,24,,73887,40,4,,0
55800,'20262011',1715,,73888,40,4,,0,24,,73889,40,4,,0
