5501,'20262010',551,,83794,42,,,0,70,,83795,42,,,0,28,,83784,42,,,0,72,,83802,42,,,0,34,,83780,42,,,0,71,,83781,42,,,0,80,,83796,42,,,0,45,,83782,42,,,0,100,,83783,42,,,0,99,,83785,42,,,0,103,,83798,42,,,0,95,,83799,42,,,0,100,,83803,42,,,0,101,,83804,42,,,0,82,,83786,42,,,0,75,,83800,42,,,0,27,,83787,42,,,0,69,,83801,42,,,0,30,,83788,42,,,0,71,,83789,42,,,0,46,,83790,42,,,0,86,,83791,42,,,0,99,,83792,42,,,0,102,,83793,42,,,0,101,,83797,42,,,0
5501,'20262510',728,,83805,42,,,0,99,,83806,42,,,0,99,,83807,42,,,0,101,,83808,42,,,0,101,,83809,42,,,0,100,,83810,42,,,0,100,,83811,42,,,0,100,,83812,42,,,0,99,,83813,42,,,0,103,,83814,42,,,0,96,,83815,42,,,0,103,,83816,42,,,0,98,,83817,42,,,0,99,,83818,42,,,0,98,,83819,42,,,0,99,,83820,42,,,0,99,,83821,42,,,0
5501,'20262610',728,,83831,42,,,0,99,,83827,42,,,0,99,,83833,42,,,0,101,,83834,42,,,0,101,,83837,42,,,0,100,,83832,42,,,0,100,,83838,42,,,0,100,,83830,42,,,0,99,,83829,42,,,0,103,,83828,42,,,0,96,,83826,42,,,0,103,,83825,42,,,0,98,,83836,42,,,0,99,,83824,42,,,0,98,,83835,42,,,0,99,,83823,42,,,0,99,,83822,42,,,0
5501,'20263010',551,,94947,42,,,0,69,,94948,42,,,0,26,,94937,42,,,0,74,,94955,42,,,0,35,,94933,42,,,0,77,,94934,42,,,0,68,,94949,42,,,0,51,,94935,42,,,0,100,,94936,42,,,0,99,,94938,42,,,0,105,,94951,42,,,0,94,,94952,42,,,0,100,,94956,42,,,0,101,,94957,42,,,0,79,,94939,42,,,0,79,,94953,42,,,0,26,,94940,42,,,0,68,,94954,42,,,0,30,,94941,42,,,0,70,,94942,42,,,0,43,,94943,42,,,0,89,,94944,42,,,0,100,,94945,42,,,0,102,,94946,42,,,0,100,,94950,42,,,0
5501,'20263510',724,,94958,42,,,0,103,,94959,42,,,0,99,,94960,42,,,0,102,,94961,42,,,0,94,,94962,42,,,0,104,,94963,42,,,0,98,,94964,42,,,0,103,,94965,42,,,0,99,,94966,42,,,0,99,,94967,42,,,0,102,,94968,42,,,0,107,,94969,42,,,0,92,,94970,42,,,0,99,,94971,42,,,0,103,,94972,42,,,0,102,,94973,42,,,0,102,,94974,42,,,0
5501,'20263511',724,,94975,42,,,0,103,,94976,42,,,0,99,,94977,42,,,0,102,,94978,42,,,0,94,,94979,42,,,0,104,,94980,42,,,0,98,,94981,42,,,0,103,,94982,42,,,0,99,,94983,42,,,0,99,,94984,42,,,0,102,,94985,42,,,0,107,,94986,42,,,0,92,,94987,42,,,0,99,,94988,42,,,0,103,,94989,42,,,0,102,,94990,42,,,0,102,,94991,42,,,0
5501,'20263610',724,,94994,42,,,0,103,,94992,42,,,0,99,,94995,42,,,0,102,,94996,42,,,0,94,,94993,42,,,0,104,,95005,42,,,0,98,,95000,42,,,0,103,,95001,42,,,0,99,,95007,42,,,0,99,,95002,42,,,0,102,,95008,42,,,0,107,,95004,42,,,0,92,,94999,42,,,0,99,,95006,42,,,0,103,,94998,42,,,0,102,,95003,42,,,0,102,,94997,42,,,0
5501,'20263611',724,,95011,42,,,0,103,,95009,42,,,0,99,,95012,42,,,0,102,,95013,42,,,0,94,,95010,42,,,0,104,,95022,42,,,0,98,,95017,42,,,0,103,,95018,42,,,0,99,,95024,42,,,0,99,,95019,42,,,0,102,,95025,42,,,0,107,,95021,42,,,0,92,,95016,42,,,0,99,,95023,42,,,0,103,,95015,42,,,0,102,,95020,42,,,0,102,,95014,42,,,0
5801,'20262010',621,,84025,36,,,0,30,,84007,36,,,0,70,,84008,36,,,0,31,,84009,36,,,0,73,,84010,36,,,0,30,,84026,36,,,0,68,,84020,36,,,0,106,,84021,36,,,0,103,,84011,36,,,0,101,,84012,36,,,0,100,,84022,36,,,0,100,,84015,36,,,0,100,,84023,36,,,0,100,,84018,36,,,0,102,,84013,36,,,0,101,,84014,36,,,0,98,,84016,36,,,0,99,,84024,36,,,0,101,,84019,36,,,0,100,,84017,36,,,0,98,,84027,36,,,0
5801,'20262510',722,,84028,36,,,0,100,,84029,36,,,0,101,,84036,36,,,0,102,,84034,36,,,0,100,,84037,36,,,0,100,,84030,36,,,0,100,,84031,36,,,0,100,,84038,36,,,0,101,,84035,36,,,0,101,,84039,36,,,0,103,,84040,36,,,0,101,,84032,36,,,0,92,,84033,36,,,0,98,,84041,36,,,0,100,,84042,36,,,0,100,,84043,36,,,0,100,,84044,36,,,0
5801,'20262610',722,,84052,36,,,0,100,,84047,36,,,0,101,,84054,36,,,0,102,,84048,36,,,0,100,,84055,36,,,0,100,,84059,36,,,0,100,,84053,36,,,0,100,,84056,36,,,0,101,,84057,36,,,0,101,,84060,36,,,0,103,,84050,36,,,0,101,,84058,36,,,0,92,,84051,36,,,0,98,,84045,36,,,0,100,,84049,36,,,0,100,,84061,36,,,0,100,,84046,36,,,0
5801,'20263010',623,,95312,36,,,0,31,,95294,36,,,0,69,,95295,36,,,0,31,,95296,36,,,0,71,,95297,36,,,0,32,,95313,36,,,0,68,,95307,36,,,0,106,,95308,36,,,0,101,,95298,36,,,0,101,,95299,36,,,0,100,,95309,36,,,0,100,,95302,36,,,0,100,,95310,36,,,0,106,,95305,36,,,0,97,,95300,36,,,0,99,,95301,36,,,0,98,,95303,36,,,0,100,,95311,36,,,0,101,,95306,36,,,0,97,,95304,36,,,0,98,,95314,36,,,0
5801,'20263510',722,,95315,36,,,0,100,,95316,36,,,0,100,,95323,36,,,0,102,,95321,36,,,0,99,,95324,36,,,0,98,,95317,36,,,0,104,,95318,36,,,0,100,,95325,36,,,0,104,,95322,36,,,0,97,,95326,36,,,0,103,,95327,36,,,0,105,,95319,36,,,0,93,,95320,36,,,0,97,,95328,36,,,0,97,,95329,36,,,0,100,,95330,36,,,0,100,,95331,36,,,0
5801,'20263511',722,,95332,36,,,0,100,,95333,36,,,0,100,,95340,36,,,0,102,,95338,36,,,0,99,,95341,36,,,0,98,,95334,36,,,0,104,,95335,36,,,0,100,,95342,36,,,0,104,,95339,36,,,0,97,,95343,36,,,0,103,,95344,36,,,0,105,,95336,36,,,0,93,,95337,36,,,0,97,,95345,36,,,0,97,,95346,36,,,0,100,,95347,36,,,0,100,,95348,36,,,0
5801,'20263610',722,,95356,36,,,0,100,,95353,36,,,0,100,,95358,36,,,0,102,,95355,36,,,0,99,,95350,36,,,0,98,,95354,36,,,0,104,,95357,36,,,0,100,,95363,36,,,0,104,,95349,36,,,0,97,,95364,36,,,0,103,,95359,36,,,0,105,,95352,36,,,0,93,,95351,36,,,0,97,,95365,36,,,0,97,,95362,36,,,0,100,,95360,36,,,0,100,,95361,36,,,0
5801,'20263611',722,,95373,36,,,0,100,,95370,36,,,0,100,,95375,36,,,0,102,,95372,36,,,0,99,,95367,36,,,0,98,,95371,36,,,0,104,,95374,36,,,0,100,,95380,36,,,0,104,,95366,36,,,0,97,,95381,36,,,0,103,,95376,36,,,0,105,,95369,36,,,0,93,,95368,36,,,0,97,,95382,36,,,0,97,,95379,36,,,0,100,,95377,36,,,0,100,,95378,36,,,0
25001,'20262010',634,,86499,21,,,0,22,,86500,21,,,0,76,,86501,21,,,0,70,,86502,21,,,0,30,,86503,21,,,0
25001,'20263010',628,,99566,21,,,0,24,,99567,21,,,0,64,,99568,21,,,0,29,,99569,21,,,0,77,,99570,21,,,0,2,,99571,21,,,0
25801,'20262010',701,,86548,36,,,0,25,,86549,36,,,0,32,,86550,36,,,0,75,,86551,36,,,0
25801,'20263010',656,,99618,36,,,0,60,,99619,36,,,0,30,,99620,36,,,0,80,,99621,36,,,0
35001,'20263010',634,,99819,35,,,0,17,,99820,35,,,0,72,,99823,35,,,0,34,,99824,35,,,0,155,,99821,35,,,0,200,,99822,35,,,0
55001,'20262010',632,,86790,35,,,0,21,,86789,35,,,0,72,,86791,35,,,0,90,,86792,35,,,0
55001,'20263010',622,,100023,35,,,0,28,,100022,35,,,0,64,,100024,35,,,0,113,,100025,35,,,0
