400,'20262010',719,,63268,31,4,,0,34,,63269,31,4,,0,66,,63270,31,4,,0,31,,63271,31,4,,0,87,,63272,31,4,,0,100,,63273,31,4,,0,101,,63274,31,4,,0,102,,63275,31,4,,0,94,,63276,31,4,,0,104,,63277,31,4,,0,100,,63278,31,4,,0,71,,63279,31,4,,0,27,,63280,31,4,,0,71,,63281,31,4,,0,25,,63282,31,4,,0,69,,63283,31,4,,0,55,,63284,31,4,,0,98,,63285,31,4,,0,100,,63286,31,4,,0,101,,63287,31,4,,0,98,,63288,31,4,,0,99,,63289,31,4,,0
400,'20262011',719,,63290,31,4,,0,34,,63291,31,4,,0,66,,63292,31,4,,0,31,,63293,31,4,,0,87,,63294,31,4,,0,100,,63295,31,4,,0,101,,63296,31,4,,0,102,,63297,31,4,,0,94,,63298,31,4,,0,104,,63299,31,4,,0,100,,63300,31,4,,0,71,,63301,31,4,,0,27,,63302,31,4,,0,71,,63303,31,4,,0,25,,63304,31,4,,0,69,,63305,31,4,,0,55,,63306,31,4,,0,98,,63307,31,4,,0,100,,63308,31,4,,0,101,,63309,31,4,,0,98,,63310,31,4,,0,99,,63311,31,4,,0
400,'20262510',739,,63312,31,4,,0,100,,63313,31,4,,0,99,,63314,31,4,,0,101,,63315,31,4,,0,102,,63316,31,4,,0,99,,63317,31,4,,0,100,,63318,31,4,,0,100,,63319,31,4,,0,101,,63320,31,4,,0,98,,63321,31,4,,0,109,,63322,31,4,,0,94,,63323,31,4,,0,97,,63324,31,4,,0,98,,63325,31,4,,0,99,,63326,31,4,,0,98,,63327,31,4,,0,98,,63328,31,4,,0
400,'20262511',739,,63329,31,4,,0,100,,63330,31,4,,0,99,,63331,31,4,,0,101,,63332,31,4,,0,102,,63333,31,4,,0,99,,63334,31,4,,0,100,,63335,31,4,,0,100,,63336,31,4,,0,101,,63337,31,4,,0,98,,63338,31,4,,0,109,,63339,31,4,,0,94,,63340,31,4,,0,97,,63341,31,4,,0,98,,63342,31,4,,0,99,,63343,31,4,,0,98,,63344,31,4,,0,98,,63345,31,4,,0
400,'20262610',739,,63346,31,4,,0,100,,63347,31,4,,0,99,,63348,31,4,,0,101,,63349,31,4,,0,102,,63350,31,4,,0,99,,63351,31,4,,0,100,,63352,31,4,,0,100,,63353,31,4,,0,101,,63354,31,4,,0,98,,63355,31,4,,0,109,,63356,31,4,,0,94,,63357,31,4,,0,97,,63358,31,4,,0,98,,63359,31,4,,0,99,,63360,31,4,,0,98,,63361,31,4,,0,98,,63362,31,4,,0
400,'20262611',739,,63363,31,4,,0,100,,63364,31,4,,0,99,,63365,31,4,,0,101,,63366,31,4,,0,102,,63367,31,4,,0,99,,63368,31,4,,0,100,,63369,31,4,,0,100,,63370,31,4,,0,101,,63371,31,4,,0,98,,63372,31,4,,0,109,,63373,31,4,,0,94,,63374,31,4,,0,97,,63375,31,4,,0,98,,63376,31,4,,0,99,,63377,31,4,,0,98,,63378,31,4,,0,98,,63379,31,4,,0
401,'20262010',526,,63381,1,,,0,30,,63382,1,,,0,69,,63383,1,,,0,28,,63384,1,,,0,72,,63385,1,,,0,30,,63380,1,,,0,71,,63386,1,,,0,31,,63387,1,,,0,86,,63388,1,,,0,100,,63389,1,,,0,101,,63390,1,,,0,102,,63391,1,,,0,94,,63392,1,,,0,104,,63393,1,,,0,70,,63394,1,,,0,31,,63395,1,,,0,69,,63396,1,,,0,30,,63397,1,,,0,73,,63398,1,,,0,83,,63399,1,,,0,101,,63400,1,,,0,58,,63401,1,,,0,100,,63402,1,,,0,141,,63403,1,,,0,58,,63404,1,,,0,99,,63405,1,,,0
401,'20262011',526,,63407,1,,,0,30,,63408,1,,,0,69,,63409,1,,,0,28,,63410,1,,,0,72,,63411,1,,,0,30,,63406,1,,,0,71,,63412,1,,,0,31,,63413,1,,,0,86,,63414,1,,,0,100,,63415,1,,,0,101,,63416,1,,,0,102,,63417,1,,,0,94,,63418,1,,,0,104,,63419,1,,,0,70,,63420,1,,,0,31,,63421,1,,,0,69,,63422,1,,,0,30,,63423,1,,,0,73,,63424,1,,,0,83,,63425,1,,,0,101,,63426,1,,,0,58,,63427,1,,,0,100,,63428,1,,,0,141,,63429,1,,,0,58,,63430,1,,,0,99,,63431,1,,,0
401,'20262510',648,,63449,1,,,0,94,,63432,1,,,0,100,,63433,1,,,0,100,,63434,1,,,0,101,,63435,1,,,0,100,,63436,1,,,0,101,,63437,1,,,0,100,,63438,1,,,0,100,,63439,1,,,0,101,,63440,1,,,0,98,,63441,1,,,0,104,,63442,1,,,0,99,,63443,1,,,0,97,,63444,1,,,0,98,,63445,1,,,0,99,,63446,1,,,0,98,,63447,1,,,0,98,,63448,1,,,0
401,'20262511',648,,63467,1,,,0,94,,63450,1,,,0,100,,63451,1,,,0,100,,63452,1,,,0,101,,63453,1,,,0,100,,63454,1,,,0,101,,63455,1,,,0,100,,63456,1,,,0,100,,63457,1,,,0,101,,63458,1,,,0,98,,63459,1,,,0,104,,63460,1,,,0,99,,63461,1,,,0,97,,63462,1,,,0,98,,63463,1,,,0,99,,63464,1,,,0,98,,63465,1,,,0,98,,63466,1,,,0
401,'20262610',648,,63485,1,,,0,94,,63468,1,,,0,100,,63469,1,,,0,100,,63470,1,,,0,101,,63471,1,,,0,100,,63472,1,,,0,101,,63473,1,,,0,100,,63474,1,,,0,100,,63475,1,,,0,101,,63476,1,,,0,98,,63477,1,,,0,104,,63478,1,,,0,99,,63479,1,,,0,97,,63480,1,,,0,98,,63481,1,,,0,99,,63482,1,,,0,98,,63483,1,,,0,98,,63484,1,,,0
401,'20262611',648,,63503,1,,,0,94,,63486,1,,,0,100,,63487,1,,,0,100,,63488,1,,,0,101,,63489,1,,,0,100,,63490,1,,,0,101,,63491,1,,,0,100,,63492,1,,,0,100,,63493,1,,,0,101,,63494,1,,,0,98,,63495,1,,,0,104,,63496,1,,,0,99,,63497,1,,,0,97,,63498,1,,,0,98,,63499,1,,,0,99,,63500,1,,,0,98,,63501,1,,,0,98,,63502,1,,,0
