3900,'20262010',727,,83138,21,,,0,100,,83120,21,,,0,100,,83121,21,,,0,100,,83122,21,,,0,100,,83123,21,,,0,100,,83124,21,,,0,100,,83125,21,,,0,100,,83126,21,,,0,100,,83127,21,,,0,29,,83128,21,,,0,68,,83129,21,,,0,32,,83130,21,,,0,70,,83131,21,,,0,101,,83132,21,,,0,100,,83133,21,,,0,100,,83134,21,,,0,100,,83135,21,,,0,100,,83139,21,,,0,100,,83136,21,,,0,101,,83137,21,,,0
3900,'20262510',728,,83151,21,,,0,100,,83154,21,,,0,100,,83140,21,,,0,100,,83155,21,,,0,100,,83141,21,,,0,100,,83142,21,,,0,100,,83143,21,,,0,100,,83144,21,,,0,100,,83145,21,,,0,100,,83146,21,,,0,100,,83147,21,,,0,100,,83148,21,,,0,100,,83152,21,,,0,100,,83149,21,,,0,100,,83153,21,,,0,100,,83150,21,,,0,200,,83156,21,,,0
3900,'20262610',728,,83169,21,,,0,100,,83171,21,,,0,100,,83170,21,,,0,100,,83172,21,,,0,100,,83166,21,,,0,100,,83157,21,,,0,100,,83158,21,,,0,100,,83159,21,,,0,100,,83160,21,,,0,100,,83161,21,,,0,100,,83162,21,,,0,100,,83163,21,,,0,100,,83167,21,,,0,100,,83164,21,,,0,100,,83168,21,,,0,100,,83165,21,,,0,200,,83173,21,,,0
3900,'20263010',726,,93865,21,,,0,100,,93846,21,,,0,31,,93867,21,,,0,70,,93847,21,,,0,100,,93848,21,,,0,100,,93849,21,,,0,100,,93850,21,,,0,100,,93851,21,,,0,100,,93852,21,,,0,99,,93853,21,,,0,30,,93854,21,,,0,67,,93855,21,,,0,31,,93856,21,,,0,72,,93857,21,,,0,31,,93858,21,,,0,70,,93859,21,,,0,100,,93860,21,,,0,100,,93861,21,,,0,100,,93862,21,,,0,100,,93866,21,,,0,101,,93863,21,,,0,100,,93864,21,,,0
3900,'20263510',728,,93879,21,,,0,100,,93882,21,,,0,100,,93868,21,,,0,100,,93883,21,,,0,100,,93869,21,,,0,100,,93870,21,,,0,100,,93871,21,,,0,100,,93872,21,,,0,100,,93873,21,,,0,100,,93874,21,,,0,100,,93875,21,,,0,100,,93876,21,,,0,100,,93880,21,,,0,100,,93877,21,,,0,100,,93881,21,,,0,100,,93878,21,,,0,100,,93885,21,,,0,100,,93884,21,,,0
3900,'20263511',728,,93897,21,,,0,100,,93900,21,,,0,100,,93886,21,,,0,100,,93901,21,,,0,100,,93887,21,,,0,100,,93888,21,,,0,100,,93889,21,,,0,100,,93890,21,,,0,100,,93891,21,,,0,100,,93892,21,,,0,100,,93893,21,,,0,100,,93894,21,,,0,100,,93898,21,,,0,100,,93895,21,,,0,100,,93899,21,,,0,100,,93896,21,,,0,100,,93903,21,,,0,100,,93902,21,,,0
3900,'20263610',728,,93916,21,,,0,100,,93918,21,,,0,100,,93917,21,,,0,100,,93919,21,,,0,100,,93913,21,,,0,100,,93904,21,,,0,100,,93905,21,,,0,100,,93906,21,,,0,100,,93907,21,,,0,100,,93908,21,,,0,100,,93909,21,,,0,100,,93910,21,,,0,100,,93914,21,,,0,100,,93911,21,,,0,100,,93915,21,,,0,100,,93912,21,,,0,100,,93921,21,,,0,100,,93920,21,,,0
3900,'20263611',728,,93934,21,,,0,100,,93936,21,,,0,100,,93935,21,,,0,100,,93937,21,,,0,100,,93931,21,,,0,100,,93922,21,,,0,100,,93923,21,,,0,100,,93924,21,,,0,100,,93925,21,,,0,100,,93926,21,,,0,100,,93927,21,,,0,100,,93928,21,,,0,100,,93932,21,,,0,100,,93929,21,,,0,100,,93933,21,,,0,100,,93930,21,,,0,100,,93939,21,,,0,100,,93938,21,,,0
5200,'20262010',643,,83328,28,,,0,72,,83329,28,,,0,35,,83330,28,,,0,72,,83331,28,,,0,28,,83332,28,,,0,66,,83350,28,,,0,29,,83333,28,,,0,100,,83334,28,,,0,100,,83335,28,,,0,101,,83336,28,,,0,100,,83337,28,,,0,100,,83338,28,,,0,70,,83351,28,,,0,33,,83339,28,,,0,66,,83349,28,,,0,36,,83340,28,,,0,72,,83341,28,,,0,25,,83342,28,,,0,97,,83343,28,,,0,97,,83344,28,,,0,99,,83345,28,,,0,100,,83346,28,,,0,100,,83347,28,,,0,100,,83348,28,,,0
5200,'20262510',741,,83352,28,,,0,100,,83353,28,,,0,100,,83354,28,,,0,100,,83355,28,,,0,101,,83356,28,,,0,102,,83357,28,,,0,105,,83358,28,,,0,95,,83359,28,,,0,96,,83360,28,,,0,104,,83361,28,,,0,100,,83362,28,,,0,98,,83366,28,,,0,99,,83363,28,,,0,99,,83367,28,,,0,100,,83364,28,,,0,100,,83368,28,,,0,100,,83365,28,,,0
5200,'20262610',741,,83380,28,,,0,100,,83381,28,,,0,100,,83379,28,,,0,100,,83369,28,,,0,101,,83370,28,,,0,102,,83371,28,,,0,105,,83372,28,,,0,95,,83373,28,,,0,96,,83374,28,,,0,104,,83375,28,,,0,100,,83382,28,,,0,98,,83376,28,,,0,99,,83383,28,,,0,99,,83377,28,,,0,100,,83384,28,,,0,100,,83378,28,,,0,100,,83385,28,,,0
5200,'20263010',647,,94201,28,,,0,72,,94202,28,,,0,33,,94203,28,,,0,74,,94204,28,,,0,28,,94205,28,,,0,65,,94223,28,,,0,29,,94206,28,,,0,99,,94207,28,,,0,100,,94208,28,,,0,102,,94209,28,,,0,100,,94210,28,,,0,101,,94211,28,,,0,71,,94224,28,,,0,31,,94212,28,,,0,71,,94222,28,,,0,30,,94213,28,,,0,72,,94214,28,,,0,27,,94215,28,,,0,97,,94216,28,,,0,98,,94217,28,,,0,98,,94218,28,,,0,100,,94219,28,,,0,100,,94220,28,,,0,100,,94221,28,,,0
5200,'20263510',745,,94225,28,,,0,101,,94226,28,,,0,100,,94227,28,,,0,100,,94228,28,,,0,100,,94229,28,,,0,101,,94230,28,,,0,105,,94231,28,,,0,95,,94232,28,,,0,105,,94233,28,,,0,95,,94234,28,,,0,100,,94235,28,,,0,99,,94239,28,,,0,100,,94236,28,,,0,98,,94240,28,,,0,100,,94237,28,,,0,100,,94241,28,,,0,100,,94238,28,,,0
5200,'20263511',745,,94242,28,,,0,101,,94243,28,,,0,100,,94244,28,,,0,100,,94245,28,,,0,100,,94246,28,,,0,101,,94247,28,,,0,105,,94248,28,,,0,95,,94249,28,,,0,105,,94250,28,,,0,95,,94251,28,,,0,100,,94252,28,,,0,99,,94256,28,,,0,100,,94253,28,,,0,98,,94257,28,,,0,100,,94254,28,,,0,100,,94258,28,,,0,100,,94255,28,,,0
5200,'20263610',745,,94274,28,,,0,101,,94273,28,,,0,100,,94272,28,,,0,100,,94275,28,,,0,100,,94267,28,,,0,101,,94266,28,,,0,105,,94268,28,,,0,95,,94262,28,,,0,105,,94263,28,,,0,95,,94261,28,,,0,100,,94264,28,,,0,99,,94270,28,,,0,100,,94269,28,,,0,98,,94260,28,,,0,100,,94259,28,,,0,100,,94271,28,,,0,100,,94265,28,,,0
5200,'20263611',745,,94291,28,,,0,101,,94290,28,,,0,100,,94289,28,,,0,100,,94292,28,,,0,100,,94284,28,,,0,101,,94283,28,,,0,105,,94285,28,,,0,95,,94279,28,,,0,105,,94280,28,,,0,95,,94278,28,,,0,100,,94281,28,,,0,99,,94287,28,,,0,100,,94286,28,,,0,98,,94277,28,,,0,100,,94276,28,,,0,100,,94288,28,,,0,100,,94282,28,,,0
5903,'20262010',657,,84109,43,,,0,96,,84110,43,,,0,103,,84111,43,,,0,100,,84112,43,,,0,100,,84113,43,,,0,99,,84114,43,,,0,100,,84115,43,,,0,101,,84116,43,,,0,100,,84117,43,,,0,98,,84118,43,,,0,99,,84119,43,,,0,102,,84120,43,,,0,101,,84121,43,,,0,100,,84122,43,,,0,101,,84123,43,,,0,100,,84124,43,,,0,100,,84125,43,,,0
5903,'20262510',756,,84126,43,,,0,100,,84127,43,,,0,100,,84128,43,,,0,100,,84129,43,,,0,100,,84130,43,,,0,100,,84131,43,,,0,100,,84132,43,,,0,100,,84133,43,,,0,100,,84134,43,,,0,100,,84135,43,,,0,100,,84136,43,,,0,100,,84137,43,,,0,100,,84138,43,,,0,101,,84139,43,,,0,100,,84140,43,,,0
5903,'20262610',756,,84155,43,,,0,100,,84141,43,,,0,100,,84142,43,,,0,100,,84143,43,,,0,100,,84144,43,,,0,100,,84145,43,,,0,100,,84146,43,,,0,100,,84147,43,,,0,100,,84148,43,,,0,100,,84149,43,,,0,100,,84150,43,,,0,100,,84151,43,,,0,100,,84152,43,,,0,101,,84153,43,,,0,100,,84154,43,,,0
5903,'20263010',657,,95461,43,,,0,96,,95462,43,,,0,89,,95478,43,,,0,14,,95463,43,,,0,100,,95464,43,,,0,100,,95465,43,,,0,99,,95466,43,,,0,100,,95467,43,,,0,101,,95468,43,,,0,100,,95469,43,,,0,98,,95470,43,,,0,99,,95471,43,,,0,71,,95479,43,,,0,31,,95472,43,,,0,101,,95473,43,,,0,100,,95474,43,,,0,101,,95475,43,,,0,100,,95476,43,,,0,100,,95477,43,,,0
5903,'20263510',756,,95480,43,,,0,100,,95481,43,,,0,100,,95482,43,,,0,100,,95483,43,,,0,100,,95484,43,,,0,100,,95485,43,,,0,100,,95486,43,,,0,100,,95487,43,,,0,100,,95488,43,,,0,100,,95489,43,,,0,100,,95490,43,,,0,100,,95491,43,,,0,100,,95492,43,,,0,101,,95493,43,,,0,100,,95494,43,,,0
5903,'20263511',756,,95495,43,,,0,100,,95496,43,,,0,100,,95497,43,,,0,100,,95498,43,,,0,100,,95499,43,,,0,100,,95500,43,,,0,100,,95501,43,,,0,100,,95502,43,,,0,100,,95503,43,,,0,100,,95504,43,,,0,100,,95505,43,,,0,100,,95506,43,,,0,100,,95507,43,,,0,101,,95508,43,,,0,100,,95509,43,,,0
5903,'20263610',756,,95524,43,,,0,100,,95510,43,,,0,100,,95511,43,,,0,100,,95512,43,,,0,100,,95513,43,,,0,100,,95514,43,,,0,100,,95515,43,,,0,100,,95516,43,,,0,100,,95517,43,,,0,100,,95518,43,,,0,100,,95519,43,,,0,100,,95520,43,,,0,100,,95521,43,,,0,101,,95522,43,,,0,100,,95523,43,,,0
5903,'20263611',756,,95539,43,,,0,100,,95525,43,,,0,100,,95526,43,,,0,100,,95527,43,,,0,100,,95528,43,,,0,100,,95529,43,,,0,100,,95530,43,,,0,100,,95531,43,,,0,100,,95532,43,,,0,100,,95533,43,,,0,100,,95534,43,,,0,100,,95535,43,,,0,100,,95536,43,,,0,101,,95537,43,,,0,100,,95538,43,,,0
