5302,'20262010',715,,83462,17,,,0,28,,83465,17,,,0,74,,83444,17,,,0,37,,83456,17,,,0,72,,83464,17,,,0,88,,83457,17,,,0,100,,83445,17,,,0,99,,83461,17,,,0,101,,83458,17,,,0,100,,83459,17,,,0,100,,83460,17,,,0,29,,83454,17,,,0,77,,83446,17,,,0,34,,83453,17,,,0,71,,83451,17,,,0,23,,83447,17,,,0,67,,83448,17,,,0,101,,83452,17,,,0,101,,83449,17,,,0,101,,83450,17,,,0,101,,83455,17,,,0,107,,83463,17,,,0
5302,'20262510',714,,83479,17,,,0,101,,83466,17,,,0,99,,83467,17,,,0,100,,83478,17,,,0,99,,83468,17,,,0,99,,83469,17,,,0,100,,83480,17,,,0,99,,83470,17,,,0,98,,83471,17,,,0,105,,83481,17,,,0,99,,83472,17,,,0,100,,83473,17,,,0,100,,83477,17,,,0,100,,83474,17,,,0,100,,83475,17,,,0,98,,83482,17,,,0,106,,83476,17,,,0
5302,'20262610',714,,83496,17,,,0,101,,83483,17,,,0,99,,83484,17,,,0,100,,83495,17,,,0,99,,83485,17,,,0,99,,83486,17,,,0,100,,83497,17,,,0,99,,83487,17,,,0,98,,83488,17,,,0,105,,83499,17,,,0,99,,83489,17,,,0,100,,83490,17,,,0,100,,83494,17,,,0,100,,83491,17,,,0,100,,83492,17,,,0,98,,83498,17,,,0,106,,83493,17,,,0
5302,'20263010',710,,94403,17,,,0,29,,94406,17,,,0,72,,94385,17,,,0,34,,94397,17,,,0,80,,94405,17,,,0,85,,94398,17,,,0,100,,94386,17,,,0,101,,94402,17,,,0,100,,94399,17,,,0,100,,94400,17,,,0,45,,94401,17,,,0,85,,94395,17,,,0,65,,94387,17,,,0,31,,94394,17,,,0,76,,94392,17,,,0,27,,94388,17,,,0,69,,94389,17,,,0,101,,94393,17,,,0,100,,94390,17,,,0,104,,94391,17,,,0,104,,94396,17,,,0,103,,94404,17,,,0
5302,'20263510',713,,94420,17,,,0,101,,94407,17,,,0,101,,94408,17,,,0,100,,94419,17,,,0,98,,94409,17,,,0,99,,94410,17,,,0,100,,94421,17,,,0,99,,94411,17,,,0,97,,94412,17,,,0,104,,94422,17,,,0,96,,94413,17,,,0,105,,94414,17,,,0,100,,94418,17,,,0,100,,94415,17,,,0,99,,94416,17,,,0,98,,94423,17,,,0,106,,94417,17,,,0
5302,'20263511',713,,94437,17,,,0,101,,94424,17,,,0,101,,94425,17,,,0,100,,94436,17,,,0,98,,94426,17,,,0,99,,94427,17,,,0,100,,94438,17,,,0,99,,94428,17,,,0,97,,94429,17,,,0,104,,94439,17,,,0,96,,94430,17,,,0,105,,94431,17,,,0,100,,94435,17,,,0,100,,94432,17,,,0,99,,94433,17,,,0,98,,94440,17,,,0,106,,94434,17,,,0
5302,'20263610',713,,94452,17,,,0,101,,94442,17,,,0,101,,94448,17,,,0,100,,94453,17,,,0,98,,94443,17,,,0,99,,94447,17,,,0,100,,94457,17,,,0,99,,94441,17,,,0,97,,94450,17,,,0,104,,94455,17,,,0,96,,94449,17,,,0,105,,94446,17,,,0,100,,94454,17,,,0,100,,94451,17,,,0,99,,94445,17,,,0,98,,94456,17,,,0,106,,94444,17,,,0
5302,'20263611',713,,94469,17,,,0,101,,94459,17,,,0,101,,94465,17,,,0,100,,94470,17,,,0,98,,94460,17,,,0,99,,94464,17,,,0,100,,94474,17,,,0,99,,94458,17,,,0,97,,94467,17,,,0,104,,94472,17,,,0,96,,94466,17,,,0,105,,94463,17,,,0,100,,94471,17,,,0,100,,94468,17,,,0,99,,94462,17,,,0,98,,94473,17,,,0,106,,94461,17,,,0
25300,'20262010',1559,,86511,16,4,,0,70,,86512,16,4,,0,29,,86513,16,4,,0,70,,86514,16,4,,0
25300,'20263010',1602,,99579,16,4,,0,30,,99580,16,4,,0,73,,99581,16,4,,0,29,,99582,16,4,,0
