7001,'20262010',626,,68932,73,,,0,19,,68949,73,,,0,58,,68950,73,,,0,22,,68933,73,,,0,20,,68951,73,,,0,60,,68952,73,,,0,18,,68934,73,,,0,18,,68953,73,,,0,60,,68954,73,,,0,21,,68935,73,,,0,18,,68955,73,,,0,19,,68956,73,,,0,58,,68936,73,,,0,19,,68957,73,,,0,20,,68958,73,,,0,60,,68937,73,,,0,20,,68959,73,,,0,21,,68960,73,,,0,60,,68938,73,,,0,20,,68961,73,,,0,21,,68962,73,,,0,60,,68939,73,,,0,19,,68963,73,,,0,18,,68964,73,,,0,61,,68940,73,,,0,19,,68965,73,,,0,23,,68966,73,,,0,60,,68941,73,,,0,24,,68967,73,,,0,61,,68968,73,,,0,20,,68942,73,,,0,23,,68969,73,,,0,64,,68970,73,,,0,23,,68943,73,,,0,21,,68971,73,,,0,62,,68972,73,,,0,20,,68944,73,,,0,20,,68973,73,,,0,69,,68945,73,,,0,30,,68974,73,,,0,70,,68946,73,,,0,30,,68975,73,,,0,70,,68947,73,,,0,31,,68976,73,,,0,71,,68948,73,,,0,30,,68977,73,,,0,70,,68978,73,,,0
7001,'20262011',626,,68979,73,,,0,19,,68996,73,,,0,58,,68997,73,,,0,22,,68980,73,,,0,20,,68998,73,,,0,60,,68999,73,,,0,18,,68981,73,,,0,18,,69000,73,,,0,60,,69001,73,,,0,21,,68982,73,,,0,18,,69002,73,,,0,19,,69003,73,,,0,58,,68983,73,,,0,19,,69004,73,,,0,20,,69005,73,,,0,60,,68984,73,,,0,20,,69006,73,,,0,21,,69007,73,,,0,60,,68985,73,,,0,20,,69008,73,,,0,21,,69009,73,,,0,60,,68986,73,,,0,19,,69010,73,,,0,18,,69011,73,,,0,61,,68987,73,,,0,19,,69012,73,,,0,23,,69013,73,,,0,60,,68988,73,,,0,24,,69014,73,,,0,61,,69015,73,,,0,20,,68989,73,,,0,23,,69016,73,,,0,64,,69017,73,,,0,23,,68990,73,,,0,21,,69018,73,,,0,62,,69019,73,,,0,20,,68991,73,,,0,20,,69020,73,,,0,69,,68992,73,,,0,30,,69021,73,,,0,70,,68993,73,,,0,30,,69022,73,,,0,70,,68994,73,,,0,31,,69023,73,,,0,71,,68995,73,,,0,30,,69024,73,,,0,70,,69025,73,,,0
7001,'20262510',626,,69026,73,,,0,30,,69042,73,,,0,70,,69027,73,,,0,30,,69043,73,,,0,69,,69028,73,,,0,30,,69044,73,,,0,70,,69029,73,,,0,30,,69045,73,,,0,70,,69030,73,,,0,30,,69046,73,,,0,70,,69031,73,,,0,30,,69047,73,,,0,69,,69032,73,,,0,30,,69048,73,,,0,70,,69033,73,,,0,30,,69049,73,,,0,70,,69050,73,,,0,30,,69051,73,,,0,70,,69052,73,,,0,30,,69053,73,,,0,69,,69034,73,,,0,30,,69054,73,,,0,71,,69035,73,,,0,31,,69055,73,,,0,71,,69036,73,,,0,30,,69056,73,,,0,70,,69057,73,,,0,30,,69037,73,,,0,70,,69058,73,,,0,30,,69038,73,,,0,70,,69041,73,,,0,30,,69039,73,,,0,70,,69059,73,,,0,30,,69040,73,,,0
7001,'20262511',626,,69060,73,,,0,30,,69076,73,,,0,70,,69061,73,,,0,30,,69077,73,,,0,69,,69062,73,,,0,30,,69078,73,,,0,70,,69063,73,,,0,30,,69079,73,,,0,70,,69064,73,,,0,30,,69080,73,,,0,70,,69065,73,,,0,30,,69081,73,,,0,69,,69066,73,,,0,30,,69082,73,,,0,70,,69067,73,,,0,30,,69083,73,,,0,70,,69084,73,,,0,30,,69085,73,,,0,70,,69086,73,,,0,30,,69087,73,,,0,69,,69068,73,,,0,30,,69088,73,,,0,71,,69069,73,,,0,31,,69089,73,,,0,71,,69070,73,,,0,30,,69090,73,,,0,70,,69091,73,,,0,30,,69071,73,,,0,70,,69092,73,,,0,30,,69072,73,,,0,70,,69075,73,,,0,30,,69073,73,,,0,70,,69093,73,,,0,30,,69074,73,,,0
7001,'20262610',626,,69094,73,,,0,30,,69111,73,,,0,70,,69095,73,,,0,30,,69112,73,,,0,69,,69096,73,,,0,30,,69110,73,,,0,70,,69097,73,,,0,30,,69113,73,,,0,70,,69098,73,,,0,30,,69114,73,,,0,70,,69099,73,,,0,30,,69115,73,,,0,69,,69100,73,,,0,30,,69116,73,,,0,70,,69101,73,,,0,30,,69117,73,,,0,70,,69118,73,,,0,30,,69119,73,,,0,70,,69120,73,,,0,30,,69121,73,,,0,69,,69102,73,,,0,30,,69122,73,,,0,71,,69103,73,,,0,31,,69123,73,,,0,71,,69104,73,,,0,30,,69124,73,,,0,70,,69125,73,,,0,30,,69105,73,,,0,70,,69126,73,,,0,30,,69106,73,,,0,70,,69109,73,,,0,30,,69107,73,,,0,70,,69127,73,,,0,30,,69108,73,,,0
7001,'20262611',626,,69128,73,,,0,30,,69145,73,,,0,70,,69129,73,,,0,30,,69146,73,,,0,69,,69130,73,,,0,30,,69144,73,,,0,70,,69131,73,,,0,30,,69147,73,,,0,70,,69132,73,,,0,30,,69148,73,,,0,70,,69133,73,,,0,30,,69149,73,,,0,69,,69134,73,,,0,30,,69150,73,,,0,70,,69135,73,,,0,30,,69151,73,,,0,70,,69152,73,,,0,30,,69153,73,,,0,70,,69154,73,,,0,30,,69155,73,,,0,69,,69136,73,,,0,30,,69156,73,,,0,71,,69137,73,,,0,31,,69157,73,,,0,71,,69138,73,,,0,30,,69158,73,,,0,70,,69159,73,,,0,30,,69139,73,,,0,70,,69160,73,,,0,30,,69140,73,,,0,70,,69143,73,,,0,30,,69141,73,,,0,70,,69161,73,,,0,30,,69142,73,,,0
8201,'20262010',555,,70952,80,,,0,70,,70953,80,,,0,29,,70954,80,,,0,69,,70955,80,,,0,29,,70970,80,,,0,70,,70967,80,,,0,31,,70973,65,,,0,102,,70961,65,,,0,100,,70956,80,,,0,99,,70962,65,,,0,100,,70957,80,,,0,101,,70963,65,,,0,100,,70969,80,,,0,99,,70964,65,,,0,69,,70968,80,,,0,100,,70958,80,,,0,131,,70959,80,,,0,100,,70971,80,,,0,100,,70965,65,,,0,170,,70966,80,,,0,130,,70960,80,,,0
8201,'20262011',555,,70974,80,,,0,70,,70975,80,,,0,29,,70976,80,,,0,69,,70977,80,,,0,29,,70992,80,,,0,70,,70989,80,,,0,31,,70995,65,,,0,102,,70983,65,,,0,100,,70978,80,,,0,99,,70984,65,,,0,100,,70979,80,,,0,101,,70985,65,,,0,100,,70991,80,,,0,99,,70986,65,,,0,69,,70990,80,,,0,100,,70980,80,,,0,131,,70981,80,,,0,100,,70993,80,,,0,100,,70987,65,,,0,170,,70988,80,,,0,130,,70982,80,,,0
8201,'20262510',656,,71011,80,,,0,99,,71005,80,,,0,100,,71006,80,,,0,100,,70999,65,,,0,100,,71009,80,,,0,100,,71000,65,,,0,100,,70996,80,,,0,100,,71001,65,,,0,100,,71007,80,,,0,100,,71002,65,,,0,100,,71008,80,,,0,100,,71003,80,,,0,100,,71010,65,,,0,101,,70997,80,,,0,100,,71004,65,,,0,170,,71012,65,,,0,130,,70998,80,,,0
8201,'20262511',656,,71028,80,,,0,99,,71022,80,,,0,100,,71023,80,,,0,100,,71016,65,,,0,100,,71026,80,,,0,100,,71017,65,,,0,100,,71013,80,,,0,100,,71018,65,,,0,100,,71024,80,,,0,100,,71019,65,,,0,100,,71025,80,,,0,100,,71020,80,,,0,100,,71027,65,,,0,101,,71014,80,,,0,100,,71021,65,,,0,170,,71029,65,,,0,130,,71015,80,,,0
8201,'20262610',656,,71046,80,,,0,99,,71045,80,,,0,100,,71041,80,,,0,100,,71043,65,,,0,100,,71042,80,,,0,100,,71044,65,,,0,100,,71035,80,,,0,100,,71030,65,,,0,100,,71039,80,,,0,100,,71031,65,,,0,100,,71038,80,,,0,100,,71032,80,,,0,100,,71040,65,,,0,101,,71036,80,,,0,100,,71034,65,,,0,170,,71033,65,,,0,130,,71037,80,,,0
8201,'20262611',656,,71063,80,,,0,99,,71062,80,,,0,100,,71058,80,,,0,100,,71060,65,,,0,100,,71059,80,,,0,100,,71061,65,,,0,100,,71052,80,,,0,100,,71047,65,,,0,100,,71056,80,,,0,100,,71048,65,,,0,100,,71055,80,,,0,100,,71049,80,,,0,100,,71057,65,,,0,101,,71053,80,,,0,100,,71051,65,,,0,170,,71050,65,,,0,130,,71054,80,,,0
