7000,'20262010',657,,84420,39,,,0,56,,84433,39,,,0,22,,84434,39,,,0,23,,84421,39,,,0,60,,84435,39,,,0,22,,84436,39,,,0,19,,84422,39,,,0,61,,84437,39,,,0,20,,84438,39,,,0,60,,84423,39,,,0,20,,84439,39,,,0,19,,84440,39,,,0,18,,84424,39,,,0,60,,84441,39,,,0,20,,84442,39,,,0,20,,84425,39,,,0,61,,84443,39,,,0,18,,84444,39,,,0,20,,84426,39,,,0,58,,84445,39,,,0,23,,84446,39,,,0,19,,84427,39,,,0,60,,84447,39,,,0,21,,84448,39,,,0,19,,84428,39,,,0,58,,84449,39,,,0,22,,84450,39,,,0,22,,84429,39,,,0,65,,84451,39,,,0,23,,84452,39,,,0,63,,84430,39,,,0,20,,84453,39,,,0,20,,84454,39,,,0,58,,84431,39,,,0,20,,84455,39,,,0,18,,84456,39,,,0,60,,84432,39,,,0,22,,84457,39,,,0,30,,84458,39,,,0,70,,84459,39,,,0,30,,84460,39,,,0,70,,84461,39,,,0,30,,84462,39,,,0,70,,84463,39,,,0,28,,84464,39,,,0,70,,84465,39,,,0,30,,84466,39,,,0
7000,'20262510',655,,84467,39,,,0,70,,84485,39,,,0,31,,84468,39,,,0,70,,84486,39,,,0,30,,84469,39,,,0,70,,84487,39,,,0,30,,84470,39,,,0,71,,84488,39,,,0,30,,84471,39,,,0,70,,84489,39,,,0,30,,84472,39,,,0,71,,84490,39,,,0,30,,84473,39,,,0,70,,84491,39,,,0,30,,84474,39,,,0,71,,84492,39,,,0,30,,84475,39,,,0,70,,84493,39,,,0,30,,84476,39,,,0,70,,84494,39,,,0,30,,84477,39,,,0,70,,84495,39,,,0,30,,84478,39,,,0,68,,84496,39,,,0,29,,84479,39,,,0,70,,84500,39,,,0,29,,84497,39,,,0,70,,84480,39,,,0,30,,84498,39,,,0,70,,84481,39,,,0,30,,84484,39,,,0,70,,84482,39,,,0,30,,84499,39,,,0,70,,84483,39,,,0
7000,'20262610',655,,84501,39,,,0,70,,84518,39,,,0,31,,84502,39,,,0,70,,84519,39,,,0,30,,84503,39,,,0,70,,84520,39,,,0,30,,84504,39,,,0,71,,84521,39,,,0,30,,84505,39,,,0,70,,84522,39,,,0,30,,84506,39,,,0,71,,84523,39,,,0,30,,84507,39,,,0,70,,84524,39,,,0,30,,84508,39,,,0,71,,84525,39,,,0,30,,84509,39,,,0,70,,84526,39,,,0,30,,84510,39,,,0,70,,84527,39,,,0,30,,84511,39,,,0,70,,84528,39,,,0,30,,84512,39,,,0,68,,84529,39,,,0,29,,84513,39,,,0,70,,84530,39,,,0,29,,84514,39,,,0,70,,84531,39,,,0,30,,84515,39,,,0,70,,84533,39,,,0,30,,84516,39,,,0,70,,84532,39,,,0,30,,84517,39,,,0,70,,84534,39,,,0
27400,'20262010',1635,,86584,32,4,,0,73,,86585,32,4,,0,28,,86587,32,4,,0,65,,86588,32,4,,0,27,,86586,32,4,,0
57400,'20262010',1627,,86819,35,4,,0,73,,86818,35,4,,0,54,,86817,35,4,,0
80400,'20262010',645,,88903,46,,,1,57,,88836,46,,,1,15,,88838,46,,,1,15,,88899,46,,,1,16,,88848,46,,,1,55,,88850,46,,,1,16,,88851,46,,,1,18,,88904,46,,,1,13,,88852,46,,,1,55,,88853,46,,,1,15,,88854,46,,,1,16,,88855,46,,,1,14,,88857,46,,,1,55,,88892,46,,,1,16,,88896,46,,,1,15,,88858,46,,,1,15,,88859,46,,,1,54,,88856,46,,,1,15,,88893,46,,,1,15,,88860,46,,,1,15,,88861,46,,,1,55,,88897,46,,,1,13,,88862,46,,,1,15,,88863,46,,,1,17,,88864,46,,,1,56,,88865,46,,,1,15,,88866,46,,,1,15,,88894,46,,,1,16,,88867,46,,,1,55,,88868,46,,,1,15,,88869,46,,,1,13,,88870,46,,,1,14,,88901,46,,,1,53,,88871,46,,,1,11,,88873,46,,,1,15,,88874,46,,,1,13,,88875,46,,,1,18,,88872,46,,,1,54,,88876,46,,,1,16,,88877,46,,,1,18,,88878,46,,,1,11,,88879,46,,,1,48,,88880,46,,,1,9,,88881,46,,,1,9,,88898,46,,,1,10,,88882,46,,,1,10,,88883,46,,,1,10,,88884,46,,,1,56,,88885,46,,,1,16,,88886,46,,,1,15,,88849,46,,,1,15,,88847,46,,,1,56,,88846,46,,,1,18,,88887,46,,,1,18,,88888,46,,,1,57,,88889,46,,,1,18,,88891,46,,,1,18,,88839,46,,,1,59,,88895,46,,,1,17,,88840,46,,,1,18,,88900,46,,,1,17,,88837,46,,,1,56,,88902,46,,,1,17,,88841,46,,,1,18,,88842,46,,,1,58,,88905,46,,,1,18,,88843,46,,,1,18,,88906,46,,,1,18,,88844,46,,,1,58,,88845,46,,,1,19,,88907,46,,,1,18,,88908,46,,,1,58,,88890,46,,,1
80400,'20262510',722,,88956,46,,,1,17,,88909,46,,,1,18,,88910,46,,,1,59,,88911,46,,,1,19,,88957,46,,,1,18,,88961,46,,,1,58,,88912,46,,,1,17,,88913,46,,,1,18,,88952,46,,,1,57,,88962,46,,,1,17,,88958,46,,,1,18,,88953,46,,,1,18,,88960,46,,,1,58,,88914,46,,,1,18,,88954,46,,,1,16,,88915,46,,,1,55,,88955,46,,,1,16,,88916,46,,,1,16,,88963,46,,,1,16,,88917,46,,,1,55,,88918,46,,,1,16,,88919,46,,,1,15,,88920,46,,,1,16,,88921,46,,,1,55,,88922,46,,,1,16,,88923,46,,,1,16,,88924,46,,,1,14,,88925,46,,,1,54,,88926,46,,,1,15,,88927,46,,,1,15,,88928,46,,,1,14,,88929,46,,,1,54,,88930,46,,,1,13,,88931,46,,,1,17,,88932,46,,,1,14,,88933,46,,,1,56,,88934,46,,,1,16,,88935,46,,,1,16,,88936,46,,,1,15,,88937,46,,,1,54,,88938,46,,,1,18,,88939,46,,,1,19,,88940,46,,,1,59,,88964,46,,,1,19,,88959,46,,,1,19,,88965,46,,,1,59,,88941,46,,,1,17,,88966,46,,,1,17,,88942,46,,,1,18,,88943,46,,,1,59,,88967,46,,,1,17,,88944,46,,,1,19,,88968,46,,,1,57,,88945,46,,,1,18,,88946,46,,,1,19,,88969,46,,,1,18,,88947,46,,,1,58,,88970,46,,,1,18,,88948,46,,,1,18,,88949,46,,,1,58,,88971,46,,,1,18,,88950,46,,,1,18,,88951,46,,,1,58,,88972,46,,,1
80400,'20262610',722,,89021,46,,,1,17,,88973,46,,,1,18,,89025,46,,,1,59,,88974,46,,,1,19,,88975,46,,,1,18,,89023,46,,,1,58,,88976,46,,,1,17,,88977,46,,,1,18,,88978,46,,,1,57,,89019,46,,,1,17,,89026,46,,,1,18,,89022,46,,,1,18,,88980,46,,,1,58,,89027,46,,,1,18,,88981,46,,,1,16,,88982,46,,,1,55,,88979,46,,,1,16,,89020,46,,,1,16,,88983,46,,,1,16,,88984,46,,,1,55,,88985,46,,,1,16,,88986,46,,,1,15,,88987,46,,,1,16,,88988,46,,,1,55,,88989,46,,,1,16,,88990,46,,,1,16,,88991,46,,,1,14,,88992,46,,,1,54,,88993,46,,,1,15,,88994,46,,,1,15,,88995,46,,,1,14,,88996,46,,,1,54,,88997,46,,,1,13,,88998,46,,,1,17,,88999,46,,,1,14,,89000,46,,,1,56,,89001,46,,,1,16,,89002,46,,,1,16,,89003,46,,,1,15,,89004,46,,,1,54,,89005,46,,,1,18,,89006,46,,,1,19,,89028,46,,,1,59,,89007,46,,,1,19,,89024,46,,,1,19,,89029,46,,,1,59,,89008,46,,,1,17,,89030,46,,,1,17,,89010,46,,,1,18,,89011,46,,,1,59,,89031,46,,,1,17,,89012,46,,,1,19,,89032,46,,,1,57,,89009,46,,,1,18,,89013,46,,,1,19,,89033,46,,,1,18,,89014,46,,,1,58,,89034,46,,,1,18,,89015,46,,,1,18,,89016,46,,,1,58,,89035,46,,,1,18,,89017,46,,,1,18,,89018,46,,,1,58,,89036,46,,,1
90400,'20262010',2612,,90457,54,,,0
90400,'20262510',2612,,90458,54,,,0
98400,'20262010',2614,,90493,72,,,0
98400,'20262510',2614,,90494,72,,,0
