8201,'20262010',536,,85545,38,,,0,69,,85546,38,,,0,28,,85547,38,,,0,67,,85548,38,,,0,27,,85563,38,,,0,32,,85560,38,,,0,71,,85566,23,,,0,102,,85554,23,,,0,101,,85549,38,,,0,99,,85555,23,,,0,100,,85550,38,,,0,101,,85556,23,,,0,101,,85562,38,,,0,97,,85557,23,,,0,69,,85561,38,,,0,59,,85551,38,,,0,175,,85552,38,,,0,100,,85564,38,,,0,100,,85558,23,,,0,170,,85559,38,,,0,131,,85553,38,,,0
8201,'20262510',637,,85582,38,,,0,97,,85576,38,,,0,100,,85577,38,,,0,100,,85570,23,,,0,100,,85580,38,,,0,100,,85571,23,,,0,100,,85567,38,,,0,100,,85572,23,,,0,100,,85578,38,,,0,101,,85573,23,,,0,100,,85579,38,,,0,100,,85574,38,,,0,101,,85581,23,,,0,101,,85568,38,,,0,100,,85575,23,,,0,170,,85583,23,,,0,130,,85569,38,,,0
8201,'20262610',637,,85600,38,,,0,97,,85599,38,,,0,100,,85595,38,,,0,100,,85597,23,,,0,100,,85596,38,,,0,100,,85598,23,,,0,100,,85589,38,,,0,100,,85584,23,,,0,100,,85593,38,,,0,101,,85585,23,,,0,100,,85592,38,,,0,100,,85586,38,,,0,101,,85594,23,,,0,101,,85590,38,,,0,100,,85588,23,,,0,170,,85587,23,,,0,130,,85591,38,,,0
8201,'20263010',538,,97984,38,0,5 6,0,72,,97985,38,0,5 6,0,27,,97986,38,0,5 6,0,69,,97987,38,0,5 6,0,34,,98001,38,0,5 6,0,77,,97998,38,0,5 6,0,36,,98003,38,0,5 6,0,101,,97988,38,0,5 6,0,101,,97993,23,0,5 6,0,94,,97989,38,0,5 6,0,98,,97994,23,0,5 6,0,99,,98000,38,0,5 6,0,95,,97995,23,0,5 6,0,105,,97999,38,0,5 6,0,100,,97996,23,0,5 6,0,96,,97990,38,0,5 6,0,93,,97991,38,0,5 6,0,68,,98002,38,0,5 6,0,100,,98004,38,0,5 6,0,130,,97997,23,0,5 6,0,172,,97992,38,0,5 6,0
8201,'20263510',635,,98020,38,0,5 6,0,98,,98014,23,0,5 6,0,100,,98015,38,0,5 6,0,100,,98008,23,0,5 6,0,100,,98018,38,0,5 6,0,100,,98009,23,0,5 6,0,100,,98005,38,0,5 6,0,100,,98010,23,0,5 6,0,100,,98016,38,0,5 6,0,100,,98011,23,0,5 6,0,100,,98017,38,0,5 6,0,102,,98012,23,0,5 6,0,101,,98019,38,0,5 6,0,100,,98006,23,0,5 6,0,100,,98013,38,0,5 6,0,170,,98021,23,0,5 6,0,130,,98007,38,0,5 6,0
8201,'20263511',635,,98037,38,0,5 6,0,98,,98031,23,0,5 6,0,100,,98032,38,0,5 6,0,100,,98025,23,0,5 6,0,100,,98035,38,0,5 6,0,100,,98026,23,0,5 6,0,100,,98022,38,0,5 6,0,100,,98027,23,0,5 6,0,100,,98033,38,0,5 6,0,100,,98028,23,0,5 6,0,100,,98034,38,0,5 6,0,102,,98029,23,0,5 6,0,101,,98036,38,0,5 6,0,100,,98023,23,0,5 6,0,100,,98030,38,0,5 6,0,170,,98038,23,0,5 6,0,130,,98024,38,0,5 6,0
8201,'20263610',635,,98055,38,0,5 6,0,98,,98054,23,0,5 6,0,100,,98050,38,0,5 6,0,100,,98052,23,0,5 6,0,100,,98051,38,0,5 6,0,100,,98053,23,0,5 6,0,100,,98044,38,0,5 6,0,100,,98039,23,0,5 6,0,100,,98048,38,0,5 6,0,100,,98040,23,0,5 6,0,100,,98047,38,0,5 6,0,102,,98041,23,0,5 6,0,101,,98049,38,0,5 6,0,100,,98045,23,0,5 6,0,100,,98043,38,0,5 6,0,170,,98042,23,0,5 6,0,130,,98046,38,0,5 6,0
8201,'20263611',635,,98072,38,0,5 6,0,98,,98071,23,0,5 6,0,100,,98067,38,0,5 6,0,100,,98069,23,0,5 6,0,100,,98068,38,0,5 6,0,100,,98070,23,0,5 6,0,100,,98061,38,0,5 6,0,100,,98056,23,0,5 6,0,100,,98065,38,0,5 6,0,100,,98057,23,0,5 6,0,100,,98064,38,0,5 6,0,102,,98058,23,0,5 6,0,101,,98066,38,0,5 6,0,100,,98062,23,0,5 6,0,100,,98060,38,0,5 6,0,170,,98059,23,0,5 6,0,130,,98063,38,0,5 6,0
28201,'20262010',616,,86629,38,,,0,21,,86632,38,,,0,72,,86633,38,,,0,23,,86630,38,,,0,81,,86631,38,,,0
28201,'20263010',615,,99703,38,,,0,19,,99706,38,,,0,71,,99707,38,,,0,22,,99704,38,,,0,83,,99705,38,,,0
4008201,'20263010',832,,106143,20,,,0
13008201,'20263010',832,,106157,23,,,0
