3901,'20262010',639,,83174,46,,,0,102,,83175,46,,,0,69,,83176,46,,,0,30,,83177,46,,,0,100,,83178,46,,,0,100,,83179,46,,,0,100,,83180,46,,,0,100,,83181,46,,,0,100,,83182,46,,,0,100,,83183,46,,,0,100,,83184,46,,,0,103,,83191,46,,,0,97,,83185,46,,,0,100,,83186,46,,,0,99,,83187,46,,,0,100,,83188,46,,,0,100,,83189,46,,,0,200,,83190,46,,,0
3901,'20262510',739,,83192,46,,,0,100,,83193,46,,,0,100,,83194,46,,,0,100,,83195,46,,,0,100,,83196,46,,,0,100,,83197,46,,,0,100,,83198,46,,,0,100,,83199,46,,,0,100,,83200,46,,,0,100,,83201,46,,,0,100,,83202,46,,,0,100,,83203,46,,,0,100,,83204,46,,,0,100,,83207,46,,,0,100,,83205,46,,,0,200,,83206,46,,,0
3901,'20262610',739,,83222,46,,,0,100,,83208,46,,,0,100,,83223,46,,,0,100,,83209,46,,,0,100,,83210,46,,,0,100,,83211,46,,,0,100,,83212,46,,,0,100,,83213,46,,,0,100,,83214,46,,,0,100,,83215,46,,,0,100,,83216,46,,,0,100,,83217,46,,,0,100,,83218,46,,,0,100,,83221,46,,,0,100,,83219,46,,,0,200,,83220,46,,,0
3901,'20263010',639,,93940,46,,,0,71,,93941,46,,,0,32,,93942,46,,,0,69,,93943,46,,,0,30,,93944,46,,,0,12,,93959,46,,,0,87,,93945,46,,,0,100,,93946,46,,,0,100,,93947,46,,,0,100,,93948,46,,,0,100,,93949,46,,,0,100,,93950,46,,,0,101,,93951,46,,,0,103,,93958,46,,,0,96,,93952,46,,,0,100,,93953,46,,,0,99,,93954,46,,,0,100,,93955,46,,,0,100,,93956,46,,,0,100,,93960,46,,,0,100,,93957,46,,,0
3901,'20263510',739,,93961,46,,,0,100,,93962,46,,,0,100,,93963,46,,,0,100,,93964,46,,,0,100,,93965,46,,,0,100,,93966,46,,,0,100,,93967,46,,,0,100,,93968,46,,,0,100,,93969,46,,,0,100,,93970,46,,,0,100,,93971,46,,,0,100,,93972,46,,,0,100,,93973,46,,,0,100,,93976,46,,,0,100,,93974,46,,,0,100,,93977,46,,,0,100,,93975,46,,,0
3901,'20263511',739,,93978,46,,,0,100,,93979,46,,,0,100,,93980,46,,,0,100,,93981,46,,,0,100,,93982,46,,,0,100,,93983,46,,,0,100,,93984,46,,,0,100,,93985,46,,,0,100,,93986,46,,,0,100,,93987,46,,,0,100,,93988,46,,,0,100,,93989,46,,,0,100,,93990,46,,,0,100,,93993,46,,,0,100,,93991,46,,,0,100,,93994,46,,,0,100,,93992,46,,,0
3901,'20263610',739,,94009,46,,,0,100,,93995,46,,,0,100,,94010,46,,,0,100,,93996,46,,,0,100,,93997,46,,,0,100,,93998,46,,,0,100,,93999,46,,,0,100,,94000,46,,,0,100,,94001,46,,,0,100,,94002,46,,,0,100,,94003,46,,,0,100,,94004,46,,,0,100,,94005,46,,,0,100,,94008,46,,,0,100,,94006,46,,,0,100,,94011,46,,,0,100,,94007,46,,,0
3901,'20263611',739,,94026,46,,,0,100,,94012,46,,,0,100,,94027,46,,,0,100,,94013,46,,,0,100,,94014,46,,,0,100,,94015,46,,,0,100,,94016,46,,,0,100,,94017,46,,,0,100,,94018,46,,,0,100,,94019,46,,,0,100,,94020,46,,,0,100,,94021,46,,,0,100,,94022,46,,,0,100,,94025,46,,,0,100,,94023,46,,,0,100,,94028,46,,,0,100,,94024,46,,,0
23801,'20262010',651,,86480,17,,,0,59,,86481,17,,,0,17,,86482,17,,,0,29,,86483,17,,,0
23801,'20263010',649,,99554,27,,,0,54,,99555,27,,,0,13,,99556,27,,,0,23,,99557,27,,,0
33801,'20263010',641,,99810,25,,,0,14,,99811,25,,,0,74,,99812,25,,,0,386,,99813,25,,,0
53801,'20262010',635,,86783,33,,,0,68,,86784,33,,,0
53801,'20263010',630,,100014,25,,,0,73,,100015,25,,,0,32,,100016,25,,,0
1000301,'20263010',1602,,106135,9,,,0
