5302,'20262010',725,,83462,33,,,0,28,,83465,33,,,0,74,,83444,33,,,0,79,,83456,33,,,0,30,,83464,33,,,0,88,,83457,33,,,0,100,,83445,33,,,0,99,,83461,33,,,0,101,,83458,33,,,0,100,,83459,33,,,0,100,,83460,33,,,0,29,,83454,33,,,0,77,,83446,33,,,0,74,,83453,33,,,0,31,,83451,33,,,0,23,,83447,33,,,0,67,,83448,33,,,0,101,,83452,33,,,0,101,,83449,33,,,0,100,,83450,33,,,0,101,,83455,33,,,0,107,,83463,33,,,0
5302,'20262510',722,,83479,33,,,0,101,,83466,33,,,0,100,,83467,33,,,0,100,,83478,33,,,0,100,,83468,33,,,0,99,,83469,33,,,0,100,,83480,33,,,0,99,,83470,33,,,0,98,,83471,33,,,0,105,,83481,33,,,0,98,,83472,33,,,0,100,,83473,33,,,0,100,,83477,33,,,0,99,,83474,33,,,0,100,,83475,33,,,0,98,,83482,33,,,0,106,,83476,33,,,0
5302,'20262610',722,,83496,33,,,0,101,,83483,33,,,0,100,,83484,33,,,0,100,,83495,33,,,0,100,,83485,33,,,0,99,,83486,33,,,0,100,,83497,33,,,0,99,,83487,33,,,0,98,,83488,33,,,0,105,,83499,33,,,0,98,,83489,33,,,0,100,,83490,33,,,0,100,,83494,33,,,0,99,,83491,33,,,0,100,,83492,33,,,0,98,,83498,33,,,0,106,,83493,33,,,0
5302,'20263010',720,,94403,33,,,0,30,,94406,33,,,0,72,,94385,33,,,0,34,,94397,33,,,0,78,,94405,33,,,0,85,,94398,33,,,0,100,,94386,33,,,0,101,,94402,33,,,0,100,,94399,33,,,0,100,,94400,33,,,0,86,,94401,33,,,0,45,,94395,33,,,0,66,,94387,33,,,0,31,,94394,33,,,0,76,,94392,33,,,0,27,,94388,33,,,0,69,,94389,33,,,0,100,,94393,33,,,0,99,,94390,33,,,0,104,,94391,33,,,0,103,,94396,33,,,0,103,,94404,33,,,0
5302,'20263510',722,,94420,33,,,0,101,,94407,33,,,0,101,,94408,33,,,0,101,,94419,33,,,0,98,,94409,33,,,0,99,,94410,33,,,0,100,,94421,33,,,0,99,,94411,33,,,0,97,,94412,33,,,0,104,,94422,33,,,0,96,,94413,33,,,0,105,,94414,33,,,0,99,,94418,33,,,0,100,,94415,33,,,0,99,,94416,33,,,0,98,,94423,33,,,0,105,,94417,33,,,0
5302,'20263511',722,,94437,33,,,0,101,,94424,33,,,0,101,,94425,33,,,0,101,,94436,33,,,0,98,,94426,33,,,0,99,,94427,33,,,0,100,,94438,33,,,0,99,,94428,33,,,0,97,,94429,33,,,0,104,,94439,33,,,0,96,,94430,33,,,0,105,,94431,33,,,0,99,,94435,33,,,0,100,,94432,33,,,0,99,,94433,33,,,0,98,,94440,33,,,0,105,,94434,33,,,0
5302,'20263610',722,,94452,33,,,0,101,,94442,33,,,0,101,,94448,33,,,0,101,,94453,33,,,0,98,,94443,33,,,0,99,,94447,33,,,0,100,,94457,33,,,0,99,,94441,33,,,0,97,,94450,33,,,0,104,,94455,33,,,0,96,,94449,33,,,0,105,,94446,33,,,0,99,,94454,33,,,0,100,,94451,33,,,0,99,,94445,33,,,0,98,,94456,33,,,0,105,,94444,33,,,0
5302,'20263611',722,,94469,33,,,0,101,,94459,33,,,0,101,,94465,33,,,0,101,,94470,33,,,0,98,,94460,33,,,0,99,,94464,33,,,0,100,,94474,33,,,0,99,,94458,33,,,0,97,,94467,33,,,0,104,,94472,33,,,0,96,,94466,33,,,0,105,,94463,33,,,0,99,,94471,33,,,0,100,,94468,33,,,0,99,,94462,33,,,0,98,,94473,33,,,0,105,,94461,33,,,0
25300,'20262010',1610,,86511,32,4,,0,29,,86512,32,4,,0,69,,86513,32,4,,0,29,,86514,32,4,,0
25300,'20263010',1614,,99579,32,4,,0,30,,99580,32,4,,0,73,,99581,32,4,,0,26,,99582,32,4,,0
35000,'20263010',1257,,99814,38,4,,0,344,,99818,38,4,,0,110,,99815,38,4,,0,48,,99816,38,4,,0,149,,99817,38,4,,0
55000,'20262010',1630,,86787,36,4,,0,87,,86786,36,4,,0,22,,86785,36,4,,0,70,,86788,36,4,,0
55000,'20263010',1600,,100021,36,4,,0,28,,100019,36,4,,0,93,,100018,36,4,,0,31,,100017,36,4,,0,64,,100020,36,4,,0
95002,'20262010',2600,,90479,32,,,0,130,,90480,32,,,0
95002,'20262510',2600,,90482,32,,,0,130,,90481,32,,,0
95002,'20263010',2600,,106098,32,,,0,129,,106099,32,,,0
95002,'20263510',2600,,106101,32,,,0,129,,106100,32,,,0
95002,'20263511',2600,,106103,32,,,0,129,,106102,32,,,0
