'20260010multint',80702,54100,4,'',1,1400,4,'',1,5600,4,'',1,1600,4,'',1,1400,4,'',1,1600,4,'',1,5600,4,'',1,700,4,'',1,800,4,'',1,800,4,'',1,1000,4,'',1,900,4,'',1,5000,4,'',1,1100,4,'',1,900,4,'',1,1000,4,'',1,900,4,'',1,800,4,'',1,5300,4,'',1,1100,4,'',1,1200,4,'',1,1200,4,'',1,1400,4,'',1,5400,4,'',1,1400,4,'',1,1500,4,'',1,1500,4,'',1,5400,4,'',1,1400,4,'',1,1400,4,'',1,1700,4,'',1,5500,4,'',1,1500,4,'',1,1400,4,'',1,1300,4,'',1,5300,4,'',1,1300,4,'',1,1200,4,'',1,1200,4,'',1,1200,4,'',1,5200,4,'',1,1200,4,'',1,1300,4,'',1,1200,4,'',1,1300,4,'',1,5300,4,'',1,1000,4,'',1,1200,4,'',1,1000,4,'',1,1000,4,'',1,1000,4,'',1,5100,4,'',1,1000,4,'',1,1100,4,'',1,1000,4,'',1,1000,4,'',1,1000,4,'',1,4900,4,'',1,1000,4,'',1,1000,4,'',1,900,4,'',1,1200,4,'',1,5100,4,'',1,1200,4,'',1,1100,4,'',1,1500,4,'',1,1600,4,'',1,5400,4,'',1,1500,4,'',1,1500,4,'',1,1500,4,'',1,5500,4,'',1,1500,4,'',1,1500,4,'',1,1500,4,'',1,5500,4,'',1,1500,4,'',1,1500,4,'',1,1500,4,'',1,5500,4,'',1,1500,4,'',1,1500,4,'',1,1500,4,'',1,5500,4,'',1,1600,4,'',1,1500,4,'',1,1500,4,'',1,5500,4,'',1,1500,4,'',1,1400,4,'',1,1500,4,'',1,5500,4,'',1,1500,4,'',1
'20260510multint',80702,55600,4,'',1,5500,4,'',1,1500,4,'',1,1500,4,'',1,1500,4,'',1,5400,4,'',1,1600,4,'',1,1500,4,'',1,1500,4,'',1,5400,4,'',1,1500,4,'',1,1500,4,'',1,1600,4,'',1,5400,4,'',1,1500,4,'',1,1500,4,'',1,1500,4,'',1,5500,4,'',1,1500,4,'',1,1500,4,'',1,1500,4,'',1,5500,4,'',1,1500,4,'',1,1500,4,'',1,1600,4,'',1,5500,4,'',1,1500,4,'',1,1500,4,'',1,1500,4,'',1,5400,4,'',1,1500,4,'',1,1500,4,'',1,1500,4,'',1,5500,4,'',1,1500,4,'',1,1500,4,'',1,1500,4,'',1,5500,4,'',1,1500,4,'',1,1500,4,'',1,1500,4,'',1,5400,4,'',1,1600,4,'',1,1400,4,'',1,1600,4,'',1,5500,4,'',1,1500,4,'',1,1500,4,'',1,1500,4,'',1,5600,4,'',1,1500,4,'',1,1400,4,'',1,1400,4,'',1,5500,4,'',1,1500,4,'',1,1500,4,'',1,1500,4,'',1,5500,4,'',1,1500,4,'',1,1500,4,'',1,1600,4,'',1,5500,4,'',1,1500,4,'',1,1600,4,'',1,1400,4,'',1,5500,4,'',1,1500,4,'',1,1500,4,'',1,1500,4,'',1,5500,4,'',1,1500,4,'',1,1500,4,'',1,1600,4,'',1,5500,4,'',1,1500,4,'',1,1500,4,'',1,1500,4,'',1,5500,4,'',1
'20260511multint',80702,55600,4,'',1,5500,4,'',1,1500,4,'',1,1500,4,'',1,1500,4,'',1,5400,4,'',1,1600,4,'',1,1500,4,'',1,1500,4,'',1,5400,4,'',1,1500,4,'',1,1500,4,'',1,1600,4,'',1,5400,4,'',1,1500,4,'',1,1500,4,'',1,1500,4,'',1,5500,4,'',1,1500,4,'',1,1500,4,'',1,1500,4,'',1,5500,4,'',1,1500,4,'',1,1500,4,'',1,1600,4,'',1,5500,4,'',1,1500,4,'',1,1500,4,'',1,1500,4,'',1,5400,4,'',1,1500,4,'',1,1500,4,'',1,1500,4,'',1,5500,4,'',1,1500,4,'',1,1500,4,'',1,1500,4,'',1,5500,4,'',1,1500,4,'',1,1500,4,'',1,1500,4,'',1,5400,4,'',1,1600,4,'',1,1400,4,'',1,1600,4,'',1,5500,4,'',1,1500,4,'',1,1500,4,'',1,1500,4,'',1,5600,4,'',1,1500,4,'',1,1400,4,'',1,1400,4,'',1,5500,4,'',1,1500,4,'',1,1500,4,'',1,1500,4,'',1,5500,4,'',1,1500,4,'',1,1500,4,'',1,1600,4,'',1,5500,4,'',1,1500,4,'',1,1600,4,'',1,1400,4,'',1,5500,4,'',1,1500,4,'',1,1500,4,'',1,1500,4,'',1,5500,4,'',1,1500,4,'',1,1500,4,'',1,1600,4,'',1,5500,4,'',1,1500,4,'',1,1500,4,'',1,1500,4,'',1,5500,4,'',1
'20260512multint',80702,55600,4,'',1,5500,4,'',1,1500,4,'',1,1500,4,'',1,1500,4,'',1,5400,4,'',1,1600,4,'',1,1500,4,'',1,1500,4,'',1,5400,4,'',1,1500,4,'',1,1500,4,'',1,1600,4,'',1,5400,4,'',1,1500,4,'',1,1500,4,'',1,1500,4,'',1,5500,4,'',1,1500,4,'',1,1500,4,'',1,1500,4,'',1,5500,4,'',1,1500,4,'',1,1500,4,'',1,1600,4,'',1,5500,4,'',1,1500,4,'',1,1500,4,'',1,1500,4,'',1,5400,4,'',1,1500,4,'',1,1500,4,'',1,1500,4,'',1,5500,4,'',1,1500,4,'',1,1500,4,'',1,1500,4,'',1,5500,4,'',1,1500,4,'',1,1500,4,'',1,1500,4,'',1,5400,4,'',1,1600,4,'',1,1400,4,'',1,1600,4,'',1,5500,4,'',1,1500,4,'',1,1500,4,'',1,1500,4,'',1,5600,4,'',1,1500,4,'',1,1400,4,'',1,1400,4,'',1,5500,4,'',1,1500,4,'',1,1500,4,'',1,1500,4,'',1,5500,4,'',1,1500,4,'',1,1500,4,'',1,1600,4,'',1,5500,4,'',1,1500,4,'',1,1600,4,'',1,1400,4,'',1,5500,4,'',1,1500,4,'',1,1500,4,'',1,1500,4,'',1,5500,4,'',1,1500,4,'',1,1500,4,'',1,1600,4,'',1,5500,4,'',1,1500,4,'',1,1500,4,'',1,1500,4,'',1,5500,4,'',1
'20260610multint',80702,55600,4,'',1,5500,4,'',1,1500,4,'',1,1500,4,'',1,1500,4,'',1,5400,4,'',1,1600,4,'',1,1500,4,'',1,1500,4,'',1,5400,4,'',1,1500,4,'',1,1500,4,'',1,1600,4,'',1,5400,4,'',1,1500,4,'',1,1500,4,'',1,1500,4,'',1,5500,4,'',1,1500,4,'',1,1500,4,'',1,1500,4,'',1,5500,4,'',1,1500,4,'',1,1500,4,'',1,1600,4,'',1,5500,4,'',1,1500,4,'',1,1500,4,'',1,1500,4,'',1,5400,4,'',1,1500,4,'',1,1500,4,'',1,1500,4,'',1,5500,4,'',1,1500,4,'',1,1500,4,'',1,1500,4,'',1,5500,4,'',1,1500,4,'',1,1500,4,'',1,1500,4,'',1,5400,4,'',1,1600,4,'',1,1400,4,'',1,1600,4,'',1,5500,4,'',1,1500,4,'',1,1500,4,'',1,1500,4,'',1,5600,4,'',1,1500,4,'',1,1400,4,'',1,1400,4,'',1,5500,4,'',1,1500,4,'',1,1500,4,'',1,1500,4,'',1,5500,4,'',1,1500,4,'',1,1500,4,'',1,1600,4,'',1,5500,4,'',1,1500,4,'',1,1600,4,'',1,1400,4,'',1,5500,4,'',1,1500,4,'',1,1500,4,'',1,1500,4,'',1,5500,4,'',1,1500,4,'',1,1500,4,'',1,1600,4,'',1,5500,4,'',1,1500,4,'',1,1500,4,'',1,1500,4,'',1,5500,4,'',1
'20260010multint',90702,255600,4,'',0,8500,4,'',0
'20260510multint',90702,255600,4,'',0,8500,4,'',0
'20260511multint',90702,255600,4,'',0,8500,4,'',0
'20260010multint',99103,253000,,'',0,17000,,'',0
'20260510multint',99103,253000,,'',0,17000,,'',0
'20260511multint',99103,253000,,'',0,17000,,'',0
