7001,'20262010',549,,68932,5,,,0,57,,68949,5,,,0,15,,68950,5,,,0,19,,68933,5,,,0,19,,68951,5,,,0,59,,68952,5,,,0,17,,68934,5,,,0,18,,68953,5,,,0,62,,68954,5,,,0,23,,68935,5,,,0,19,,68955,5,,,0,59,,68956,5,,,0,19,,68936,5,,,0,20,,68957,5,,,0,60,,68958,5,,,0,20,,68937,5,,,0,20,,68959,5,,,0,61,,68960,5,,,0,20,,68938,5,,,0,19,,68961,5,,,0,61,,68962,5,,,0,20,,68939,5,,,0,21,,68963,5,,,0,58,,68964,5,,,0,21,,68940,5,,,0,18,,68965,5,,,0,62,,68966,5,,,0,19,,68941,5,,,0,21,,68967,5,,,0,61,,68968,5,,,0,19,,68942,5,,,0,20,,68969,5,,,0,66,,68970,5,,,0,23,,68943,5,,,0,65,,68971,5,,,0,23,,68972,5,,,0,22,,68944,5,,,0,62,,68973,5,,,0,29,,68945,5,,,0,70,,68974,5,,,0,32,,68946,5,,,0,70,,68975,5,,,0,30,,68947,5,,,0,72,,68976,5,,,0,31,,68948,5,,,0,71,,68977,5,,,0,30,,68978,5,,,0
7001,'20262011',549,,68979,5,,,0,57,,68996,5,,,0,15,,68997,5,,,0,19,,68980,5,,,0,19,,68998,5,,,0,59,,68999,5,,,0,17,,68981,5,,,0,18,,69000,5,,,0,62,,69001,5,,,0,23,,68982,5,,,0,19,,69002,5,,,0,59,,69003,5,,,0,19,,68983,5,,,0,20,,69004,5,,,0,60,,69005,5,,,0,20,,68984,5,,,0,20,,69006,5,,,0,61,,69007,5,,,0,20,,68985,5,,,0,19,,69008,5,,,0,61,,69009,5,,,0,20,,68986,5,,,0,21,,69010,5,,,0,58,,69011,5,,,0,21,,68987,5,,,0,18,,69012,5,,,0,62,,69013,5,,,0,19,,68988,5,,,0,21,,69014,5,,,0,61,,69015,5,,,0,19,,68989,5,,,0,20,,69016,5,,,0,66,,69017,5,,,0,23,,68990,5,,,0,65,,69018,5,,,0,23,,69019,5,,,0,22,,68991,5,,,0,62,,69020,5,,,0,29,,68992,5,,,0,70,,69021,5,,,0,32,,68993,5,,,0,70,,69022,5,,,0,30,,68994,5,,,0,72,,69023,5,,,0,31,,68995,5,,,0,71,,69024,5,,,0,30,,69025,5,,,0
7001,'20262510',549,,69026,5,,,0,70,,69042,5,,,0,30,,69027,5,,,0,69,,69043,5,,,0,29,,69028,5,,,0,70,,69044,5,,,0,29,,69029,5,,,0,70,,69045,5,,,0,30,,69030,5,,,0,69,,69046,5,,,0,30,,69031,5,,,0,69,,69047,5,,,0,29,,69032,5,,,0,70,,69048,5,,,0,30,,69033,5,,,0,70,,69049,5,,,0,30,,69050,5,,,0,70,,69051,5,,,0,30,,69052,5,,,0,70,,69053,5,,,0,28,,69034,5,,,0,70,,69054,5,,,0,32,,69035,5,,,0,72,,69055,5,,,0,34,,69036,5,,,0,70,,69056,5,,,0,30,,69057,5,,,0,70,,69037,5,,,0,31,,69058,5,,,0,70,,69038,5,,,0,31,,69041,5,,,0,70,,69039,5,,,0,30,,69059,5,,,0,70,,69040,5,,,0
7001,'20262511',549,,69060,5,,,0,70,,69076,5,,,0,30,,69061,5,,,0,69,,69077,5,,,0,29,,69062,5,,,0,70,,69078,5,,,0,29,,69063,5,,,0,70,,69079,5,,,0,30,,69064,5,,,0,69,,69080,5,,,0,30,,69065,5,,,0,69,,69081,5,,,0,29,,69066,5,,,0,70,,69082,5,,,0,30,,69067,5,,,0,70,,69083,5,,,0,30,,69084,5,,,0,70,,69085,5,,,0,30,,69086,5,,,0,70,,69087,5,,,0,28,,69068,5,,,0,70,,69088,5,,,0,32,,69069,5,,,0,72,,69089,5,,,0,34,,69070,5,,,0,70,,69090,5,,,0,30,,69091,5,,,0,70,,69071,5,,,0,31,,69092,5,,,0,70,,69072,5,,,0,31,,69075,5,,,0,70,,69073,5,,,0,30,,69093,5,,,0,70,,69074,5,,,0
7001,'20262610',549,,69094,5,,,0,70,,69111,5,,,0,30,,69095,5,,,0,69,,69112,5,,,0,29,,69096,5,,,0,70,,69110,5,,,0,29,,69097,5,,,0,70,,69113,5,,,0,30,,69098,5,,,0,69,,69114,5,,,0,30,,69099,5,,,0,69,,69115,5,,,0,29,,69100,5,,,0,70,,69116,5,,,0,30,,69101,5,,,0,70,,69117,5,,,0,30,,69118,5,,,0,70,,69119,5,,,0,30,,69120,5,,,0,70,,69121,5,,,0,28,,69102,5,,,0,70,,69122,5,,,0,32,,69103,5,,,0,72,,69123,5,,,0,34,,69104,5,,,0,70,,69124,5,,,0,30,,69125,5,,,0,70,,69105,5,,,0,31,,69126,5,,,0,70,,69106,5,,,0,31,,69109,5,,,0,70,,69107,5,,,0,30,,69127,5,,,0,70,,69108,5,,,0
7001,'20262611',549,,69128,5,,,0,70,,69145,5,,,0,30,,69129,5,,,0,69,,69146,5,,,0,29,,69130,5,,,0,70,,69144,5,,,0,29,,69131,5,,,0,70,,69147,5,,,0,30,,69132,5,,,0,69,,69148,5,,,0,30,,69133,5,,,0,69,,69149,5,,,0,29,,69134,5,,,0,70,,69150,5,,,0,30,,69135,5,,,0,70,,69151,5,,,0,30,,69152,5,,,0,70,,69153,5,,,0,30,,69154,5,,,0,70,,69155,5,,,0,28,,69136,5,,,0,70,,69156,5,,,0,32,,69137,5,,,0,72,,69157,5,,,0,34,,69138,5,,,0,70,,69158,5,,,0,30,,69159,5,,,0,70,,69139,5,,,0,31,,69160,5,,,0,70,,69140,5,,,0,31,,69143,5,,,0,70,,69141,5,,,0,30,,69161,5,,,0,70,,69142,5,,,0
27001,'20262010',602,,72980,5,,,0,13,,72981,5,,,0,12,,72982,5,,,0,16,,72983,5,,,0,10,,72984,5,,,0,65,,72985,5,,,0,11,,72986,5,,,0,17,,72987,5,,,0,56,,72988,5,,,0
27001,'20262011',602,,72989,5,,,0,13,,72990,5,,,0,12,,72991,5,,,0,16,,72992,5,,,0,10,,72993,5,,,0,65,,72994,5,,,0,11,,72995,5,,,0,17,,72996,5,,,0,56,,72997,5,,,0
57001,'20262010',626,,73900,5,,,0,28,,73901,5,,,0,67,,73902,5,,,0
57001,'20262011',626,,73903,5,,,0,28,,73904,5,,,0,67,,73905,5,,,0
