5400,'20262011',620,,67028,3,,,1,33,,67029,3,,,1,69,,67007,3,,,1,33,,67030,3,,,1,69,,67008,3,,,1,29,,67031,3,,,1,69,,67009,3,,,1,30,,67032,3,,,1,71,,67010,3,,,1,30,,67033,3,,,1,70,,67011,3,,,1,30,,67012,3,,,1,70,,67026,3,,,1,31,,67034,3,,,1,68,,67013,3,,,1,30,,67035,3,,,1,70,,67014,3,,,1,31,,67036,3,,,1,67,,67015,3,,,1,35,,67025,16,,,1,75,,67022,16,,,1,78,,67024,16,,,1,21,,67023,16,,,1,15,,67037,3,,,1,58,,67016,3,,,1,28,,67017,3,,,1,72,,67027,3,,,1,99,,67018,3,,,1,102,,67019,3,,,1,99,,67020,3,,,1,104,,67021,3,,,1,102,,67038,3,,,1,95,,67039,3,,,1
5400,'20262511',701,,67065,3,,,1,100,,67066,3,,,1,100,,67067,3,,,1,99,,67086,3,,,1,59,,67087,3,,,1,100,,67080,3,,,1,70,,67068,3,,,1,29,,67081,3,,,1,71,,67069,3,,,1,30,,67082,3,,,1,69,,67070,3,,,1,31,,67083,3,,,1,72,,67071,3,,,1,24,,67084,3,,,1,75,,67072,3,,,1,74,,67085,3,,,1,33,,67073,3,,,1,64,,67074,3,,,1,101,,67075,3,,,1,99,,67076,3,,,1,100,,67077,3,,,1,101,,67078,3,,,1,99,,67079,3,,,1,102,,67088,3,,,1,99,,67089,3,,,1
5400,'20262611',701,,67127,3,,,1,100,,67121,3,,,1,100,,67128,3,,,1,99,,67135,3,,,1,59,,67137,3,,,1,100,,67118,3,,,1,70,,67129,3,,,1,29,,67119,3,,,1,71,,67123,3,,,1,30,,67132,3,,,1,69,,67124,3,,,1,31,,67133,3,,,1,72,,67117,3,,,1,24,,67136,3,,,1,75,,67125,3,,,1,74,,67134,3,,,1,33,,67122,3,,,1,64,,67115,3,,,1,101,,67120,3,,,1,99,,67126,3,,,1,100,,67130,3,,,1,101,,67116,3,,,1,99,,67131,3,,,1,102,,67139,3,,,1,99,,67138,3,,,1
5500,'20262011',656,,67326,3,,,0,150,,67327,3,,,0,47,,67328,3,,,0,100,,67329,3,,,0,99,,67330,3,,,0,72,,67348,3,,,0,30,,67331,3,,,0,73,,67332,3,,,0,100,,67333,3,,,0,92,,67334,3,,,0,28,,67347,3,,,0,76,,67335,3,,,0,34,,67336,3,,,0,67,,67337,3,,,0,33,,67338,3,,,0,74,,67339,3,,,0,74,,67340,3,,,0,45,,67341,3,,,0,89,,67342,3,,,0,100,,67343,3,,,0,102,,67344,3,,,0,102,,67345,3,,,0,101,,67346,3,,,0,98,,67349,3,,,0
5500,'20262511',733,,67368,3,,,0,99,,67369,3,,,0,100,,67370,3,,,0,99,,67371,3,,,0,100,,67372,3,,,0,100,,67373,3,,,0,101,,67374,3,,,0,97,,67375,3,,,0,104,,67376,3,,,0,97,,67377,3,,,0,103,,67378,3,,,0,98,,67379,3,,,0,100,,67380,3,,,0,100,,67381,3,,,0,100,,67382,3,,,0,99,,67383,3,,,0,99,,67384,3,,,0,100,,67385,3,,,0
5500,'20262611',733,,67419,3,,,0,99,,67405,3,,,0,100,,67413,3,,,0,99,,67412,3,,,0,100,,67406,3,,,0,100,,67418,3,,,0,101,,67417,3,,,0,97,,67415,3,,,0,104,,67411,3,,,0,97,,67414,3,,,0,103,,67410,3,,,0,98,,67408,3,,,0,100,,67407,3,,,0,100,,67404,3,,,0,100,,67420,3,,,0,99,,67409,3,,,0,99,,67416,3,,,0,100,,67421,3,,,0
5800,'20262011',700,,67800,3,,,0,102,,67801,3,,,0,30,,67785,3,,,0,70,,67802,3,,,0,36,,67797,3,,,0,103,,67803,3,,,0,100,,67786,3,,,0,100,,67787,3,,,0,100,,67804,3,,,0,100,,67796,3,,,0,70,,67788,3,,,0,24,,67789,3,,,0,68,,67790,3,,,0,31,,67791,3,,,0,79,,67792,3,,,0,29,,67793,3,,,0,69,,67806,3,,,0,31,,67795,3,,,0,99,,67805,3,,,0,101,,67798,3,,,0,100,,67799,3,,,0,100,,67794,3,,,0,98,,67807,3,,,0
5800,'20262511',733,,67834,3,,,0,99,,67825,3,,,0,101,,67835,3,,,0,99,,67832,3,,,0,100,,67836,3,,,0,100,,67826,3,,,0,100,,67827,3,,,0,100,,67837,3,,,0,101,,67838,3,,,0,103,,67833,3,,,0,103,,67828,3,,,0,95,,67829,3,,,0,98,,67839,3,,,0,100,,67840,3,,,0,100,,67841,3,,,0,100,,67830,3,,,0,100,,67831,3,,,0
5800,'20262611',733,,67872,3,,,0,99,,67870,3,,,0,101,,67866,3,,,0,99,,67869,3,,,0,100,,67874,3,,,0,100,,67861,3,,,0,100,,67859,3,,,0,100,,67873,3,,,0,101,,67863,3,,,0,103,,67860,3,,,0,103,,67867,3,,,0,95,,67871,3,,,0,98,,67865,3,,,0,100,,67864,3,,,0,100,,67875,3,,,0,100,,67868,3,,,0,100,,67862,3,,,0
25000,'20262011',1521,,72853,9,4,,0,32,,72854,9,4,,0,56,,72855,9,4,,0,14,,72856,9,4,,0,29,,72857,9,4,,0,70,,72858,9,4,,0,30,,72859,9,4,,0
25800,'20262011',1556,,72954,9,4,,0,71,,72955,9,4,,0,29,,72956,9,4,,0,69,,72957,9,4,,0
55000,'20262011',1611,,73858,12,4,,0,46,,73857,12,4,,0,65,,73856,12,4,,0,30,,73859,12,4,,0
95400,'20262011',2549,,81250,16,,,0,170,,81251,16,,,0
95400,'20262511',2549,,81254,16,,,0,170,,81255,16,,,0
