9301,'20262010',551,,86163,24,0,11 12 1 13 14,0,94,,86148,24,0,11 12 1 13 14,0,60,,86170,24,0,11 12 1 13 14,0,14,,86149,24,0,11 12 1 13 14,0,31,,86150,24,0,11 12 1 13 14,0,71,,86151,24,0,11 12 1 13 14,0,29,,86152,24,0,11 12 1 13 14,0,71,,86161,24,0,11 12 1 13 14,0,99,,86153,24,0,11 12 1 13 14,0,100,,86166,24,0,11 12 1 13 14,0,100,,86154,24,0,11 12 1 13 14,0,101,,86167,24,0,11 12 1 13 14,0,99,,86155,24,0,11 12 1 13 14,0,100,,86159,24,0,11 12 1 13 14,0,30,,86168,24,0,11 12 1 13 14,0,63,,86156,24,0,11 12 1 13 14,0,41,,86169,24,0,11 12 1 13 14,0,76,,86162,24,0,11 12 1 13 14,0,95,,86160,24,0,11 12 1 13 14,0,100,,86164,24,0,11 12 1 13 14,0,101,,86157,24,0,11 12 1 13 14,0,99,,86165,24,0,11 12 1 13 14,0,105,,86158,24,0,11 12 1 13 14,0
9301,'20262510',718,,86176,24,0,11 12 1 13 14,0,101,,86171,24,0,11 12 1 13 14,0,100,,86185,24,0,11 12 1 13 14,0,95,,86178,24,0,11 12 1 13 14,0,104,,86180,24,0,11 12 1 13 14,0,100,,86172,24,0,11 12 1 13 14,0,98,,86181,24,0,11 12 1 13 14,0,106,,86179,24,0,11 12 1 13 14,0,101,,86182,24,0,11 12 1 13 14,0,92,,86173,24,0,11 12 1 13 14,0,110,,86183,24,0,11 12 1 13 14,0,94,,86177,24,0,11 12 1 13 14,0,99,,86184,24,0,11 12 1 13 14,0,100,,86174,24,0,11 12 1 13 14,0,199,,86175,24,0,11 12 1 13 14,0,200,,86186,24,0,11 12 1 13 14,0
9301,'20262610',718,,86199,24,0,11 12 1 13 14,0,101,,86192,24,0,11 12 1 13 14,0,100,,86200,24,0,11 12 1 13 14,0,95,,86187,24,0,11 12 1 13 14,0,104,,86195,24,0,11 12 1 13 14,0,100,,86188,24,0,11 12 1 13 14,0,98,,86196,24,0,11 12 1 13 14,0,106,,86193,24,0,11 12 1 13 14,0,101,,86197,24,0,11 12 1 13 14,0,92,,86189,24,0,11 12 1 13 14,0,110,,86198,24,0,11 12 1 13 14,0,94,,86194,24,0,11 12 1 13 14,0,99,,86201,24,0,11 12 1 13 14,0,100,,86190,24,0,11 12 1 13 14,0,199,,86191,24,0,11 12 1 13 14,0,200,,86202,24,0,11 12 1 13 14,0
9301,'20263010',554,,99007,24,0,11 12 1 13 14,0,50,,99015,24,0,24 14,0,49,,98992,24,0,11 12 1 13 14,0,55,,99014,24,0,11 12 1 13 14,0,15,,98993,24,0,11 12 1 13 14,0,13,,99016,24,0,24 14,0,20,,98994,24,0,11 12 1 13 14,0,69,,98995,24,0,11 12 1 13 14,0,31,,98996,24,0,11 12 1 13 14,0,50,,99017,24,0,24 14,0,22,,99005,24,0,11 12 1 13 14,0,98,,98997,24,0,11 12 1 13 14,0,9,,99018,24,0,24 14,0,89,,99010,24,0,11 12 1 13 14,0,81,,99019,24,0,24 14,0,19,,98998,24,0,11 12 1 13 14,0,100,,99011,24,0,11 12 1 13 14,0,11,,99020,24,0,24 14,0,88,,98999,24,0,11 12 1 13 14,0,82,,99021,24,0,24 14,0,13,,99003,24,0,11 12 1 13 14,0,24,,99012,24,0,11 12 1 13 14,0,69,,99000,24,0,11 12 1 13 14,0,24,,99022,24,0,24 14,0,13,,99013,24,0,11 12 1 13 14,0,77,,99006,24,0,11 12 1 13 14,0,80,,99023,24,0,24 14,0,19,,99004,24,0,11 12 1 13 14,0,101,,99008,24,0,11 12 1 13 14,0,10,,99024,24,0,24 14,0,90,,99001,24,0,11 12 1 13 14,0,79,,99025,24,0,24 14,0,21,,99009,24,0,11 12 1 13 14,0,100,,99002,24,0,11 12 1 13 14,0
9301,'20263510',604,,99042,24,0,24 14,0,20,,99041,24,0,11 12 1 13 14,0,99,,99031,24,0,11 12 1 13 14,0,12,,99043,24,0,24 14,0,88,,99026,24,0,11 12 1 13 14,0,82,,99044,24,0,24 14,0,18,,99040,24,0,11 12 1 13 14,0,100,,99033,24,0,11 12 1 13 14,0,12,,99045,24,0,24 14,0,88,,99035,24,0,11 12 1 13 14,0,82,,99046,24,0,24 14,0,18,,99027,24,0,11 12 1 13 14,0,100,,99036,24,0,11 12 1 13 14,0,12,,99047,24,0,24 14,0,88,,99034,24,0,11 12 1 13 14,0,82,,99048,24,0,24 14,0,18,,99037,24,0,11 12 1 13 14,0,100,,99028,24,0,11 12 1 13 14,0,12,,99049,24,0,24 14,0,89,,99038,24,0,11 12 1 13 14,0,81,,99050,24,0,24 14,0,19,,99032,24,0,11 12 1 13 14,0,99,,99039,24,0,11 12 1 13 14,0,12,,99051,24,0,24 14,0,88,,99029,24,0,11 12 1 13 14,0,81,,99052,24,0,24 14,0,119,,99030,24,0,11 12 1 13 14,0
9301,'20263511',604,,99069,24,0,24 14,0,20,,99068,24,0,11 12 1 13 14,0,99,,99058,24,0,11 12 1 13 14,0,12,,99070,24,0,24 14,0,88,,99053,24,0,11 12 1 13 14,0,82,,99071,24,0,24 14,0,18,,99067,24,0,11 12 1 13 14,0,100,,99060,24,0,11 12 1 13 14,0,12,,99072,24,0,24 14,0,88,,99062,24,0,11 12 1 13 14,0,82,,99073,24,0,24 14,0,18,,99054,24,0,11 12 1 13 14,0,100,,99063,24,0,11 12 1 13 14,0,12,,99074,24,0,24 14,0,88,,99061,24,0,11 12 1 13 14,0,82,,99075,24,0,24 14,0,18,,99064,24,0,11 12 1 13 14,0,100,,99055,24,0,11 12 1 13 14,0,12,,99076,24,0,24 14,0,89,,99065,24,0,11 12 1 13 14,0,81,,99077,24,0,24 14,0,19,,99059,24,0,11 12 1 13 14,0,99,,99066,24,0,11 12 1 13 14,0,12,,99078,24,0,24 14,0,88,,99056,24,0,11 12 1 13 14,0,81,,99079,24,0,24 14,0,119,,99057,24,0,11 12 1 13 14,0
9301,'20263610',604,,99096,24,0,24 14,0,20,,99095,24,0,11 12 1 13 14,0,99,,99092,24,0,11 12 1 13 14,0,12,,99097,24,0,24 14,0,88,,99085,24,0,11 12 1 13 14,0,82,,99098,24,0,24 14,0,18,,99093,24,0,11 12 1 13 14,0,100,,99080,24,0,11 12 1 13 14,0,12,,99099,24,0,24 14,0,88,,99088,24,0,11 12 1 13 14,0,82,,99100,24,0,24 14,0,18,,99081,24,0,11 12 1 13 14,0,100,,99089,24,0,11 12 1 13 14,0,12,,99101,24,0,24 14,0,88,,99086,24,0,11 12 1 13 14,0,82,,99102,24,0,24 14,0,18,,99090,24,0,11 12 1 13 14,0,100,,99082,24,0,11 12 1 13 14,0,12,,99103,24,0,24 14,0,89,,99091,24,0,11 12 1 13 14,0,81,,99104,24,0,24 14,0,19,,99087,24,0,11 12 1 13 14,0,99,,99094,24,0,11 12 1 13 14,0,12,,99105,24,0,24 14,0,88,,99083,24,0,11 12 1 13 14,0,81,,99106,24,0,24 14,0,119,,99084,24,0,11 12 1 13 14,0
9301,'20263611',604,,99123,24,0,24 14,0,20,,99122,24,0,11 12 1 13 14,0,99,,99119,24,0,11 12 1 13 14,0,12,,99124,24,0,24 14,0,88,,99112,24,0,11 12 1 13 14,0,82,,99125,24,0,24 14,0,18,,99120,24,0,11 12 1 13 14,0,100,,99107,24,0,11 12 1 13 14,0,12,,99126,24,0,24 14,0,88,,99115,24,0,11 12 1 13 14,0,82,,99127,24,0,24 14,0,18,,99108,24,0,11 12 1 13 14,0,100,,99116,24,0,11 12 1 13 14,0,12,,99128,24,0,24 14,0,88,,99113,24,0,11 12 1 13 14,0,82,,99129,24,0,24 14,0,18,,99117,24,0,11 12 1 13 14,0,100,,99109,24,0,11 12 1 13 14,0,12,,99130,24,0,24 14,0,89,,99118,24,0,11 12 1 13 14,0,81,,99131,24,0,24 14,0,19,,99114,24,0,11 12 1 13 14,0,99,,99121,24,0,11 12 1 13 14,0,12,,99132,24,0,24 14,0,88,,99110,24,0,11 12 1 13 14,0,81,,99133,24,0,24 14,0,119,,99111,24,0,11 12 1 13 14,0
28302,'20262010',644,,86636,21,,,0,65,,86634,21,,,0,25,,86635,21,,,0
28302,'20263010',634,,99710,21,,,0,25,,99708,21,,,0,69,,99709,21,,,0
