5302,'20262010',728,,83462,37,,,0,28,,83465,37,,,0,74,,83444,37,,,0,79,,83456,37,,,0,30,,83464,37,,,0,88,,83457,37,,,0,100,,83445,37,,,0,99,,83461,37,,,0,101,,83458,37,,,0,100,,83459,37,,,0,100,,83460,37,,,0,29,,83454,37,,,0,77,,83446,37,,,0,74,,83453,37,,,0,31,,83451,37,,,0,63,,83447,37,,,0,27,,83448,37,,,0,101,,83452,37,,,0,101,,83449,37,,,0,100,,83450,37,,,0,101,,83455,37,,,0,107,,83463,37,,,0
5302,'20262510',725,,83479,37,,,0,101,,83466,37,,,0,100,,83467,37,,,0,100,,83478,37,,,0,100,,83468,37,,,0,99,,83469,37,,,0,100,,83480,37,,,0,99,,83470,37,,,0,98,,83471,37,,,0,105,,83481,37,,,0,98,,83472,37,,,0,100,,83473,37,,,0,100,,83477,37,,,0,99,,83474,37,,,0,100,,83475,37,,,0,98,,83482,37,,,0,106,,83476,37,,,0
5302,'20262610',725,,83496,37,,,0,101,,83483,37,,,0,100,,83484,37,,,0,100,,83495,37,,,0,100,,83485,37,,,0,99,,83486,37,,,0,100,,83497,37,,,0,99,,83487,37,,,0,98,,83488,37,,,0,105,,83499,37,,,0,98,,83489,37,,,0,100,,83490,37,,,0,100,,83494,37,,,0,99,,83491,37,,,0,100,,83492,37,,,0,98,,83498,37,,,0,106,,83493,37,,,0
5302,'20263010',723,,94403,37,,,0,30,,94406,37,,,0,72,,94385,37,,,0,34,,94397,37,,,0,78,,94405,37,,,0,85,,94398,37,,,0,100,,94386,37,,,0,101,,94402,37,,,0,100,,94399,37,,,0,100,,94400,37,,,0,86,,94401,37,,,0,45,,94395,37,,,0,66,,94387,37,,,0,31,,94394,37,,,0,76,,94392,37,,,0,27,,94388,37,,,0,69,,94389,37,,,0,100,,94393,37,,,0,99,,94390,37,,,0,104,,94391,37,,,0,103,,94396,37,,,0,103,,94404,37,,,0
5302,'20263510',725,,94420,37,,,0,101,,94407,37,,,0,101,,94408,37,,,0,101,,94419,37,,,0,98,,94409,37,,,0,99,,94410,37,,,0,100,,94421,37,,,0,99,,94411,37,,,0,97,,94412,37,,,0,104,,94422,37,,,0,96,,94413,37,,,0,105,,94414,37,,,0,99,,94418,37,,,0,100,,94415,37,,,0,99,,94416,37,,,0,98,,94423,37,,,0,105,,94417,37,,,0
5302,'20263511',725,,94437,37,,,0,101,,94424,37,,,0,101,,94425,37,,,0,101,,94436,37,,,0,98,,94426,37,,,0,99,,94427,37,,,0,100,,94438,37,,,0,99,,94428,37,,,0,97,,94429,37,,,0,104,,94439,37,,,0,96,,94430,37,,,0,105,,94431,37,,,0,99,,94435,37,,,0,100,,94432,37,,,0,99,,94433,37,,,0,98,,94440,37,,,0,105,,94434,37,,,0
5302,'20263610',725,,94452,37,,,0,101,,94442,37,,,0,101,,94448,37,,,0,101,,94453,37,,,0,98,,94443,37,,,0,99,,94447,37,,,0,100,,94457,37,,,0,99,,94441,37,,,0,97,,94450,37,,,0,104,,94455,37,,,0,96,,94449,37,,,0,105,,94446,37,,,0,99,,94454,37,,,0,100,,94451,37,,,0,99,,94445,37,,,0,98,,94456,37,,,0,105,,94444,37,,,0
5302,'20263611',725,,94469,37,,,0,101,,94459,37,,,0,101,,94465,37,,,0,101,,94470,37,,,0,98,,94460,37,,,0,99,,94464,37,,,0,100,,94474,37,,,0,99,,94458,37,,,0,97,,94467,37,,,0,104,,94472,37,,,0,96,,94466,37,,,0,105,,94463,37,,,0,99,,94471,37,,,0,100,,94468,37,,,0,99,,94462,37,,,0,98,,94473,37,,,0,105,,94461,37,,,0
25300,'20262010',1613,,86511,36,4,,0,29,,86512,36,4,,0,69,,86513,36,4,,0,29,,86514,36,4,,0
25300,'20263010',1617,,99579,36,4,,0,30,,99580,36,4,,0,73,,99581,36,4,,0,26,,99582,36,4,,0
35001,'20263010',614,,99819,7,,,0,17,,99820,7,,,0,71,,99823,7,,,0,34,,99824,7,,,0,116,,99821,7,,,0,201,,99822,7,,,0
55001,'20262010',614,,86790,7,,,0,21,,86789,7,,,0,71,,86791,7,,,0,50,,86792,7,,,0
55001,'20263010',603,,100023,7,,,0,28,,100022,7,,,0,24,,100024,7,,,0,152,,100025,7,,,0
