8101,'20262010',633,,70718,41,,,0,69,,70719,41,,,0,29,,70720,41,,,0,28,,70721,41,,,0,73,,70722,41,,,0,71,,70723,41,,,0,30,,70724,41,,,0,100,,70725,41,,,0,100,,70726,41,,,0,100,,70727,41,,,0,100,,70728,41,,,0,99,,70729,41,,,0,99,,70730,41,,,0,28,,70731,41,,,0,68,,70732,41,,,0,74,,70733,41,,,0,31,,70734,41,,,0,102,,70735,41,,,0,101,,70736,41,,,0,100,,70737,41,,,0,101,,70738,41,,,0,100,,70739,41,,,0,100,,70740,41,,,0
8101,'20262011',633,,70741,41,,,0,69,,70742,41,,,0,29,,70743,41,,,0,28,,70744,41,,,0,73,,70745,41,,,0,71,,70746,41,,,0,30,,70747,41,,,0,100,,70748,41,,,0,100,,70749,41,,,0,100,,70750,41,,,0,100,,70751,41,,,0,99,,70752,41,,,0,99,,70753,41,,,0,28,,70754,41,,,0,68,,70755,41,,,0,74,,70756,41,,,0,31,,70757,41,,,0,102,,70758,41,,,0,101,,70759,41,,,0,100,,70760,41,,,0,101,,70761,41,,,0,100,,70762,41,,,0,100,,70763,41,,,0
8101,'20262510',636,,70764,41,,,0,99,,70765,41,,,0,100,,70766,41,,,0,100,,70767,41,,,0,100,,70768,41,,,0,99,,70769,41,,,0,100,,70770,41,,,0,99,,70771,41,,,0,100,,70772,41,,,0,100,,70773,41,,,0,100,,70774,41,,,0,102,,70775,41,,,0,100,,70776,41,,,0,100,,70777,41,,,0,100,,70778,41,,,0,100,,70779,41,,,0,101,,70780,41,,,0,100,,70781,41,,,0
8101,'20262511',636,,70782,41,,,0,99,,70783,41,,,0,100,,70784,41,,,0,100,,70785,41,,,0,100,,70786,41,,,0,99,,70787,41,,,0,100,,70788,41,,,0,99,,70789,41,,,0,100,,70790,41,,,0,100,,70791,41,,,0,100,,70792,41,,,0,102,,70793,41,,,0,100,,70794,41,,,0,100,,70795,41,,,0,100,,70796,41,,,0,100,,70797,41,,,0,101,,70798,41,,,0,100,,70799,41,,,0
8101,'20262610',636,,70800,41,,,0,99,,70801,41,,,0,100,,70802,41,,,0,100,,70803,41,,,0,100,,70804,41,,,0,99,,70805,41,,,0,100,,70806,41,,,0,99,,70807,41,,,0,100,,70808,41,,,0,100,,70809,41,,,0,100,,70810,41,,,0,102,,70811,41,,,0,100,,70812,41,,,0,100,,70813,41,,,0,100,,70814,41,,,0,100,,70815,41,,,0,101,,70816,41,,,0,100,,70817,41,,,0
8101,'20262611',636,,70818,41,,,0,99,,70819,41,,,0,100,,70820,41,,,0,100,,70821,41,,,0,100,,70822,41,,,0,99,,70823,41,,,0,100,,70824,41,,,0,99,,70825,41,,,0,100,,70826,41,,,0,100,,70827,41,,,0,100,,70828,41,,,0,102,,70829,41,,,0,100,,70830,41,,,0,100,,70831,41,,,0,100,,70832,41,,,0,100,,70833,41,,,0,101,,70834,41,,,0,100,,70835,41,,,0
28101,'20262010',641,,73104,22,,,0,67,,73103,22,,,0,36,,73100,22,,,0,15,,73101,22,,,0,58,,73102,22,,,0
28101,'20262011',641,,73109,22,,,0,67,,73108,22,,,0,36,,73105,22,,,0,15,,73106,22,,,0,58,,73107,22,,,0
58101,'20262010',642,,73944,21,,,0,70,,73945,21,,,0,29,,73946,21,,,0
58101,'20262011',642,,73947,21,,,0,70,,73948,21,,,0,29,,73949,21,,,0
