7600,'20262010',532,,84896,21,,,1,98,,84897,21,,,1,99,,84898,21,,,1,76,,84899,21,,,1,32,,84920,21,,,1,70,,84900,21,,,1,32,,84901,21,,,1,96,,84902,21,,,1,100,,84903,21,,,1,98,,84904,21,,,1,72,,84905,21,,,1,25,,84906,21,,,1,71,,84907,21,,,1,100,,84908,21,,,1,99,,84909,21,,,1,36,,84910,21,,,1,76,,84911,21,,,1,39,,84912,21,,,1,64,,84913,21,,,1,25,,84914,21,,,1,93,,84915,21,,,1,103,,84916,21,,,1,97,,84917,21,,,1,96,,84918,21,,,1,99,,84919,21,,,1
7600,'20262510',611,,84937,21,,,1,30,,84940,21,,,1,70,,84946,21,,,1,28,,84939,21,,,1,73,,84921,21,,,1,29,,84941,21,,,1,72,,84922,21,,,1,102,,84923,21,,,1,103,,84924,21,,,1,100,,84925,21,,,1,24,,84942,21,,,1,80,,84926,21,,,1,31,,84943,21,,,1,56,,84927,21,,,1,115,,84928,21,,,1,102,,84929,21,,,1,29,,84944,21,,,1,70,,84930,21,,,1,31,,84945,21,,,1,66,,84931,21,,,1,27,,84938,21,,,1,68,,84932,21,,,1,98,,84933,21,,,1,97,,84934,21,,,1,100,,84935,21,,,1,98,,84936,21,,,1
7600,'20262610',611,,84964,21,,,1,30,,84965,21,,,1,70,,84947,21,,,1,28,,84966,21,,,1,73,,84948,21,,,1,29,,84967,21,,,1,72,,84949,21,,,1,102,,84950,21,,,1,103,,84951,21,,,1,100,,84952,21,,,1,24,,84968,21,,,1,80,,84953,21,,,1,31,,84969,21,,,1,56,,84954,21,,,1,115,,84955,21,,,1,102,,84956,21,,,1,29,,84970,21,,,1,70,,84957,21,,,1,31,,84971,21,,,1,66,,84958,21,,,1,27,,84972,21,,,1,68,,84959,21,,,1,98,,84960,21,,,1,97,,84961,21,,,1,100,,84962,21,,,1,98,,84963,21,,,1
9300,'20262010',646,,86114,7,,,0,101,,86094,7,,,0,98,,86106,7,,,0,101,,86110,7,,,0,100,,86111,7,,,0,100,,86112,7,,,0,100,,86095,7,,,0,99,,86096,7,,,0,99,,86113,7,,,0,70,,86103,7,,,0,22,,86115,19,,,0,70,,86107,19,,,0,35,,86097,19,,,0,76,,86098,19,,,0,25,,86099,19,,,0,65,,86100,19,,,0,30,,86101,19,,,0,70,,86108,19,,,0,45,,86102,7,,,0,99,,86104,7,,,0,105,,86109,7,,,0,145,,86105,7,,,0
9300,'20262510',745,,86122,7,,,0,100,,86123,7,,,0,95,,86130,7,,,0,104,,86116,7,,,0,100,,86127,7,,,0,97,,86124,7,,,0,105,,86125,7,,,0,101,,86117,7,,,0,92,,86126,7,,,0,110,,86128,7,,,0,96,,86118,7,,,0,100,,86129,7,,,0,101,,86121,7,,,0,200,,86119,7,,,0,200,,86120,7,,,0,101,,86131,7,,,0
9300,'20262610',745,,86137,7,,,0,100,,86145,7,,,0,95,,86146,7,,,0,104,,86138,7,,,0,100,,86142,7,,,0,97,,86132,7,,,0,105,,86140,7,,,0,101,,86139,7,,,0,92,,86141,7,,,0,110,,86143,7,,,0,96,,86133,7,,,0,100,,86144,7,,,0,101,,86136,7,,,0,200,,86134,7,,,0,200,,86135,7,,,0,101,,86147,7,,,0
9601,'20262010',604,,86364,3,,,0,53,,86365,3,,,0,82,,86366,3,,,0,65,,86367,3,,,0,99,,86382,3,,,0,99,,86368,3,,,0,101,,86369,3,,,0,100,,86370,3,,,0,101,,86371,3,,,0,100,,86372,3,,,0,100,,86373,3,,,0,99,,86374,3,,,0,103,,86375,3,,,0,100,,86376,3,,,0,98,,86377,3,,,0,99,,86378,3,,,0,100,,86379,3,,,0,100,,86380,3,,,0,100,,86381,3,,,0
9601,'20262510',732,,86383,3,,,0,100,,86384,3,,,0,100,,86385,3,,,0,99,,86386,3,,,0,107,,86387,3,,,0,95,,86388,3,,,0,96,,86389,3,,,0,109,,86390,3,,,0,98,,86391,3,,,0,100,,86392,3,,,0,106,,86393,3,,,0,92,,86394,3,,,0,98,,86395,3,,,0,101,,86396,3,,,0,99,,86397,3,,,0,100,,86398,3,,,0
9601,'20262610',732,,86399,3,,,0,100,,86400,3,,,0,100,,86401,3,,,0,99,,86402,3,,,0,107,,86403,3,,,0,95,,86404,3,,,0,96,,86405,3,,,0,109,,86406,3,,,0,98,,86407,3,,,0,100,,86408,3,,,0,106,,86409,3,,,0,92,,86410,3,,,0,98,,86411,3,,,0,101,,86412,3,,,0,99,,86413,3,,,0,100,,86414,3,,,0
28303,'20262010',1620,,86639,21,4,,0,31,,86637,21,4,,0,95,,86638,21,4,,0
99203,'20262010',2558,,90499,23,,,0,170,,90500,23,,,0
99203,'20262510',2558,,90501,23,,,0,170,,90502,23,,,0
