7000,'20262010',647,,68702,23,,,0,56,,68715,23,,,0,22,,68716,23,,,0,23,,68703,23,,,0,60,,68717,23,,,0,22,,68718,23,,,0,19,,68704,23,,,0,61,,68719,23,,,0,20,,68720,23,,,0,20,,68705,23,,,0,60,,68721,23,,,0,19,,68722,23,,,0,18,,68706,23,,,0,60,,68723,23,,,0,20,,68724,23,,,0,20,,68707,23,,,0,61,,68725,23,,,0,18,,68726,23,,,0,20,,68708,23,,,0,58,,68727,23,,,0,23,,68728,23,,,0,19,,68709,23,,,0,60,,68729,23,,,0,21,,68730,23,,,0,19,,68710,23,,,0,58,,68731,23,,,0,22,,68732,23,,,0,22,,68711,23,,,0,64,,68733,23,,,0,23,,68734,23,,,0,23,,68712,23,,,0,61,,68735,23,,,0,20,,68736,23,,,0,18,,68713,23,,,0,60,,68737,23,,,0,18,,68738,23,,,0,20,,68714,23,,,0,62,,68739,23,,,0,30,,68740,23,,,0,70,,68741,23,,,0,30,,68742,23,,,0,70,,68743,23,,,0,30,,68744,23,,,0,70,,68745,23,,,0,29,,68746,23,,,0,70,,68747,23,,,0,30,,68748,23,,,0
7000,'20262011',647,,68749,23,,,0,56,,68762,23,,,0,22,,68763,23,,,0,23,,68750,23,,,0,60,,68764,23,,,0,22,,68765,23,,,0,19,,68751,23,,,0,61,,68766,23,,,0,20,,68767,23,,,0,20,,68752,23,,,0,60,,68768,23,,,0,19,,68769,23,,,0,18,,68753,23,,,0,60,,68770,23,,,0,20,,68771,23,,,0,20,,68754,23,,,0,61,,68772,23,,,0,18,,68773,23,,,0,20,,68755,23,,,0,58,,68774,23,,,0,23,,68775,23,,,0,19,,68756,23,,,0,60,,68776,23,,,0,21,,68777,23,,,0,19,,68757,23,,,0,58,,68778,23,,,0,22,,68779,23,,,0,22,,68758,23,,,0,64,,68780,23,,,0,23,,68781,23,,,0,23,,68759,23,,,0,61,,68782,23,,,0,20,,68783,23,,,0,18,,68760,23,,,0,60,,68784,23,,,0,18,,68785,23,,,0,20,,68761,23,,,0,62,,68786,23,,,0,30,,68787,23,,,0,70,,68788,23,,,0,30,,68789,23,,,0,70,,68790,23,,,0,30,,68791,23,,,0,70,,68792,23,,,0,29,,68793,23,,,0,70,,68794,23,,,0,30,,68795,23,,,0
7000,'20262510',647,,68796,23,,,0,70,,68814,23,,,0,30,,68797,23,,,0,70,,68815,23,,,0,30,,68798,23,,,0,70,,68816,23,,,0,30,,68799,23,,,0,70,,68817,23,,,0,30,,68800,23,,,0,70,,68818,23,,,0,30,,68801,23,,,0,71,,68819,23,,,0,30,,68802,23,,,0,70,,68820,23,,,0,30,,68803,23,,,0,71,,68821,23,,,0,30,,68804,23,,,0,70,,68822,23,,,0,30,,68805,23,,,0,70,,68823,23,,,0,30,,68806,23,,,0,70,,68824,23,,,0,30,,68807,23,,,0,69,,68825,23,,,0,29,,68808,23,,,0,70,,68829,23,,,0,30,,68826,23,,,0,70,,68809,23,,,0,30,,68827,23,,,0,70,,68810,23,,,0,30,,68813,23,,,0,70,,68811,23,,,0,30,,68828,23,,,0,70,,68812,23,,,0
7000,'20262511',647,,68830,23,,,0,70,,68848,23,,,0,30,,68831,23,,,0,70,,68849,23,,,0,30,,68832,23,,,0,70,,68850,23,,,0,30,,68833,23,,,0,70,,68851,23,,,0,30,,68834,23,,,0,70,,68852,23,,,0,30,,68835,23,,,0,71,,68853,23,,,0,30,,68836,23,,,0,70,,68854,23,,,0,30,,68837,23,,,0,71,,68855,23,,,0,30,,68838,23,,,0,70,,68856,23,,,0,30,,68839,23,,,0,70,,68857,23,,,0,30,,68840,23,,,0,70,,68858,23,,,0,30,,68841,23,,,0,69,,68859,23,,,0,29,,68842,23,,,0,70,,68863,23,,,0,30,,68860,23,,,0,70,,68843,23,,,0,30,,68861,23,,,0,70,,68844,23,,,0,30,,68847,23,,,0,70,,68845,23,,,0,30,,68862,23,,,0,70,,68846,23,,,0
7000,'20262610',647,,68864,23,,,0,70,,68881,23,,,0,30,,68865,23,,,0,70,,68882,23,,,0,30,,68866,23,,,0,70,,68883,23,,,0,30,,68867,23,,,0,70,,68884,23,,,0,30,,68868,23,,,0,70,,68885,23,,,0,30,,68869,23,,,0,71,,68886,23,,,0,30,,68870,23,,,0,70,,68887,23,,,0,30,,68871,23,,,0,71,,68888,23,,,0,30,,68872,23,,,0,70,,68889,23,,,0,30,,68873,23,,,0,70,,68890,23,,,0,30,,68874,23,,,0,70,,68891,23,,,0,30,,68875,23,,,0,69,,68892,23,,,0,29,,68876,23,,,0,70,,68893,23,,,0,30,,68877,23,,,0,70,,68894,23,,,0,30,,68878,23,,,0,70,,68896,23,,,0,30,,68879,23,,,0,70,,68895,23,,,0,30,,68880,23,,,0,70,,68897,23,,,0
7000,'20262611',647,,68898,23,,,0,70,,68915,23,,,0,30,,68899,23,,,0,70,,68916,23,,,0,30,,68900,23,,,0,70,,68917,23,,,0,30,,68901,23,,,0,70,,68918,23,,,0,30,,68902,23,,,0,70,,68919,23,,,0,30,,68903,23,,,0,71,,68920,23,,,0,30,,68904,23,,,0,70,,68921,23,,,0,30,,68905,23,,,0,71,,68922,23,,,0,30,,68906,23,,,0,70,,68923,23,,,0,30,,68907,23,,,0,70,,68924,23,,,0,30,,68908,23,,,0,70,,68925,23,,,0,30,,68909,23,,,0,69,,68926,23,,,0,29,,68910,23,,,0,70,,68927,23,,,0,30,,68911,23,,,0,70,,68928,23,,,0,30,,68912,23,,,0,70,,68930,23,,,0,30,,68913,23,,,0,70,,68929,23,,,0,30,,68914,23,,,0,70,,68931,23,,,0
27200,'20262010',1627,,72999,23,4,,0,31,,73000,23,4,,0,85,,73001,23,4,,0,85,,72998,23,4,,0
27200,'20262011',1627,,73003,23,4,,0,31,,73004,23,4,,0,85,,73005,23,4,,0,85,,73002,23,4,,0
58400,'20262010',1617,,73965,13,4,,0,38,,73964,13,4,,0,93,,73966,13,4,,0
58400,'20262011',1617,,73968,13,4,,0,38,,73967,13,4,,0,93,,73969,13,4,,0
