7401,'20262010',632,,84842,70,,,1,101,,84843,70,,,1,100,,84844,70,,,1,98,,84845,70,,,1,100,,84846,70,,,1,101,,84847,70,,,1,100,,84848,70,,,1,100,,84849,70,,,1,100,,84850,70,,,1,100,,84851,70,,,1,103,,84857,70,,,1,98,,84852,70,,,1,99,,84853,70,,,1,99,,84859,70,,,1,99,,84854,70,,,1,100,,84858,70,,,1,100,,84855,70,,,1,170,,84856,70,,,1
7401,'20262510',730,,84876,70,,,1,100,,84862,70,,,1,101,,84863,70,,,1,100,,84877,70,,,1,100,,84870,70,,,1,100,,84871,70,,,1,100,,84872,70,,,1,100,,84873,70,,,1,100,,84874,70,,,1,100,,84875,70,,,1,100,,84864,70,,,1,100,,84868,70,,,1,99,,84869,70,,,1,100,,84865,70,,,1,100,,84866,70,,,1,100,,84867,70,,,1
7401,'20262610',730,,84879,70,,,1,100,,84894,70,,,1,101,,84880,70,,,1,100,,84895,70,,,1,100,,84882,70,,,1,100,,84883,70,,,1,100,,84884,70,,,1,100,,84885,70,,,1,100,,84886,70,,,1,100,,84887,70,,,1,100,,84888,70,,,1,100,,84889,70,,,1,99,,84890,70,,,1,100,,84891,70,,,1,100,,84892,70,,,1,100,,84893,70,,,1
7401,'20263010',632,,96818,70,0,5 6,1,102,,96819,70,0,5 6,1,99,,96820,70,0,5 6,1,98,,96821,70,0,5 6,1,100,,96822,70,0,5 6,1,101,,96823,70,0,5 6,1,100,,96824,70,0,5 6,1,100,,96825,70,0,5 6,1,101,,96826,70,0,5 6,1,101,,96827,70,0,5 6,1,103,,96833,70,0,5 6,1,97,,96828,70,0,5 6,1,99,,96829,70,0,5 6,1,98,,96835,70,0,5 6,1,100,,96830,70,0,5 6,1,100,,96834,70,0,5 6,1,99,,96831,70,0,5 6,1,170,,96832,70,0,5 6,1
7401,'20263510',730,,96852,70,0,5 6,1,100,,96838,70,0,5 6,1,101,,96839,70,0,5 6,1,100,,96853,70,0,5 6,1,100,,96846,70,0,5 6,1,100,,96847,70,0,5 6,1,101,,96848,70,0,5 6,1,100,,96849,70,0,5 6,1,100,,96850,70,0,5 6,1,100,,96851,70,0,5 6,1,100,,96840,70,0,5 6,1,98,,96844,70,0,5 6,1,100,,96845,70,0,5 6,1,100,,96841,70,0,5 6,1,100,,96842,70,0,5 6,1,100,,96843,70,0,5 6,1
7401,'20263511',730,,96869,70,0,5 6,1,100,,96855,70,0,5 6,1,101,,96856,70,0,5 6,1,100,,96870,70,0,5 6,1,100,,96863,70,0,5 6,1,100,,96864,70,0,5 6,1,101,,96865,70,0,5 6,1,100,,96866,70,0,5 6,1,100,,96867,70,0,5 6,1,100,,96868,70,0,5 6,1,100,,96857,70,0,5 6,1,98,,96861,70,0,5 6,1,100,,96862,70,0,5 6,1,100,,96858,70,0,5 6,1,100,,96859,70,0,5 6,1,100,,96860,70,0,5 6,1
7401,'20263610',730,,96872,70,0,5 6,1,100,,96887,70,0,5 6,1,101,,96873,70,0,5 6,1,100,,96888,70,0,5 6,1,100,,96875,70,0,5 6,1,100,,96876,70,0,5 6,1,101,,96877,70,0,5 6,1,100,,96878,70,0,5 6,1,100,,96879,70,0,5 6,1,100,,96880,70,0,5 6,1,100,,96881,70,0,5 6,1,98,,96882,70,0,5 6,1,100,,96883,70,0,5 6,1,100,,96884,70,0,5 6,1,100,,96885,70,0,5 6,1,100,,96886,70,0,5 6,1
7401,'20263611',730,,96889,70,0,5 6,1,100,,96904,70,0,5 6,1,101,,96890,70,0,5 6,1,100,,96905,70,0,5 6,1,100,,96892,70,0,5 6,1,100,,96893,70,0,5 6,1,101,,96894,70,0,5 6,1,100,,96895,70,0,5 6,1,100,,96896,70,0,5 6,1,100,,96897,70,0,5 6,1,100,,96898,70,0,5 6,1,98,,96899,70,0,5 6,1,100,,96900,70,0,5 6,1,100,,96901,70,0,5 6,1,100,,96902,70,0,5 6,1,100,,96903,70,0,5 6,1
8401,'20262010',702,,85654,84,,,1,101,,85655,84,,,1,98,,85656,84,,,1,100,,85657,84,,,1,100,,85658,84,,,1,101,,85659,84,,,1,100,,85660,84,,,1,100,,85661,84,,,1,100,,85662,84,,,1,102,,85663,84,,,1,101,,85664,84,,,1,97,,85665,84,,,1,100,,85666,84,,,1,98,,85667,84,,,1,100,,85668,84,,,1,100,,85669,84,,,1,100,,85670,84,,,1,100,,85672,84,,,1
8401,'20262510',700,,85675,84,,,1,100,,85690,84,,,1,100,,85676,84,,,1,101,,85689,84,,,1,100,,85677,84,,,1,100,,85684,84,,,1,100,,85685,84,,,1,100,,85686,84,,,1,100,,85687,84,,,1,100,,85688,84,,,1,100,,85679,84,,,1,100,,85678,84,,,1,100,,85680,84,,,1,99,,85683,84,,,1,100,,85682,84,,,1,100,,85681,84,,,1,100,,85691,84,,,1,100,,85692,84,,,1
8401,'20262610',700,,85705,84,,,1,100,,85709,84,,,1,100,,85708,84,,,1,101,,85706,84,,,1,100,,85693,84,,,1,100,,85699,84,,,1,100,,85694,84,,,1,100,,85700,84,,,1,100,,85695,84,,,1,100,,85701,84,,,1,100,,85696,84,,,1,100,,85702,84,,,1,100,,85697,84,,,1,99,,85703,84,,,1,100,,85698,84,,,1,100,,85704,84,,,1,100,,85707,84,,,1,100,,85710,84,,,1
8401,'20263010',704,,98160,84,0,5 6,1,101,,98161,84,0,5 6,1,97,,98162,84,0,5 6,1,99,,98163,84,0,5 6,1,100,,98164,84,0,5 6,1,101,,98165,84,0,5 6,1,100,,98166,84,0,5 6,1,100,,98167,84,0,5 6,1,101,,98168,84,0,5 6,1,102,,98169,84,0,5 6,1,101,,98170,84,0,5 6,1,97,,98171,84,0,5 6,1,99,,98172,84,0,5 6,1,99,,98173,84,0,5 6,1,100,,98174,84,0,5 6,1,99,,98175,84,0,5 6,1,100,,98176,84,0,5 6,1,100,,98178,84,0,5 6,1
8401,'20263510',700,,98181,84,0,5 6,1,100,,98196,84,0,5 6,1,101,,98182,84,0,5 6,1,100,,98195,84,0,5 6,1,100,,98183,84,0,5 6,1,100,,98190,84,0,5 6,1,100,,98191,84,0,5 6,1,101,,98192,84,0,5 6,1,100,,98193,84,0,5 6,1,100,,98194,84,0,5 6,1,100,,98185,84,0,5 6,1,98,,98184,84,0,5 6,1,100,,98186,84,0,5 6,1,100,,98189,84,0,5 6,1,100,,98188,84,0,5 6,1,100,,98187,84,0,5 6,1,100,,98197,84,0,5 6,1,100,,98198,84,0,5 6,1
8401,'20263511',700,,98199,84,0,5 6,1,100,,98214,84,0,5 6,1,101,,98200,84,0,5 6,1,100,,98213,84,0,5 6,1,100,,98201,84,0,5 6,1,100,,98208,84,0,5 6,1,100,,98209,84,0,5 6,1,101,,98210,84,0,5 6,1,100,,98211,84,0,5 6,1,100,,98212,84,0,5 6,1,100,,98203,84,0,5 6,1,98,,98202,84,0,5 6,1,100,,98204,84,0,5 6,1,100,,98207,84,0,5 6,1,100,,98206,84,0,5 6,1,100,,98205,84,0,5 6,1,100,,98215,84,0,5 6,1,100,,98216,84,0,5 6,1
8401,'20263610',700,,98229,84,0,5 6,1,100,,98233,84,0,5 6,1,101,,98232,84,0,5 6,1,100,,98230,84,0,5 6,1,100,,98217,84,0,5 6,1,100,,98223,84,0,5 6,1,100,,98218,84,0,5 6,1,101,,98224,84,0,5 6,1,100,,98219,84,0,5 6,1,100,,98225,84,0,5 6,1,100,,98220,84,0,5 6,1,98,,98226,84,0,5 6,1,100,,98221,84,0,5 6,1,100,,98227,84,0,5 6,1,100,,98222,84,0,5 6,1,100,,98228,84,0,5 6,1,100,,98231,84,0,5 6,1,100,,98234,84,0,5 6,1
8401,'20263611',700,,98247,84,0,5 6,1,100,,98251,84,0,5 6,1,101,,98250,84,0,5 6,1,100,,98248,84,0,5 6,1,100,,98235,84,0,5 6,1,100,,98241,84,0,5 6,1,100,,98236,84,0,5 6,1,101,,98242,84,0,5 6,1,100,,98237,84,0,5 6,1,100,,98243,84,0,5 6,1,100,,98238,84,0,5 6,1,98,,98244,84,0,5 6,1,100,,98239,84,0,5 6,1,100,,98245,84,0,5 6,1,100,,98240,84,0,5 6,1,100,,98246,84,0,5 6,1,100,,98249,84,0,5 6,1,100,,98252,84,0,5 6,1
