902,'20263010',1553,,91780,24,0,19 6,0,71,,91777,24,0,19 6,0,30,,91778,24,0,19 6,0,96,,91779,24,0,19 6,0,698,,91781,24,0,19 6,0
1802,'20262010',638,,82291,21,,,0,19,,82292,21,,,0,62,,82322,21,,,0,15,,82293,21,,,0,71,,82294,21,,,0,30,,82295,21,,,0,69,,82296,21,,,0,30,,82297,21,,,0,68,,82298,21,,,0,30,,82299,21,,,0,70,,82300,21,,,0,30,,82324,21,,,0,20,,82301,21,,,0,60,,82302,21,,,0,20,,82303,21,,,0,71,,82304,21,,,0,30,,82305,21,,,0,70,,82306,21,,,0,30,,82307,21,,,0,71,,82308,21,,,0,33,,82309,21,,,0,70,,82310,21,,,0,31,,82311,21,,,0,70,,82312,21,,,0,14,,82313,21,,,0,16,,82314,21,,,0,68,,82315,21,,,0,27,,82316,21,,,0,69,,82323,21,,,0,30,,82325,21,,,0,99,,82320,21,,,0,99,,82318,21,,,0,99,,82321,21,,,0,100,,82317,21,,,0,99,,82319,21,,,0
1802,'20262510',714,,82341,21,,,0,100,,82327,21,,,0,101,,82328,21,,,0,100,,82329,21,,,0,101,,82330,21,,,0,97,,82331,21,,,0,97,,82332,21,,,0,104,,82333,21,,,0,104,,82334,21,,,0,94,,82335,21,,,0,110,,82336,21,,,0,96,,82337,21,,,0,100,,82338,21,,,0,95,,82339,21,,,0,101,,82340,21,,,0,100,,82326,21,,,0,100,,82342,21,,,0
1802,'20262610',714,,82358,21,,,0,100,,82344,21,,,0,101,,82345,21,,,0,100,,82346,21,,,0,101,,82347,21,,,0,97,,82348,21,,,0,97,,82349,21,,,0,104,,82350,21,,,0,104,,82351,21,,,0,94,,82352,21,,,0,110,,82353,21,,,0,96,,82354,21,,,0,100,,82355,21,,,0,95,,82356,21,,,0,101,,82357,21,,,0,100,,82343,21,,,0,100,,82359,21,,,0
1802,'20263010',634,,92527,21,,,0,21,,92528,21,,,0,61,,92560,21,,,0,17,,92529,21,,,0,16,,92561,21,,,0,56,,92530,21,,,0,31,,92531,21,,,0,70,,92532,21,,,0,31,,92533,21,,,0,70,,92534,21,,,0,29,,92535,21,,,0,70,,92536,21,,,0,30,,92567,21,,,0,20,,92537,21,,,0,59,,92538,21,,,0,21,,92539,21,,,0,70,,92540,21,,,0,30,,92541,21,,,0,70,,92542,21,,,0,30,,92543,21,,,0,72,,92544,21,,,0,11,,92563,21,,,0,10,,92568,21,,,0,11,,92545,21,,,0,11,,92564,21,,,0,50,,92569,21,,,0,14,,92546,21,,,0,14,,92565,21,,,0,12,,92547,21,,,0,60,,92566,21,,,0,14,,92548,21,,,0,16,,92549,21,,,0,12,,92550,21,,,0,13,,92551,21,,,0,54,,92552,21,,,0,14,,92553,21,,,0,14,,92554,21,,,0,69,,92562,21,,,0,30,,92570,21,,,0,99,,92558,21,,,0,99,,92556,21,,,0,99,,92559,21,,,0,98,,92555,21,,,0,101,,92557,21,,,0
1802,'20263510',714,,92586,21,,,0,100,,92572,21,,,0,101,,92573,21,,,0,100,,92574,21,,,0,99,,92575,21,,,0,95,,92576,21,,,0,101,,92577,21,,,0,105,,92578,21,,,0,98,,92579,21,,,0,99,,92580,21,,,0,110,,92581,21,,,0,96,,92582,21,,,0,100,,92583,21,,,0,95,,92584,21,,,0,101,,92585,21,,,0,100,,92571,21,,,0,100,,92587,21,,,0
1802,'20263511',714,,92603,21,,,0,100,,92589,21,,,0,101,,92590,21,,,0,100,,92591,21,,,0,99,,92592,21,,,0,95,,92593,21,,,0,101,,92594,21,,,0,105,,92595,21,,,0,98,,92596,21,,,0,99,,92597,21,,,0,110,,92598,21,,,0,96,,92599,21,,,0,100,,92600,21,,,0,95,,92601,21,,,0,101,,92602,21,,,0,100,,92588,21,,,0,100,,92604,21,,,0
1802,'20263610',714,,92620,21,,,0,100,,92606,21,,,0,101,,92607,21,,,0,100,,92608,21,,,0,99,,92609,21,,,0,95,,92610,21,,,0,101,,92611,21,,,0,105,,92612,21,,,0,98,,92613,21,,,0,99,,92614,21,,,0,110,,92615,21,,,0,96,,92616,21,,,0,100,,92617,21,,,0,95,,92618,21,,,0,101,,92619,21,,,0,100,,92605,21,,,0,100,,92621,21,,,0
1802,'20263611',714,,92637,21,,,0,100,,92623,21,,,0,101,,92624,21,,,0,100,,92625,21,,,0,99,,92626,21,,,0,95,,92627,21,,,0,101,,92628,21,,,0,105,,92629,21,,,0,98,,92630,21,,,0,99,,92631,21,,,0,110,,92632,21,,,0,96,,92633,21,,,0,100,,92634,21,,,0,95,,92635,21,,,0,101,,92636,21,,,0,100,,92622,21,,,0,100,,92638,21,,,0
2902,'20262010',1601,,82772,34,0,18 17,0,32,,82770,34,0,18 17,0,76,,82773,34,0,18 17,0,38,,82771,34,0,18 17,0,9,,82774,34,0,18 17,0
2902,'20263010',1602,,93315,34,0,19 6,0,32,,93313,34,0,19 6,0,68,,93316,34,0,19 6,0,46,,93314,34,0,19 6,0,9,,93317,34,0,19 6,0
7101,'20263010',633,,96385,40,,,0,17,,96384,40,,,0,62,,96339,40,,,0,23,,96340,40,,,0,22,,96341,40,,,0,61,,96342,40,,,0,17,,96343,40,,,0,19,,96344,40,,,0,58,,96345,40,,,0,20,,96346,40,,,0,17,,96347,40,,,0,59,,96348,40,,,0,25,,96349,40,,,0,20,,96350,40,,,0,59,,96351,40,,,0,20,,96352,40,,,0,17,,96353,40,,,0,59,,96354,40,,,0,20,,96355,40,,,0,21,,96356,40,,,0,60,,96357,40,,,0,21,,96358,40,,,0,21,,96359,40,,,0,61,,96360,40,,,0,23,,96361,40,,,0,22,,96362,40,,,0,61,,96363,40,,,0,22,,96364,40,,,0,60,,96365,40,,,0,23,,96366,40,,,0,19,,96367,40,,,0,61,,96368,40,,,0,20,,96369,40,,,0,18,,96370,40,,,0,59,,96371,40,,,0,20,,96372,40,,,0,20,,96373,40,,,0,18,,96374,40,,,0,60,,96375,40,,,0,21,,96376,40,,,0,70,,96377,40,,,0,29,,96378,40,,,0,70,,96379,40,,,0,30,,96381,40,,,0,70,,96382,40,,,0,30,,96383,40,,,0,70,,96380,40,,,0
7101,'20263510',735,,96386,40,,,0,70,,96387,40,,,0,30,,96388,40,,,0,72,,96389,40,,,0,30,,96390,40,,,0,71,,96391,40,,,0,30,,96392,40,,,0,71,,96393,40,,,0,30,,96394,40,,,0,70,,96395,40,,,0,29,,96396,40,,,0,71,,96397,40,,,0,31,,96398,40,,,0,70,,96399,40,,,0,30,,96400,40,,,0,72,,96401,40,,,0,28,,96402,40,,,0,70,,96403,40,,,0,30,,96404,40,,,0,70,,96405,40,,,0,29,,96406,40,,,0,69,,96407,40,,,0,29,,96408,40,,,0,69,,96409,40,,,0,30,,96410,40,,,0,68,,96411,40,,,0,31,,96412,40,,,0,70,,96413,40,,,0,31,,96414,40,,,0,70,,96415,40,,,0,30,,96416,40,,,0,71,,96417,40,,,0,31,,96418,40,,,0
7101,'20263511',735,,96419,40,,,0,70,,96420,40,,,0,30,,96421,40,,,0,72,,96422,40,,,0,30,,96423,40,,,0,71,,96424,40,,,0,30,,96425,40,,,0,71,,96426,40,,,0,30,,96427,40,,,0,70,,96428,40,,,0,29,,96429,40,,,0,71,,96430,40,,,0,31,,96431,40,,,0,70,,96432,40,,,0,30,,96433,40,,,0,72,,96434,40,,,0,28,,96435,40,,,0,70,,96436,40,,,0,30,,96437,40,,,0,70,,96438,40,,,0,29,,96439,40,,,0,69,,96440,40,,,0,29,,96441,40,,,0,69,,96442,40,,,0,30,,96443,40,,,0,68,,96444,40,,,0,31,,96445,40,,,0,70,,96446,40,,,0,31,,96447,40,,,0,70,,96448,40,,,0,30,,96449,40,,,0,71,,96450,40,,,0,31,,96451,40,,,0
7101,'20263610',735,,96452,40,,,0,70,,96453,40,,,0,30,,96454,40,,,0,72,,96455,40,,,0,30,,96456,40,,,0,71,,96457,40,,,0,30,,96458,40,,,0,71,,96459,40,,,0,30,,96460,40,,,0,70,,96461,40,,,0,29,,96462,40,,,0,71,,96463,40,,,0,31,,96464,40,,,0,70,,96465,40,,,0,30,,96466,40,,,0,72,,96467,40,,,0,28,,96468,40,,,0,70,,96469,40,,,0,30,,96470,40,,,0,70,,96471,40,,,0,29,,96472,40,,,0,69,,96473,40,,,0,29,,96474,40,,,0,69,,96475,40,,,0,30,,96476,40,,,0,68,,96477,40,,,0,31,,96478,40,,,0,70,,96479,40,,,0,31,,96480,40,,,0,70,,96481,40,,,0,30,,96482,40,,,0,71,,96483,40,,,0,31,,96484,40,,,0
7101,'20263611',735,,96485,40,,,0,70,,96486,40,,,0,30,,96487,40,,,0,72,,96488,40,,,0,30,,96489,40,,,0,71,,96490,40,,,0,30,,96491,40,,,0,71,,96492,40,,,0,30,,96493,40,,,0,70,,96494,40,,,0,29,,96495,40,,,0,71,,96496,40,,,0,31,,96497,40,,,0,70,,96498,40,,,0,30,,96499,40,,,0,72,,96500,40,,,0,28,,96501,40,,,0,70,,96502,40,,,0,30,,96503,40,,,0,70,,96504,40,,,0,29,,96505,40,,,0,69,,96506,40,,,0,29,,96507,40,,,0,69,,96508,40,,,0,30,,96509,40,,,0,68,,96510,40,,,0,31,,96511,40,,,0,70,,96512,40,,,0,31,,96513,40,,,0,70,,96514,40,,,0,30,,96515,40,,,0,71,,96516,40,,,0,31,,96517,40,,,0
8501,'20263010',1234,,98264,26,0,5 6,0,321,,98269,26,0,5 6,0,75,,98265,26,0,5 6,0,27,,98268,26,0,5 6,0,74,,98266,26,0,5 6,0,22,,98267,26,0,5 6,0
8501,'20263510',1735,,98270,26,0,5 6,0
8501,'20263511',1735,,98271,26,0,5 6,0
8501,'20263610',1735,,98272,26,0,5 6,0
8501,'20263611',1735,,98273,26,0,5 6,0
