8000,'20262010',636,,85154,25,,,0,68,,85155,25,,,0,27,,85156,25,,,0,70,,85157,25,,,0,32,,85158,25,,,0,72,,85159,25,,,0,31,,85160,25,,,0,69,,85161,25,,,0,30,,85162,25,,,0,70,,85163,25,,,0,28,,85164,25,,,0,70,,85165,25,,,0,30,,85166,25,,,0,70,,85167,25,,,0,30,,85168,25,,,0,70,,85169,25,,,0,29,,85170,25,,,0,70,,85171,25,,,0,29,,85172,25,,,0,24,,85173,25,,,0,70,,85174,25,,,0,34,,85175,25,,,0,74,,85176,25,,,0,70,,85177,25,,,0,32,,85178,25,,,0,71,,85185,25,,,0,30,,85179,25,,,0,70,,85186,25,,,0,30,,85180,25,,,0,70,,85187,25,,,0,30,,85181,25,,,0,70,,85188,25,,,0,31,,85182,25,,,0,70,,85189,25,,,0,31,,85183,25,,,0,70,,85190,25,,,0,30,,85184,25,,,0
8000,'20262510',637,,85191,25,,,0,70,,85209,25,,,0,30,,85192,25,,,0,70,,85210,25,,,0,30,,85193,25,,,0,70,,85211,25,,,0,29,,85194,25,,,0,69,,85212,25,,,0,30,,85195,25,,,0,70,,85213,25,,,0,30,,85196,25,,,0,70,,85214,25,,,0,30,,85197,25,,,0,70,,85215,25,,,0,30,,85198,25,,,0,70,,85216,25,,,0,30,,85199,25,,,0,70,,85217,25,,,0,30,,85200,25,,,0,70,,85218,25,,,0,30,,85201,25,,,0,70,,85219,25,,,0,31,,85202,25,,,0,71,,85220,25,,,0,30,,85203,25,,,0,70,,85221,25,,,0,30,,85204,25,,,0,70,,85222,25,,,0,30,,85205,25,,,0,70,,85223,25,,,0,30,,85206,25,,,0,70,,85224,25,,,0,31,,85207,25,,,0,70,,85225,25,,,0,30,,85208,25,,,0,71,,85227,25,,,0,30,,85226,25,,,0
8000,'20262610',637,,85228,25,,,0,70,,85246,25,,,0,30,,85229,25,,,0,70,,85247,25,,,0,30,,85230,25,,,0,70,,85248,25,,,0,29,,85231,25,,,0,69,,85249,25,,,0,30,,85232,25,,,0,70,,85250,25,,,0,30,,85233,25,,,0,70,,85251,25,,,0,30,,85234,25,,,0,70,,85252,25,,,0,30,,85235,25,,,0,70,,85254,25,,,0,30,,85236,25,,,0,70,,85255,25,,,0,30,,85237,25,,,0,70,,85256,25,,,0,30,,85238,25,,,0,70,,85253,25,,,0,31,,85239,25,,,0,71,,85257,25,,,0,30,,85240,25,,,0,70,,85258,25,,,0,30,,85241,25,,,0,70,,85259,25,,,0,30,,85242,25,,,0,70,,85260,25,,,0,30,,85243,25,,,0,70,,85261,25,,,0,31,,85244,25,,,0,70,,85262,25,,,0,30,,85245,25,,,0,71,,85263,25,,,0,30,,85264,25,,,0
8000,'20263010',636,,97345,26,,,0,68,,97346,26,,,0,26,,97347,26,,,0,70,,97348,26,,,0,31,,97349,26,,,0,73,,97350,26,,,0,31,,97351,26,,,0,69,,97352,26,,,0,30,,97353,26,,,0,70,,97354,26,,,0,28,,97355,26,,,0,69,,97356,26,,,0,30,,97357,26,,,0,70,,97358,26,,,0,30,,97359,26,,,0,70,,97360,26,,,0,29,,97361,26,,,0,70,,97362,26,,,0,29,,97363,26,,,0,25,,97364,26,,,0,70,,97365,26,,,0,32,,97366,26,,,0,73,,97367,26,,,0,74,,97368,26,,,0,30,,97369,26,,,0,72,,97376,26,,,0,30,,97370,26,,,0,70,,97377,26,,,0,30,,97371,26,,,0,70,,97378,26,,,0,32,,97372,26,,,0,70,,97379,26,,,0,30,,97373,26,,,0,70,,97380,26,,,0,31,,97374,26,,,0,70,,97381,26,,,0,30,,97375,26,,,0
8000,'20263510',636,,97383,26,,,0,70,,97401,26,,,0,30,,97384,26,,,0,70,,97402,26,,,0,30,,97385,26,,,0,69,,97403,26,,,0,30,,97386,26,,,0,70,,97404,26,,,0,30,,97387,26,,,0,70,,97405,26,,,0,29,,97388,26,,,0,70,,97406,26,,,0,30,,97389,26,,,0,70,,97407,26,,,0,30,,97390,26,,,0,70,,97408,26,,,0,30,,97391,26,,,0,70,,97409,26,,,0,30,,97392,26,,,0,70,,97410,26,,,0,30,,97393,26,,,0,70,,97411,26,,,0,30,,97394,26,,,0,71,,97412,26,,,0,30,,97395,26,,,0,71,,97413,26,,,0,30,,97396,26,,,0,70,,97414,26,,,0,30,,97397,26,,,0,70,,97415,26,,,0,30,,97398,26,,,0,71,,97416,26,,,0,30,,97399,26,,,0,70,,97417,26,,,0,30,,97400,26,,,0,71,,97419,26,,,0,30,,97418,26,,,0
8000,'20263511',636,,97420,26,,,0,70,,97438,26,,,0,30,,97421,26,,,0,70,,97439,26,,,0,30,,97422,26,,,0,69,,97440,26,,,0,30,,97423,26,,,0,70,,97441,26,,,0,30,,97424,26,,,0,70,,97442,26,,,0,29,,97425,26,,,0,70,,97443,26,,,0,30,,97426,26,,,0,70,,97444,26,,,0,30,,97427,26,,,0,70,,97445,26,,,0,30,,97428,26,,,0,70,,97446,26,,,0,30,,97429,26,,,0,70,,97447,26,,,0,30,,97430,26,,,0,70,,97448,26,,,0,30,,97431,26,,,0,71,,97449,26,,,0,30,,97432,26,,,0,71,,97450,26,,,0,30,,97433,26,,,0,70,,97451,26,,,0,30,,97434,26,,,0,70,,97452,26,,,0,30,,97435,26,,,0,71,,97453,26,,,0,30,,97436,26,,,0,70,,97454,26,,,0,30,,97437,26,,,0,71,,97456,26,,,0,30,,97455,26,,,0
8000,'20263610',636,,97457,26,,,0,70,,97475,26,,,0,30,,97458,26,,,0,70,,97476,26,,,0,30,,97459,26,,,0,69,,97477,26,,,0,30,,97460,26,,,0,70,,97478,26,,,0,30,,97461,26,,,0,70,,97479,26,,,0,29,,97462,26,,,0,70,,97480,26,,,0,30,,97463,26,,,0,70,,97481,26,,,0,30,,97464,26,,,0,70,,97483,26,,,0,30,,97465,26,,,0,70,,97484,26,,,0,30,,97466,26,,,0,70,,97485,26,,,0,30,,97467,26,,,0,70,,97482,26,,,0,30,,97468,26,,,0,71,,97486,26,,,0,30,,97469,26,,,0,71,,97487,26,,,0,30,,97470,26,,,0,70,,97488,26,,,0,30,,97471,26,,,0,70,,97489,26,,,0,30,,97472,26,,,0,71,,97490,26,,,0,30,,97473,26,,,0,70,,97491,26,,,0,30,,97474,26,,,0,71,,97492,26,,,0,30,,97493,26,,,0
8000,'20263611',636,,97494,26,,,0,70,,97512,26,,,0,30,,97495,26,,,0,70,,97513,26,,,0,30,,97496,26,,,0,69,,97514,26,,,0,30,,97497,26,,,0,70,,97515,26,,,0,30,,97498,26,,,0,70,,97516,26,,,0,29,,97499,26,,,0,70,,97517,26,,,0,30,,97500,26,,,0,70,,97518,26,,,0,30,,97501,26,,,0,70,,97520,26,,,0,30,,97502,26,,,0,70,,97521,26,,,0,30,,97503,26,,,0,70,,97522,26,,,0,30,,97504,26,,,0,70,,97519,26,,,0,30,,97505,26,,,0,71,,97523,26,,,0,30,,97506,26,,,0,71,,97524,26,,,0,30,,97507,26,,,0,70,,97525,26,,,0,30,,97508,26,,,0,70,,97526,26,,,0,30,,97509,26,,,0,71,,97527,26,,,0,30,,97510,26,,,0,70,,97528,26,,,0,30,,97511,26,,,0,71,,97529,26,,,0,30,,97530,26,,,0
38000,'20263010',1220,,99871,12,4,,0,407,,99868,12,4,,0,109,,99869,12,4,,0,105,,99870,12,4,,0
58000,'20262010',1602,,86824,10,4,,0,41,,86823,10,4,,0,99,,86825,10,4,,0
58000,'20263010',1600,,100066,10,4,,0,41,,100065,10,4,,0,62,,100064,10,4,,0,36,,100067,10,4,,0
98000,'20262010',2547,,90489,27,,,0
98000,'20262510',2547,,90490,27,,,0
98000,'20263010',2547,,106113,27,,,0
98000,'20263510',2547,,106114,27,,,0
98000,'20263511',2547,,106115,27,,,0
