5303,'20262010',549,,83513,22,,,0,101,,83500,22,,,0,65,,83511,22,,,0,35,,83512,22,,,0,69,,83501,22,,,0,33,,83515,22,,,0,79,,83514,22,,,0,77,,83502,22,,,0,41,,83517,22,,,0,100,,83503,22,,,0,100,,83504,22,,,0,101,,83518,22,,,0,100,,83505,22,,,0,102,,83516,22,,,0,66,,83521,22,,,0,34,,83519,22,,,0,99,,83506,22,,,0,100,,83507,22,,,0,101,,83508,22,,,0,101,,83520,22,,,0,100,,83509,22,,,0,101,,83510,22,,,0
5303,'20262510',642,,83522,22,,,0,105,,83534,22,,,0,101,,83523,22,,,0,100,,83524,22,,,0,100,,83525,22,,,0,100,,83535,22,,,0,99,,83526,22,,,0,101,,83536,22,,,0,99,,83527,22,,,0,107,,83528,22,,,0,96,,83529,22,,,0,98,,83537,22,,,0,100,,83530,22,,,0,100,,83531,22,,,0,99,,83538,22,,,0,100,,83532,22,,,0,98,,83533,22,,,0
5303,'20262610',642,,83539,22,,,0,105,,83551,22,,,0,101,,83540,22,,,0,100,,83541,22,,,0,100,,83542,22,,,0,100,,83552,22,,,0,99,,83543,22,,,0,101,,83553,22,,,0,99,,83544,22,,,0,107,,83545,22,,,0,96,,83546,22,,,0,98,,83554,22,,,0,100,,83547,22,,,0,100,,83548,22,,,0,99,,83555,22,,,0,100,,83549,22,,,0,98,,83550,22,,,0
5303,'20263010',544,,94488,22,,,0,100,,94475,22,,,0,67,,94486,22,,,0,34,,94487,22,,,0,70,,94476,22,,,0,31,,94490,22,,,0,74,,94489,22,,,0,39,,94477,22,,,0,86,,94492,22,,,0,99,,94478,22,,,0,100,,94479,22,,,0,101,,94493,22,,,0,100,,94480,22,,,0,100,,94491,22,,,0,65,,94496,22,,,0,38,,94494,22,,,0,99,,94481,22,,,0,98,,94482,22,,,0,99,,94483,22,,,0,98,,94495,22,,,0,104,,94484,22,,,0,103,,94485,22,,,0
5303,'20263510',642,,94497,22,,,0,104,,94509,22,,,0,100,,94498,22,,,0,101,,94499,22,,,0,101,,94500,22,,,0,100,,94510,22,,,0,99,,94501,22,,,0,101,,94511,22,,,0,99,,94502,22,,,0,111,,94503,22,,,0,97,,94504,22,,,0,98,,94512,22,,,0,95,,94505,22,,,0,100,,94506,22,,,0,99,,94513,22,,,0,100,,94507,22,,,0,98,,94508,22,,,0
5303,'20263511',642,,94514,22,,,0,104,,94526,22,,,0,100,,94515,22,,,0,101,,94516,22,,,0,101,,94517,22,,,0,100,,94527,22,,,0,99,,94518,22,,,0,101,,94528,22,,,0,99,,94519,22,,,0,111,,94520,22,,,0,97,,94521,22,,,0,98,,94529,22,,,0,95,,94522,22,,,0,100,,94523,22,,,0,99,,94530,22,,,0,100,,94524,22,,,0,98,,94525,22,,,0
5303,'20263610',642,,94537,22,,,0,104,,94534,22,,,0,100,,94540,22,,,0,101,,94533,22,,,0,101,,94538,22,,,0,100,,94547,22,,,0,99,,94539,22,,,0,101,,94544,22,,,0,99,,94531,22,,,0,111,,94536,22,,,0,97,,94532,22,,,0,98,,94545,22,,,0,95,,94541,22,,,0,100,,94542,22,,,0,99,,94546,22,,,0,100,,94535,22,,,0,98,,94543,22,,,0
5303,'20263611',642,,94554,22,,,0,104,,94551,22,,,0,100,,94557,22,,,0,101,,94550,22,,,0,101,,94555,22,,,0,100,,94564,22,,,0,99,,94556,22,,,0,101,,94561,22,,,0,99,,94548,22,,,0,111,,94553,22,,,0,97,,94549,22,,,0,98,,94562,22,,,0,95,,94558,22,,,0,100,,94559,22,,,0,99,,94563,22,,,0,100,,94552,22,,,0,98,,94560,22,,,0
25301,'20262010',657,,86515,22,,,0,69,,86516,22,,,0,30,,86517,22,,,0,71,,86518,22,,,0
25301,'20263010',643,,99583,22,,,0,65,,99584,22,,,0,32,,99585,22,,,0,77,,99586,22,,,0
