7400,'20262010',700,,84800,13,,,1,56,,84787,13,,,1,145,,84788,13,,,1,101,,84789,13,,,1,98,,84790,13,,,1,100,,84791,13,,,1,59,,84792,13,,,1,100,,84793,13,,,1,99,,84794,13,,,1,97,,84795,13,,,1,101,,84796,13,,,1,144,,84797,13,,,1,102,,84801,13,,,1,101,,84802,13,,,1,99,,84798,13,,,1,101,,84803,13,,,1,101,,84799,13,,,1
7400,'20262510',802,,84808,13,,,1,99,,84822,13,,,1,100,,84823,13,,,1,100,,84809,13,,,1,100,,84810,13,,,1,58,,84811,13,,,1,100,,84812,13,,,1,100,,84813,13,,,1,100,,84814,13,,,1,141,,84815,13,,,1,101,,84816,13,,,1,101,,84817,13,,,1,101,,84818,13,,,1,100,,84819,13,,,1,100,,84820,13,,,1,101,,84821,13,,,1,132,,84824,13,,,1
7400,'20262610',802,,84825,13,,,1,99,,84839,13,,,1,100,,84826,13,,,1,100,,84840,13,,,1,100,,84833,13,,,1,58,,84834,13,,,1,100,,84835,13,,,1,100,,84836,13,,,1,100,,84837,13,,,1,141,,84838,13,,,1,101,,84827,13,,,1,101,,84831,13,,,1,101,,84832,13,,,1,100,,84828,13,,,1,100,,84829,13,,,1,101,,84830,13,,,1,132,,84841,13,,,1
7400,'20263010',700,,96742,10,,,1,55,,96729,10,,,1,146,,96730,10,,,1,101,,96731,10,,,1,99,,96732,10,,,1,58,,96733,10,,,1,141,,96734,10,,,1,58,,96735,10,,,1,99,,96736,10,,,1,97,,96737,10,,,1,101,,96738,10,,,1,145,,96739,10,,,1,102,,96743,10,,,1,101,,96744,10,,,1,99,,96740,10,,,1,101,,96745,10,,,1,101,,96741,10,,,1
7400,'20263510',804,,96750,10,,,1,99,,96764,10,,,1,98,,96765,10,,,1,101,,96751,10,,,1,99,,96752,10,,,1,58,,96753,10,,,1,100,,96754,10,,,1,100,,96755,10,,,1,100,,96756,10,,,1,100,,96757,10,,,1,141,,96758,10,,,1,102,,96759,10,,,1,101,,96760,10,,,1,101,,96761,10,,,1,100,,96762,10,,,1,100,,96763,10,,,1,132,,96766,10,,,1
7400,'20263511',804,,96767,10,,,1,99,,96781,10,,,1,98,,96782,10,,,1,101,,96768,10,,,1,99,,96769,10,,,1,58,,96770,10,,,1,100,,96771,10,,,1,100,,96772,10,,,1,100,,96773,10,,,1,100,,96774,10,,,1,141,,96775,10,,,1,102,,96776,10,,,1,101,,96777,10,,,1,101,,96778,10,,,1,100,,96779,10,,,1,100,,96780,10,,,1,132,,96783,10,,,1
7400,'20263610',804,,96784,10,,,1,99,,96798,10,,,1,98,,96785,10,,,1,101,,96799,10,,,1,99,,96792,10,,,1,58,,96793,10,,,1,100,,96794,10,,,1,100,,96795,10,,,1,100,,96796,10,,,1,100,,96797,10,,,1,141,,96786,10,,,1,102,,96790,10,,,1,101,,96791,10,,,1,101,,96787,10,,,1,100,,96788,10,,,1,100,,96789,10,,,1,132,,96800,10,,,1
7400,'20263611',804,,96801,10,,,1,99,,96815,10,,,1,98,,96802,10,,,1,101,,96816,10,,,1,99,,96809,10,,,1,58,,96810,10,,,1,100,,96811,10,,,1,100,,96812,10,,,1,100,,96813,10,,,1,100,,96814,10,,,1,141,,96803,10,,,1,102,,96807,10,,,1,101,,96808,10,,,1,101,,96804,10,,,1,100,,96805,10,,,1,100,,96806,10,,,1,132,,96817,10,,,1
8400,'20262010',728,,85601,13,,,1,101,,85602,13,,,1,103,,85603,13,,,1,99,,85604,13,,,1,99,,85605,13,,,1,100,,85606,13,,,1,99,,85607,13,,,1,100,,85608,13,,,1,97,,85609,13,,,1,97,,85610,13,,,1,107,,85611,13,,,1,101,,85612,13,,,1,101,,85613,13,,,1,101,,85614,13,,,1,100,,85615,13,,,1,101,,85616,13,,,1,100,,85617,13,,,1
8400,'20262510',733,,85620,13,,,1,98,,85635,13,,,1,100,,85621,13,,,1,100,,85636,13,,,1,100,,85622,13,,,1,100,,85624,13,,,1,98,,85625,13,,,1,100,,85626,13,,,1,100,,85627,13,,,1,101,,85628,13,,,1,101,,85629,13,,,1,101,,85630,13,,,1,100,,85631,13,,,1,101,,85632,13,,,1,100,,85633,13,,,1,101,,85634,13,,,1,101,,85623,13,,,1
8400,'20262610',733,,85637,13,,,1,98,,85652,13,,,1,100,,85638,13,,,1,100,,85653,13,,,1,100,,85639,13,,,1,100,,85646,13,,,1,98,,85640,13,,,1,100,,85647,13,,,1,100,,85641,13,,,1,101,,85648,13,,,1,101,,85642,13,,,1,101,,85649,13,,,1,100,,85643,13,,,1,101,,85650,13,,,1,100,,85644,13,,,1,101,,85651,13,,,1,101,,85645,13,,,1
8400,'20263010',728,,98073,10,,,1,99,,98074,10,,,1,105,,98075,10,,,1,99,,98076,10,,,1,99,,98077,10,,,1,99,,98078,10,,,1,101,,98079,10,,,1,98,,98080,10,,,1,98,,98081,10,,,1,96,,98082,10,,,1,105,,98083,10,,,1,103,,98084,10,,,1,102,,98085,10,,,1,101,,98086,10,,,1,100,,98087,10,,,1,101,,98088,10,,,1,100,,98089,10,,,1
8400,'20263510',734,,98092,10,,,1,99,,98107,10,,,1,98,,98093,10,,,1,101,,98108,10,,,1,100,,98094,10,,,1,99,,98096,10,,,1,98,,98097,10,,,1,100,,98098,10,,,1,100,,98099,10,,,1,100,,98100,10,,,1,101,,98101,10,,,1,102,,98102,10,,,1,100,,98103,10,,,1,102,,98104,10,,,1,100,,98105,10,,,1,100,,98106,10,,,1,101,,98095,10,,,1
8400,'20263511',734,,98109,10,,,1,99,,98124,10,,,1,98,,98110,10,,,1,101,,98125,10,,,1,100,,98111,10,,,1,99,,98113,10,,,1,98,,98114,10,,,1,100,,98115,10,,,1,100,,98116,10,,,1,100,,98117,10,,,1,101,,98118,10,,,1,102,,98119,10,,,1,100,,98120,10,,,1,102,,98121,10,,,1,100,,98122,10,,,1,100,,98123,10,,,1,101,,98112,10,,,1
8400,'20263610',734,,98126,10,,,1,99,,98141,10,,,1,98,,98127,10,,,1,101,,98142,10,,,1,100,,98128,10,,,1,99,,98135,10,,,1,98,,98129,10,,,1,100,,98136,10,,,1,100,,98130,10,,,1,100,,98137,10,,,1,101,,98131,10,,,1,102,,98138,10,,,1,100,,98132,10,,,1,102,,98139,10,,,1,100,,98133,10,,,1,100,,98140,10,,,1,101,,98134,10,,,1
8400,'20263611',734,,98143,10,,,1,99,,98158,10,,,1,98,,98144,10,,,1,101,,98159,10,,,1,100,,98145,10,,,1,99,,98152,10,,,1,98,,98146,10,,,1,100,,98153,10,,,1,100,,98147,10,,,1,100,,98154,10,,,1,101,,98148,10,,,1,102,,98155,10,,,1,100,,98149,10,,,1,102,,98156,10,,,1,100,,98150,10,,,1,100,,98157,10,,,1,101,,98151,10,,,1
98400,'20262010',2545,,90493,15,,,0
98400,'20262510',2545,,90494,15,,,0
98400,'20263010',2545,,106119,15,,,0
98400,'20263510',2545,,106120,15,,,0
98400,'20263511',2545,,106121,15,,,0
