7202,'20262010',545,,84650,36,,,0,70,,84651,36,,,0,29,,84652,36,,,0,68,,84653,36,,,0,26,,84654,36,,,0,70,,84655,36,,,0,33,,84656,36,,,0,73,,84672,36,,,0,30,,84657,36,,,0,71,,84673,36,,,0,30,,84658,36,,,0,70,,84674,36,,,0,30,,84659,36,,,0,70,,84675,36,,,0,29,,84660,36,,,0,70,,84676,36,,,0,30,,84661,36,,,0,70,,84677,36,,,0,28,,84662,36,,,0,70,,84678,36,,,0,26,,84663,36,,,0,68,,84679,36,,,0,28,,84664,36,,,0,73,,84680,36,,,0,32,,84665,36,,,0,74,,84681,36,,,0,30,,84666,36,,,0,100,,84667,36,,,0,100,,84668,36,,,0,101,,84669,36,,,0,102,,84670,36,,,0,100,,84671,36,,,0
7202,'20262510',646,,84682,36,,,0,100,,84683,36,,,0,100,,84684,36,,,0,99,,84685,36,,,0,100,,84686,36,,,0,99,,84687,36,,,0,100,,84688,36,,,0,100,,84689,36,,,0,99,,84690,36,,,0,101,,84691,36,,,0,100,,84692,36,,,0,101,,84693,36,,,0,100,,84694,36,,,0,101,,84695,36,,,0,100,,84696,36,,,0,100,,84697,36,,,0,100,,84698,36,,,0,100,,84699,36,,,0
7202,'20262610',646,,84700,36,,,0,100,,84701,36,,,0,100,,84702,36,,,0,99,,84703,36,,,0,100,,84704,36,,,0,99,,84705,36,,,0,100,,84706,36,,,0,100,,84707,36,,,0,99,,84708,36,,,0,101,,84709,36,,,0,100,,84710,36,,,0,101,,84711,36,,,0,100,,84712,36,,,0,101,,84713,36,,,0,100,,84714,36,,,0,100,,84715,36,,,0,100,,84716,36,,,0,100,,84717,36,,,0
7202,'20263010',546,,96518,36,,,0,71,,96519,36,,,0,27,,96520,36,,,0,67,,96521,36,,,0,27,,96522,36,,,0,71,,96523,36,,,0,36,,96524,36,,,0,71,,96540,36,,,0,30,,96525,36,,,0,70,,96541,36,,,0,30,,96526,36,,,0,70,,96542,36,,,0,30,,96527,36,,,0,70,,96543,36,,,0,30,,96528,36,,,0,70,,96544,36,,,0,30,,96529,36,,,0,70,,96545,36,,,0,28,,96530,36,,,0,69,,96546,36,,,0,26,,96531,36,,,0,67,,96547,36,,,0,29,,96532,36,,,0,72,,96548,36,,,0,35,,96533,36,,,0,74,,96549,36,,,0,30,,96534,36,,,0,100,,96535,36,,,0,101,,96536,36,,,0,100,,96537,36,,,0,101,,96538,36,,,0,100,,96539,36,,,0
7202,'20263510',647,,96550,36,,,0,100,,96551,36,,,0,100,,96552,36,,,0,100,,96553,36,,,0,99,,96554,36,,,0,100,,96555,36,,,0,99,,96556,36,,,0,100,,96557,36,,,0,99,,96558,36,,,0,100,,96559,36,,,0,100,,96560,36,,,0,101,,96561,36,,,0,101,,96562,36,,,0,101,,96563,36,,,0,101,,96564,36,,,0,100,,96565,36,,,0,100,,96566,36,,,0,100,,96567,36,,,0
7202,'20263511',647,,96568,36,,,0,100,,96569,36,,,0,100,,96570,36,,,0,100,,96571,36,,,0,99,,96572,36,,,0,100,,96573,36,,,0,99,,96574,36,,,0,100,,96575,36,,,0,99,,96576,36,,,0,100,,96577,36,,,0,100,,96578,36,,,0,101,,96579,36,,,0,101,,96580,36,,,0,101,,96581,36,,,0,101,,96582,36,,,0,100,,96583,36,,,0,100,,96584,36,,,0,100,,96585,36,,,0
7202,'20263610',647,,96586,36,,,0,100,,96587,36,,,0,100,,96588,36,,,0,100,,96589,36,,,0,99,,96590,36,,,0,100,,96591,36,,,0,99,,96592,36,,,0,100,,96593,36,,,0,99,,96594,36,,,0,100,,96595,36,,,0,100,,96596,36,,,0,101,,96597,36,,,0,101,,96598,36,,,0,101,,96599,36,,,0,101,,96600,36,,,0,100,,96601,36,,,0,100,,96602,36,,,0,100,,96603,36,,,0
7202,'20263611',647,,96604,36,,,0,100,,96605,36,,,0,100,,96606,36,,,0,100,,96607,36,,,0,99,,96608,36,,,0,100,,96609,36,,,0,99,,96610,36,,,0,100,,96611,36,,,0,99,,96612,36,,,0,100,,96613,36,,,0,100,,96614,36,,,0,101,,96615,36,,,0,101,,96616,36,,,0,101,,96617,36,,,0,101,,96618,36,,,0,100,,96619,36,,,0,100,,96620,36,,,0,100,,96621,36,,,0
27301,'20262010',640,,86580,38,,,0,66,,86581,38,,,0,45,,86582,38,,,0,71,,86583,38,,,0
27301,'20263010',635,,99653,38,,,0,19,,99654,38,,,0,85,,99655,38,,,0,76,,99656,38,,,0
