1103,'20262010',627,,63728,67,,,1,32,,63727,54,,,1,70,,63729,67,,,1,15,,63761,67,,,1,15,,63730,67,,,1,56,,63726,54,,,1,14,,63731,67,,,1,71,,63732,67,,,1,27,,63733,67,,,1,31,,63734,67,,,1,70,,63735,67,,,1,30,,63741,67,,,1,70,,63736,67,,,1,30,,63737,67,,,1,70,,63738,67,,,1,30,,63739,67,,,1,71,,63740,67,,,1,30,,63742,67,,,1,70,,63748,67,,,1,30,,63751,67,,,1,69,,63755,67,,,1,15,,63747,54,,,1,6,,63762,67,,,1,62,,63746,67,,,1,16,,63753,67,,,1,15,,63763,67,,,1,14,,63745,67,,,1,56,,63764,67,,,1,14,,63756,67,,,1,30,,63757,67,,,1,69,,63743,67,,,1,29,,63744,67,,,1,70,,63749,67,,,1,30,,63752,67,,,1,70,,63758,67,,,1,100,,63760,67,,,1,100,,63754,67,,,1,100,,63759,67,,,1,100,,63750,67,,,1
1103,'20262011',627,,63767,67,,,1,32,,63766,54,,,1,70,,63768,67,,,1,15,,63800,67,,,1,15,,63769,67,,,1,56,,63765,54,,,1,14,,63770,67,,,1,71,,63771,67,,,1,27,,63772,67,,,1,31,,63773,67,,,1,70,,63774,67,,,1,30,,63780,67,,,1,70,,63775,67,,,1,30,,63776,67,,,1,70,,63777,67,,,1,30,,63778,67,,,1,71,,63779,67,,,1,30,,63781,67,,,1,70,,63787,67,,,1,30,,63790,67,,,1,69,,63794,67,,,1,15,,63786,54,,,1,6,,63801,67,,,1,62,,63785,67,,,1,16,,63792,67,,,1,15,,63802,67,,,1,14,,63784,67,,,1,56,,63803,67,,,1,14,,63795,67,,,1,30,,63796,67,,,1,69,,63782,67,,,1,29,,63783,67,,,1,70,,63788,67,,,1,30,,63791,67,,,1,70,,63797,67,,,1,100,,63799,67,,,1,100,,63793,67,,,1,100,,63798,67,,,1,100,,63789,67,,,1
1103,'20262510',630,,63829,67,,,1,100,,63828,67,,,1,99,,63804,67,,,1,29,,63805,67,,,1,70,,63806,67,,,1,30,,63807,67,,,1,71,,63808,67,,,1,30,,63809,67,,,1,70,,63810,67,,,1,30,,63811,67,,,1,70,,63812,67,,,1,30,,63813,67,,,1,70,,63814,67,,,1,30,,63815,67,,,1,70,,63816,67,,,1,30,,63817,67,,,1,68,,63818,67,,,1,31,,63819,67,,,1,70,,63820,67,,,1,30,,63821,67,,,1,70,,63822,67,,,1,30,,63823,67,,,1,70,,63824,67,,,1,31,,63825,67,,,1,70,,63830,67,,,1,71,,63826,67,,,1,30,,63831,67,,,1,100,,63832,67,,,1,100,,63833,67,,,1,99,,63834,67,,,1,100,,63827,67,,,1
1103,'20262511',630,,63860,67,,,1,100,,63859,67,,,1,99,,63835,67,,,1,29,,63836,67,,,1,70,,63837,67,,,1,30,,63838,67,,,1,71,,63839,67,,,1,30,,63840,67,,,1,70,,63841,67,,,1,30,,63842,67,,,1,70,,63843,67,,,1,30,,63844,67,,,1,70,,63845,67,,,1,30,,63846,67,,,1,70,,63847,67,,,1,30,,63848,67,,,1,68,,63849,67,,,1,31,,63850,67,,,1,70,,63851,67,,,1,30,,63852,67,,,1,70,,63853,67,,,1,30,,63854,67,,,1,70,,63855,67,,,1,31,,63856,67,,,1,70,,63861,67,,,1,71,,63857,67,,,1,30,,63862,67,,,1,100,,63863,67,,,1,100,,63864,67,,,1,99,,63865,67,,,1,100,,63858,67,,,1
1103,'20262610',630,,63895,67,,,1,100,,63866,67,,,1,99,,63867,67,,,1,29,,63868,67,,,1,70,,63869,67,,,1,30,,63870,67,,,1,71,,63871,67,,,1,30,,63873,67,,,1,70,,63874,67,,,1,30,,63875,67,,,1,70,,63872,67,,,1,30,,63876,67,,,1,70,,63877,67,,,1,30,,63878,67,,,1,70,,63879,67,,,1,30,,63880,67,,,1,68,,63881,67,,,1,31,,63882,67,,,1,70,,63883,67,,,1,30,,63884,67,,,1,70,,63885,67,,,1,30,,63886,67,,,1,70,,63887,67,,,1,31,,63888,67,,,1,70,,63889,67,,,1,71,,63896,67,,,1,30,,63890,67,,,1,100,,63891,67,,,1,100,,63892,67,,,1,99,,63893,67,,,1,100,,63894,67,,,1
1103,'20262611',630,,63926,67,,,1,100,,63897,67,,,1,99,,63898,67,,,1,29,,63899,67,,,1,70,,63900,67,,,1,30,,63901,67,,,1,71,,63902,67,,,1,30,,63904,67,,,1,70,,63905,67,,,1,30,,63906,67,,,1,70,,63903,67,,,1,30,,63907,67,,,1,70,,63908,67,,,1,30,,63909,67,,,1,70,,63910,67,,,1,30,,63911,67,,,1,68,,63912,67,,,1,31,,63913,67,,,1,70,,63914,67,,,1,30,,63915,67,,,1,70,,63916,67,,,1,30,,63917,67,,,1,70,,63918,67,,,1,31,,63919,67,,,1,70,,63920,67,,,1,71,,63927,67,,,1,30,,63921,67,,,1,100,,63922,67,,,1,100,,63923,67,,,1,99,,63924,67,,,1,100,,63925,67,,,1
92503,'20262010',2559,,81216,54,,,0,170,,81217,54,,,0
92503,'20262011',2559,,81218,54,,,0,170,,81219,54,,,0
92503,'20262510',2559,,81221,54,,,0,170,,81220,54,,,0
92503,'20262511',2559,,81223,54,,,0,170,,81222,54,,,0
