28000,'20262010',1614,,86607,34,4,,0,32,,86606,34,4,,0,10,,86602,34,4,,0,58,,86603,34,4,,0,37,,86604,34,4,,0,70,,86605,34,4,,0
28000,'20263010',1616,,99680,34,4,,0,37,,99679,34,4,,0,49,,99675,34,4,,0,18,,99676,34,4,,0,36,,99677,34,4,,0,67,,99678,34,4,,0
28001,'20262010',627,,86608,7,,,0,74,,86609,7,,,0,26,,86610,7,,,0,17,,86613,7,,,0,14,,86611,7,,,0,48,,86612,7,,,0
28001,'20263010',619,,99681,7,,,0,32,,99682,7,,,0,60,,99683,7,,,0,19,,99686,7,,,0,17,,99684,7,,,0,8,,99685,7,,,0
38000,'20263010',1243,,99871,49,4,,0,411,,99868,49,4,,0,146,,99869,49,4,,0,102,,99870,49,4,,0
38001,'20263010',645,,99872,7,,,0,56,,99874,7,,,0,24,,99873,7,,,0,375,,99875,7,,,0
58000,'20262010',1626,,86824,47,4,,0,81,,86823,47,4,,0,95,,86825,47,4,,0
58000,'20263010',1627,,100066,47,4,,0,81,,100065,47,4,,0,19,,100064,47,4,,0,75,,100067,47,4,,0
58001,'20262010',658,,86827,7,,,0,70,,86826,7,,,0,30,,86828,7,,,0
58001,'20263010',656,,100069,7,,,0,65,,100068,7,,,0,35,,100070,7,,,0
