7001,'20262010',605,,68932,42,,,0,19,,68949,42,,,0,16,,68950,42,,,0,19,,68933,42,,,0,60,,68951,42,,,0,20,,68952,42,,,0,19,,68934,42,,,0,58,,68953,42,,,0,21,,68954,42,,,0,21,,68935,42,,,0,59,,68955,42,,,0,19,,68956,42,,,0,18,,68936,42,,,0,59,,68957,42,,,0,20,,68958,42,,,0,20,,68937,42,,,0,60,,68959,42,,,0,21,,68960,42,,,0,20,,68938,42,,,0,60,,68961,42,,,0,21,,68962,42,,,0,20,,68939,42,,,0,60,,68963,42,,,0,18,,68964,42,,,0,21,,68940,42,,,0,58,,68965,42,,,0,22,,68966,42,,,0,19,,68941,42,,,0,63,,68967,42,,,0,21,,68968,42,,,0,19,,68942,42,,,0,62,,68969,42,,,0,26,,68970,42,,,0,63,,68943,42,,,0,23,,68971,42,,,0,22,,68972,42,,,0,62,,68944,42,,,0,21,,68973,42,,,0,69,,68945,42,,,0,30,,68974,42,,,0,71,,68946,42,,,0,30,,68975,42,,,0,70,,68947,42,,,0,32,,68976,42,,,0,71,,68948,42,,,0,30,,68977,42,,,0,70,,68978,42,,,0
7001,'20262011',605,,68979,42,,,0,19,,68996,42,,,0,16,,68997,42,,,0,19,,68980,42,,,0,60,,68998,42,,,0,20,,68999,42,,,0,19,,68981,42,,,0,58,,69000,42,,,0,21,,69001,42,,,0,21,,68982,42,,,0,59,,69002,42,,,0,19,,69003,42,,,0,18,,68983,42,,,0,59,,69004,42,,,0,20,,69005,42,,,0,20,,68984,42,,,0,60,,69006,42,,,0,21,,69007,42,,,0,20,,68985,42,,,0,60,,69008,42,,,0,21,,69009,42,,,0,20,,68986,42,,,0,60,,69010,42,,,0,18,,69011,42,,,0,21,,68987,42,,,0,58,,69012,42,,,0,22,,69013,42,,,0,19,,68988,42,,,0,63,,69014,42,,,0,21,,69015,42,,,0,19,,68989,42,,,0,62,,69016,42,,,0,26,,69017,42,,,0,63,,68990,42,,,0,23,,69018,42,,,0,22,,69019,42,,,0,62,,68991,42,,,0,21,,69020,42,,,0,69,,68992,42,,,0,30,,69021,42,,,0,71,,68993,42,,,0,30,,69022,42,,,0,70,,68994,42,,,0,32,,69023,42,,,0,71,,68995,42,,,0,30,,69024,42,,,0,70,,69025,42,,,0
7001,'20262510',605,,69026,42,,,0,30,,69042,42,,,0,70,,69027,42,,,0,30,,69043,42,,,0,69,,69028,42,,,0,30,,69044,42,,,0,69,,69029,42,,,0,30,,69045,42,,,0,70,,69030,42,,,0,30,,69046,42,,,0,70,,69031,42,,,0,29,,69047,42,,,0,69,,69032,42,,,0,30,,69048,42,,,0,70,,69033,42,,,0,30,,69049,42,,,0,70,,69050,42,,,0,30,,69051,42,,,0,70,,69052,42,,,0,30,,69053,42,,,0,28,,69034,42,,,0,70,,69054,42,,,0,72,,69035,42,,,0,32,,69055,42,,,0,73,,69036,42,,,0,30,,69056,42,,,0,70,,69057,42,,,0,30,,69037,42,,,0,70,,69058,42,,,0,30,,69038,42,,,0,71,,69041,42,,,0,30,,69039,42,,,0,70,,69059,42,,,0,30,,69040,42,,,0
7001,'20262511',605,,69060,42,,,0,30,,69076,42,,,0,70,,69061,42,,,0,30,,69077,42,,,0,69,,69062,42,,,0,30,,69078,42,,,0,69,,69063,42,,,0,30,,69079,42,,,0,70,,69064,42,,,0,30,,69080,42,,,0,70,,69065,42,,,0,29,,69081,42,,,0,69,,69066,42,,,0,30,,69082,42,,,0,70,,69067,42,,,0,30,,69083,42,,,0,70,,69084,42,,,0,30,,69085,42,,,0,70,,69086,42,,,0,30,,69087,42,,,0,28,,69068,42,,,0,70,,69088,42,,,0,72,,69069,42,,,0,32,,69089,42,,,0,73,,69070,42,,,0,30,,69090,42,,,0,70,,69091,42,,,0,30,,69071,42,,,0,70,,69092,42,,,0,30,,69072,42,,,0,71,,69075,42,,,0,30,,69073,42,,,0,70,,69093,42,,,0,30,,69074,42,,,0
7001,'20262610',605,,69094,42,,,0,30,,69111,42,,,0,70,,69095,42,,,0,30,,69112,42,,,0,69,,69096,42,,,0,30,,69110,42,,,0,69,,69097,42,,,0,30,,69113,42,,,0,70,,69098,42,,,0,30,,69114,42,,,0,70,,69099,42,,,0,29,,69115,42,,,0,69,,69100,42,,,0,30,,69116,42,,,0,70,,69101,42,,,0,30,,69117,42,,,0,70,,69118,42,,,0,30,,69119,42,,,0,70,,69120,42,,,0,30,,69121,42,,,0,28,,69102,42,,,0,70,,69122,42,,,0,72,,69103,42,,,0,32,,69123,42,,,0,73,,69104,42,,,0,30,,69124,42,,,0,70,,69125,42,,,0,30,,69105,42,,,0,70,,69126,42,,,0,30,,69106,42,,,0,71,,69109,42,,,0,30,,69107,42,,,0,70,,69127,42,,,0,30,,69108,42,,,0
7001,'20262611',605,,69128,42,,,0,30,,69145,42,,,0,70,,69129,42,,,0,30,,69146,42,,,0,69,,69130,42,,,0,30,,69144,42,,,0,69,,69131,42,,,0,30,,69147,42,,,0,70,,69132,42,,,0,30,,69148,42,,,0,70,,69133,42,,,0,29,,69149,42,,,0,69,,69134,42,,,0,30,,69150,42,,,0,70,,69135,42,,,0,30,,69151,42,,,0,70,,69152,42,,,0,30,,69153,42,,,0,70,,69154,42,,,0,30,,69155,42,,,0,28,,69136,42,,,0,70,,69156,42,,,0,72,,69137,42,,,0,32,,69157,42,,,0,73,,69138,42,,,0,30,,69158,42,,,0,70,,69159,42,,,0,30,,69139,42,,,0,70,,69160,42,,,0,30,,69140,42,,,0,71,,69143,42,,,0,30,,69141,42,,,0,70,,69161,42,,,0,30,,69142,42,,,0
27001,'20262010',620,,72980,42,,,0,13,,72981,42,,,0,12,,72982,42,,,0,56,,72983,42,,,0,10,,72984,42,,,0,25,,72985,42,,,0,11,,72986,42,,,0,57,,72987,42,,,0,16,,72988,42,,,0
27001,'20262011',620,,72989,42,,,0,13,,72990,42,,,0,12,,72991,42,,,0,56,,72992,42,,,0,10,,72993,42,,,0,25,,72994,42,,,0,11,,72995,42,,,0,57,,72996,42,,,0,16,,72997,42,,,0
57001,'20262010',644,,73900,42,,,0,69,,73901,42,,,0,27,,73902,42,,,0
57001,'20262011',644,,73903,42,,,0,69,,73904,42,,,0,27,,73905,42,,,0
