5800,'20262010',708,,67777,14,,,0,102,,67778,14,,,0,30,,67762,14,,,0,70,,67779,14,,,0,36,,67774,14,,,0,103,,67780,14,,,0,100,,67763,14,,,0,100,,67764,14,,,0,100,,67781,14,,,0,101,,67773,14,,,0,70,,67765,14,,,0,25,,67766,14,,,0,69,,67767,14,,,0,31,,67768,14,,,0,77,,67769,14,,,0,29,,67770,14,,,0,69,,67783,14,,,0,30,,67772,14,,,0,99,,67782,14,,,0,101,,67775,14,,,0,99,,67776,14,,,0,100,,67771,14,,,0,98,,67784,14,,,0
5800,'20262011',708,,67800,14,,,0,102,,67801,14,,,0,30,,67785,14,,,0,70,,67802,14,,,0,36,,67797,14,,,0,103,,67803,14,,,0,100,,67786,14,,,0,100,,67787,14,,,0,100,,67804,14,,,0,101,,67796,14,,,0,70,,67788,14,,,0,25,,67789,14,,,0,69,,67790,14,,,0,31,,67791,14,,,0,77,,67792,14,,,0,29,,67793,14,,,0,69,,67806,14,,,0,30,,67795,14,,,0,99,,67805,14,,,0,101,,67798,14,,,0,99,,67799,14,,,0,100,,67794,14,,,0,98,,67807,14,,,0
5800,'20262510',741,,67817,14,,,0,99,,67808,14,,,0,101,,67818,14,,,0,99,,67815,14,,,0,100,,67819,14,,,0,100,,67809,14,,,0,100,,67810,14,,,0,100,,67820,14,,,0,101,,67821,14,,,0,103,,67816,14,,,0,103,,67811,14,,,0,95,,67812,14,,,0,98,,67822,14,,,0,100,,67823,14,,,0,100,,67824,14,,,0,100,,67813,14,,,0,100,,67814,14,,,0
5800,'20262511',741,,67834,14,,,0,99,,67825,14,,,0,101,,67835,14,,,0,99,,67832,14,,,0,100,,67836,14,,,0,100,,67826,14,,,0,100,,67827,14,,,0,100,,67837,14,,,0,101,,67838,14,,,0,103,,67833,14,,,0,103,,67828,14,,,0,95,,67829,14,,,0,98,,67839,14,,,0,100,,67840,14,,,0,100,,67841,14,,,0,100,,67830,14,,,0,100,,67831,14,,,0
5800,'20262610',741,,67855,14,,,0,99,,67853,14,,,0,101,,67849,14,,,0,99,,67852,14,,,0,100,,67857,14,,,0,100,,67844,14,,,0,100,,67842,14,,,0,100,,67856,14,,,0,101,,67846,14,,,0,103,,67843,14,,,0,103,,67850,14,,,0,95,,67854,14,,,0,98,,67848,14,,,0,100,,67847,14,,,0,100,,67858,14,,,0,100,,67851,14,,,0,100,,67845,14,,,0
5800,'20262611',741,,67872,14,,,0,99,,67870,14,,,0,101,,67866,14,,,0,99,,67869,14,,,0,100,,67874,14,,,0,100,,67861,14,,,0,100,,67859,14,,,0,100,,67873,14,,,0,101,,67863,14,,,0,103,,67860,14,,,0,103,,67867,14,,,0,95,,67871,14,,,0,98,,67865,14,,,0,100,,67864,14,,,0,100,,67875,14,,,0,100,,67868,14,,,0,100,,67862,14,,,0
25800,'20262010',1607,,72950,20,4,,0,31,,72951,20,4,,0,69,,72952,20,4,,0,29,,72953,20,4,,0
25800,'20262011',1607,,72954,20,4,,0,31,,72955,20,4,,0,69,,72956,20,4,,0,29,,72957,20,4,,0
55800,'20262010',1658,,73886,15,4,,0,65,,73887,15,4,,0
55800,'20262011',1658,,73888,15,4,,0,65,,73889,15,4,,0
