7000,'20262010',650,,84420,25,,,0,56,,84433,25,,,0,22,,84434,25,,,0,22,,84421,25,,,0,60,,84435,25,,,0,22,,84436,25,,,0,20,,84422,25,,,0,61,,84437,25,,,0,20,,84438,25,,,0,20,,84423,25,,,0,60,,84439,25,,,0,19,,84440,25,,,0,18,,84424,25,,,0,60,,84441,25,,,0,20,,84442,25,,,0,20,,84425,25,,,0,61,,84443,25,,,0,18,,84444,25,,,0,20,,84426,25,,,0,58,,84445,25,,,0,23,,84446,25,,,0,19,,84427,25,,,0,59,,84447,25,,,0,21,,84448,25,,,0,19,,84428,25,,,0,58,,84449,25,,,0,22,,84450,25,,,0,22,,84429,25,,,0,65,,84451,25,,,0,23,,84452,25,,,0,63,,84430,25,,,0,20,,84453,25,,,0,20,,84454,25,,,0,18,,84431,25,,,0,60,,84455,25,,,0,19,,84456,25,,,0,20,,84432,25,,,0,62,,84457,25,,,0,30,,84458,25,,,0,70,,84459,25,,,0,30,,84460,25,,,0,70,,84461,25,,,0,30,,84462,25,,,0,70,,84463,25,,,0,28,,84464,25,,,0,70,,84465,25,,,0,30,,84466,25,,,0
7000,'20262510',649,,84467,25,,,0,70,,84485,25,,,0,30,,84468,25,,,0,70,,84486,25,,,0,30,,84469,25,,,0,70,,84487,25,,,0,30,,84470,25,,,0,71,,84488,25,,,0,30,,84471,25,,,0,70,,84489,25,,,0,30,,84472,25,,,0,71,,84490,25,,,0,30,,84473,25,,,0,70,,84491,25,,,0,30,,84474,25,,,0,70,,84492,25,,,0,30,,84475,25,,,0,70,,84493,25,,,0,30,,84476,25,,,0,70,,84494,25,,,0,30,,84477,25,,,0,70,,84495,25,,,0,30,,84478,25,,,0,69,,84496,25,,,0,29,,84479,25,,,0,70,,84500,25,,,0,30,,84497,25,,,0,70,,84480,25,,,0,30,,84498,25,,,0,70,,84481,25,,,0,30,,84484,25,,,0,70,,84482,25,,,0,30,,84499,25,,,0,70,,84483,25,,,0
7000,'20262610',649,,84501,25,,,0,70,,84518,25,,,0,30,,84502,25,,,0,70,,84519,25,,,0,30,,84503,25,,,0,70,,84520,25,,,0,30,,84504,25,,,0,71,,84521,25,,,0,30,,84505,25,,,0,70,,84522,25,,,0,30,,84506,25,,,0,71,,84523,25,,,0,30,,84507,25,,,0,70,,84524,25,,,0,30,,84508,25,,,0,70,,84525,25,,,0,30,,84509,25,,,0,70,,84526,25,,,0,30,,84510,25,,,0,70,,84527,25,,,0,30,,84511,25,,,0,70,,84528,25,,,0,30,,84512,25,,,0,69,,84529,25,,,0,29,,84513,25,,,0,70,,84530,25,,,0,30,,84514,25,,,0,70,,84531,25,,,0,30,,84515,25,,,0,70,,84533,25,,,0,30,,84516,25,,,0,70,,84532,25,,,0,30,,84517,25,,,0,70,,84534,25,,,0
7203,'20262010',653,,84718,34,,,0,71,,84719,34,,,0,33,,84720,34,,,0,70,,84721,34,,,0,28,,84722,34,,,0,69,,84723,34,,,0,29,,84724,34,,,0,70,,84725,34,,,0,30,,84726,34,,,0,70,,84727,34,,,0,30,,84728,34,,,0,70,,84729,34,,,0,30,,84730,34,,,0,70,,84731,34,,,0,30,,84732,34,,,0,70,,84733,34,,,0,30,,84734,34,,,0,71,,84735,34,,,0,31,,84736,34,,,0,73,,84737,34,,,0,29,,84738,34,,,0,68,,84739,34,,,0,28,,84740,34,,,0,70,,84741,34,,,0,29,,84742,34,,,0,70,,84743,34,,,0,100,,84744,34,,,0,100,,84745,34,,,0,100,,84746,34,,,0,99,,84747,34,,,0,100,,84748,34,,,0
7203,'20262510',721,,84749,34,,,0,100,,84750,34,,,0,100,,84751,34,,,0,100,,84752,34,,,0,100,,84753,34,,,0,100,,84754,34,,,0,101,,84755,34,,,0,100,,84756,34,,,0,101,,84757,34,,,0,99,,84758,34,,,0,100,,84759,34,,,0,100,,84760,34,,,0,99,,84761,34,,,0,100,,84762,34,,,0,100,,84763,34,,,0,99,,84764,34,,,0,100,,84765,34,,,0,100,,84766,34,,,0,30,,84767,34,,,0
7203,'20262610',721,,84768,34,,,0,100,,84769,34,,,0,100,,84770,34,,,0,100,,84771,34,,,0,100,,84772,34,,,0,100,,84773,34,,,0,101,,84774,34,,,0,100,,84775,34,,,0,101,,84776,34,,,0,99,,84777,34,,,0,100,,84778,34,,,0,100,,84785,34,,,0,99,,84786,34,,,0,100,,84779,34,,,0,100,,84780,34,,,0,99,,84781,34,,,0,100,,84782,34,,,0,100,,84784,34,,,0,30,,84783,34,,,0
27300,'20262010',1632,,86576,28,4,,0,71,,86577,28,4,,0,27,,86578,28,4,,0,72,,86579,28,4,,0
28400,'20262010',1626,,86640,23,4,,0,30,,86641,23,4,,0,70,,86642,23,4,,0,25,,86643,23,4,,0,69,,86644,23,4,,0
58400,'20262010',1620,,86842,15,4,,0,38,,86841,15,4,,0,93,,86843,15,4,,0
97203,'20262010',2611,,90487,45,,,0
97203,'20262510',2611,,90488,45,,,0
