7001,'20262010',604,,84535,39,,,0,19,,84552,39,,,0,16,,84553,39,,,0,19,,84536,39,,,0,60,,84554,39,,,0,20,,84555,39,,,0,19,,84537,39,,,0,58,,84556,39,,,0,21,,84557,39,,,0,21,,84538,39,,,0,59,,84558,39,,,0,19,,84559,39,,,0,18,,84539,39,,,0,59,,84560,39,,,0,20,,84561,39,,,0,20,,84540,39,,,0,60,,84562,39,,,0,21,,84563,39,,,0,20,,84541,39,,,0,60,,84564,39,,,0,21,,84565,39,,,0,20,,84542,39,,,0,60,,84566,39,,,0,18,,84567,39,,,0,21,,84543,39,,,0,58,,84568,39,,,0,22,,84569,39,,,0,19,,84544,39,,,0,63,,84570,39,,,0,21,,84571,39,,,0,19,,84545,39,,,0,62,,84572,39,,,0,26,,84573,39,,,0,63,,84546,39,,,0,23,,84574,39,,,0,22,,84575,39,,,0,62,,84547,39,,,0,21,,84576,39,,,0,69,,84548,39,,,0,30,,84577,39,,,0,71,,84549,39,,,0,30,,84578,39,,,0,70,,84550,39,,,0,32,,84579,39,,,0,71,,84551,39,,,0,30,,84580,39,,,0,70,,84581,39,,,0
7001,'20262510',604,,84582,39,,,0,30,,84598,39,,,0,70,,84583,39,,,0,30,,84599,39,,,0,69,,84584,39,,,0,30,,84600,39,,,0,69,,84585,39,,,0,30,,84601,39,,,0,70,,84586,39,,,0,30,,84602,39,,,0,70,,84587,39,,,0,29,,84603,39,,,0,69,,84588,39,,,0,30,,84604,39,,,0,70,,84589,39,,,0,30,,84605,39,,,0,70,,84606,39,,,0,30,,84607,39,,,0,70,,84608,39,,,0,30,,84609,39,,,0,28,,84590,39,,,0,70,,84610,39,,,0,72,,84591,39,,,0,32,,84611,39,,,0,73,,84592,39,,,0,30,,84612,39,,,0,70,,84613,39,,,0,30,,84593,39,,,0,70,,84614,39,,,0,30,,84594,39,,,0,71,,84597,39,,,0,30,,84595,39,,,0,70,,84615,39,,,0,30,,84596,39,,,0
7001,'20262610',604,,84616,39,,,0,30,,84633,39,,,0,70,,84617,39,,,0,30,,84634,39,,,0,69,,84618,39,,,0,30,,84632,39,,,0,69,,84619,39,,,0,30,,84635,39,,,0,70,,84620,39,,,0,30,,84636,39,,,0,70,,84621,39,,,0,29,,84637,39,,,0,69,,84622,39,,,0,30,,84638,39,,,0,70,,84623,39,,,0,30,,84639,39,,,0,70,,84640,39,,,0,30,,84641,39,,,0,70,,84642,39,,,0,30,,84643,39,,,0,28,,84624,39,,,0,70,,84644,39,,,0,72,,84625,39,,,0,32,,84645,39,,,0,73,,84626,39,,,0,30,,84646,39,,,0,70,,84647,39,,,0,30,,84627,39,,,0,70,,84648,39,,,0,30,,84628,39,,,0,71,,84631,39,,,0,30,,84629,39,,,0,70,,84649,39,,,0,30,,84630,39,,,0
7001,'20263010',604,,95977,38,,,0,19,,95994,38,,,0,16,,95995,38,,,0,19,,95978,38,,,0,60,,95996,38,,,0,20,,95997,38,,,0,19,,95979,38,,,0,58,,95998,38,,,0,21,,95999,38,,,0,21,,95980,38,,,0,59,,96000,38,,,0,19,,96001,38,,,0,18,,95981,38,,,0,59,,96002,38,,,0,20,,96003,38,,,0,20,,95982,38,,,0,60,,96004,38,,,0,21,,96005,38,,,0,20,,95983,38,,,0,60,,96006,38,,,0,21,,96007,38,,,0,20,,95984,38,,,0,60,,96008,38,,,0,17,,96009,38,,,0,22,,95985,38,,,0,58,,96010,38,,,0,22,,96011,38,,,0,19,,95986,38,,,0,63,,96012,38,,,0,21,,96013,38,,,0,19,,95987,38,,,0,61,,96014,38,,,0,27,,96015,38,,,0,63,,95988,38,,,0,23,,96016,38,,,0,22,,96017,38,,,0,62,,95989,38,,,0,21,,96018,38,,,0,69,,95990,38,,,0,30,,96019,38,,,0,71,,95991,38,,,0,30,,96020,38,,,0,70,,95992,38,,,0,32,,96021,38,,,0,71,,95993,38,,,0,30,,96022,38,,,0,70,,96023,38,,,0
7001,'20263510',604,,96024,38,,,0,30,,96040,38,,,0,70,,96025,38,,,0,30,,96041,38,,,0,69,,96026,38,,,0,30,,96042,38,,,0,69,,96027,38,,,0,30,,96043,38,,,0,70,,96028,38,,,0,30,,96044,38,,,0,70,,96029,38,,,0,29,,96045,38,,,0,69,,96030,38,,,0,30,,96046,38,,,0,70,,96031,38,,,0,30,,96047,38,,,0,70,,96048,38,,,0,30,,96049,38,,,0,70,,96050,38,,,0,30,,96051,38,,,0,28,,96032,38,,,0,70,,96052,38,,,0,72,,96033,38,,,0,32,,96053,38,,,0,73,,96034,38,,,0,30,,96054,38,,,0,70,,96055,38,,,0,30,,96035,38,,,0,70,,96056,38,,,0,30,,96036,38,,,0,71,,96039,38,,,0,30,,96037,38,,,0,70,,96057,38,,,0,30,,96038,38,,,0
7001,'20263511',604,,96058,38,,,0,30,,96074,38,,,0,70,,96059,38,,,0,30,,96075,38,,,0,69,,96060,38,,,0,30,,96076,38,,,0,69,,96061,38,,,0,30,,96077,38,,,0,70,,96062,38,,,0,30,,96078,38,,,0,70,,96063,38,,,0,29,,96079,38,,,0,69,,96064,38,,,0,30,,96080,38,,,0,70,,96065,38,,,0,30,,96081,38,,,0,70,,96082,38,,,0,30,,96083,38,,,0,70,,96084,38,,,0,30,,96085,38,,,0,28,,96066,38,,,0,70,,96086,38,,,0,72,,96067,38,,,0,32,,96087,38,,,0,73,,96068,38,,,0,30,,96088,38,,,0,70,,96089,38,,,0,30,,96069,38,,,0,70,,96090,38,,,0,30,,96070,38,,,0,71,,96073,38,,,0,30,,96071,38,,,0,70,,96091,38,,,0,30,,96072,38,,,0
7001,'20263610',604,,96092,38,,,0,30,,96109,38,,,0,70,,96093,38,,,0,30,,96110,38,,,0,69,,96094,38,,,0,30,,96108,38,,,0,69,,96095,38,,,0,30,,96111,38,,,0,70,,96096,38,,,0,30,,96112,38,,,0,70,,96097,38,,,0,29,,96113,38,,,0,69,,96098,38,,,0,30,,96114,38,,,0,70,,96099,38,,,0,30,,96115,38,,,0,70,,96116,38,,,0,30,,96117,38,,,0,70,,96118,38,,,0,30,,96119,38,,,0,28,,96100,38,,,0,70,,96120,38,,,0,72,,96101,38,,,0,32,,96121,38,,,0,73,,96102,38,,,0,30,,96122,38,,,0,70,,96123,38,,,0,30,,96103,38,,,0,70,,96124,38,,,0,30,,96104,38,,,0,71,,96107,38,,,0,30,,96105,38,,,0,70,,96125,38,,,0,30,,96106,38,,,0
7001,'20263611',604,,96126,38,,,0,30,,96143,38,,,0,70,,96127,38,,,0,30,,96144,38,,,0,69,,96128,38,,,0,30,,96142,38,,,0,69,,96129,38,,,0,30,,96145,38,,,0,70,,96130,38,,,0,30,,96146,38,,,0,70,,96131,38,,,0,29,,96147,38,,,0,69,,96132,38,,,0,30,,96148,38,,,0,70,,96133,38,,,0,30,,96149,38,,,0,70,,96150,38,,,0,30,,96151,38,,,0,70,,96152,38,,,0,30,,96153,38,,,0,28,,96134,38,,,0,70,,96154,38,,,0,72,,96135,38,,,0,32,,96155,38,,,0,73,,96136,38,,,0,30,,96156,38,,,0,70,,96157,38,,,0,30,,96137,38,,,0,70,,96158,38,,,0,30,,96138,38,,,0,71,,96141,38,,,0,30,,96139,38,,,0,70,,96159,38,,,0,30,,96140,38,,,0
27001,'20262010',618,,86559,39,,,0,13,,86560,39,,,0,12,,86561,39,,,0,16,,86562,39,,,0,50,,86563,39,,,0,25,,86564,39,,,0,11,,86565,39,,,0,57,,86566,39,,,0,16,,86567,39,,,0
27001,'20263010',616,,99630,38,,,0,13,,99631,38,,,0,7,,99632,38,,,0,13,,99633,38,,,0,10,,99634,38,,,0,58,,99635,38,,,0,7,,99636,38,,,0,16,,99637,38,,,0,64,,99638,38,,,0
37001,'20263010',641,,99845,38,,,0,8,,99846,38,,,0,10,,99847,38,,,0,53,,99848,38,,,0,20,,99849,38,,,0,187,,99852,19,,,0,2,,99850,38,,,0,200,,99851,38,,,0
57001,'20262010',642,,86809,39,,,0,69,,86810,39,,,0,27,,86811,39,,,0
57001,'20263010',633,,100047,38,,,0,67,,100048,38,,,0,24,,100049,38,,,0
