7000,'20262010',722,,68702,76,,,0,17,,68715,76,,,0,63,,68716,76,,,0,23,,68703,76,,,0,19,,68717,76,,,0,60,,68718,76,,,0,19,,68704,76,,,0,20,,68719,76,,,0,60,,68720,76,,,0,20,,68705,76,,,0,20,,68721,76,,,0,61,,68722,76,,,0,18,,68706,76,,,0,20,,68723,76,,,0,60,,68724,76,,,0,20,,68707,76,,,0,21,,68725,76,,,0,58,,68726,76,,,0,20,,68708,76,,,0,18,,68727,76,,,0,63,,68728,76,,,0,19,,68709,76,,,0,21,,68729,76,,,0,61,,68730,76,,,0,19,,68710,76,,,0,20,,68731,76,,,0,66,,68732,76,,,0,22,,68711,76,,,0,25,,68733,76,,,0,63,,68734,76,,,0,21,,68712,76,,,0,17,,68735,76,,,0,58,,68736,76,,,0,18,,68713,76,,,0,19,,68737,76,,,0,58,,68738,76,,,0,20,,68714,76,,,0,21,,68739,76,,,0,69,,68740,76,,,0,30,,68741,76,,,0,70,,68742,76,,,0,30,,68743,76,,,0,69,,68744,76,,,0,29,,68745,76,,,0,68,,68746,76,,,0,30,,68747,76,,,0,70,,68748,76,,,0
7000,'20262011',722,,68749,76,,,0,17,,68762,76,,,0,63,,68763,76,,,0,23,,68750,76,,,0,19,,68764,76,,,0,60,,68765,76,,,0,19,,68751,76,,,0,20,,68766,76,,,0,60,,68767,76,,,0,20,,68752,76,,,0,20,,68768,76,,,0,61,,68769,76,,,0,18,,68753,76,,,0,20,,68770,76,,,0,60,,68771,76,,,0,20,,68754,76,,,0,21,,68772,76,,,0,58,,68773,76,,,0,20,,68755,76,,,0,18,,68774,76,,,0,63,,68775,76,,,0,19,,68756,76,,,0,21,,68776,76,,,0,61,,68777,76,,,0,19,,68757,76,,,0,20,,68778,76,,,0,66,,68779,76,,,0,22,,68758,76,,,0,25,,68780,76,,,0,63,,68781,76,,,0,21,,68759,76,,,0,17,,68782,76,,,0,58,,68783,76,,,0,18,,68760,76,,,0,19,,68784,76,,,0,58,,68785,76,,,0,20,,68761,76,,,0,21,,68786,76,,,0,69,,68787,76,,,0,30,,68788,76,,,0,70,,68789,76,,,0,30,,68790,76,,,0,69,,68791,76,,,0,29,,68792,76,,,0,68,,68793,76,,,0,30,,68794,76,,,0,70,,68795,76,,,0
7000,'20262510',715,,68796,76,,,0,30,,68814,76,,,0,71,,68797,76,,,0,30,,68815,76,,,0,71,,68798,76,,,0,31,,68816,76,,,0,70,,68799,76,,,0,31,,68817,76,,,0,71,,68800,76,,,0,30,,68818,76,,,0,70,,68801,76,,,0,32,,68819,76,,,0,70,,68802,76,,,0,30,,68820,76,,,0,70,,68803,76,,,0,32,,68821,76,,,0,70,,68804,76,,,0,30,,68822,76,,,0,70,,68805,76,,,0,30,,68823,76,,,0,70,,68806,76,,,0,30,,68824,76,,,0,70,,68807,76,,,0,27,,68825,76,,,0,66,,68808,76,,,0,30,,68829,76,,,0,69,,68826,76,,,0,30,,68809,76,,,0,70,,68827,76,,,0,30,,68810,76,,,0,69,,68813,76,,,0,30,,68811,76,,,0,70,,68828,76,,,0,30,,68812,76,,,0
7000,'20262511',715,,68830,76,,,0,30,,68848,76,,,0,71,,68831,76,,,0,30,,68849,76,,,0,71,,68832,76,,,0,31,,68850,76,,,0,70,,68833,76,,,0,31,,68851,76,,,0,71,,68834,76,,,0,30,,68852,76,,,0,70,,68835,76,,,0,32,,68853,76,,,0,70,,68836,76,,,0,30,,68854,76,,,0,70,,68837,76,,,0,32,,68855,76,,,0,70,,68838,76,,,0,30,,68856,76,,,0,70,,68839,76,,,0,30,,68857,76,,,0,70,,68840,76,,,0,30,,68858,76,,,0,70,,68841,76,,,0,27,,68859,76,,,0,66,,68842,76,,,0,30,,68863,76,,,0,69,,68860,76,,,0,30,,68843,76,,,0,70,,68861,76,,,0,30,,68844,76,,,0,69,,68847,76,,,0,30,,68845,76,,,0,70,,68862,76,,,0,30,,68846,76,,,0
7000,'20262610',715,,68864,76,,,0,30,,68881,76,,,0,71,,68865,76,,,0,30,,68882,76,,,0,71,,68866,76,,,0,31,,68883,76,,,0,70,,68867,76,,,0,31,,68884,76,,,0,71,,68868,76,,,0,30,,68885,76,,,0,70,,68869,76,,,0,32,,68886,76,,,0,70,,68870,76,,,0,30,,68887,76,,,0,70,,68871,76,,,0,32,,68888,76,,,0,70,,68872,76,,,0,30,,68889,76,,,0,70,,68873,76,,,0,30,,68890,76,,,0,70,,68874,76,,,0,30,,68891,76,,,0,70,,68875,76,,,0,27,,68892,76,,,0,66,,68876,76,,,0,30,,68893,76,,,0,69,,68877,76,,,0,30,,68894,76,,,0,70,,68878,76,,,0,30,,68896,76,,,0,69,,68879,76,,,0,30,,68895,76,,,0,70,,68880,76,,,0,30,,68897,76,,,0
7000,'20262611',715,,68898,76,,,0,30,,68915,76,,,0,71,,68899,76,,,0,30,,68916,76,,,0,71,,68900,76,,,0,31,,68917,76,,,0,70,,68901,76,,,0,31,,68918,76,,,0,71,,68902,76,,,0,30,,68919,76,,,0,70,,68903,76,,,0,32,,68920,76,,,0,70,,68904,76,,,0,30,,68921,76,,,0,70,,68905,76,,,0,32,,68922,76,,,0,70,,68906,76,,,0,30,,68923,76,,,0,70,,68907,76,,,0,30,,68924,76,,,0,70,,68908,76,,,0,30,,68925,76,,,0,70,,68909,76,,,0,27,,68926,76,,,0,66,,68910,76,,,0,30,,68927,76,,,0,69,,68911,76,,,0,30,,68928,76,,,0,70,,68912,76,,,0,30,,68930,76,,,0,69,,68913,76,,,0,30,,68929,76,,,0,70,,68914,76,,,0,30,,68931,76,,,0
27000,'20262010',1622,,72966,36,4,,0,25,,72967,36,4,,0,54,,72968,36,4,,0,23,,72969,36,4,,0,24,,72970,36,4,,0,66,,72971,36,4,,0,29,,72972,36,4,,0
27000,'20262011',1622,,72973,36,4,,0,25,,72974,36,4,,0,54,,72975,36,4,,0,23,,72976,36,4,,0,24,,72977,36,4,,0,66,,72978,36,4,,0,29,,72979,36,4,,0
57000,'20262010',1646,,73894,39,4,,0,76,,73895,39,4,,0,85,,73896,39,4,,0
57000,'20262011',1646,,73897,39,4,,0,76,,73898,39,4,,0,85,,73899,39,4,,0
98400,'20262010',2636,,81268,118,4,,0
98400,'20262011',2636,,81269,118,4,,0
98400,'20262510',2636,,81270,118,4,,0
98400,'20262511',2636,,81271,118,4,,0
