7202,'20262010',550,,69162,45,,,0,70,,69163,45,,,0,29,,69164,45,,,0,69,,69165,45,,,0,27,,69166,45,,,0,70,,69167,45,,,0,31,,69168,45,,,0,73,,69184,45,,,0,30,,69169,45,,,0,70,,69185,45,,,0,30,,69170,45,,,0,70,,69186,45,,,0,30,,69171,45,,,0,70,,69187,45,,,0,29,,69172,45,,,0,70,,69188,45,,,0,30,,69173,45,,,0,70,,69189,45,,,0,29,,69174,45,,,0,70,,69190,45,,,0,26,,69175,45,,,0,69,,69191,45,,,0,29,,69176,45,,,0,72,,69192,45,,,0,32,,69177,45,,,0,73,,69193,45,,,0,30,,69178,45,,,0,100,,69179,45,,,0,100,,69180,45,,,0,101,,69181,45,,,0,101,,69182,45,,,0,100,,69183,45,,,0
7202,'20262011',550,,69194,45,,,0,70,,69195,45,,,0,29,,69196,45,,,0,69,,69197,45,,,0,27,,69198,45,,,0,70,,69199,45,,,0,31,,69200,45,,,0,73,,69216,45,,,0,30,,69201,45,,,0,70,,69217,45,,,0,30,,69202,45,,,0,70,,69218,45,,,0,30,,69203,45,,,0,70,,69219,45,,,0,29,,69204,45,,,0,70,,69220,45,,,0,30,,69205,45,,,0,70,,69221,45,,,0,29,,69206,45,,,0,70,,69222,45,,,0,26,,69207,45,,,0,69,,69223,45,,,0,29,,69208,45,,,0,72,,69224,45,,,0,32,,69209,45,,,0,73,,69225,45,,,0,30,,69210,45,,,0,100,,69211,45,,,0,100,,69212,45,,,0,101,,69213,45,,,0,101,,69214,45,,,0,100,,69215,45,,,0
7202,'20262510',650,,69226,45,,,0,100,,69227,45,,,0,100,,69228,45,,,0,99,,69229,45,,,0,100,,69230,45,,,0,99,,69231,45,,,0,100,,69232,45,,,0,100,,69233,45,,,0,99,,69234,45,,,0,101,,69235,45,,,0,100,,69236,45,,,0,101,,69237,45,,,0,100,,69238,45,,,0,101,,69239,45,,,0,100,,69240,45,,,0,100,,69241,45,,,0,100,,69242,45,,,0,100,,69243,45,,,0
7202,'20262511',650,,69244,45,,,0,100,,69245,45,,,0,100,,69246,45,,,0,99,,69247,45,,,0,100,,69248,45,,,0,99,,69249,45,,,0,100,,69250,45,,,0,100,,69251,45,,,0,99,,69252,45,,,0,101,,69253,45,,,0,100,,69254,45,,,0,101,,69255,45,,,0,100,,69256,45,,,0,101,,69257,45,,,0,100,,69258,45,,,0,100,,69259,45,,,0,100,,69260,45,,,0,100,,69261,45,,,0
7202,'20262610',650,,69262,45,,,0,100,,69263,45,,,0,100,,69264,45,,,0,99,,69265,45,,,0,100,,69266,45,,,0,99,,69267,45,,,0,100,,69268,45,,,0,100,,69269,45,,,0,99,,69270,45,,,0,101,,69271,45,,,0,100,,69272,45,,,0,101,,69273,45,,,0,100,,69274,45,,,0,101,,69275,45,,,0,100,,69276,45,,,0,100,,69277,45,,,0,100,,69278,45,,,0,100,,69279,45,,,0
7202,'20262611',650,,69280,45,,,0,100,,69281,45,,,0,100,,69282,45,,,0,99,,69283,45,,,0,100,,69284,45,,,0,99,,69285,45,,,0,100,,69286,45,,,0,100,,69287,45,,,0,99,,69288,45,,,0,101,,69289,45,,,0,100,,69290,45,,,0,101,,69291,45,,,0,100,,69292,45,,,0,101,,69293,45,,,0,100,,69294,45,,,0,100,,69295,45,,,0,100,,69296,45,,,0,100,,69297,45,,,0
27301,'20262010',645,,73022,47,,,0,66,,73023,47,,,0,45,,73024,47,,,0,71,,73025,47,,,0
27301,'20262011',645,,73026,47,,,0,66,,73027,47,,,0,45,,73028,47,,,0,71,,73029,47,,,0
28401,'20262010',652,,73155,66,,,0,71,,73152,66,,,0,28,,73156,66,,,0,58,,73153,66,,,0,20,,73154,66,,,0
28401,'20262011',652,,73160,66,,,0,71,,73157,66,,,0,28,,73161,66,,,0,58,,73158,66,,,0,20,,73159,66,,,0
