3100,'20262010',640,,82781,15,,,0,82,,82802,15,,,0,30,,82800,15,,,0,70,,82801,15,,,0,79,,82782,15,,,0,57,,82783,15,,,0,99,,82784,15,,,0,100,,82785,15,,,0,101,,82786,15,,,0,99,,82787,15,,,0,99,,82788,15,,,0,65,,82789,15,,,0,79,,82790,15,,,0,43,,82791,15,,,0,69,,82792,15,,,0,29,,82793,15,,,0,69,,82794,15,,,0,95,,82795,15,,,0,105,,82796,15,,,0,95,,82797,15,,,0,100,,82798,15,,,0,100,,82799,15,,,0,198,,82803,15,,,0
3100,'20262510',740,,82804,15,,,0,202,,82805,15,,,0,200,,82806,15,,,0,200,,82807,15,,,0,199,,82808,15,,,0,198,,82809,15,,,0,206,,82810,15,,,0,202,,82811,15,,,0,198,,82812,15,,,0,157,,82813,15,,,0
3100,'20262610',740,,82814,15,,,0,202,,82815,15,,,0,200,,82816,15,,,0,200,,82817,15,,,0,199,,82818,15,,,0,198,,82819,15,,,0,206,,82820,15,,,0,202,,82821,15,,,0,198,,82822,15,,,0,157,,82823,15,,,0
3100,'20263010',636,,93324,14,,,0,80,,93345,14,,,0,29,,93343,14,,,0,70,,93344,14,,,0,39,,93325,14,,,0,97,,93326,14,,,0,99,,93327,14,,,0,100,,93328,14,,,0,102,,93329,14,,,0,99,,93330,14,,,0,99,,93331,14,,,0,65,,93332,14,,,0,39,,93333,14,,,0,91,,93334,14,,,0,67,,93335,14,,,0,25,,93336,14,,,0,70,,93337,14,,,0,95,,93338,14,,,0,105,,93339,14,,,0,95,,93340,14,,,0,100,,93341,14,,,0,100,,93342,14,,,0,198,,93346,14,,,0
3100,'20263510',735,,93347,14,,,0,202,,93348,14,,,0,200,,93349,14,,,0,200,,93350,14,,,0,201,,93351,14,,,0,200,,93352,14,,,0,202,,93353,14,,,0,202,,93354,14,,,0,198,,93355,14,,,0,118,,93356,14,,,0
3100,'20263511',735,,93357,14,,,0,202,,93358,14,,,0,200,,93359,14,,,0,200,,93360,14,,,0,201,,93361,14,,,0,200,,93362,14,,,0,202,,93363,14,,,0,202,,93364,14,,,0,198,,93365,14,,,0,118,,93366,14,,,0
3100,'20263610',735,,93367,14,,,0,202,,93368,14,,,0,200,,93369,14,,,0,200,,93370,14,,,0,201,,93371,14,,,0,200,,93372,14,,,0,202,,93373,14,,,0,202,,93374,14,,,0,198,,93375,14,,,0,118,,93376,14,,,0
3100,'20263611',735,,93377,14,,,0,202,,93378,14,,,0,200,,93379,14,,,0,200,,93380,14,,,0,201,,93381,14,,,0,200,,93382,14,,,0,202,,93383,14,,,0,202,,93384,14,,,0,198,,93385,14,,,0,118,,93386,14,,,0
3200,'20262010',808,,82868,18,0,27 28,0,132,,82869,18,0,27 28,0,200,,82870,18,0,27 28,0,200,,82871,18,0,27 28,0,177,,82872,18,0,27 28,0,35,,82873,18,0,27 28,0,106,,82882,18,0,27 28,0,64,,82874,18,0,27 28,0,22,,82875,18,0,27 28,0,69,,82876,18,0,27 28,0,28,,82877,18,0,27 28,0,69,,82878,18,0,27 28,0,129,,82879,18,0,27 28,0,199,,82880,18,0,27 28,0,202,,82881,18,0,27 28,0
3200,'20262510',846,,82883,18,0,27 28,0,199,,82884,18,0,27 28,0,200,,82885,18,0,27 28,0,200,,82886,18,0,27 28,0,200,,82887,18,0,27 28,0,200,,82888,18,0,27 28,0,200,,82889,18,0,27 28,0,200,,82890,18,0,27 28,0,99,,82891,18,0,27 28,0
3200,'20262610',846,,82892,18,0,27 28,0,199,,82893,18,0,27 28,0,200,,82894,18,0,27 28,0,200,,82895,18,0,27 28,0,200,,82896,18,0,27 28,0,200,,82897,18,0,27 28,0,200,,82898,18,0,27 28,0,200,,82899,18,0,27 28,0,99,,82900,18,0,27 28,0
3200,'20263010',718,,93466,24,0,21,0,28,,93467,24,0,21,0,67,,93451,24,0,21,0,123,,93452,18,0,21,0,195,,93453,18,0,21,0,200,,93454,18,0,21,0,179,,93455,18,0,21,0,36,,93456,18,0,21,0,109,,93465,18,0,21,0,64,,93457,18,0,21,0,25,,93458,18,0,21,0,68,,93459,18,0,21,0,29,,93460,18,0,21,0,70,,93461,18,0,21,0,124,,93462,18,0,21,0,200,,93463,18,0,21,0,198,,93464,18,0,21,0
3200,'20263510',839,,93468,18,0,21,0,199,,93469,18,0,21,0,203,,93470,18,0,21,0,202,,93471,18,0,21,0,200,,93472,18,0,21,0,198,,93473,18,0,21,0,198,,93474,18,0,21,0,200,,93475,18,0,21,0,97,,93476,18,0,21,0
3200,'20263511',839,,93477,18,0,21,0,199,,93478,18,0,21,0,203,,93479,18,0,21,0,202,,93480,18,0,21,0,200,,93481,18,0,21,0,198,,93482,18,0,21,0,198,,93483,18,0,21,0,200,,93484,18,0,21,0,97,,93485,18,0,21,0
3200,'20263610',839,,93486,18,0,21,0,199,,93487,18,0,21,0,203,,93488,18,0,21,0,202,,93489,18,0,21,0,200,,93490,18,0,21,0,198,,93491,18,0,21,0,198,,93492,18,0,21,0,200,,93493,18,0,21,0,97,,93494,18,0,21,0
3200,'20263611',839,,93495,18,0,21,0,199,,93496,18,0,21,0,203,,93497,18,0,21,0,202,,93498,18,0,21,0,200,,93499,18,0,21,0,198,,93500,18,0,21,0,198,,93501,18,0,21,0,200,,93502,18,0,21,0,97,,93503,18,0,21,0
3400,'20263010',634,,93569,24,,,0,75,,93556,24,,,0,37,,93563,24,,,0,66,,93570,24,,,0,96,,93571,24,,,0,117,,93568,24,,,0,200,,93557,24,,,0,200,,93566,24,,,0,223,,93564,24,,,0,69,,93558,24,,,0,32,,93559,24,,,0,73,,93560,24,,,0,30,,93562,24,,,0,86,,93565,24,,,0,193,,93567,24,,,0,200,,93561,24,,,0
3400,'20263510',639,,93572,24,,,0,201,,93573,24,,,0,199,,93574,24,,,0,200,,93576,24,,,0,200,,93575,24,,,0,200,,93578,24,,,0,202,,93579,24,,,0,201,,93580,24,,,0,200,,93577,24,,,0
3400,'20263511',639,,93581,24,,,0,201,,93582,24,,,0,199,,93583,24,,,0,200,,93585,24,,,0,200,,93584,24,,,0,200,,93587,24,,,0,202,,93588,24,,,0,201,,93589,24,,,0,200,,93586,24,,,0
3400,'20263610',639,,93592,24,,,0,201,,93593,24,,,0,199,,93594,24,,,0,200,,93595,24,,,0,200,,93596,24,,,0,200,,93597,24,,,0,202,,93598,24,,,0,201,,93591,24,,,0,200,,93590,24,,,0
3400,'20263611',639,,93601,24,,,0,201,,93602,24,,,0,199,,93603,24,,,0,200,,93604,24,,,0,200,,93605,24,,,0,200,,93606,24,,,0,202,,93607,24,,,0,201,,93600,24,,,0,200,,93599,24,,,0
93100,'20262010',2612,,90471,48,,,0,125,,90472,69,,,0
93100,'20262510',2612,,90473,48,,,0,125,,90474,69,,,0
93100,'20263010',2612,,106086,47,,,0,125,,106087,68,,,0
93100,'20263510',2612,,106088,47,,,0,125,,106089,68,,,0
93100,'20263511',2612,,106090,47,,,0,125,,106091,68,,,0
