2200,'20261010',650,,49617,1,,,0,69,,49618,1,,,0,26,,49619,1,,,0,74,,49620,1,,,0,32,,49621,1,,,0,692,,49622,1,,,0,67,,49623,1,,,0,111,,49624,1,,,0,102,,49625,1,,,0
7600,'20261010',521,,53383,13,,,1,97,,53384,13,,,1,99,,53385,13,,,1,32,,53386,13,,,1,72,,53387,13,,,1,29,,53388,13,,,1,69,,53389,13,,,1,98,,53390,13,,,1,101,,53391,13,,,1,100,,53392,13,,,1,30,,53393,13,,,1,70,,53394,13,,,1,31,,53395,13,,,1,93,,53396,13,,,1,106,,53397,13,,,1,73,,53398,13,,,1,36,,53399,13,,,1,75,,53400,13,,,1,70,,53401,13,,,1,26,,53402,13,,,1,99,,53403,13,,,1,104,,53404,13,,,1,99,,53405,13,,,1,97,,53406,13,,,1,99,,53407,13,,,1
8800,'20261010',640,,54935,1,,,0,98,,54936,1,,,0,70,,54944,1,,,0,104,,54945,1,,,0,596,,54937,1,,,0,29,,54942,1,,,0,67,,54938,1,,,0,33,,54939,1,,,0,75,,54940,1,,,0,31,,54947,1,,,0,72,,54946,1,,,0,504,,54941,1,,,0
9300,'20261010',1525,,55353,12,,,0,28,,55345,12,,,0,75,,55335,12,,,0,77,,55336,12,,,0,21,,55337,12,,,0,30,,55338,12,,,0,70,,55339,12,,,0,31,,55346,12,,,0
53001,'20261010',726,,56350,38,4,,0,32,,56351,38,4,,0,54,,56354,38,4,,0,15,,56352,38,4,,0,23,,56353,38,4,,0,102,,56355,38,4,,0,195,,56356,38,4,,0
53601,'20261010',750,,56360,52,4,,0,71,,56361,52,4,,0
53701,'20261010',758,,56366,30,4,,0,71,,56367,30,4,,0
53801,'20261010',710,,56371,46,4,,0,33,,56372,46,4,,0,78,,56373,46,4,,0
55001,'20261010',724,,56380,47,4,,0,31,,56379,47,4,,0,69,,56381,47,4,,0,98,,56382,47,4,,0
55401,'20261010',751,,56388,34,4,,0,70,,56387,34,4,,0
55501,'20261010',757,,56393,36,4,,0,75,,56392,36,4,,0
55801,'20261010',758,,56397,42,4,,0,75,,56398,42,4,,0
57001,'20261010',712,,56404,48,4,,0,30,,56405,48,4,,0,86,,56406,48,4,,0
57201,'20261010',718,,56411,73,4,,0,26,,56412,73,4,,0,81,,56413,73,4,,0
57401,'20261010',710,,56419,42,4,,0,27,,56420,42,4,,0,78,,56418,42,4,,0
58001,'20261010',741,,56426,57,4,,0,75,,56425,57,4,,0,36,,56427,57,4,,0
58101,'20261010',716,,56431,41,4,,0,19,,56432,41,4,,0,90,,56433,41,4,,0
58201,'20261010',720,,56441,58,4,,0,16,,56439,58,4,,0,15,,56442,58,4,,0,56,,56440,58,4,,0,15,,56443,58,4,,0
58401,'20261010',710,,56449,65,4,,0,36,,56448,65,4,,0,74,,56450,65,4,,0
80503,'20261010',602,,60926,26,,,0,15,,60927,26,,,0,10,,60928,26,,,0,10,,60929,26,,,0,8,,60930,26,,,0,8,,60934,26,,,0,4,,60931,26,,,0,45,,61080,26,,,0,5,,61077,26,,,0,6,,60932,26,,,0,5,,60933,26,,,0,4,,60935,26,,,0,7,,61078,26,,,0,5,,60936,26,,,0,6,,60937,26,,,0,5,,60938,26,,,0,4,,60939,26,,,0,6,,60940,26,,,0,46,,60941,26,,,0,4,,60942,26,,,0,5,,60943,26,,,0,6,,61074,26,,,0,4,,60944,26,,,0,5,,60945,26,,,0,3,,61075,26,,,0,4,,60946,26,,,0,4,,60947,26,,,0,4,,60948,26,,,0,4,,60949,26,,,0,4,,60950,26,,,0,4,,60951,26,,,0,5,,60952,26,,,0,43,,60953,26,,,0,5,,60954,26,,,0,4,,60955,26,,,0,5,,60956,26,,,0,4,,60957,26,,,0,5,,61076,26,,,0,7,,60958,26,,,0,7,,60959,26,,,0,8,,60960,26,,,0,8,,60961,26,,,0,48,,60962,26,,,0,8,,60963,26,,,0,8,,60964,26,,,0,8,,60965,26,,,0,7,,60966,26,,,0,8,,60967,26,,,0,9,,60968,26,,,0,8,,60969,26,,,0,47,,60970,26,,,0,8,,60971,26,,,0,7,,60972,26,,,0,8,,60973,26,,,0,6,,60974,26,,,0,8,,60975,26,,,0,6,,60976,26,,,0,7,,60977,26,,,0,47,,60978,26,,,0,5,,60979,26,,,0,7,,60980,26,,,0,6,,60981,26,,,0,5,,60982,26,,,0,7,,60983,26,,,0,6,,60984,26,,,0,8,,60985,26,,,0,7,,60986,26,,,0,48,,60987,26,,,0,6,,60988,26,,,0,7,,60989,26,,,0,7,,60990,26,,,0,6,,60991,26,,,0,8,,60992,26,,,0,8,,60993,26,,,0,8,,60994,26,,,0,8,,60995,26,,,0,48,,60996,26,,,0,8,,60997,26,,,0,8,,60998,26,,,0,8,,60999,26,,,0,9,,61000,26,,,0,8,,61001,26,,,0,9,,61002,26,,,0,50,,61003,26,,,0,6,,61004,26,,,0,6,,61081,26,,,0,5,,61005,26,,,0,7,,61006,26,,,0,4,,61007,26,,,0,5,,61008,26,,,0,6,,61009,26,,,0,7,,61010,26,,,0,4,,61011,26,,,0,45,,61012,26,,,0,6,,61013,26,,,0,4,,61014,26,,,0,6,,61015,26,,,0,6,,61016,26,,,0,4,,61017,26,,,0,4,,61018,26,,,0,6,,61019,26,,,0,6,,61020,26,,,0,5,,61021,26,,,0,5,,61022,26,,,0,5,,61023,26,,,0,45,,61024,26,,,0,5,,61025,26,,,0,5,,61026,26,,,0,5,,61027,26,,,0,5,,61028,26,,,0,5,,61029,26,,,0,5,,61030,26,,,0,5,,61031,26,,,0,5,,61032,26,,,0,4,,61033,26,,,0,5,,61034,26,,,0,4,,61035,26,,,0,45,,61036,26,,,0,6,,61037,26,,,0,5,,61079,26,,,0,6,,61038,26,,,0,6,,61039,26,,,0,6,,61040,26,,,0,4,,61041,26,,,0,5,,61042,26,,,0,5,,61043,26,,,0,7,,61044,26,,,0,49,,61045,26,,,0,8,,61046,26,,,0,9,,61047,26,,,0,9,,61048,26,,,0,9,,61049,26,,,0,10,,61050,26,,,0,8,,61051,26,,,0,48,,61052,26,,,0,9,,61053,26,,,0,14,,61054,26,,,0,14,,61055,26,,,0,15,,61056,26,,,0,56,,61057,26,,,0,15,,61058,26,,,0,14,,61059,26,,,0,14,,61060,26,,,0,56,,61061,26,,,0,14,,61062,26,,,0,15,,61063,26,,,0,15,,61064,26,,,0,55,,61065,26,,,0,15,,61066,26,,,0,15,,61067,26,,,0,15,,61068,26,,,0,55,,61069,26,,,0,15,,61070,26,,,0,15,,61071,26,,,0,15,,61072,26,,,0,55,,61073,26,,,0,15,,61082,26,,,0,15,,61083,26,,,0
99103,'20261010',2552,,62399,22,,,0,170,,62400,22,,,0
