6102,'20262010',606,,84156,2,,,1,30,,84157,2,,,1,71,,84158,2,,,1,30,,84159,2,,,1,70,,84160,2,,,1,30,,84161,2,,,1,70,,84162,2,,,1,30,,84180,2,,,1,70,,84163,2,,,1,30,,84181,2,,,1,70,,84164,2,,,1,30,,84182,2,,,1,70,,84165,2,,,1,30,,84183,2,,,1,70,,84166,2,,,1,30,,84184,2,,,1,70,,84167,2,,,1,30,,84185,2,,,1,70,,84168,2,,,1,30,,84186,2,,,1,70,,84169,2,,,1,30,,84170,2,,,1,70,,84171,2,,,1,30,,84172,2,,,1,70,,84173,2,,,1,100,,84174,2,,,1,100,,84175,2,,,1,100,,84176,2,,,1,30,,84179,2,,,1,69,,84177,2,,,1,100,,84178,2,,,1
6102,'20262510',706,,84187,2,,,1,100,,84188,2,,,1,30,,84204,2,,,1,70,,84189,2,,,1,101,,84190,2,,,1,100,,84191,2,,,1,30,,84205,2,,,1,70,,84192,2,,,1,30,,84206,2,,,1,70,,84193,2,,,1,30,,84207,2,,,1,70,,84194,2,,,1,30,,84208,2,,,1,70,,84195,2,,,1,30,,84209,2,,,1,70,,84196,2,,,1,30,,84210,2,,,1,70,,84197,2,,,1,30,,84211,2,,,1,70,,84198,2,,,1,100,,84199,2,,,1,99,,84200,2,,,1,100,,84201,2,,,1,100,,84202,2,,,1,100,,84203,2,,,1
6102,'20262610',706,,84212,2,,,1,100,,84213,2,,,1,30,,84229,2,,,1,70,,84214,2,,,1,101,,84215,2,,,1,100,,84216,2,,,1,30,,84230,2,,,1,70,,84217,2,,,1,30,,84231,2,,,1,70,,84218,2,,,1,30,,84232,2,,,1,70,,84219,2,,,1,30,,84233,2,,,1,70,,84220,2,,,1,30,,84234,2,,,1,70,,84221,2,,,1,30,,84235,2,,,1,70,,84222,2,,,1,30,,84236,2,,,1,70,,84223,2,,,1,100,,84224,2,,,1,99,,84225,2,,,1,100,,84226,2,,,1,100,,84227,2,,,1,100,,84228,2,,,1
6102,'20263010',606,,95540,2,,,1,30,,95541,2,,,1,71,,95542,2,,,1,30,,95543,2,,,1,70,,95544,2,,,1,30,,95545,2,,,1,70,,95546,2,,,1,30,,95564,2,,,1,70,,95547,2,,,1,30,,95565,2,,,1,70,,95548,2,,,1,30,,95566,2,,,1,70,,95549,2,,,1,30,,95567,2,,,1,70,,95550,2,,,1,30,,95568,2,,,1,70,,95551,2,,,1,30,,95569,2,,,1,70,,95552,2,,,1,30,,95570,2,,,1,70,,95553,2,,,1,30,,95554,2,,,1,75,,95555,2,,,1,25,,95556,2,,,1,70,,95557,2,,,1,100,,95558,2,,,1,100,,95559,2,,,1,100,,95560,2,,,1,30,,95563,2,,,1,69,,95561,2,,,1,100,,95562,2,,,1
6102,'20263510',706,,95571,2,,,1,100,,95572,2,,,1,30,,95588,2,,,1,70,,95573,2,,,1,101,,95574,2,,,1,100,,95575,2,,,1,30,,95589,2,,,1,70,,95576,2,,,1,30,,95590,2,,,1,70,,95577,2,,,1,30,,95591,2,,,1,70,,95578,2,,,1,30,,95592,2,,,1,70,,95579,2,,,1,30,,95593,2,,,1,70,,95580,2,,,1,30,,95594,2,,,1,70,,95581,2,,,1,30,,95595,2,,,1,70,,95582,2,,,1,100,,95583,2,,,1,99,,95584,2,,,1,100,,95585,2,,,1,100,,95586,2,,,1,100,,95587,2,,,1
6102,'20263511',706,,95596,2,,,1,100,,95597,2,,,1,30,,95613,2,,,1,70,,95598,2,,,1,101,,95599,2,,,1,100,,95600,2,,,1,30,,95614,2,,,1,70,,95601,2,,,1,30,,95615,2,,,1,70,,95602,2,,,1,30,,95616,2,,,1,70,,95603,2,,,1,30,,95617,2,,,1,70,,95604,2,,,1,30,,95618,2,,,1,70,,95605,2,,,1,30,,95619,2,,,1,70,,95606,2,,,1,30,,95620,2,,,1,70,,95607,2,,,1,100,,95608,2,,,1,99,,95609,2,,,1,100,,95610,2,,,1,100,,95611,2,,,1,100,,95612,2,,,1
6102,'20263610',706,,95621,2,,,1,100,,95622,2,,,1,30,,95638,2,,,1,70,,95623,2,,,1,101,,95624,2,,,1,100,,95625,2,,,1,30,,95639,2,,,1,70,,95626,2,,,1,30,,95640,2,,,1,70,,95627,2,,,1,30,,95641,2,,,1,70,,95628,2,,,1,30,,95642,2,,,1,70,,95629,2,,,1,30,,95643,2,,,1,70,,95630,2,,,1,30,,95644,2,,,1,70,,95631,2,,,1,30,,95645,2,,,1,70,,95632,2,,,1,100,,95633,2,,,1,99,,95634,2,,,1,100,,95635,2,,,1,100,,95636,2,,,1,100,,95637,2,,,1
6102,'20263611',706,,95646,2,,,1,100,,95647,2,,,1,30,,95663,2,,,1,70,,95648,2,,,1,101,,95649,2,,,1,100,,95650,2,,,1,30,,95664,2,,,1,70,,95651,2,,,1,30,,95665,2,,,1,70,,95652,2,,,1,30,,95666,2,,,1,70,,95653,2,,,1,30,,95667,2,,,1,70,,95654,2,,,1,30,,95668,2,,,1,70,,95655,2,,,1,30,,95669,2,,,1,70,,95656,2,,,1,30,,95670,2,,,1,70,,95657,2,,,1,100,,95658,2,,,1,99,,95659,2,,,1,100,,95660,2,,,1,100,,95661,2,,,1,100,,95662,2,,,1
7000,'20262010',636,,84420,9,,,0,16,,84433,9,,,0,62,,84434,9,,,0,22,,84421,9,,,0,20,,84435,9,,,0,62,,84436,9,,,0,20,,84422,9,,,0,21,,84437,9,,,0,60,,84438,9,,,0,20,,84423,9,,,0,20,,84439,9,,,0,59,,84440,9,,,0,18,,84424,9,,,0,20,,84441,9,,,0,60,,84442,9,,,0,20,,84425,9,,,0,20,,84443,9,,,0,58,,84444,9,,,0,20,,84426,9,,,0,18,,84445,9,,,0,63,,84446,9,,,0,19,,84427,9,,,0,19,,84447,9,,,0,61,,84448,9,,,0,19,,84428,9,,,0,18,,84449,9,,,0,61,,84450,9,,,0,21,,84429,9,,,0,23,,84451,9,,,0,63,,84452,9,,,0,23,,84430,9,,,0,62,,84453,9,,,0,21,,84454,9,,,0,18,,84431,9,,,0,61,,84455,9,,,0,19,,84456,9,,,0,20,,84432,9,,,0,63,,84457,9,,,0,30,,84458,9,,,0,70,,84459,9,,,0,30,,84460,9,,,0,70,,84461,9,,,0,30,,84462,9,,,0,70,,84463,9,,,0,30,,84464,9,,,0,70,,84465,9,,,0,30,,84466,9,,,0
7000,'20262510',636,,84467,9,,,0,70,,84485,9,,,0,30,,84468,9,,,0,70,,84486,9,,,0,30,,84469,9,,,0,70,,84487,9,,,0,30,,84470,9,,,0,70,,84488,9,,,0,30,,84471,9,,,0,70,,84489,9,,,0,30,,84472,9,,,0,71,,84490,9,,,0,30,,84473,9,,,0,70,,84491,9,,,0,30,,84474,9,,,0,70,,84492,9,,,0,30,,84475,9,,,0,70,,84493,9,,,0,30,,84476,9,,,0,70,,84494,9,,,0,30,,84477,9,,,0,70,,84495,9,,,0,30,,84478,9,,,0,70,,84496,9,,,0,29,,84479,9,,,0,70,,84500,9,,,0,30,,84497,9,,,0,70,,84480,9,,,0,30,,84498,9,,,0,70,,84481,9,,,0,30,,84484,9,,,0,70,,84482,9,,,0,30,,84499,9,,,0,70,,84483,9,,,0
7000,'20262610',636,,84501,9,,,0,70,,84518,9,,,0,30,,84502,9,,,0,70,,84519,9,,,0,30,,84503,9,,,0,70,,84520,9,,,0,30,,84504,9,,,0,70,,84521,9,,,0,30,,84505,9,,,0,70,,84522,9,,,0,30,,84506,9,,,0,71,,84523,9,,,0,30,,84507,9,,,0,70,,84524,9,,,0,30,,84508,9,,,0,70,,84525,9,,,0,30,,84509,9,,,0,70,,84526,9,,,0,30,,84510,9,,,0,70,,84527,9,,,0,30,,84511,9,,,0,70,,84528,9,,,0,30,,84512,9,,,0,70,,84529,9,,,0,29,,84513,9,,,0,70,,84530,9,,,0,30,,84514,9,,,0,70,,84531,9,,,0,30,,84515,9,,,0,70,,84533,9,,,0,30,,84516,9,,,0,70,,84532,9,,,0,30,,84517,9,,,0,70,,84534,9,,,0
7000,'20263010',636,,95794,9,,,0,16,,95807,9,,,0,62,,95808,9,,,0,22,,95795,9,,,0,20,,95809,9,,,0,62,,95810,9,,,0,20,,95796,9,,,0,21,,95811,9,,,0,60,,95812,9,,,0,20,,95797,9,,,0,20,,95813,9,,,0,59,,95814,9,,,0,18,,95798,9,,,0,20,,95815,9,,,0,60,,95816,9,,,0,20,,95799,9,,,0,20,,95817,9,,,0,57,,95818,9,,,0,21,,95800,9,,,0,18,,95819,9,,,0,63,,95820,9,,,0,19,,95801,9,,,0,19,,95821,9,,,0,61,,95822,9,,,0,19,,95802,9,,,0,17,,95823,9,,,0,62,,95824,9,,,0,21,,95803,9,,,0,23,,95825,9,,,0,63,,95826,9,,,0,23,,95804,9,,,0,64,,95827,9,,,0,19,,95828,9,,,0,20,,95805,9,,,0,59,,95829,9,,,0,19,,95830,9,,,0,20,,95806,9,,,0,63,,95831,9,,,0,30,,95832,9,,,0,70,,95833,9,,,0,30,,95834,9,,,0,70,,95835,9,,,0,30,,95836,9,,,0,70,,95837,9,,,0,30,,95838,9,,,0,70,,95839,9,,,0,30,,95840,9,,,0
7000,'20263510',636,,95841,9,,,0,70,,95859,9,,,0,30,,95842,9,,,0,70,,95860,9,,,0,30,,95843,9,,,0,70,,95861,9,,,0,30,,95844,9,,,0,70,,95862,9,,,0,30,,95845,9,,,0,70,,95863,9,,,0,30,,95846,9,,,0,71,,95864,9,,,0,30,,95847,9,,,0,70,,95865,9,,,0,30,,95848,9,,,0,70,,95866,9,,,0,30,,95849,9,,,0,70,,95867,9,,,0,30,,95850,9,,,0,70,,95868,9,,,0,30,,95851,9,,,0,70,,95869,9,,,0,30,,95852,9,,,0,70,,95870,9,,,0,29,,95853,9,,,0,70,,95874,9,,,0,30,,95871,9,,,0,70,,95854,9,,,0,30,,95872,9,,,0,70,,95855,9,,,0,30,,95858,9,,,0,70,,95856,9,,,0,30,,95873,9,,,0,70,,95857,9,,,0
7000,'20263511',636,,95875,9,,,0,70,,95893,9,,,0,30,,95876,9,,,0,70,,95894,9,,,0,30,,95877,9,,,0,70,,95895,9,,,0,30,,95878,9,,,0,70,,95896,9,,,0,30,,95879,9,,,0,70,,95897,9,,,0,30,,95880,9,,,0,71,,95898,9,,,0,30,,95881,9,,,0,70,,95899,9,,,0,30,,95882,9,,,0,70,,95900,9,,,0,30,,95883,9,,,0,70,,95901,9,,,0,30,,95884,9,,,0,70,,95902,9,,,0,30,,95885,9,,,0,70,,95903,9,,,0,30,,95886,9,,,0,70,,95904,9,,,0,29,,95887,9,,,0,70,,95908,9,,,0,30,,95905,9,,,0,70,,95888,9,,,0,30,,95906,9,,,0,70,,95889,9,,,0,30,,95892,9,,,0,70,,95890,9,,,0,30,,95907,9,,,0,70,,95891,9,,,0
7000,'20263610',636,,95909,9,,,0,70,,95926,9,,,0,30,,95910,9,,,0,70,,95927,9,,,0,30,,95911,9,,,0,70,,95928,9,,,0,30,,95912,9,,,0,70,,95929,9,,,0,30,,95913,9,,,0,70,,95930,9,,,0,30,,95914,9,,,0,71,,95931,9,,,0,30,,95915,9,,,0,70,,95932,9,,,0,30,,95916,9,,,0,70,,95933,9,,,0,30,,95917,9,,,0,70,,95934,9,,,0,30,,95918,9,,,0,70,,95935,9,,,0,30,,95919,9,,,0,70,,95936,9,,,0,30,,95920,9,,,0,70,,95937,9,,,0,29,,95921,9,,,0,70,,95938,9,,,0,30,,95922,9,,,0,70,,95939,9,,,0,30,,95923,9,,,0,70,,95941,9,,,0,30,,95924,9,,,0,70,,95940,9,,,0,30,,95925,9,,,0,70,,95942,9,,,0
7000,'20263611',636,,95943,9,,,0,70,,95960,9,,,0,30,,95944,9,,,0,70,,95961,9,,,0,30,,95945,9,,,0,70,,95962,9,,,0,30,,95946,9,,,0,70,,95963,9,,,0,30,,95947,9,,,0,70,,95964,9,,,0,30,,95948,9,,,0,71,,95965,9,,,0,30,,95949,9,,,0,70,,95966,9,,,0,30,,95950,9,,,0,70,,95967,9,,,0,30,,95951,9,,,0,70,,95968,9,,,0,30,,95952,9,,,0,70,,95969,9,,,0,30,,95953,9,,,0,70,,95970,9,,,0,30,,95954,9,,,0,70,,95971,9,,,0,29,,95955,9,,,0,70,,95972,9,,,0,30,,95956,9,,,0,70,,95973,9,,,0,30,,95957,9,,,0,70,,95975,9,,,0,30,,95958,9,,,0,70,,95974,9,,,0,30,,95959,9,,,0,70,,95976,9,,,0
7001,'20262010',632,,84535,79,,,0,19,,84552,79,,,0,58,,84553,79,,,0,22,,84536,79,,,0,20,,84554,79,,,0,60,,84555,79,,,0,18,,84537,79,,,0,18,,84556,79,,,0,60,,84557,79,,,0,21,,84538,79,,,0,18,,84558,79,,,0,59,,84559,79,,,0,18,,84539,79,,,0,19,,84560,79,,,0,60,,84561,79,,,0,20,,84540,79,,,0,20,,84562,79,,,0,61,,84563,79,,,0,20,,84541,79,,,0,20,,84564,79,,,0,61,,84565,79,,,0,20,,84542,79,,,0,19,,84566,79,,,0,58,,84567,79,,,0,21,,84543,79,,,0,19,,84568,79,,,0,63,,84569,79,,,0,20,,84544,79,,,0,25,,84570,79,,,0,61,,84571,79,,,0,21,,84545,79,,,0,23,,84572,79,,,0,63,,84573,79,,,0,23,,84546,79,,,0,61,,84574,79,,,0,22,,84575,79,,,0,19,,84547,79,,,0,60,,84576,79,,,0,35,,84548,79,,,0,70,,84577,79,,,0,30,,84549,79,,,0,70,,84578,79,,,0,30,,84550,79,,,0,70,,84579,79,,,0,30,,84551,79,,,0,70,,84580,79,,,0,30,,84581,79,,,0
7001,'20262510',637,,84582,79,,,0,70,,84598,79,,,0,30,,84583,79,,,0,70,,84599,79,,,0,30,,84584,79,,,0,70,,84600,79,,,0,30,,84585,79,,,0,70,,84601,79,,,0,30,,84586,79,,,0,70,,84602,79,,,0,30,,84587,79,,,0,70,,84603,79,,,0,30,,84588,79,,,0,70,,84604,79,,,0,30,,84589,79,,,0,70,,84605,79,,,0,30,,84606,79,,,0,70,,84607,79,,,0,30,,84608,79,,,0,70,,84609,79,,,0,30,,84590,79,,,0,70,,84610,79,,,0,30,,84591,79,,,0,70,,84611,79,,,0,30,,84592,79,,,0,70,,84612,79,,,0,30,,84613,79,,,0,70,,84593,79,,,0,30,,84614,79,,,0,70,,84594,79,,,0,30,,84597,79,,,0,70,,84595,79,,,0,30,,84615,79,,,0,70,,84596,79,,,0
7001,'20262610',637,,84616,79,,,0,70,,84633,79,,,0,30,,84617,79,,,0,70,,84634,79,,,0,30,,84618,79,,,0,70,,84632,79,,,0,30,,84619,79,,,0,70,,84635,79,,,0,30,,84620,79,,,0,70,,84636,79,,,0,30,,84621,79,,,0,70,,84637,79,,,0,30,,84622,79,,,0,70,,84638,79,,,0,30,,84623,79,,,0,70,,84639,79,,,0,30,,84640,79,,,0,70,,84641,79,,,0,30,,84642,79,,,0,70,,84643,79,,,0,30,,84624,79,,,0,70,,84644,79,,,0,30,,84625,79,,,0,70,,84645,79,,,0,30,,84626,79,,,0,70,,84646,79,,,0,30,,84647,79,,,0,70,,84627,79,,,0,30,,84648,79,,,0,70,,84628,79,,,0,30,,84631,79,,,0,70,,84629,79,,,0,30,,84649,79,,,0,70,,84630,79,,,0
7001,'20263010',632,,95977,77,,,0,19,,95994,77,,,0,58,,95995,77,,,0,22,,95978,77,,,0,20,,95996,77,,,0,60,,95997,77,,,0,18,,95979,77,,,0,18,,95998,77,,,0,60,,95999,77,,,0,21,,95980,77,,,0,18,,96000,77,,,0,59,,96001,77,,,0,18,,95981,77,,,0,19,,96002,77,,,0,60,,96003,77,,,0,20,,95982,77,,,0,20,,96004,77,,,0,61,,96005,77,,,0,20,,95983,77,,,0,20,,96006,77,,,0,61,,96007,77,,,0,20,,95984,77,,,0,19,,96008,77,,,0,57,,96009,77,,,0,22,,95985,77,,,0,19,,96010,77,,,0,63,,96011,77,,,0,20,,95986,77,,,0,25,,96012,77,,,0,61,,96013,77,,,0,21,,95987,77,,,0,22,,96014,77,,,0,64,,96015,77,,,0,23,,95988,77,,,0,61,,96016,77,,,0,22,,96017,77,,,0,19,,95989,77,,,0,60,,96018,77,,,0,35,,95990,77,,,0,70,,96019,77,,,0,30,,95991,77,,,0,70,,96020,77,,,0,30,,95992,77,,,0,70,,96021,77,,,0,30,,95993,77,,,0,70,,96022,77,,,0,30,,96023,77,,,0
7001,'20263510',637,,96024,77,,,0,70,,96040,77,,,0,30,,96025,77,,,0,70,,96041,77,,,0,30,,96026,77,,,0,70,,96042,77,,,0,30,,96027,77,,,0,70,,96043,77,,,0,30,,96028,77,,,0,70,,96044,77,,,0,30,,96029,77,,,0,70,,96045,77,,,0,30,,96030,77,,,0,70,,96046,77,,,0,30,,96031,77,,,0,70,,96047,77,,,0,30,,96048,77,,,0,70,,96049,77,,,0,30,,96050,77,,,0,70,,96051,77,,,0,30,,96032,77,,,0,70,,96052,77,,,0,30,,96033,77,,,0,70,,96053,77,,,0,30,,96034,77,,,0,70,,96054,77,,,0,30,,96055,77,,,0,70,,96035,77,,,0,30,,96056,77,,,0,70,,96036,77,,,0,30,,96039,77,,,0,70,,96037,77,,,0,30,,96057,77,,,0,70,,96038,77,,,0
7001,'20263511',637,,96058,77,,,0,70,,96074,77,,,0,30,,96059,77,,,0,70,,96075,77,,,0,30,,96060,77,,,0,70,,96076,77,,,0,30,,96061,77,,,0,70,,96077,77,,,0,30,,96062,77,,,0,70,,96078,77,,,0,30,,96063,77,,,0,70,,96079,77,,,0,30,,96064,77,,,0,70,,96080,77,,,0,30,,96065,77,,,0,70,,96081,77,,,0,30,,96082,77,,,0,70,,96083,77,,,0,30,,96084,77,,,0,70,,96085,77,,,0,30,,96066,77,,,0,70,,96086,77,,,0,30,,96067,77,,,0,70,,96087,77,,,0,30,,96068,77,,,0,70,,96088,77,,,0,30,,96089,77,,,0,70,,96069,77,,,0,30,,96090,77,,,0,70,,96070,77,,,0,30,,96073,77,,,0,70,,96071,77,,,0,30,,96091,77,,,0,70,,96072,77,,,0
7001,'20263610',637,,96092,77,,,0,70,,96109,77,,,0,30,,96093,77,,,0,70,,96110,77,,,0,30,,96094,77,,,0,70,,96108,77,,,0,30,,96095,77,,,0,70,,96111,77,,,0,30,,96096,77,,,0,70,,96112,77,,,0,30,,96097,77,,,0,70,,96113,77,,,0,30,,96098,77,,,0,70,,96114,77,,,0,30,,96099,77,,,0,70,,96115,77,,,0,30,,96116,77,,,0,70,,96117,77,,,0,30,,96118,77,,,0,70,,96119,77,,,0,30,,96100,77,,,0,70,,96120,77,,,0,30,,96101,77,,,0,70,,96121,77,,,0,30,,96102,77,,,0,70,,96122,77,,,0,30,,96123,77,,,0,70,,96103,77,,,0,30,,96124,77,,,0,70,,96104,77,,,0,30,,96107,77,,,0,70,,96105,77,,,0,30,,96125,77,,,0,70,,96106,77,,,0
7001,'20263611',637,,96126,77,,,0,70,,96143,77,,,0,30,,96127,77,,,0,70,,96144,77,,,0,30,,96128,77,,,0,70,,96142,77,,,0,30,,96129,77,,,0,70,,96145,77,,,0,30,,96130,77,,,0,70,,96146,77,,,0,30,,96131,77,,,0,70,,96147,77,,,0,30,,96132,77,,,0,70,,96148,77,,,0,30,,96133,77,,,0,70,,96149,77,,,0,30,,96150,77,,,0,70,,96151,77,,,0,30,,96152,77,,,0,70,,96153,77,,,0,30,,96134,77,,,0,70,,96154,77,,,0,30,,96135,77,,,0,70,,96155,77,,,0,30,,96136,77,,,0,70,,96156,77,,,0,30,,96157,77,,,0,70,,96137,77,,,0,30,,96158,77,,,0,70,,96138,77,,,0,30,,96141,77,,,0,70,,96139,77,,,0,30,,96159,77,,,0,70,,96140,77,,,0
7100,'20263010',630,,96206,38,,,0,20,,96205,38,,,0,59,,96160,38,,,0,18,,96161,38,,,0,20,,96162,38,,,0,61,,96163,38,,,0,23,,96164,38,,,0,18,,96165,38,,,0,59,,96166,38,,,0,25,,96167,38,,,0,19,,96168,38,,,0,59,,96169,38,,,0,20,,96170,38,,,0,17,,96171,38,,,0,59,,96172,38,,,0,25,,96173,38,,,0,21,,96174,38,,,0,60,,96175,38,,,0,20,,96176,38,,,0,17,,96177,38,,,0,59,,96178,38,,,0,22,,96179,38,,,0,21,,96180,38,,,0,60,,96181,38,,,0,20,,96182,38,,,0,19,,96183,38,,,0,62,,96184,38,,,0,19,,96185,38,,,0,19,,96186,38,,,0,57,,96188,38,,,0,20,,96189,38,,,0,21,,96190,38,,,0,63,,96187,38,,,0,25,,96191,38,,,0,21,,96192,38,,,0,61,,96193,38,,,0,21,,96194,38,,,0,60,,96195,38,,,0,21,,96196,38,,,0,30,,96197,38,,,0,70,,96198,38,,,0,30,,96199,38,,,0,70,,96200,38,,,0,30,,96201,38,,,0,70,,96202,38,,,0,30,,96203,38,,,0,70,,96204,38,,,0
7100,'20263510',724,,96207,38,,,0,30,,96208,38,,,0,70,,96209,38,,,0,30,,96210,38,,,0,71,,96211,38,,,0,28,,96212,38,,,0,70,,96213,38,,,0,30,,96214,38,,,0,69,,96215,38,,,0,29,,96216,38,,,0,71,,96217,38,,,0,30,,96219,38,,,0,70,,96220,38,,,0,29,,96221,38,,,0,73,,96218,38,,,0,28,,96222,38,,,0,70,,96223,38,,,0,28,,96224,38,,,0,72,,96225,38,,,0,29,,96226,38,,,0,71,,96227,38,,,0,30,,96228,38,,,0,70,,96229,38,,,0,30,,96230,38,,,0,70,,96231,38,,,0,30,,96232,38,,,0,70,,96233,38,,,0,32,,96234,38,,,0,70,,96235,38,,,0,29,,96236,38,,,0,70,,96237,38,,,0,30,,96238,38,,,0,70,,96239,38,,,0
7100,'20263511',724,,96240,38,,,0,30,,96241,38,,,0,70,,96242,38,,,0,30,,96243,38,,,0,71,,96244,38,,,0,28,,96245,38,,,0,70,,96246,38,,,0,30,,96247,38,,,0,69,,96248,38,,,0,29,,96249,38,,,0,71,,96250,38,,,0,30,,96252,38,,,0,70,,96253,38,,,0,29,,96254,38,,,0,73,,96251,38,,,0,28,,96255,38,,,0,70,,96256,38,,,0,28,,96257,38,,,0,72,,96258,38,,,0,29,,96259,38,,,0,71,,96260,38,,,0,30,,96261,38,,,0,70,,96262,38,,,0,30,,96263,38,,,0,70,,96264,38,,,0,30,,96265,38,,,0,70,,96266,38,,,0,32,,96267,38,,,0,70,,96268,38,,,0,29,,96269,38,,,0,70,,96270,38,,,0,30,,96271,38,,,0,70,,96272,38,,,0
7100,'20263610',724,,96273,38,,,0,30,,96274,38,,,0,70,,96275,38,,,0,30,,96276,38,,,0,71,,96277,38,,,0,28,,96278,38,,,0,70,,96279,38,,,0,30,,96281,38,,,0,69,,96282,38,,,0,29,,96283,38,,,0,71,,96280,38,,,0,30,,96284,38,,,0,70,,96285,38,,,0,29,,96286,38,,,0,73,,96287,38,,,0,28,,96288,38,,,0,70,,96289,38,,,0,28,,96290,38,,,0,72,,96291,38,,,0,29,,96292,38,,,0,71,,96293,38,,,0,30,,96294,38,,,0,70,,96295,38,,,0,30,,96296,38,,,0,70,,96297,38,,,0,30,,96298,38,,,0,70,,96299,38,,,0,32,,96300,38,,,0,70,,96301,38,,,0,29,,96302,38,,,0,70,,96303,38,,,0,30,,96304,38,,,0,70,,96305,38,,,0
7100,'20263611',724,,96306,38,,,0,30,,96307,38,,,0,70,,96308,38,,,0,30,,96309,38,,,0,71,,96310,38,,,0,28,,96311,38,,,0,70,,96312,38,,,0,30,,96314,38,,,0,69,,96315,38,,,0,29,,96316,38,,,0,71,,96313,38,,,0,30,,96317,38,,,0,70,,96318,38,,,0,29,,96319,38,,,0,73,,96320,38,,,0,28,,96321,38,,,0,70,,96322,38,,,0,28,,96323,38,,,0,72,,96324,38,,,0,29,,96325,38,,,0,71,,96326,38,,,0,30,,96327,38,,,0,70,,96328,38,,,0,30,,96329,38,,,0,70,,96330,38,,,0,30,,96331,38,,,0,70,,96332,38,,,0,32,,96333,38,,,0,70,,96334,38,,,0,29,,96335,38,,,0,70,,96336,38,,,0,30,,96337,38,,,0,70,,96338,38,,,0
8200,'20262010',636,,85504,34,,,0,70,,85487,34,,,0,100,,85508,34,,,0,30,,85494,34,,,0,70,,85503,34,,,0,100,,85495,34,,,0,100,,85502,34,,,0,100,,85496,34,,,0,100,,85488,34,,,0,100,,85497,34,,,0,100,,85501,34,,,0,100,,85498,34,,,0,30,,85489,34,,,0,70,,85490,34,,,0,30,,85491,34,,,0,70,,85492,34,,,0,30,,85499,34,,,0,70,,85500,34,,,0,100,,85506,34,,,0,100,,85505,34,,,0,100,,85507,34,,,0,130,,85493,34,,,0
8200,'20262510',706,,85523,34,,,0,100,,85509,34,,,0,100,,85513,34,,,0,100,,85514,34,,,0,100,,85521,34,,,0,100,,85515,34,,,0,100,,85510,34,,,0,100,,85516,34,,,0,100,,85522,34,,,0,100,,85517,34,,,0,100,,85525,34,,,0,100,,85511,34,,,0,100,,85518,34,,,0,100,,85520,34,,,0,100,,85524,34,,,0,100,,85519,34,,,0,130,,85512,34,,,0,170,,85526,34,,,0
8200,'20262610',706,,85539,34,,,0,100,,85540,34,,,0,100,,85536,34,,,0,100,,85541,34,,,0,100,,85535,34,,,0,100,,85537,34,,,0,100,,85530,34,,,0,100,,85527,34,,,0,100,,85533,34,,,0,100,,85534,34,,,0,100,,85543,34,,,0,100,,85531,34,,,0,100,,85528,34,,,0,100,,85538,34,,,0,100,,85542,34,,,0,100,,85529,34,,,0,130,,85532,34,,,0,170,,85544,34,,,0
8200,'20263010',633,,97911,33,,,0,78,,97894,33,,,0,38,,97915,33,,,0,71,,97901,33,,,0,33,,97910,33,,,0,148,,97902,33,,,0,46,,97909,33,,,0,100,,97903,33,,,0,99,,97895,33,,,0,99,,97904,33,,,0,93,,97908,33,,,0,99,,97905,33,,,0,93,,97896,33,,,0,70,,97897,33,,,0,29,,97898,33,,,0,28,,97899,33,,,0,99,,97906,33,,,0,80,,97907,33,,,0,100,,97913,33,,,0,100,,97912,33,,,0,100,,97914,33,,,0,100,,97900,33,,,0
8200,'20263510',706,,97930,33,,,0,100,,97916,33,,,0,100,,97920,33,,,0,100,,97921,33,,,0,100,,97928,33,,,0,100,,97922,33,,,0,100,,97917,33,,,0,100,,97923,33,,,0,100,,97929,33,,,0,100,,97924,33,,,0,100,,97932,33,,,0,100,,97918,33,,,0,100,,97925,33,,,0,100,,97927,33,,,0,100,,97931,33,,,0,100,,97926,33,,,0,130,,97919,33,,,0
8200,'20263511',706,,97947,33,,,0,100,,97933,33,,,0,100,,97937,33,,,0,100,,97938,33,,,0,100,,97945,33,,,0,100,,97939,33,,,0,100,,97934,33,,,0,100,,97940,33,,,0,100,,97946,33,,,0,100,,97941,33,,,0,100,,97949,33,,,0,100,,97935,33,,,0,100,,97942,33,,,0,100,,97944,33,,,0,100,,97948,33,,,0,100,,97943,33,,,0,130,,97936,33,,,0
8200,'20263610',706,,97962,33,,,0,100,,97963,33,,,0,100,,97959,33,,,0,100,,97964,33,,,0,100,,97958,33,,,0,100,,97960,33,,,0,100,,97953,33,,,0,100,,97950,33,,,0,100,,97956,33,,,0,100,,97957,33,,,0,100,,97966,33,,,0,100,,97954,33,,,0,100,,97951,33,,,0,100,,97961,33,,,0,100,,97965,33,,,0,100,,97952,33,,,0,130,,97955,33,,,0
8200,'20263611',706,,97979,33,,,0,100,,97980,33,,,0,100,,97976,33,,,0,100,,97981,33,,,0,100,,97975,33,,,0,100,,97977,33,,,0,100,,97970,33,,,0,100,,97967,33,,,0,100,,97973,33,,,0,100,,97974,33,,,0,100,,97983,33,,,0,100,,97971,33,,,0,100,,97968,33,,,0,100,,97978,33,,,0,100,,97982,33,,,0,100,,97969,33,,,0,130,,97972,33,,,0
8201,'20262010',606,,85545,86,,,0,30,,85546,86,,,0,70,,85547,86,,,0,30,,85548,86,,,0,70,,85563,86,,,0,30,,85560,86,,,0,70,,85566,71,,,0,100,,85554,71,,,0,100,,85549,86,,,0,100,,85555,71,,,0,100,,85550,86,,,0,100,,85556,71,,,0,100,,85562,86,,,0,100,,85557,71,,,0,30,,85561,86,,,0,70,,85565,2,,,0,30,,85551,86,,,0,170,,85552,86,,,0,100,,85564,86,,,0,100,,85558,71,,,0,130,,85559,86,,,0,169,,85553,86,,,0
8201,'20262510',706,,85582,86,,,0,100,,85576,86,,,0,100,,85577,86,,,0,100,,85570,71,,,0,100,,85580,86,,,0,100,,85571,71,,,0,100,,85567,86,,,0,100,,85572,71,,,0,100,,85578,86,,,0,100,,85573,71,,,0,100,,85579,86,,,0,100,,85574,86,,,0,100,,85581,71,,,0,100,,85568,86,,,0,100,,85575,71,,,0,130,,85583,71,,,0,170,,85569,86,,,0
8201,'20262610',706,,85600,86,,,0,100,,85599,86,,,0,100,,85595,86,,,0,100,,85597,71,,,0,100,,85596,86,,,0,100,,85598,71,,,0,100,,85589,86,,,0,100,,85584,71,,,0,100,,85593,86,,,0,100,,85585,71,,,0,100,,85592,86,,,0,100,,85586,86,,,0,100,,85594,71,,,0,100,,85590,86,,,0,100,,85588,71,,,0,130,,85587,71,,,0,170,,85591,86,,,0
8201,'20263010',608,,97984,85,0,5 6,0,33,,97985,85,0,5 6,0,70,,97986,85,0,5 6,0,30,,97987,85,0,5 6,0,75,,98001,85,0,5 6,0,37,,97998,85,0,5 6,0,75,,98003,85,0,5 6,0,99,,97988,85,0,5 6,0,101,,97993,70,0,5 6,0,95,,97989,85,0,5 6,0,98,,97994,70,0,5 6,0,97,,98000,85,0,5 6,0,95,,97995,70,0,5 6,0,108,,97999,85,0,5 6,0,100,,97996,70,0,5 6,0,94,,97990,85,0,5 6,0,93,,97991,85,0,5 6,0,29,,98002,85,0,5 6,0,99,,98004,85,0,5 6,0,170,,97997,70,0,5 6,0,130,,97992,85,0,5 6,0
8201,'20263510',706,,98020,85,0,5 6,0,100,,98014,70,0,5 6,0,100,,98015,85,0,5 6,0,100,,98008,70,0,5 6,0,101,,98018,85,0,5 6,0,100,,98009,70,0,5 6,0,100,,98005,85,0,5 6,0,100,,98010,70,0,5 6,0,100,,98016,85,0,5 6,0,100,,98011,70,0,5 6,0,100,,98017,85,0,5 6,0,99,,98012,70,0,5 6,0,100,,98019,85,0,5 6,0,100,,98006,70,0,5 6,0,100,,98013,85,0,5 6,0,130,,98021,70,0,5 6,0,170,,98007,85,0,5 6,0
8201,'20263511',706,,98037,85,0,5 6,0,100,,98031,70,0,5 6,0,100,,98032,85,0,5 6,0,100,,98025,70,0,5 6,0,101,,98035,85,0,5 6,0,100,,98026,70,0,5 6,0,100,,98022,85,0,5 6,0,100,,98027,70,0,5 6,0,100,,98033,85,0,5 6,0,100,,98028,70,0,5 6,0,100,,98034,85,0,5 6,0,99,,98029,70,0,5 6,0,100,,98036,85,0,5 6,0,100,,98023,70,0,5 6,0,100,,98030,85,0,5 6,0,130,,98038,70,0,5 6,0,170,,98024,85,0,5 6,0
8201,'20263610',706,,98055,85,0,5 6,0,100,,98054,70,0,5 6,0,100,,98050,85,0,5 6,0,100,,98052,70,0,5 6,0,101,,98051,85,0,5 6,0,100,,98053,70,0,5 6,0,100,,98044,85,0,5 6,0,100,,98039,70,0,5 6,0,100,,98048,85,0,5 6,0,100,,98040,70,0,5 6,0,100,,98047,85,0,5 6,0,99,,98041,70,0,5 6,0,100,,98049,85,0,5 6,0,100,,98045,70,0,5 6,0,100,,98043,85,0,5 6,0,130,,98042,70,0,5 6,0,170,,98046,85,0,5 6,0
8201,'20263611',706,,98072,85,0,5 6,0,100,,98071,70,0,5 6,0,100,,98067,85,0,5 6,0,100,,98069,70,0,5 6,0,101,,98068,85,0,5 6,0,100,,98070,70,0,5 6,0,100,,98061,85,0,5 6,0,100,,98056,70,0,5 6,0,100,,98065,85,0,5 6,0,100,,98057,70,0,5 6,0,100,,98064,85,0,5 6,0,99,,98058,70,0,5 6,0,100,,98066,85,0,5 6,0,100,,98062,70,0,5 6,0,100,,98060,85,0,5 6,0,130,,98059,70,0,5 6,0,170,,98063,85,0,5 6,0
18500,'20262010',924,,86443,24,,,0,627,,86439,32,,,0,102,,86440,32,,,0,85,,86441,32,,,0,63,,86442,32,,,0,41,,86444,32,,,0
18500,'20263010',927,,99510,21,,,0,630,,99506,29,,,0,144,,99507,29,,,0,29,,99508,29,,,0,23,,99509,29,,,0,97,,99511,29,,,0
80302,'20262010',535,,88351,13,,,1,14,,88352,13,,,1,55,,88353,13,,,1,14,,88354,13,,,1,11,,88438,13,,,1,12,,88355,13,,,1,13,,88423,13,,,1,51,,88356,13,,,1,12,,88357,13,,,1,12,,88360,13,,,1,11,,88361,13,,,1,12,,88440,13,,,1,51,,88363,13,,,1,14,,88365,13,,,1,12,,88439,13,,,1,13,,88433,13,,,1,13,,88436,13,,,1,54,,88435,13,,,1,14,,88366,13,,,1,15,,88367,13,,,1,15,,88358,13,,,1,53,,88362,13,,,1,15,,88359,13,,,1,15,,88364,13,,,1,15,,88422,13,,,1,56,,88421,13,,,1,15,,88420,13,,,1,16,,88419,13,,,1,14,,88418,13,,,1,56,,88417,13,,,1,15,,88416,13,,,1,15,,88415,13,,,1,16,,88414,13,,,1,55,,88413,13,,,1,16,,88412,13,,,1,15,,88411,13,,,1,15,,88410,13,,,1,54,,88409,13,,,1,16,,88408,13,,,1,15,,88407,13,,,1,15,,88406,13,,,1,52,,88405,13,,,1,11,,88404,13,,,1,12,,88403,13,,,1,12,,88402,13,,,1,13,,88426,13,,,1,50,,88401,13,,,1,11,,88400,13,,,1,7,,88399,13,,,1,9,,88398,13,,,1,8,,88427,13,,,1,7,,88397,13,,,1,9,,88396,13,,,1,49,,88395,13,,,1,7,,88394,13,,,1,8,,88393,13,,,1,8,,88392,13,,,1,8,,88425,13,,,1,9,,88428,13,,,1,10,,88429,13,,,1,51,,88391,13,,,1,13,,88434,13,,,1,12,,88430,13,,,1,10,,88390,13,,,1,18,,88386,13,,,1,53,,88389,13,,,1,15,,88437,13,,,1,14,,88388,13,,,1,15,,88387,13,,,1,56,,88385,13,,,1,18,,88381,13,,,1,13,,88384,13,,,1,14,,88383,13,,,1,53,,88382,13,,,1,15,,88380,13,,,1,16,,88379,13,,,1,18,,88378,13,,,1,53,,88377,13,,,1,17,,88376,13,,,1,15,,88375,13,,,1,56,,88374,13,,,1,15,,88373,13,,,1,16,,88372,13,,,1,15,,88371,13,,,1,55,,88370,13,,,1,16,,88369,13,,,1,16,,88424,13,,,1,15,,88431,13,,,1,54,,88432,13,,,1,15,,88368,13,,,1
80302,'20262510',541,,88442,13,,,1,15,,88441,13,,,1,55,,88503,13,,,1,16,,88444,13,,,1,16,,88445,13,,,1,15,,88443,13,,,1,55,,88504,13,,,1,14,,88446,13,,,1,14,,88454,13,,,1,14,,88456,13,,,1,55,,88505,13,,,1,14,,88458,13,,,1,14,,88457,13,,,1,14,,88507,13,,,1,56,,88451,13,,,1,14,,88455,13,,,1,16,,88450,13,,,1,15,,88449,13,,,1,54,,88453,13,,,1,15,,88447,13,,,1,14,,88452,13,,,1,15,,88448,13,,,1,56,,88494,13,,,1,16,,88497,13,,,1,16,,88495,13,,,1,16,,88489,13,,,1,56,,88463,13,,,1,15,,88472,13,,,1,15,,88460,13,,,1,14,,88482,13,,,1,54,,88487,13,,,1,14,,88476,13,,,1,14,,88491,13,,,1,15,,88467,13,,,1,56,,88481,13,,,1,15,,88492,13,,,1,16,,88490,13,,,1,15,,88484,13,,,1,56,,88483,13,,,1,14,,88493,13,,,1,17,,88499,13,,,1,14,,88485,13,,,1,54,,88488,13,,,1,16,,88469,13,,,1,14,,88496,13,,,1,15,,88486,13,,,1,55,,88475,13,,,1,14,,88474,13,,,1,16,,88471,13,,,1,14,,88465,13,,,1,56,,88477,13,,,1,13,,88478,13,,,1,15,,88508,13,,,1,16,,88480,13,,,1,56,,88461,13,,,1,15,,88470,13,,,1,15,,88509,13,,,1,15,,88462,13,,,1,55,,88459,13,,,1,15,,88506,13,,,1,15,,88466,13,,,1,15,,88510,13,,,1,56,,88500,13,,,1,15,,88512,13,,,1,15,,88502,13,,,1,15,,88513,13,,,1,55,,88464,13,,,1,15,,88514,13,,,1,16,,88498,13,,,1,16,,88511,13,,,1,56,,88473,13,,,1,16,,88479,13,,,1,15,,88515,13,,,1,15,,88501,13,,,1,55,,88516,13,,,1,14,,88468,13,,,1,15,,88517,13,,,1
80302,'20262610',541,,88518,13,,,1,15,,88520,13,,,1,55,,88577,13,,,1,16,,88523,13,,,1,16,,88530,13,,,1,15,,88519,13,,,1,55,,88563,13,,,1,14,,88528,13,,,1,14,,88531,13,,,1,14,,88538,13,,,1,55,,88575,13,,,1,14,,88533,13,,,1,14,,88532,13,,,1,14,,88578,13,,,1,56,,88529,13,,,1,14,,88540,13,,,1,16,,88525,13,,,1,15,,88524,13,,,1,54,,88527,13,,,1,15,,88521,13,,,1,14,,88526,13,,,1,15,,88522,13,,,1,56,,88549,13,,,1,16,,88571,13,,,1,16,,88576,13,,,1,16,,88554,13,,,1,56,,88539,13,,,1,15,,88592,13,,,1,15,,88537,13,,,1,14,,88561,13,,,1,54,,88550,13,,,1,14,,88556,13,,,1,14,,88560,13,,,1,15,,88587,13,,,1,56,,88552,13,,,1,15,,88545,13,,,1,16,,88559,13,,,1,15,,88543,13,,,1,56,,88548,13,,,1,14,,88547,13,,,1,17,,88562,13,,,1,14,,88546,13,,,1,54,,88553,13,,,1,16,,88589,13,,,1,14,,88572,13,,,1,15,,88544,13,,,1,55,,88551,13,,,1,14,,88541,13,,,1,16,,88591,13,,,1,14,,88586,13,,,1,56,,88555,13,,,1,13,,88542,13,,,1,15,,88580,13,,,1,16,,88558,13,,,1,56,,88535,13,,,1,15,,88590,13,,,1,15,,88581,13,,,1,15,,88536,13,,,1,55,,88534,13,,,1,15,,88579,13,,,1,15,,88594,13,,,1,15,,88565,13,,,1,56,,88574,13,,,1,15,,88566,13,,,1,15,,88573,13,,,1,15,,88567,13,,,1,55,,88588,13,,,1,15,,88564,13,,,1,16,,88569,13,,,1,16,,88568,13,,,1,56,,88593,13,,,1,16,,88557,13,,,1,15,,88582,13,,,1,15,,88570,13,,,1,55,,88583,13,,,1,14,,88585,13,,,1,15,,88584,13,,,1
80302,'20263010',541,,102545,13,,,1,16,,102546,13,,,1,55,,102547,13,,,1,14,,102548,13,,,1,14,,102549,13,,,1,11,,102628,13,,,1,49,,102627,13,,,1,11,,102550,13,,,1,10,,102551,13,,,1,11,,102554,13,,,1,8,,102555,13,,,1,9,,102556,13,,,1,51,,102557,13,,,1,10,,102559,13,,,1,10,,102561,13,,,1,10,,102562,13,,,1,11,,102637,13,,,1,11,,102641,13,,,1,50,,102640,13,,,1,13,,102563,13,,,1,14,,102565,13,,,1,11,,102566,13,,,1,12,,102552,13,,,1,52,,102558,13,,,1,12,,102564,13,,,1,12,,102553,13,,,1,12,,102560,13,,,1,12,,102626,13,,,1,52,,102625,13,,,1,12,,102624,13,,,1,12,,102623,13,,,1,12,,102622,13,,,1,11,,102621,13,,,1,52,,102620,13,,,1,12,,102619,13,,,1,12,,102618,13,,,1,12,,102617,13,,,1,12,,102616,13,,,1,52,,102615,13,,,1,11,,102614,13,,,1,11,,102613,13,,,1,13,,102612,13,,,1,12,,102611,13,,,1,53,,102610,13,,,1,12,,102609,13,,,1,12,,102608,13,,,1,12,,102607,13,,,1,11,,102606,13,,,1,52,,102605,13,,,1,10,,102604,13,,,1,10,,102603,13,,,1,10,,102602,13,,,1,10,,102601,13,,,1,10,,102598,13,,,1,49,,102631,13,,,1,10,,102600,13,,,1,10,,102599,13,,,1,10,,102597,13,,,1,10,,102632,13,,,1,9,,102596,13,,,1,8,,102595,13,,,1,49,,102594,13,,,1,8,,102593,13,,,1,10,,102592,13,,,1,6,,102591,13,,,1,8,,102630,13,,,1,8,,102633,13,,,1,9,,102634,13,,,1,49,,102590,13,,,1,11,,102638,13,,,1,11,,102635,13,,,1,9,,102589,13,,,1,13,,102588,13,,,1,55,,102587,13,,,1,14,,102642,13,,,1,16,,102586,13,,,1,16,,102585,13,,,1,56,,102584,13,,,1,15,,102583,13,,,1,15,,102582,13,,,1,15,,102581,13,,,1,56,,102580,13,,,1,15,,102579,13,,,1,15,,102578,13,,,1,15,,102577,13,,,1,55,,102576,13,,,1,14,,102575,13,,,1,15,,102574,13,,,1,15,,102573,13,,,1,55,,102571,13,,,1,15,,102572,13,,,1,15,,102570,13,,,1,15,,102569,13,,,1,55,,102568,13,,,1,13,,102629,13,,,1,15,,102636,13,,,1,16,,102639,13,,,1,55,,102567,13,,,1
80302,'20263510',535,,102644,13,,,1,15,,102643,13,,,1,56,,102705,13,,,1,16,,102646,13,,,1,16,,102647,13,,,1,16,,102645,13,,,1,56,,102706,13,,,1,14,,102648,13,,,1,15,,102656,13,,,1,15,,102658,13,,,1,55,,102707,13,,,1,13,,102660,13,,,1,15,,102659,13,,,1,15,,102709,13,,,1,55,,102653,13,,,1,15,,102657,13,,,1,15,,102652,13,,,1,15,,102651,13,,,1,55,,102655,13,,,1,15,,102649,13,,,1,15,,102654,13,,,1,15,,102650,13,,,1,54,,102696,13,,,1,15,,102699,13,,,1,15,,102697,13,,,1,14,,102691,13,,,1,55,,102665,13,,,1,16,,102674,13,,,1,15,,102662,13,,,1,14,,102684,13,,,1,56,,102689,13,,,1,15,,102678,13,,,1,16,,102693,13,,,1,13,,102669,13,,,1,56,,102683,13,,,1,14,,102694,13,,,1,18,,102692,13,,,1,15,,102686,13,,,1,55,,102685,13,,,1,15,,102695,13,,,1,16,,102701,13,,,1,13,,102687,13,,,1,56,,102690,13,,,1,15,,102671,13,,,1,16,,102698,13,,,1,14,,102688,13,,,1,55,,102677,13,,,1,15,,102676,13,,,1,15,,102673,13,,,1,16,,102667,13,,,1,55,,102679,13,,,1,15,,102680,13,,,1,15,,102710,13,,,1,15,,102682,13,,,1,55,,102663,13,,,1,15,,102672,13,,,1,15,,102711,13,,,1,15,,102664,13,,,1,58,,102661,13,,,1,15,,102708,13,,,1,15,,102668,13,,,1,15,,102712,13,,,1,55,,102702,13,,,1,15,,102714,13,,,1,15,,102704,13,,,1,15,,102715,13,,,1,55,,102666,13,,,1,15,,102716,13,,,1,15,,102700,13,,,1,15,,102713,13,,,1,55,,102675,13,,,1,15,,102681,13,,,1,14,,102717,13,,,1,15,,102703,13,,,1,55,,102718,13,,,1,15,,102670,13,,,1,14,,102719,13,,,1
80302,'20263511',535,,102721,13,,,1,15,,102720,13,,,1,56,,102782,13,,,1,16,,102723,13,,,1,16,,102724,13,,,1,16,,102722,13,,,1,56,,102783,13,,,1,14,,102725,13,,,1,15,,102733,13,,,1,15,,102735,13,,,1,55,,102784,13,,,1,13,,102737,13,,,1,15,,102736,13,,,1,15,,102786,13,,,1,55,,102730,13,,,1,15,,102734,13,,,1,15,,102729,13,,,1,15,,102728,13,,,1,55,,102732,13,,,1,15,,102726,13,,,1,15,,102731,13,,,1,15,,102727,13,,,1,54,,102773,13,,,1,15,,102776,13,,,1,15,,102774,13,,,1,14,,102768,13,,,1,55,,102742,13,,,1,16,,102751,13,,,1,15,,102739,13,,,1,14,,102761,13,,,1,56,,102766,13,,,1,15,,102755,13,,,1,16,,102770,13,,,1,13,,102746,13,,,1,56,,102760,13,,,1,14,,102771,13,,,1,18,,102769,13,,,1,15,,102763,13,,,1,55,,102762,13,,,1,15,,102772,13,,,1,16,,102778,13,,,1,13,,102764,13,,,1,56,,102767,13,,,1,15,,102748,13,,,1,16,,102775,13,,,1,14,,102765,13,,,1,55,,102754,13,,,1,15,,102753,13,,,1,15,,102750,13,,,1,16,,102744,13,,,1,55,,102756,13,,,1,15,,102757,13,,,1,15,,102787,13,,,1,15,,102759,13,,,1,55,,102740,13,,,1,15,,102749,13,,,1,15,,102788,13,,,1,15,,102741,13,,,1,58,,102738,13,,,1,15,,102785,13,,,1,15,,102745,13,,,1,15,,102789,13,,,1,55,,102779,13,,,1,15,,102791,13,,,1,15,,102781,13,,,1,15,,102792,13,,,1,55,,102743,13,,,1,15,,102793,13,,,1,15,,102777,13,,,1,15,,102790,13,,,1,55,,102752,13,,,1,15,,102758,13,,,1,14,,102794,13,,,1,15,,102780,13,,,1,55,,102795,13,,,1,15,,102747,13,,,1,14,,102796,13,,,1
80302,'20263610',535,,102844,13,,,1,15,,102843,13,,,1,56,,102798,13,,,1,16,,102863,13,,,1,16,,102864,13,,,1,16,,102855,13,,,1,56,,102802,13,,,1,14,,102861,13,,,1,15,,102865,13,,,1,15,,102859,13,,,1,55,,102811,13,,,1,13,,102862,13,,,1,15,,102860,13,,,1,15,,102814,13,,,1,55,,102850,13,,,1,15,,102848,13,,,1,15,,102856,13,,,1,15,,102853,13,,,1,55,,102858,13,,,1,15,,102857,13,,,1,15,,102845,13,,,1,15,,102854,13,,,1,54,,102812,13,,,1,15,,102808,13,,,1,15,,102797,13,,,1,14,,102838,13,,,1,55,,102867,13,,,1,16,,102826,13,,,1,15,,102852,13,,,1,14,,102832,13,,,1,56,,102825,13,,,1,15,,102842,13,,,1,16,,102840,13,,,1,13,,102870,13,,,1,56,,102841,13,,,1,14,,102807,13,,,1,18,,102839,13,,,1,15,,102833,13,,,1,55,,102824,13,,,1,15,,102800,13,,,1,16,,102805,13,,,1,13,,102823,13,,,1,56,,102834,13,,,1,15,,102871,13,,,1,16,,102804,13,,,1,14,,102836,13,,,1,55,,102829,13,,,1,15,,102828,13,,,1,15,,102873,13,,,1,16,,102849,13,,,1,55,,102835,13,,,1,15,,102830,13,,,1,15,,102815,13,,,1,15,,102831,13,,,1,55,,102866,13,,,1,15,,102872,13,,,1,15,,102799,13,,,1,15,,102847,13,,,1,58,,102846,13,,,1,15,,102810,13,,,1,15,,102869,13,,,1,15,,102816,13,,,1,55,,102806,13,,,1,15,,102818,13,,,1,15,,102801,13,,,1,15,,102819,13,,,1,55,,102868,13,,,1,15,,102803,13,,,1,15,,102813,13,,,1,15,,102817,13,,,1,55,,102827,13,,,1,15,,102837,13,,,1,14,,102822,13,,,1,15,,102809,13,,,1,55,,102821,13,,,1,15,,102851,13,,,1,14,,102820,13,,,1
80302,'20263611',535,,102921,13,,,1,15,,102920,13,,,1,56,,102875,13,,,1,16,,102940,13,,,1,16,,102941,13,,,1,16,,102932,13,,,1,56,,102879,13,,,1,14,,102938,13,,,1,15,,102942,13,,,1,15,,102936,13,,,1,55,,102888,13,,,1,13,,102939,13,,,1,15,,102937,13,,,1,15,,102891,13,,,1,55,,102927,13,,,1,15,,102925,13,,,1,15,,102933,13,,,1,15,,102930,13,,,1,55,,102935,13,,,1,15,,102934,13,,,1,15,,102922,13,,,1,15,,102931,13,,,1,54,,102889,13,,,1,15,,102885,13,,,1,15,,102874,13,,,1,14,,102915,13,,,1,55,,102944,13,,,1,16,,102903,13,,,1,15,,102929,13,,,1,14,,102909,13,,,1,56,,102902,13,,,1,15,,102919,13,,,1,16,,102917,13,,,1,13,,102947,13,,,1,56,,102918,13,,,1,14,,102884,13,,,1,18,,102916,13,,,1,15,,102910,13,,,1,55,,102901,13,,,1,15,,102877,13,,,1,16,,102882,13,,,1,13,,102900,13,,,1,56,,102911,13,,,1,15,,102948,13,,,1,16,,102881,13,,,1,14,,102913,13,,,1,55,,102906,13,,,1,15,,102905,13,,,1,15,,102950,13,,,1,16,,102926,13,,,1,55,,102912,13,,,1,15,,102907,13,,,1,15,,102892,13,,,1,15,,102908,13,,,1,55,,102943,13,,,1,15,,102949,13,,,1,15,,102876,13,,,1,15,,102924,13,,,1,58,,102923,13,,,1,15,,102887,13,,,1,15,,102946,13,,,1,15,,102893,13,,,1,55,,102883,13,,,1,15,,102895,13,,,1,15,,102878,13,,,1,15,,102896,13,,,1,55,,102945,13,,,1,15,,102880,13,,,1,15,,102890,13,,,1,15,,102894,13,,,1,55,,102904,13,,,1,15,,102914,13,,,1,14,,102899,13,,,1,15,,102886,13,,,1,55,,102898,13,,,1,15,,102928,13,,,1,14,,102897,13,,,1
80303,'20262010',557,,88595,27,,,1,56,,88596,27,,,1,12,,88597,27,,,1,17,,88598,27,,,1,13,,88599,27,,,1,52,,88600,27,,,1,10,,88602,27,,,1,10,,88604,27,,,1,9,,88606,27,,,1,10,,88673,27,,,1,12,,88608,27,,,1,49,,88672,27,,,1,10,,88611,27,,,1,12,,88612,27,,,1,7,,88615,27,,,1,11,,88617,27,,,1,11,,88671,27,,,1,51,,88620,27,,,1,15,,88680,27,,,1,13,,88622,27,,,1,15,,88670,27,,,1,55,,88625,27,,,1,15,,88628,27,,,1,15,,88669,27,,,1,15,,88631,27,,,1,56,,88633,27,,,1,14,,88636,27,,,1,15,,88679,27,,,1,15,,88668,27,,,1,54,,88638,27,,,1,15,,88664,27,,,1,15,,88641,27,,,1,16,,88667,27,,,1,55,,88643,27,,,1,14,,88645,27,,,1,14,,88649,27,,,1,16,,88666,27,,,1,55,,88653,27,,,1,14,,88655,27,,,1,12,,88656,27,,,1,10,,88657,27,,,1,12,,88665,27,,,1,52,,88601,27,,,1,12,,88663,27,,,1,13,,88618,27,,,1,12,,88662,27,,,1,12,,88626,27,,,1,53,,88630,27,,,1,12,,88637,27,,,1,12,,88642,27,,,1,12,,88648,27,,,1,13,,88661,27,,,1,52,,88658,27,,,1,11,,88614,27,,,1,12,,88609,27,,,1,12,,88652,27,,,1,15,,88660,27,,,1,50,,88646,27,,,1,17,,88674,27,,,1,15,,88659,27,,,1,16,,88621,27,,,1,55,,88675,27,,,1,15,,88603,27,,,1,16,,88654,27,,,1,58,,88650,27,,,1,13,,88651,27,,,1,14,,88647,27,,,1,13,,88644,27,,,1,15,,88640,27,,,1,56,,88639,27,,,1,18,,88635,27,,,1,12,,88634,27,,,1,13,,88632,27,,,1,53,,88629,27,,,1,14,,88627,27,,,1,14,,88624,27,,,1,18,,88623,27,,,1,53,,88619,27,,,1,15,,88616,27,,,1,15,,88613,27,,,1,15,,88610,27,,,1,54,,88607,27,,,1,16,,88605,27,,,1,14,,88676,27,,,1,15,,88677,27,,,1,55,,88678,27,,,1,16,,88681,27,,,1
80303,'20262510',547,,88682,27,,,1,55,,88683,27,,,1,15,,88687,27,,,1,15,,88745,27,,,1,16,,88685,27,,,1,55,,88684,27,,,1,16,,88686,27,,,1,17,,88746,27,,,1,16,,88697,27,,,1,55,,88693,27,,,1,14,,88691,27,,,1,15,,88747,27,,,1,15,,88690,27,,,1,55,,88688,27,,,1,15,,88748,27,,,1,15,,88689,27,,,1,14,,88698,27,,,1,56,,88699,27,,,1,15,,88695,27,,,1,17,,88696,27,,,1,15,,88692,27,,,1,55,,88694,27,,,1,15,,88738,27,,,1,14,,88736,27,,,1,15,,88741,27,,,1,55,,88737,27,,,1,15,,88703,27,,,1,16,,88707,27,,,1,15,,88705,27,,,1,54,,88723,27,,,1,15,,88728,27,,,1,15,,88729,27,,,1,14,,88726,27,,,1,56,,88724,27,,,1,15,,88718,27,,,1,15,,88732,27,,,1,14,,88719,27,,,1,57,,88731,27,,,1,14,,88734,27,,,1,14,,88733,27,,,1,17,,88712,27,,,1,54,,88743,27,,,1,15,,88727,27,,,1,15,,88706,27,,,1,15,,88708,27,,,1,56,,88725,27,,,1,14,,88730,27,,,1,16,,88715,27,,,1,13,,88714,27,,,1,55,,88717,27,,,1,14,,88716,27,,,1,15,,88721,27,,,1,15,,88722,27,,,1,54,,88749,27,,,1,16,,88740,27,,,1,15,,88709,27,,,1,14,,88710,27,,,1,56,,88750,27,,,1,15,,88700,27,,,1,15,,88702,27,,,1,15,,88752,27,,,1,55,,88739,27,,,1,15,,88753,27,,,1,15,,88701,27,,,1,15,,88754,27,,,1,55,,88735,27,,,1,14,,88751,27,,,1,15,,88713,27,,,1,15,,88755,27,,,1,54,,88711,27,,,1,15,,88756,27,,,1,16,,88742,27,,,1,15,,88757,27,,,1,55,,88704,27,,,1,16,,88758,27,,,1,14,,88720,27,,,1,14,,88744,27,,,1
80303,'20262610',547,,88783,27,,,1,55,,88779,27,,,1,15,,88764,27,,,1,15,,88814,27,,,1,16,,88780,27,,,1,55,,88781,27,,,1,16,,88782,27,,,1,17,,88816,27,,,1,16,,88774,27,,,1,55,,88767,27,,,1,14,,88759,27,,,1,15,,88824,27,,,1,15,,88768,27,,,1,55,,88763,27,,,1,15,,88819,27,,,1,15,,88765,27,,,1,14,,88770,27,,,1,56,,88778,27,,,1,15,,88761,27,,,1,17,,88762,27,,,1,15,,88766,27,,,1,55,,88760,27,,,1,15,,88799,27,,,1,14,,88788,27,,,1,15,,88800,27,,,1,55,,88797,27,,,1,15,,88777,27,,,1,16,,88805,27,,,1,15,,88773,27,,,1,54,,88830,27,,,1,15,,88786,27,,,1,15,,88790,27,,,1,14,,88829,27,,,1,56,,88834,27,,,1,15,,88828,27,,,1,15,,88789,27,,,1,14,,88827,27,,,1,57,,88793,27,,,1,14,,88792,27,,,1,14,,88785,27,,,1,17,,88811,27,,,1,54,,88795,27,,,1,15,,88791,27,,,1,15,,88772,27,,,1,15,,88808,27,,,1,56,,88835,27,,,1,14,,88784,27,,,1,16,,88809,27,,,1,13,,88806,27,,,1,55,,88831,27,,,1,14,,88810,27,,,1,15,,88833,27,,,1,15,,88832,27,,,1,54,,88815,27,,,1,16,,88798,27,,,1,15,,88807,27,,,1,14,,88803,27,,,1,56,,88812,27,,,1,15,,88775,27,,,1,15,,88771,27,,,1,15,,88822,27,,,1,55,,88796,27,,,1,15,,88817,27,,,1,15,,88776,27,,,1,15,,88821,27,,,1,55,,88787,27,,,1,14,,88813,27,,,1,15,,88802,27,,,1,15,,88823,27,,,1,54,,88804,27,,,1,15,,88818,27,,,1,16,,88794,27,,,1,15,,88820,27,,,1,55,,88769,27,,,1,16,,88825,27,,,1,14,,88826,27,,,1,14,,88801,27,,,1
80303,'20263010',556,,102951,27,,,1,55,,102952,27,,,1,15,,102953,27,,,1,14,,102954,27,,,1,13,,102955,27,,,1,52,,102956,27,,,1,13,,102958,27,,,1,12,,102960,27,,,1,11,,102962,27,,,1,10,,103040,27,,,1,49,,102964,27,,,1,9,,103039,27,,,1,7,,102967,27,,,1,8,,102968,27,,,1,9,,103038,27,,,1,7,,102971,27,,,1,9,,102973,27,,,1,8,,103037,27,,,1,50,,102976,27,,,1,10,,103048,27,,,1,9,,102978,27,,,1,10,,103041,27,,,1,10,,103036,27,,,1,10,,102980,27,,,1,52,,102982,27,,,1,12,,102985,27,,,1,12,,102986,27,,,1,12,,103035,27,,,1,12,,102989,27,,,1,52,,102991,27,,,1,12,,102994,27,,,1,12,,102996,27,,,1,12,,103047,27,,,1,12,,103034,27,,,1,54,,102998,27,,,1,13,,103033,27,,,1,12,,103001,27,,,1,12,,103002,27,,,1,11,,103032,27,,,1,52,,103005,27,,,1,12,,103003,27,,,1,12,,103031,27,,,1,12,,103010,27,,,1,12,,103030,27,,,1,52,,103013,27,,,1,12,,103015,27,,,1,11,,103017,27,,,1,13,,103019,27,,,1,12,,103029,27,,,1,51,,102957,27,,,1,12,,103028,27,,,1,11,,102974,27,,,1,10,,103027,27,,,1,10,,102983,27,,,1,50,,102988,27,,,1,9,,102995,27,,,1,11,,103026,27,,,1,9,,103004,27,,,1,11,,103009,27,,,1,10,,103025,27,,,1,50,,103021,27,,,1,11,,102970,27,,,1,9,,103024,27,,,1,11,,102965,27,,,1,9,,103012,27,,,1,9,,103022,27,,,1,51,,103018,27,,,1,9,,103007,27,,,1,10,,103042,27,,,1,11,,103023,27,,,1,12,,102992,27,,,1,12,,102977,27,,,1,54,,103043,27,,,1,14,,102959,27,,,1,16,,103020,27,,,1,13,,103016,27,,,1,55,,103014,27,,,1,15,,103011,27,,,1,15,,103008,27,,,1,15,,103006,27,,,1,55,,103000,27,,,1,15,,102999,27,,,1,15,,102997,27,,,1,15,,102993,27,,,1,54,,102990,27,,,1,15,,102987,27,,,1,15,,102984,27,,,1,15,,102981,27,,,1,55,,102979,27,,,1,15,,102975,27,,,1,15,,102972,27,,,1,15,,102969,27,,,1,55,,102966,27,,,1,15,,102963,27,,,1,15,,102961,27,,,1,15,,103044,27,,,1,56,,103045,27,,,1,15,,103046,27,,,1
80303,'20263510',558,,103049,27,,,1,55,,103050,27,,,1,14,,103054,27,,,1,15,,103112,27,,,1,14,,103052,27,,,1,54,,103051,27,,,1,15,,103053,27,,,1,15,,103113,27,,,1,16,,103064,27,,,1,56,,103060,27,,,1,16,,103058,27,,,1,15,,103114,27,,,1,15,,103057,27,,,1,55,,103055,27,,,1,15,,103115,27,,,1,15,,103056,27,,,1,15,,103065,27,,,1,55,,103066,27,,,1,15,,103062,27,,,1,15,,103063,27,,,1,15,,103059,27,,,1,55,,103061,27,,,1,15,,103105,27,,,1,16,,103103,27,,,1,15,,103108,27,,,1,55,,103104,27,,,1,18,,103070,27,,,1,15,,103074,27,,,1,56,,103072,27,,,1,13,,103090,27,,,1,15,,103095,27,,,1,14,,103096,27,,,1,57,,103093,27,,,1,15,,103091,27,,,1,14,,103085,27,,,1,15,,103099,27,,,1,56,,103086,27,,,1,13,,103098,27,,,1,16,,103101,27,,,1,16,,103100,27,,,1,56,,103079,27,,,1,14,,103110,27,,,1,15,,103094,27,,,1,16,,103073,27,,,1,55,,103075,27,,,1,13,,103092,27,,,1,15,,103097,27,,,1,15,,103082,27,,,1,54,,103081,27,,,1,16,,103084,27,,,1,14,,103083,27,,,1,15,,103088,27,,,1,55,,103089,27,,,1,15,,103116,27,,,1,15,,103107,27,,,1,14,,103076,27,,,1,15,,103077,27,,,1,55,,103117,27,,,1,15,,103067,27,,,1,15,,103069,27,,,1,15,,103119,27,,,1,55,,103106,27,,,1,15,,103120,27,,,1,15,,103068,27,,,1,15,,103121,27,,,1,55,,103102,27,,,1,15,,103118,27,,,1,15,,103080,27,,,1,15,,103122,27,,,1,55,,103078,27,,,1,16,,103123,27,,,1,15,,103109,27,,,1,55,,103124,27,,,1,15,,103071,27,,,1,15,,103125,27,,,1,15,,103087,27,,,1,55,,103111,27,,,1
80303,'20263511',558,,103126,27,,,1,55,,103127,27,,,1,14,,103131,27,,,1,15,,103189,27,,,1,14,,103129,27,,,1,54,,103128,27,,,1,15,,103130,27,,,1,15,,103190,27,,,1,16,,103141,27,,,1,56,,103137,27,,,1,16,,103135,27,,,1,15,,103191,27,,,1,15,,103134,27,,,1,55,,103132,27,,,1,15,,103192,27,,,1,15,,103133,27,,,1,15,,103142,27,,,1,55,,103143,27,,,1,15,,103139,27,,,1,15,,103140,27,,,1,15,,103136,27,,,1,55,,103138,27,,,1,15,,103182,27,,,1,16,,103180,27,,,1,15,,103185,27,,,1,55,,103181,27,,,1,18,,103147,27,,,1,15,,103151,27,,,1,56,,103149,27,,,1,13,,103167,27,,,1,15,,103172,27,,,1,14,,103173,27,,,1,57,,103170,27,,,1,15,,103168,27,,,1,14,,103162,27,,,1,15,,103176,27,,,1,56,,103163,27,,,1,13,,103175,27,,,1,16,,103178,27,,,1,16,,103177,27,,,1,56,,103156,27,,,1,14,,103187,27,,,1,15,,103171,27,,,1,16,,103150,27,,,1,55,,103152,27,,,1,13,,103169,27,,,1,15,,103174,27,,,1,15,,103159,27,,,1,54,,103158,27,,,1,16,,103161,27,,,1,14,,103160,27,,,1,15,,103165,27,,,1,55,,103166,27,,,1,15,,103193,27,,,1,15,,103184,27,,,1,14,,103153,27,,,1,15,,103154,27,,,1,55,,103194,27,,,1,15,,103144,27,,,1,15,,103146,27,,,1,15,,103196,27,,,1,55,,103183,27,,,1,15,,103197,27,,,1,15,,103145,27,,,1,15,,103198,27,,,1,55,,103179,27,,,1,15,,103195,27,,,1,15,,103157,27,,,1,15,,103199,27,,,1,55,,103155,27,,,1,16,,103200,27,,,1,15,,103186,27,,,1,55,,103201,27,,,1,15,,103148,27,,,1,15,,103202,27,,,1,15,,103164,27,,,1,55,,103188,27,,,1
80303,'20263610',558,,103279,27,,,1,55,,103276,27,,,1,14,,103274,27,,,1,15,,103212,27,,,1,14,,103272,27,,,1,54,,103271,27,,,1,15,,103275,27,,,1,15,,103208,27,,,1,16,,103263,27,,,1,56,,103268,27,,,1,16,,103278,27,,,1,15,,103215,27,,,1,15,,103273,27,,,1,55,,103277,27,,,1,15,,103213,27,,,1,15,,103270,27,,,1,15,,103250,27,,,1,55,,103256,27,,,1,15,,103266,27,,,1,15,,103257,27,,,1,15,,103267,27,,,1,55,,103265,27,,,1,15,,103248,27,,,1,16,,103242,27,,,1,15,,103246,27,,,1,55,,103243,27,,,1,18,,103259,27,,,1,15,,103255,27,,,1,56,,103253,27,,,1,13,,103224,27,,,1,15,,103222,27,,,1,14,,103237,27,,,1,57,,103235,27,,,1,15,,103233,27,,,1,14,,103227,27,,,1,15,,103240,27,,,1,56,,103229,27,,,1,13,,103239,27,,,1,16,,103241,27,,,1,16,,103232,27,,,1,56,,103219,27,,,1,14,,103249,27,,,1,15,,103236,27,,,1,16,,103252,27,,,1,55,,103260,27,,,1,13,,103218,27,,,1,15,,103238,27,,,1,15,,103234,27,,,1,54,,103221,27,,,1,16,,103228,27,,,1,14,,103225,27,,,1,15,,103230,27,,,1,55,,103226,27,,,1,15,,103211,27,,,1,15,,103245,27,,,1,14,,103261,27,,,1,15,,103262,27,,,1,55,,103204,27,,,1,15,,103258,27,,,1,15,,103254,27,,,1,15,,103217,27,,,1,55,,103244,27,,,1,15,,103206,27,,,1,15,,103269,27,,,1,15,,103216,27,,,1,55,,103231,27,,,1,15,,103205,27,,,1,15,,103220,27,,,1,15,,103207,27,,,1,55,,103264,27,,,1,16,,103210,27,,,1,15,,103247,27,,,1,55,,103209,27,,,1,15,,103251,27,,,1,15,,103214,27,,,1,15,,103223,27,,,1,55,,103203,27,,,1
80303,'20263611',558,,103356,27,,,1,55,,103353,27,,,1,14,,103351,27,,,1,15,,103289,27,,,1,14,,103349,27,,,1,54,,103348,27,,,1,15,,103352,27,,,1,15,,103285,27,,,1,16,,103340,27,,,1,56,,103345,27,,,1,16,,103355,27,,,1,15,,103292,27,,,1,15,,103350,27,,,1,55,,103354,27,,,1,15,,103290,27,,,1,15,,103347,27,,,1,15,,103327,27,,,1,55,,103333,27,,,1,15,,103343,27,,,1,15,,103334,27,,,1,15,,103344,27,,,1,55,,103342,27,,,1,15,,103325,27,,,1,16,,103319,27,,,1,15,,103323,27,,,1,55,,103320,27,,,1,18,,103336,27,,,1,15,,103332,27,,,1,56,,103330,27,,,1,13,,103301,27,,,1,15,,103299,27,,,1,14,,103314,27,,,1,57,,103312,27,,,1,15,,103310,27,,,1,14,,103304,27,,,1,15,,103317,27,,,1,56,,103306,27,,,1,13,,103316,27,,,1,16,,103318,27,,,1,16,,103309,27,,,1,56,,103296,27,,,1,14,,103326,27,,,1,15,,103313,27,,,1,16,,103329,27,,,1,55,,103337,27,,,1,13,,103295,27,,,1,15,,103315,27,,,1,15,,103311,27,,,1,54,,103298,27,,,1,16,,103305,27,,,1,14,,103302,27,,,1,15,,103307,27,,,1,55,,103303,27,,,1,15,,103288,27,,,1,15,,103322,27,,,1,14,,103338,27,,,1,15,,103339,27,,,1,55,,103281,27,,,1,15,,103335,27,,,1,15,,103331,27,,,1,15,,103294,27,,,1,55,,103321,27,,,1,15,,103283,27,,,1,15,,103346,27,,,1,15,,103293,27,,,1,55,,103308,27,,,1,15,,103282,27,,,1,15,,103297,27,,,1,15,,103284,27,,,1,55,,103341,27,,,1,16,,103287,27,,,1,15,,103324,27,,,1,55,,103286,27,,,1,15,,103328,27,,,1,15,,103291,27,,,1,15,,103300,27,,,1,55,,103280,27,,,1
98200,'20262010',2558,,90491,37,,,0
98200,'20262510',2558,,90492,37,,,0
98200,'20263010',2558,,106116,37,,,0
98200,'20263510',2558,,106117,37,,,0
98200,'20263511',2558,,106118,37,,,0
