9203,'20262010',609,,86055,25,,,0,99,,86039,25,,,0,102,,86040,25,,,0,101,,86041,25,,,0,101,,86042,25,,,0,98,,86043,25,,,0,102,,86044,25,,,0,100,,86045,25,,,0,100,,86048,25,,,0,100,,86058,25,,,0,30,,86050,25,,,0,69,,86056,25,,,0,31,,86051,25,,,0,69,,86059,25,,,0,32,,86057,25,,,0,70,,86052,25,,,0,98,,86049,25,,,0,101,,86053,25,,,0,99,,86046,25,,,0,99,,86047,25,,,0,100,,86054,25,,,0
9203,'20262510',729,,86076,25,,,0,100,,86070,25,,,0,100,,86060,25,,,0,99,,86069,25,,,0,100,,86071,25,,,0,100,,86061,25,,,0,100,,86062,25,,,0,100,,86063,25,,,0,100,,86064,25,,,0,101,,86072,25,,,0,102,,86065,25,,,0,97,,86066,25,,,0,101,,86067,25,,,0,100,,86068,25,,,0,100,,86073,25,,,0,100,,86075,25,,,0,100,,86074,25,,,0
9203,'20262610',729,,86093,25,,,0,100,,86088,25,,,0,100,,86077,25,,,0,99,,86087,25,,,0,100,,86089,25,,,0,100,,86078,25,,,0,100,,86079,25,,,0,100,,86090,25,,,0,100,,86080,25,,,0,101,,86081,25,,,0,102,,86091,25,,,0,97,,86082,25,,,0,101,,86083,25,,,0,100,,86084,25,,,0,100,,86092,25,,,0,100,,86085,25,,,0,100,,86086,25,,,0
9203,'20263010',607,,98782,25,,,0,103,,98766,25,,,0,105,,98767,25,,,0,96,,98768,25,,,0,100,,98769,25,,,0,100,,98770,25,,,0,102,,98771,25,,,0,100,,98772,25,,,0,99,,98775,25,,,0,98,,98785,25,,,0,31,,98777,25,,,0,71,,98783,25,,,0,32,,98778,25,,,0,68,,98786,25,,,0,35,,98784,25,,,0,70,,98779,25,,,0,94,,98776,25,,,0,99,,98780,25,,,0,100,,98773,25,,,0,100,,98774,25,,,0,100,,98781,25,,,0
9203,'20263510',727,,98803,25,,,0,100,,98797,25,,,0,100,,98787,25,,,0,102,,98796,25,,,0,97,,98798,25,,,0,100,,98788,25,,,0,101,,98789,25,,,0,102,,98790,25,,,0,101,,98791,25,,,0,104,,98799,25,,,0,99,,98792,25,,,0,101,,98793,25,,,0,93,,98794,25,,,0,99,,98795,25,,,0,100,,98800,25,,,0,100,,98802,25,,,0,100,,98801,25,,,0
9203,'20263511',727,,98820,25,,,0,100,,98814,25,,,0,100,,98804,25,,,0,102,,98813,25,,,0,97,,98815,25,,,0,100,,98805,25,,,0,101,,98806,25,,,0,102,,98807,25,,,0,101,,98808,25,,,0,104,,98816,25,,,0,99,,98809,25,,,0,101,,98810,25,,,0,93,,98811,25,,,0,99,,98812,25,,,0,100,,98817,25,,,0,100,,98819,25,,,0,100,,98818,25,,,0
9203,'20263610',727,,98837,25,,,0,100,,98832,25,,,0,100,,98821,25,,,0,102,,98831,25,,,0,97,,98833,25,,,0,100,,98822,25,,,0,101,,98823,25,,,0,102,,98834,25,,,0,101,,98824,25,,,0,104,,98825,25,,,0,99,,98835,25,,,0,101,,98826,25,,,0,93,,98827,25,,,0,99,,98828,25,,,0,100,,98836,25,,,0,100,,98829,25,,,0,100,,98830,25,,,0
9203,'20263611',727,,98854,25,,,0,100,,98849,25,,,0,100,,98838,25,,,0,102,,98848,25,,,0,97,,98850,25,,,0,100,,98839,25,,,0,101,,98840,25,,,0,102,,98851,25,,,0,101,,98841,25,,,0,104,,98842,25,,,0,99,,98852,25,,,0,101,,98843,25,,,0,93,,98844,25,,,0,99,,98845,25,,,0,100,,98853,25,,,0,100,,98846,25,,,0,100,,98847,25,,,0
99203,'20262010',2617,,90499,58,,,0,130,,90500,58,,,0
99203,'20262510',2617,,90501,58,,,0,130,,90502,58,,,0
99203,'20263010',2617,,106128,58,,,0,130,,106129,58,,,0
99203,'20263510',2617,,106130,58,,,0,130,,106131,58,,,0
99203,'20263511',2617,,106132,58,,,0,130,,106133,58,,,0
