5601,'20262010',1600,,83842,2,,,0,32,,83844,2,,,0,69,,83843,2,,,0
5601,'20263010',1602,,95029,2,,,0,30,,95031,2,,,0,71,,95030,2,,,0
5701,'20262010',558,,83898,2,,,0,67,,83899,2,,,0,29,,83900,2,,,0,69,,83901,2,,,0,34,,83902,2,,,0,68,,83903,2,,,0,31,,83904,2,,,0,72,,83905,2,,,0,101,,83906,2,,,0,101,,83907,2,,,0,100,,83908,2,,,0,101,,83909,2,,,0,101,,83917,2,,,0,101,,83910,2,,,0,274,,83911,2,,,0,98,,83912,2,,,0,98,,83913,2,,,0,101,,83914,2,,,0,101,,83915,2,,,0,100,,83916,2,,,0
5701,'20262510',731,,83918,2,,,0,100,,83919,2,,,0,101,,83920,2,,,0,101,,83921,2,,,0,100,,83922,2,,,0,98,,83923,2,,,0,101,,83924,2,,,0,97,,83925,2,,,0,105,,83926,2,,,0,96,,83927,2,,,0,104,,83928,2,,,0,98,,83929,2,,,0,100,,83930,2,,,0,99,,83931,2,,,0,100,,83932,2,,,0,101,,83933,2,,,0
5701,'20262610',731,,83937,2,,,0,100,,83939,2,,,0,101,,83936,2,,,0,101,,83934,2,,,0,100,,83938,2,,,0,98,,83942,2,,,0,101,,83943,2,,,0,97,,83944,2,,,0,105,,83940,2,,,0,96,,83941,2,,,0,104,,83935,2,,,0,98,,83945,2,,,0,100,,83946,2,,,0,99,,83949,2,,,0,100,,83947,2,,,0,101,,83948,2,,,0
5701,'20263010',558,,95119,2,,,0,67,,95120,2,,,0,26,,95121,2,,,0,71,,95122,2,,,0,35,,95123,2,,,0,70,,95124,2,,,0,23,,95125,2,,,0,80,,95126,2,,,0,99,,95127,2,,,0,100,,95128,2,,,0,100,,95129,2,,,0,101,,95130,2,,,0,101,,95138,2,,,0,102,,95131,2,,,0,273,,95132,2,,,0,100,,95133,2,,,0,97,,95134,2,,,0,100,,95135,2,,,0,101,,95136,2,,,0,101,,95137,2,,,0
5701,'20263510',731,,95139,2,,,0,100,,95140,2,,,0,101,,95141,2,,,0,100,,95142,2,,,0,101,,95143,2,,,0,97,,95144,2,,,0,98,,95145,2,,,0,98,,95146,2,,,0,105,,95147,2,,,0,104,,95148,2,,,0,100,,95149,2,,,0,97,,95150,2,,,0,100,,95151,2,,,0,99,,95152,2,,,0,100,,95153,2,,,0,101,,95154,2,,,0
5701,'20263511',731,,95155,2,,,0,100,,95156,2,,,0,101,,95157,2,,,0,100,,95158,2,,,0,101,,95159,2,,,0,97,,95160,2,,,0,98,,95161,2,,,0,98,,95162,2,,,0,105,,95163,2,,,0,104,,95164,2,,,0,100,,95165,2,,,0,97,,95166,2,,,0,100,,95167,2,,,0,99,,95168,2,,,0,100,,95169,2,,,0,101,,95170,2,,,0
5701,'20263610',731,,95173,2,,,0,100,,95172,2,,,0,101,,95171,2,,,0,100,,95176,2,,,0,101,,95178,2,,,0,97,,95174,2,,,0,98,,95184,2,,,0,98,,95180,2,,,0,105,,95175,2,,,0,104,,95177,2,,,0,100,,95183,2,,,0,97,,95179,2,,,0,100,,95185,2,,,0,99,,95181,2,,,0,100,,95182,2,,,0,101,,95186,2,,,0
5701,'20263611',731,,95189,2,,,0,100,,95188,2,,,0,101,,95187,2,,,0,100,,95192,2,,,0,101,,95194,2,,,0,97,,95190,2,,,0,98,,95200,2,,,0,98,,95196,2,,,0,105,,95191,2,,,0,104,,95193,2,,,0,100,,95199,2,,,0,97,,95195,2,,,0,100,,95201,2,,,0,99,,95197,2,,,0,100,,95198,2,,,0,101,,95202,2,,,0
25701,'20262010',649,,86541,2,,,0,66,,86542,2,,,0,34,,86543,2,,,0
25701,'20263010',640,,99611,2,,,0,19,,99612,2,,,0,72,,99613,2,,,0
