9102,'20262010',505,,85871,2,,,0,101,,85872,2,,,0,28,,85873,2,,,0,70,,85874,2,,,0,28,,85875,2,,,0,72,,85876,2,,,0,30,,85877,2,,,0,100,,85878,2,,,0,99,,85879,2,,,0,100,,85880,2,,,0,101,,85881,2,,,0,99,,85882,2,,,0,100,,85883,2,,,0,98,,85884,2,,,0,106,,85885,2,,,0,100,,85886,2,,,0,98,,85887,2,,,0,98,,85888,2,,,0,100,,85889,2,,,0,100,,85890,2,,,0,103,,85891,2,,,0
9102,'20262510',535,,85892,2,,,0,100,,85893,2,,,0,100,,85894,2,,,0,100,,85895,2,,,0,100,,85896,2,,,0,100,,85897,2,,,0,100,,85898,2,,,0,99,,85899,2,,,0,100,,85900,2,,,0,100,,85901,2,,,0,97,,85902,2,,,0,99,,85903,2,,,0,105,,85904,2,,,0,100,,85905,2,,,0,100,,85906,2,,,0,100,,85907,2,,,0,100,,85908,2,,,0,100,,85909,2,,,0
9102,'20262610',535,,85910,2,,,0,100,,85911,2,,,0,100,,85912,2,,,0,100,,85913,2,,,0,100,,85914,2,,,0,100,,85915,2,,,0,100,,85916,2,,,0,99,,85917,2,,,0,100,,85918,2,,,0,100,,85919,2,,,0,97,,85920,2,,,0,99,,85921,2,,,0,105,,85922,2,,,0,100,,85923,2,,,0,100,,85924,2,,,0,100,,85925,2,,,0,100,,85926,2,,,0,100,,85927,2,,,0
9102,'20263010',507,,98492,2,,,0,99,,98493,2,,,0,29,,98494,2,,,0,67,,98495,2,,,0,29,,98496,2,,,0,73,,98497,2,,,0,32,,98498,2,,,0,99,,98499,2,,,0,100,,98500,2,,,0,100,,98501,2,,,0,100,,98502,2,,,0,100,,98503,2,,,0,100,,98504,2,,,0,90,,98505,2,,,0,105,,98506,2,,,0,106,,98507,2,,,0,100,,98508,2,,,0,101,,98509,2,,,0,99,,98510,2,,,0,101,,98511,2,,,0,100,,98512,2,,,0
9102,'20263510',536,,98513,2,,,0,100,,98514,2,,,0,99,,98515,2,,,0,100,,98516,2,,,0,100,,98517,2,,,0,100,,98518,2,,,0,100,,98519,2,,,0,100,,98520,2,,,0,100,,98521,2,,,0,100,,98522,2,,,0,100,,98523,2,,,0,100,,98524,2,,,0,100,,98525,2,,,0,100,,98526,2,,,0,101,,98527,2,,,0,100,,98528,2,,,0,100,,98529,2,,,0,100,,98530,2,,,0
9102,'20263511',536,,98531,2,,,0,100,,98532,2,,,0,99,,98533,2,,,0,100,,98534,2,,,0,100,,98535,2,,,0,100,,98536,2,,,0,100,,98537,2,,,0,100,,98538,2,,,0,100,,98539,2,,,0,100,,98540,2,,,0,100,,98541,2,,,0,100,,98542,2,,,0,100,,98543,2,,,0,100,,98544,2,,,0,101,,98545,2,,,0,100,,98546,2,,,0,100,,98547,2,,,0,100,,98548,2,,,0
9102,'20263610',536,,98549,2,,,0,100,,98550,2,,,0,99,,98551,2,,,0,100,,98552,2,,,0,100,,98553,2,,,0,100,,98554,2,,,0,100,,98555,2,,,0,100,,98556,2,,,0,100,,98557,2,,,0,100,,98558,2,,,0,100,,98559,2,,,0,100,,98560,2,,,0,100,,98561,2,,,0,100,,98562,2,,,0,101,,98563,2,,,0,100,,98564,2,,,0,100,,98565,2,,,0,100,,98566,2,,,0
9102,'20263611',536,,98567,2,,,0,100,,98568,2,,,0,99,,98569,2,,,0,100,,98570,2,,,0,100,,98571,2,,,0,100,,98572,2,,,0,100,,98573,2,,,0,100,,98574,2,,,0,100,,98575,2,,,0,100,,98576,2,,,0,100,,98577,2,,,0,100,,98578,2,,,0,100,,98579,2,,,0,100,,98580,2,,,0,101,,98581,2,,,0,100,,98582,2,,,0,100,,98583,2,,,0,100,,98584,2,,,0
29102,'20262010',602,,86669,2,,,0,30,,86672,2,,,0,23,,86670,2,,,0,71,,86671,2,,,0
29102,'20263010',603,,99744,2,,,0,23,,99747,2,,,0,20,,99745,2,,,0,69,,99746,2,,,0
