3900,'20262010',726,,66120,20,,,0,100,,66102,20,,,0,100,,66103,20,,,0,100,,66104,20,,,0,100,,66105,20,,,0,100,,66106,20,,,0,100,,66107,20,,,0,100,,66108,20,,,0,100,,66109,20,,,0,29,,66110,20,,,0,68,,66111,20,,,0,32,,66112,20,,,0,70,,66113,20,,,0,101,,66114,20,,,0,100,,66115,20,,,0,100,,66116,20,,,0,100,,66117,20,,,0,100,,66121,20,,,0,101,,66118,20,,,0,101,,66119,20,,,0
3900,'20262011',726,,66140,20,,,0,100,,66122,20,,,0,100,,66123,20,,,0,100,,66124,20,,,0,100,,66125,20,,,0,100,,66126,20,,,0,100,,66127,20,,,0,100,,66128,20,,,0,100,,66129,20,,,0,29,,66130,20,,,0,68,,66131,20,,,0,32,,66132,20,,,0,70,,66133,20,,,0,101,,66134,20,,,0,100,,66135,20,,,0,100,,66136,20,,,0,100,,66137,20,,,0,100,,66141,20,,,0,101,,66138,20,,,0,101,,66139,20,,,0
3900,'20262510',727,,66153,20,,,0,100,,66156,20,,,0,100,,66142,20,,,0,100,,66157,20,,,0,100,,66143,20,,,0,100,,66144,20,,,0,100,,66145,20,,,0,100,,66146,20,,,0,100,,66147,20,,,0,100,,66148,20,,,0,100,,66149,20,,,0,100,,66150,20,,,0,100,,66154,20,,,0,100,,66151,20,,,0,100,,66155,20,,,0,100,,66152,20,,,0,200,,66158,20,,,0
3900,'20262511',727,,66170,20,,,0,100,,66173,20,,,0,100,,66159,20,,,0,100,,66174,20,,,0,100,,66160,20,,,0,100,,66161,20,,,0,100,,66162,20,,,0,100,,66163,20,,,0,100,,66164,20,,,0,100,,66165,20,,,0,100,,66166,20,,,0,100,,66167,20,,,0,100,,66171,20,,,0,100,,66168,20,,,0,100,,66172,20,,,0,100,,66169,20,,,0,200,,66175,20,,,0
3900,'20262610',727,,66188,20,,,0,100,,66190,20,,,0,100,,66189,20,,,0,100,,66191,20,,,0,100,,66185,20,,,0,100,,66176,20,,,0,100,,66177,20,,,0,100,,66178,20,,,0,100,,66179,20,,,0,100,,66180,20,,,0,100,,66181,20,,,0,100,,66182,20,,,0,100,,66186,20,,,0,100,,66183,20,,,0,100,,66187,20,,,0,100,,66184,20,,,0,200,,66192,20,,,0
3900,'20262611',727,,66205,20,,,0,100,,66207,20,,,0,100,,66206,20,,,0,100,,66208,20,,,0,100,,66202,20,,,0,100,,66193,20,,,0,100,,66194,20,,,0,100,,66195,20,,,0,100,,66196,20,,,0,100,,66197,20,,,0,100,,66198,20,,,0,100,,66199,20,,,0,100,,66203,20,,,0,100,,66200,20,,,0,100,,66204,20,,,0,100,,66201,20,,,0,200,,66209,20,,,0
5200,'20262010',643,,66518,27,,,0,72,,66519,27,,,0,34,,66520,27,,,0,72,,66521,27,,,0,28,,66522,27,,,0,66,,66540,27,,,0,29,,66523,27,,,0,100,,66524,27,,,0,100,,66525,27,,,0,101,,66526,27,,,0,100,,66527,27,,,0,100,,66528,27,,,0,70,,66541,27,,,0,33,,66529,27,,,0,66,,66539,27,,,0,37,,66530,27,,,0,71,,66531,27,,,0,25,,66532,27,,,0,97,,66533,27,,,0,97,,66534,27,,,0,99,,66535,27,,,0,100,,66536,27,,,0,100,,66537,27,,,0,100,,66538,27,,,0
5200,'20262011',643,,66542,27,,,0,72,,66543,27,,,0,34,,66544,27,,,0,72,,66545,27,,,0,28,,66546,27,,,0,66,,66564,27,,,0,29,,66547,27,,,0,100,,66548,27,,,0,100,,66549,27,,,0,101,,66550,27,,,0,100,,66551,27,,,0,100,,66552,27,,,0,70,,66565,27,,,0,33,,66553,27,,,0,66,,66563,27,,,0,37,,66554,27,,,0,71,,66555,27,,,0,25,,66556,27,,,0,97,,66557,27,,,0,97,,66558,27,,,0,99,,66559,27,,,0,100,,66560,27,,,0,100,,66561,27,,,0,100,,66562,27,,,0
5200,'20262510',740,,66566,27,,,0,100,,66567,27,,,0,100,,66568,27,,,0,100,,66569,27,,,0,101,,66570,27,,,0,102,,66571,27,,,0,105,,66572,27,,,0,95,,66573,27,,,0,96,,66574,27,,,0,104,,66575,27,,,0,100,,66576,27,,,0,98,,66580,27,,,0,99,,66577,27,,,0,99,,66581,27,,,0,100,,66578,27,,,0,100,,66582,27,,,0,100,,66579,27,,,0
5200,'20262511',740,,66583,27,,,0,100,,66584,27,,,0,100,,66585,27,,,0,100,,66586,27,,,0,101,,66587,27,,,0,102,,66588,27,,,0,105,,66589,27,,,0,95,,66590,27,,,0,96,,66591,27,,,0,104,,66592,27,,,0,100,,66593,27,,,0,98,,66597,27,,,0,99,,66594,27,,,0,99,,66598,27,,,0,100,,66595,27,,,0,100,,66599,27,,,0,100,,66596,27,,,0
5200,'20262610',740,,66611,27,,,0,100,,66612,27,,,0,100,,66610,27,,,0,100,,66600,27,,,0,101,,66601,27,,,0,102,,66602,27,,,0,105,,66603,27,,,0,95,,66604,27,,,0,96,,66605,27,,,0,104,,66606,27,,,0,100,,66613,27,,,0,98,,66607,27,,,0,99,,66614,27,,,0,99,,66608,27,,,0,100,,66615,27,,,0,100,,66609,27,,,0,100,,66616,27,,,0
5200,'20262611',740,,66628,27,,,0,100,,66629,27,,,0,100,,66627,27,,,0,100,,66617,27,,,0,101,,66618,27,,,0,102,,66619,27,,,0,105,,66620,27,,,0,95,,66621,27,,,0,96,,66622,27,,,0,104,,66623,27,,,0,100,,66630,27,,,0,98,,66624,27,,,0,99,,66631,27,,,0,99,,66625,27,,,0,100,,66632,27,,,0,100,,66626,27,,,0,100,,66633,27,,,0
