9103,'20262010',638,,71718,50,,,0,101,,71719,50,,,0,100,,71720,50,,,0,102,,71721,50,,,0,99,,71722,50,,,0,100,,71723,50,,,0,100,,71724,50,,,0,100,,71725,50,,,0,100,,71726,50,,,0,99,,71727,50,,,0,64,,71728,50,,,0,36,,71729,50,,,0,70,,71730,50,,,0,33,,71731,50,,,0,71,,71732,50,,,0,27,,71733,50,,,0,101,,71734,50,,,0,98,,71735,50,,,0,100,,71736,50,,,0,100,,71737,50,,,0,99,,71738,50,,,0
9103,'20262011',638,,71739,50,,,0,101,,71740,50,,,0,100,,71741,50,,,0,102,,71742,50,,,0,99,,71743,50,,,0,100,,71744,50,,,0,100,,71745,50,,,0,100,,71746,50,,,0,100,,71747,50,,,0,99,,71748,50,,,0,64,,71749,50,,,0,36,,71750,50,,,0,70,,71751,50,,,0,33,,71752,50,,,0,71,,71753,50,,,0,27,,71754,50,,,0,101,,71755,50,,,0,98,,71756,50,,,0,100,,71757,50,,,0,100,,71758,50,,,0,99,,71759,50,,,0
9103,'20262510',632,,71760,50,,,0,100,,71761,50,,,0,100,,71762,50,,,0,101,,71763,50,,,0,100,,71764,50,,,0,101,,71765,50,,,0,100,,71766,50,,,0,100,,71767,50,,,0,100,,71768,50,,,0,100,,71769,50,,,0,100,,71770,50,,,0,100,,71771,50,,,0,99,,71772,50,,,0,99,,71773,50,,,0,100,,71774,50,,,0,100,,71775,50,,,0,100,,71776,50,,,0,100,,71777,50,,,0
9103,'20262511',632,,71778,50,,,0,100,,71779,50,,,0,100,,71780,50,,,0,101,,71781,50,,,0,100,,71782,50,,,0,101,,71783,50,,,0,100,,71784,50,,,0,100,,71785,50,,,0,100,,71786,50,,,0,100,,71787,50,,,0,100,,71788,50,,,0,100,,71789,50,,,0,99,,71790,50,,,0,99,,71791,50,,,0,100,,71792,50,,,0,100,,71793,50,,,0,100,,71794,50,,,0,100,,71795,50,,,0
9103,'20262610',632,,71796,50,,,0,100,,71797,50,,,0,100,,71798,50,,,0,101,,71799,50,,,0,100,,71800,50,,,0,101,,71801,50,,,0,100,,71802,50,,,0,100,,71803,50,,,0,100,,71804,50,,,0,100,,71805,50,,,0,100,,71806,50,,,0,100,,71807,50,,,0,99,,71808,50,,,0,99,,71809,50,,,0,100,,71810,50,,,0,100,,71811,50,,,0,100,,71812,50,,,0,100,,71813,50,,,0
9103,'20262611',632,,71814,50,,,0,100,,71815,50,,,0,100,,71816,50,,,0,101,,71817,50,,,0,100,,71818,50,,,0,101,,71819,50,,,0,100,,71820,50,,,0,100,,71821,50,,,0,100,,71822,50,,,0,100,,71823,50,,,0,100,,71824,50,,,0,100,,71825,50,,,0,99,,71826,50,,,0,99,,71827,50,,,0,100,,71828,50,,,0,100,,71829,50,,,0,100,,71830,50,,,0,100,,71831,50,,,0
29103,'20262010',1607,,73211,57,4,,0,31,,73208,57,4,,0,74,,73210,57,4,,0,30,,73209,57,4,,0
29103,'20262011',1607,,73215,57,4,,0,31,,73212,57,4,,0,74,,73214,57,4,,0,30,,73213,57,4,,0
99103,'20262010',2631,,81272,84,,,0,170,,81273,84,,,0
99103,'20262011',2631,,81274,84,,,0,170,,81275,84,,,0
99103,'20262510',2631,,81276,84,,,0,170,,81277,84,,,0
99103,'20262511',2631,,81278,84,,,0,170,,81279,84,,,0
