3900,'20262010',721,,83138,13,,,0,100,,83120,13,,,0,100,,83121,13,,,0,100,,83122,13,,,0,100,,83123,13,,,0,100,,83124,13,,,0,100,,83125,13,,,0,100,,83126,13,,,0,100,,83127,13,,,0,29,,83128,13,,,0,67,,83129,13,,,0,33,,83130,13,,,0,70,,83131,13,,,0,102,,83132,13,,,0,100,,83133,13,,,0,100,,83134,13,,,0,100,,83135,13,,,0,100,,83139,13,,,0,101,,83136,13,,,0,101,,83137,13,,,0
3900,'20262510',722,,83151,13,,,0,100,,83154,13,,,0,100,,83140,13,,,0,100,,83155,13,,,0,100,,83141,13,,,0,100,,83142,13,,,0,100,,83143,13,,,0,100,,83144,13,,,0,100,,83145,13,,,0,100,,83146,13,,,0,100,,83147,13,,,0,100,,83148,13,,,0,100,,83152,13,,,0,100,,83149,13,,,0,100,,83153,13,,,0,100,,83150,13,,,0,201,,83156,13,,,0
3900,'20262610',722,,83169,13,,,0,100,,83171,13,,,0,100,,83170,13,,,0,100,,83172,13,,,0,100,,83166,13,,,0,100,,83157,13,,,0,100,,83158,13,,,0,100,,83159,13,,,0,100,,83160,13,,,0,100,,83161,13,,,0,100,,83162,13,,,0,100,,83163,13,,,0,100,,83167,13,,,0,100,,83164,13,,,0,100,,83168,13,,,0,100,,83165,13,,,0,201,,83173,13,,,0
3900,'20263010',720,,93865,13,,,0,100,,93846,13,,,0,31,,93867,13,,,0,70,,93847,13,,,0,100,,93848,13,,,0,100,,93849,13,,,0,100,,93850,13,,,0,100,,93851,13,,,0,100,,93852,13,,,0,99,,93853,13,,,0,30,,93854,13,,,0,67,,93855,13,,,0,31,,93856,13,,,0,72,,93857,13,,,0,31,,93858,13,,,0,71,,93859,13,,,0,100,,93860,13,,,0,100,,93861,13,,,0,100,,93862,13,,,0,100,,93866,13,,,0,102,,93863,13,,,0,100,,93864,13,,,0
3900,'20263510',723,,93879,13,,,0,100,,93882,13,,,0,100,,93868,13,,,0,99,,93883,13,,,0,100,,93869,13,,,0,100,,93870,13,,,0,100,,93871,13,,,0,100,,93872,13,,,0,100,,93873,13,,,0,100,,93874,13,,,0,100,,93875,13,,,0,100,,93876,13,,,0,100,,93880,13,,,0,101,,93877,13,,,0,100,,93881,13,,,0,100,,93878,13,,,0,100,,93885,13,,,0,101,,93884,13,,,0
3900,'20263511',723,,93897,13,,,0,100,,93900,13,,,0,100,,93886,13,,,0,99,,93901,13,,,0,100,,93887,13,,,0,100,,93888,13,,,0,100,,93889,13,,,0,100,,93890,13,,,0,100,,93891,13,,,0,100,,93892,13,,,0,100,,93893,13,,,0,100,,93894,13,,,0,100,,93898,13,,,0,101,,93895,13,,,0,100,,93899,13,,,0,100,,93896,13,,,0,100,,93903,13,,,0,101,,93902,13,,,0
3900,'20263610',723,,93916,13,,,0,100,,93918,13,,,0,100,,93917,13,,,0,99,,93919,13,,,0,100,,93913,13,,,0,100,,93904,13,,,0,100,,93905,13,,,0,100,,93906,13,,,0,100,,93907,13,,,0,100,,93908,13,,,0,100,,93909,13,,,0,100,,93910,13,,,0,100,,93914,13,,,0,101,,93911,13,,,0,100,,93915,13,,,0,100,,93912,13,,,0,100,,93921,13,,,0,101,,93920,13,,,0
3900,'20263611',723,,93934,13,,,0,100,,93936,13,,,0,100,,93935,13,,,0,99,,93937,13,,,0,100,,93931,13,,,0,100,,93922,13,,,0,100,,93923,13,,,0,100,,93924,13,,,0,100,,93925,13,,,0,100,,93926,13,,,0,100,,93927,13,,,0,100,,93928,13,,,0,100,,93932,13,,,0,101,,93929,13,,,0,100,,93933,13,,,0,100,,93930,13,,,0,100,,93939,13,,,0,101,,93938,13,,,0
23800,'20262010',1558,,86476,14,4,,0,70,,86477,14,4,,0,82,,86479,14,4,,0,44,,86478,14,4,,0
23800,'20263010',1601,,99550,15,4,,0,30,,99551,15,4,,0,88,,99553,15,4,,0,35,,99552,15,4,,0
33800,'20263010',1239,,99809,19,4,,0,409,,99806,19,4,,0,100,,99808,19,4,,0,99,,99807,19,4,,0
53800,'20262010',1657,,86782,17,4,,0,70,,86781,17,4,,0
53800,'20263010',1657,,100012,17,4,,0,73,,100011,17,4,,0,70,,100013,17,4,,0
1000300,'20263010',828,,106134,34,,,0
