101,'20262010',545,,81377,6,,,1,59,,81378,6,,,1,21,,81415,6,,,1,20,,81379,6,,,1,14,,81416,6,,,1,56,,81380,6,,,1,16,,81417,6,,,1,15,,81381,6,,,1,13,,81407,6,,,1,55,,81382,6,,,1,15,,81413,6,,,1,14,,81383,6,,,1,15,,81384,6,,,1,69,,81385,6,,,1,29,,81386,6,,,1,69,,81387,6,,,1,30,,81388,6,,,1,70,,81389,6,,,1,29,,81390,6,,,1,69,,81391,6,,,1,29,,81392,6,,,1,69,,81393,6,,,1,29,,81394,6,,,1,70,,81395,6,,,1,29,,81396,6,,,1,55,,81397,6,,,1,14,,81398,6,,,1,12,,81418,6,,,1,18,,81414,6,,,1,55,,81399,6,,,1,21,,81400,6,,,1,22,,81412,6,,,1,64,,81401,6,,,1,32,,81402,6,,,1,70,,81403,6,,,1,33,,81404,6,,,1,71,,81405,6,,,1,30,,81406,6,,,1,103,,81411,6,,,1,100,,81408,6,,,1,104,,81409,6,,,1,101,,81410,6,,,1
101,'20262510',557,,81442,6,,,1,99,,81419,6,,,1,100,,81420,6,,,1,96,,81421,6,,,1,99,,81422,6,,,1,98,,81423,6,,,1,69,,81441,6,,,1,29,,81424,6,,,1,70,,81425,6,,,1,30,,81426,6,,,1,70,,81427,6,,,1,30,,81428,6,,,1,69,,81429,6,,,1,30,,81430,6,,,1,70,,81431,6,,,1,30,,81432,6,,,1,71,,81433,6,,,1,30,,81434,6,,,1,102,,81435,6,,,1,101,,81436,6,,,1,101,,81437,6,,,1,102,,81438,6,,,1,101,,81439,6,,,1,102,,81440,6,,,1,101,,81443,6,,,1
101,'20262610',557,,81467,6,,,1,99,,81444,6,,,1,100,,81445,6,,,1,96,,81446,6,,,1,99,,81447,6,,,1,98,,81448,6,,,1,69,,81466,6,,,1,29,,81449,6,,,1,70,,81450,6,,,1,30,,81451,6,,,1,70,,81452,6,,,1,30,,81453,6,,,1,69,,81454,6,,,1,30,,81455,6,,,1,70,,81456,6,,,1,30,,81457,6,,,1,71,,81458,6,,,1,30,,81459,6,,,1,102,,81460,6,,,1,101,,81461,6,,,1,101,,81462,6,,,1,102,,81463,6,,,1,101,,81464,6,,,1,102,,81465,6,,,1,101,,81468,6,,,1
101,'20263010',543,,90642,6,,,1,60,,90643,6,,,1,20,,90680,6,,,1,18,,90644,6,,,1,13,,90681,6,,,1,55,,90645,6,,,1,16,,90682,6,,,1,17,,90646,6,,,1,13,,90672,6,,,1,55,,90647,6,,,1,15,,90678,6,,,1,16,,90648,6,,,1,15,,90649,6,,,1,70,,90650,6,,,1,28,,90651,6,,,1,69,,90652,6,,,1,30,,90653,6,,,1,70,,90654,6,,,1,30,,90655,6,,,1,69,,90656,6,,,1,30,,90657,6,,,1,70,,90658,6,,,1,30,,90659,6,,,1,70,,90660,6,,,1,29,,90661,6,,,1,55,,90662,6,,,1,13,,90663,6,,,1,13,,90683,6,,,1,15,,90679,6,,,1,56,,90664,6,,,1,16,,90665,6,,,1,23,,90677,6,,,1,70,,90666,6,,,1,33,,90667,6,,,1,73,,90668,6,,,1,30,,90669,6,,,1,70,,90670,6,,,1,31,,90671,6,,,1,101,,90676,6,,,1,101,,90673,6,,,1,100,,90674,6,,,1,100,,90675,6,,,1
101,'20263510',554,,90707,6,,,1,99,,90684,6,,,1,100,,90685,6,,,1,100,,90686,6,,,1,97,,90687,6,,,1,99,,90688,6,,,1,69,,90706,6,,,1,31,,90689,6,,,1,69,,90690,6,,,1,31,,90691,6,,,1,68,,90692,6,,,1,30,,90693,6,,,1,70,,90694,6,,,1,30,,90695,6,,,1,70,,90696,6,,,1,29,,90697,6,,,1,71,,90698,6,,,1,30,,90699,6,,,1,102,,90700,6,,,1,102,,90701,6,,,1,101,,90702,6,,,1,101,,90703,6,,,1,101,,90704,6,,,1,100,,90705,6,,,1,100,,90708,6,,,1
101,'20263511',554,,90732,6,,,1,99,,90709,6,,,1,100,,90710,6,,,1,100,,90711,6,,,1,97,,90712,6,,,1,99,,90713,6,,,1,69,,90731,6,,,1,31,,90714,6,,,1,69,,90715,6,,,1,31,,90716,6,,,1,68,,90717,6,,,1,30,,90718,6,,,1,70,,90719,6,,,1,30,,90720,6,,,1,70,,90721,6,,,1,29,,90722,6,,,1,71,,90723,6,,,1,30,,90724,6,,,1,102,,90725,6,,,1,102,,90726,6,,,1,101,,90727,6,,,1,101,,90728,6,,,1,101,,90729,6,,,1,100,,90730,6,,,1,100,,90733,6,,,1
101,'20263610',554,,90757,6,,,1,99,,90734,6,,,1,100,,90735,6,,,1,100,,90736,6,,,1,97,,90737,6,,,1,99,,90738,6,,,1,69,,90756,6,,,1,31,,90739,6,,,1,69,,90740,6,,,1,31,,90741,6,,,1,68,,90742,6,,,1,30,,90743,6,,,1,70,,90744,6,,,1,30,,90745,6,,,1,70,,90746,6,,,1,29,,90747,6,,,1,71,,90748,6,,,1,30,,90749,6,,,1,102,,90750,6,,,1,102,,90751,6,,,1,101,,90752,6,,,1,101,,90753,6,,,1,101,,90754,6,,,1,100,,90755,6,,,1,100,,90758,6,,,1
101,'20263611',554,,90782,6,,,1,99,,90759,6,,,1,100,,90760,6,,,1,100,,90761,6,,,1,97,,90762,6,,,1,99,,90763,6,,,1,69,,90781,6,,,1,31,,90764,6,,,1,69,,90765,6,,,1,31,,90766,6,,,1,68,,90767,6,,,1,30,,90768,6,,,1,70,,90769,6,,,1,30,,90770,6,,,1,70,,90771,6,,,1,29,,90772,6,,,1,71,,90773,6,,,1,30,,90774,6,,,1,102,,90775,6,,,1,102,,90776,6,,,1,101,,90777,6,,,1,101,,90778,6,,,1,101,,90779,6,,,1,100,,90780,6,,,1,100,,90783,6,,,1
7100,'20263010',611,,96206,15,,,0,20,,96205,15,,,0,18,,96160,15,,,0,56,,96161,15,,,0,19,,96162,15,,,0,20,,96163,15,,,0,63,,96164,15,,,0,19,,96165,15,,,0,21,,96166,15,,,0,65,,96167,15,,,0,19,,96168,15,,,0,17,,96169,15,,,0,60,,96170,15,,,0,17,,96171,15,,,0,19,,96172,15,,,0,65,,96173,15,,,0,21,,96174,15,,,0,20,,96175,15,,,0,60,,96176,15,,,0,17,,96177,15,,,0,19,,96178,15,,,0,62,,96179,15,,,0,21,,96180,15,,,0,20,,96181,15,,,0,60,,96182,15,,,0,19,,96183,15,,,0,22,,96184,15,,,0,58,,96185,15,,,0,18,,96186,15,,,0,16,,96188,15,,,0,60,,96189,15,,,0,21,,96190,15,,,0,22,,96187,15,,,0,65,,96191,15,,,0,25,,96192,15,,,0,22,,96193,15,,,0,61,,96194,15,,,0,20,,96195,15,,,0,62,,96196,15,,,0,31,,96197,15,,,0,70,,96198,15,,,0,30,,96199,15,,,0,70,,96200,15,,,0,30,,96201,15,,,0,70,,96202,15,,,0,30,,96203,15,,,0,71,,96204,15,,,0
7100,'20263510',706,,96207,15,,,0,30,,96208,15,,,0,69,,96209,15,,,0,30,,96210,15,,,0,70,,96211,15,,,0,28,,96212,15,,,0,70,,96213,15,,,0,30,,96214,15,,,0,69,,96215,15,,,0,29,,96216,15,,,0,71,,96217,15,,,0,30,,96219,15,,,0,69,,96220,15,,,0,29,,96221,15,,,0,73,,96218,15,,,0,28,,96222,15,,,0,70,,96223,15,,,0,28,,96224,15,,,0,72,,96225,15,,,0,30,,96226,15,,,0,71,,96227,15,,,0,30,,96228,15,,,0,71,,96229,15,,,0,30,,96230,15,,,0,70,,96231,15,,,0,30,,96232,15,,,0,71,,96233,15,,,0,32,,96234,15,,,0,70,,96235,15,,,0,29,,96236,15,,,0,71,,96237,15,,,0,30,,96238,15,,,0,70,,96239,15,,,0
7100,'20263511',706,,96240,15,,,0,30,,96241,15,,,0,69,,96242,15,,,0,30,,96243,15,,,0,70,,96244,15,,,0,28,,96245,15,,,0,70,,96246,15,,,0,30,,96247,15,,,0,69,,96248,15,,,0,29,,96249,15,,,0,71,,96250,15,,,0,30,,96252,15,,,0,69,,96253,15,,,0,29,,96254,15,,,0,73,,96251,15,,,0,28,,96255,15,,,0,70,,96256,15,,,0,28,,96257,15,,,0,72,,96258,15,,,0,30,,96259,15,,,0,71,,96260,15,,,0,30,,96261,15,,,0,71,,96262,15,,,0,30,,96263,15,,,0,70,,96264,15,,,0,30,,96265,15,,,0,71,,96266,15,,,0,32,,96267,15,,,0,70,,96268,15,,,0,29,,96269,15,,,0,71,,96270,15,,,0,30,,96271,15,,,0,70,,96272,15,,,0
7100,'20263610',706,,96273,15,,,0,30,,96274,15,,,0,69,,96275,15,,,0,30,,96276,15,,,0,70,,96277,15,,,0,28,,96278,15,,,0,70,,96279,15,,,0,30,,96281,15,,,0,69,,96282,15,,,0,29,,96283,15,,,0,71,,96280,15,,,0,30,,96284,15,,,0,69,,96285,15,,,0,29,,96286,15,,,0,73,,96287,15,,,0,28,,96288,15,,,0,70,,96289,15,,,0,28,,96290,15,,,0,72,,96291,15,,,0,30,,96292,15,,,0,71,,96293,15,,,0,30,,96294,15,,,0,71,,96295,15,,,0,30,,96296,15,,,0,70,,96297,15,,,0,30,,96298,15,,,0,71,,96299,15,,,0,32,,96300,15,,,0,70,,96301,15,,,0,29,,96302,15,,,0,71,,96303,15,,,0,30,,96304,15,,,0,70,,96305,15,,,0
7100,'20263611',706,,96306,15,,,0,30,,96307,15,,,0,69,,96308,15,,,0,30,,96309,15,,,0,70,,96310,15,,,0,28,,96311,15,,,0,70,,96312,15,,,0,30,,96314,15,,,0,69,,96315,15,,,0,29,,96316,15,,,0,71,,96313,15,,,0,30,,96317,15,,,0,69,,96318,15,,,0,29,,96319,15,,,0,73,,96320,15,,,0,28,,96321,15,,,0,70,,96322,15,,,0,28,,96323,15,,,0,72,,96324,15,,,0,30,,96325,15,,,0,71,,96326,15,,,0,30,,96327,15,,,0,71,,96328,15,,,0,30,,96329,15,,,0,70,,96330,15,,,0,30,,96331,15,,,0,71,,96332,15,,,0,32,,96333,15,,,0,70,,96334,15,,,0,29,,96335,15,,,0,71,,96336,15,,,0,30,,96337,15,,,0,70,,96338,15,,,0
8500,'20263010',605,,98259,11,,,0,29,,98253,11,,,0,68,,98254,11,,,0,28,,98255,11,,,0,71,,98256,11,,,0,34,,98257,11,,,0,368,,98258,11,,,0
8500,'20263510',810,,98260,11,,,0
8500,'20263511',810,,98261,11,,,0
8500,'20263610',810,,98262,11,,,0
8500,'20263611',810,,98263,11,,,0
18500,'20262010',905,,86443,6,,,0,624,,86439,14,,,0,100,,86440,14,,,0,88,,86441,14,,,0,24,,86442,14,,,0,83,,86444,14,,,0
18500,'20263010',905,,99510,4,,,0,630,,99506,12,,,0,103,,99507,12,,,0,72,,99508,12,,,0,24,,99509,12,,,0,98,,99511,12,,,0
80202,'20262010',532,,87926,6,,,1,16,,87915,6,,,1,55,,87872,6,,,1,15,,87937,6,,,1,14,,87918,6,,,1,11,,87946,6,,,1,11,,87873,6,,,1,51,,87889,6,,,1,12,,87914,6,,,1,10,,87886,6,,,1,10,,87950,6,,,1,10,,87919,6,,,1,10,,87938,6,,,1,49,,87948,6,,,1,9,,87874,6,,,1,10,,87878,6,,,1,11,,87945,6,,,1,12,,87909,6,,,1,54,,87925,6,,,1,13,,87904,6,,,1,13,,87935,6,,,1,15,,87897,6,,,1,14,,87906,6,,,1,57,,87885,6,,,1,16,,87929,6,,,1,16,,87931,6,,,1,55,,87888,6,,,1,15,,87899,6,,,1,14,,87880,6,,,1,14,,87932,6,,,1,15,,87911,6,,,1,56,,87941,6,,,1,15,,87892,6,,,1,15,,87903,6,,,1,55,,87916,6,,,1,15,,87898,6,,,1,14,,87913,6,,,1,14,,87869,6,,,1,15,,87910,6,,,1,54,,87870,6,,,1,16,,87905,6,,,1,16,,87942,6,,,1,13,,87876,6,,,1,54,,87920,6,,,1,13,,87883,6,,,1,9,,87924,6,,,1,10,,87902,6,,,1,11,,87952,6,,,1,50,,87947,6,,,1,9,,87940,6,,,1,10,,87953,6,,,1,9,,87881,6,,,1,10,,87900,6,,,1,10,,87949,6,,,1,50,,87912,6,,,1,10,,87934,6,,,1,13,,87908,6,,,1,11,,87951,6,,,1,13,,87917,6,,,1,53,,87871,6,,,1,15,,87882,6,,,1,15,,87877,6,,,1,12,,87928,6,,,1,14,,87890,6,,,1,56,,87887,6,,,1,14,,87930,6,,,1,16,,87927,6,,,1,14,,87884,6,,,1,56,,87907,6,,,1,15,,87895,6,,,1,16,,87933,6,,,1,55,,87921,6,,,1,14,,87944,6,,,1,14,,87879,6,,,1,15,,87901,6,,,1,16,,87893,6,,,1,56,,87939,6,,,1,16,,87868,6,,,1,15,,87891,6,,,1,54,,87894,6,,,1,15,,87936,6,,,1,15,,87943,6,,,1,15,,87875,6,,,1,55,,87896,6,,,1,15,,87923,6,,,1,15,,87922,6,,,1
80202,'20262510',531,,88015,6,,,1,14,,88007,6,,,1,14,,88013,6,,,1,56,,88006,6,,,1,15,,88016,6,,,1,15,,88014,6,,,1,55,,88010,6,,,1,14,,88008,6,,,1,16,,88012,6,,,1,15,,88017,6,,,1,55,,88011,6,,,1,15,,88018,6,,,1,16,,88019,6,,,1,15,,88020,6,,,1,55,,88021,6,,,1,15,,88022,6,,,1,15,,88023,6,,,1,14,,88009,6,,,1,55,,88025,6,,,1,15,,88027,6,,,1,16,,88031,6,,,1,15,,88028,6,,,1,55,,88030,6,,,1,14,,88024,6,,,1,15,,88026,6,,,1,15,,88029,6,,,1,55,,87966,6,,,1,15,,87994,6,,,1,16,,87958,6,,,1,15,,87963,6,,,1,54,,87954,6,,,1,16,,87995,6,,,1,15,,87959,6,,,1,15,,87957,6,,,1,55,,87965,6,,,1,14,,87967,6,,,1,16,,87964,6,,,1,16,,88005,6,,,1,55,,87955,6,,,1,15,,87960,6,,,1,14,,87968,6,,,1,16,,87985,6,,,1,54,,87956,6,,,1,15,,87969,6,,,1,15,,87970,6,,,1,16,,87996,6,,,1,55,,87971,6,,,1,15,,88003,6,,,1,14,,87961,6,,,1,14,,88004,6,,,1,55,,87972,6,,,1,14,,87973,6,,,1,15,,87974,6,,,1,14,,87962,6,,,1,15,,87975,6,,,1,56,,87980,6,,,1,15,,87981,6,,,1,15,,87976,6,,,1,15,,87977,6,,,1,55,,87978,6,,,1,15,,87979,6,,,1,15,,87982,6,,,1,15,,87983,6,,,1,55,,87991,6,,,1,15,,87988,6,,,1,15,,87998,6,,,1,15,,87990,6,,,1,55,,87987,6,,,1,14,,87997,6,,,1,15,,87999,6,,,1,16,,87984,6,,,1,55,,88000,6,,,1,16,,87989,6,,,1,15,,88001,6,,,1,55,,87986,6,,,1,15,,87992,6,,,1,14,,88002,6,,,1,15,,87993,6,,,1
80202,'20262610',531,,88076,6,,,1,14,,88071,6,,,1,14,,88073,6,,,1,56,,88062,6,,,1,15,,88075,6,,,1,15,,88067,6,,,1,55,,88066,6,,,1,14,,88074,6,,,1,16,,88072,6,,,1,15,,88069,6,,,1,55,,88065,6,,,1,15,,88077,6,,,1,16,,88070,6,,,1,15,,88080,6,,,1,55,,88081,6,,,1,15,,88079,6,,,1,15,,88082,6,,,1,14,,88068,6,,,1,55,,88085,6,,,1,15,,88084,6,,,1,16,,88078,6,,,1,15,,88087,6,,,1,55,,88086,6,,,1,14,,88083,6,,,1,15,,88088,6,,,1,15,,88089,6,,,1,55,,88103,6,,,1,15,,88054,6,,,1,16,,88091,6,,,1,15,,88099,6,,,1,54,,88093,6,,,1,16,,88055,6,,,1,15,,88090,6,,,1,15,,88092,6,,,1,55,,88101,6,,,1,14,,88102,6,,,1,16,,88100,6,,,1,16,,88061,6,,,1,55,,88094,6,,,1,15,,88095,6,,,1,14,,88105,6,,,1,16,,88045,6,,,1,54,,88096,6,,,1,15,,88106,6,,,1,15,,88104,6,,,1,16,,88046,6,,,1,55,,88107,6,,,1,15,,88063,6,,,1,14,,88097,6,,,1,14,,88060,6,,,1,55,,88108,6,,,1,14,,88109,6,,,1,15,,88039,6,,,1,14,,88098,6,,,1,15,,88036,6,,,1,56,,88041,6,,,1,15,,88032,6,,,1,15,,88034,6,,,1,15,,88035,6,,,1,55,,88037,6,,,1,15,,88038,6,,,1,15,,88040,6,,,1,15,,88042,6,,,1,55,,88047,6,,,1,15,,88043,6,,,1,15,,88057,6,,,1,15,,88050,6,,,1,55,,88052,6,,,1,14,,88056,6,,,1,15,,88058,6,,,1,16,,88033,6,,,1,55,,88048,6,,,1,16,,88051,6,,,1,15,,88059,6,,,1,55,,88044,6,,,1,15,,88049,6,,,1,14,,88064,6,,,1,15,,88053,6,,,1
80202,'20263010',538,,101755,6,,,1,15,,101819,6,,,1,53,,101747,6,,,1,10,,101768,6,,,1,9,,101756,6,,,1,10,,101835,6,,,1,10,,101820,6,,,1,9,,101748,6,,,1,50,,101793,6,,,1,11,,101812,6,,,1,9,,101830,6,,,1,10,,101781,6,,,1,10,,101757,6,,,1,10,,101821,6,,,1,50,,101773,6,,,1,11,,101828,6,,,1,10,,101749,6,,,1,9,,101794,6,,,1,11,,101813,6,,,1,10,,101758,6,,,1,53,,101806,6,,,1,15,,101822,6,,,1,15,,101774,6,,,1,14,,101795,6,,,1,55,,101814,6,,,1,15,,101782,6,,,1,15,,101807,6,,,1,15,,101775,6,,,1,54,,101796,6,,,1,15,,101815,6,,,1,15,,101783,6,,,1,14,,101759,6,,,1,55,,101823,6,,,1,15,,101750,6,,,1,16,,101797,6,,,1,15,,101816,6,,,1,55,,101760,6,,,1,15,,101808,6,,,1,15,,101824,6,,,1,15,,101751,6,,,1,55,,101784,6,,,1,15,,101761,6,,,1,14,,101809,6,,,1,15,,101776,6,,,1,53,,101798,6,,,1,9,,101817,6,,,1,10,,101833,6,,,1,10,,101785,6,,,1,10,,101762,6,,,1,10,,101829,6,,,1,50,,101810,6,,,1,9,,101825,6,,,1,10,,101777,6,,,1,10,,101752,6,,,1,9,,101799,6,,,1,11,,101801,6,,,1,51,,101818,6,,,1,11,,101786,6,,,1,10,,101763,6,,,1,12,,101811,6,,,1,10,,101834,6,,,1,9,,101826,6,,,1,51,,101778,6,,,1,13,,101800,6,,,1,15,,101787,6,,,1,15,,101764,6,,,1,55,,101802,6,,,1,15,,101788,6,,,1,16,,101765,6,,,1,15,,101769,6,,,1,56,,101779,6,,,1,16,,101803,6,,,1,15,,101789,6,,,1,15,,101766,6,,,1,55,,101827,6,,,1,14,,101770,6,,,1,15,,101780,6,,,1,15,,101804,6,,,1,55,,101790,6,,,1,15,,101771,6,,,1,15,,101753,6,,,1,15,,101805,6,,,1,55,,101791,6,,,1,15,,101767,6,,,1,15,,101772,6,,,1,15,,101754,6,,,1,55,,101792,6,,,1,15,,101832,6,,,1,15,,101831,6,,,1
80202,'20263510',530,,101897,6,,,1,15,,101889,6,,,1,14,,101895,6,,,1,56,,101888,6,,,1,15,,101898,6,,,1,15,,101896,6,,,1,55,,101892,6,,,1,14,,101890,6,,,1,16,,101894,6,,,1,15,,101899,6,,,1,56,,101893,6,,,1,16,,101900,6,,,1,15,,101901,6,,,1,14,,101902,6,,,1,55,,101903,6,,,1,15,,101904,6,,,1,16,,101905,6,,,1,15,,101891,6,,,1,55,,101907,6,,,1,15,,101909,6,,,1,16,,101913,6,,,1,15,,101910,6,,,1,55,,101912,6,,,1,14,,101906,6,,,1,15,,101908,6,,,1,15,,101911,6,,,1,55,,101848,6,,,1,15,,101876,6,,,1,14,,101840,6,,,1,16,,101845,6,,,1,53,,101836,6,,,1,18,,101877,6,,,1,14,,101841,6,,,1,17,,101839,6,,,1,54,,101847,6,,,1,14,,101849,6,,,1,16,,101846,6,,,1,16,,101887,6,,,1,55,,101837,6,,,1,16,,101842,6,,,1,13,,101850,6,,,1,15,,101867,6,,,1,53,,101838,6,,,1,16,,101851,6,,,1,14,,101852,6,,,1,16,,101878,6,,,1,56,,101853,6,,,1,17,,101885,6,,,1,14,,101843,6,,,1,13,,101886,6,,,1,55,,101854,6,,,1,14,,101855,6,,,1,14,,101856,6,,,1,14,,101844,6,,,1,56,,101857,6,,,1,15,,101862,6,,,1,15,,101863,6,,,1,14,,101858,6,,,1,14,,101859,6,,,1,55,,101860,6,,,1,15,,101861,6,,,1,15,,101864,6,,,1,15,,101865,6,,,1,55,,101873,6,,,1,14,,101870,6,,,1,16,,101880,6,,,1,15,,101872,6,,,1,55,,101869,6,,,1,14,,101879,6,,,1,15,,101881,6,,,1,16,,101866,6,,,1,55,,101882,6,,,1,17,,101871,6,,,1,14,,101883,6,,,1,15,,101868,6,,,1,55,,101874,6,,,1,14,,101884,6,,,1,15,,101875,6,,,1
80202,'20263511',530,,101975,6,,,1,15,,101967,6,,,1,14,,101973,6,,,1,56,,101966,6,,,1,15,,101976,6,,,1,15,,101974,6,,,1,55,,101970,6,,,1,14,,101968,6,,,1,16,,101972,6,,,1,15,,101977,6,,,1,56,,101971,6,,,1,16,,101978,6,,,1,15,,101979,6,,,1,14,,101980,6,,,1,55,,101981,6,,,1,15,,101982,6,,,1,16,,101983,6,,,1,15,,101969,6,,,1,55,,101985,6,,,1,15,,101987,6,,,1,16,,101991,6,,,1,15,,101988,6,,,1,55,,101990,6,,,1,14,,101984,6,,,1,15,,101986,6,,,1,15,,101989,6,,,1,55,,101926,6,,,1,15,,101954,6,,,1,14,,101918,6,,,1,16,,101923,6,,,1,53,,101914,6,,,1,18,,101955,6,,,1,14,,101919,6,,,1,17,,101917,6,,,1,54,,101925,6,,,1,14,,101927,6,,,1,16,,101924,6,,,1,16,,101965,6,,,1,55,,101915,6,,,1,16,,101920,6,,,1,13,,101928,6,,,1,15,,101945,6,,,1,53,,101916,6,,,1,16,,101929,6,,,1,14,,101930,6,,,1,16,,101956,6,,,1,56,,101931,6,,,1,17,,101963,6,,,1,14,,101921,6,,,1,13,,101964,6,,,1,55,,101932,6,,,1,14,,101933,6,,,1,14,,101934,6,,,1,14,,101922,6,,,1,56,,101935,6,,,1,15,,101940,6,,,1,15,,101941,6,,,1,14,,101936,6,,,1,14,,101937,6,,,1,55,,101938,6,,,1,15,,101939,6,,,1,15,,101942,6,,,1,15,,101943,6,,,1,55,,101951,6,,,1,14,,101948,6,,,1,16,,101958,6,,,1,15,,101950,6,,,1,55,,101947,6,,,1,14,,101957,6,,,1,15,,101959,6,,,1,16,,101944,6,,,1,55,,101960,6,,,1,17,,101949,6,,,1,14,,101961,6,,,1,15,,101946,6,,,1,55,,101952,6,,,1,14,,101962,6,,,1,15,,101953,6,,,1
80202,'20263610',530,,102062,6,,,1,15,,102067,6,,,1,14,,102059,6,,,1,56,,102068,6,,,1,15,,102057,6,,,1,15,,102058,6,,,1,55,,102063,6,,,1,14,,102064,6,,,1,16,,102069,6,,,1,15,,102056,6,,,1,56,,102065,6,,,1,16,,102055,6,,,1,15,,102051,6,,,1,14,,102054,6,,,1,55,,102053,6,,,1,15,,102060,6,,,1,16,,102052,6,,,1,15,,102066,6,,,1,55,,102050,6,,,1,15,,102049,6,,,1,16,,102045,6,,,1,15,,102048,6,,,1,55,,102044,6,,,1,14,,102061,6,,,1,15,,102047,6,,,1,15,,102046,6,,,1,55,,102024,6,,,1,15,,101995,6,,,1,14,,102041,6,,,1,16,,102043,6,,,1,53,,102035,6,,,1,18,,101998,6,,,1,14,,102034,6,,,1,17,,102042,6,,,1,54,,102036,6,,,1,14,,102025,6,,,1,16,,102032,6,,,1,16,,102001,6,,,1,55,,102039,6,,,1,16,,102038,6,,,1,13,,102029,6,,,1,15,,102012,6,,,1,53,,102040,6,,,1,16,,102023,6,,,1,14,,102028,6,,,1,16,,101994,6,,,1,56,,102031,6,,,1,17,,102003,6,,,1,14,,102037,6,,,1,13,,102002,6,,,1,55,,102027,6,,,1,14,,102022,6,,,1,14,,102026,6,,,1,14,,102033,6,,,1,56,,102030,6,,,1,15,,102019,6,,,1,15,,102013,6,,,1,14,,102021,6,,,1,14,,102017,6,,,1,55,,102018,6,,,1,15,,102020,6,,,1,15,,102008,6,,,1,15,,102011,6,,,1,55,,102014,6,,,1,14,,102010,6,,,1,16,,101996,6,,,1,15,,102005,6,,,1,55,,102006,6,,,1,14,,101999,6,,,1,15,,101993,6,,,1,16,,102016,6,,,1,55,,101997,6,,,1,17,,102009,6,,,1,14,,101992,6,,,1,15,,102015,6,,,1,55,,102007,6,,,1,14,,102000,6,,,1,15,,102004,6,,,1
80202,'20263611',530,,102140,6,,,1,15,,102145,6,,,1,14,,102137,6,,,1,56,,102146,6,,,1,15,,102135,6,,,1,15,,102136,6,,,1,55,,102141,6,,,1,14,,102142,6,,,1,16,,102147,6,,,1,15,,102134,6,,,1,56,,102143,6,,,1,16,,102133,6,,,1,15,,102129,6,,,1,14,,102132,6,,,1,55,,102131,6,,,1,15,,102138,6,,,1,16,,102130,6,,,1,15,,102144,6,,,1,55,,102128,6,,,1,15,,102127,6,,,1,16,,102123,6,,,1,15,,102126,6,,,1,55,,102122,6,,,1,14,,102139,6,,,1,15,,102125,6,,,1,15,,102124,6,,,1,55,,102102,6,,,1,15,,102073,6,,,1,14,,102119,6,,,1,16,,102121,6,,,1,53,,102113,6,,,1,18,,102076,6,,,1,14,,102112,6,,,1,17,,102120,6,,,1,54,,102114,6,,,1,14,,102103,6,,,1,16,,102110,6,,,1,16,,102079,6,,,1,55,,102117,6,,,1,16,,102116,6,,,1,13,,102107,6,,,1,15,,102090,6,,,1,53,,102118,6,,,1,16,,102101,6,,,1,14,,102106,6,,,1,16,,102072,6,,,1,56,,102109,6,,,1,17,,102081,6,,,1,14,,102115,6,,,1,13,,102080,6,,,1,55,,102105,6,,,1,14,,102100,6,,,1,14,,102104,6,,,1,14,,102111,6,,,1,56,,102108,6,,,1,15,,102097,6,,,1,15,,102091,6,,,1,14,,102099,6,,,1,14,,102095,6,,,1,55,,102096,6,,,1,15,,102098,6,,,1,15,,102086,6,,,1,15,,102089,6,,,1,55,,102092,6,,,1,14,,102088,6,,,1,16,,102074,6,,,1,15,,102083,6,,,1,55,,102084,6,,,1,14,,102077,6,,,1,15,,102071,6,,,1,16,,102094,6,,,1,55,,102075,6,,,1,17,,102087,6,,,1,14,,102070,6,,,1,15,,102093,6,,,1,55,,102085,6,,,1,14,,102078,6,,,1,15,,102082,6,,,1
