5102,'20262010',640,,83224,15,,,0,105,,83225,15,,,0,95,,83226,15,,,0,100,,83227,15,,,0,101,,83228,15,,,0,99,,83229,15,,,0,99,,83230,15,,,0,100,,83231,15,,,0,99,,83232,15,,,0,101,,83238,15,,,0,104,,83239,15,,,0,96,,83240,15,,,0,100,,83233,15,,,0,100,,83234,15,,,0,100,,83235,15,,,0,101,,83236,15,,,0,100,,83237,15,,,0,100,,83241,15,,,0
5102,'20262510',743,,83242,15,,,0,100,,83243,15,,,0,100,,83244,15,,,0,100,,83245,15,,,0,100,,83246,15,,,0,100,,83247,15,,,0,101,,83248,15,,,0,100,,83249,15,,,0,100,,83250,15,,,0,104,,83251,15,,,0,104,,83252,15,,,0,90,,83253,15,,,0,101,,83254,15,,,0,100,,83255,15,,,0,100,,83256,15,,,0,100,,83257,15,,,0,100,,83258,15,,,0
5102,'20262610',743,,83275,15,,,0,100,,83274,15,,,0,100,,83259,15,,,0,100,,83260,15,,,0,100,,83261,15,,,0,100,,83262,15,,,0,101,,83263,15,,,0,100,,83264,15,,,0,100,,83265,15,,,0,104,,83266,15,,,0,104,,83267,15,,,0,90,,83268,15,,,0,101,,83269,15,,,0,100,,83270,15,,,0,100,,83271,15,,,0,100,,83272,15,,,0,100,,83273,15,,,0
5102,'20263010',639,,94029,15,,,0,102,,94030,15,,,0,98,,94031,15,,,0,101,,94032,15,,,0,101,,94033,15,,,0,99,,94034,15,,,0,99,,94035,15,,,0,100,,94036,15,,,0,99,,94037,15,,,0,101,,94043,15,,,0,101,,94044,15,,,0,98,,94045,15,,,0,99,,94038,15,,,0,101,,94039,15,,,0,100,,94040,15,,,0,101,,94041,15,,,0,100,,94042,15,,,0,100,,94046,15,,,0
5102,'20263510',743,,94047,15,,,0,100,,94048,15,,,0,100,,94049,15,,,0,100,,94050,15,,,0,100,,94051,15,,,0,105,,94052,15,,,0,100,,94053,15,,,0,100,,94054,15,,,0,96,,94055,15,,,0,105,,94056,15,,,0,95,,94057,15,,,0,94,,94058,15,,,0,101,,94059,15,,,0,100,,94060,15,,,0,100,,94061,15,,,0,100,,94062,15,,,0,100,,94063,15,,,0
5102,'20263511',743,,94064,15,,,0,100,,94065,15,,,0,100,,94066,15,,,0,100,,94067,15,,,0,100,,94068,15,,,0,105,,94069,15,,,0,100,,94070,15,,,0,100,,94071,15,,,0,96,,94072,15,,,0,105,,94073,15,,,0,95,,94074,15,,,0,94,,94075,15,,,0,101,,94076,15,,,0,100,,94077,15,,,0,100,,94078,15,,,0,100,,94079,15,,,0,100,,94080,15,,,0
5102,'20263610',743,,94087,15,,,0,100,,94081,15,,,0,100,,94086,15,,,0,100,,94092,15,,,0,100,,94088,15,,,0,105,,94089,15,,,0,100,,94083,15,,,0,100,,94090,15,,,0,96,,94095,15,,,0,105,,94093,15,,,0,95,,94094,15,,,0,94,,94091,15,,,0,101,,94096,15,,,0,100,,94084,15,,,0,100,,94082,15,,,0,100,,94085,15,,,0,100,,94097,15,,,0
5102,'20263611',743,,94104,15,,,0,100,,94098,15,,,0,100,,94103,15,,,0,100,,94109,15,,,0,100,,94105,15,,,0,105,,94106,15,,,0,100,,94100,15,,,0,100,,94107,15,,,0,96,,94112,15,,,0,105,,94110,15,,,0,95,,94111,15,,,0,94,,94108,15,,,0,101,,94113,15,,,0,100,,94101,15,,,0,100,,94099,15,,,0,100,,94102,15,,,0,100,,94114,15,,,0
25100,'20262010',1556,,86504,14,4,,0,70,,86505,14,4,,0,29,,86506,14,4,,0,70,,86507,14,4,,0
25100,'20263010',1558,,99572,14,4,,0,69,,99573,14,4,,0,73,,99574,14,4,,0,27,,99575,14,4,,0
