9403,'20262010',706,,72384,17,,,0,104,,72385,17,,,0,97,,72386,17,,,0,100,,72387,17,,,0,100,,72388,17,,,0,100,,72389,17,,,0,100,,72390,17,,,0,100,,72391,17,,,0,99,,72392,17,,,0,31,,72393,17,,,0,65,,72394,17,,,0,30,,72380,17,,,0,80,,72381,17,,,0,30,,72399,17,,,0,65,,72398,17,,,0,99,,72382,17,,,0,101,,72383,17,,,0,100,,72395,17,,,0,101,,72396,17,,,0,100,,72397,17,,,0
9403,'20262011',706,,72404,17,,,0,104,,72405,17,,,0,97,,72406,17,,,0,100,,72407,17,,,0,100,,72408,17,,,0,100,,72409,17,,,0,100,,72410,17,,,0,100,,72411,17,,,0,99,,72412,17,,,0,31,,72413,17,,,0,65,,72414,17,,,0,30,,72400,17,,,0,80,,72401,17,,,0,30,,72419,17,,,0,65,,72418,17,,,0,99,,72402,17,,,0,101,,72403,17,,,0,100,,72415,17,,,0,101,,72416,17,,,0,100,,72417,17,,,0
9403,'20262510',710,,72420,17,,,0,100,,72421,17,,,0,100,,72422,17,,,0,100,,72423,17,,,0,100,,72424,17,,,0,99,,72425,17,,,0,100,,72426,17,,,0,100,,72427,17,,,0,97,,72428,17,,,0,99,,72429,17,,,0,105,,72430,17,,,0,100,,72431,17,,,0,100,,72432,17,,,0,100,,72433,17,,,0,100,,72434,17,,,0,100,,72435,17,,,0,100,,72436,17,,,0
9403,'20262511',710,,72437,17,,,0,100,,72438,17,,,0,100,,72439,17,,,0,100,,72440,17,,,0,100,,72441,17,,,0,99,,72442,17,,,0,100,,72443,17,,,0,100,,72444,17,,,0,97,,72445,17,,,0,99,,72446,17,,,0,105,,72447,17,,,0,100,,72448,17,,,0,100,,72449,17,,,0,100,,72450,17,,,0,100,,72451,17,,,0,100,,72452,17,,,0,100,,72453,17,,,0
9403,'20262610',710,,72454,17,,,0,100,,72455,17,,,0,100,,72456,17,,,0,100,,72457,17,,,0,100,,72458,17,,,0,99,,72459,17,,,0,100,,72460,17,,,0,100,,72461,17,,,0,97,,72462,17,,,0,99,,72463,17,,,0,105,,72464,17,,,0,100,,72465,17,,,0,100,,72466,17,,,0,100,,72467,17,,,0,100,,72468,17,,,0,100,,72469,17,,,0,100,,72470,17,,,0
9403,'20262611',710,,72471,17,,,0,100,,72472,17,,,0,100,,72473,17,,,0,100,,72474,17,,,0,100,,72475,17,,,0,99,,72476,17,,,0,100,,72477,17,,,0,100,,72478,17,,,0,97,,72479,17,,,0,99,,72480,17,,,0,105,,72481,17,,,0,100,,72482,17,,,0,100,,72483,17,,,0,100,,72484,17,,,0,100,,72485,17,,,0,100,,72486,17,,,0,100,,72487,17,,,0
9601,'20262010',615,,72590,23,,,0,94,,72591,23,,,0,42,,72592,23,,,0,65,,72593,23,,,0,99,,72608,23,,,0,99,,72594,23,,,0,101,,72595,23,,,0,100,,72596,23,,,0,101,,72597,23,,,0,100,,72598,23,,,0,100,,72599,23,,,0,99,,72600,23,,,0,104,,72601,23,,,0,98,,72602,23,,,0,98,,72603,23,,,0,99,,72604,23,,,0,100,,72605,23,,,0,100,,72606,23,,,0,100,,72607,23,,,0
9601,'20262011',615,,72609,23,,,0,94,,72610,23,,,0,42,,72611,23,,,0,65,,72612,23,,,0,99,,72627,23,,,0,99,,72613,23,,,0,101,,72614,23,,,0,100,,72615,23,,,0,101,,72616,23,,,0,100,,72617,23,,,0,100,,72618,23,,,0,99,,72619,23,,,0,104,,72620,23,,,0,98,,72621,23,,,0,98,,72622,23,,,0,99,,72623,23,,,0,100,,72624,23,,,0,100,,72625,23,,,0,100,,72626,23,,,0
9601,'20262510',743,,72628,23,,,0,100,,72629,23,,,0,100,,72630,23,,,0,100,,72631,23,,,0,107,,72632,23,,,0,95,,72633,23,,,0,96,,72634,23,,,0,109,,72635,23,,,0,98,,72636,23,,,0,100,,72637,23,,,0,105,,72638,23,,,0,92,,72639,23,,,0,98,,72640,23,,,0,101,,72641,23,,,0,99,,72642,23,,,0,100,,72643,23,,,0
9601,'20262511',743,,72644,23,,,0,100,,72645,23,,,0,100,,72646,23,,,0,100,,72647,23,,,0,107,,72648,23,,,0,95,,72649,23,,,0,96,,72650,23,,,0,109,,72651,23,,,0,98,,72652,23,,,0,100,,72653,23,,,0,105,,72654,23,,,0,92,,72655,23,,,0,98,,72656,23,,,0,101,,72657,23,,,0,99,,72658,23,,,0,100,,72659,23,,,0
9601,'20262610',743,,72660,23,,,0,100,,72661,23,,,0,100,,72662,23,,,0,100,,72663,23,,,0,107,,72664,23,,,0,95,,72665,23,,,0,96,,72666,23,,,0,109,,72667,23,,,0,98,,72668,23,,,0,100,,72669,23,,,0,105,,72670,23,,,0,92,,72671,23,,,0,98,,72672,23,,,0,101,,72673,23,,,0,99,,72674,23,,,0,100,,72675,23,,,0
9601,'20262611',743,,72676,23,,,0,100,,72677,23,,,0,100,,72678,23,,,0,100,,72679,23,,,0,107,,72680,23,,,0,95,,72681,23,,,0,96,,72682,23,,,0,109,,72683,23,,,0,98,,72684,23,,,0,100,,72685,23,,,0,105,,72686,23,,,0,92,,72687,23,,,0,98,,72688,23,,,0,101,,72689,23,,,0,99,,72690,23,,,0,100,,72691,23,,,0
29403,'20262010',1616,,73234,24,4,,0,103,,73235,24,4,,0,24,,73236,24,4,,0
29403,'20262011',1616,,73237,24,4,,0,103,,73238,24,4,,0,24,,73239,24,4,,0
99103,'20262010',2615,,81272,50,,,0,130,,81273,50,,,0
99103,'20262011',2615,,81274,50,,,0,130,,81275,50,,,0
99103,'20262510',2615,,81276,50,,,0,130,,81277,50,,,0
99103,'20262511',2615,,81278,50,,,0,130,,81279,50,,,0
