3601,'20262010',615,,83064,31,0,16 17,0,30,,83065,31,0,16 17,0,67,,83066,31,0,16 17,0,29,,83067,31,0,16 17,0,71,,83068,31,0,16 17,0,103,,83069,31,0,16 17,0,100,,83070,31,0,16 17,0,100,,83071,31,0,16 17,0,99,,83072,31,0,16 17,0,100,,83073,31,0,16 17,0,101,,83074,31,0,16 17,0,98,,83075,31,0,16 17,0,99,,83076,31,0,16 17,0,101,,83077,31,0,16 17,0,101,,83078,31,0,16 17,0,102,,83079,31,0,16 17,0,100,,83080,31,0,16 17,0,100,,83081,31,0,16 17,0,100,,83083,31,0,16 17,0,100,,83082,31,0,16 17,0
3601,'20262510',617,,83101,31,0,16 17,0,98,,83084,31,0,16 17,0,100,,83085,31,0,16 17,0,100,,83086,31,0,16 17,0,99,,83087,31,0,16 17,0,99,,83088,31,0,16 17,0,100,,83089,31,0,16 17,0,100,,83090,31,0,16 17,0,100,,83091,31,0,16 17,0,101,,83092,31,0,16 17,0,100,,83093,31,0,16 17,0,101,,83094,31,0,16 17,0,100,,83095,31,0,16 17,0,100,,83096,31,0,16 17,0,100,,83100,31,0,16 17,0,102,,83097,31,0,16 17,0,100,,83099,31,0,16 17,0,100,,83098,31,0,16 17,0
3601,'20262610',617,,83119,31,0,16 17,0,98,,83112,31,0,16 17,0,100,,83117,31,0,16 17,0,100,,83111,31,0,16 17,0,99,,83110,31,0,16 17,0,99,,83109,31,0,16 17,0,100,,83108,31,0,16 17,0,100,,83107,31,0,16 17,0,100,,83106,31,0,16 17,0,101,,83105,31,0,16 17,0,100,,83104,31,0,16 17,0,101,,83103,31,0,16 17,0,100,,83102,31,0,16 17,0,100,,83116,31,0,16 17,0,100,,83118,31,0,16 17,0,102,,83115,31,0,16 17,0,100,,83114,31,0,16 17,0,100,,83113,31,0,16 17,0
3601,'20263010',615,,93754,30,0,5 6,0,30,,93755,30,0,5 6,0,67,,93756,30,0,5 6,0,29,,93757,30,0,5 6,0,70,,93758,30,0,5 6,0,103,,93759,30,0,5 6,0,100,,93760,30,0,5 6,0,100,,93761,30,0,5 6,0,100,,93762,30,0,5 6,0,100,,93763,30,0,5 6,0,100,,93764,30,0,5 6,0,99,,93765,30,0,5 6,0,97,,93766,30,0,5 6,0,102,,93767,30,0,5 6,0,101,,93768,30,0,5 6,0,101,,93769,30,0,5 6,0,102,,93770,30,0,5 6,0,100,,93771,30,0,5 6,0,100,,93773,30,0,5 6,0,100,,93772,30,0,5 6,0
3601,'20263510',619,,93791,30,0,5 6,0,98,,93774,30,0,5 6,0,100,,93775,30,0,5 6,0,100,,93776,30,0,5 6,0,99,,93777,30,0,5 6,0,99,,93778,30,0,5 6,0,100,,93779,30,0,5 6,0,100,,93780,30,0,5 6,0,100,,93781,30,0,5 6,0,101,,93782,30,0,5 6,0,100,,93783,30,0,5 6,0,101,,93784,30,0,5 6,0,100,,93785,30,0,5 6,0,101,,93786,30,0,5 6,0,100,,93790,30,0,5 6,0,100,,93787,30,0,5 6,0,102,,93789,30,0,5 6,0,100,,93788,30,0,5 6,0
3601,'20263511',619,,93809,30,0,5 6,0,98,,93792,30,0,5 6,0,100,,93793,30,0,5 6,0,100,,93794,30,0,5 6,0,99,,93795,30,0,5 6,0,99,,93796,30,0,5 6,0,100,,93797,30,0,5 6,0,100,,93798,30,0,5 6,0,100,,93799,30,0,5 6,0,101,,93800,30,0,5 6,0,100,,93801,30,0,5 6,0,101,,93802,30,0,5 6,0,100,,93803,30,0,5 6,0,101,,93804,30,0,5 6,0,100,,93808,30,0,5 6,0,100,,93805,30,0,5 6,0,102,,93807,30,0,5 6,0,100,,93806,30,0,5 6,0
3601,'20263610',619,,93827,30,0,5 6,0,98,,93820,30,0,5 6,0,100,,93825,30,0,5 6,0,100,,93819,30,0,5 6,0,99,,93818,30,0,5 6,0,99,,93817,30,0,5 6,0,100,,93816,30,0,5 6,0,100,,93815,30,0,5 6,0,100,,93814,30,0,5 6,0,101,,93813,30,0,5 6,0,100,,93812,30,0,5 6,0,101,,93811,30,0,5 6,0,100,,93810,30,0,5 6,0,101,,93824,30,0,5 6,0,100,,93826,30,0,5 6,0,100,,93823,30,0,5 6,0,102,,93822,30,0,5 6,0,100,,93821,30,0,5 6,0
3601,'20263611',619,,93845,30,0,5 6,0,98,,93838,30,0,5 6,0,100,,93843,30,0,5 6,0,100,,93837,30,0,5 6,0,99,,93836,30,0,5 6,0,99,,93835,30,0,5 6,0,100,,93834,30,0,5 6,0,100,,93833,30,0,5 6,0,100,,93832,30,0,5 6,0,101,,93831,30,0,5 6,0,100,,93830,30,0,5 6,0,101,,93829,30,0,5 6,0,100,,93828,30,0,5 6,0,101,,93842,30,0,5 6,0,100,,93844,30,0,5 6,0,100,,93841,30,0,5 6,0,102,,93840,30,0,5 6,0,100,,93839,30,0,5 6,0
23601,'20262010',637,,86471,30,,,0,10,,86472,30,,,0,72,,86475,30,,,0,29,,86473,30,,,0,71,,86474,30,,,0
23601,'20263010',634,,99531,30,,,0,12,,99532,30,,,0,65,,99535,30,,,0,23,,99533,30,,,0,83,,99534,30,,,0
33601,'20263010',653,,99792,30,,,0,59,,99793,30,,,0
53601,'20262010',650,,86773,30,,,0,67,,86774,30,,,0
53601,'20263010',648,,100003,30,,,0,65,,100004,30,,,0
