300,'20262010',639,,81469,58,,,0,101,,81470,58,,,0,99,,81471,58,,,0,100,,81472,58,,,0,100,,81473,58,,,0,100,,81474,58,,,0,100,,81475,58,,,0,100,,81476,58,,,0,100,,81477,58,,,0,101,,81478,58,,,0,70,,81479,58,,,0,30,,81480,58,,,0,70,,81481,58,,,0,29,,81482,58,,,0,70,,81483,58,,,0,30,,81484,58,,,0,99,,81485,58,,,0,100,,81486,58,,,0,100,,81487,58,,,0,100,,81488,58,,,0,100,,81489,58,,,0
300,'20262510',739,,81509,58,,,0,100,,81510,58,,,0,100,,81511,58,,,0,100,,81512,58,,,0,100,,81513,58,,,0,100,,81514,58,,,0,100,,81515,58,,,0,100,,81516,58,,,0,100,,81517,58,,,0,100,,81518,58,,,0,100,,81519,58,,,0,100,,81520,58,,,0,100,,81521,58,,,0,100,,81522,58,,,0,100,,81523,58,,,0,100,,81524,58,,,0,100,,81525,58,,,0,100,,81526,58,,,0
300,'20262610',739,,81546,58,,,0,100,,81547,58,,,0,100,,81548,58,,,0,100,,81549,58,,,0,100,,81550,58,,,0,100,,81551,58,,,0,100,,81552,58,,,0,100,,81553,58,,,0,100,,81554,58,,,0,100,,81555,58,,,0,100,,81556,58,,,0,100,,81557,58,,,0,100,,81558,58,,,0,100,,81559,58,,,0,100,,81560,58,,,0,100,,81561,58,,,0,100,,81562,58,,,0,100,,81563,58,,,0
300,'20263010',640,,90784,53,,,0,100,,90785,53,,,0,100,,90786,53,,,0,100,,90787,53,,,0,100,,90788,53,,,0,100,,90789,53,,,0,100,,90790,53,,,0,100,,90791,53,,,0,100,,90792,53,,,0,100,,90793,53,,,0,71,,90794,53,,,0,30,,90795,53,,,0,69,,90796,53,,,0,30,,90797,53,,,0,70,,90798,53,,,0,30,,90799,53,,,0,100,,90800,53,,,0,99,,90801,53,,,0,100,,90802,53,,,0,100,,90803,53,,,0,100,,90804,53,,,0
300,'20263510',739,,90826,53,,,0,100,,90827,53,,,0,100,,90828,53,,,0,100,,90829,53,,,0,100,,90830,53,,,0,100,,90831,53,,,0,100,,90832,53,,,0,100,,90833,53,,,0,100,,90834,53,,,0,100,,90835,53,,,0,100,,90836,53,,,0,100,,90837,53,,,0,100,,90838,53,,,0,100,,90839,53,,,0,100,,90840,53,,,0,100,,90841,53,,,0,100,,90842,53,,,0,100,,90843,53,,,0
300,'20263511',739,,90863,53,,,0,100,,90864,53,,,0,100,,90865,53,,,0,100,,90866,53,,,0,100,,90867,53,,,0,100,,90868,53,,,0,100,,90869,53,,,0,100,,90870,53,,,0,100,,90871,53,,,0,100,,90872,53,,,0,100,,90873,53,,,0,100,,90874,53,,,0,100,,90875,53,,,0,100,,90876,53,,,0,100,,90877,53,,,0,100,,90878,53,,,0,100,,90879,53,,,0,100,,90880,53,,,0
300,'20263610',739,,90900,53,,,0,100,,90901,53,,,0,100,,90902,53,,,0,100,,90903,53,,,0,100,,90904,53,,,0,100,,90905,53,,,0,100,,90906,53,,,0,100,,90907,53,,,0,100,,90908,53,,,0,100,,90909,53,,,0,100,,90910,53,,,0,100,,90911,53,,,0,100,,90912,53,,,0,100,,90913,53,,,0,100,,90914,53,,,0,100,,90915,53,,,0,100,,90916,53,,,0,100,,90917,53,,,0
300,'20263611',739,,90937,53,,,0,100,,90938,53,,,0,100,,90939,53,,,0,100,,90940,53,,,0,100,,90941,53,,,0,100,,90942,53,,,0,100,,90943,53,,,0,100,,90944,53,,,0,100,,90945,53,,,0,100,,90946,53,,,0,100,,90947,53,,,0,100,,90948,53,,,0,100,,90949,53,,,0,100,,90950,53,,,0,100,,90951,53,,,0,100,,90952,53,,,0,100,,90953,53,,,0,100,,90954,53,,,0
23700,'20263010',1547,,99536,9,4,,0,56,,99537,9,4,,0,17,,99538,9,4,,0,18,,99539,9,4,,0,62,,99540,9,4,,0,12,,99541,9,4,,0,22,,99542,9,4,,0,23,,99543,9,4,,0
23900,'20262010',1620,,86484,9,4,,0,33,,86485,9,4,,0,98,,86486,9,4,,0,66,,86487,9,4,,0
33700,'20263010',1237,,99794,14,4,,0,304,,99798,14,4,,0,103,,99795,14,4,,0,98,,99796,14,4,,0,104,,99797,14,4,,0
53700,'20262010',1619,,86778,12,4,,0,34,,86775,12,4,,0,66,,86777,12,4,,0,29,,86776,12,4,,0
53700,'20263010',1624,,100008,12,4,,0,34,,100005,12,4,,0,69,,100007,12,4,,0,32,,100006,12,4,,0
1008200,'20263010',814,,106136,30,,,0
