7401,'20262010',551,,69546,18,,,1,96,,69547,18,,,1,99,,69548,18,,,1,104,,69549,18,,,1,100,,69550,18,,,1,100,,69551,18,,,1,100,,69552,18,,,1,101,,69553,18,,,1,100,,69554,18,,,1,99,,69555,18,,,1,97,,69561,18,,,1,100,,69556,18,,,1,101,,69557,18,,,1,104,,69563,18,,,1,100,,69558,18,,,1,100,,69562,18,,,1,100,,69559,18,,,1,170,,69560,18,,,1
7401,'20262011',551,,69566,18,,,1,96,,69567,18,,,1,99,,69568,18,,,1,104,,69569,18,,,1,100,,69570,18,,,1,100,,69571,18,,,1,100,,69572,18,,,1,101,,69573,18,,,1,100,,69574,18,,,1,99,,69575,18,,,1,97,,69581,18,,,1,100,,69576,18,,,1,101,,69577,18,,,1,104,,69583,18,,,1,100,,69578,18,,,1,100,,69582,18,,,1,100,,69579,18,,,1,170,,69580,18,,,1
7401,'20262510',652,,69600,18,,,1,99,,69586,18,,,1,100,,69587,18,,,1,100,,69601,18,,,1,99,,69594,18,,,1,101,,69595,18,,,1,100,,69596,18,,,1,100,,69597,18,,,1,100,,69598,18,,,1,98,,69599,18,,,1,100,,69588,18,,,1,102,,69592,18,,,1,100,,69593,18,,,1,100,,69589,18,,,1,99,,69590,18,,,1,104,,69591,18,,,1,170,,69602,18,,,1
7401,'20262511',652,,69617,18,,,1,99,,69603,18,,,1,100,,69604,18,,,1,100,,69618,18,,,1,99,,69611,18,,,1,101,,69612,18,,,1,100,,69613,18,,,1,100,,69614,18,,,1,100,,69615,18,,,1,98,,69616,18,,,1,100,,69605,18,,,1,102,,69609,18,,,1,100,,69610,18,,,1,100,,69606,18,,,1,99,,69607,18,,,1,104,,69608,18,,,1,170,,69619,18,,,1
7401,'20262610',652,,69620,18,,,1,99,,69635,18,,,1,100,,69621,18,,,1,100,,69636,18,,,1,99,,69623,18,,,1,101,,69624,18,,,1,100,,69625,18,,,1,100,,69626,18,,,1,100,,69627,18,,,1,98,,69628,18,,,1,100,,69629,18,,,1,102,,69630,18,,,1,100,,69631,18,,,1,100,,69632,18,,,1,99,,69633,18,,,1,104,,69634,18,,,1,170,,69622,18,,,1
7401,'20262611',652,,69637,18,,,1,99,,69652,18,,,1,100,,69638,18,,,1,100,,69653,18,,,1,99,,69640,18,,,1,101,,69641,18,,,1,100,,69642,18,,,1,100,,69643,18,,,1,100,,69644,18,,,1,98,,69645,18,,,1,100,,69646,18,,,1,102,,69647,18,,,1,100,,69648,18,,,1,100,,69649,18,,,1,99,,69650,18,,,1,104,,69651,18,,,1,170,,69639,18,,,1
28400,'20262010',1637,,73142,43,4,,0,70,,73143,43,4,,0,30,,73144,43,4,,0,64,,73145,43,4,,0,29,,73146,43,4,,0
28400,'20262011',1637,,73147,43,4,,0,70,,73148,43,4,,0,30,,73149,43,4,,0,64,,73150,43,4,,0,29,,73151,43,4,,0
58400,'20262010',1634,,73965,37,4,,0,77,,73964,37,4,,0,90,,73966,37,4,,0
58400,'20262011',1634,,73968,37,4,,0,77,,73967,37,4,,0,90,,73969,37,4,,0
