3600,'20262010',743,,83006,50,0,7 8 9,0,70,,83027,50,0,7 8 9,0,30,,83007,50,0,7 8 9,0,99,,83008,50,0,7 8 9,0,100,,83009,50,0,7 8 9,0,101,,83010,50,0,7 8 9,0,100,,83011,50,0,7 8 9,0,100,,83012,50,0,7 8 9,0,100,,83013,50,0,7 8 9,0,101,,83014,50,0,7 8 9,0,70,,83015,50,0,7 8 9,0,30,,83016,50,0,7 8 9,0,70,,83017,50,0,7 8 9,0,29,,83018,50,0,7 8 9,0,69,,83019,50,0,7 8 9,0,30,,83021,50,0,7 8 9,0,100,,83022,50,0,7 8 9,0,100,,83023,50,0,7 8 9,0,99,,83024,50,0,7 8 9,0,99,,83025,50,0,7 8 9,0,100,,83026,50,0,7 8 9,0,100,,83020,50,0,7 8 9,0
3600,'20262510',741,,83030,50,0,7 8 9,0,100,,83031,50,0,7 8 9,0,100,,83032,50,0,7 8 9,0,101,,83033,50,0,7 8 9,0,100,,83034,50,0,7 8 9,0,100,,83035,50,0,7 8 9,0,100,,83036,50,0,7 8 9,0,100,,83037,50,0,7 8 9,0,100,,83038,50,0,7 8 9,0,100,,83039,50,0,7 8 9,0,100,,83040,50,0,7 8 9,0,100,,83041,50,0,7 8 9,0,100,,83043,50,0,7 8 9,0,100,,83028,50,0,7 8 9,0,99,,83044,50,0,7 8 9,0,100,,83029,50,0,7 8 9,0,100,,83042,50,0,7 8 9,0,100,,83045,50,0,7 8 9,0
3600,'20262610',741,,83063,50,0,7 8 9,0,100,,83061,50,0,7 8 9,0,100,,83055,50,0,7 8 9,0,101,,83058,50,0,7 8 9,0,100,,83047,50,0,7 8 9,0,100,,83046,50,0,7 8 9,0,100,,83054,50,0,7 8 9,0,100,,83053,50,0,7 8 9,0,100,,83052,50,0,7 8 9,0,100,,83051,50,0,7 8 9,0,100,,83050,50,0,7 8 9,0,100,,83049,50,0,7 8 9,0,100,,83059,50,0,7 8 9,0,100,,83048,50,0,7 8 9,0,99,,83060,50,0,7 8 9,0,100,,83057,50,0,7 8 9,0,100,,83056,50,0,7 8 9,0,100,,83062,50,0,7 8 9,0
3600,'20263010',744,,93660,48,0,10,0,70,,93681,48,0,10,0,30,,93661,48,0,10,0,99,,93662,48,0,10,0,100,,93663,48,0,10,0,100,,93664,48,0,10,0,100,,93665,48,0,10,0,100,,93666,48,0,10,0,100,,93667,48,0,10,0,101,,93668,48,0,10,0,71,,93669,48,0,10,0,30,,93670,48,0,10,0,69,,93671,48,0,10,0,29,,93672,48,0,10,0,70,,93673,48,0,10,0,30,,93675,48,0,10,0,99,,93676,48,0,10,0,100,,93677,48,0,10,0,100,,93678,48,0,10,0,99,,93679,48,0,10,0,100,,93680,48,0,10,0,100,,93674,48,0,10,0
3600,'20263510',741,,93684,48,0,10,0,100,,93685,48,0,10,0,100,,93686,48,0,10,0,101,,93687,48,0,10,0,100,,93688,48,0,10,0,100,,93689,48,0,10,0,100,,93690,48,0,10,0,100,,93691,48,0,10,0,100,,93692,48,0,10,0,100,,93693,48,0,10,0,100,,93694,48,0,10,0,99,,93695,48,0,10,0,100,,93697,48,0,10,0,100,,93682,48,0,10,0,100,,93698,48,0,10,0,100,,93683,48,0,10,0,100,,93696,48,0,10,0,99,,93699,48,0,10,0
3600,'20263511',741,,93702,48,0,10,0,100,,93703,48,0,10,0,100,,93704,48,0,10,0,101,,93705,48,0,10,0,100,,93706,48,0,10,0,100,,93707,48,0,10,0,100,,93708,48,0,10,0,100,,93709,48,0,10,0,100,,93710,48,0,10,0,100,,93711,48,0,10,0,100,,93712,48,0,10,0,99,,93713,48,0,10,0,100,,93715,48,0,10,0,100,,93700,48,0,10,0,100,,93716,48,0,10,0,100,,93701,48,0,10,0,100,,93714,48,0,10,0,99,,93717,48,0,10,0
3600,'20263610',741,,93735,48,0,10,0,100,,93733,48,0,10,0,100,,93727,48,0,10,0,101,,93730,48,0,10,0,100,,93719,48,0,10,0,100,,93718,48,0,10,0,100,,93726,48,0,10,0,100,,93725,48,0,10,0,100,,93724,48,0,10,0,100,,93723,48,0,10,0,100,,93722,48,0,10,0,99,,93721,48,0,10,0,100,,93731,48,0,10,0,100,,93720,48,0,10,0,100,,93732,48,0,10,0,100,,93729,48,0,10,0,100,,93728,48,0,10,0,99,,93734,48,0,10,0
3600,'20263611',741,,93753,48,0,10,0,100,,93751,48,0,10,0,100,,93745,48,0,10,0,101,,93748,48,0,10,0,100,,93737,48,0,10,0,100,,93736,48,0,10,0,100,,93744,48,0,10,0,100,,93743,48,0,10,0,100,,93742,48,0,10,0,100,,93741,48,0,10,0,100,,93740,48,0,10,0,99,,93739,48,0,10,0,100,,93749,48,0,10,0,100,,93738,48,0,10,0,100,,93750,48,0,10,0,100,,93747,48,0,10,0,100,,93746,48,0,10,0,99,,93752,48,0,10,0
93600,'20262010',2602,,90477,53,0,7 8 9,0
93600,'20262510',2602,,90478,53,0,7 8 9,0
93600,'20263010',2602,,106095,52,0,10,0
93600,'20263510',2602,,106096,52,0,10,0
93600,'20263511',2602,,106097,52,0,10,0
