27200,'20262010',1646,,86569,50,4,,0,71,,86570,50,4,,0,42,,86571,50,4,,0,85,,86568,50,4,,0
27200,'20263010',1647,,99640,50,4,,0,72,,99641,50,4,,0,38,,99642,50,4,,0,62,,99643,50,4,,0,23,,99639,50,4,,0
27401,'20262010',634,,86589,10,,,0,68,,86590,10,,,0,30,,86591,10,,,0,7,,86593,10,,,0,74,,86592,10,,,0
27401,'20263010',633,,99662,10,,,0,20,,99663,10,,,0,66,,99664,10,,,0,7,,99666,10,,,0,76,,99665,10,,,0
29001,'20262010',641,,86667,7,,,0,77,,86665,7,,,0,39,,86666,7,,,0,61,,86668,7,,,0
29001,'20263010',638,,99742,7,,,0,66,,99740,7,,,0,42,,99741,7,,,0,67,,99743,7,,,0
37401,'20263010',652,,99865,10,,,0,85,,99866,10,,,0,174,,99867,10,,,0
57401,'20262010',631,,86821,10,,,0,26,,86822,10,,,0,74,,86820,10,,,0
57401,'20263010',626,,100062,10,,,0,23,,100063,10,,,0,76,,100061,10,,,0
80401,'20262010',525,,89113,17,,,1,15,,89102,17,,,1,14,,89037,17,,,1,55,,89101,17,,,1,14,,89084,17,,,1,14,,89038,17,,,1,16,,89039,17,,,1,54,,89040,17,,,1,11,,89041,17,,,1,9,,89097,17,,,1,8,,89091,17,,,1,9,,89042,17,,,1,10,,89043,17,,,1,52,,89044,17,,,1,16,,89045,17,,,1,15,,89058,17,,,1,15,,89059,17,,,1,55,,89060,17,,,1,15,,89098,17,,,1,15,,89046,17,,,1,14,,89047,17,,,1,55,,89048,17,,,1,14,,89049,17,,,1,15,,89050,17,,,1,16,,89099,17,,,1,55,,89092,17,,,1,15,,89051,17,,,1,14,,89052,17,,,1,15,,89053,17,,,1,56,,89054,17,,,1,15,,89055,17,,,1,16,,89096,17,,,1,13,,89056,17,,,1,55,,89061,17,,,1,18,,89062,17,,,1,16,,89093,17,,,1,14,,89057,17,,,1,55,,89063,17,,,1,16,,89064,17,,,1,15,,89065,17,,,1,15,,89066,17,,,1,55,,89067,17,,,1,15,,89095,17,,,1,14,,89068,17,,,1,12,,89069,17,,,1,55,,89071,17,,,1,13,,89100,17,,,1,13,,89072,17,,,1,12,,89073,17,,,1,14,,89070,17,,,1,53,,89074,17,,,1,16,,89083,17,,,1,13,,89108,17,,,1,13,,89085,17,,,1,57,,89075,17,,,1,19,,89111,17,,,1,16,,89094,17,,,1,15,,89086,17,,,1,55,,89087,17,,,1,14,,89076,17,,,1,17,,89077,17,,,1,57,,89105,17,,,1,17,,89088,17,,,1,17,,89106,17,,,1,18,,89107,17,,,1,58,,89104,17,,,1,19,,89103,17,,,1,16,,89090,17,,,1,58,,89089,17,,,1,17,,89078,17,,,1,15,,89079,17,,,1,18,,89110,17,,,1,58,,89080,17,,,1,18,,89109,17,,,1,18,,89081,17,,,1,58,,89082,17,,,1,18,,89112,17,,,1
80401,'20262510',636,,89114,17,,,1,19,,89166,17,,,1,58,,89165,17,,,1,18,,89115,17,,,1,17,,89116,17,,,1,57,,89167,17,,,1,16,,89154,17,,,1,14,,89155,17,,,1,14,,89156,17,,,1,55,,89168,17,,,1,16,,89117,17,,,1,16,,89157,17,,,1,14,,89158,17,,,1,53,,89169,17,,,1,15,,89118,17,,,1,13,,89159,17,,,1,16,,89160,17,,,1,54,,89170,17,,,1,15,,89119,17,,,1,15,,89161,17,,,1,15,,89162,17,,,1,55,,89120,17,,,1,16,,89163,17,,,1,15,,89121,17,,,1,16,,89122,17,,,1,56,,89123,17,,,1,15,,89124,17,,,1,15,,89125,17,,,1,17,,89126,17,,,1,55,,89127,17,,,1,16,,89128,17,,,1,15,,89129,17,,,1,16,,89130,17,,,1,56,,89131,17,,,1,14,,89132,17,,,1,14,,89133,17,,,1,15,,89134,17,,,1,55,,89135,17,,,1,15,,89136,17,,,1,14,,89137,17,,,1,15,,89138,17,,,1,55,,89139,17,,,1,16,,89140,17,,,1,16,,89141,17,,,1,17,,89164,17,,,1,60,,89175,17,,,1,19,,89142,17,,,1,19,,89143,17,,,1,59,,89176,17,,,1,18,,89144,17,,,1,19,,89177,17,,,1,58,,89145,17,,,1,19,,89146,17,,,1,16,,89178,17,,,1,17,,89147,17,,,1,58,,89173,17,,,1,19,,89148,17,,,1,17,,89149,17,,,1,59,,89172,17,,,1,17,,89150,17,,,1,18,,89171,17,,,1,59,,89151,17,,,1,18,,89152,17,,,1,18,,89174,17,,,1,58,,89153,17,,,1
80401,'20262610',636,,89179,17,,,1,19,,89180,17,,,1,58,,89231,17,,,1,18,,89230,17,,,1,17,,89181,17,,,1,57,,89232,17,,,1,16,,89219,17,,,1,14,,89220,17,,,1,14,,89221,17,,,1,55,,89233,17,,,1,16,,89183,17,,,1,16,,89222,17,,,1,14,,89223,17,,,1,53,,89234,17,,,1,15,,89182,17,,,1,13,,89224,17,,,1,16,,89225,17,,,1,54,,89235,17,,,1,15,,89184,17,,,1,15,,89226,17,,,1,15,,89227,17,,,1,55,,89185,17,,,1,16,,89228,17,,,1,15,,89186,17,,,1,16,,89187,17,,,1,56,,89188,17,,,1,15,,89189,17,,,1,15,,89190,17,,,1,17,,89191,17,,,1,55,,89192,17,,,1,16,,89193,17,,,1,15,,89194,17,,,1,16,,89195,17,,,1,56,,89196,17,,,1,14,,89197,17,,,1,14,,89198,17,,,1,15,,89199,17,,,1,55,,89200,17,,,1,15,,89201,17,,,1,14,,89202,17,,,1,15,,89203,17,,,1,55,,89204,17,,,1,16,,89205,17,,,1,16,,89206,17,,,1,17,,89207,17,,,1,60,,89229,17,,,1,19,,89236,17,,,1,19,,89208,17,,,1,59,,89209,17,,,1,18,,89237,17,,,1,19,,89210,17,,,1,58,,89238,17,,,1,19,,89211,17,,,1,16,,89212,17,,,1,17,,89239,17,,,1,58,,89213,17,,,1,19,,89240,17,,,1,17,,89214,17,,,1,59,,89215,17,,,1,17,,89241,17,,,1,18,,89216,17,,,1,59,,89242,17,,,1,18,,89217,17,,,1,18,,89243,17,,,1,58,,89218,17,,,1
80401,'20263010',525,,103769,16,,,1,15,,103757,16,,,1,14,,103693,16,,,1,55,,103758,16,,,1,14,,103740,16,,,1,15,,103694,16,,,1,12,,103695,16,,,1,9,,103696,16,,,1,49,,103697,16,,,1,10,,103753,16,,,1,9,,103747,16,,,1,10,,103698,16,,,1,10,,103699,16,,,1,11,,103700,16,,,1,51,,103701,16,,,1,12,,103714,16,,,1,13,,103715,16,,,1,15,,103716,16,,,1,55,,103754,16,,,1,15,,103702,16,,,1,14,,103703,16,,,1,14,,103704,16,,,1,55,,103705,16,,,1,15,,103706,16,,,1,14,,103755,16,,,1,16,,103748,16,,,1,54,,103707,16,,,1,15,,103708,16,,,1,13,,103709,16,,,1,17,,103710,16,,,1,55,,103711,16,,,1,15,,103752,16,,,1,15,,103712,16,,,1,15,,103717,16,,,1,55,,103718,16,,,1,16,,103749,16,,,1,15,,103713,16,,,1,14,,103719,16,,,1,54,,103720,16,,,1,16,,103721,16,,,1,15,,103722,16,,,1,15,,103723,16,,,1,56,,103751,16,,,1,13,,103724,16,,,1,15,,103725,16,,,1,14,,103727,16,,,1,56,,103756,16,,,1,14,,103728,16,,,1,10,,103729,16,,,1,13,,103726,16,,,1,14,,103730,16,,,1,52,,103739,16,,,1,16,,103764,16,,,1,15,,103741,16,,,1,15,,103731,16,,,1,55,,103767,16,,,1,18,,103750,16,,,1,19,,103742,16,,,1,18,,103743,16,,,1,58,,103732,16,,,1,18,,103733,16,,,1,18,,103761,16,,,1,60,,103744,16,,,1,18,,103762,16,,,1,18,,103763,16,,,1,58,,103760,16,,,1,18,,103759,16,,,1,17,,103746,16,,,1,58,,103745,16,,,1,16,,103734,16,,,1,18,,103735,16,,,1,17,,103766,16,,,1,58,,103736,16,,,1,17,,103765,16,,,1,18,,103737,16,,,1,57,,103738,16,,,1,17,,103768,16,,,1,18,,103770,16,,,1
80401,'20263510',636,,103771,16,,,1,19,,103823,16,,,1,58,,103822,16,,,1,18,,103772,16,,,1,17,,103773,16,,,1,58,,103824,16,,,1,17,,103811,16,,,1,16,,103812,16,,,1,14,,103813,16,,,1,56,,103825,16,,,1,15,,103774,16,,,1,16,,103814,16,,,1,15,,103815,16,,,1,56,,103826,16,,,1,16,,103775,16,,,1,14,,103816,16,,,1,15,,103817,16,,,1,54,,103827,16,,,1,14,,103776,16,,,1,15,,103818,16,,,1,14,,103819,16,,,1,54,,103777,16,,,1,15,,103820,16,,,1,14,,103778,16,,,1,15,,103779,16,,,1,54,,103780,16,,,1,15,,103781,16,,,1,15,,103782,16,,,1,15,,103783,16,,,1,55,,103784,16,,,1,15,,103785,16,,,1,15,,103786,16,,,1,15,,103787,16,,,1,55,,103788,16,,,1,15,,103789,16,,,1,14,,103790,16,,,1,15,,103791,16,,,1,54,,103792,16,,,1,15,,103793,16,,,1,14,,103794,16,,,1,16,,103795,16,,,1,56,,103796,16,,,1,19,,103797,16,,,1,19,,103798,16,,,1,59,,103821,16,,,1,19,,103832,16,,,1,19,,103799,16,,,1,19,,103800,16,,,1,58,,103833,16,,,1,18,,103801,16,,,1,18,,103834,16,,,1,58,,103802,16,,,1,18,,103803,16,,,1,18,,103835,16,,,1,58,,103804,16,,,1,18,,103830,16,,,1,18,,103805,16,,,1,18,,103806,16,,,1,58,,103829,16,,,1,18,,103807,16,,,1,19,,103828,16,,,1,58,,103808,16,,,1,18,,103809,16,,,1,18,,103831,16,,,1,58,,103810,16,,,1
80401,'20263511',636,,103836,16,,,1,19,,103888,16,,,1,58,,103887,16,,,1,18,,103837,16,,,1,17,,103838,16,,,1,58,,103889,16,,,1,17,,103876,16,,,1,16,,103877,16,,,1,14,,103878,16,,,1,56,,103890,16,,,1,15,,103839,16,,,1,16,,103879,16,,,1,15,,103880,16,,,1,56,,103891,16,,,1,16,,103840,16,,,1,14,,103881,16,,,1,15,,103882,16,,,1,54,,103892,16,,,1,14,,103841,16,,,1,15,,103883,16,,,1,14,,103884,16,,,1,54,,103842,16,,,1,15,,103885,16,,,1,14,,103843,16,,,1,15,,103844,16,,,1,54,,103845,16,,,1,15,,103846,16,,,1,15,,103847,16,,,1,15,,103848,16,,,1,55,,103849,16,,,1,15,,103850,16,,,1,15,,103851,16,,,1,15,,103852,16,,,1,55,,103853,16,,,1,15,,103854,16,,,1,14,,103855,16,,,1,15,,103856,16,,,1,54,,103857,16,,,1,15,,103858,16,,,1,14,,103859,16,,,1,16,,103860,16,,,1,56,,103861,16,,,1,19,,103862,16,,,1,19,,103863,16,,,1,59,,103886,16,,,1,19,,103897,16,,,1,19,,103864,16,,,1,19,,103865,16,,,1,58,,103898,16,,,1,18,,103866,16,,,1,18,,103899,16,,,1,58,,103867,16,,,1,18,,103868,16,,,1,18,,103900,16,,,1,58,,103869,16,,,1,18,,103895,16,,,1,18,,103870,16,,,1,18,,103871,16,,,1,58,,103894,16,,,1,18,,103872,16,,,1,19,,103893,16,,,1,58,,103873,16,,,1,18,,103874,16,,,1,18,,103896,16,,,1,58,,103875,16,,,1
80401,'20263610',636,,103901,16,,,1,19,,103902,16,,,1,58,,103953,16,,,1,18,,103952,16,,,1,17,,103903,16,,,1,58,,103954,16,,,1,17,,103941,16,,,1,16,,103942,16,,,1,14,,103943,16,,,1,56,,103955,16,,,1,15,,103905,16,,,1,16,,103944,16,,,1,15,,103945,16,,,1,56,,103956,16,,,1,16,,103904,16,,,1,14,,103946,16,,,1,15,,103947,16,,,1,54,,103957,16,,,1,14,,103906,16,,,1,15,,103948,16,,,1,14,,103949,16,,,1,54,,103907,16,,,1,15,,103950,16,,,1,14,,103908,16,,,1,15,,103909,16,,,1,54,,103910,16,,,1,15,,103911,16,,,1,15,,103912,16,,,1,15,,103913,16,,,1,55,,103914,16,,,1,15,,103915,16,,,1,15,,103916,16,,,1,15,,103917,16,,,1,55,,103918,16,,,1,15,,103919,16,,,1,14,,103920,16,,,1,15,,103921,16,,,1,54,,103922,16,,,1,15,,103923,16,,,1,14,,103924,16,,,1,16,,103925,16,,,1,56,,103926,16,,,1,19,,103927,16,,,1,19,,103928,16,,,1,59,,103929,16,,,1,19,,103951,16,,,1,19,,103958,16,,,1,19,,103930,16,,,1,58,,103931,16,,,1,18,,103959,16,,,1,18,,103932,16,,,1,58,,103960,16,,,1,18,,103933,16,,,1,18,,103934,16,,,1,58,,103961,16,,,1,18,,103935,16,,,1,18,,103962,16,,,1,18,,103936,16,,,1,58,,103937,16,,,1,18,,103963,16,,,1,19,,103938,16,,,1,58,,103964,16,,,1,18,,103939,16,,,1,18,,103965,16,,,1,58,,103940,16,,,1
80401,'20263611',636,,103966,16,,,1,19,,103967,16,,,1,58,,104018,16,,,1,18,,104017,16,,,1,17,,103968,16,,,1,58,,104019,16,,,1,17,,104006,16,,,1,16,,104007,16,,,1,14,,104008,16,,,1,56,,104020,16,,,1,15,,103970,16,,,1,16,,104009,16,,,1,15,,104010,16,,,1,56,,104021,16,,,1,16,,103969,16,,,1,14,,104011,16,,,1,15,,104012,16,,,1,54,,104022,16,,,1,14,,103971,16,,,1,15,,104013,16,,,1,14,,104014,16,,,1,54,,103972,16,,,1,15,,104015,16,,,1,14,,103973,16,,,1,15,,103974,16,,,1,54,,103975,16,,,1,15,,103976,16,,,1,15,,103977,16,,,1,15,,103978,16,,,1,55,,103979,16,,,1,15,,103980,16,,,1,15,,103981,16,,,1,15,,103982,16,,,1,55,,103983,16,,,1,15,,103984,16,,,1,14,,103985,16,,,1,15,,103986,16,,,1,54,,103987,16,,,1,15,,103988,16,,,1,14,,103989,16,,,1,16,,103990,16,,,1,56,,103991,16,,,1,19,,103992,16,,,1,19,,103993,16,,,1,59,,103994,16,,,1,19,,104016,16,,,1,19,,104023,16,,,1,19,,103995,16,,,1,58,,103996,16,,,1,18,,104024,16,,,1,18,,103997,16,,,1,58,,104025,16,,,1,18,,103998,16,,,1,18,,103999,16,,,1,58,,104026,16,,,1,18,,104000,16,,,1,18,,104027,16,,,1,18,,104001,16,,,1,58,,104002,16,,,1,18,,104028,16,,,1,19,,104003,16,,,1,58,,104029,16,,,1,18,,104004,16,,,1,18,,104030,16,,,1,58,,104005,16,,,1
