3100,'20262010',635,,65424,7,,,0,82,,65445,7,,,0,29,,65443,7,,,0,71,,65444,7,,,0,39,,65425,7,,,0,97,,65426,7,,,0,99,,65427,7,,,0,100,,65428,7,,,0,101,,65429,7,,,0,99,,65430,7,,,0,99,,65431,7,,,0,65,,65432,7,,,0,39,,65433,7,,,0,80,,65434,7,,,0,71,,65435,7,,,0,30,,65436,7,,,0,69,,65437,7,,,0,95,,65438,7,,,0,106,,65439,7,,,0,95,,65440,7,,,0,100,,65441,7,,,0,100,,65442,7,,,0,158,,65446,7,,,0
3100,'20262011',635,,65447,7,,,0,82,,65468,7,,,0,29,,65466,7,,,0,71,,65467,7,,,0,39,,65448,7,,,0,97,,65449,7,,,0,99,,65450,7,,,0,100,,65451,7,,,0,101,,65452,7,,,0,99,,65453,7,,,0,99,,65454,7,,,0,65,,65455,7,,,0,39,,65456,7,,,0,80,,65457,7,,,0,71,,65458,7,,,0,30,,65459,7,,,0,69,,65460,7,,,0,95,,65461,7,,,0,106,,65462,7,,,0,95,,65463,7,,,0,100,,65464,7,,,0,100,,65465,7,,,0,158,,65469,7,,,0
3100,'20262510',736,,65470,7,,,0,202,,65471,7,,,0,199,,65472,7,,,0,200,,65473,7,,,0,199,,65474,7,,,0,199,,65475,7,,,0,206,,65476,7,,,0,202,,65477,7,,,0,198,,65478,7,,,0,118,,65479,7,,,0
3100,'20262511',736,,65480,7,,,0,202,,65481,7,,,0,199,,65482,7,,,0,200,,65483,7,,,0,199,,65484,7,,,0,199,,65485,7,,,0,206,,65486,7,,,0,202,,65487,7,,,0,198,,65488,7,,,0,118,,65489,7,,,0
3100,'20262610',736,,65490,7,,,0,202,,65491,7,,,0,199,,65492,7,,,0,200,,65493,7,,,0,199,,65494,7,,,0,199,,65495,7,,,0,206,,65496,7,,,0,202,,65497,7,,,0,198,,65498,7,,,0,118,,65499,7,,,0
3100,'20262611',736,,65500,7,,,0,202,,65501,7,,,0,199,,65502,7,,,0,200,,65503,7,,,0,199,,65504,7,,,0,199,,65505,7,,,0,206,,65506,7,,,0,202,,65507,7,,,0,198,,65508,7,,,0,118,,65509,7,,,0
3400,'20262010',643,,65753,7,,,0,74,,65740,7,,,0,33,,65747,7,,,0,70,,65754,7,,,0,214,,65752,7,,,0,200,,65741,7,,,0,200,,65750,7,,,0,201,,65748,7,,,0,69,,65742,7,,,0,33,,65743,7,,,0,73,,65744,7,,,0,31,,65746,7,,,0,93,,65749,7,,,0,200,,65751,7,,,0,200,,65745,7,,,0
3400,'20262011',643,,65768,7,,,0,74,,65755,7,,,0,33,,65762,7,,,0,70,,65769,7,,,0,214,,65767,7,,,0,200,,65756,7,,,0,200,,65765,7,,,0,201,,65763,7,,,0,69,,65757,7,,,0,33,,65758,7,,,0,73,,65759,7,,,0,31,,65761,7,,,0,93,,65764,7,,,0,200,,65766,7,,,0,200,,65760,7,,,0
3400,'20262510',644,,65770,7,,,0,200,,65771,7,,,0,199,,65772,7,,,0,200,,65774,7,,,0,200,,65773,7,,,0,200,,65776,7,,,0,201,,65777,7,,,0,201,,65778,7,,,0,200,,65775,7,,,0
3400,'20262511',644,,65779,7,,,0,200,,65780,7,,,0,199,,65781,7,,,0,200,,65783,7,,,0,200,,65782,7,,,0,200,,65785,7,,,0,201,,65786,7,,,0,201,,65787,7,,,0,200,,65784,7,,,0
3400,'20262610',644,,65790,7,,,0,200,,65791,7,,,0,199,,65792,7,,,0,200,,65793,7,,,0,200,,65794,7,,,0,200,,65795,7,,,0,201,,65796,7,,,0,201,,65789,7,,,0,200,,65788,7,,,0
3400,'20262611',644,,65799,7,,,0,200,,65800,7,,,0,199,,65801,7,,,0,200,,65802,7,,,0,200,,65803,7,,,0,200,,65804,7,,,0,201,,65805,7,,,0,201,,65798,7,,,0,200,,65797,7,,,0
93100,'20262010',2609,,81224,40,,,0,125,,81225,61,,,0
93100,'20262011',2609,,81226,40,,,0,125,,81227,61,,,0
93100,'20262510',2609,,81228,40,,,0,125,,81229,61,,,0
93100,'20262511',2609,,81230,40,,,0,125,,81231,61,,,0
