5302,'20262010',716,,83462,18,,,0,28,,83465,18,,,0,74,,83444,18,,,0,37,,83456,18,,,0,72,,83464,18,,,0,88,,83457,18,,,0,100,,83445,18,,,0,99,,83461,18,,,0,101,,83458,18,,,0,100,,83459,18,,,0,100,,83460,18,,,0,29,,83454,18,,,0,77,,83446,18,,,0,34,,83453,18,,,0,71,,83451,18,,,0,23,,83447,18,,,0,67,,83448,18,,,0,101,,83452,18,,,0,101,,83449,18,,,0,101,,83450,18,,,0,101,,83455,18,,,0,107,,83463,18,,,0
5302,'20262510',715,,83479,18,,,0,101,,83466,18,,,0,99,,83467,18,,,0,100,,83478,18,,,0,99,,83468,18,,,0,99,,83469,18,,,0,100,,83480,18,,,0,99,,83470,18,,,0,98,,83471,18,,,0,105,,83481,18,,,0,99,,83472,18,,,0,100,,83473,18,,,0,100,,83477,18,,,0,100,,83474,18,,,0,100,,83475,18,,,0,98,,83482,18,,,0,106,,83476,18,,,0
5302,'20262610',715,,83496,18,,,0,101,,83483,18,,,0,99,,83484,18,,,0,100,,83495,18,,,0,99,,83485,18,,,0,99,,83486,18,,,0,100,,83497,18,,,0,99,,83487,18,,,0,98,,83488,18,,,0,105,,83499,18,,,0,99,,83489,18,,,0,100,,83490,18,,,0,100,,83494,18,,,0,100,,83491,18,,,0,100,,83492,18,,,0,98,,83498,18,,,0,106,,83493,18,,,0
5302,'20263010',711,,94403,18,,,0,29,,94406,18,,,0,72,,94385,18,,,0,34,,94397,18,,,0,80,,94405,18,,,0,85,,94398,18,,,0,100,,94386,18,,,0,101,,94402,18,,,0,100,,94399,18,,,0,100,,94400,18,,,0,45,,94401,18,,,0,85,,94395,18,,,0,65,,94387,18,,,0,31,,94394,18,,,0,76,,94392,18,,,0,27,,94388,18,,,0,69,,94389,18,,,0,101,,94393,18,,,0,100,,94390,18,,,0,104,,94391,18,,,0,104,,94396,18,,,0,103,,94404,18,,,0
5302,'20263510',714,,94420,18,,,0,101,,94407,18,,,0,101,,94408,18,,,0,100,,94419,18,,,0,98,,94409,18,,,0,99,,94410,18,,,0,100,,94421,18,,,0,99,,94411,18,,,0,97,,94412,18,,,0,104,,94422,18,,,0,96,,94413,18,,,0,105,,94414,18,,,0,100,,94418,18,,,0,100,,94415,18,,,0,99,,94416,18,,,0,98,,94423,18,,,0,106,,94417,18,,,0
5302,'20263511',714,,94437,18,,,0,101,,94424,18,,,0,101,,94425,18,,,0,100,,94436,18,,,0,98,,94426,18,,,0,99,,94427,18,,,0,100,,94438,18,,,0,99,,94428,18,,,0,97,,94429,18,,,0,104,,94439,18,,,0,96,,94430,18,,,0,105,,94431,18,,,0,100,,94435,18,,,0,100,,94432,18,,,0,99,,94433,18,,,0,98,,94440,18,,,0,106,,94434,18,,,0
5302,'20263610',714,,94452,18,,,0,101,,94442,18,,,0,101,,94448,18,,,0,100,,94453,18,,,0,98,,94443,18,,,0,99,,94447,18,,,0,100,,94457,18,,,0,99,,94441,18,,,0,97,,94450,18,,,0,104,,94455,18,,,0,96,,94449,18,,,0,105,,94446,18,,,0,100,,94454,18,,,0,100,,94451,18,,,0,99,,94445,18,,,0,98,,94456,18,,,0,106,,94444,18,,,0
5302,'20263611',714,,94469,18,,,0,101,,94459,18,,,0,101,,94465,18,,,0,100,,94470,18,,,0,98,,94460,18,,,0,99,,94464,18,,,0,100,,94474,18,,,0,99,,94458,18,,,0,97,,94467,18,,,0,104,,94472,18,,,0,96,,94466,18,,,0,105,,94463,18,,,0,100,,94471,18,,,0,100,,94468,18,,,0,99,,94462,18,,,0,98,,94473,18,,,0,106,,94461,18,,,0
25300,'20262010',1600,,86511,17,4,,0,30,,86512,17,4,,0,29,,86513,17,4,,0,70,,86514,17,4,,0
25300,'20263010',1603,,99579,17,4,,0,30,,99580,17,4,,0,73,,99581,17,4,,0,29,,99582,17,4,,0
