28000,'20262010',1615,,86607,35,4,,0,32,,86606,35,4,,0,10,,86602,35,4,,0,58,,86603,35,4,,0,37,,86604,35,4,,0,70,,86605,35,4,,0
28000,'20263010',1617,,99680,35,4,,0,37,,99679,35,4,,0,49,,99675,35,4,,0,18,,99676,35,4,,0,36,,99677,35,4,,0,67,,99678,35,4,,0
28001,'20262010',627,,86608,8,,,0,74,,86609,8,,,0,26,,86610,8,,,0,17,,86613,8,,,0,14,,86611,8,,,0,48,,86612,8,,,0
28001,'20263010',619,,99681,8,,,0,32,,99682,8,,,0,60,,99683,8,,,0,19,,99686,8,,,0,17,,99684,8,,,0,8,,99685,8,,,0
38000,'20263010',1244,,99871,50,4,,0,411,,99868,50,4,,0,145,,99869,50,4,,0,102,,99870,50,4,,0
38001,'20263010',645,,99872,8,,,0,56,,99874,8,,,0,24,,99873,8,,,0,375,,99875,8,,,0
58000,'20262010',1627,,86824,48,4,,0,81,,86823,48,4,,0,94,,86825,48,4,,0
58000,'20263010',1628,,100066,48,4,,0,81,,100065,48,4,,0,19,,100064,48,4,,0,74,,100067,48,4,,0
58001,'20262010',658,,86827,8,,,0,70,,86826,8,,,0,30,,86828,8,,,0
58001,'20263010',656,,100069,8,,,0,65,,100068,8,,,0,35,,100070,8,,,0
