5302,'20262010',720,,83462,25,,,0,28,,83465,25,,,0,74,,83444,25,,,0,78,,83456,25,,,0,31,,83464,25,,,0,88,,83457,25,,,0,100,,83445,25,,,0,99,,83461,25,,,0,101,,83458,25,,,0,100,,83459,25,,,0,100,,83460,25,,,0,29,,83454,25,,,0,77,,83446,25,,,0,34,,83453,25,,,0,71,,83451,25,,,0,23,,83447,25,,,0,67,,83448,25,,,0,101,,83452,25,,,0,101,,83449,25,,,0,100,,83450,25,,,0,101,,83455,25,,,0,107,,83463,25,,,0
5302,'20262510',718,,83479,25,,,0,101,,83466,25,,,0,99,,83467,25,,,0,100,,83478,25,,,0,99,,83468,25,,,0,99,,83469,25,,,0,100,,83480,25,,,0,99,,83470,25,,,0,98,,83471,25,,,0,105,,83481,25,,,0,99,,83472,25,,,0,100,,83473,25,,,0,100,,83477,25,,,0,100,,83474,25,,,0,100,,83475,25,,,0,98,,83482,25,,,0,106,,83476,25,,,0
5302,'20262610',718,,83496,25,,,0,101,,83483,25,,,0,99,,83484,25,,,0,100,,83495,25,,,0,99,,83485,25,,,0,99,,83486,25,,,0,100,,83497,25,,,0,99,,83487,25,,,0,98,,83488,25,,,0,105,,83499,25,,,0,99,,83489,25,,,0,100,,83490,25,,,0,100,,83494,25,,,0,100,,83491,25,,,0,100,,83492,25,,,0,98,,83498,25,,,0,106,,83493,25,,,0
5302,'20263010',715,,94403,25,,,0,29,,94406,25,,,0,72,,94385,25,,,0,34,,94397,25,,,0,79,,94405,25,,,0,85,,94398,25,,,0,100,,94386,25,,,0,101,,94402,25,,,0,100,,94399,25,,,0,100,,94400,25,,,0,86,,94401,25,,,0,45,,94395,25,,,0,65,,94387,25,,,0,31,,94394,25,,,0,76,,94392,25,,,0,27,,94388,25,,,0,69,,94389,25,,,0,101,,94393,25,,,0,99,,94390,25,,,0,104,,94391,25,,,0,104,,94396,25,,,0,103,,94404,25,,,0
5302,'20263510',717,,94420,25,,,0,101,,94407,25,,,0,101,,94408,25,,,0,101,,94419,25,,,0,98,,94409,25,,,0,99,,94410,25,,,0,100,,94421,25,,,0,99,,94411,25,,,0,97,,94412,25,,,0,104,,94422,25,,,0,96,,94413,25,,,0,105,,94414,25,,,0,99,,94418,25,,,0,100,,94415,25,,,0,99,,94416,25,,,0,98,,94423,25,,,0,106,,94417,25,,,0
5302,'20263511',717,,94437,25,,,0,101,,94424,25,,,0,101,,94425,25,,,0,101,,94436,25,,,0,98,,94426,25,,,0,99,,94427,25,,,0,100,,94438,25,,,0,99,,94428,25,,,0,97,,94429,25,,,0,104,,94439,25,,,0,96,,94430,25,,,0,105,,94431,25,,,0,99,,94435,25,,,0,100,,94432,25,,,0,99,,94433,25,,,0,98,,94440,25,,,0,106,,94434,25,,,0
5302,'20263610',717,,94452,25,,,0,101,,94442,25,,,0,101,,94448,25,,,0,101,,94453,25,,,0,98,,94443,25,,,0,99,,94447,25,,,0,100,,94457,25,,,0,99,,94441,25,,,0,97,,94450,25,,,0,104,,94455,25,,,0,96,,94449,25,,,0,105,,94446,25,,,0,99,,94454,25,,,0,100,,94451,25,,,0,99,,94445,25,,,0,98,,94456,25,,,0,106,,94444,25,,,0
5302,'20263611',717,,94469,25,,,0,101,,94459,25,,,0,101,,94465,25,,,0,101,,94470,25,,,0,98,,94460,25,,,0,99,,94464,25,,,0,100,,94474,25,,,0,99,,94458,25,,,0,97,,94467,25,,,0,104,,94472,25,,,0,96,,94466,25,,,0,105,,94463,25,,,0,99,,94471,25,,,0,100,,94468,25,,,0,99,,94462,25,,,0,98,,94473,25,,,0,106,,94461,25,,,0
25300,'20262010',1603,,86511,24,4,,0,30,,86512,24,4,,0,69,,86513,24,4,,0,30,,86514,24,4,,0
25300,'20263010',1607,,99579,24,4,,0,30,,99580,24,4,,0,73,,99581,24,4,,0,28,,99582,24,4,,0
