3901,'20262010',623,,83174,25,,,0,96,,83175,25,,,0,30,,83176,25,,,0,69,,83177,25,,,0,104,,83178,25,,,0,100,,83179,25,,,0,100,,83180,25,,,0,100,,83181,25,,,0,100,,83182,25,,,0,100,,83183,25,,,0,99,,83184,25,,,0,100,,83191,25,,,0,100,,83185,25,,,0,102,,83186,25,,,0,100,,83187,25,,,0,100,,83188,25,,,0,100,,83189,25,,,0,200,,83190,25,,,0
3901,'20262510',723,,83192,25,,,0,100,,83193,25,,,0,100,,83194,25,,,0,100,,83195,25,,,0,100,,83196,25,,,0,100,,83197,25,,,0,100,,83198,25,,,0,100,,83199,25,,,0,100,,83200,25,,,0,100,,83201,25,,,0,100,,83202,25,,,0,100,,83203,25,,,0,100,,83204,25,,,0,100,,83207,25,,,0,100,,83205,25,,,0,200,,83206,25,,,0
3901,'20262610',723,,83222,25,,,0,100,,83208,25,,,0,100,,83223,25,,,0,100,,83209,25,,,0,100,,83210,25,,,0,100,,83211,25,,,0,100,,83212,25,,,0,100,,83213,25,,,0,100,,83214,25,,,0,100,,83215,25,,,0,100,,83216,25,,,0,100,,83217,25,,,0,100,,83218,25,,,0,100,,83221,25,,,0,100,,83219,25,,,0,200,,83220,25,,,0
3901,'20263010',625,,93940,25,,,0,28,,93941,25,,,0,69,,93942,25,,,0,28,,93943,25,,,0,70,,93944,25,,,0,13,,93959,25,,,0,90,,93945,25,,,0,100,,93946,25,,,0,100,,93947,25,,,0,100,,93948,25,,,0,100,,93949,25,,,0,100,,93950,25,,,0,100,,93951,25,,,0,99,,93958,25,,,0,101,,93952,25,,,0,100,,93953,25,,,0,100,,93954,25,,,0,100,,93955,25,,,0,101,,93956,25,,,0,100,,93960,25,,,0,100,,93957,25,,,0
3901,'20263510',724,,93961,25,,,0,100,,93962,25,,,0,99,,93963,25,,,0,100,,93964,25,,,0,100,,93965,25,,,0,100,,93966,25,,,0,100,,93967,25,,,0,100,,93968,25,,,0,100,,93969,25,,,0,100,,93970,25,,,0,100,,93971,25,,,0,100,,93972,25,,,0,101,,93973,25,,,0,100,,93976,25,,,0,100,,93974,25,,,0,100,,93977,25,,,0,100,,93975,25,,,0
3901,'20263511',724,,93978,25,,,0,100,,93979,25,,,0,99,,93980,25,,,0,100,,93981,25,,,0,100,,93982,25,,,0,100,,93983,25,,,0,100,,93984,25,,,0,100,,93985,25,,,0,100,,93986,25,,,0,100,,93987,25,,,0,100,,93988,25,,,0,100,,93989,25,,,0,101,,93990,25,,,0,100,,93993,25,,,0,100,,93991,25,,,0,100,,93994,25,,,0,100,,93992,25,,,0
3901,'20263610',724,,94009,25,,,0,100,,93995,25,,,0,99,,94010,25,,,0,100,,93996,25,,,0,100,,93997,25,,,0,100,,93998,25,,,0,100,,93999,25,,,0,100,,94000,25,,,0,100,,94001,25,,,0,100,,94002,25,,,0,100,,94003,25,,,0,100,,94004,25,,,0,101,,94005,25,,,0,100,,94008,25,,,0,100,,94006,25,,,0,100,,94011,25,,,0,100,,94007,25,,,0
3901,'20263611',724,,94026,25,,,0,100,,94012,25,,,0,99,,94027,25,,,0,100,,94013,25,,,0,100,,94014,25,,,0,100,,94015,25,,,0,100,,94016,25,,,0,100,,94017,25,,,0,100,,94018,25,,,0,100,,94019,25,,,0,100,,94020,25,,,0,100,,94021,25,,,0,101,,94022,25,,,0,100,,94025,25,,,0,100,,94023,25,,,0,100,,94028,25,,,0,100,,94024,25,,,0
13600,'20263010',1614,,99480,27,,,0,7,,99486,27,,,0,12,,99487,27,,,0,10,,99481,27,,,0,13,,99488,27,,,0,51,,99482,27,,,0,9,,99483,27,,,0,10,,99489,27,,,0,9,,99490,27,,,0,11,,99484,27,,,0,12,,99491,27,,,0,51,,99485,27,,,0
23801,'20263010',641,,99554,12,,,0,13,,99555,12,,,0,53,,99556,12,,,0,22,,99557,12,,,0
53001,'20262010',624,,86767,12,,,0,28,,86768,12,,,0,66,,86770,12,,,0,35,,86769,12,,,0
