5401,'20262010',521,,67158,4,,,1,30,,67170,4,,,1,73,,67157,4,,,1,35,,67154,4,,,1,72,,67152,4,,,1,75,,67140,4,,,1,28,,67155,4,,,1,70,,67141,4,,,1,29,,67159,4,,,1,68,,67142,4,,,1,30,,67156,4,,,1,71,,67143,4,,,1,30,,67160,4,,,1,71,,67144,4,,,1,31,,67161,4,,,1,70,,67145,4,,,1,31,,67162,4,,,1,68,,67146,4,,,1,30,,67163,4,,,1,70,,67147,4,,,1,31,,67153,4,,,1,20,,67148,4,,,1,77,,67164,4,,,1,75,,67149,4,,,1,27,,67165,4,,,1,98,,67166,4,,,1,101,,67167,4,,,1,105,,67168,4,,,1,102,,67169,4,,,1,99,,67150,4,,,1,103,,67151,4,,,1
5401,'20262011',521,,67189,4,,,1,30,,67201,4,,,1,73,,67188,4,,,1,35,,67185,4,,,1,72,,67183,4,,,1,75,,67171,4,,,1,28,,67186,4,,,1,70,,67172,4,,,1,29,,67190,4,,,1,68,,67173,4,,,1,30,,67187,4,,,1,71,,67174,4,,,1,30,,67191,4,,,1,71,,67175,4,,,1,31,,67192,4,,,1,70,,67176,4,,,1,31,,67193,4,,,1,68,,67177,4,,,1,30,,67194,4,,,1,70,,67178,4,,,1,31,,67184,4,,,1,20,,67179,4,,,1,77,,67195,4,,,1,75,,67180,4,,,1,27,,67196,4,,,1,98,,67197,4,,,1,101,,67198,4,,,1,105,,67199,4,,,1,102,,67200,4,,,1,99,,67181,4,,,1,103,,67182,4,,,1
5401,'20262510',631,,67202,4,,,1,104,,67203,4,,,1,100,,67204,4,,,1,101,,67205,4,,,1,100,,67206,4,,,1,71,,67225,4,,,1,29,,67207,4,,,1,71,,67218,4,,,1,29,,67208,4,,,1,70,,67219,4,,,1,30,,67209,4,,,1,71,,67220,4,,,1,30,,67210,4,,,1,67,,67221,4,,,1,33,,67211,4,,,1,71,,67222,4,,,1,25,,67212,4,,,1,75,,67223,4,,,1,34,,67226,4,,,1,95,,67224,4,,,1,101,,67213,4,,,1,99,,67214,4,,,1,99,,67215,4,,,1,101,,67216,4,,,1,98,,67217,4,,,1
5401,'20262511',631,,67227,4,,,1,104,,67228,4,,,1,100,,67229,4,,,1,101,,67230,4,,,1,100,,67231,4,,,1,71,,67250,4,,,1,29,,67232,4,,,1,71,,67243,4,,,1,29,,67233,4,,,1,70,,67244,4,,,1,30,,67234,4,,,1,71,,67245,4,,,1,30,,67235,4,,,1,67,,67246,4,,,1,33,,67236,4,,,1,71,,67247,4,,,1,25,,67237,4,,,1,75,,67248,4,,,1,34,,67251,4,,,1,95,,67249,4,,,1,101,,67238,4,,,1,99,,67239,4,,,1,99,,67240,4,,,1,101,,67241,4,,,1,98,,67242,4,,,1
5401,'20262610',631,,67266,4,,,1,104,,67268,4,,,1,100,,67255,4,,,1,101,,67257,4,,,1,100,,67269,4,,,1,71,,67260,4,,,1,29,,67263,4,,,1,71,,67259,4,,,1,29,,67252,4,,,1,70,,67271,4,,,1,30,,67267,4,,,1,71,,67254,4,,,1,30,,67270,4,,,1,67,,67272,4,,,1,33,,67258,4,,,1,71,,67273,4,,,1,25,,67261,4,,,1,75,,67274,4,,,1,34,,67276,4,,,1,95,,67275,4,,,1,101,,67265,4,,,1,99,,67264,4,,,1,99,,67253,4,,,1,101,,67256,4,,,1,98,,67262,4,,,1
5401,'20262611',631,,67291,4,,,1,104,,67293,4,,,1,100,,67280,4,,,1,101,,67282,4,,,1,100,,67294,4,,,1,71,,67285,4,,,1,29,,67288,4,,,1,71,,67284,4,,,1,29,,67277,4,,,1,70,,67296,4,,,1,30,,67292,4,,,1,71,,67279,4,,,1,30,,67295,4,,,1,67,,67297,4,,,1,33,,67283,4,,,1,71,,67298,4,,,1,25,,67286,4,,,1,75,,67299,4,,,1,34,,67301,4,,,1,95,,67300,4,,,1,101,,67290,4,,,1,99,,67289,4,,,1,99,,67278,4,,,1,101,,67281,4,,,1,98,,67287,4,,,1
25401,'20262010',614,,72910,4,,,0,30,,72911,4,,,0,68,,72912,4,,,0,31,,72913,4,,,0,70,,72914,4,,,0
25401,'20262011',614,,72915,4,,,0,30,,72916,4,,,0,68,,72917,4,,,0,31,,72918,4,,,0,70,,72919,4,,,0
55401,'20262010',640,,73875,4,,,0,63,,73874,4,,,0
55401,'20262011',640,,73877,4,,,0,63,,73876,4,,,0
