7000,'20260010multint',621,,3324,,,0,17,,3337,,,0,20,,3338,,,0,61,,3325,,,0,16,,3339,,,0,24,,3340,,,0,62,,3326,,,0,22,,3341,,,0,61,,3342,,,0,20,,3327,,,0,19,,3343,,,0,58,,3344,,,0,22,,3328,,,0,20,,3345,,,0,59,,3346,,,0,20,,3329,,,0,21,,3347,,,0,60,,3348,,,0,20,,3330,,,0,21,,3349,,,0,62,,3350,,,0,18,,3331,,,0,17,,3351,,,0,17,,3352,,,0,58,,3332,,,0,19,,3353,,,0,20,,3354,,,0,57,,3333,,,0,20,,3355,,,0,21,,3356,,,0,60,,3334,,,0,22,,3357,,,0,23,,3358,,,0,58,,3335,,,0,21,,3359,,,0,18,,3360,,,0,61,,3336,,,0,32,,3361,,,0,70,,3362,,,0,30,,3363,,,0,70,,3364,,,0,30,,3365,,,0,70,,3366,,,0,30,,3367,,,0,70,,3368,,,0,31,,3369,,,0,70,,3370,,,0
7000,'20260510multint',620,,3371,,,0,30,,3389,,,0,70,,3372,,,0,29,,3390,,,0,70,,3373,,,0,30,,3391,,,0,70,,3374,,,0,30,,3392,,,0,70,,3375,,,0,29,,3393,,,0,70,,3376,,,0,30,,3394,,,0,70,,3377,,,0,30,,3395,,,0,69,,3378,,,0,29,,3396,,,0,70,,3379,,,0,31,,3397,,,0,70,,3380,,,0,30,,3398,,,0,70,,3381,,,0,29,,3399,,,0,71,,3382,,,0,31,,3400,,,0,70,,3383,,,0,31,,3404,,,0,71,,3401,,,0,30,,3384,,,0,70,,3402,,,0,30,,3385,,,0,70,,3388,,,0,30,,3386,,,0,70,,3403,,,0,30,,3387,,,0
7000,'20260610multint',620,,3405,,,0,30,,3422,,,0,70,,3406,,,0,29,,3423,,,0,70,,3407,,,0,30,,3424,,,0,70,,3408,,,0,30,,3425,,,0,70,,3409,,,0,29,,3426,,,0,70,,3410,,,0,30,,3427,,,0,70,,3411,,,0,30,,3428,,,0,69,,3412,,,0,29,,3429,,,0,70,,3413,,,0,31,,3430,,,0,70,,3414,,,0,30,,3431,,,0,70,,3415,,,0,29,,3432,,,0,71,,3416,,,0,31,,3433,,,0,70,,3417,,,0,31,,3434,,,0,71,,3418,,,0,30,,3435,,,0,70,,3419,,,0,30,,3437,,,0,70,,3420,,,0,30,,3436,,,0,70,,3421,,,0,30,,3438,,,0
33200,'20260010multint',645,,5651,,,0,113,,5652,,,0,68,,5653,,,0
53000,'20260010multint',1221,,5772,,,0,200,,5773,,,0,95,,5775,,,0,6,,5774,,,0,24,,5771,,,0,77,,5768,,,0,31,,5769,,,0,68,,5770,,,0,114,,5776,,,0
53600,'20260010multint',1627,,5784,,,0,31,,5785,,,0,65,,5786,,,0
53700,'20260010multint',1552,,5792,,,0,76,,5789,,,0,23,,5791,,,0,79,,5790,,,0
53800,'20260010multint',1627,,5796,,,0,27,,5795,,,0,73,,5797,,,0
55000,'20260010multint',1506,,5805,,,0,30,,5803,,,0,91,,5802,,,0,19,,5801,,,0,80,,5804,,,0
55400,'20260010multint',1548,,5813,,,0,60,,5811,,,0,29,,5810,,,0,93,,5812,,,0
55500,'20260010multint',1628,,5816,,,0,18,,5817,,,0,82,,5818,,,0
55800,'20260010multint',1628,,5821,,,0,20,,5822,,,0,79,,5823,,,0
57000,'20260010multint',1541,,5826,,,0,5,,5827,,,0,72,,5828,,,0,24,,5829,,,0,69,,5830,,,0
57200,'20260010multint',1542,,5837,,,0,84,,5834,,,0,74,,5835,,,0,29,,5836,,,0
57400,'20260010multint',1532,,5844,,,0,84,,5842,,,0,29,,5843,,,0,76,,5841,,,0
58000,'20260010multint',1549,,5850,,,0,71,,5849,,,0,19,,5848,,,0,79,,5851,,,0
58100,'20260010multint',1614,,5855,,,0,23,,5856,,,0,86,,5857,,,0
58200,'20260010multint',1545,,5864,,,0,11,,5865,,,0,72,,5862,,,0,29,,5863,,,0,67,,5861,,,0
58400,'20260010multint',1545,,5873,,,0,70,,5871,,,0,28,,5872,,,0,79,,5874,,,0
