8401,'20262010',632,,85654,46,,,1,27,,85673,46,0,5 6,1,70,,85655,46,,,1,30,,85674,46,0,5 6,1,71,,85656,46,,,1,72,,85671,46,0,5 6,1,30,,85657,46,,,1,99,,85658,46,,,1,100,,85659,46,,,1,99,,85660,46,,,1,102,,85661,46,,,1,99,,85662,46,,,1,98,,85663,46,,,1,96,,85664,46,,,1,105,,85665,46,,,1,103,,85666,46,,,1,99,,85667,46,,,1,100,,85668,46,,,1,102,,85669,46,,,1,100,,85670,46,,,1,100,,85672,46,,,1
8401,'20262510',634,,85675,46,,,1,99,,85690,46,,,1,99,,85676,46,,,1,100,,85689,46,,,1,100,,85677,46,,,1,100,,85684,46,,,1,100,,85685,46,,,1,99,,85686,46,,,1,100,,85687,46,,,1,99,,85688,46,,,1,102,,85679,46,,,1,101,,85678,46,,,1,100,,85680,46,,,1,100,,85683,46,,,1,100,,85682,46,,,1,100,,85681,46,,,1,102,,85691,46,,,1,100,,85692,46,,,1
8401,'20262610',634,,85705,46,,,1,99,,85709,46,,,1,99,,85708,46,,,1,100,,85706,46,,,1,100,,85693,46,,,1,100,,85699,46,,,1,100,,85694,46,,,1,99,,85700,46,,,1,100,,85695,46,,,1,99,,85701,46,,,1,102,,85696,46,,,1,101,,85702,46,,,1,100,,85697,46,,,1,100,,85703,46,,,1,100,,85698,46,,,1,100,,85704,46,,,1,102,,85707,46,,,1,100,,85710,46,,,1
8401,'20263010',632,,98160,46,0,5 6,1,27,,98179,46,0,5 6,1,70,,98161,46,0,5 6,1,29,,98180,46,0,5 6,1,72,,98162,46,0,5 6,1,71,,98177,46,0,5 6,1,31,,98163,46,0,5 6,1,99,,98164,46,0,5 6,1,100,,98165,46,0,5 6,1,99,,98166,46,0,5 6,1,102,,98167,46,0,5 6,1,99,,98168,46,0,5 6,1,98,,98169,46,0,5 6,1,96,,98170,46,0,5 6,1,105,,98171,46,0,5 6,1,103,,98172,46,0,5 6,1,99,,98173,46,0,5 6,1,100,,98174,46,0,5 6,1,102,,98175,46,0,5 6,1,100,,98176,46,0,5 6,1,100,,98178,46,0,5 6,1
8401,'20263510',634,,98181,46,0,5 6,1,99,,98196,46,0,5 6,1,99,,98182,46,0,5 6,1,100,,98195,46,0,5 6,1,100,,98183,46,0,5 6,1,100,,98190,46,0,5 6,1,100,,98191,46,0,5 6,1,99,,98192,46,0,5 6,1,100,,98193,46,0,5 6,1,99,,98194,46,0,5 6,1,102,,98185,46,0,5 6,1,101,,98184,46,0,5 6,1,100,,98186,46,0,5 6,1,100,,98189,46,0,5 6,1,100,,98188,46,0,5 6,1,100,,98187,46,0,5 6,1,102,,98197,46,0,5 6,1,100,,98198,46,0,5 6,1
8401,'20263511',634,,98199,46,0,5 6,1,99,,98214,46,0,5 6,1,99,,98200,46,0,5 6,1,100,,98213,46,0,5 6,1,100,,98201,46,0,5 6,1,100,,98208,46,0,5 6,1,100,,98209,46,0,5 6,1,99,,98210,46,0,5 6,1,100,,98211,46,0,5 6,1,99,,98212,46,0,5 6,1,102,,98203,46,0,5 6,1,101,,98202,46,0,5 6,1,100,,98204,46,0,5 6,1,100,,98207,46,0,5 6,1,100,,98206,46,0,5 6,1,100,,98205,46,0,5 6,1,102,,98215,46,0,5 6,1,100,,98216,46,0,5 6,1
8401,'20263610',634,,98229,46,0,5 6,1,99,,98233,46,0,5 6,1,99,,98232,46,0,5 6,1,100,,98230,46,0,5 6,1,100,,98217,46,0,5 6,1,100,,98223,46,0,5 6,1,100,,98218,46,0,5 6,1,99,,98224,46,0,5 6,1,100,,98219,46,0,5 6,1,99,,98225,46,0,5 6,1,102,,98220,46,0,5 6,1,101,,98226,46,0,5 6,1,100,,98221,46,0,5 6,1,100,,98227,46,0,5 6,1,100,,98222,46,0,5 6,1,100,,98228,46,0,5 6,1,102,,98231,46,0,5 6,1,100,,98234,46,0,5 6,1
8401,'20263611',634,,98247,46,0,5 6,1,99,,98251,46,0,5 6,1,99,,98250,46,0,5 6,1,100,,98248,46,0,5 6,1,100,,98235,46,0,5 6,1,100,,98241,46,0,5 6,1,100,,98236,46,0,5 6,1,99,,98242,46,0,5 6,1,100,,98237,46,0,5 6,1,99,,98243,46,0,5 6,1,102,,98238,46,0,5 6,1,101,,98244,46,0,5 6,1,100,,98239,46,0,5 6,1,100,,98245,46,0,5 6,1,100,,98240,46,0,5 6,1,100,,98246,46,0,5 6,1,102,,98249,46,0,5 6,1,100,,98252,46,0,5 6,1
27400,'20262010',1627,,86584,18,4,,0,73,,86585,18,4,,0,29,,86587,18,4,,0,25,,86588,18,4,,0,68,,86586,18,4,,0
27400,'20263010',1631,,99657,18,4,,0,73,,99658,18,4,,0,25,,99660,18,4,,0,26,,99661,18,4,,0,69,,99659,18,4,,0
37400,'20263010',1646,,99862,23,4,,0,96,,99863,23,4,,0,158,,99864,23,4,,0
57400,'20262010',1618,,86819,21,4,,0,33,,86818,21,4,,0,96,,86817,21,4,,0
57400,'20263010',1620,,100060,21,4,,0,34,,100058,21,4,,0,72,,100059,21,4,,0,24,,100057,21,4,,0
