5903,'20262010',633,,84109,2,,,0,91,,84110,2,,,0,106,,84111,2,,,0,102,,84112,2,,,0,100,,84113,2,,,0,99,,84114,2,,,0,100,,84115,2,,,0,102,,84116,2,,,0,100,,84117,2,,,0,94,,84118,2,,,0,97,,84119,2,,,0,105,,84120,2,,,0,103,,84121,2,,,0,101,,84122,2,,,0,102,,84123,2,,,0,101,,84124,2,,,0,100,,84125,2,,,0
5903,'20262510',734,,84126,2,,,0,99,,84127,2,,,0,100,,84128,2,,,0,100,,84129,2,,,0,99,,84130,2,,,0,100,,84131,2,,,0,100,,84132,2,,,0,100,,84133,2,,,0,100,,84134,2,,,0,101,,84135,2,,,0,100,,84136,2,,,0,101,,84137,2,,,0,100,,84138,2,,,0,101,,84139,2,,,0,101,,84140,2,,,0
5903,'20262610',734,,84155,2,,,0,99,,84141,2,,,0,100,,84142,2,,,0,100,,84143,2,,,0,99,,84144,2,,,0,100,,84145,2,,,0,100,,84146,2,,,0,100,,84147,2,,,0,100,,84148,2,,,0,101,,84149,2,,,0,100,,84150,2,,,0,101,,84151,2,,,0,100,,84152,2,,,0,101,,84153,2,,,0,101,,84154,2,,,0
5903,'20263010',633,,95461,2,,,0,91,,95462,2,,,0,92,,95478,2,,,0,14,,95463,2,,,0,102,,95464,2,,,0,100,,95465,2,,,0,99,,95466,2,,,0,100,,95467,2,,,0,102,,95468,2,,,0,100,,95469,2,,,0,94,,95470,2,,,0,97,,95471,2,,,0,34,,95479,2,,,0,71,,95472,2,,,0,103,,95473,2,,,0,101,,95474,2,,,0,102,,95475,2,,,0,101,,95476,2,,,0,100,,95477,2,,,0
5903,'20263510',734,,95480,2,,,0,99,,95481,2,,,0,100,,95482,2,,,0,100,,95483,2,,,0,99,,95484,2,,,0,100,,95485,2,,,0,100,,95486,2,,,0,100,,95487,2,,,0,100,,95488,2,,,0,101,,95489,2,,,0,100,,95490,2,,,0,101,,95491,2,,,0,100,,95492,2,,,0,101,,95493,2,,,0,101,,95494,2,,,0
5903,'20263511',734,,95495,2,,,0,99,,95496,2,,,0,100,,95497,2,,,0,100,,95498,2,,,0,99,,95499,2,,,0,100,,95500,2,,,0,100,,95501,2,,,0,100,,95502,2,,,0,100,,95503,2,,,0,101,,95504,2,,,0,100,,95505,2,,,0,101,,95506,2,,,0,100,,95507,2,,,0,101,,95508,2,,,0,101,,95509,2,,,0
5903,'20263610',734,,95524,2,,,0,99,,95510,2,,,0,100,,95511,2,,,0,100,,95512,2,,,0,99,,95513,2,,,0,100,,95514,2,,,0,100,,95515,2,,,0,100,,95516,2,,,0,100,,95517,2,,,0,101,,95518,2,,,0,100,,95519,2,,,0,101,,95520,2,,,0,100,,95521,2,,,0,101,,95522,2,,,0,101,,95523,2,,,0
5903,'20263611',734,,95539,2,,,0,99,,95525,2,,,0,100,,95526,2,,,0,100,,95527,2,,,0,99,,95528,2,,,0,100,,95529,2,,,0,100,,95530,2,,,0,100,,95531,2,,,0,100,,95532,2,,,0,101,,95533,2,,,0,100,,95534,2,,,0,101,,95535,2,,,0,100,,95536,2,,,0,101,,95537,2,,,0,101,,95538,2,,,0
25001,'20262010',619,,86499,2,,,0,22,,86500,2,,,0,76,,86501,2,,,0,30,,86502,2,,,0,70,,86503,2,,,0
25001,'20263010',614,,99566,2,,,0,23,,99567,2,,,0,63,,99568,2,,,0,29,,99569,2,,,0,78,,99570,2,,,0,2,,99571,2,,,0
35001,'20263010',612,,99819,2,,,0,17,,99820,2,,,0,71,,99823,2,,,0,34,,99824,2,,,0,116,,99821,2,,,0,201,,99822,2,,,0
55001,'20262010',612,,86790,2,,,0,21,,86789,2,,,0,71,,86791,2,,,0,50,,86792,2,,,0
55001,'20263010',601,,100023,2,,,0,28,,100022,2,,,0,24,,100024,2,,,0,152,,100025,2,,,0
80003,'20262010',502,,87122,2,,,1,16,,87149,2,,,1,16,,87145,2,,,1,14,,87127,2,,,1,52,,87148,2,,,1,10,,87124,2,,,1,9,,87135,2,,,1,11,,87205,2,,,1,9,,87204,2,,,1,9,,87203,2,,,1,10,,87202,2,,,1,47,,87201,2,,,1,11,,87200,2,,,1,10,,87199,2,,,1,10,,87198,2,,,1,10,,87197,2,,,1,11,,87196,2,,,1,51,,87195,2,,,1,10,,87194,2,,,1,9,,87193,2,,,1,11,,87192,2,,,1,12,,87191,2,,,1,52,,87190,2,,,1,14,,87189,2,,,1,16,,87188,2,,,1,14,,87187,2,,,1,56,,87186,2,,,1,14,,87185,2,,,1,16,,87184,2,,,1,16,,87183,2,,,1,55,,87182,2,,,1,15,,87181,2,,,1,15,,87180,2,,,1,14,,87179,2,,,1,55,,87178,2,,,1,16,,87177,2,,,1,16,,87176,2,,,1,15,,87175,2,,,1,55,,87174,2,,,1,14,,87173,2,,,1,15,,87172,2,,,1,13,,87171,2,,,1,54,,87137,2,,,1,13,,87170,2,,,1,13,,87147,2,,,1,12,,87146,2,,,1,12,,87143,2,,,1,51,,87169,2,,,1,10,,87151,2,,,1,9,,87207,2,,,1,10,,87150,2,,,1,10,,87132,2,,,1,10,,87152,2,,,1,9,,87168,2,,,1,51,,87126,2,,,1,10,,87119,2,,,1,10,,87140,2,,,1,10,,87167,2,,,1,11,,87121,2,,,1,50,,87120,2,,,1,10,,87166,2,,,1,11,,87165,2,,,1,10,,87208,2,,,1,12,,87123,2,,,1,13,,87125,2,,,1,55,,87164,2,,,1,15,,87141,2,,,1,15,,87209,2,,,1,16,,87163,2,,,1,55,,87129,2,,,1,17,,87128,2,,,1,15,,87162,2,,,1,55,,87130,2,,,1,15,,87161,2,,,1,15,,87160,2,,,1,15,,87131,2,,,1,55,,87159,2,,,1,15,,87134,2,,,1,15,,87133,2,,,1,14,,87158,2,,,1,13,,87136,2,,,1,55,,87157,2,,,1,16,,87138,2,,,1,14,,87156,2,,,1,16,,87139,2,,,1,56,,87155,2,,,1,15,,87142,2,,,1,16,,87154,2,,,1,55,,87144,2,,,1,16,,87153,2,,,1,15,,87206,2,,,1
80003,'20262510',530,,87210,2,,,1,15,,87211,2,,,1,14,,87212,2,,,1,55,,87213,2,,,1,14,,87214,2,,,1,14,,87215,2,,,1,15,,87216,2,,,1,55,,87218,2,,,1,15,,87219,2,,,1,15,,87220,2,,,1,15,,87217,2,,,1,56,,87221,2,,,1,15,,87222,2,,,1,15,,87223,2,,,1,15,,87224,2,,,1,55,,87225,2,,,1,14,,87226,2,,,1,15,,87227,2,,,1,15,,87228,2,,,1,56,,87230,2,,,1,16,,87231,2,,,1,15,,87232,2,,,1,15,,87229,2,,,1,54,,87233,2,,,1,16,,87234,2,,,1,16,,87235,2,,,1,13,,87236,2,,,1,54,,87237,2,,,1,15,,87239,2,,,1,15,,87238,2,,,1,15,,87240,2,,,1,54,,87241,2,,,1,16,,87242,2,,,1,15,,87243,2,,,1,15,,87244,2,,,1,55,,87245,2,,,1,14,,87246,2,,,1,16,,87248,2,,,1,14,,87249,2,,,1,55,,87250,2,,,1,13,,87247,2,,,1,17,,87251,2,,,1,15,,87252,2,,,1,56,,87253,2,,,1,14,,87254,2,,,1,16,,87255,2,,,1,16,,87256,2,,,1,54,,87257,2,,,1,18,,87259,2,,,1,15,,87260,2,,,1,55,,87261,2,,,1,16,,87258,2,,,1,14,,87262,2,,,1,15,,87263,2,,,1,55,,87264,2,,,1,15,,87265,2,,,1,15,,87267,2,,,1,15,,87268,2,,,1,57,,87269,2,,,1,16,,87266,2,,,1,14,,87270,2,,,1,15,,87271,2,,,1,56,,87272,2,,,1,15,,87273,2,,,1,15,,87274,2,,,1,15,,87275,2,,,1,55,,87276,2,,,1,15,,87278,2,,,1,15,,87279,2,,,1,15,,87280,2,,,1,55,,87277,2,,,1,15,,87281,2,,,1,15,,87282,2,,,1,14,,87283,2,,,1,55,,87284,2,,,1,15,,87285,2,,,1,15,,87286,2,,,1
80003,'20262610',530,,87331,2,,,1,15,,87332,2,,,1,14,,87338,2,,,1,55,,87339,2,,,1,14,,87330,2,,,1,14,,87329,2,,,1,15,,87337,2,,,1,55,,87328,2,,,1,15,,87341,2,,,1,15,,87335,2,,,1,15,,87340,2,,,1,56,,87342,2,,,1,15,,87349,2,,,1,15,,87347,2,,,1,15,,87343,2,,,1,55,,87336,2,,,1,14,,87344,2,,,1,15,,87333,2,,,1,15,,87345,2,,,1,56,,87350,2,,,1,16,,87334,2,,,1,15,,87352,2,,,1,15,,87346,2,,,1,54,,87351,2,,,1,16,,87360,2,,,1,16,,87363,2,,,1,13,,87348,2,,,1,54,,87361,2,,,1,15,,87356,2,,,1,15,,87353,2,,,1,15,,87354,2,,,1,54,,87359,2,,,1,16,,87362,2,,,1,15,,87355,2,,,1,15,,87357,2,,,1,55,,87358,2,,,1,14,,87296,2,,,1,16,,87300,2,,,1,14,,87302,2,,,1,55,,87305,2,,,1,13,,87301,2,,,1,17,,87303,2,,,1,15,,87298,2,,,1,56,,87306,2,,,1,14,,87293,2,,,1,16,,87291,2,,,1,16,,87297,2,,,1,54,,87287,2,,,1,18,,87295,2,,,1,15,,87307,2,,,1,55,,87288,2,,,1,16,,87304,2,,,1,14,,87308,2,,,1,15,,87289,2,,,1,55,,87309,2,,,1,15,,87299,2,,,1,15,,87290,2,,,1,15,,87292,2,,,1,57,,87313,2,,,1,16,,87294,2,,,1,14,,87316,2,,,1,15,,87314,2,,,1,56,,87321,2,,,1,15,,87325,2,,,1,15,,87324,2,,,1,15,,87315,2,,,1,55,,87326,2,,,1,15,,87320,2,,,1,15,,87322,2,,,1,15,,87327,2,,,1,55,,87310,2,,,1,15,,87311,2,,,1,15,,87323,2,,,1,14,,87312,2,,,1,55,,87317,2,,,1,15,,87318,2,,,1,15,,87319,2,,,1
80003,'20263010',446,,100626,2,,,1,55,,100539,2,,,1,15,,100565,2,,,1,15,,100562,2,,,1,13,,100544,2,,,1,9,,100564,2,,,1,50,,100541,2,,,1,10,,100552,2,,,1,9,,100620,2,,,1,9,,100619,2,,,1,10,,100618,2,,,1,9,,100617,2,,,1,9,,100616,2,,,1,49,,100615,2,,,1,7,,100614,2,,,1,8,,100613,2,,,1,11,,100612,2,,,1,10,,100611,2,,,1,14,,100610,2,,,1,55,,100609,2,,,1,15,,100608,2,,,1,15,,100607,2,,,1,15,,100606,2,,,1,55,,100605,2,,,1,15,,100604,2,,,1,16,,100603,2,,,1,13,,100602,2,,,1,55,,100601,2,,,1,15,,100600,2,,,1,16,,100599,2,,,1,15,,100598,2,,,1,55,,100597,2,,,1,15,,100596,2,,,1,15,,100595,2,,,1,15,,100594,2,,,1,55,,100593,2,,,1,15,,100592,2,,,1,15,,100591,2,,,1,15,,100590,2,,,1,55,,100589,2,,,1,15,,100588,2,,,1,15,,100587,2,,,1,14,,100554,2,,,1,56,,100586,2,,,1,15,,100563,2,,,1,14,,100560,2,,,1,12,,100585,2,,,1,51,,100567,2,,,1,10,,100625,2,,,1,9,,100622,2,,,1,9,,100566,2,,,1,11,,100549,2,,,1,9,,100568,2,,,1,50,,100584,2,,,1,10,,100543,2,,,1,10,,100536,2,,,1,10,,100557,2,,,1,10,,100583,2,,,1,11,,100538,2,,,1,51,,100537,2,,,1,10,,100582,2,,,1,10,,100581,2,,,1,12,,100623,2,,,1,10,,100540,2,,,1,53,,100542,2,,,1,15,,100580,2,,,1,15,,100558,2,,,1,17,,100624,2,,,1,55,,100579,2,,,1,14,,100546,2,,,1,14,,100545,2,,,1,15,,100578,2,,,1,56,,100547,2,,,1,15,,100577,2,,,1,15,,100576,2,,,1,15,,100548,2,,,1,57,,100575,2,,,1,15,,100551,2,,,1,15,,100550,2,,,1,15,,100574,2,,,1,55,,100553,2,,,1,15,,100573,2,,,1,16,,100555,2,,,1,13,,100572,2,,,1,55,,100556,2,,,1,17,,100571,2,,,1,16,,100559,2,,,1,14,,100570,2,,,1,56,,100561,2,,,1,16,,100569,2,,,1,15,,100621,2,,,1
80003,'20263510',528,,100627,2,,,1,15,,100628,2,,,1,14,,100629,2,,,1,55,,100630,2,,,1,15,,100631,2,,,1,15,,100632,2,,,1,15,,100633,2,,,1,55,,100635,2,,,1,15,,100636,2,,,1,15,,100637,2,,,1,16,,100634,2,,,1,55,,100638,2,,,1,15,,100639,2,,,1,15,,100640,2,,,1,15,,100641,2,,,1,55,,100642,2,,,1,14,,100643,2,,,1,15,,100644,2,,,1,15,,100645,2,,,1,56,,100647,2,,,1,16,,100648,2,,,1,15,,100649,2,,,1,15,,100646,2,,,1,54,,100650,2,,,1,16,,100651,2,,,1,16,,100652,2,,,1,13,,100653,2,,,1,54,,100654,2,,,1,15,,100656,2,,,1,15,,100655,2,,,1,15,,100657,2,,,1,54,,100658,2,,,1,16,,100659,2,,,1,15,,100660,2,,,1,15,,100661,2,,,1,55,,100662,2,,,1,14,,100663,2,,,1,15,,100665,2,,,1,15,,100666,2,,,1,55,,100667,2,,,1,14,,100664,2,,,1,16,,100668,2,,,1,15,,100669,2,,,1,56,,100670,2,,,1,14,,100671,2,,,1,16,,100672,2,,,1,17,,100673,2,,,1,54,,100674,2,,,1,16,,100676,2,,,1,16,,100677,2,,,1,55,,100678,2,,,1,17,,100675,2,,,1,13,,100679,2,,,1,15,,100680,2,,,1,55,,100681,2,,,1,15,,100682,2,,,1,15,,100684,2,,,1,15,,100685,2,,,1,57,,100686,2,,,1,17,,100683,2,,,1,14,,100687,2,,,1,14,,100688,2,,,1,56,,100689,2,,,1,15,,100690,2,,,1,15,,100691,2,,,1,15,,100692,2,,,1,56,,100693,2,,,1,14,,100695,2,,,1,15,,100696,2,,,1,15,,100697,2,,,1,55,,100694,2,,,1,15,,100698,2,,,1,14,,100699,2,,,1,15,,100700,2,,,1,55,,100701,2,,,1,15,,100702,2,,,1,15,,100703,2,,,1
80003,'20263511',528,,100704,2,,,1,15,,100705,2,,,1,14,,100706,2,,,1,55,,100707,2,,,1,15,,100708,2,,,1,15,,100709,2,,,1,15,,100710,2,,,1,55,,100712,2,,,1,15,,100713,2,,,1,15,,100714,2,,,1,16,,100711,2,,,1,55,,100715,2,,,1,15,,100716,2,,,1,15,,100717,2,,,1,15,,100718,2,,,1,55,,100719,2,,,1,14,,100720,2,,,1,15,,100721,2,,,1,15,,100722,2,,,1,56,,100724,2,,,1,16,,100725,2,,,1,15,,100726,2,,,1,15,,100723,2,,,1,54,,100727,2,,,1,16,,100728,2,,,1,16,,100729,2,,,1,13,,100730,2,,,1,54,,100731,2,,,1,15,,100733,2,,,1,15,,100732,2,,,1,15,,100734,2,,,1,54,,100735,2,,,1,16,,100736,2,,,1,15,,100737,2,,,1,15,,100738,2,,,1,55,,100739,2,,,1,14,,100740,2,,,1,15,,100742,2,,,1,15,,100743,2,,,1,55,,100744,2,,,1,14,,100741,2,,,1,16,,100745,2,,,1,15,,100746,2,,,1,56,,100747,2,,,1,14,,100748,2,,,1,16,,100749,2,,,1,17,,100750,2,,,1,54,,100751,2,,,1,16,,100753,2,,,1,16,,100754,2,,,1,55,,100755,2,,,1,17,,100752,2,,,1,13,,100756,2,,,1,15,,100757,2,,,1,55,,100758,2,,,1,15,,100759,2,,,1,15,,100761,2,,,1,15,,100762,2,,,1,57,,100763,2,,,1,17,,100760,2,,,1,14,,100764,2,,,1,14,,100765,2,,,1,56,,100766,2,,,1,15,,100767,2,,,1,15,,100768,2,,,1,15,,100769,2,,,1,56,,100770,2,,,1,14,,100772,2,,,1,15,,100773,2,,,1,15,,100774,2,,,1,55,,100771,2,,,1,15,,100775,2,,,1,14,,100776,2,,,1,15,,100777,2,,,1,55,,100778,2,,,1,15,,100779,2,,,1,15,,100780,2,,,1
80003,'20263610',528,,100798,2,,,1,15,,100788,2,,,1,14,,100793,2,,,1,55,,100786,2,,,1,15,,100799,2,,,1,15,,100784,2,,,1,15,,100783,2,,,1,55,,100792,2,,,1,15,,100800,2,,,1,15,,100781,2,,,1,16,,100794,2,,,1,55,,100787,2,,,1,15,,100782,2,,,1,15,,100801,2,,,1,15,,100802,2,,,1,55,,100796,2,,,1,14,,100789,2,,,1,15,,100797,2,,,1,15,,100790,2,,,1,56,,100804,2,,,1,16,,100785,2,,,1,15,,100805,2,,,1,15,,100803,2,,,1,54,,100808,2,,,1,16,,100806,2,,,1,16,,100791,2,,,1,13,,100813,2,,,1,54,,100807,2,,,1,15,,100814,2,,,1,15,,100809,2,,,1,15,,100810,2,,,1,54,,100811,2,,,1,16,,100812,2,,,1,15,,100795,2,,,1,15,,100815,2,,,1,55,,100831,2,,,1,14,,100824,2,,,1,15,,100827,2,,,1,15,,100821,2,,,1,55,,100830,2,,,1,14,,100822,2,,,1,16,,100823,2,,,1,15,,100817,2,,,1,56,,100832,2,,,1,14,,100833,2,,,1,16,,100828,2,,,1,17,,100818,2,,,1,54,,100825,2,,,1,16,,100829,2,,,1,16,,100834,2,,,1,55,,100835,2,,,1,17,,100826,2,,,1,13,,100816,2,,,1,15,,100836,2,,,1,55,,100837,2,,,1,15,,100838,2,,,1,15,,100839,2,,,1,15,,100820,2,,,1,57,,100849,2,,,1,17,,100819,2,,,1,14,,100854,2,,,1,14,,100841,2,,,1,56,,100843,2,,,1,15,,100851,2,,,1,15,,100845,2,,,1,15,,100844,2,,,1,56,,100852,2,,,1,14,,100840,2,,,1,15,,100848,2,,,1,15,,100847,2,,,1,55,,100846,2,,,1,15,,100853,2,,,1,14,,100855,2,,,1,15,,100856,2,,,1,55,,100842,2,,,1,15,,100850,2,,,1,15,,100857,2,,,1
80003,'20263611',528,,100875,2,,,1,15,,100865,2,,,1,14,,100870,2,,,1,55,,100863,2,,,1,15,,100876,2,,,1,15,,100861,2,,,1,15,,100860,2,,,1,55,,100869,2,,,1,15,,100877,2,,,1,15,,100858,2,,,1,16,,100871,2,,,1,55,,100864,2,,,1,15,,100859,2,,,1,15,,100878,2,,,1,15,,100879,2,,,1,55,,100873,2,,,1,14,,100866,2,,,1,15,,100874,2,,,1,15,,100867,2,,,1,56,,100881,2,,,1,16,,100862,2,,,1,15,,100882,2,,,1,15,,100880,2,,,1,54,,100885,2,,,1,16,,100883,2,,,1,16,,100868,2,,,1,13,,100890,2,,,1,54,,100884,2,,,1,15,,100891,2,,,1,15,,100886,2,,,1,15,,100887,2,,,1,54,,100888,2,,,1,16,,100889,2,,,1,15,,100872,2,,,1,15,,100892,2,,,1,55,,100908,2,,,1,14,,100901,2,,,1,15,,100904,2,,,1,15,,100898,2,,,1,55,,100907,2,,,1,14,,100899,2,,,1,16,,100900,2,,,1,15,,100894,2,,,1,56,,100909,2,,,1,14,,100910,2,,,1,16,,100905,2,,,1,17,,100895,2,,,1,54,,100902,2,,,1,16,,100906,2,,,1,16,,100911,2,,,1,55,,100912,2,,,1,17,,100903,2,,,1,13,,100893,2,,,1,15,,100913,2,,,1,55,,100914,2,,,1,15,,100915,2,,,1,15,,100916,2,,,1,15,,100897,2,,,1,57,,100926,2,,,1,17,,100896,2,,,1,14,,100931,2,,,1,14,,100918,2,,,1,56,,100920,2,,,1,15,,100928,2,,,1,15,,100922,2,,,1,15,,100921,2,,,1,56,,100929,2,,,1,14,,100917,2,,,1,15,,100925,2,,,1,15,,100924,2,,,1,55,,100923,2,,,1,15,,100930,2,,,1,14,,100932,2,,,1,15,,100933,2,,,1,55,,100919,2,,,1,15,,100927,2,,,1,15,,100934,2,,,1
