5401,'20262011',534,,67189,26,,,1,70,,67201,26,,,1,33,,67188,26,,,1,77,,67185,26,,,1,32,,67183,26,,,1,75,,67171,26,,,1,28,,67186,26,,,1,69,,67172,26,,,1,29,,67190,26,,,1,68,,67173,26,,,1,30,,67187,26,,,1,71,,67174,26,,,1,30,,67191,26,,,1,71,,67175,26,,,1,31,,67192,26,,,1,70,,67176,26,,,1,31,,67193,26,,,1,68,,67177,26,,,1,30,,67194,26,,,1,71,,67178,26,,,1,31,,67184,26,,,1,60,,67179,26,,,1,38,,67195,26,,,1,74,,67180,26,,,1,26,,67196,26,,,1,97,,67197,26,,,1,100,,67198,26,,,1,105,,67199,26,,,1,101,,67200,26,,,1,99,,67181,26,,,1,103,,67182,26,,,1
5401,'20262511',644,,67227,26,,,1,104,,67228,26,,,1,100,,67229,26,,,1,101,,67230,26,,,1,100,,67231,26,,,1,71,,67250,26,,,1,29,,67232,26,,,1,71,,67243,26,,,1,29,,67233,26,,,1,70,,67244,26,,,1,30,,67234,26,,,1,71,,67245,26,,,1,30,,67235,26,,,1,67,,67246,26,,,1,33,,67236,26,,,1,71,,67247,26,,,1,25,,67237,26,,,1,75,,67248,26,,,1,34,,67251,26,,,1,94,,67249,26,,,1,101,,67238,26,,,1,99,,67239,26,,,1,99,,67240,26,,,1,101,,67241,26,,,1,98,,67242,26,,,1
5401,'20262611',644,,67291,26,,,1,104,,67293,26,,,1,100,,67280,26,,,1,101,,67282,26,,,1,100,,67294,26,,,1,71,,67285,26,,,1,29,,67288,26,,,1,71,,67284,26,,,1,29,,67277,26,,,1,70,,67296,26,,,1,30,,67292,26,,,1,71,,67279,26,,,1,30,,67295,26,,,1,67,,67297,26,,,1,33,,67283,26,,,1,71,,67298,26,,,1,25,,67286,26,,,1,75,,67299,26,,,1,34,,67301,26,,,1,94,,67300,26,,,1,101,,67290,26,,,1,99,,67289,26,,,1,99,,67278,26,,,1,101,,67281,26,,,1,98,,67287,26,,,1
5501,'20262011',545,,67461,29,,,0,70,,67462,29,,,0,26,,67451,29,,,0,71,,67469,29,,,0,33,,67447,29,,,0,72,,67448,29,,,0,40,,67463,29,,,0,86,,67449,29,,,0,100,,67450,29,,,0,99,,67452,29,,,0,103,,67465,29,,,0,95,,67466,29,,,0,100,,67470,29,,,0,100,,67471,29,,,0,79,,67453,29,,,0,36,,67467,29,,,0,69,,67454,29,,,0,29,,67468,29,,,0,71,,67455,29,,,0,32,,67456,29,,,0,86,,67457,29,,,0,86,,67458,29,,,0,99,,67459,29,,,0,102,,67460,29,,,0,101,,67464,29,,,0
5501,'20262511',720,,67489,29,,,0,99,,67490,29,,,0,99,,67491,29,,,0,101,,67492,29,,,0,100,,67493,29,,,0,100,,67494,29,,,0,100,,67495,29,,,0,100,,67496,29,,,0,99,,67497,29,,,0,103,,67498,29,,,0,97,,67499,29,,,0,103,,67500,29,,,0,98,,67501,29,,,0,99,,67502,29,,,0,99,,67503,29,,,0,99,,67504,29,,,0,99,,67505,29,,,0
5501,'20262611',720,,67532,29,,,0,99,,67528,29,,,0,99,,67534,29,,,0,101,,67535,29,,,0,100,,67538,29,,,0,100,,67533,29,,,0,100,,67539,29,,,0,100,,67531,29,,,0,99,,67530,29,,,0,103,,67529,29,,,0,97,,67527,29,,,0,103,,67526,29,,,0,98,,67537,29,,,0,99,,67525,29,,,0,99,,67536,29,,,0,99,,67524,29,,,0,99,,67523,29,,,0
25401,'20262011',629,,72915,26,,,0,30,,72916,26,,,0,68,,72917,26,,,0,31,,72918,26,,,0,70,,72919,26,,,0
25501,'20262011',653,,72932,29,,,0,73,,72933,29,,,0,15,,72934,29,,,0,59,,72935,29,,,0
55401,'20262011',653,,73877,26,,,0,64,,73876,26,,,0
55501,'20262011',652,,73885,29,,,0,70,,73884,29,,,0
