6400,'20262010',906,,84314,11,,,0,99,,84315,11,,,0,100,,84316,11,,,0,100,,84317,11,,,0,100,,84318,11,,,0,100,,84319,11,,,0,99,,84320,11,,,0,304,,84321,11,,,0,101,,84322,11,,,0,100,,84323,11,,,0,100,,84324,11,,,0,101,,84325,11,,,0,103,,84326,11,,,0
6400,'20262510',810,,84327,11,,,0,99,,84328,11,,,0,98,,84329,11,,,0,99,,84330,11,,,0,101,,84331,11,,,0,97,,84332,11,,,0,100,,84333,11,,,0,100,,84334,11,,,0,100,,84335,11,,,0,100,,84336,11,,,0,103,,84337,11,,,0,101,,84338,11,,,0,102,,84339,11,,,0,101,,84340,11,,,0,100,,84341,11,,,0,100,,84342,11,,,0
6400,'20262610',810,,84343,11,,,0,99,,84344,11,,,0,98,,84345,11,,,0,99,,84346,11,,,0,101,,84347,11,,,0,97,,84348,11,,,0,100,,84349,11,,,0,100,,84350,11,,,0,100,,84351,11,,,0,100,,84352,11,,,0,103,,84353,11,,,0,101,,84354,11,,,0,102,,84355,11,,,0,101,,84356,11,,,0,100,,84357,11,,,0,100,,84358,11,,,0
7400,'20262010',658,,84800,10,,,1,96,,84787,10,,,1,105,,84788,10,,,1,141,,84789,10,,,1,58,,84790,10,,,1,100,,84791,10,,,1,99,,84792,10,,,1,100,,84793,10,,,1,99,,84794,10,,,1,97,,84795,10,,,1,101,,84796,10,,,1,104,,84797,10,,,1,142,,84801,10,,,1,101,,84802,10,,,1,99,,84798,10,,,1,101,,84803,10,,,1,102,,84799,10,,,1
7400,'20262510',800,,84808,10,,,1,59,,84822,10,,,1,100,,84823,10,,,1,100,,84809,10,,,1,100,,84810,10,,,1,98,,84811,10,,,1,100,,84812,10,,,1,100,,84813,10,,,1,100,,84814,10,,,1,101,,84815,10,,,1,101,,84816,10,,,1,141,,84817,10,,,1,101,,84818,10,,,1,100,,84819,10,,,1,100,,84820,10,,,1,101,,84821,10,,,1,132,,84824,10,,,1
7400,'20262610',800,,84825,10,,,1,59,,84839,10,,,1,100,,84826,10,,,1,100,,84840,10,,,1,100,,84833,10,,,1,98,,84834,10,,,1,100,,84835,10,,,1,100,,84836,10,,,1,100,,84837,10,,,1,101,,84838,10,,,1,101,,84827,10,,,1,141,,84831,10,,,1,101,,84832,10,,,1,100,,84828,10,,,1,100,,84829,10,,,1,101,,84830,10,,,1,132,,84841,10,,,1
7400,'20263010',658,,96742,7,,,1,95,,96729,7,,,1,106,,96730,7,,,1,141,,96731,7,,,1,59,,96732,7,,,1,98,,96733,7,,,1,101,,96734,7,,,1,98,,96735,7,,,1,99,,96736,7,,,1,97,,96737,7,,,1,101,,96738,7,,,1,105,,96739,7,,,1,142,,96743,7,,,1,101,,96744,7,,,1,99,,96740,7,,,1,101,,96745,7,,,1,101,,96741,7,,,1
7400,'20263510',802,,96750,7,,,1,99,,96764,7,,,1,58,,96765,7,,,1,141,,96751,7,,,1,59,,96752,7,,,1,98,,96753,7,,,1,100,,96754,7,,,1,100,,96755,7,,,1,100,,96756,7,,,1,100,,96757,7,,,1,101,,96758,7,,,1,142,,96759,7,,,1,101,,96760,7,,,1,101,,96761,7,,,1,100,,96762,7,,,1,101,,96763,7,,,1,132,,96766,7,,,1
7400,'20263511',802,,96767,7,,,1,99,,96781,7,,,1,58,,96782,7,,,1,141,,96768,7,,,1,59,,96769,7,,,1,98,,96770,7,,,1,100,,96771,7,,,1,100,,96772,7,,,1,100,,96773,7,,,1,100,,96774,7,,,1,101,,96775,7,,,1,142,,96776,7,,,1,101,,96777,7,,,1,101,,96778,7,,,1,100,,96779,7,,,1,101,,96780,7,,,1,132,,96783,7,,,1
7400,'20263610',802,,96784,7,,,1,99,,96798,7,,,1,58,,96785,7,,,1,141,,96799,7,,,1,59,,96792,7,,,1,98,,96793,7,,,1,100,,96794,7,,,1,100,,96795,7,,,1,100,,96796,7,,,1,100,,96797,7,,,1,101,,96786,7,,,1,142,,96790,7,,,1,101,,96791,7,,,1,101,,96787,7,,,1,100,,96788,7,,,1,101,,96789,7,,,1,132,,96800,7,,,1
7400,'20263611',802,,96801,7,,,1,99,,96815,7,,,1,58,,96802,7,,,1,141,,96816,7,,,1,59,,96809,7,,,1,98,,96810,7,,,1,100,,96811,7,,,1,100,,96812,7,,,1,100,,96813,7,,,1,100,,96814,7,,,1,101,,96803,7,,,1,142,,96807,7,,,1,101,,96808,7,,,1,101,,96804,7,,,1,100,,96805,7,,,1,101,,96806,7,,,1,132,,96817,7,,,1
8200,'20263010',609,,97911,7,,,0,38,,97894,7,,,0,76,,97915,7,,,0,32,,97901,7,,,0,73,,97910,7,,,0,108,,97902,7,,,0,86,,97909,7,,,0,100,,97903,7,,,0,99,,97895,7,,,0,98,,97904,7,,,0,93,,97908,7,,,0,97,,97905,7,,,0,93,,97896,7,,,0,28,,97897,7,,,0,72,,97898,7,,,0,32,,97899,7,,,0,101,,97906,7,,,0,74,,97907,7,,,0,99,,97913,7,,,0,102,,97912,7,,,0,100,,97914,7,,,0,102,,97900,7,,,0
8200,'20263510',639,,97930,7,,,0,100,,97916,7,,,0,99,,97920,7,,,0,100,,97921,7,,,0,100,,97928,7,,,0,99,,97922,7,,,0,98,,97917,7,,,0,100,,97923,7,,,0,100,,97929,7,,,0,100,,97924,7,,,0,100,,97932,7,,,0,101,,97918,7,,,0,105,,97925,7,,,0,100,,97927,7,,,0,100,,97931,7,,,0,100,,97926,7,,,0,172,,97919,7,,,0
8200,'20263511',639,,97947,7,,,0,100,,97933,7,,,0,99,,97937,7,,,0,100,,97938,7,,,0,100,,97945,7,,,0,99,,97939,7,,,0,98,,97934,7,,,0,100,,97940,7,,,0,100,,97946,7,,,0,100,,97941,7,,,0,100,,97949,7,,,0,101,,97935,7,,,0,105,,97942,7,,,0,100,,97944,7,,,0,100,,97948,7,,,0,100,,97943,7,,,0,172,,97936,7,,,0
8200,'20263610',639,,97962,7,,,0,100,,97963,7,,,0,99,,97959,7,,,0,100,,97964,7,,,0,100,,97958,7,,,0,99,,97960,7,,,0,98,,97953,7,,,0,100,,97950,7,,,0,100,,97956,7,,,0,100,,97957,7,,,0,100,,97966,7,,,0,101,,97954,7,,,0,105,,97951,7,,,0,100,,97961,7,,,0,100,,97965,7,,,0,100,,97952,7,,,0,172,,97955,7,,,0
8200,'20263611',639,,97979,7,,,0,100,,97980,7,,,0,99,,97976,7,,,0,100,,97981,7,,,0,100,,97975,7,,,0,99,,97977,7,,,0,98,,97970,7,,,0,100,,97967,7,,,0,100,,97973,7,,,0,100,,97974,7,,,0,100,,97983,7,,,0,101,,97971,7,,,0,105,,97968,7,,,0,100,,97978,7,,,0,100,,97982,7,,,0,100,,97969,7,,,0,172,,97972,7,,,0
8400,'20262010',726,,85601,10,,,1,101,,85602,10,,,1,103,,85603,10,,,1,99,,85604,10,,,1,99,,85605,10,,,1,100,,85606,10,,,1,99,,85607,10,,,1,100,,85608,10,,,1,97,,85609,10,,,1,97,,85610,10,,,1,107,,85611,10,,,1,101,,85612,10,,,1,101,,85613,10,,,1,101,,85614,10,,,1,100,,85615,10,,,1,101,,85616,10,,,1,101,,85617,10,,,1
8400,'20262510',731,,85620,10,,,1,98,,85635,10,,,1,100,,85621,10,,,1,100,,85636,10,,,1,100,,85622,10,,,1,100,,85624,10,,,1,98,,85625,10,,,1,100,,85626,10,,,1,100,,85627,10,,,1,101,,85628,10,,,1,101,,85629,10,,,1,101,,85630,10,,,1,100,,85631,10,,,1,101,,85632,10,,,1,100,,85633,10,,,1,101,,85634,10,,,1,101,,85623,10,,,1
8400,'20262610',731,,85637,10,,,1,98,,85652,10,,,1,100,,85638,10,,,1,100,,85653,10,,,1,100,,85639,10,,,1,100,,85646,10,,,1,98,,85640,10,,,1,100,,85647,10,,,1,100,,85641,10,,,1,101,,85648,10,,,1,101,,85642,10,,,1,101,,85649,10,,,1,100,,85643,10,,,1,101,,85650,10,,,1,100,,85644,10,,,1,101,,85651,10,,,1,101,,85645,10,,,1
8400,'20263010',726,,98073,7,,,1,99,,98074,7,,,1,105,,98075,7,,,1,99,,98076,7,,,1,99,,98077,7,,,1,99,,98078,7,,,1,101,,98079,7,,,1,98,,98080,7,,,1,98,,98081,7,,,1,95,,98082,7,,,1,106,,98083,7,,,1,103,,98084,7,,,1,102,,98085,7,,,1,101,,98086,7,,,1,100,,98087,7,,,1,101,,98088,7,,,1,101,,98089,7,,,1
8400,'20263510',732,,98092,7,,,1,99,,98107,7,,,1,98,,98093,7,,,1,101,,98108,7,,,1,100,,98094,7,,,1,99,,98096,7,,,1,98,,98097,7,,,1,100,,98098,7,,,1,100,,98099,7,,,1,100,,98100,7,,,1,101,,98101,7,,,1,102,,98102,7,,,1,100,,98103,7,,,1,102,,98104,7,,,1,100,,98105,7,,,1,100,,98106,7,,,1,102,,98095,7,,,1
8400,'20263511',732,,98109,7,,,1,99,,98124,7,,,1,98,,98110,7,,,1,101,,98125,7,,,1,100,,98111,7,,,1,99,,98113,7,,,1,98,,98114,7,,,1,100,,98115,7,,,1,100,,98116,7,,,1,100,,98117,7,,,1,101,,98118,7,,,1,102,,98119,7,,,1,100,,98120,7,,,1,102,,98121,7,,,1,100,,98122,7,,,1,100,,98123,7,,,1,102,,98112,7,,,1
8400,'20263610',732,,98126,7,,,1,99,,98141,7,,,1,98,,98127,7,,,1,101,,98142,7,,,1,100,,98128,7,,,1,99,,98135,7,,,1,98,,98129,7,,,1,100,,98136,7,,,1,100,,98130,7,,,1,100,,98137,7,,,1,101,,98131,7,,,1,102,,98138,7,,,1,100,,98132,7,,,1,102,,98139,7,,,1,100,,98133,7,,,1,100,,98140,7,,,1,102,,98134,7,,,1
8400,'20263611',732,,98143,7,,,1,99,,98158,7,,,1,98,,98144,7,,,1,101,,98159,7,,,1,100,,98145,7,,,1,99,,98152,7,,,1,98,,98146,7,,,1,100,,98153,7,,,1,100,,98147,7,,,1,100,,98154,7,,,1,101,,98148,7,,,1,102,,98155,7,,,1,100,,98149,7,,,1,102,,98156,7,,,1,100,,98150,7,,,1,100,,98157,7,,,1,102,,98151,7,,,1
98400,'20262010',2544,,90493,12,,,0
98400,'20262510',2544,,90494,12,,,0
98400,'20263010',2544,,106119,12,,,0
98400,'20263510',2544,,106120,12,,,0
98400,'20263511',2544,,106121,12,,,0
