5800,'20262010',721,,67777,36,,,0,102,,67778,36,,,0,30,,67762,36,,,0,70,,67779,36,,,0,36,,67774,36,,,0,143,,67780,36,,,0,100,,67763,36,,,0,100,,67764,36,,,0,100,,67781,36,,,0,101,,67773,36,,,0,30,,67765,36,,,0,25,,67766,36,,,0,72,,67767,36,,,0,70,,67768,36,,,0,35,,67769,36,,,0,69,,67770,36,,,0,29,,67783,36,,,0,70,,67772,36,,,0,99,,67782,36,,,0,101,,67775,36,,,0,99,,67776,36,,,0,100,,67771,36,,,0,98,,67784,36,,,0
5800,'20262011',721,,67800,36,,,0,102,,67801,36,,,0,30,,67785,36,,,0,70,,67802,36,,,0,36,,67797,36,,,0,143,,67803,36,,,0,100,,67786,36,,,0,100,,67787,36,,,0,100,,67804,36,,,0,101,,67796,36,,,0,30,,67788,36,,,0,25,,67789,36,,,0,72,,67790,36,,,0,70,,67791,36,,,0,35,,67792,36,,,0,69,,67793,36,,,0,29,,67806,36,,,0,70,,67795,36,,,0,99,,67805,36,,,0,101,,67798,36,,,0,99,,67799,36,,,0,100,,67794,36,,,0,98,,67807,36,,,0
5800,'20262510',752,,67817,36,,,0,100,,67808,36,,,0,101,,67818,36,,,0,100,,67815,36,,,0,100,,67819,36,,,0,100,,67809,36,,,0,100,,67810,36,,,0,101,,67820,36,,,0,101,,67821,36,,,0,103,,67816,36,,,0,143,,67811,36,,,0,53,,67812,36,,,0,98,,67822,36,,,0,100,,67823,36,,,0,100,,67824,36,,,0,100,,67813,36,,,0,99,,67814,36,,,0
5800,'20262511',752,,67834,36,,,0,100,,67825,36,,,0,101,,67835,36,,,0,100,,67832,36,,,0,100,,67836,36,,,0,100,,67826,36,,,0,100,,67827,36,,,0,101,,67837,36,,,0,101,,67838,36,,,0,103,,67833,36,,,0,143,,67828,36,,,0,53,,67829,36,,,0,98,,67839,36,,,0,100,,67840,36,,,0,100,,67841,36,,,0,100,,67830,36,,,0,99,,67831,36,,,0
5800,'20262610',752,,67855,36,,,0,100,,67853,36,,,0,101,,67849,36,,,0,100,,67852,36,,,0,100,,67857,36,,,0,100,,67844,36,,,0,100,,67842,36,,,0,101,,67856,36,,,0,101,,67846,36,,,0,103,,67843,36,,,0,143,,67850,36,,,0,53,,67854,36,,,0,98,,67848,36,,,0,100,,67847,36,,,0,100,,67858,36,,,0,100,,67851,36,,,0,99,,67845,36,,,0
5800,'20262611',752,,67872,36,,,0,100,,67870,36,,,0,101,,67866,36,,,0,100,,67869,36,,,0,100,,67874,36,,,0,100,,67861,36,,,0,100,,67859,36,,,0,101,,67873,36,,,0,101,,67863,36,,,0,103,,67860,36,,,0,143,,67867,36,,,0,53,,67871,36,,,0,98,,67865,36,,,0,100,,67864,36,,,0,100,,67875,36,,,0,100,,67868,36,,,0,99,,67862,36,,,0
25800,'20262010',1620,,72950,42,4,,0,31,,72951,42,4,,0,69,,72952,42,4,,0,29,,72953,42,4,,0
25800,'20262011',1620,,72954,42,4,,0,31,,72955,42,4,,0,69,,72956,42,4,,0,29,,72957,42,4,,0
55800,'20262010',1712,,73886,37,4,,0,24,,73887,37,4,,0
55800,'20262011',1712,,73888,37,4,,0,24,,73889,37,4,,0
