28901,'20260010',640,,5599,,,0,64,,5598,,,0,16,,5600,,,0,15,,5602,,,0,73,,5601,,,0
28901,'20261010',640,,17468,,,0,64,,17467,,,0,16,,17469,,,0,18,,17471,,,0,70,,17470,,,0
38201,'20260010',623,,5755,,,0,10,,5759,,,0,10,,5758,,,0,12,,5756,,,0,66,,5760,,,0,136,,5757,,,0,200,,5754,,,0
38201,'20261010',621,,17618,,,0,12,,17622,,,0,10,,17621,,,0,12,,17619,,,0,66,,17623,,,0,136,,17620,,,0,200,,17617,,,0
58201,'20260010',629,,5868,,,0,16,,5866,,,0,55,,5869,,,0,11,,5867,,,0,13,,5870,,,0
58201,'20261010',630,,17805,,,0,15,,17803,,,0,11,,17806,,,0,54,,17804,,,0,13,,17807,,,0
4008200,'20260010',1642,,8905,,,0
4008200,'20261010',1642,,23785,,,0
13008200,'20260010',1642,,8920,,,0
13008200,'20261010',1642,,23800,,,0
