7000,'20262010',710,,84420,60,,,0,17,,84433,60,,,0,22,,84434,60,,,0,63,,84421,60,,,0,20,,84435,60,,,0,21,,84436,60,,,0,59,,84422,60,,,0,21,,84437,60,,,0,20,,84438,60,,,0,60,,84423,60,,,0,20,,84439,60,,,0,20,,84440,60,,,0,58,,84424,60,,,0,20,,84441,60,,,0,20,,84442,60,,,0,60,,84425,60,,,0,21,,84443,60,,,0,18,,84444,60,,,0,60,,84426,60,,,0,18,,84445,60,,,0,23,,84446,60,,,0,59,,84427,60,,,0,20,,84447,60,,,0,21,,84448,60,,,0,59,,84428,60,,,0,19,,84449,60,,,0,24,,84450,60,,,0,62,,84429,60,,,0,25,,84451,60,,,0,63,,84452,60,,,0,23,,84430,60,,,0,18,,84453,60,,,0,59,,84454,60,,,0,18,,84431,60,,,0,19,,84455,60,,,0,18,,84456,60,,,0,60,,84432,60,,,0,22,,84457,60,,,0,70,,84458,60,,,0,30,,84459,60,,,0,70,,84460,60,,,0,30,,84461,60,,,0,69,,84462,60,,,0,30,,84463,60,,,0,68,,84464,60,,,0,30,,84465,60,,,0,70,,84466,60,,,0
7000,'20262510',707,,84467,60,,,0,30,,84485,60,,,0,71,,84468,60,,,0,30,,84486,60,,,0,70,,84469,60,,,0,30,,84487,60,,,0,70,,84470,60,,,0,31,,84488,60,,,0,70,,84471,60,,,0,30,,84489,60,,,0,70,,84472,60,,,0,32,,84490,60,,,0,70,,84473,60,,,0,30,,84491,60,,,0,70,,84474,60,,,0,32,,84492,60,,,0,70,,84475,60,,,0,30,,84493,60,,,0,70,,84476,60,,,0,30,,84494,60,,,0,70,,84477,60,,,0,30,,84495,60,,,0,70,,84478,60,,,0,28,,84496,60,,,0,68,,84479,60,,,0,30,,84500,60,,,0,69,,84497,60,,,0,30,,84480,60,,,0,70,,84498,60,,,0,30,,84481,60,,,0,69,,84484,60,,,0,30,,84482,60,,,0,70,,84499,60,,,0,30,,84483,60,,,0
7000,'20262610',707,,84501,60,,,0,30,,84518,60,,,0,71,,84502,60,,,0,30,,84519,60,,,0,70,,84503,60,,,0,30,,84520,60,,,0,70,,84504,60,,,0,31,,84521,60,,,0,70,,84505,60,,,0,30,,84522,60,,,0,70,,84506,60,,,0,32,,84523,60,,,0,70,,84507,60,,,0,30,,84524,60,,,0,70,,84508,60,,,0,32,,84525,60,,,0,70,,84509,60,,,0,30,,84526,60,,,0,70,,84510,60,,,0,30,,84527,60,,,0,70,,84511,60,,,0,30,,84528,60,,,0,70,,84512,60,,,0,28,,84529,60,,,0,68,,84513,60,,,0,30,,84530,60,,,0,69,,84514,60,,,0,30,,84531,60,,,0,70,,84515,60,,,0,30,,84533,60,,,0,69,,84516,60,,,0,30,,84532,60,,,0,70,,84517,60,,,0,30,,84534,60,,,0
7000,'20263010',710,,95794,58,,,0,17,,95807,58,,,0,22,,95808,58,,,0,63,,95795,58,,,0,20,,95809,58,,,0,21,,95810,58,,,0,59,,95796,58,,,0,21,,95811,58,,,0,20,,95812,58,,,0,60,,95797,58,,,0,20,,95813,58,,,0,20,,95814,58,,,0,58,,95798,58,,,0,20,,95815,58,,,0,20,,95816,58,,,0,60,,95799,58,,,0,21,,95817,58,,,0,17,,95818,58,,,0,61,,95800,58,,,0,18,,95819,58,,,0,23,,95820,58,,,0,59,,95801,58,,,0,20,,95821,58,,,0,21,,95822,58,,,0,59,,95802,58,,,0,18,,95823,58,,,0,25,,95824,58,,,0,62,,95803,58,,,0,25,,95825,58,,,0,63,,95826,58,,,0,23,,95804,58,,,0,20,,95827,58,,,0,57,,95828,58,,,0,20,,95805,58,,,0,17,,95829,58,,,0,18,,95830,58,,,0,60,,95806,58,,,0,22,,95831,58,,,0,70,,95832,58,,,0,30,,95833,58,,,0,70,,95834,58,,,0,30,,95835,58,,,0,69,,95836,58,,,0,30,,95837,58,,,0,68,,95838,58,,,0,30,,95839,58,,,0,70,,95840,58,,,0
7000,'20263510',707,,95841,58,,,0,30,,95859,58,,,0,71,,95842,58,,,0,30,,95860,58,,,0,70,,95843,58,,,0,30,,95861,58,,,0,70,,95844,58,,,0,31,,95862,58,,,0,70,,95845,58,,,0,30,,95863,58,,,0,70,,95846,58,,,0,32,,95864,58,,,0,70,,95847,58,,,0,30,,95865,58,,,0,70,,95848,58,,,0,32,,95866,58,,,0,70,,95849,58,,,0,30,,95867,58,,,0,70,,95850,58,,,0,30,,95868,58,,,0,70,,95851,58,,,0,30,,95869,58,,,0,70,,95852,58,,,0,28,,95870,58,,,0,68,,95853,58,,,0,30,,95874,58,,,0,69,,95871,58,,,0,30,,95854,58,,,0,70,,95872,58,,,0,30,,95855,58,,,0,69,,95858,58,,,0,30,,95856,58,,,0,70,,95873,58,,,0,30,,95857,58,,,0
7000,'20263511',707,,95875,58,,,0,30,,95893,58,,,0,71,,95876,58,,,0,30,,95894,58,,,0,70,,95877,58,,,0,30,,95895,58,,,0,70,,95878,58,,,0,31,,95896,58,,,0,70,,95879,58,,,0,30,,95897,58,,,0,70,,95880,58,,,0,32,,95898,58,,,0,70,,95881,58,,,0,30,,95899,58,,,0,70,,95882,58,,,0,32,,95900,58,,,0,70,,95883,58,,,0,30,,95901,58,,,0,70,,95884,58,,,0,30,,95902,58,,,0,70,,95885,58,,,0,30,,95903,58,,,0,70,,95886,58,,,0,28,,95904,58,,,0,68,,95887,58,,,0,30,,95908,58,,,0,69,,95905,58,,,0,30,,95888,58,,,0,70,,95906,58,,,0,30,,95889,58,,,0,69,,95892,58,,,0,30,,95890,58,,,0,70,,95907,58,,,0,30,,95891,58,,,0
7000,'20263610',707,,95909,58,,,0,30,,95926,58,,,0,71,,95910,58,,,0,30,,95927,58,,,0,70,,95911,58,,,0,30,,95928,58,,,0,70,,95912,58,,,0,31,,95929,58,,,0,70,,95913,58,,,0,30,,95930,58,,,0,70,,95914,58,,,0,32,,95931,58,,,0,70,,95915,58,,,0,30,,95932,58,,,0,70,,95916,58,,,0,32,,95933,58,,,0,70,,95917,58,,,0,30,,95934,58,,,0,70,,95918,58,,,0,30,,95935,58,,,0,70,,95919,58,,,0,30,,95936,58,,,0,70,,95920,58,,,0,28,,95937,58,,,0,68,,95921,58,,,0,30,,95938,58,,,0,69,,95922,58,,,0,30,,95939,58,,,0,70,,95923,58,,,0,30,,95941,58,,,0,69,,95924,58,,,0,30,,95940,58,,,0,70,,95925,58,,,0,30,,95942,58,,,0
7000,'20263611',707,,95943,58,,,0,30,,95960,58,,,0,71,,95944,58,,,0,30,,95961,58,,,0,70,,95945,58,,,0,30,,95962,58,,,0,70,,95946,58,,,0,31,,95963,58,,,0,70,,95947,58,,,0,30,,95964,58,,,0,70,,95948,58,,,0,32,,95965,58,,,0,70,,95949,58,,,0,30,,95966,58,,,0,70,,95950,58,,,0,32,,95967,58,,,0,70,,95951,58,,,0,30,,95968,58,,,0,70,,95952,58,,,0,30,,95969,58,,,0,70,,95953,58,,,0,30,,95970,58,,,0,70,,95954,58,,,0,28,,95971,58,,,0,68,,95955,58,,,0,30,,95972,58,,,0,69,,95956,58,,,0,30,,95973,58,,,0,70,,95957,58,,,0,30,,95975,58,,,0,69,,95958,58,,,0,30,,95974,58,,,0,70,,95959,58,,,0,30,,95976,58,,,0
27000,'20262010',1607,,86552,20,4,,0,25,,86553,20,4,,0,14,,86554,20,4,,0,63,,86555,20,4,,0,25,,86556,20,4,,0,66,,86557,20,4,,0,29,,86558,20,4,,0
27000,'20263010',1612,,99622,18,4,,0,23,,99629,18,4,,0,2,,99623,18,4,,0,12,,99624,18,4,,0,62,,99625,18,4,,0,27,,99626,18,4,,0,66,,99627,18,4,,0,27,,99628,18,4,,0
37000,'20263010',1244,,99840,23,4,,0,366,,99841,23,4,,0,47,,99842,23,4,,0,143,,99843,23,4,,0,59,,99844,23,4,,0
57000,'20262010',1632,,86806,23,4,,0,76,,86807,23,4,,0,49,,86808,23,4,,0
57000,'20263010',1624,,100042,21,4,,0,9,,100043,21,4,,0,79,,100044,21,4,,0,20,,100045,21,4,,0,68,,100046,21,4,,0
