101,'20262010',604,,62616,29,,,1,19,,62617,29,,,1,21,,62654,29,,,1,76,,62655,29,,,1,33,,62656,29,,,1,69,,62646,29,,,1,30,,62652,29,,,1,69,,62623,29,,,1,29,,62624,29,,,1,69,,62625,29,,,1,30,,62626,29,,,1,71,,62627,29,,,1,30,,62628,29,,,1,70,,62629,29,,,1,29,,62630,29,,,1,69,,62631,29,,,1,29,,62632,29,,,1,69,,62633,29,,,1,30,,62634,29,,,1,70,,62635,29,,,1,16,,62636,29,,,1,15,,62637,29,,,1,12,,62657,29,,,1,58,,62653,29,,,1,15,,62638,29,,,1,20,,62639,29,,,1,62,,62651,29,,,1,23,,62640,29,,,1,70,,62641,29,,,1,30,,62642,29,,,1,71,,62643,29,,,1,30,,62644,29,,,1,70,,62645,29,,,1,101,,62650,29,,,1,100,,62647,29,,,1,102,,62648,29,,,1,101,,62649,29,,,1
101,'20262011',604,,62658,29,,,1,19,,62659,29,,,1,21,,62696,29,,,1,76,,62697,29,,,1,33,,62698,29,,,1,69,,62688,29,,,1,30,,62694,29,,,1,69,,62665,29,,,1,29,,62666,29,,,1,69,,62667,29,,,1,30,,62668,29,,,1,71,,62669,29,,,1,30,,62670,29,,,1,70,,62671,29,,,1,29,,62672,29,,,1,69,,62673,29,,,1,29,,62674,29,,,1,69,,62675,29,,,1,30,,62676,29,,,1,70,,62677,29,,,1,16,,62678,29,,,1,15,,62679,29,,,1,12,,62699,29,,,1,58,,62695,29,,,1,15,,62680,29,,,1,20,,62681,29,,,1,62,,62693,29,,,1,23,,62682,29,,,1,70,,62683,29,,,1,30,,62684,29,,,1,71,,62685,29,,,1,30,,62686,29,,,1,70,,62687,29,,,1,101,,62692,29,,,1,100,,62689,29,,,1,102,,62690,29,,,1,101,,62691,29,,,1
101,'20262510',615,,62723,29,,,1,100,,62700,29,,,1,100,,62701,29,,,1,98,,62702,29,,,1,100,,62703,29,,,1,100,,62704,29,,,1,29,,62722,29,,,1,69,,62705,29,,,1,30,,62706,29,,,1,70,,62707,29,,,1,30,,62708,29,,,1,70,,62709,29,,,1,29,,62710,29,,,1,70,,62711,29,,,1,30,,62712,29,,,1,70,,62713,29,,,1,31,,62714,29,,,1,70,,62715,29,,,1,101,,62716,29,,,1,100,,62717,29,,,1,100,,62718,29,,,1,100,,62719,29,,,1,100,,62720,29,,,1,102,,62721,29,,,1,101,,62724,29,,,1
101,'20262511',615,,62748,29,,,1,100,,62725,29,,,1,100,,62726,29,,,1,98,,62727,29,,,1,100,,62728,29,,,1,100,,62729,29,,,1,29,,62747,29,,,1,69,,62730,29,,,1,30,,62731,29,,,1,70,,62732,29,,,1,30,,62733,29,,,1,70,,62734,29,,,1,29,,62735,29,,,1,70,,62736,29,,,1,30,,62737,29,,,1,70,,62738,29,,,1,31,,62739,29,,,1,70,,62740,29,,,1,101,,62741,29,,,1,100,,62742,29,,,1,100,,62743,29,,,1,100,,62744,29,,,1,100,,62745,29,,,1,102,,62746,29,,,1,101,,62749,29,,,1
101,'20262610',615,,62773,29,,,1,100,,62750,29,,,1,100,,62751,29,,,1,98,,62752,29,,,1,100,,62753,29,,,1,100,,62754,29,,,1,29,,62772,29,,,1,69,,62755,29,,,1,30,,62756,29,,,1,70,,62757,29,,,1,30,,62758,29,,,1,70,,62759,29,,,1,29,,62760,29,,,1,70,,62761,29,,,1,30,,62762,29,,,1,70,,62763,29,,,1,31,,62764,29,,,1,70,,62765,29,,,1,101,,62766,29,,,1,100,,62767,29,,,1,100,,62768,29,,,1,100,,62769,29,,,1,100,,62770,29,,,1,102,,62771,29,,,1,101,,62774,29,,,1
101,'20262611',615,,62798,29,,,1,100,,62775,29,,,1,100,,62776,29,,,1,98,,62777,29,,,1,100,,62778,29,,,1,100,,62779,29,,,1,29,,62797,29,,,1,69,,62780,29,,,1,30,,62781,29,,,1,70,,62782,29,,,1,30,,62783,29,,,1,70,,62784,29,,,1,29,,62785,29,,,1,70,,62786,29,,,1,30,,62787,29,,,1,70,,62788,29,,,1,31,,62789,29,,,1,70,,62790,29,,,1,101,,62791,29,,,1,100,,62792,29,,,1,100,,62793,29,,,1,100,,62794,29,,,1,100,,62795,29,,,1,102,,62796,29,,,1,101,,62799,29,,,1
40003,'20262510',836,,73333,7,,,1,101,,73319,7,,,1,102,,73332,7,,,1,102,,73317,7,,,1,67,,73321,7,,,1,33,,73322,7,,,1,71,,73323,7,,,1,31,,73324,7,,,1,72,,73325,7,,,1,30,,73326,7,,,1,73,,73327,7,,,1,29,,73329,7,,,1,70,,73330,7,,,1,28,,73331,7,,,1,69,,73328,7,,,1,29,,73318,7,,,1,97,,73316,7,,,1,98,,73320,7,,,1
40003,'20262511',836,,73351,7,,,1,101,,73337,7,,,1,102,,73350,7,,,1,102,,73335,7,,,1,67,,73339,7,,,1,33,,73340,7,,,1,71,,73341,7,,,1,31,,73342,7,,,1,72,,73343,7,,,1,30,,73344,7,,,1,73,,73345,7,,,1,29,,73347,7,,,1,70,,73348,7,,,1,28,,73349,7,,,1,69,,73346,7,,,1,29,,73336,7,,,1,97,,73334,7,,,1,98,,73338,7,,,1
40003,'20262610',836,,73352,7,,,1,101,,73353,7,,,1,102,,73354,7,,,1,102,,73355,7,,,1,67,,73356,7,,,1,33,,73357,7,,,1,71,,73358,7,,,1,31,,73359,7,,,1,72,,73360,7,,,1,30,,73361,7,,,1,73,,73362,7,,,1,29,,73363,7,,,1,70,,73365,7,,,1,28,,73366,7,,,1,69,,73367,7,,,1,29,,73368,7,,,1,97,,73369,7,,,1,98,,73364,7,,,1
40003,'20262611',836,,73370,7,,,1,101,,73371,7,,,1,102,,73372,7,,,1,102,,73373,7,,,1,67,,73374,7,,,1,33,,73375,7,,,1,71,,73376,7,,,1,31,,73377,7,,,1,72,,73378,7,,,1,30,,73379,7,,,1,73,,73380,7,,,1,29,,73381,7,,,1,70,,73383,7,,,1,28,,73384,7,,,1,69,,73385,7,,,1,29,,73386,7,,,1,97,,73387,7,,,1,98,,73382,7,,,1
