1900,'20262011',609,,64741,4,,,0,95,,64742,4,,,0,102,,64743,4,,,0,32,,64744,4,,,0,100,,64745,4,,,0,99,,64746,4,,,0,99,,64747,4,,,0,98,,64748,4,,,0,100,,64749,4,,,0,100,,64750,4,,,0,67,,64751,4,,,0,25,,64752,4,,,0,24,,64753,4,,,0,75,,64754,4,,,0,33,,64755,4,,,0,73,,64756,4,,,0,72,,64757,4,,,0,33,,64758,4,,,0,101,,64759,4,,,0,102,,64760,4,,,0,100,,64761,4,,,0,101,,64762,4,,,0,101,,64763,4,,,0
1900,'20262511',632,,64782,4,,,0,101,,64783,4,,,0,103,,64784,4,,,0,101,,64785,4,,,0,104,,64786,4,,,0,98,,64787,4,,,0,98,,64788,4,,,0,95,,64789,4,,,0,101,,64790,4,,,0,105,,64791,4,,,0,92,,64792,4,,,0,109,,64793,4,,,0,98,,64794,4,,,0,100,,64795,4,,,0,103,,64796,4,,,0,102,,64797,4,,,0,102,,64798,4,,,0,102,,64799,4,,,0
1900,'20262611',632,,64818,4,,,0,101,,64819,4,,,0,103,,64820,4,,,0,101,,64821,4,,,0,104,,64822,4,,,0,98,,64823,4,,,0,98,,64824,4,,,0,95,,64825,4,,,0,101,,64826,4,,,0,105,,64827,4,,,0,92,,64828,4,,,0,109,,64829,4,,,0,98,,64830,4,,,0,100,,64831,4,,,0,103,,64832,4,,,0,102,,64833,4,,,0,102,,64834,4,,,0,102,,64835,4,,,0
28303,'20262011',1549,,73141,5,,,0,69,,73139,5,,,0,100,,73140,5,,,0
29103,'20262011',1518,,73215,5,,,0,29,,73212,5,,,0,72,,73214,5,,,0,34,,73213,5,,,0
29203,'20262011',1549,,73226,5,,,0,70,,73227,5,,,0,30,,73225,5,,,0
29403,'20262011',1543,,73237,5,,,0,101,,73238,5,,,0,69,,73239,5,,,0
80703,'20262011',519,,80800,4,,,1,14,,80823,4,,,1,14,,80801,4,,,1,53,,80802,4,,,1,13,,80803,4,,,1,14,,80804,4,,,1,16,,80805,4,,,1,16,,80879,4,,,1,55,,80880,4,,,1,11,,80881,4,,,1,9,,80882,4,,,1,10,,80861,4,,,1,56,,80862,4,,,1,15,,80842,4,,,1,16,,80841,4,,,1,15,,80840,4,,,1,55,,80860,4,,,1,15,,80859,4,,,1,14,,80838,4,,,1,15,,80837,4,,,1,56,,80858,4,,,1,15,,80857,4,,,1,15,,80836,4,,,1,15,,80856,4,,,1,54,,80855,4,,,1,15,,80835,4,,,1,14,,80854,4,,,1,14,,80834,4,,,1,16,,80853,4,,,1,55,,80833,4,,,1,14,,80844,4,,,1,14,,80832,4,,,1,14,,80843,4,,,1,54,,80852,4,,,1,15,,80824,4,,,1,15,,80831,4,,,1,15,,80851,4,,,1,56,,80850,4,,,1,15,,80830,4,,,1,14,,80829,4,,,1,14,,80849,4,,,1,54,,80806,4,,,1,11,,80848,4,,,1,11,,80828,4,,,1,10,,80847,4,,,1,10,,80827,4,,,1,51,,80846,4,,,1,10,,80813,4,,,1,11,,80814,4,,,1,11,,80825,4,,,1,11,,80815,4,,,1,12,,80845,4,,,1,52,,80816,4,,,1,12,,80826,4,,,1,11,,80839,4,,,1,15,,80883,4,,,1,55,,80863,4,,,1,15,,80866,4,,,1,15,,80865,4,,,1,13,,80807,4,,,1,15,,80817,4,,,1,55,,80808,4,,,1,15,,80818,4,,,1,15,,80809,4,,,1,15,,80819,4,,,1,55,,80810,4,,,1,15,,80820,4,,,1,15,,80811,4,,,1,56,,80821,4,,,1,15,,80812,4,,,1,15,,80822,4,,,1,15,,80867,4,,,1,14,,80868,4,,,1,55,,80869,4,,,1,16,,80870,4,,,1,15,,80871,4,,,1,55,,80872,4,,,1,16,,80873,4,,,1,16,,80874,4,,,1,17,,80875,4,,,1,55,,80876,4,,,1,15,,80877,4,,,1,15,,80878,4,,,1,15,,80864,4,,,1
80703,'20262511',533,,80962,4,,,1,15,,80963,4,,,1,57,,80964,4,,,1,15,,81038,4,,,1,16,,80965,4,,,1,16,,80966,4,,,1,55,,80967,4,,,1,14,,81039,4,,,1,14,,80968,4,,,1,15,,80969,4,,,1,55,,80970,4,,,1,14,,80971,4,,,1,15,,80972,4,,,1,16,,80973,4,,,1,55,,80974,4,,,1,16,,80975,4,,,1,16,,80976,4,,,1,16,,80977,4,,,1,55,,80978,4,,,1,15,,80979,4,,,1,14,,80980,4,,,1,14,,80981,4,,,1,54,,80982,4,,,1,15,,80983,4,,,1,15,,80984,4,,,1,15,,80985,4,,,1,56,,80986,4,,,1,15,,80987,4,,,1,15,,80988,4,,,1,15,,80989,4,,,1,54,,80990,4,,,1,15,,80991,4,,,1,15,,80992,4,,,1,15,,80993,4,,,1,55,,80994,4,,,1,14,,80995,4,,,1,14,,80996,4,,,1,15,,80997,4,,,1,55,,80998,4,,,1,15,,80999,4,,,1,15,,81000,4,,,1,16,,81001,4,,,1,55,,81002,4,,,1,15,,81003,4,,,1,16,,81004,4,,,1,14,,81005,4,,,1,56,,81006,4,,,1,15,,81007,4,,,1,15,,81008,4,,,1,15,,81009,4,,,1,55,,81010,4,,,1,15,,81011,4,,,1,14,,81012,4,,,1,14,,81013,4,,,1,55,,81014,4,,,1,14,,81015,4,,,1,15,,81016,4,,,1,15,,81017,4,,,1,56,,81018,4,,,1,16,,81019,4,,,1,16,,81020,4,,,1,15,,81021,4,,,1,56,,81022,4,,,1,15,,81023,4,,,1,15,,81024,4,,,1,15,,81025,4,,,1,55,,81026,4,,,1,14,,81027,4,,,1,16,,81028,4,,,1,15,,81029,4,,,1,55,,81030,4,,,1,14,,81031,4,,,1,15,,81032,4,,,1,14,,81033,4,,,1,56,,81034,4,,,1,14,,81035,4,,,1,15,,81036,4,,,1,15,,81037,4,,,1
80703,'20262611',533,,81118,4,,,1,15,,81119,4,,,1,57,,81120,4,,,1,15,,81121,4,,,1,16,,81194,4,,,1,16,,81122,4,,,1,55,,81123,4,,,1,14,,81124,4,,,1,14,,81195,4,,,1,15,,81125,4,,,1,55,,81126,4,,,1,14,,81127,4,,,1,15,,81128,4,,,1,16,,81129,4,,,1,55,,81130,4,,,1,16,,81131,4,,,1,16,,81133,4,,,1,16,,81134,4,,,1,55,,81135,4,,,1,15,,81132,4,,,1,14,,81136,4,,,1,14,,81137,4,,,1,54,,81138,4,,,1,15,,81139,4,,,1,15,,81140,4,,,1,15,,81141,4,,,1,56,,81142,4,,,1,15,,81143,4,,,1,15,,81144,4,,,1,15,,81145,4,,,1,54,,81146,4,,,1,15,,81147,4,,,1,15,,81148,4,,,1,15,,81149,4,,,1,55,,81150,4,,,1,14,,81151,4,,,1,14,,81152,4,,,1,15,,81153,4,,,1,55,,81154,4,,,1,15,,81155,4,,,1,15,,81156,4,,,1,16,,81157,4,,,1,55,,81158,4,,,1,15,,81159,4,,,1,16,,81160,4,,,1,14,,81161,4,,,1,56,,81162,4,,,1,15,,81164,4,,,1,15,,81165,4,,,1,15,,81166,4,,,1,55,,81163,4,,,1,15,,81167,4,,,1,14,,81168,4,,,1,14,,81169,4,,,1,55,,81170,4,,,1,14,,81171,4,,,1,15,,81172,4,,,1,15,,81173,4,,,1,56,,81174,4,,,1,16,,81175,4,,,1,16,,81176,4,,,1,15,,81177,4,,,1,56,,81178,4,,,1,15,,81179,4,,,1,15,,81180,4,,,1,15,,81181,4,,,1,55,,81182,4,,,1,14,,81183,4,,,1,16,,81184,4,,,1,15,,81185,4,,,1,55,,81186,4,,,1,14,,81187,4,,,1,15,,81188,4,,,1,14,,81189,4,,,1,56,,81190,4,,,1,14,,81191,4,,,1,15,,81192,4,,,1,15,,81193,4,,,1
90703,'20262011',2533,,81210,4,,,0,170,,81211,4,,,0
90703,'20262511',2533,,81214,4,,,0,170,,81215,4,,,0
