8000,'20262010',703,,70170,66,,,0,31,,70171,66,,,0,71,,70172,66,,,0,30,,70173,66,,,0,70,,70174,66,,,0,29,,70175,66,,,0,70,,70176,66,,,0,30,,70177,66,,,0,70,,70178,66,,,0,30,,70179,66,,,0,70,,70180,66,,,0,30,,70181,66,,,0,70,,70182,66,,,0,30,,70183,66,,,0,70,,70184,66,,,0,30,,70185,66,,,0,71,,70186,66,,,0,30,,70187,66,,,0,70,,70188,66,,,0,32,,70189,66,,,0,68,,70190,66,,,0,29,,70191,66,,,0,70,,70192,66,,,0,30,,70193,66,,,0,69,,70194,66,,,0,30,,70201,66,,,0,100,,70202,66,,,0,99,,70203,66,,,0,100,,70204,66,,,0,100,,70205,66,,,0,99,,70206,66,,,0,70,,70200,66,,,0
8000,'20262011',703,,70207,66,,,0,31,,70208,66,,,0,71,,70209,66,,,0,30,,70210,66,,,0,70,,70211,66,,,0,29,,70212,66,,,0,70,,70213,66,,,0,30,,70214,66,,,0,70,,70215,66,,,0,30,,70216,66,,,0,70,,70217,66,,,0,30,,70218,66,,,0,70,,70219,66,,,0,30,,70220,66,,,0,70,,70221,66,,,0,30,,70222,66,,,0,71,,70223,66,,,0,30,,70224,66,,,0,70,,70225,66,,,0,32,,70226,66,,,0,68,,70227,66,,,0,29,,70228,66,,,0,70,,70229,66,,,0,30,,70230,66,,,0,69,,70231,66,,,0,30,,70238,66,,,0,100,,70239,66,,,0,99,,70240,66,,,0,100,,70241,66,,,0,100,,70242,66,,,0,99,,70243,66,,,0,70,,70237,66,,,0
8000,'20262510',702,,70244,66,,,0,30,,70262,66,,,0,71,,70245,66,,,0,30,,70263,66,,,0,70,,70246,66,,,0,30,,70264,66,,,0,70,,70247,66,,,0,30,,70265,66,,,0,70,,70248,66,,,0,30,,70266,66,,,0,70,,70249,66,,,0,30,,70267,66,,,0,71,,70250,66,,,0,30,,70268,66,,,0,70,,70251,66,,,0,30,,70269,66,,,0,70,,70252,66,,,0,30,,70270,66,,,0,70,,70253,66,,,0,30,,70271,66,,,0,70,,70254,66,,,0,30,,70272,66,,,0,70,,70255,66,,,0,29,,70273,66,,,0,70,,70256,66,,,0,30,,70274,66,,,0,70,,70257,66,,,0,100,,70258,66,,,0,100,,70259,66,,,0,99,,70260,66,,,0,100,,70261,66,,,0,100,,70279,66,,,0
8000,'20262511',702,,70281,66,,,0,30,,70299,66,,,0,71,,70282,66,,,0,30,,70300,66,,,0,70,,70283,66,,,0,30,,70301,66,,,0,70,,70284,66,,,0,30,,70302,66,,,0,70,,70285,66,,,0,30,,70303,66,,,0,70,,70286,66,,,0,30,,70304,66,,,0,71,,70287,66,,,0,30,,70305,66,,,0,70,,70288,66,,,0,30,,70306,66,,,0,70,,70289,66,,,0,30,,70307,66,,,0,70,,70290,66,,,0,30,,70308,66,,,0,70,,70291,66,,,0,30,,70309,66,,,0,70,,70292,66,,,0,29,,70310,66,,,0,70,,70293,66,,,0,30,,70311,66,,,0,70,,70294,66,,,0,100,,70295,66,,,0,100,,70296,66,,,0,99,,70297,66,,,0,100,,70298,66,,,0,100,,70316,66,,,0
8000,'20262610',702,,70318,66,,,0,30,,70336,66,,,0,71,,70319,66,,,0,30,,70337,66,,,0,70,,70320,66,,,0,30,,70338,66,,,0,70,,70321,66,,,0,30,,70339,66,,,0,70,,70322,66,,,0,30,,70340,66,,,0,70,,70323,66,,,0,30,,70341,66,,,0,71,,70324,66,,,0,30,,70342,66,,,0,70,,70325,66,,,0,30,,70344,66,,,0,70,,70326,66,,,0,30,,70345,66,,,0,70,,70327,66,,,0,30,,70346,66,,,0,70,,70328,66,,,0,30,,70343,66,,,0,70,,70329,66,,,0,29,,70347,66,,,0,70,,70330,66,,,0,30,,70348,66,,,0,70,,70331,66,,,0,100,,70332,66,,,0,100,,70333,66,,,0,99,,70334,66,,,0,100,,70335,66,,,0,100,,70354,66,,,0
8000,'20262611',702,,70355,66,,,0,30,,70373,66,,,0,71,,70356,66,,,0,30,,70374,66,,,0,70,,70357,66,,,0,30,,70375,66,,,0,70,,70358,66,,,0,30,,70376,66,,,0,70,,70359,66,,,0,30,,70377,66,,,0,70,,70360,66,,,0,30,,70378,66,,,0,71,,70361,66,,,0,30,,70379,66,,,0,70,,70362,66,,,0,30,,70381,66,,,0,70,,70363,66,,,0,30,,70382,66,,,0,70,,70364,66,,,0,30,,70383,66,,,0,70,,70365,66,,,0,30,,70380,66,,,0,70,,70366,66,,,0,29,,70384,66,,,0,70,,70367,66,,,0,30,,70385,66,,,0,70,,70368,66,,,0,100,,70369,66,,,0,100,,70370,66,,,0,99,,70371,66,,,0,100,,70372,66,,,0,100,,70391,66,,,0
28000,'20262010',1610,,73071,28,4,,0,32,,73070,28,4,,0,10,,73066,28,4,,0,58,,73067,28,4,,0,37,,73068,28,4,,0,70,,73069,28,4,,0
28000,'20262011',1610,,73077,28,4,,0,32,,73076,28,4,,0,10,,73072,28,4,,0,58,,73073,28,4,,0,37,,73074,28,4,,0,70,,73075,28,4,,0
58000,'20262010',1622,,73929,41,4,,0,81,,73928,41,4,,0,55,,73930,41,4,,0
58000,'20262011',1622,,73932,41,4,,0,81,,73931,41,4,,0,55,,73933,41,4,,0
98000,'20262010',2610,,81260,68,,,0
98000,'20262011',2610,,81261,68,,,0
98000,'20262510',2610,,81262,68,,,0
98000,'20262511',2610,,81263,68,,,0
