6401,'20262010',941,,68580,11,,,0,100,,68581,11,,,0,100,,68582,11,,,0,100,,68583,11,,,0,101,,68584,11,,,0,100,,68585,11,,,0,100,,68586,11,,,0,100,,68587,11,,,0,100,,68588,11,,,0,100,,68589,11,,,0,99,,68590,11,,,0,100,,68591,11,,,0,100,,68592,11,,,0,100,,68593,11,,,0
6401,'20262011',941,,68594,11,,,0,100,,68595,11,,,0,100,,68596,11,,,0,100,,68597,11,,,0,101,,68598,11,,,0,100,,68599,11,,,0,100,,68600,11,,,0,100,,68601,11,,,0,100,,68602,11,,,0,100,,68603,11,,,0,99,,68604,11,,,0,100,,68605,11,,,0,100,,68606,11,,,0,100,,68607,11,,,0
6401,'20262510',641,,68608,11,,,0,99,,68609,11,,,0,101,,68610,11,,,0,100,,68611,11,,,0,100,,68612,11,,,0,100,,68613,11,,,0,100,,68614,11,,,0,100,,68615,11,,,0,100,,68616,11,,,0,100,,68617,11,,,0,100,,68618,11,,,0,99,,68619,11,,,0,100,,68620,11,,,0,100,,68621,11,,,0,100,,68622,11,,,0,100,,68623,11,,,0,100,,68624,11,,,0,100,,68625,11,,,0
6401,'20262511',641,,68626,11,,,0,99,,68627,11,,,0,101,,68628,11,,,0,100,,68629,11,,,0,100,,68630,11,,,0,100,,68631,11,,,0,100,,68632,11,,,0,100,,68633,11,,,0,100,,68634,11,,,0,100,,68635,11,,,0,100,,68636,11,,,0,99,,68637,11,,,0,100,,68638,11,,,0,100,,68639,11,,,0,100,,68640,11,,,0,100,,68641,11,,,0,100,,68642,11,,,0,100,,68643,11,,,0
6401,'20262610',641,,68644,11,,,0,99,,68645,11,,,0,101,,68646,11,,,0,100,,68647,11,,,0,100,,68648,11,,,0,100,,68649,11,,,0,100,,68650,11,,,0,100,,68651,11,,,0,100,,68652,11,,,0,100,,68653,11,,,0,100,,68654,11,,,0,99,,68655,11,,,0,100,,68656,11,,,0,100,,68657,11,,,0,100,,68658,11,,,0,100,,68659,11,,,0,100,,68660,11,,,0,100,,68661,11,,,0
6401,'20262611',641,,68662,11,,,0,99,,68663,11,,,0,101,,68664,11,,,0,100,,68665,11,,,0,100,,68666,11,,,0,100,,68667,11,,,0,100,,68668,11,,,0,100,,68669,11,,,0,100,,68670,11,,,0,100,,68671,11,,,0,100,,68672,11,,,0,99,,68673,11,,,0,100,,68674,11,,,0,100,,68675,11,,,0,100,,68676,11,,,0,100,,68677,11,,,0,100,,68678,11,,,0,100,,68679,11,,,0
8201,'20262010',619,,70952,103,,,0,30,,70953,103,,,0,71,,70954,103,,,0,30,,70955,103,,,0,70,,70970,103,,,0,29,,70967,103,,,0,70,,70973,88,,,0,101,,70961,88,,,0,100,,70956,103,,,0,100,,70962,88,,,0,101,,70957,103,,,0,100,,70963,88,,,0,100,,70969,103,,,0,102,,70964,88,,,0,30,,70968,103,,,0,70,,70972,19,,,0,27,,70958,103,,,0,170,,70959,103,,,0,99,,70971,103,,,0,100,,70965,88,,,0,128,,70966,103,,,0,170,,70960,103,,,0
8201,'20262011',619,,70974,103,,,0,30,,70975,103,,,0,71,,70976,103,,,0,30,,70977,103,,,0,70,,70992,103,,,0,29,,70989,103,,,0,70,,70995,88,,,0,101,,70983,88,,,0,100,,70978,103,,,0,100,,70984,88,,,0,101,,70979,103,,,0,100,,70985,88,,,0,100,,70991,103,,,0,102,,70986,88,,,0,30,,70990,103,,,0,70,,70994,19,,,0,27,,70980,103,,,0,170,,70981,103,,,0,99,,70993,103,,,0,100,,70987,88,,,0,128,,70988,103,,,0,170,,70982,103,,,0
8201,'20262510',717,,71011,103,,,0,100,,71005,103,,,0,100,,71006,103,,,0,101,,70999,88,,,0,101,,71009,103,,,0,100,,71000,88,,,0,101,,70996,103,,,0,100,,71001,88,,,0,100,,71007,103,,,0,100,,71002,88,,,0,100,,71008,103,,,0,99,,71003,103,,,0,99,,71010,88,,,0,99,,70997,103,,,0,100,,71004,88,,,0,129,,71012,88,,,0,170,,70998,103,,,0
8201,'20262511',717,,71028,103,,,0,100,,71022,103,,,0,100,,71023,103,,,0,101,,71016,88,,,0,101,,71026,103,,,0,100,,71017,88,,,0,101,,71013,103,,,0,100,,71018,88,,,0,100,,71024,103,,,0,100,,71019,88,,,0,100,,71025,103,,,0,99,,71020,103,,,0,99,,71027,88,,,0,99,,71014,103,,,0,100,,71021,88,,,0,129,,71029,88,,,0,170,,71015,103,,,0
8201,'20262610',717,,71046,103,,,0,100,,71045,103,,,0,100,,71041,103,,,0,101,,71043,88,,,0,101,,71042,103,,,0,100,,71044,88,,,0,101,,71035,103,,,0,100,,71030,88,,,0,100,,71039,103,,,0,100,,71031,88,,,0,100,,71038,103,,,0,99,,71032,103,,,0,99,,71040,88,,,0,99,,71036,103,,,0,100,,71034,88,,,0,129,,71033,88,,,0,170,,71037,103,,,0
8201,'20262611',717,,71063,103,,,0,100,,71062,103,,,0,100,,71058,103,,,0,101,,71060,88,,,0,101,,71059,103,,,0,100,,71061,88,,,0,101,,71052,103,,,0,100,,71047,88,,,0,100,,71056,103,,,0,100,,71048,88,,,0,100,,71055,103,,,0,99,,71049,103,,,0,99,,71057,88,,,0,99,,71053,103,,,0,100,,71051,88,,,0,129,,71050,88,,,0,170,,71054,103,,,0
18501,'20262010',650,,72752,23,,,0,90,,72753,23,,,0,96,,72754,23,,,0,75,,72756,23,,,0,848,,72755,11,,,0
18501,'20262011',650,,72757,23,,,0,90,,72758,23,,,0,96,,72759,23,,,0,75,,72761,23,,,0,848,,72760,11,,,0
