3100,'20262010',643,,65424,21,,,0,82,,65445,21,,,0,31,,65443,21,,,0,69,,65444,21,,,0,79,,65425,21,,,0,97,,65426,21,,,0,99,,65427,21,,,0,100,,65428,21,,,0,101,,65429,21,,,0,99,,65430,21,,,0,59,,65431,21,,,0,66,,65432,21,,,0,79,,65433,21,,,0,43,,65434,21,,,0,69,,65435,21,,,0,28,,65436,21,,,0,69,,65437,21,,,0,95,,65438,21,,,0,105,,65439,21,,,0,95,,65440,21,,,0,100,,65441,21,,,0,100,,65442,21,,,0,198,,65446,21,,,0
3100,'20262011',643,,65447,21,,,0,82,,65468,21,,,0,31,,65466,21,,,0,69,,65467,21,,,0,79,,65448,21,,,0,97,,65449,21,,,0,99,,65450,21,,,0,100,,65451,21,,,0,101,,65452,21,,,0,99,,65453,21,,,0,59,,65454,21,,,0,66,,65455,21,,,0,79,,65456,21,,,0,43,,65457,21,,,0,69,,65458,21,,,0,28,,65459,21,,,0,69,,65460,21,,,0,95,,65461,21,,,0,105,,65462,21,,,0,95,,65463,21,,,0,100,,65464,21,,,0,100,,65465,21,,,0,198,,65469,21,,,0
3100,'20262510',743,,65470,21,,,0,202,,65471,21,,,0,200,,65472,21,,,0,200,,65473,21,,,0,199,,65474,21,,,0,198,,65475,21,,,0,206,,65476,21,,,0,202,,65477,21,,,0,198,,65478,21,,,0,157,,65479,21,,,0
3100,'20262511',743,,65480,21,,,0,202,,65481,21,,,0,200,,65482,21,,,0,200,,65483,21,,,0,199,,65484,21,,,0,198,,65485,21,,,0,206,,65486,21,,,0,202,,65487,21,,,0,198,,65488,21,,,0,157,,65489,21,,,0
3100,'20262610',743,,65490,21,,,0,202,,65491,21,,,0,200,,65492,21,,,0,200,,65493,21,,,0,199,,65494,21,,,0,198,,65495,21,,,0,206,,65496,21,,,0,202,,65497,21,,,0,198,,65498,21,,,0,157,,65499,21,,,0
3100,'20262611',743,,65500,21,,,0,202,,65501,21,,,0,200,,65502,21,,,0,200,,65503,21,,,0,199,,65504,21,,,0,198,,65505,21,,,0,206,,65506,21,,,0,202,,65507,21,,,0,198,,65508,21,,,0,157,,65509,21,,,0
93100,'20262010',2614,,81224,54,,,0,125,,81225,75,,,0
93100,'20262011',2614,,81226,54,,,0,125,,81227,75,,,0
93100,'20262510',2614,,81228,54,,,0,125,,81229,75,,,0
93100,'20262511',2614,,81230,54,,,0,125,,81231,75,,,0
