5400,'20262010',620,,83577,2,,,1,33,,83578,2,,,1,69,,83556,2,,,1,33,,83579,2,,,1,69,,83557,2,,,1,29,,83580,2,,,1,69,,83558,2,,,1,30,,83581,2,,,1,71,,83559,2,,,1,30,,83582,2,,,1,70,,83560,2,,,1,30,,83561,2,,,1,70,,83575,2,,,1,31,,83583,2,,,1,68,,83562,2,,,1,30,,83584,2,,,1,70,,83563,2,,,1,31,,83585,2,,,1,67,,83564,2,,,1,34,,83574,15,,,1,75,,83571,15,,,1,78,,83573,15,,,1,22,,83572,15,,,1,15,,83586,2,,,1,58,,83565,2,,,1,28,,83566,2,,,1,72,,83576,2,,,1,98,,83567,2,,,1,102,,83568,2,,,1,99,,83569,2,,,1,104,,83570,2,,,1,102,,83587,2,,,1,95,,83588,2,,,1
5400,'20262510',700,,83589,2,,,1,100,,83590,2,,,1,100,,83591,2,,,1,59,,83610,2,,,1,99,,83611,2,,,1,100,,83604,2,,,1,70,,83592,2,,,1,29,,83605,2,,,1,71,,83593,2,,,1,30,,83606,2,,,1,69,,83594,2,,,1,31,,83607,2,,,1,72,,83595,2,,,1,24,,83608,2,,,1,75,,83596,2,,,1,74,,83609,2,,,1,33,,83597,2,,,1,64,,83598,2,,,1,101,,83599,2,,,1,99,,83600,2,,,1,100,,83601,2,,,1,101,,83602,2,,,1,99,,83603,2,,,1,102,,83612,2,,,1,99,,83613,2,,,1
5400,'20262610',700,,83626,2,,,1,100,,83620,2,,,1,100,,83627,2,,,1,59,,83634,2,,,1,99,,83636,2,,,1,100,,83617,2,,,1,70,,83628,2,,,1,29,,83618,2,,,1,71,,83622,2,,,1,30,,83631,2,,,1,69,,83623,2,,,1,31,,83632,2,,,1,72,,83616,2,,,1,24,,83635,2,,,1,75,,83624,2,,,1,74,,83633,2,,,1,33,,83621,2,,,1,64,,83614,2,,,1,101,,83619,2,,,1,99,,83625,2,,,1,100,,83629,2,,,1,101,,83615,2,,,1,99,,83630,2,,,1,102,,83638,2,,,1,99,,83637,2,,,1
5500,'20262010',656,,83720,2,,,0,150,,83721,2,,,0,47,,83722,2,,,0,100,,83723,2,,,0,99,,83724,2,,,0,72,,83742,2,,,0,30,,83725,2,,,0,73,,83726,2,,,0,100,,83727,2,,,0,92,,83728,2,,,0,28,,83741,2,,,0,76,,83729,2,,,0,34,,83730,2,,,0,67,,83731,2,,,0,33,,83732,2,,,0,74,,83733,2,,,0,74,,83734,2,,,0,45,,83735,2,,,0,89,,83736,2,,,0,100,,83737,2,,,0,102,,83738,2,,,0,102,,83739,2,,,0,101,,83740,2,,,0,98,,83743,2,,,0
5500,'20262510',732,,83744,2,,,0,99,,83745,2,,,0,100,,83746,2,,,0,99,,83747,2,,,0,100,,83748,2,,,0,100,,83749,2,,,0,101,,83750,2,,,0,97,,83751,2,,,0,104,,83752,2,,,0,97,,83753,2,,,0,103,,83754,2,,,0,98,,83755,2,,,0,100,,83756,2,,,0,100,,83757,2,,,0,100,,83758,2,,,0,99,,83759,2,,,0,99,,83760,2,,,0,100,,83761,2,,,0
5500,'20262610',732,,83777,2,,,0,99,,83763,2,,,0,100,,83771,2,,,0,99,,83770,2,,,0,100,,83764,2,,,0,100,,83776,2,,,0,101,,83775,2,,,0,97,,83773,2,,,0,104,,83769,2,,,0,97,,83772,2,,,0,103,,83768,2,,,0,98,,83766,2,,,0,100,,83765,2,,,0,100,,83762,2,,,0,100,,83778,2,,,0,99,,83767,2,,,0,99,,83774,2,,,0,100,,83779,2,,,0
5800,'20262010',700,,83965,2,,,0,102,,83966,2,,,0,30,,83950,2,,,0,70,,83967,2,,,0,36,,83962,2,,,0,103,,83968,2,,,0,100,,83951,2,,,0,100,,83952,2,,,0,100,,83969,2,,,0,100,,83961,2,,,0,70,,83953,2,,,0,24,,83954,2,,,0,68,,83955,2,,,0,31,,83956,2,,,0,79,,83957,2,,,0,29,,83958,2,,,0,69,,83971,2,,,0,31,,83960,2,,,0,99,,83970,2,,,0,101,,83963,2,,,0,99,,83964,2,,,0,100,,83959,2,,,0,98,,83972,2,,,0
5800,'20262510',733,,83982,2,,,0,99,,83973,2,,,0,101,,83983,2,,,0,99,,83980,2,,,0,100,,83984,2,,,0,100,,83974,2,,,0,100,,83975,2,,,0,100,,83985,2,,,0,101,,83986,2,,,0,103,,83981,2,,,0,103,,83976,2,,,0,95,,83977,2,,,0,98,,83987,2,,,0,100,,83988,2,,,0,100,,83989,2,,,0,100,,83978,2,,,0,100,,83979,2,,,0
5800,'20262610',733,,84003,2,,,0,99,,84001,2,,,0,101,,83997,2,,,0,99,,84000,2,,,0,100,,84005,2,,,0,100,,83992,2,,,0,100,,83990,2,,,0,100,,84004,2,,,0,101,,83994,2,,,0,103,,83991,2,,,0,103,,83998,2,,,0,95,,84002,2,,,0,98,,83996,2,,,0,100,,83995,2,,,0,100,,84006,2,,,0,100,,83999,2,,,0,100,,83993,2,,,0
25000,'20262010',1521,,86492,8,4,,0,32,,86493,8,4,,0,56,,86494,8,4,,0,14,,86495,8,4,,0,29,,86496,8,4,,0,70,,86497,8,4,,0,29,,86498,8,4,,0
25800,'20262010',1555,,86544,8,4,,0,71,,86545,8,4,,0,29,,86546,8,4,,0,69,,86547,8,4,,0
95400,'20262010',2548,,90483,15,,,0,170,,90484,15,,,0
95400,'20262510',2548,,90485,15,,,0,170,,90486,15,,,0
