7000,'20262010',636,,68702,10,,,0,16,,68715,10,,,0,62,,68716,10,,,0,22,,68703,10,,,0,20,,68717,10,,,0,62,,68718,10,,,0,20,,68704,10,,,0,21,,68719,10,,,0,60,,68720,10,,,0,20,,68705,10,,,0,20,,68721,10,,,0,59,,68722,10,,,0,18,,68706,10,,,0,20,,68723,10,,,0,60,,68724,10,,,0,20,,68707,10,,,0,21,,68725,10,,,0,58,,68726,10,,,0,20,,68708,10,,,0,18,,68727,10,,,0,63,,68728,10,,,0,19,,68709,10,,,0,19,,68729,10,,,0,61,,68730,10,,,0,19,,68710,10,,,0,18,,68731,10,,,0,61,,68732,10,,,0,21,,68711,10,,,0,23,,68733,10,,,0,63,,68734,10,,,0,23,,68712,10,,,0,62,,68735,10,,,0,21,,68736,10,,,0,18,,68713,10,,,0,61,,68737,10,,,0,19,,68738,10,,,0,20,,68714,10,,,0,63,,68739,10,,,0,30,,68740,10,,,0,70,,68741,10,,,0,30,,68742,10,,,0,70,,68743,10,,,0,30,,68744,10,,,0,70,,68745,10,,,0,30,,68746,10,,,0,70,,68747,10,,,0,30,,68748,10,,,0
7000,'20262011',636,,68749,10,,,0,16,,68762,10,,,0,62,,68763,10,,,0,22,,68750,10,,,0,20,,68764,10,,,0,62,,68765,10,,,0,20,,68751,10,,,0,21,,68766,10,,,0,60,,68767,10,,,0,20,,68752,10,,,0,20,,68768,10,,,0,59,,68769,10,,,0,18,,68753,10,,,0,20,,68770,10,,,0,60,,68771,10,,,0,20,,68754,10,,,0,21,,68772,10,,,0,58,,68773,10,,,0,20,,68755,10,,,0,18,,68774,10,,,0,63,,68775,10,,,0,19,,68756,10,,,0,19,,68776,10,,,0,61,,68777,10,,,0,19,,68757,10,,,0,18,,68778,10,,,0,61,,68779,10,,,0,21,,68758,10,,,0,23,,68780,10,,,0,63,,68781,10,,,0,23,,68759,10,,,0,62,,68782,10,,,0,21,,68783,10,,,0,18,,68760,10,,,0,61,,68784,10,,,0,19,,68785,10,,,0,20,,68761,10,,,0,63,,68786,10,,,0,30,,68787,10,,,0,70,,68788,10,,,0,30,,68789,10,,,0,70,,68790,10,,,0,30,,68791,10,,,0,70,,68792,10,,,0,30,,68793,10,,,0,70,,68794,10,,,0,30,,68795,10,,,0
7000,'20262510',637,,68796,10,,,0,70,,68814,10,,,0,30,,68797,10,,,0,70,,68815,10,,,0,30,,68798,10,,,0,70,,68816,10,,,0,30,,68799,10,,,0,70,,68817,10,,,0,30,,68800,10,,,0,70,,68818,10,,,0,30,,68801,10,,,0,70,,68819,10,,,0,30,,68802,10,,,0,70,,68820,10,,,0,30,,68803,10,,,0,70,,68821,10,,,0,30,,68804,10,,,0,70,,68822,10,,,0,30,,68805,10,,,0,70,,68823,10,,,0,30,,68806,10,,,0,70,,68824,10,,,0,30,,68807,10,,,0,70,,68825,10,,,0,30,,68808,10,,,0,70,,68829,10,,,0,30,,68826,10,,,0,70,,68809,10,,,0,30,,68827,10,,,0,70,,68810,10,,,0,30,,68813,10,,,0,70,,68811,10,,,0,30,,68828,10,,,0,70,,68812,10,,,0
7000,'20262511',637,,68830,10,,,0,70,,68848,10,,,0,30,,68831,10,,,0,70,,68849,10,,,0,30,,68832,10,,,0,70,,68850,10,,,0,30,,68833,10,,,0,70,,68851,10,,,0,30,,68834,10,,,0,70,,68852,10,,,0,30,,68835,10,,,0,70,,68853,10,,,0,30,,68836,10,,,0,70,,68854,10,,,0,30,,68837,10,,,0,70,,68855,10,,,0,30,,68838,10,,,0,70,,68856,10,,,0,30,,68839,10,,,0,70,,68857,10,,,0,30,,68840,10,,,0,70,,68858,10,,,0,30,,68841,10,,,0,70,,68859,10,,,0,30,,68842,10,,,0,70,,68863,10,,,0,30,,68860,10,,,0,70,,68843,10,,,0,30,,68861,10,,,0,70,,68844,10,,,0,30,,68847,10,,,0,70,,68845,10,,,0,30,,68862,10,,,0,70,,68846,10,,,0
7000,'20262610',637,,68864,10,,,0,70,,68881,10,,,0,30,,68865,10,,,0,70,,68882,10,,,0,30,,68866,10,,,0,70,,68883,10,,,0,30,,68867,10,,,0,70,,68884,10,,,0,30,,68868,10,,,0,70,,68885,10,,,0,30,,68869,10,,,0,70,,68886,10,,,0,30,,68870,10,,,0,70,,68887,10,,,0,30,,68871,10,,,0,70,,68888,10,,,0,30,,68872,10,,,0,70,,68889,10,,,0,30,,68873,10,,,0,70,,68890,10,,,0,30,,68874,10,,,0,70,,68891,10,,,0,30,,68875,10,,,0,70,,68892,10,,,0,30,,68876,10,,,0,70,,68893,10,,,0,30,,68877,10,,,0,70,,68894,10,,,0,30,,68878,10,,,0,70,,68896,10,,,0,30,,68879,10,,,0,70,,68895,10,,,0,30,,68880,10,,,0,70,,68897,10,,,0
7000,'20262611',637,,68898,10,,,0,70,,68915,10,,,0,30,,68899,10,,,0,70,,68916,10,,,0,30,,68900,10,,,0,70,,68917,10,,,0,30,,68901,10,,,0,70,,68918,10,,,0,30,,68902,10,,,0,70,,68919,10,,,0,30,,68903,10,,,0,70,,68920,10,,,0,30,,68904,10,,,0,70,,68921,10,,,0,30,,68905,10,,,0,70,,68922,10,,,0,30,,68906,10,,,0,70,,68923,10,,,0,30,,68907,10,,,0,70,,68924,10,,,0,30,,68908,10,,,0,70,,68925,10,,,0,30,,68909,10,,,0,70,,68926,10,,,0,30,,68910,10,,,0,70,,68927,10,,,0,30,,68911,10,,,0,70,,68928,10,,,0,30,,68912,10,,,0,70,,68930,10,,,0,30,,68913,10,,,0,70,,68929,10,,,0,30,,68914,10,,,0,70,,68931,10,,,0
8200,'20262010',637,,70853,35,,,0,70,,70836,35,,,0,100,,70857,35,,,0,30,,70843,35,,,0,70,,70852,35,,,0,100,,70844,35,,,0,100,,70851,35,,,0,100,,70845,35,,,0,100,,70837,35,,,0,100,,70846,35,,,0,100,,70850,35,,,0,100,,70847,35,,,0,30,,70838,35,,,0,70,,70839,35,,,0,30,,70840,35,,,0,70,,70841,35,,,0,30,,70848,35,,,0,70,,70849,35,,,0,100,,70855,35,,,0,100,,70854,35,,,0,100,,70856,35,,,0,130,,70842,35,,,0
8200,'20262011',637,,70875,35,,,0,70,,70858,35,,,0,100,,70879,35,,,0,30,,70865,35,,,0,70,,70874,35,,,0,100,,70866,35,,,0,100,,70873,35,,,0,100,,70867,35,,,0,100,,70859,35,,,0,100,,70868,35,,,0,100,,70872,35,,,0,100,,70869,35,,,0,30,,70860,35,,,0,70,,70861,35,,,0,30,,70862,35,,,0,70,,70863,35,,,0,30,,70870,35,,,0,70,,70871,35,,,0,100,,70877,35,,,0,100,,70876,35,,,0,100,,70878,35,,,0,130,,70864,35,,,0
8200,'20262510',707,,70894,35,,,0,100,,70880,35,,,0,100,,70884,35,,,0,100,,70885,35,,,0,100,,70892,35,,,0,100,,70886,35,,,0,100,,70881,35,,,0,100,,70887,35,,,0,100,,70893,35,,,0,100,,70888,35,,,0,100,,70896,35,,,0,100,,70882,35,,,0,100,,70889,35,,,0,100,,70891,35,,,0,100,,70895,35,,,0,100,,70890,35,,,0,130,,70883,35,,,0,170,,70897,35,,,0
8200,'20262511',707,,70912,35,,,0,100,,70898,35,,,0,100,,70902,35,,,0,100,,70903,35,,,0,100,,70910,35,,,0,100,,70904,35,,,0,100,,70899,35,,,0,100,,70905,35,,,0,100,,70911,35,,,0,100,,70906,35,,,0,100,,70914,35,,,0,100,,70900,35,,,0,100,,70907,35,,,0,100,,70909,35,,,0,100,,70913,35,,,0,100,,70908,35,,,0,130,,70901,35,,,0,170,,70915,35,,,0
8200,'20262610',707,,70928,35,,,0,100,,70929,35,,,0,100,,70925,35,,,0,100,,70930,35,,,0,100,,70924,35,,,0,100,,70926,35,,,0,100,,70919,35,,,0,100,,70916,35,,,0,100,,70922,35,,,0,100,,70923,35,,,0,100,,70932,35,,,0,100,,70920,35,,,0,100,,70917,35,,,0,100,,70927,35,,,0,100,,70931,35,,,0,100,,70918,35,,,0,130,,70921,35,,,0,170,,70933,35,,,0
8200,'20262611',707,,70946,35,,,0,100,,70947,35,,,0,100,,70943,35,,,0,100,,70948,35,,,0,100,,70942,35,,,0,100,,70944,35,,,0,100,,70937,35,,,0,100,,70934,35,,,0,100,,70940,35,,,0,100,,70941,35,,,0,100,,70950,35,,,0,100,,70938,35,,,0,100,,70935,35,,,0,100,,70945,35,,,0,100,,70949,35,,,0,100,,70936,35,,,0,130,,70939,35,,,0,170,,70951,35,,,0
98200,'20262010',2559,,81264,38,,,0
98200,'20262011',2559,,81265,38,,,0
98200,'20262510',2559,,81266,38,,,0
98200,'20262511',2559,,81267,38,,,0
