8201,'20262010',546,,85545,63,,,0,70,,85546,63,,,0,29,,85547,63,,,0,67,,85548,63,,,0,29,,85563,63,,,0,70,,85560,63,,,0,31,,85566,48,,,0,102,,85554,48,,,0,101,,85549,63,,,0,99,,85555,48,,,0,100,,85550,63,,,0,101,,85556,48,,,0,100,,85562,63,,,0,98,,85557,48,,,0,69,,85561,63,,,0,100,,85551,63,,,0,133,,85552,63,,,0,100,,85564,63,,,0,100,,85558,48,,,0,170,,85559,63,,,0,130,,85553,63,,,0
8201,'20262510',647,,85582,63,,,0,98,,85576,63,,,0,100,,85577,63,,,0,100,,85570,48,,,0,100,,85580,63,,,0,100,,85571,48,,,0,100,,85567,63,,,0,100,,85572,48,,,0,100,,85578,63,,,0,100,,85573,48,,,0,100,,85579,63,,,0,100,,85574,63,,,0,101,,85581,48,,,0,101,,85568,63,,,0,100,,85575,48,,,0,170,,85583,48,,,0,130,,85569,63,,,0
8201,'20262610',647,,85600,63,,,0,98,,85599,63,,,0,100,,85595,63,,,0,100,,85597,48,,,0,100,,85596,63,,,0,100,,85598,48,,,0,100,,85589,63,,,0,100,,85584,48,,,0,100,,85593,63,,,0,100,,85585,48,,,0,100,,85592,63,,,0,100,,85586,63,,,0,101,,85594,48,,,0,101,,85590,63,,,0,100,,85588,48,,,0,170,,85587,48,,,0,130,,85591,63,,,0
8201,'20263010',550,,97984,63,0,5 6,0,72,,97985,63,0,5 6,0,28,,97986,63,0,5 6,0,69,,97987,63,0,5 6,0,35,,98001,63,0,5 6,0,77,,97998,63,0,5 6,0,75,,98003,63,0,5 6,0,100,,97988,63,0,5 6,0,101,,97993,48,0,5 6,0,94,,97989,63,0,5 6,0,99,,97994,48,0,5 6,0,57,,98000,63,0,5 6,0,95,,97995,48,0,5 6,0,148,,97999,63,0,5 6,0,100,,97996,48,0,5 6,0,54,,97990,63,0,5 6,0,93,,97991,63,0,5 6,0,68,,98002,63,0,5 6,0,100,,98004,63,0,5 6,0,130,,97997,48,0,5 6,0,172,,97992,63,0,5 6,0
8201,'20263510',645,,98020,63,0,5 6,0,99,,98014,48,0,5 6,0,100,,98015,63,0,5 6,0,100,,98008,48,0,5 6,0,100,,98018,63,0,5 6,0,100,,98009,48,0,5 6,0,100,,98005,63,0,5 6,0,100,,98010,48,0,5 6,0,100,,98016,63,0,5 6,0,100,,98011,48,0,5 6,0,100,,98017,63,0,5 6,0,101,,98012,48,0,5 6,0,101,,98019,63,0,5 6,0,100,,98006,48,0,5 6,0,100,,98013,63,0,5 6,0,170,,98021,48,0,5 6,0,130,,98007,63,0,5 6,0
8201,'20263511',645,,98037,63,0,5 6,0,99,,98031,48,0,5 6,0,100,,98032,63,0,5 6,0,100,,98025,48,0,5 6,0,100,,98035,63,0,5 6,0,100,,98026,48,0,5 6,0,100,,98022,63,0,5 6,0,100,,98027,48,0,5 6,0,100,,98033,63,0,5 6,0,100,,98028,48,0,5 6,0,100,,98034,63,0,5 6,0,101,,98029,48,0,5 6,0,101,,98036,63,0,5 6,0,100,,98023,48,0,5 6,0,100,,98030,63,0,5 6,0,170,,98038,48,0,5 6,0,130,,98024,63,0,5 6,0
8201,'20263610',645,,98055,63,0,5 6,0,99,,98054,48,0,5 6,0,100,,98050,63,0,5 6,0,100,,98052,48,0,5 6,0,100,,98051,63,0,5 6,0,100,,98053,48,0,5 6,0,100,,98044,63,0,5 6,0,100,,98039,48,0,5 6,0,100,,98048,63,0,5 6,0,100,,98040,48,0,5 6,0,100,,98047,63,0,5 6,0,101,,98041,48,0,5 6,0,101,,98049,63,0,5 6,0,100,,98045,48,0,5 6,0,100,,98043,63,0,5 6,0,170,,98042,48,0,5 6,0,130,,98046,63,0,5 6,0
8201,'20263611',645,,98072,63,0,5 6,0,99,,98071,48,0,5 6,0,100,,98067,63,0,5 6,0,100,,98069,48,0,5 6,0,100,,98068,63,0,5 6,0,100,,98070,48,0,5 6,0,100,,98061,63,0,5 6,0,100,,98056,48,0,5 6,0,100,,98065,63,0,5 6,0,100,,98057,48,0,5 6,0,100,,98064,63,0,5 6,0,101,,98058,48,0,5 6,0,101,,98066,63,0,5 6,0,100,,98062,48,0,5 6,0,100,,98060,63,0,5 6,0,170,,98059,48,0,5 6,0,130,,98063,63,0,5 6,0
38201,'20263010',627,,99890,32,,,0,12,,99894,32,,,0,13,,99893,32,,,0,51,,99891,32,,,0,28,,99895,32,,,0,176,,99892,32,,,0,200,,99889,32,,,0
58201,'20262010',636,,86837,32,,,0,11,,86839,32,,,0,57,,86838,32,,,0,28,,86840,32,,,0
58201,'20263010',630,,100084,32,,,0,12,,100082,32,,,0,62,,100085,32,,,0,14,,100083,32,,,0,15,,100086,32,,,0
