101,'20262010',551,,81377,16,,,1,59,,81378,16,,,1,21,,81415,16,,,1,21,,81379,16,,,1,54,,81416,16,,,1,16,,81380,16,,,1,16,,81417,16,,,1,15,,81381,16,,,1,54,,81407,16,,,1,15,,81382,16,,,1,15,,81413,16,,,1,14,,81383,16,,,1,55,,81384,16,,,1,29,,81385,16,,,1,69,,81386,16,,,1,29,,81387,16,,,1,70,,81388,16,,,1,30,,81389,16,,,1,69,,81390,16,,,1,29,,81391,16,,,1,69,,81392,16,,,1,29,,81393,16,,,1,29,,81394,16,,,1,70,,81395,16,,,1,29,,81396,16,,,1,55,,81397,16,,,1,14,,81398,16,,,1,12,,81418,16,,,1,18,,81414,16,,,1,55,,81399,16,,,1,21,,81400,16,,,1,22,,81412,16,,,1,64,,81401,16,,,1,32,,81402,16,,,1,70,,81403,16,,,1,33,,81404,16,,,1,70,,81405,16,,,1,30,,81406,16,,,1,103,,81411,16,,,1,100,,81408,16,,,1,103,,81409,16,,,1,141,,81410,16,,,1
101,'20262510',603,,81442,16,,,1,99,,81419,16,,,1,100,,81420,16,,,1,57,,81421,16,,,1,99,,81422,16,,,1,99,,81423,16,,,1,69,,81441,16,,,1,29,,81424,16,,,1,70,,81425,16,,,1,30,,81426,16,,,1,70,,81427,16,,,1,30,,81428,16,,,1,69,,81429,16,,,1,30,,81430,16,,,1,70,,81431,16,,,1,30,,81432,16,,,1,71,,81433,16,,,1,30,,81434,16,,,1,101,,81435,16,,,1,101,,81436,16,,,1,101,,81437,16,,,1,101,,81438,16,,,1,141,,81439,16,,,1,102,,81440,16,,,1,101,,81443,16,,,1
101,'20262610',603,,81467,16,,,1,99,,81444,16,,,1,100,,81445,16,,,1,57,,81446,16,,,1,99,,81447,16,,,1,99,,81448,16,,,1,69,,81466,16,,,1,29,,81449,16,,,1,70,,81450,16,,,1,30,,81451,16,,,1,70,,81452,16,,,1,30,,81453,16,,,1,69,,81454,16,,,1,30,,81455,16,,,1,70,,81456,16,,,1,30,,81457,16,,,1,71,,81458,16,,,1,30,,81459,16,,,1,101,,81460,16,,,1,101,,81461,16,,,1,101,,81462,16,,,1,101,,81463,16,,,1,141,,81464,16,,,1,102,,81465,16,,,1,101,,81468,16,,,1
101,'20263010',550,,90642,16,,,1,60,,90643,16,,,1,20,,90680,16,,,1,18,,90644,16,,,1,53,,90681,16,,,1,16,,90645,16,,,1,16,,90682,16,,,1,17,,90646,16,,,1,53,,90672,16,,,1,15,,90647,16,,,1,15,,90678,16,,,1,16,,90648,16,,,1,55,,90649,16,,,1,30,,90650,16,,,1,68,,90651,16,,,1,29,,90652,16,,,1,70,,90653,16,,,1,30,,90654,16,,,1,70,,90655,16,,,1,29,,90656,16,,,1,70,,90657,16,,,1,30,,90658,16,,,1,70,,90659,16,,,1,30,,90660,16,,,1,29,,90661,16,,,1,55,,90662,16,,,1,13,,90663,16,,,1,14,,90683,16,,,1,15,,90679,16,,,1,56,,90664,16,,,1,16,,90665,16,,,1,23,,90677,16,,,1,70,,90666,16,,,1,32,,90667,16,,,1,73,,90668,16,,,1,30,,90669,16,,,1,70,,90670,16,,,1,31,,90671,16,,,1,100,,90676,16,,,1,101,,90673,16,,,1,100,,90674,16,,,1,100,,90675,16,,,1
101,'20263510',601,,90707,16,,,1,99,,90684,16,,,1,100,,90685,16,,,1,100,,90686,16,,,1,58,,90687,16,,,1,99,,90688,16,,,1,69,,90706,16,,,1,31,,90689,16,,,1,69,,90690,16,,,1,31,,90691,16,,,1,68,,90692,16,,,1,30,,90693,16,,,1,70,,90694,16,,,1,30,,90695,16,,,1,70,,90696,16,,,1,29,,90697,16,,,1,71,,90698,16,,,1,30,,90699,16,,,1,102,,90700,16,,,1,102,,90701,16,,,1,141,,90702,16,,,1,100,,90703,16,,,1,101,,90704,16,,,1,100,,90705,16,,,1,100,,90708,16,,,1
101,'20263511',601,,90732,16,,,1,99,,90709,16,,,1,100,,90710,16,,,1,100,,90711,16,,,1,58,,90712,16,,,1,99,,90713,16,,,1,69,,90731,16,,,1,31,,90714,16,,,1,69,,90715,16,,,1,31,,90716,16,,,1,68,,90717,16,,,1,30,,90718,16,,,1,70,,90719,16,,,1,30,,90720,16,,,1,70,,90721,16,,,1,29,,90722,16,,,1,71,,90723,16,,,1,30,,90724,16,,,1,102,,90725,16,,,1,102,,90726,16,,,1,141,,90727,16,,,1,100,,90728,16,,,1,101,,90729,16,,,1,100,,90730,16,,,1,100,,90733,16,,,1
101,'20263610',601,,90757,16,,,1,99,,90734,16,,,1,100,,90735,16,,,1,100,,90736,16,,,1,58,,90737,16,,,1,99,,90738,16,,,1,69,,90756,16,,,1,31,,90739,16,,,1,69,,90740,16,,,1,31,,90741,16,,,1,68,,90742,16,,,1,30,,90743,16,,,1,70,,90744,16,,,1,30,,90745,16,,,1,70,,90746,16,,,1,29,,90747,16,,,1,71,,90748,16,,,1,30,,90749,16,,,1,102,,90750,16,,,1,102,,90751,16,,,1,141,,90752,16,,,1,100,,90753,16,,,1,101,,90754,16,,,1,100,,90755,16,,,1,100,,90758,16,,,1
101,'20263611',601,,90782,16,,,1,99,,90759,16,,,1,100,,90760,16,,,1,100,,90761,16,,,1,58,,90762,16,,,1,99,,90763,16,,,1,69,,90781,16,,,1,31,,90764,16,,,1,69,,90765,16,,,1,31,,90766,16,,,1,68,,90767,16,,,1,30,,90768,16,,,1,70,,90769,16,,,1,30,,90770,16,,,1,70,,90771,16,,,1,29,,90772,16,,,1,71,,90773,16,,,1,30,,90774,16,,,1,102,,90775,16,,,1,102,,90776,16,,,1,141,,90777,16,,,1,100,,90778,16,,,1,101,,90779,16,,,1,100,,90780,16,,,1,100,,90783,16,,,1
902,'20262010',1557,,81824,30,0,18 17,0,70,,81821,30,0,18 17,0,73,,81822,30,0,18 17,0,52,,81823,30,0,18 17,0,698,,81825,30,0,18 17,0
902,'20263010',1557,,91780,28,0,19 6,0,71,,91777,28,0,19 6,0,30,,91778,28,0,19 6,0,95,,91779,28,0,19 6,0,698,,91781,28,0,19 6,0
1802,'20262010',640,,82291,25,,,0,19,,82292,25,,,0,62,,82322,25,,,0,15,,82293,25,,,0,72,,82294,25,,,0,30,,82295,25,,,0,68,,82296,25,,,0,30,,82297,25,,,0,68,,82298,25,,,0,30,,82299,25,,,0,70,,82300,25,,,0,30,,82324,25,,,0,20,,82301,25,,,0,61,,82302,25,,,0,20,,82303,25,,,0,70,,82304,25,,,0,30,,82305,25,,,0,71,,82306,25,,,0,30,,82307,25,,,0,72,,82308,25,,,0,33,,82309,25,,,0,70,,82310,25,,,0,31,,82311,25,,,0,70,,82312,25,,,0,14,,82313,25,,,0,15,,82314,25,,,0,68,,82315,25,,,0,27,,82316,25,,,0,68,,82323,25,,,0,30,,82325,25,,,0,99,,82320,25,,,0,99,,82318,25,,,0,99,,82321,25,,,0,100,,82317,25,,,0,99,,82319,25,,,0
1802,'20262510',716,,82341,25,,,0,100,,82327,25,,,0,101,,82328,25,,,0,100,,82329,25,,,0,101,,82330,25,,,0,97,,82331,25,,,0,97,,82332,25,,,0,104,,82333,25,,,0,104,,82334,25,,,0,95,,82335,25,,,0,110,,82336,25,,,0,95,,82337,25,,,0,100,,82338,25,,,0,95,,82339,25,,,0,101,,82340,25,,,0,100,,82326,25,,,0,100,,82342,25,,,0
1802,'20262610',716,,82358,25,,,0,100,,82344,25,,,0,101,,82345,25,,,0,100,,82346,25,,,0,101,,82347,25,,,0,97,,82348,25,,,0,97,,82349,25,,,0,104,,82350,25,,,0,104,,82351,25,,,0,95,,82352,25,,,0,110,,82353,25,,,0,95,,82354,25,,,0,100,,82355,25,,,0,95,,82356,25,,,0,101,,82357,25,,,0,100,,82343,25,,,0,100,,82359,25,,,0
1802,'20263010',636,,92527,25,,,0,21,,92528,25,,,0,61,,92560,25,,,0,17,,92529,25,,,0,17,,92561,25,,,0,56,,92530,25,,,0,31,,92531,25,,,0,69,,92532,25,,,0,31,,92533,25,,,0,70,,92534,25,,,0,29,,92535,25,,,0,70,,92536,25,,,0,31,,92567,25,,,0,20,,92537,25,,,0,59,,92538,25,,,0,21,,92539,25,,,0,70,,92540,25,,,0,30,,92541,25,,,0,70,,92542,25,,,0,30,,92543,25,,,0,73,,92544,25,,,0,11,,92563,25,,,0,10,,92568,25,,,0,11,,92545,25,,,0,11,,92564,25,,,0,51,,92569,25,,,0,14,,92546,25,,,0,14,,92565,25,,,0,12,,92547,25,,,0,59,,92566,25,,,0,14,,92548,25,,,0,16,,92549,25,,,0,12,,92550,25,,,0,12,,92551,25,,,0,54,,92552,25,,,0,14,,92553,25,,,0,13,,92554,25,,,0,69,,92562,25,,,0,30,,92570,25,,,0,99,,92558,25,,,0,99,,92556,25,,,0,99,,92559,25,,,0,98,,92555,25,,,0,101,,92557,25,,,0
1802,'20263510',716,,92586,25,,,0,100,,92572,25,,,0,101,,92573,25,,,0,100,,92574,25,,,0,99,,92575,25,,,0,95,,92576,25,,,0,101,,92577,25,,,0,105,,92578,25,,,0,98,,92579,25,,,0,100,,92580,25,,,0,110,,92581,25,,,0,95,,92582,25,,,0,100,,92583,25,,,0,95,,92584,25,,,0,101,,92585,25,,,0,100,,92571,25,,,0,100,,92587,25,,,0
1802,'20263511',716,,92603,25,,,0,100,,92589,25,,,0,101,,92590,25,,,0,100,,92591,25,,,0,99,,92592,25,,,0,95,,92593,25,,,0,101,,92594,25,,,0,105,,92595,25,,,0,98,,92596,25,,,0,100,,92597,25,,,0,110,,92598,25,,,0,95,,92599,25,,,0,100,,92600,25,,,0,95,,92601,25,,,0,101,,92602,25,,,0,100,,92588,25,,,0,100,,92604,25,,,0
1802,'20263610',716,,92620,25,,,0,100,,92606,25,,,0,101,,92607,25,,,0,100,,92608,25,,,0,99,,92609,25,,,0,95,,92610,25,,,0,101,,92611,25,,,0,105,,92612,25,,,0,98,,92613,25,,,0,100,,92614,25,,,0,110,,92615,25,,,0,95,,92616,25,,,0,100,,92617,25,,,0,95,,92618,25,,,0,101,,92619,25,,,0,100,,92605,25,,,0,100,,92621,25,,,0
1802,'20263611',716,,92637,25,,,0,100,,92623,25,,,0,101,,92624,25,,,0,100,,92625,25,,,0,99,,92626,25,,,0,95,,92627,25,,,0,101,,92628,25,,,0,105,,92629,25,,,0,98,,92630,25,,,0,100,,92631,25,,,0,110,,92632,25,,,0,95,,92633,25,,,0,100,,92634,25,,,0,95,,92635,25,,,0,101,,92636,25,,,0,100,,92622,25,,,0,100,,92638,25,,,0
1900,'20262010',622,,82428,20,,,0,99,,82429,20,,,0,101,,82430,20,,,0,31,,82431,20,,,0,100,,82432,20,,,0,99,,82433,20,,,0,100,,82434,20,,,0,99,,82435,20,,,0,100,,82436,20,,,0,100,,82437,20,,,0,67,,82438,20,,,0,30,,82439,20,,,0,64,,82440,20,,,0,35,,82441,20,,,0,72,,82442,20,,,0,31,,82443,20,,,0,70,,82444,20,,,0,31,,82445,20,,,0,101,,82446,20,,,0,101,,82447,20,,,0,100,,82448,20,,,0,100,,82449,20,,,0,100,,82450,20,,,0
1900,'20262510',644,,82451,20,,,0,101,,82452,20,,,0,104,,82453,20,,,0,101,,82454,20,,,0,106,,82455,20,,,0,98,,82456,20,,,0,100,,82457,20,,,0,95,,82458,20,,,0,101,,82459,20,,,0,105,,82460,20,,,0,91,,82461,20,,,0,108,,82462,20,,,0,97,,82463,20,,,0,99,,82464,20,,,0,103,,82465,20,,,0,102,,82466,20,,,0,102,,82467,20,,,0,102,,82468,20,,,0
1900,'20262610',644,,82469,20,,,0,101,,82470,20,,,0,104,,82471,20,,,0,101,,82472,20,,,0,106,,82473,20,,,0,98,,82474,20,,,0,100,,82475,20,,,0,95,,82476,20,,,0,101,,82477,20,,,0,105,,82478,20,,,0,91,,82479,20,,,0,108,,82480,20,,,0,97,,82481,20,,,0,99,,82482,20,,,0,103,,82483,20,,,0,102,,82484,20,,,0,102,,82485,20,,,0,102,,82486,20,,,0
1900,'20263010',620,,92751,20,,,0,105,,92752,20,,,0,31,,92753,20,,,0,66,,92754,20,,,0,31,,92755,20,,,0,100,,92756,20,,,0,100,,92757,20,,,0,100,,92758,20,,,0,100,,92759,20,,,0,100,,92760,20,,,0,98,,92761,20,,,0,70,,92762,20,,,0,26,,92763,20,,,0,71,,92764,20,,,0,29,,92765,20,,,0,73,,92766,20,,,0,31,,92767,20,,,0,71,,92768,20,,,0,31,,92769,20,,,0,100,,92770,20,,,0,101,,92771,20,,,0,100,,92772,20,,,0,100,,92773,20,,,0,100,,92774,20,,,0
1900,'20263510',649,,92775,20,,,0,100,,92776,20,,,0,99,,92777,20,,,0,99,,92778,20,,,0,101,,92779,20,,,0,100,,92780,20,,,0,98,,92781,20,,,0,100,,92782,20,,,0,101,,92783,20,,,0,100,,92784,20,,,0,100,,92785,20,,,0,101,,92786,20,,,0,99,,92787,20,,,0,101,,92788,20,,,0,100,,92789,20,,,0,100,,92790,20,,,0,100,,92791,20,,,0,101,,92792,20,,,0
1900,'20263511',649,,92793,20,,,0,100,,92794,20,,,0,99,,92795,20,,,0,99,,92796,20,,,0,101,,92797,20,,,0,100,,92798,20,,,0,98,,92799,20,,,0,100,,92800,20,,,0,101,,92801,20,,,0,100,,92802,20,,,0,100,,92803,20,,,0,101,,92804,20,,,0,99,,92805,20,,,0,101,,92806,20,,,0,100,,92807,20,,,0,100,,92808,20,,,0,100,,92809,20,,,0,101,,92810,20,,,0
1900,'20263610',649,,92811,20,,,0,100,,92812,20,,,0,99,,92813,20,,,0,99,,92814,20,,,0,101,,92815,20,,,0,100,,92816,20,,,0,98,,92817,20,,,0,100,,92818,20,,,0,101,,92819,20,,,0,100,,92820,20,,,0,100,,92821,20,,,0,101,,92822,20,,,0,99,,92823,20,,,0,101,,92824,20,,,0,100,,92825,20,,,0,100,,92826,20,,,0,100,,92828,20,,,0,101,,92827,20,,,0
1900,'20263611',649,,92829,20,,,0,100,,92830,20,,,0,99,,92831,20,,,0,99,,92832,20,,,0,101,,92833,20,,,0,100,,92834,20,,,0,98,,92835,20,,,0,100,,92836,20,,,0,101,,92837,20,,,0,100,,92838,20,,,0,100,,92839,20,,,0,101,,92840,20,,,0,99,,92841,20,,,0,101,,92842,20,,,0,100,,92843,20,,,0,100,,92844,20,,,0,100,,92846,20,,,0,101,,92845,20,,,0
2902,'20262010',1605,,82772,38,0,18 17,0,32,,82770,38,0,18 17,0,76,,82773,38,0,18 17,0,37,,82771,38,0,18 17,0,9,,82774,38,0,18 17,0
2902,'20263010',1606,,93315,38,0,19 6,0,32,,93313,38,0,19 6,0,68,,93316,38,0,19 6,0,45,,93314,38,0,19 6,0,49,,93317,38,0,19 6,0
7101,'20263010',636,,96385,44,,,0,17,,96384,44,,,0,63,,96339,44,,,0,23,,96340,44,,,0,62,,96341,44,,,0,21,,96342,44,,,0,17,,96343,44,,,0,19,,96344,44,,,0,58,,96345,44,,,0,20,,96346,44,,,0,17,,96347,44,,,0,59,,96348,44,,,0,25,,96349,44,,,0,20,,96350,44,,,0,59,,96351,44,,,0,20,,96352,44,,,0,17,,96353,44,,,0,59,,96354,44,,,0,21,,96355,44,,,0,21,,96356,44,,,0,60,,96357,44,,,0,21,,96358,44,,,0,21,,96359,44,,,0,61,,96360,44,,,0,23,,96361,44,,,0,62,,96362,44,,,0,21,,96363,44,,,0,22,,96364,44,,,0,60,,96365,44,,,0,23,,96366,44,,,0,19,,96367,44,,,0,61,,96368,44,,,0,20,,96369,44,,,0,17,,96370,44,,,0,59,,96371,44,,,0,20,,96372,44,,,0,20,,96373,44,,,0,58,,96374,44,,,0,20,,96375,44,,,0,21,,96376,44,,,0,70,,96377,44,,,0,29,,96378,44,,,0,70,,96379,44,,,0,29,,96381,44,,,0,70,,96382,44,,,0,30,,96383,44,,,0,70,,96380,44,,,0
7101,'20263510',739,,96386,44,,,0,70,,96387,44,,,0,30,,96388,44,,,0,72,,96389,44,,,0,30,,96390,44,,,0,71,,96391,44,,,0,30,,96392,44,,,0,71,,96393,44,,,0,30,,96394,44,,,0,70,,96395,44,,,0,29,,96396,44,,,0,71,,96397,44,,,0,31,,96398,44,,,0,70,,96399,44,,,0,30,,96400,44,,,0,72,,96401,44,,,0,28,,96402,44,,,0,70,,96403,44,,,0,31,,96404,44,,,0,70,,96405,44,,,0,29,,96406,44,,,0,69,,96407,44,,,0,28,,96408,44,,,0,69,,96409,44,,,0,30,,96410,44,,,0,68,,96411,44,,,0,31,,96412,44,,,0,70,,96413,44,,,0,31,,96414,44,,,0,70,,96415,44,,,0,30,,96416,44,,,0,70,,96417,44,,,0,31,,96418,44,,,0
7101,'20263511',739,,96419,44,,,0,70,,96420,44,,,0,30,,96421,44,,,0,72,,96422,44,,,0,30,,96423,44,,,0,71,,96424,44,,,0,30,,96425,44,,,0,71,,96426,44,,,0,30,,96427,44,,,0,70,,96428,44,,,0,29,,96429,44,,,0,71,,96430,44,,,0,31,,96431,44,,,0,70,,96432,44,,,0,30,,96433,44,,,0,72,,96434,44,,,0,28,,96435,44,,,0,70,,96436,44,,,0,31,,96437,44,,,0,70,,96438,44,,,0,29,,96439,44,,,0,69,,96440,44,,,0,28,,96441,44,,,0,69,,96442,44,,,0,30,,96443,44,,,0,68,,96444,44,,,0,31,,96445,44,,,0,70,,96446,44,,,0,31,,96447,44,,,0,70,,96448,44,,,0,30,,96449,44,,,0,70,,96450,44,,,0,31,,96451,44,,,0
7101,'20263610',739,,96452,44,,,0,70,,96453,44,,,0,30,,96454,44,,,0,72,,96455,44,,,0,30,,96456,44,,,0,71,,96457,44,,,0,30,,96458,44,,,0,71,,96459,44,,,0,30,,96460,44,,,0,70,,96461,44,,,0,29,,96462,44,,,0,71,,96463,44,,,0,31,,96464,44,,,0,70,,96465,44,,,0,30,,96466,44,,,0,72,,96467,44,,,0,28,,96468,44,,,0,70,,96469,44,,,0,31,,96470,44,,,0,70,,96471,44,,,0,29,,96472,44,,,0,69,,96473,44,,,0,28,,96474,44,,,0,69,,96475,44,,,0,30,,96476,44,,,0,68,,96477,44,,,0,31,,96478,44,,,0,70,,96479,44,,,0,31,,96480,44,,,0,70,,96481,44,,,0,30,,96482,44,,,0,70,,96483,44,,,0,31,,96484,44,,,0
7101,'20263611',739,,96485,44,,,0,70,,96486,44,,,0,30,,96487,44,,,0,72,,96488,44,,,0,30,,96489,44,,,0,71,,96490,44,,,0,30,,96491,44,,,0,71,,96492,44,,,0,30,,96493,44,,,0,70,,96494,44,,,0,29,,96495,44,,,0,71,,96496,44,,,0,31,,96497,44,,,0,70,,96498,44,,,0,30,,96499,44,,,0,72,,96500,44,,,0,28,,96501,44,,,0,70,,96502,44,,,0,31,,96503,44,,,0,70,,96504,44,,,0,29,,96505,44,,,0,69,,96506,44,,,0,28,,96507,44,,,0,69,,96508,44,,,0,30,,96509,44,,,0,68,,96510,44,,,0,31,,96511,44,,,0,70,,96512,44,,,0,31,,96513,44,,,0,70,,96514,44,,,0,30,,96515,44,,,0,70,,96516,44,,,0,31,,96517,44,,,0
8001,'20262010',645,,85265,80,0,16 17,0,72,,85266,80,0,16 17,0,32,,85267,80,0,16 17,0,70,,85268,80,0,16 17,0,28,,85269,80,0,16 17,0,69,,85270,80,0,16 17,0,29,,85271,80,0,16 17,0,70,,85272,80,0,16 17,0,30,,85273,80,0,16 17,0,70,,85274,80,0,16 17,0,30,,85275,80,0,16 17,0,71,,85276,80,0,16 17,0,30,,85277,80,0,16 17,0,71,,85278,80,0,16 17,0,29,,85279,80,0,16 17,0,70,,85280,80,0,16 17,0,31,,85281,80,0,16 17,0,71,,85282,80,0,16 17,0,32,,85283,80,0,16 17,0,71,,85284,80,0,16 17,0,31,,85285,80,0,16 17,0,70,,85286,80,0,16 17,0,26,,85287,80,0,16 17,0,67,,85288,80,0,16 17,0,29,,85289,80,0,16 17,0,70,,85290,80,0,16 17,0,30,,85296,80,0,16 17,0,70,,85291,43,0,16 17,0,29,,85297,80,0,16 17,0,70,,85292,43,0,16 17,0,30,,85298,80,0,16 17,0,70,,85293,43,0,16 17,0,30,,85299,80,0,16 17,0,70,,85294,43,0,16 17,0,30,,85300,80,0,16 17,0,70,,85295,80,0,16 17,0
8001,'20262510',643,,85332,80,0,16 17,0,70,,85301,80,0,16 17,0,30,,85319,80,0,16 17,0,70,,85302,80,0,16 17,0,30,,85320,80,0,16 17,0,70,,85303,80,0,16 17,0,30,,85321,80,0,16 17,0,70,,85304,80,0,16 17,0,30,,85322,80,0,16 17,0,71,,85305,80,0,16 17,0,30,,85323,80,0,16 17,0,71,,85306,80,0,16 17,0,30,,85324,80,0,16 17,0,70,,85307,80,0,16 17,0,30,,85325,80,0,16 17,0,70,,85308,80,0,16 17,0,30,,85326,80,0,16 17,0,70,,85309,80,0,16 17,0,30,,85327,80,0,16 17,0,70,,85310,80,0,16 17,0,29,,85328,80,0,16 17,0,70,,85311,80,0,16 17,0,30,,85329,80,0,16 17,0,70,,85312,80,0,16 17,0,29,,85330,80,0,16 17,0,70,,85313,80,0,16 17,0,30,,85331,80,0,16 17,0,70,,85314,80,0,16 17,0,30,,85336,43,0,16 17,0,70,,85315,80,0,16 17,0,30,,85335,43,0,16 17,0,70,,85316,80,0,16 17,0,30,,85334,43,0,16 17,0,70,,85317,80,0,16 17,0,30,,85333,43,0,16 17,0,69,,85318,80,0,16 17,0
8001,'20262610',643,,85368,80,0,16 17,0,70,,85337,80,0,16 17,0,30,,85355,80,0,16 17,0,70,,85338,80,0,16 17,0,30,,85356,80,0,16 17,0,70,,85339,80,0,16 17,0,30,,85357,80,0,16 17,0,70,,85340,80,0,16 17,0,30,,85358,80,0,16 17,0,71,,85341,80,0,16 17,0,30,,85359,80,0,16 17,0,71,,85342,80,0,16 17,0,30,,85360,80,0,16 17,0,70,,85343,80,0,16 17,0,30,,85361,80,0,16 17,0,70,,85344,80,0,16 17,0,30,,85362,80,0,16 17,0,70,,85345,80,0,16 17,0,30,,85363,80,0,16 17,0,70,,85346,80,0,16 17,0,29,,85364,80,0,16 17,0,70,,85347,80,0,16 17,0,30,,85365,80,0,16 17,0,70,,85348,80,0,16 17,0,29,,85366,80,0,16 17,0,70,,85349,80,0,16 17,0,30,,85367,80,0,16 17,0,70,,85350,80,0,16 17,0,30,,85369,43,0,16 17,0,70,,85351,80,0,16 17,0,30,,85370,43,0,16 17,0,70,,85352,80,0,16 17,0,30,,85371,43,0,16 17,0,70,,85353,80,0,16 17,0,30,,85372,43,0,16 17,0,69,,85354,80,0,16 17,0
8001,'20263010',649,,97531,80,0,5 6,0,71,,97532,80,0,5 6,0,32,,97533,80,0,5 6,0,70,,97534,80,0,5 6,0,27,,97535,80,0,5 6,0,69,,97536,80,0,5 6,0,29,,97537,80,0,5 6,0,70,,97538,80,0,5 6,0,30,,97539,80,0,5 6,0,70,,97540,80,0,5 6,0,30,,97541,80,0,5 6,0,71,,97542,80,0,5 6,0,30,,97543,80,0,5 6,0,71,,97544,80,0,5 6,0,29,,97545,80,0,5 6,0,70,,97546,80,0,5 6,0,31,,97547,80,0,5 6,0,73,,97548,80,0,5 6,0,31,,97549,80,0,5 6,0,70,,97550,80,0,5 6,0,32,,97551,80,0,5 6,0,70,,97552,80,0,5 6,0,26,,97553,80,0,5 6,0,67,,97554,80,0,5 6,0,29,,97555,80,0,5 6,0,70,,97556,80,0,5 6,0,30,,97562,80,0,5 6,0,69,,97557,43,0,5 6,0,29,,97563,80,0,5 6,0,70,,97558,43,0,5 6,0,30,,97564,80,0,5 6,0,70,,97559,43,0,5 6,0,30,,97565,80,0,5 6,0,70,,97560,43,0,5 6,0,30,,97566,80,0,5 6,0,70,,97561,80,0,5 6,0
8001,'20263510',645,,97599,80,0,5 6,0,70,,97568,80,0,5 6,0,30,,97586,80,0,5 6,0,70,,97569,80,0,5 6,0,30,,97587,80,0,5 6,0,70,,97570,80,0,5 6,0,30,,97588,80,0,5 6,0,71,,97571,80,0,5 6,0,30,,97589,80,0,5 6,0,70,,97572,80,0,5 6,0,30,,97590,80,0,5 6,0,70,,97573,80,0,5 6,0,30,,97591,80,0,5 6,0,71,,97574,80,0,5 6,0,30,,97592,80,0,5 6,0,70,,97575,80,0,5 6,0,30,,97593,80,0,5 6,0,70,,97576,80,0,5 6,0,30,,97594,80,0,5 6,0,70,,97577,80,0,5 6,0,30,,97595,80,0,5 6,0,70,,97578,80,0,5 6,0,29,,97596,80,0,5 6,0,70,,97579,80,0,5 6,0,29,,97597,80,0,5 6,0,70,,97580,80,0,5 6,0,30,,97598,80,0,5 6,0,70,,97581,80,0,5 6,0,30,,97603,43,0,5 6,0,70,,97582,80,0,5 6,0,30,,97602,43,0,5 6,0,70,,97583,80,0,5 6,0,29,,97601,43,0,5 6,0,70,,97584,80,0,5 6,0,30,,97600,43,0,5 6,0,70,,97585,80,0,5 6,0
8001,'20263511',645,,97635,80,0,5 6,0,70,,97604,80,0,5 6,0,30,,97622,80,0,5 6,0,70,,97605,80,0,5 6,0,30,,97623,80,0,5 6,0,70,,97606,80,0,5 6,0,30,,97624,80,0,5 6,0,71,,97607,80,0,5 6,0,30,,97625,80,0,5 6,0,70,,97608,80,0,5 6,0,30,,97626,80,0,5 6,0,70,,97609,80,0,5 6,0,30,,97627,80,0,5 6,0,71,,97610,80,0,5 6,0,30,,97628,80,0,5 6,0,70,,97611,80,0,5 6,0,30,,97629,80,0,5 6,0,70,,97612,80,0,5 6,0,30,,97630,80,0,5 6,0,70,,97613,80,0,5 6,0,30,,97631,80,0,5 6,0,70,,97614,80,0,5 6,0,29,,97632,80,0,5 6,0,70,,97615,80,0,5 6,0,29,,97633,80,0,5 6,0,70,,97616,80,0,5 6,0,30,,97634,80,0,5 6,0,70,,97617,80,0,5 6,0,30,,97639,43,0,5 6,0,70,,97618,80,0,5 6,0,30,,97638,43,0,5 6,0,70,,97619,80,0,5 6,0,29,,97637,43,0,5 6,0,70,,97620,80,0,5 6,0,30,,97636,43,0,5 6,0,70,,97621,80,0,5 6,0
8001,'20263610',645,,97671,80,0,5 6,0,70,,97640,80,0,5 6,0,30,,97658,80,0,5 6,0,70,,97641,80,0,5 6,0,30,,97659,80,0,5 6,0,70,,97642,80,0,5 6,0,30,,97660,80,0,5 6,0,71,,97643,80,0,5 6,0,30,,97661,80,0,5 6,0,70,,97644,80,0,5 6,0,30,,97662,80,0,5 6,0,70,,97645,80,0,5 6,0,30,,97663,80,0,5 6,0,71,,97646,80,0,5 6,0,30,,97664,80,0,5 6,0,70,,97647,80,0,5 6,0,30,,97665,80,0,5 6,0,70,,97648,80,0,5 6,0,30,,97666,80,0,5 6,0,70,,97649,80,0,5 6,0,30,,97667,80,0,5 6,0,70,,97650,80,0,5 6,0,29,,97668,80,0,5 6,0,70,,97651,80,0,5 6,0,29,,97669,80,0,5 6,0,70,,97652,80,0,5 6,0,30,,97670,80,0,5 6,0,70,,97653,80,0,5 6,0,30,,97672,43,0,5 6,0,70,,97654,80,0,5 6,0,30,,97673,43,0,5 6,0,70,,97655,80,0,5 6,0,29,,97674,43,0,5 6,0,70,,97656,80,0,5 6,0,30,,97675,43,0,5 6,0,70,,97657,80,0,5 6,0
8001,'20263611',645,,97707,80,0,5 6,0,70,,97676,80,0,5 6,0,30,,97694,80,0,5 6,0,70,,97677,80,0,5 6,0,30,,97695,80,0,5 6,0,70,,97678,80,0,5 6,0,30,,97696,80,0,5 6,0,71,,97679,80,0,5 6,0,30,,97697,80,0,5 6,0,70,,97680,80,0,5 6,0,30,,97698,80,0,5 6,0,70,,97681,80,0,5 6,0,30,,97699,80,0,5 6,0,71,,97682,80,0,5 6,0,30,,97700,80,0,5 6,0,70,,97683,80,0,5 6,0,30,,97701,80,0,5 6,0,70,,97684,80,0,5 6,0,30,,97702,80,0,5 6,0,70,,97685,80,0,5 6,0,30,,97703,80,0,5 6,0,70,,97686,80,0,5 6,0,29,,97704,80,0,5 6,0,70,,97687,80,0,5 6,0,29,,97705,80,0,5 6,0,70,,97688,80,0,5 6,0,30,,97706,80,0,5 6,0,70,,97689,80,0,5 6,0,30,,97708,43,0,5 6,0,70,,97690,80,0,5 6,0,30,,97709,43,0,5 6,0,70,,97691,80,0,5 6,0,29,,97710,43,0,5 6,0,70,,97692,80,0,5 6,0,30,,97711,43,0,5 6,0,70,,97693,80,0,5 6,0
8501,'20262010',1235,,85719,31,0,16 17,0,397,,85720,31,0,16 17,0,101,,85721,31,0,16 17,0,20,,85722,31,0,16 17,0,50,,85723,31,0,16 17,0
8501,'20262510',1737,,85724,31,0,16 17,0
8501,'20262610',1737,,85725,31,0,16 17,0
8501,'20263010',1238,,98264,30,0,5 6,0,321,,98269,30,0,5 6,0,75,,98265,30,0,5 6,0,67,,98268,30,0,5 6,0,34,,98266,30,0,5 6,0,22,,98267,30,0,5 6,0
8501,'20263510',1737,,98270,30,0,5 6,0
8501,'20263511',1737,,98271,30,0,5 6,0
8501,'20263610',1737,,98272,30,0,5 6,0
8501,'20263611',1737,,98273,30,0,5 6,0
