5201,'20262010',616,,66657,25,,,0,30,,66634,25,,,0,71,,66635,25,,,0,36,,66636,25,,,0,65,,66637,25,,,0,29,,66638,25,,,0,70,,66639,25,,,0,100,,66656,25,,,0,100,,66640,25,,,0,100,,66641,25,,,0,100,,66642,25,,,0,100,,66643,25,,,0,100,,66644,25,,,0,30,,66645,25,,,0,71,,66646,25,,,0,36,,66647,25,,,0,63,,66648,25,,,0,30,,66649,25,,,0,70,,66650,25,,,0,99,,66651,25,,,0,100,,66652,25,,,0,100,,66653,25,,,0,100,,66654,25,,,0,100,,66655,25,,,0
5201,'20262011',616,,66681,25,,,0,30,,66658,25,,,0,71,,66659,25,,,0,36,,66660,25,,,0,65,,66661,25,,,0,29,,66662,25,,,0,70,,66663,25,,,0,100,,66680,25,,,0,100,,66664,25,,,0,100,,66665,25,,,0,100,,66666,25,,,0,100,,66667,25,,,0,100,,66668,25,,,0,30,,66669,25,,,0,71,,66670,25,,,0,36,,66671,25,,,0,63,,66672,25,,,0,30,,66673,25,,,0,70,,66674,25,,,0,99,,66675,25,,,0,100,,66676,25,,,0,100,,66677,25,,,0,100,,66678,25,,,0,100,,66679,25,,,0
5201,'20262510',715,,66682,25,,,0,100,,66683,25,,,0,100,,66684,25,,,0,100,,66685,25,,,0,101,,66686,25,,,0,100,,66687,25,,,0,100,,66688,25,,,0,100,,66689,25,,,0,96,,66690,25,,,0,104,,66691,25,,,0,100,,66692,25,,,0,100,,66693,25,,,0,99,,66694,25,,,0,100,,66697,25,,,0,100,,66695,25,,,0,100,,66698,25,,,0,100,,66696,25,,,0
5201,'20262511',715,,66699,25,,,0,100,,66700,25,,,0,100,,66701,25,,,0,100,,66702,25,,,0,101,,66703,25,,,0,100,,66704,25,,,0,100,,66705,25,,,0,100,,66706,25,,,0,96,,66707,25,,,0,104,,66708,25,,,0,100,,66709,25,,,0,100,,66710,25,,,0,99,,66711,25,,,0,100,,66714,25,,,0,100,,66712,25,,,0,100,,66715,25,,,0,100,,66713,25,,,0
5201,'20262610',715,,66732,25,,,0,100,,66728,25,,,0,100,,66727,25,,,0,100,,66716,25,,,0,101,,66717,25,,,0,100,,66718,25,,,0,100,,66719,25,,,0,100,,66720,25,,,0,96,,66721,25,,,0,104,,66722,25,,,0,100,,66723,25,,,0,100,,66724,25,,,0,99,,66729,25,,,0,100,,66725,25,,,0,100,,66730,25,,,0,100,,66726,25,,,0,100,,66731,25,,,0
5201,'20262611',715,,66749,25,,,0,100,,66745,25,,,0,100,,66744,25,,,0,100,,66733,25,,,0,101,,66734,25,,,0,100,,66735,25,,,0,100,,66736,25,,,0,100,,66737,25,,,0,96,,66738,25,,,0,104,,66739,25,,,0,100,,66740,25,,,0,100,,66741,25,,,0,99,,66746,25,,,0,100,,66742,25,,,0,100,,66747,25,,,0,100,,66743,25,,,0,100,,66748,25,,,0
55000,'20262010',1604,,73854,8,4,,0,45,,73853,8,4,,0,66,,73852,8,4,,0,30,,73855,8,4,,0
55000,'20262011',1604,,73858,8,4,,0,45,,73857,8,4,,0,66,,73856,8,4,,0,30,,73859,8,4,,0
80302,'20262010',557,,76984,36,,,1,54,,76985,36,,,1,15,,76986,36,,,1,14,,76987,36,,,1,11,,77071,36,,,1,53,,76988,36,,,1,13,,77056,36,,,1,11,,76989,36,,,1,14,,76990,36,,,1,12,,76993,36,,,1,51,,76994,36,,,1,12,,77073,36,,,1,11,,76996,36,,,1,14,,76998,36,,,1,12,,77072,36,,,1,52,,77066,36,,,1,13,,77069,36,,,1,14,,77068,36,,,1,14,,76999,36,,,1,55,,77000,36,,,1,15,,76991,36,,,1,14,,76995,36,,,1,15,,76992,36,,,1,55,,76997,36,,,1,15,,77055,36,,,1,16,,77054,36,,,1,15,,77053,36,,,1,56,,77052,36,,,1,14,,77051,36,,,1,16,,77050,36,,,1,15,,77049,36,,,1,55,,77048,36,,,1,16,,77047,36,,,1,15,,77046,36,,,1,16,,77045,36,,,1,55,,77044,36,,,1,16,,77043,36,,,1,14,,77042,36,,,1,16,,77041,36,,,1,55,,77040,36,,,1,16,,77039,36,,,1,12,,77038,36,,,1,11,,77037,36,,,1,12,,77036,36,,,1,53,,77035,36,,,1,13,,77059,36,,,1,10,,77034,36,,,1,11,,77033,36,,,1,7,,77032,36,,,1,49,,77031,36,,,1,8,,77060,36,,,1,7,,77030,36,,,1,9,,77029,36,,,1,9,,77028,36,,,1,6,,77027,36,,,1,7,,77026,36,,,1,8,,77025,36,,,1,48,,77058,36,,,1,9,,77061,36,,,1,10,,77062,36,,,1,10,,77024,36,,,1,13,,77067,36,,,1,12,,77063,36,,,1,50,,77023,36,,,1,18,,77019,36,,,1,13,,77022,36,,,1,14,,77070,36,,,1,54,,77021,36,,,1,15,,77020,36,,,1,16,,77018,36,,,1,17,,77014,36,,,1,53,,77017,36,,,1,14,,77016,36,,,1,13,,77015,36,,,1,15,,77013,36,,,1,55,,77012,36,,,1,18,,77011,36,,,1,13,,77010,36,,,1,16,,77009,36,,,1,55,,77008,36,,,1,15,,77007,36,,,1,15,,77006,36,,,1,16,,77005,36,,,1,55,,77004,36,,,1,15,,77003,36,,,1,15,,77002,36,,,1,16,,77057,36,,,1,55,,77064,36,,,1,14,,77065,36,,,1,15,,77001,36,,,1
80302,'20262011',557,,77074,36,,,1,54,,77075,36,,,1,15,,77076,36,,,1,14,,77077,36,,,1,11,,77161,36,,,1,53,,77078,36,,,1,13,,77146,36,,,1,11,,77079,36,,,1,14,,77080,36,,,1,12,,77083,36,,,1,51,,77084,36,,,1,12,,77163,36,,,1,11,,77086,36,,,1,14,,77088,36,,,1,12,,77162,36,,,1,52,,77156,36,,,1,13,,77159,36,,,1,14,,77158,36,,,1,14,,77089,36,,,1,55,,77090,36,,,1,15,,77081,36,,,1,14,,77085,36,,,1,15,,77082,36,,,1,55,,77087,36,,,1,15,,77145,36,,,1,16,,77144,36,,,1,15,,77143,36,,,1,56,,77142,36,,,1,14,,77141,36,,,1,16,,77140,36,,,1,15,,77139,36,,,1,55,,77138,36,,,1,16,,77137,36,,,1,15,,77136,36,,,1,16,,77135,36,,,1,55,,77134,36,,,1,16,,77133,36,,,1,14,,77132,36,,,1,16,,77131,36,,,1,55,,77130,36,,,1,16,,77129,36,,,1,12,,77128,36,,,1,11,,77127,36,,,1,12,,77126,36,,,1,53,,77125,36,,,1,13,,77149,36,,,1,10,,77124,36,,,1,11,,77123,36,,,1,7,,77122,36,,,1,49,,77121,36,,,1,8,,77150,36,,,1,7,,77120,36,,,1,9,,77119,36,,,1,9,,77118,36,,,1,6,,77117,36,,,1,7,,77116,36,,,1,8,,77115,36,,,1,48,,77148,36,,,1,9,,77151,36,,,1,10,,77152,36,,,1,10,,77114,36,,,1,13,,77157,36,,,1,12,,77153,36,,,1,50,,77113,36,,,1,18,,77109,36,,,1,13,,77112,36,,,1,14,,77160,36,,,1,54,,77111,36,,,1,15,,77110,36,,,1,16,,77108,36,,,1,17,,77104,36,,,1,53,,77107,36,,,1,14,,77106,36,,,1,13,,77105,36,,,1,15,,77103,36,,,1,55,,77102,36,,,1,18,,77101,36,,,1,13,,77100,36,,,1,16,,77099,36,,,1,55,,77098,36,,,1,15,,77097,36,,,1,15,,77096,36,,,1,16,,77095,36,,,1,55,,77094,36,,,1,15,,77093,36,,,1,15,,77092,36,,,1,16,,77147,36,,,1,55,,77154,36,,,1,14,,77155,36,,,1,15,,77091,36,,,1
80302,'20262510',601,,77165,36,,,1,15,,77164,36,,,1,15,,77226,36,,,1,16,,77167,36,,,1,56,,77168,36,,,1,15,,77166,36,,,1,15,,77227,36,,,1,14,,77169,36,,,1,55,,77177,36,,,1,14,,77179,36,,,1,16,,77228,36,,,1,14,,77181,36,,,1,55,,77180,36,,,1,14,,77230,36,,,1,16,,77174,36,,,1,14,,77178,36,,,1,56,,77173,36,,,1,15,,77172,36,,,1,15,,77176,36,,,1,15,,77170,36,,,1,54,,77175,36,,,1,15,,77171,36,,,1,17,,77217,36,,,1,16,,77220,36,,,1,56,,77218,36,,,1,16,,77212,36,,,1,17,,77186,36,,,1,15,,77195,36,,,1,55,,77183,36,,,1,14,,77205,36,,,1,14,,77210,36,,,1,14,,77199,36,,,1,54,,77214,36,,,1,15,,77190,36,,,1,16,,77204,36,,,1,15,,77215,36,,,1,56,,77213,36,,,1,15,,77207,36,,,1,16,,77206,36,,,1,14,,77216,36,,,1,57,,77222,36,,,1,13,,77208,36,,,1,14,,77211,36,,,1,16,,77192,36,,,1,54,,77219,36,,,1,15,,77209,36,,,1,15,,77198,36,,,1,14,,77197,36,,,1,56,,77194,36,,,1,14,,77188,36,,,1,15,,77200,36,,,1,12,,77201,36,,,1,55,,77231,36,,,1,15,,77203,36,,,1,16,,77184,36,,,1,15,,77193,36,,,1,55,,77232,36,,,1,15,,77185,36,,,1,15,,77182,36,,,1,15,,77229,36,,,1,55,,77189,36,,,1,15,,77233,36,,,1,16,,77223,36,,,1,15,,77235,36,,,1,55,,77225,36,,,1,15,,77236,36,,,1,15,,77187,36,,,1,15,,77237,36,,,1,56,,77221,36,,,1,15,,77234,36,,,1,16,,77196,36,,,1,16,,77202,36,,,1,55,,77238,36,,,1,14,,77224,36,,,1,15,,77239,36,,,1,14,,77191,36,,,1,55,,77240,36,,,1
80302,'20262511',601,,77242,36,,,1,15,,77241,36,,,1,15,,77303,36,,,1,16,,77244,36,,,1,56,,77245,36,,,1,15,,77243,36,,,1,15,,77304,36,,,1,14,,77246,36,,,1,55,,77254,36,,,1,14,,77256,36,,,1,16,,77305,36,,,1,14,,77258,36,,,1,55,,77257,36,,,1,14,,77307,36,,,1,16,,77251,36,,,1,14,,77255,36,,,1,56,,77250,36,,,1,15,,77249,36,,,1,15,,77253,36,,,1,15,,77247,36,,,1,54,,77252,36,,,1,15,,77248,36,,,1,17,,77294,36,,,1,16,,77297,36,,,1,56,,77295,36,,,1,16,,77289,36,,,1,17,,77263,36,,,1,15,,77272,36,,,1,55,,77260,36,,,1,14,,77282,36,,,1,14,,77287,36,,,1,14,,77276,36,,,1,54,,77291,36,,,1,15,,77267,36,,,1,16,,77281,36,,,1,15,,77292,36,,,1,56,,77290,36,,,1,15,,77284,36,,,1,16,,77283,36,,,1,14,,77293,36,,,1,57,,77299,36,,,1,13,,77285,36,,,1,14,,77288,36,,,1,16,,77269,36,,,1,54,,77296,36,,,1,15,,77286,36,,,1,15,,77275,36,,,1,14,,77274,36,,,1,56,,77271,36,,,1,14,,77265,36,,,1,15,,77277,36,,,1,12,,77278,36,,,1,55,,77308,36,,,1,15,,77280,36,,,1,16,,77261,36,,,1,15,,77270,36,,,1,55,,77309,36,,,1,15,,77262,36,,,1,15,,77259,36,,,1,15,,77306,36,,,1,55,,77266,36,,,1,15,,77310,36,,,1,16,,77300,36,,,1,15,,77312,36,,,1,55,,77302,36,,,1,15,,77313,36,,,1,15,,77264,36,,,1,15,,77314,36,,,1,56,,77298,36,,,1,15,,77311,36,,,1,16,,77273,36,,,1,16,,77279,36,,,1,55,,77315,36,,,1,14,,77301,36,,,1,15,,77316,36,,,1,14,,77268,36,,,1,55,,77317,36,,,1
80302,'20262610',601,,77318,36,,,1,15,,77320,36,,,1,15,,77377,36,,,1,16,,77323,36,,,1,56,,77330,36,,,1,15,,77319,36,,,1,15,,77363,36,,,1,14,,77328,36,,,1,55,,77331,36,,,1,14,,77338,36,,,1,16,,77375,36,,,1,14,,77333,36,,,1,55,,77332,36,,,1,14,,77378,36,,,1,16,,77329,36,,,1,14,,77340,36,,,1,56,,77325,36,,,1,15,,77324,36,,,1,15,,77327,36,,,1,15,,77321,36,,,1,54,,77326,36,,,1,15,,77322,36,,,1,17,,77349,36,,,1,16,,77371,36,,,1,56,,77376,36,,,1,16,,77354,36,,,1,17,,77339,36,,,1,15,,77392,36,,,1,55,,77337,36,,,1,14,,77361,36,,,1,14,,77350,36,,,1,14,,77356,36,,,1,54,,77360,36,,,1,15,,77387,36,,,1,16,,77352,36,,,1,15,,77345,36,,,1,56,,77359,36,,,1,15,,77343,36,,,1,16,,77348,36,,,1,14,,77347,36,,,1,57,,77362,36,,,1,13,,77346,36,,,1,14,,77353,36,,,1,16,,77389,36,,,1,54,,77372,36,,,1,15,,77344,36,,,1,15,,77351,36,,,1,14,,77341,36,,,1,56,,77391,36,,,1,14,,77386,36,,,1,15,,77355,36,,,1,12,,77342,36,,,1,55,,77380,36,,,1,15,,77358,36,,,1,16,,77335,36,,,1,15,,77390,36,,,1,55,,77381,36,,,1,15,,77336,36,,,1,15,,77334,36,,,1,15,,77379,36,,,1,55,,77394,36,,,1,15,,77365,36,,,1,16,,77374,36,,,1,15,,77366,36,,,1,55,,77373,36,,,1,15,,77367,36,,,1,15,,77388,36,,,1,15,,77364,36,,,1,56,,77369,36,,,1,15,,77368,36,,,1,16,,77393,36,,,1,16,,77357,36,,,1,55,,77382,36,,,1,14,,77370,36,,,1,15,,77383,36,,,1,14,,77385,36,,,1,55,,77384,36,,,1
80302,'20262611',601,,77395,36,,,1,15,,77397,36,,,1,15,,77454,36,,,1,16,,77400,36,,,1,56,,77407,36,,,1,15,,77396,36,,,1,15,,77440,36,,,1,14,,77405,36,,,1,55,,77408,36,,,1,14,,77415,36,,,1,16,,77452,36,,,1,14,,77410,36,,,1,55,,77409,36,,,1,14,,77455,36,,,1,16,,77406,36,,,1,14,,77417,36,,,1,56,,77402,36,,,1,15,,77401,36,,,1,15,,77404,36,,,1,15,,77398,36,,,1,54,,77403,36,,,1,15,,77399,36,,,1,17,,77426,36,,,1,16,,77448,36,,,1,56,,77453,36,,,1,16,,77431,36,,,1,17,,77416,36,,,1,15,,77469,36,,,1,55,,77414,36,,,1,14,,77438,36,,,1,14,,77427,36,,,1,14,,77433,36,,,1,54,,77437,36,,,1,15,,77464,36,,,1,16,,77429,36,,,1,15,,77422,36,,,1,56,,77436,36,,,1,15,,77420,36,,,1,16,,77425,36,,,1,14,,77424,36,,,1,57,,77439,36,,,1,13,,77423,36,,,1,14,,77430,36,,,1,16,,77466,36,,,1,54,,77449,36,,,1,15,,77421,36,,,1,15,,77428,36,,,1,14,,77418,36,,,1,56,,77468,36,,,1,14,,77463,36,,,1,15,,77432,36,,,1,12,,77419,36,,,1,55,,77457,36,,,1,15,,77435,36,,,1,16,,77412,36,,,1,15,,77467,36,,,1,55,,77458,36,,,1,15,,77413,36,,,1,15,,77411,36,,,1,15,,77456,36,,,1,55,,77471,36,,,1,15,,77442,36,,,1,16,,77451,36,,,1,15,,77443,36,,,1,55,,77450,36,,,1,15,,77444,36,,,1,15,,77465,36,,,1,15,,77441,36,,,1,56,,77446,36,,,1,15,,77445,36,,,1,16,,77470,36,,,1,16,,77434,36,,,1,55,,77459,36,,,1,14,,77447,36,,,1,15,,77460,36,,,1,14,,77462,36,,,1,55,,77461,36,,,1
