9103,'20262010',558,,71718,3,,,0,97,,71719,3,,,0,97,,71720,3,,,0,104,,71721,3,,,0,100,,71722,3,,,0,99,,71723,3,,,0,99,,71724,3,,,0,100,,71725,3,,,0,100,,71726,3,,,0,98,,71727,3,,,0,66,,71728,3,,,0,33,,71729,3,,,0,70,,71730,3,,,0,35,,71731,3,,,0,72,,71732,3,,,0,25,,71733,3,,,0,106,,71734,3,,,0,100,,71735,3,,,0,100,,71736,3,,,0,100,,71737,3,,,0,100,,71738,3,,,0
9103,'20262011',558,,71739,3,,,0,97,,71740,3,,,0,97,,71741,3,,,0,104,,71742,3,,,0,100,,71743,3,,,0,99,,71744,3,,,0,99,,71745,3,,,0,100,,71746,3,,,0,100,,71747,3,,,0,98,,71748,3,,,0,66,,71749,3,,,0,33,,71750,3,,,0,70,,71751,3,,,0,35,,71752,3,,,0,72,,71753,3,,,0,25,,71754,3,,,0,106,,71755,3,,,0,100,,71756,3,,,0,100,,71757,3,,,0,100,,71758,3,,,0,100,,71759,3,,,0
9103,'20262510',554,,71760,3,,,0,100,,71761,3,,,0,100,,71762,3,,,0,99,,71763,3,,,0,100,,71764,3,,,0,98,,71765,3,,,0,100,,71766,3,,,0,100,,71767,3,,,0,100,,71768,3,,,0,100,,71769,3,,,0,99,,71770,3,,,0,100,,71771,3,,,0,103,,71772,3,,,0,100,,71773,3,,,0,101,,71774,3,,,0,100,,71775,3,,,0,100,,71776,3,,,0,100,,71777,3,,,0
9103,'20262511',554,,71778,3,,,0,100,,71779,3,,,0,100,,71780,3,,,0,99,,71781,3,,,0,100,,71782,3,,,0,98,,71783,3,,,0,100,,71784,3,,,0,100,,71785,3,,,0,100,,71786,3,,,0,100,,71787,3,,,0,99,,71788,3,,,0,100,,71789,3,,,0,103,,71790,3,,,0,100,,71791,3,,,0,101,,71792,3,,,0,100,,71793,3,,,0,100,,71794,3,,,0,100,,71795,3,,,0
9103,'20262610',554,,71796,3,,,0,100,,71797,3,,,0,100,,71798,3,,,0,99,,71799,3,,,0,100,,71800,3,,,0,98,,71801,3,,,0,100,,71802,3,,,0,100,,71803,3,,,0,100,,71804,3,,,0,100,,71805,3,,,0,99,,71806,3,,,0,100,,71807,3,,,0,103,,71808,3,,,0,100,,71809,3,,,0,101,,71810,3,,,0,100,,71811,3,,,0,100,,71812,3,,,0,100,,71813,3,,,0
9103,'20262611',554,,71814,3,,,0,100,,71815,3,,,0,100,,71816,3,,,0,99,,71817,3,,,0,100,,71818,3,,,0,98,,71819,3,,,0,100,,71820,3,,,0,100,,71821,3,,,0,100,,71822,3,,,0,100,,71823,3,,,0,99,,71824,3,,,0,100,,71825,3,,,0,103,,71826,3,,,0,100,,71827,3,,,0,101,,71828,3,,,0,100,,71829,3,,,0,100,,71830,3,,,0,100,,71831,3,,,0
9203,'20262010',535,,71956,3,,,0,96,,71940,3,,,0,97,,71941,3,,,0,100,,71942,3,,,0,105,,71943,3,,,0,99,,71944,3,,,0,100,,71945,3,,,0,100,,71946,3,,,0,100,,71949,3,,,0,100,,71959,3,,,0,69,,71951,3,,,0,28,,71957,3,,,0,29,,71952,3,,,0,70,,71960,3,,,0,74,,71958,3,,,0,30,,71953,3,,,0,101,,71950,3,,,0,104,,71954,3,,,0,99,,71947,3,,,0,99,,71948,3,,,0,100,,71955,3,,,0
9203,'20262011',535,,71977,3,,,0,96,,71961,3,,,0,97,,71962,3,,,0,100,,71963,3,,,0,105,,71964,3,,,0,99,,71965,3,,,0,100,,71966,3,,,0,100,,71967,3,,,0,100,,71970,3,,,0,100,,71980,3,,,0,69,,71972,3,,,0,28,,71978,3,,,0,29,,71973,3,,,0,70,,71981,3,,,0,74,,71979,3,,,0,30,,71974,3,,,0,101,,71971,3,,,0,104,,71975,3,,,0,99,,71968,3,,,0,99,,71969,3,,,0,100,,71976,3,,,0
9203,'20262510',654,,71998,3,,,0,99,,71992,3,,,0,100,,71982,3,,,0,98,,71991,3,,,0,98,,71993,3,,,0,100,,71983,3,,,0,100,,71984,3,,,0,100,,71985,3,,,0,100,,71986,3,,,0,100,,71994,3,,,0,103,,71987,3,,,0,101,,71988,3,,,0,101,,71989,3,,,0,100,,71990,3,,,0,100,,71995,3,,,0,100,,71997,3,,,0,100,,71996,3,,,0
9203,'20262511',654,,72015,3,,,0,99,,72009,3,,,0,100,,71999,3,,,0,98,,72008,3,,,0,98,,72010,3,,,0,100,,72000,3,,,0,100,,72001,3,,,0,100,,72002,3,,,0,100,,72003,3,,,0,100,,72011,3,,,0,103,,72004,3,,,0,101,,72005,3,,,0,101,,72006,3,,,0,100,,72007,3,,,0,100,,72012,3,,,0,100,,72014,3,,,0,100,,72013,3,,,0
9203,'20262610',654,,72032,3,,,0,99,,72027,3,,,0,100,,72016,3,,,0,98,,72026,3,,,0,98,,72028,3,,,0,100,,72017,3,,,0,100,,72018,3,,,0,100,,72029,3,,,0,100,,72019,3,,,0,100,,72020,3,,,0,103,,72030,3,,,0,101,,72021,3,,,0,101,,72022,3,,,0,100,,72023,3,,,0,100,,72031,3,,,0,100,,72024,3,,,0,100,,72025,3,,,0
9203,'20262611',654,,72049,3,,,0,99,,72044,3,,,0,100,,72033,3,,,0,98,,72043,3,,,0,98,,72045,3,,,0,100,,72034,3,,,0,100,,72035,3,,,0,100,,72046,3,,,0,100,,72036,3,,,0,100,,72037,3,,,0,103,,72047,3,,,0,101,,72038,3,,,0,101,,72039,3,,,0,100,,72040,3,,,0,100,,72048,3,,,0,100,,72041,3,,,0,100,,72042,3,,,0
9300,'20262010',1505,,72071,2,,,0,26,,72063,2,,,0,74,,72053,2,,,0,38,,72054,2,,,0,68,,72055,2,,,0,25,,72056,2,,,0,70,,72057,2,,,0,31,,72064,2,,,0
9300,'20262011',1505,,72093,2,,,0,26,,72085,2,,,0,74,,72075,2,,,0,38,,72076,2,,,0,68,,72077,2,,,0,25,,72078,2,,,0,70,,72079,2,,,0,31,,72086,2,,,0
9403,'20262010',641,,72384,3,,,0,100,,72385,3,,,0,97,,72386,3,,,0,103,,72387,3,,,0,101,,72388,3,,,0,98,,72389,3,,,0,100,,72390,3,,,0,100,,72391,3,,,0,99,,72392,3,,,0,70,,72393,3,,,0,25,,72394,3,,,0,67,,72380,3,,,0,40,,72381,3,,,0,73,,72399,3,,,0,25,,72398,3,,,0,100,,72382,3,,,0,104,,72383,3,,,0,100,,72395,3,,,0,101,,72396,3,,,0,100,,72397,3,,,0
9403,'20262011',641,,72404,3,,,0,100,,72405,3,,,0,97,,72406,3,,,0,103,,72407,3,,,0,101,,72408,3,,,0,98,,72409,3,,,0,100,,72410,3,,,0,100,,72411,3,,,0,99,,72412,3,,,0,70,,72413,3,,,0,25,,72414,3,,,0,67,,72400,3,,,0,40,,72401,3,,,0,73,,72419,3,,,0,25,,72418,3,,,0,100,,72402,3,,,0,104,,72403,3,,,0,100,,72415,3,,,0,101,,72416,3,,,0,100,,72417,3,,,0
9403,'20262510',646,,72420,3,,,0,100,,72421,3,,,0,100,,72422,3,,,0,100,,72423,3,,,0,100,,72424,3,,,0,98,,72425,3,,,0,100,,72426,3,,,0,100,,72427,3,,,0,97,,72428,3,,,0,99,,72429,3,,,0,104,,72430,3,,,0,101,,72431,3,,,0,101,,72432,3,,,0,100,,72433,3,,,0,100,,72434,3,,,0,100,,72435,3,,,0,100,,72436,3,,,0
9403,'20262511',646,,72437,3,,,0,100,,72438,3,,,0,100,,72439,3,,,0,100,,72440,3,,,0,100,,72441,3,,,0,98,,72442,3,,,0,100,,72443,3,,,0,100,,72444,3,,,0,97,,72445,3,,,0,99,,72446,3,,,0,104,,72447,3,,,0,101,,72448,3,,,0,101,,72449,3,,,0,100,,72450,3,,,0,100,,72451,3,,,0,100,,72452,3,,,0,100,,72453,3,,,0
9403,'20262610',646,,72454,3,,,0,100,,72455,3,,,0,100,,72456,3,,,0,100,,72457,3,,,0,100,,72458,3,,,0,98,,72459,3,,,0,100,,72460,3,,,0,100,,72461,3,,,0,97,,72462,3,,,0,99,,72463,3,,,0,104,,72464,3,,,0,101,,72465,3,,,0,101,,72466,3,,,0,100,,72467,3,,,0,100,,72468,3,,,0,100,,72469,3,,,0,100,,72470,3,,,0
9403,'20262611',646,,72471,3,,,0,100,,72472,3,,,0,100,,72473,3,,,0,100,,72474,3,,,0,100,,72475,3,,,0,98,,72476,3,,,0,100,,72477,3,,,0,100,,72478,3,,,0,97,,72479,3,,,0,99,,72480,3,,,0,104,,72481,3,,,0,101,,72482,3,,,0,101,,72483,3,,,0,100,,72484,3,,,0,100,,72485,3,,,0,100,,72486,3,,,0,100,,72487,3,,,0
80703,'20262010',529,,80716,16,,,1,14,,80739,16,,,1,14,,80717,16,,,1,56,,80718,16,,,1,15,,80719,16,,,1,16,,80720,16,,,1,56,,80721,16,,,1,16,,80795,16,,,1,18,,80796,16,,,1,12,,80797,16,,,1,9,,80798,16,,,1,51,,80777,16,,,1,17,,80778,16,,,1,15,,80758,16,,,1,16,,80757,16,,,1,54,,80756,16,,,1,14,,80776,16,,,1,14,,80775,16,,,1,14,,80754,16,,,1,55,,80753,16,,,1,15,,80774,16,,,1,15,,80773,16,,,1,15,,80752,16,,,1,55,,80772,16,,,1,14,,80771,16,,,1,15,,80751,16,,,1,15,,80770,16,,,1,54,,80750,16,,,1,16,,80769,16,,,1,15,,80749,16,,,1,14,,80760,16,,,1,54,,80748,16,,,1,14,,80759,16,,,1,14,,80768,16,,,1,15,,80740,16,,,1,55,,80747,16,,,1,15,,80767,16,,,1,16,,80766,16,,,1,15,,80746,16,,,1,55,,80745,16,,,1,14,,80765,16,,,1,15,,80722,16,,,1,13,,80764,16,,,1,12,,80744,16,,,1,51,,80763,16,,,1,11,,80743,16,,,1,11,,80762,16,,,1,10,,80729,16,,,1,10,,80730,16,,,1,10,,80741,16,,,1,50,,80731,16,,,1,12,,80761,16,,,1,12,,80732,16,,,1,9,,80742,16,,,1,10,,80755,16,,,1,55,,80799,16,,,1,15,,80779,16,,,1,15,,80782,16,,,1,14,,80781,16,,,1,53,,80723,16,,,1,14,,80733,16,,,1,15,,80724,16,,,1,15,,80734,16,,,1,55,,80725,16,,,1,15,,80735,16,,,1,15,,80726,16,,,1,15,,80736,16,,,1,55,,80727,16,,,1,16,,80737,16,,,1,15,,80728,16,,,1,14,,80738,16,,,1,55,,80783,16,,,1,14,,80784,16,,,1,14,,80785,16,,,1,15,,80786,16,,,1,14,,80787,16,,,1,54,,80788,16,,,1,16,,80789,16,,,1,16,,80790,16,,,1,56,,80791,16,,,1,14,,80792,16,,,1,14,,80793,16,,,1,15,,80794,16,,,1,15,,80780,16,,,1
80703,'20262011',529,,80800,16,,,1,14,,80823,16,,,1,14,,80801,16,,,1,56,,80802,16,,,1,15,,80803,16,,,1,16,,80804,16,,,1,56,,80805,16,,,1,16,,80879,16,,,1,18,,80880,16,,,1,12,,80881,16,,,1,9,,80882,16,,,1,51,,80861,16,,,1,17,,80862,16,,,1,15,,80842,16,,,1,16,,80841,16,,,1,54,,80840,16,,,1,14,,80860,16,,,1,14,,80859,16,,,1,14,,80838,16,,,1,55,,80837,16,,,1,15,,80858,16,,,1,15,,80857,16,,,1,15,,80836,16,,,1,55,,80856,16,,,1,14,,80855,16,,,1,15,,80835,16,,,1,15,,80854,16,,,1,54,,80834,16,,,1,16,,80853,16,,,1,15,,80833,16,,,1,14,,80844,16,,,1,54,,80832,16,,,1,14,,80843,16,,,1,14,,80852,16,,,1,15,,80824,16,,,1,55,,80831,16,,,1,15,,80851,16,,,1,16,,80850,16,,,1,15,,80830,16,,,1,55,,80829,16,,,1,14,,80849,16,,,1,15,,80806,16,,,1,13,,80848,16,,,1,12,,80828,16,,,1,51,,80847,16,,,1,11,,80827,16,,,1,11,,80846,16,,,1,10,,80813,16,,,1,10,,80814,16,,,1,10,,80825,16,,,1,50,,80815,16,,,1,12,,80845,16,,,1,12,,80816,16,,,1,9,,80826,16,,,1,10,,80839,16,,,1,55,,80883,16,,,1,15,,80863,16,,,1,15,,80866,16,,,1,14,,80865,16,,,1,53,,80807,16,,,1,14,,80817,16,,,1,15,,80808,16,,,1,15,,80818,16,,,1,55,,80809,16,,,1,15,,80819,16,,,1,15,,80810,16,,,1,15,,80820,16,,,1,55,,80811,16,,,1,16,,80821,16,,,1,15,,80812,16,,,1,14,,80822,16,,,1,55,,80867,16,,,1,14,,80868,16,,,1,14,,80869,16,,,1,15,,80870,16,,,1,14,,80871,16,,,1,54,,80872,16,,,1,16,,80873,16,,,1,16,,80874,16,,,1,56,,80875,16,,,1,14,,80876,16,,,1,14,,80877,16,,,1,15,,80878,16,,,1,15,,80864,16,,,1
80703,'20262510',543,,80884,16,,,1,15,,80885,16,,,1,57,,80886,16,,,1,16,,80960,16,,,1,17,,80887,16,,,1,56,,80888,16,,,1,15,,80889,16,,,1,14,,80961,16,,,1,14,,80890,16,,,1,55,,80891,16,,,1,15,,80892,16,,,1,15,,80893,16,,,1,15,,80894,16,,,1,56,,80895,16,,,1,16,,80896,16,,,1,16,,80897,16,,,1,18,,80898,16,,,1,57,,80899,16,,,1,16,,80900,16,,,1,15,,80901,16,,,1,14,,80902,16,,,1,54,,80903,16,,,1,14,,80904,16,,,1,15,,80905,16,,,1,16,,80906,16,,,1,55,,80907,16,,,1,16,,80908,16,,,1,15,,80909,16,,,1,15,,80910,16,,,1,55,,80911,16,,,1,15,,80912,16,,,1,15,,80913,16,,,1,15,,80914,16,,,1,55,,80915,16,,,1,15,,80916,16,,,1,14,,80917,16,,,1,14,,80918,16,,,1,55,,80919,16,,,1,15,,80920,16,,,1,15,,80921,16,,,1,15,,80922,16,,,1,56,,80923,16,,,1,15,,80924,16,,,1,15,,80925,16,,,1,16,,80926,16,,,1,54,,80927,16,,,1,16,,80928,16,,,1,15,,80929,16,,,1,14,,80930,16,,,1,55,,80931,16,,,1,15,,80932,16,,,1,15,,80933,16,,,1,14,,80934,16,,,1,53,,80935,16,,,1,14,,80936,16,,,1,13,,80937,16,,,1,13,,80938,16,,,1,55,,80939,16,,,1,16,,80940,16,,,1,16,,80941,16,,,1,16,,80942,16,,,1,55,,80943,16,,,1,15,,80944,16,,,1,15,,80945,16,,,1,15,,80946,16,,,1,55,,80947,16,,,1,15,,80948,16,,,1,14,,80949,16,,,1,16,,80950,16,,,1,55,,80951,16,,,1,15,,80952,16,,,1,14,,80953,16,,,1,14,,80954,16,,,1,53,,80955,16,,,1,15,,80956,16,,,1,14,,80957,16,,,1,15,,80958,16,,,1,15,,80959,16,,,1
80703,'20262511',543,,80962,16,,,1,15,,80963,16,,,1,57,,80964,16,,,1,16,,81038,16,,,1,17,,80965,16,,,1,56,,80966,16,,,1,15,,80967,16,,,1,14,,81039,16,,,1,14,,80968,16,,,1,55,,80969,16,,,1,15,,80970,16,,,1,15,,80971,16,,,1,15,,80972,16,,,1,56,,80973,16,,,1,16,,80974,16,,,1,16,,80975,16,,,1,18,,80976,16,,,1,57,,80977,16,,,1,16,,80978,16,,,1,15,,80979,16,,,1,14,,80980,16,,,1,54,,80981,16,,,1,14,,80982,16,,,1,15,,80983,16,,,1,16,,80984,16,,,1,55,,80985,16,,,1,16,,80986,16,,,1,15,,80987,16,,,1,15,,80988,16,,,1,55,,80989,16,,,1,15,,80990,16,,,1,15,,80991,16,,,1,15,,80992,16,,,1,55,,80993,16,,,1,15,,80994,16,,,1,14,,80995,16,,,1,14,,80996,16,,,1,55,,80997,16,,,1,15,,80998,16,,,1,15,,80999,16,,,1,15,,81000,16,,,1,56,,81001,16,,,1,15,,81002,16,,,1,15,,81003,16,,,1,16,,81004,16,,,1,54,,81005,16,,,1,16,,81006,16,,,1,15,,81007,16,,,1,14,,81008,16,,,1,55,,81009,16,,,1,15,,81010,16,,,1,15,,81011,16,,,1,14,,81012,16,,,1,53,,81013,16,,,1,14,,81014,16,,,1,13,,81015,16,,,1,13,,81016,16,,,1,55,,81017,16,,,1,16,,81018,16,,,1,16,,81019,16,,,1,16,,81020,16,,,1,55,,81021,16,,,1,15,,81022,16,,,1,15,,81023,16,,,1,15,,81024,16,,,1,55,,81025,16,,,1,15,,81026,16,,,1,14,,81027,16,,,1,16,,81028,16,,,1,55,,81029,16,,,1,15,,81030,16,,,1,14,,81031,16,,,1,14,,81032,16,,,1,53,,81033,16,,,1,15,,81034,16,,,1,14,,81035,16,,,1,15,,81036,16,,,1,15,,81037,16,,,1
80703,'20262610',543,,81040,16,,,1,15,,81041,16,,,1,57,,81042,16,,,1,16,,81043,16,,,1,17,,81116,16,,,1,56,,81044,16,,,1,15,,81045,16,,,1,14,,81046,16,,,1,14,,81117,16,,,1,55,,81047,16,,,1,15,,81048,16,,,1,15,,81049,16,,,1,15,,81050,16,,,1,56,,81051,16,,,1,16,,81052,16,,,1,16,,81053,16,,,1,17,,81055,16,,,1,58,,81056,16,,,1,16,,81057,16,,,1,15,,81054,16,,,1,14,,81058,16,,,1,54,,81059,16,,,1,14,,81060,16,,,1,15,,81061,16,,,1,16,,81062,16,,,1,55,,81063,16,,,1,16,,81064,16,,,1,15,,81065,16,,,1,15,,81066,16,,,1,55,,81067,16,,,1,15,,81068,16,,,1,15,,81069,16,,,1,15,,81070,16,,,1,55,,81071,16,,,1,15,,81072,16,,,1,14,,81073,16,,,1,14,,81074,16,,,1,55,,81075,16,,,1,15,,81076,16,,,1,15,,81077,16,,,1,15,,81078,16,,,1,56,,81079,16,,,1,15,,81080,16,,,1,15,,81081,16,,,1,16,,81082,16,,,1,54,,81083,16,,,1,16,,81084,16,,,1,15,,81086,16,,,1,14,,81087,16,,,1,55,,81088,16,,,1,15,,81085,16,,,1,15,,81089,16,,,1,14,,81090,16,,,1,53,,81091,16,,,1,14,,81092,16,,,1,13,,81093,16,,,1,13,,81094,16,,,1,55,,81095,16,,,1,16,,81096,16,,,1,16,,81097,16,,,1,16,,81098,16,,,1,55,,81099,16,,,1,15,,81100,16,,,1,15,,81101,16,,,1,15,,81102,16,,,1,55,,81103,16,,,1,15,,81104,16,,,1,14,,81105,16,,,1,16,,81106,16,,,1,55,,81107,16,,,1,15,,81108,16,,,1,14,,81109,16,,,1,14,,81110,16,,,1,53,,81111,16,,,1,15,,81112,16,,,1,14,,81113,16,,,1,15,,81114,16,,,1,15,,81115,16,,,1
80703,'20262611',543,,81118,16,,,1,15,,81119,16,,,1,57,,81120,16,,,1,16,,81121,16,,,1,17,,81194,16,,,1,56,,81122,16,,,1,15,,81123,16,,,1,14,,81124,16,,,1,14,,81195,16,,,1,55,,81125,16,,,1,15,,81126,16,,,1,15,,81127,16,,,1,15,,81128,16,,,1,56,,81129,16,,,1,16,,81130,16,,,1,16,,81131,16,,,1,17,,81133,16,,,1,58,,81134,16,,,1,16,,81135,16,,,1,15,,81132,16,,,1,14,,81136,16,,,1,54,,81137,16,,,1,14,,81138,16,,,1,15,,81139,16,,,1,16,,81140,16,,,1,55,,81141,16,,,1,16,,81142,16,,,1,15,,81143,16,,,1,15,,81144,16,,,1,55,,81145,16,,,1,15,,81146,16,,,1,15,,81147,16,,,1,15,,81148,16,,,1,55,,81149,16,,,1,15,,81150,16,,,1,14,,81151,16,,,1,14,,81152,16,,,1,55,,81153,16,,,1,15,,81154,16,,,1,15,,81155,16,,,1,15,,81156,16,,,1,56,,81157,16,,,1,15,,81158,16,,,1,15,,81159,16,,,1,16,,81160,16,,,1,54,,81161,16,,,1,16,,81162,16,,,1,15,,81164,16,,,1,14,,81165,16,,,1,55,,81166,16,,,1,15,,81163,16,,,1,15,,81167,16,,,1,14,,81168,16,,,1,53,,81169,16,,,1,14,,81170,16,,,1,13,,81171,16,,,1,13,,81172,16,,,1,55,,81173,16,,,1,16,,81174,16,,,1,16,,81175,16,,,1,16,,81176,16,,,1,55,,81177,16,,,1,15,,81178,16,,,1,15,,81179,16,,,1,15,,81180,16,,,1,55,,81181,16,,,1,15,,81182,16,,,1,14,,81183,16,,,1,16,,81184,16,,,1,55,,81185,16,,,1,15,,81186,16,,,1,14,,81187,16,,,1,14,,81188,16,,,1,53,,81189,16,,,1,15,,81190,16,,,1,14,,81191,16,,,1,15,,81192,16,,,1,15,,81193,16,,,1
90703,'20262010',2544,,81208,16,,,0,170,,81209,16,,,0
90703,'20262011',2544,,81210,16,,,0,170,,81211,16,,,0
90703,'20262510',2544,,81212,16,,,0,170,,81213,16,,,0
90703,'20262511',2544,,81214,16,,,0,170,,81215,16,,,0
