3901,'20262010',618,,83174,16,,,0,95,,83175,16,,,0,30,,83176,16,,,0,70,,83177,16,,,0,103,,83178,16,,,0,100,,83179,16,,,0,100,,83180,16,,,0,100,,83181,16,,,0,100,,83182,16,,,0,100,,83183,16,,,0,99,,83184,16,,,0,100,,83191,16,,,0,100,,83185,16,,,0,103,,83186,16,,,0,100,,83187,16,,,0,100,,83188,16,,,0,101,,83189,16,,,0,200,,83190,16,,,0
3901,'20262510',718,,83192,16,,,0,100,,83193,16,,,0,100,,83194,16,,,0,100,,83195,16,,,0,100,,83196,16,,,0,100,,83197,16,,,0,100,,83198,16,,,0,100,,83199,16,,,0,100,,83200,16,,,0,100,,83201,16,,,0,100,,83202,16,,,0,100,,83203,16,,,0,100,,83204,16,,,0,100,,83207,16,,,0,100,,83205,16,,,0,200,,83206,16,,,0
3901,'20262610',718,,83222,16,,,0,100,,83208,16,,,0,100,,83223,16,,,0,100,,83209,16,,,0,100,,83210,16,,,0,100,,83211,16,,,0,100,,83212,16,,,0,100,,83213,16,,,0,100,,83214,16,,,0,100,,83215,16,,,0,100,,83216,16,,,0,100,,83217,16,,,0,100,,83218,16,,,0,100,,83221,16,,,0,100,,83219,16,,,0,200,,83220,16,,,0
3901,'20263010',619,,93940,16,,,0,28,,93941,16,,,0,70,,93942,16,,,0,28,,93943,16,,,0,70,,93944,16,,,0,13,,93959,16,,,0,89,,93945,16,,,0,101,,93946,16,,,0,100,,93947,16,,,0,100,,93948,16,,,0,100,,93949,16,,,0,100,,93950,16,,,0,99,,93951,16,,,0,99,,93958,16,,,0,101,,93952,16,,,0,101,,93953,16,,,0,100,,93954,16,,,0,100,,93955,16,,,0,101,,93956,16,,,0,101,,93960,16,,,0,100,,93957,16,,,0
3901,'20263510',719,,93961,16,,,0,100,,93962,16,,,0,99,,93963,16,,,0,100,,93964,16,,,0,100,,93965,16,,,0,100,,93966,16,,,0,100,,93967,16,,,0,100,,93968,16,,,0,100,,93969,16,,,0,100,,93970,16,,,0,100,,93971,16,,,0,100,,93972,16,,,0,101,,93973,16,,,0,100,,93976,16,,,0,100,,93974,16,,,0,100,,93977,16,,,0,100,,93975,16,,,0
3901,'20263511',719,,93978,16,,,0,100,,93979,16,,,0,99,,93980,16,,,0,100,,93981,16,,,0,100,,93982,16,,,0,100,,93983,16,,,0,100,,93984,16,,,0,100,,93985,16,,,0,100,,93986,16,,,0,100,,93987,16,,,0,100,,93988,16,,,0,100,,93989,16,,,0,101,,93990,16,,,0,100,,93993,16,,,0,100,,93991,16,,,0,100,,93994,16,,,0,100,,93992,16,,,0
3901,'20263610',719,,94009,16,,,0,100,,93995,16,,,0,99,,94010,16,,,0,100,,93996,16,,,0,100,,93997,16,,,0,100,,93998,16,,,0,100,,93999,16,,,0,100,,94000,16,,,0,100,,94001,16,,,0,100,,94002,16,,,0,100,,94003,16,,,0,100,,94004,16,,,0,101,,94005,16,,,0,100,,94008,16,,,0,100,,94006,16,,,0,100,,94011,16,,,0,100,,94007,16,,,0
3901,'20263611',719,,94026,16,,,0,100,,94012,16,,,0,99,,94027,16,,,0,100,,94013,16,,,0,100,,94014,16,,,0,100,,94015,16,,,0,100,,94016,16,,,0,100,,94017,16,,,0,100,,94018,16,,,0,100,,94019,16,,,0,100,,94020,16,,,0,100,,94021,16,,,0,101,,94022,16,,,0,100,,94025,16,,,0,100,,94023,16,,,0,100,,94028,16,,,0,100,,94024,16,,,0
13601,'20263010',604,,99498,8,,,0,9,,99499,8,,,0,10,,99500,8,,,0,8,,99504,8,,,0,8,,99492,8,,,0,7,,99493,8,,,0,7,,99501,8,,,0,48,,99505,8,,,0,8,,99494,8,,,0,9,,99495,8,,,0,13,,99502,8,,,0,10,,99496,8,,,0,8,,99503,8,,,0,52,,99497,8,,,0
23901,'20262010',649,,86488,16,,,0,60,,86489,16,,,0,46,,86490,16,,,0,58,,86491,16,,,0
