9103,'20262010',640,,85928,55,,,0,102,,85929,55,,,0,100,,85930,55,,,0,102,,85931,55,,,0,99,,85932,55,,,0,100,,85933,55,,,0,100,,85934,55,,,0,100,,85935,55,,,0,100,,85936,55,,,0,99,,85937,55,,,0,64,,85938,55,,,0,36,,85939,55,,,0,70,,85940,55,,,0,33,,85941,55,,,0,71,,85942,55,,,0,27,,85943,55,,,0,100,,85944,55,,,0,98,,85945,55,,,0,100,,85946,55,,,0,100,,85947,55,,,0,99,,85948,55,,,0
9103,'20262510',634,,85949,55,,,0,100,,85950,55,,,0,100,,85951,55,,,0,101,,85952,55,,,0,100,,85953,55,,,0,101,,85954,55,,,0,100,,85955,55,,,0,100,,85956,55,,,0,100,,85957,55,,,0,100,,85958,55,,,0,100,,85959,55,,,0,100,,85960,55,,,0,99,,85961,55,,,0,99,,85962,55,,,0,100,,85963,55,,,0,100,,85964,55,,,0,100,,85965,55,,,0,100,,85966,55,,,0
9103,'20262610',634,,85967,55,,,0,100,,85968,55,,,0,100,,85969,55,,,0,101,,85970,55,,,0,100,,85971,55,,,0,101,,85972,55,,,0,100,,85973,55,,,0,100,,85974,55,,,0,100,,85975,55,,,0,100,,85976,55,,,0,100,,85977,55,,,0,100,,85978,55,,,0,99,,85979,55,,,0,99,,85980,55,,,0,100,,85981,55,,,0,100,,85982,55,,,0,100,,85983,55,,,0,100,,85984,55,,,0
9103,'20263010',641,,98585,55,,,0,102,,98586,55,,,0,100,,98587,55,,,0,101,,98588,55,,,0,100,,98589,55,,,0,100,,98590,55,,,0,100,,98591,55,,,0,100,,98592,55,,,0,99,,98593,55,,,0,98,,98594,55,,,0,69,,98595,55,,,0,32,,98596,55,,,0,71,,98597,55,,,0,34,,98598,55,,,0,70,,98599,55,,,0,27,,98600,55,,,0,99,,98601,55,,,0,100,,98602,55,,,0,99,,98603,55,,,0,100,,98604,55,,,0,97,,98605,55,,,0
9103,'20263510',635,,98606,55,,,0,100,,98607,55,,,0,101,,98608,55,,,0,100,,98609,55,,,0,100,,98610,55,,,0,101,,98611,55,,,0,100,,98612,55,,,0,99,,98613,55,,,0,101,,98614,55,,,0,100,,98615,55,,,0,100,,98616,55,,,0,100,,98617,55,,,0,100,,98618,55,,,0,97,,98619,55,,,0,101,,98620,55,,,0,100,,98621,55,,,0,100,,98622,55,,,0,100,,98623,55,,,0
9103,'20263511',635,,98624,55,,,0,100,,98625,55,,,0,101,,98626,55,,,0,100,,98627,55,,,0,100,,98628,55,,,0,101,,98629,55,,,0,100,,98630,55,,,0,99,,98631,55,,,0,101,,98632,55,,,0,100,,98633,55,,,0,100,,98634,55,,,0,100,,98635,55,,,0,100,,98636,55,,,0,97,,98637,55,,,0,101,,98638,55,,,0,100,,98639,55,,,0,100,,98640,55,,,0,100,,98641,55,,,0
9103,'20263610',635,,98642,55,,,0,100,,98643,55,,,0,101,,98644,55,,,0,100,,98645,55,,,0,100,,98646,55,,,0,101,,98647,55,,,0,100,,98648,55,,,0,99,,98649,55,,,0,101,,98650,55,,,0,100,,98651,55,,,0,100,,98652,55,,,0,100,,98653,55,,,0,100,,98654,55,,,0,97,,98655,55,,,0,101,,98656,55,,,0,100,,98657,55,,,0,100,,98658,55,,,0,100,,98659,55,,,0
9103,'20263611',635,,98660,55,,,0,100,,98661,55,,,0,101,,98662,55,,,0,100,,98663,55,,,0,100,,98664,55,,,0,101,,98665,55,,,0,100,,98666,55,,,0,99,,98667,55,,,0,101,,98668,55,,,0,100,,98669,55,,,0,100,,98670,55,,,0,100,,98671,55,,,0,100,,98672,55,,,0,97,,98673,55,,,0,101,,98674,55,,,0,100,,98675,55,,,0,100,,98676,55,,,0,100,,98677,55,,,0
29103,'20262010',1609,,86676,62,4,,0,31,,86673,62,4,,0,74,,86675,62,4,,0,30,,86674,62,4,,0
29103,'20263010',1614,,99751,62,4,,0,32,,99748,62,4,,0,71,,99750,62,4,,0,32,,99749,62,4,,0
99103,'20262010',2634,,90495,89,,,0,170,,90496,89,,,0
99103,'20262510',2634,,90497,89,,,0,170,,90498,89,,,0
99103,'20263010',2635,,106122,90,,,0,170,,106123,90,,,0
99103,'20263510',2635,,106124,90,,,0,170,,106125,90,,,0
99103,'20263511',2635,,106126,90,,,0,170,,106127,90,,,0
