7900,'20262010',711,,69975,35,,,0,101,,69973,35,,,0,99,,69976,35,,,0,100,,69974,35,,,0,100,,69960,35,,,0,100,,69961,35,,,0,101,,69962,35,,,0,99,,69963,35,,,0,101,,69964,35,,,0,101,,69965,35,,,0,102,,69966,35,,,0,97,,69967,35,,,0,99,,69968,35,,,0,100,,69969,35,,,0,100,,69970,35,,,0,99,,69971,35,,,0,100,,69972,35,,,0
7900,'20262011',711,,69992,35,,,0,101,,69990,35,,,0,99,,69993,35,,,0,100,,69991,35,,,0,100,,69977,35,,,0,100,,69978,35,,,0,101,,69979,35,,,0,99,,69980,35,,,0,101,,69981,35,,,0,101,,69982,35,,,0,102,,69983,35,,,0,97,,69984,35,,,0,99,,69985,35,,,0,100,,69986,35,,,0,100,,69987,35,,,0,99,,69988,35,,,0,100,,69989,35,,,0
7900,'20262510',740,,70010,35,,,0,70,,70001,35,,,0,100,,70002,35,,,0,100,,70003,35,,,0,100,,69999,35,,,0,100,,70005,35,,,0,100,,69994,35,,,0,101,,70006,35,,,0,100,,70000,35,,,0,100,,70008,35,,,0,100,,69995,35,,,0,100,,69996,35,,,0,99,,70009,35,,,0,100,,70007,35,,,0,100,,69997,35,,,0,100,,70004,35,,,0,100,,69998,35,,,0
7900,'20262511',740,,70027,35,,,0,70,,70018,35,,,0,100,,70019,35,,,0,100,,70020,35,,,0,100,,70016,35,,,0,100,,70022,35,,,0,100,,70011,35,,,0,101,,70023,35,,,0,100,,70017,35,,,0,100,,70025,35,,,0,100,,70012,35,,,0,100,,70013,35,,,0,99,,70026,35,,,0,100,,70024,35,,,0,100,,70014,35,,,0,100,,70021,35,,,0,100,,70015,35,,,0
7900,'20262610',740,,70044,35,,,0,70,,70035,35,,,0,100,,70036,35,,,0,100,,70037,35,,,0,100,,70032,35,,,0,100,,70038,35,,,0,100,,70028,35,,,0,101,,70039,35,,,0,100,,70033,35,,,0,100,,70040,35,,,0,100,,70029,35,,,0,100,,70030,35,,,0,99,,70041,35,,,0,100,,70042,35,,,0,100,,70034,35,,,0,100,,70043,35,,,0,100,,70031,35,,,0
7900,'20262611',740,,70061,35,,,0,70,,70052,35,,,0,100,,70053,35,,,0,100,,70054,35,,,0,100,,70049,35,,,0,100,,70055,35,,,0,100,,70045,35,,,0,101,,70056,35,,,0,100,,70050,35,,,0,100,,70057,35,,,0,100,,70046,35,,,0,100,,70047,35,,,0,99,,70058,35,,,0,100,,70059,35,,,0,100,,70051,35,,,0,100,,70060,35,,,0,100,,70048,35,,,0
27900,'20262010',1649,,73050,42,4,,0,70,,73053,42,4,,0,36,,73052,42,4,,0,72,,73051,42,4,,0
27900,'20262011',1649,,73054,42,4,,0,70,,73057,42,4,,0,36,,73056,42,4,,0,72,,73055,42,4,,0
28000,'20262010',1619,,73071,44,4,,0,32,,73070,44,4,,0,50,,73066,44,4,,0,18,,73067,44,4,,0,37,,73068,44,4,,0,70,,73069,44,4,,0
28000,'20262011',1619,,73077,44,4,,0,32,,73076,44,4,,0,50,,73072,44,4,,0,18,,73073,44,4,,0,37,,73074,44,4,,0,70,,73075,44,4,,0
58000,'20262010',1632,,73929,57,4,,0,81,,73928,57,4,,0,93,,73930,57,4,,0
58000,'20262011',1632,,73932,57,4,,0,81,,73931,57,4,,0,93,,73933,57,4,,0
