8201,'20262010',543,,70952,57,,,0,69,,70953,57,,,0,29,,70954,57,,,0,67,,70955,57,,,0,29,,70970,57,,,0,70,,70967,57,,,0,31,,70973,42,,,0,102,,70961,42,,,0,101,,70956,57,,,0,99,,70962,42,,,0,100,,70957,57,,,0,101,,70963,42,,,0,100,,70969,57,,,0,98,,70964,42,,,0,69,,70968,57,,,0,100,,70958,57,,,0,133,,70959,57,,,0,100,,70971,57,,,0,100,,70965,42,,,0,170,,70966,57,,,0,131,,70960,57,,,0
8201,'20262011',543,,70974,57,,,0,69,,70975,57,,,0,29,,70976,57,,,0,67,,70977,57,,,0,29,,70992,57,,,0,70,,70989,57,,,0,31,,70995,42,,,0,102,,70983,42,,,0,101,,70978,57,,,0,99,,70984,42,,,0,100,,70979,57,,,0,101,,70985,42,,,0,100,,70991,57,,,0,98,,70986,42,,,0,69,,70990,57,,,0,100,,70980,57,,,0,133,,70981,57,,,0,100,,70993,57,,,0,100,,70987,42,,,0,170,,70988,57,,,0,131,,70982,57,,,0
8201,'20262510',644,,71011,57,,,0,97,,71005,57,,,0,100,,71006,57,,,0,100,,70999,42,,,0,100,,71009,57,,,0,100,,71000,42,,,0,100,,70996,57,,,0,100,,71001,42,,,0,100,,71007,57,,,0,101,,71002,42,,,0,100,,71008,57,,,0,100,,71003,57,,,0,101,,71010,42,,,0,101,,70997,57,,,0,100,,71004,42,,,0,170,,71012,42,,,0,130,,70998,57,,,0
8201,'20262511',644,,71028,57,,,0,97,,71022,57,,,0,100,,71023,57,,,0,100,,71016,42,,,0,100,,71026,57,,,0,100,,71017,42,,,0,100,,71013,57,,,0,100,,71018,42,,,0,100,,71024,57,,,0,101,,71019,42,,,0,100,,71025,57,,,0,100,,71020,57,,,0,101,,71027,42,,,0,101,,71014,57,,,0,100,,71021,42,,,0,170,,71029,42,,,0,130,,71015,57,,,0
8201,'20262610',644,,71046,57,,,0,97,,71045,57,,,0,100,,71041,57,,,0,100,,71043,42,,,0,100,,71042,57,,,0,100,,71044,42,,,0,100,,71035,57,,,0,100,,71030,42,,,0,100,,71039,57,,,0,101,,71031,42,,,0,100,,71038,57,,,0,100,,71032,57,,,0,101,,71040,42,,,0,101,,71036,57,,,0,100,,71034,42,,,0,170,,71033,42,,,0,130,,71037,57,,,0
8201,'20262611',644,,71063,57,,,0,97,,71062,57,,,0,100,,71058,57,,,0,100,,71060,42,,,0,100,,71059,57,,,0,100,,71061,42,,,0,100,,71052,57,,,0,100,,71047,42,,,0,100,,71056,57,,,0,101,,71048,42,,,0,100,,71055,57,,,0,100,,71049,57,,,0,101,,71057,42,,,0,101,,71053,57,,,0,100,,71051,42,,,0,170,,71050,42,,,0,130,,71054,57,,,0
28901,'20262010',647,,73173,24,,,0,65,,73172,24,,,0,19,,73174,24,,,0,16,,73176,24,,,0,66,,73175,24,,,0
28901,'20262011',647,,73178,24,,,0,65,,73177,24,,,0,19,,73179,24,,,0,16,,73181,24,,,0,66,,73180,24,,,0
58200,'20262010',1617,,73952,30,4,,0,92,,73951,30,4,,0,93,,73950,30,4,,0
58200,'20262011',1617,,73955,30,4,,0,92,,73954,30,4,,0,93,,73953,30,4,,0
