5902,'20261010',729,,52044,44,,,0,104,,52045,44,,,0,69,,52061,44,,,0,26,,52046,44,,,0,100,,52047,44,,,0,100,,52048,44,,,0,101,,52049,44,,,0,100,,52050,44,,,0,100,,52051,44,,,0,102,,52052,44,,,0,110,,52053,44,,,0,93,,52054,44,,,0,95,,52055,44,,,0,99,,52056,44,,,0,99,,52057,44,,,0,100,,52058,44,,,0,99,,52059,44,,,0,99,,52060,44,,,0
5902,'20261511',826,,52077,44,,,0,101,,52078,44,,,0,102,,52079,44,,,0,100,,52080,44,,,0,100,,52081,44,,,0,100,,52082,44,,,0,100,,52083,44,,,0,100,,52084,44,,,0,100,,52085,44,,,0,100,,52086,44,,,0,99,,52087,44,,,0,98,,52088,44,,,0,100,,52089,44,,,0,100,,52090,44,,,0,100,,52091,44,,,0
5902,'20261611',826,,52107,44,,,0,101,,52108,44,,,0,102,,52109,44,,,0,100,,52110,44,,,0,100,,52111,44,,,0,100,,52112,44,,,0,100,,52113,44,,,0,100,,52114,44,,,0,100,,52115,44,,,0,100,,52116,44,,,0,99,,52117,44,,,0,98,,52118,44,,,0,100,,52119,44,,,0,100,,52120,44,,,0,100,,52121,44,,,0
25000,'20261010',1542,,55931,29,4,,0,73,,55932,29,4,,0,19,,55933,29,4,,0,15,,55934,29,4,,0,65,,55935,29,4,,0,27,,55936,29,4,,0,15,,55937,29,4,,0,55,,55938,29,4,,0
35000,'20261010',1303,,56180,47,4,,0,304,,56184,47,4,,0,104,,56181,47,4,,0,91,,56182,47,4,,0,108,,56183,47,4,,0
55000,'20261010',1554,,56378,45,4,,0,72,,56376,45,4,,0,95,,56375,45,4,,0,18,,56374,45,4,,0,78,,56377,45,4,,0
80002,'20261010',622,,56554,34,,,1,16,,56468,34,,,1,10,,56469,34,,,1,9,,56470,34,,,1,51,,56471,34,,,1,11,,56472,34,,,1,10,,56473,34,,,1,12,,56474,34,,,1,12,,56555,34,,,1,50,,56475,34,,,1,11,,56558,34,,,1,11,,56476,34,,,1,9,,56477,34,,,1,10,,56478,34,,,1,9,,56479,34,,,1,52,,56480,34,,,1,9,,56481,34,,,1,9,,56482,34,,,1,10,,56483,34,,,1,9,,56484,34,,,1,11,,56485,34,,,1,54,,56486,34,,,1,15,,56487,34,,,1,17,,56488,34,,,1,14,,56489,34,,,1,55,,56490,34,,,1,15,,56491,34,,,1,15,,56492,34,,,1,15,,56493,34,,,1,56,,56494,34,,,1,17,,56495,34,,,1,14,,56496,34,,,1,15,,56497,34,,,1,55,,56498,34,,,1,15,,56499,34,,,1,16,,56500,34,,,1,16,,56501,34,,,1,58,,56502,34,,,1,16,,56503,34,,,1,15,,56504,34,,,1,55,,56505,34,,,1,15,,56506,34,,,1,12,,56507,34,,,1,12,,56508,34,,,1,13,,56509,34,,,1,51,,56510,34,,,1,13,,56511,34,,,1,12,,56512,34,,,1,11,,56514,34,,,1,10,,56513,34,,,1,50,,56556,34,,,1,10,,56515,34,,,1,9,,56516,34,,,1,8,,56517,34,,,1,9,,56518,34,,,1,8,,56519,34,,,1,9,,56520,34,,,1,50,,56521,34,,,1,11,,56522,34,,,1,9,,56559,34,,,1,10,,56523,34,,,1,9,,56524,34,,,1,11,,56525,34,,,1,54,,56526,34,,,1,16,,56527,34,,,1,16,,56528,34,,,1,13,,56529,34,,,1,55,,56530,34,,,1,15,,56531,34,,,1,15,,56532,34,,,1,15,,56533,34,,,1,55,,56534,34,,,1,15,,56535,34,,,1,15,,56536,34,,,1,13,,56537,34,,,1,55,,56538,34,,,1,15,,56539,34,,,1,15,,56540,34,,,1,16,,56541,34,,,1,56,,56542,34,,,1,17,,56543,34,,,1,15,,56544,34,,,1,14,,56545,34,,,1,55,,56546,34,,,1,15,,56547,34,,,1,14,,56548,34,,,1,15,,56549,34,,,1,54,,56550,34,,,1,15,,56551,34,,,1,16,,56552,34,,,1,16,,56553,34,,,1,55,,56557,34,,,1
80002,'20261511',648,,56636,34,,,1,56,,56637,34,,,1,15,,56638,34,,,1,15,,56639,34,,,1,15,,56640,34,,,1,55,,56641,34,,,1,15,,56642,34,,,1,15,,56643,34,,,1,15,,56644,34,,,1,55,,56645,34,,,1,15,,56646,34,,,1,15,,56647,34,,,1,15,,56648,34,,,1,56,,56649,34,,,1,15,,56650,34,,,1,15,,56651,34,,,1,15,,56652,34,,,1,54,,56653,34,,,1,15,,56654,34,,,1,15,,56655,34,,,1,16,,56656,34,,,1,55,,56657,34,,,1,15,,56658,34,,,1,14,,56659,34,,,1,15,,56660,34,,,1,55,,56661,34,,,1,15,,56662,34,,,1,17,,56663,34,,,1,15,,56664,34,,,1,55,,56665,34,,,1,16,,56666,34,,,1,15,,56667,34,,,1,15,,56668,34,,,1,55,,56706,34,,,1,15,,56707,34,,,1,15,,56669,34,,,1,14,,56670,34,,,1,55,,56671,34,,,1,16,,56672,34,,,1,15,,56673,34,,,1,14,,56674,34,,,1,56,,56675,34,,,1,14,,56676,34,,,1,15,,56677,34,,,1,15,,56678,34,,,1,56,,56679,34,,,1,15,,56680,34,,,1,15,,56681,34,,,1,14,,56682,34,,,1,55,,56683,34,,,1,15,,56684,34,,,1,15,,56685,34,,,1,15,,56686,34,,,1,55,,56687,34,,,1,15,,56688,34,,,1,15,,56689,34,,,1,16,,56690,34,,,1,56,,56691,34,,,1,14,,56692,34,,,1,15,,56693,34,,,1,15,,56694,34,,,1,55,,56695,34,,,1,15,,56696,34,,,1,15,,56697,34,,,1,14,,56698,34,,,1,54,,56699,34,,,1,16,,56700,34,,,1,15,,56701,34,,,1,15,,56702,34,,,1,55,,56703,34,,,1,14,,56704,34,,,1,16,,56705,34,,,1,15,,56709,34,,,1,54,,56708,34,,,1,14,,56710,34,,,1,15,,56711,34,,,1
80002,'20261611',648,,56794,34,,,1,56,,56817,34,,,1,15,,56809,34,,,1,15,,56811,34,,,1,15,,56815,34,,,1,55,,56802,34,,,1,15,,56813,34,,,1,15,,56816,34,,,1,15,,56812,34,,,1,55,,56788,34,,,1,15,,56790,34,,,1,15,,56795,34,,,1,15,,56814,34,,,1,56,,56796,34,,,1,15,,56793,34,,,1,15,,56797,34,,,1,15,,56798,34,,,1,54,,56800,34,,,1,15,,56799,34,,,1,15,,56791,34,,,1,16,,56818,34,,,1,55,,56819,34,,,1,15,,56803,34,,,1,14,,56804,34,,,1,15,,56801,34,,,1,55,,56820,34,,,1,15,,56789,34,,,1,17,,56805,34,,,1,15,,56806,34,,,1,55,,56821,34,,,1,16,,56822,34,,,1,15,,56823,34,,,1,15,,56807,34,,,1,55,,56859,34,,,1,15,,56862,34,,,1,15,,56808,34,,,1,14,,56810,34,,,1,55,,56792,34,,,1,16,,56834,34,,,1,15,,56850,34,,,1,14,,56841,34,,,1,56,,56826,34,,,1,14,,56849,34,,,1,15,,56830,34,,,1,15,,56831,34,,,1,56,,56824,34,,,1,15,,56827,34,,,1,15,,56832,34,,,1,14,,56842,34,,,1,55,,56828,34,,,1,15,,56825,34,,,1,15,,56835,34,,,1,15,,56836,34,,,1,55,,56840,34,,,1,15,,56829,34,,,1,15,,56847,34,,,1,16,,56843,34,,,1,56,,56833,34,,,1,14,,56837,34,,,1,15,,56838,34,,,1,15,,56846,34,,,1,55,,56839,34,,,1,15,,56848,34,,,1,15,,56845,34,,,1,14,,56844,34,,,1,54,,56855,34,,,1,16,,56854,34,,,1,15,,56853,34,,,1,15,,56851,34,,,1,55,,56856,34,,,1,14,,56857,34,,,1,16,,56852,34,,,1,15,,56860,34,,,1,54,,56863,34,,,1,14,,56858,34,,,1,15,,56861,34,,,1
95002,'20261010',2607,,62375,41,,,0,128,,62376,41,,,0
95002,'20261511',2607,,62380,41,,,0,128,,62379,41,,,0
