7901,'20261010',703,,53729,54,,,0,36,,53730,54,,,0,70,,53731,54,,,0,28,,53732,54,,,0,68,,53733,54,,,0,101,,53734,54,,,0
9102,'20261010',543,,54969,54,,,0,102,,54970,54,,,0,70,,54971,54,,,0,33,,54972,54,,,0,71,,54973,54,,,0,29,,54974,54,,,0,70,,54975,53,,,0,99,,54976,53,,,0,99,,54977,53,,,0,101,,54978,53,,,0,100,,54979,53,,,0,99,,54980,53,,,0,102,,54981,53,,,0,101,,54982,54,,,0,105,,54983,54,,,0,96,,54984,54,,,0,96,,54985,53,,,0,98,,54986,53,,,0,100,,54987,53,,,0,100,,54988,53,,,0,100,,54989,54,,,0
9102,'20261511',614,,55008,54,,,0,100,,55009,54,,,0,100,,55010,54,,,0,100,,55011,53,,,0,101,,55012,53,,,0,101,,55013,53,,,0,100,,55014,53,,,0,100,,55015,53,,,0,100,,55016,53,,,0,101,,55017,53,,,0,101,,55018,53,,,0,96,,55019,53,,,0,102,,55020,53,,,0,99,,55021,54,,,0,100,,55022,54,,,0,99,,55023,54,,,0,100,,55024,54,,,0,100,,55025,54,,,0
9102,'20261611',614,,55044,54,,,0,100,,55045,54,,,0,100,,55046,54,,,0,100,,55047,53,,,0,101,,55048,53,,,0,101,,55049,53,,,0,100,,55050,53,,,0,100,,55051,53,,,0,100,,55052,53,,,0,101,,55053,53,,,0,101,,55054,53,,,0,96,,55055,53,,,0,102,,55056,53,,,0,99,,55057,54,,,0,100,,55058,54,,,0,99,,55059,54,,,0,100,,55060,54,,,0,100,,55061,54,,,0
9202,'20261010',612,,55174,45,,,0,101,,55173,45,,,0,35,,55172,45,,,0,75,,55155,45,,,0,27,,55171,45,,,0,69,,55156,45,,,0,98,,55157,45,,,0,101,,55158,45,,,0,99,,55160,45,,,0,101,,55161,45,,,0,100,,55159,45,,,0,102,,55167,45,,,0,101,,55165,45,,,0,106,,55166,45,,,0,97,,55168,45,,,0,95,,55162,45,,,0,98,,55163,45,,,0,99,,55164,45,,,0,98,,55169,45,,,0,98,,55170,45,,,0
9202,'20261511',628,,55208,45,,,0,100,,55207,45,,,0,101,,55192,45,,,0,101,,55203,45,,,0,102,,55202,45,,,0,102,,55193,45,,,0,100,,55204,45,,,0,100,,55196,45,,,0,100,,55198,45,,,0,100,,55197,45,,,0,101,,55205,45,,,0,101,,55194,45,,,0,98,,55195,45,,,0,96,,55206,45,,,0,99,,55199,45,,,0,100,,55200,45,,,0,99,,55201,45,,,0
9202,'20261611',628,,55242,45,,,0,100,,55241,45,,,0,101,,55226,45,,,0,101,,55236,45,,,0,102,,55235,45,,,0,102,,55227,45,,,0,100,,55237,45,,,0,100,,55230,45,,,0,100,,55232,45,,,0,100,,55231,45,,,0,101,,55238,45,,,0,101,,55228,45,,,0,98,,55229,45,,,0,96,,55239,45,,,0,99,,55233,45,,,0,100,,55234,45,,,0,99,,55240,45,,,0
9301,'20261010',625,,55433,58,,,0,98,,55418,58,,,0,23,,55440,58,,,0,54,,55419,58,,,0,30,,55420,58,,,0,70,,55421,58,,,0,28,,55422,58,,,0
9402,'20261010',624,,55505,44,,,0,100,,55507,44,,,0,76,,55522,44,,,0,30,,55523,44,,,0,70,,55521,44,,,0,30,,55506,44,,,0,99,,55524,44,,,0,99,,55508,44,,,0,101,,55509,44,,,0,100,,55510,44,,,0,99,,55511,44,,,0,104,,55512,44,,,0,102,,55513,44,,,0,101,,55514,44,,,0,97,,55515,44,,,0,96,,55516,44,,,0,98,,55517,44,,,0,98,,55518,44,,,0,100,,55519,44,,,0,100,,55520,44,,,0
9402,'20261511',617,,55560,44,,,0,100,,55543,44,,,0,100,,55544,44,,,0,100,,55545,44,,,0,102,,55546,44,,,0,100,,55547,44,,,0,101,,55548,44,,,0,100,,55549,44,,,0,100,,55550,44,,,0,101,,55551,44,,,0,101,,55552,44,,,0,100,,55553,44,,,0,97,,55554,44,,,0,99,,55555,44,,,0,99,,55556,44,,,0,100,,55557,44,,,0,100,,55558,44,,,0,100,,55559,44,,,0
9402,'20261611',617,,55596,44,,,0,100,,55579,44,,,0,100,,55580,44,,,0,100,,55581,44,,,0,102,,55582,44,,,0,100,,55583,44,,,0,101,,55584,44,,,0,100,,55585,44,,,0,100,,55586,44,,,0,101,,55587,44,,,0,101,,55588,44,,,0,100,,55589,44,,,0,97,,55590,44,,,0,99,,55591,44,,,0,99,,55592,44,,,0,100,,55593,44,,,0,100,,55594,44,,,0,100,,55595,44,,,0
18500,'20261010',1508,,55875,2,,,0,99,,55876,2,,,0,44,,55877,2,,,0,65,,55878,2,,,0,90,,55880,2,,,0
33001,'20261010',648,,56147,36,4,,0,58,,56143,36,4,,0,15,,56144,36,4,,0,15,,56155,36,4,,0,15,,56148,36,4,,0,54,,56149,36,4,,0,25,,56150,36,4,,0,72,,56151,36,4,,0,15,,56145,36,4,,0,19,,56152,36,4,,0,100,,56153,36,4,,0,93,,56146,36,4,,0,100,,56154,36,4,,0
33601,'20261010',732,,56158,50,4,,0
33701,'20261010',709,,56164,28,4,,0,9,,56168,28,4,,0,11,,56165,28,4,,0,76,,56169,28,4,,0,30,,56170,28,4,,0,100,,56166,28,4,,0,199,,56167,28,4,,0
33801,'20261010',708,,56176,44,4,,0,11,,56175,44,4,,0,5,,56177,44,4,,0,78,,56178,44,4,,0,332,,56179,44,4,,0
35001,'20261010',706,,56185,45,4,,0,24,,56186,45,4,,0,73,,56189,45,4,,0,30,,56190,45,4,,0,102,,56187,45,4,,0,206,,56188,45,4,,0
35401,'20261010',734,,56194,32,4,,0,402,,56195,32,4,,0
35501,'20261010',735,,56199,34,4,,0,211,,56200,34,4,,0
35801,'20261010',733,,56204,40,4,,0,74,,56205,40,4,,0
37001,'20261010',705,,56211,46,4,,0,15,,56212,46,4,,0,8,,56213,46,4,,0,15,,56214,46,4,,0,65,,56215,46,4,,0,133,,56218,27,4,,0,2,,56216,46,4,,0,201,,56217,46,4,,0
37201,'20261010',702,,56224,71,4,,0,24,,56223,71,4,,0,77,,56227,71,4,,0,132,,56225,71,4,,0,200,,56226,71,4,,0
37401,'20261010',731,,56231,40,4,,0,87,,56232,40,4,,0,124,,56233,40,4,,0
38001,'20261010',726,,56238,55,4,,0,16,,56240,55,4,,0,66,,56239,55,4,,0,326,,56241,55,4,,0
38101,'20261010',703,,56247,39,4,,0,40,,56245,39,4,,0,59,,56248,39,4,,0,141,,56246,39,4,,0
38201,'20261010',657,,56254,56,4,,0,52,,56258,56,4,,0,13,,56257,56,4,,0,15,,56255,56,4,,0,68,,56259,56,4,,0,131,,56256,56,4,,0,200,,56253,56,4,,0
38401,'20261010',705,,56265,63,4,,0,28,,56263,63,4,,0,72,,56264,63,4,,0,135,,56266,63,4,,0
80401,'20261010',551,,60078,50,,,1,55,,60067,50,,,1,16,,60002,50,,,1,15,,60066,50,,,1,15,,60049,50,,,1,57,,60003,50,,,1,16,,60004,50,,,1,13,,60005,50,,,1,14,,60006,50,,,1,50,,60061,50,,,1,10,,60056,50,,,1,10,,60007,50,,,1,10,,60008,50,,,1,13,,60009,50,,,1,55,,60010,50,,,1,14,,60011,50,,,1,15,,60012,50,,,1,15,,60013,50,,,1,56,,60062,50,,,1,15,,60014,50,,,1,15,,60015,50,,,1,15,,60016,50,,,1,55,,60017,50,,,1,15,,60018,50,,,1,15,,60063,50,,,1,16,,60057,50,,,1,55,,60019,50,,,1,15,,60020,50,,,1,16,,60021,50,,,1,13,,60022,50,,,1,14,,60023,50,,,1,55,,60064,50,,,1,14,,60024,50,,,1,13,,60025,50,,,1,14,,60026,50,,,1,55,,60058,50,,,1,15,,60027,50,,,1,16,,60028,50,,,1,16,,60029,50,,,1,55,,60030,50,,,1,17,,60031,50,,,1,14,,60032,50,,,1,57,,60060,50,,,1,15,,60033,50,,,1,13,,60034,50,,,1,13,,60035,50,,,1,11,,60065,50,,,1,51,,60036,50,,,1,11,,60037,50,,,1,10,,60038,50,,,1,11,,60039,50,,,1,12,,60048,50,,,1,11,,60073,50,,,1,56,,60050,50,,,1,16,,60040,50,,,1,14,,60076,50,,,1,14,,60059,50,,,1,54,,60051,50,,,1,15,,60052,50,,,1,14,,60041,50,,,1,12,,60042,50,,,1,56,,60069,50,,,1,17,,60053,50,,,1,16,,60070,50,,,1,17,,60071,50,,,1,58,,60072,50,,,1,18,,60068,50,,,1,19,,60055,50,,,1,57,,60054,50,,,1,18,,60043,50,,,1,16,,60044,50,,,1,58,,60075,50,,,1,18,,60045,50,,,1,18,,60074,50,,,1,18,,60046,50,,,1,57,,60047,50,,,1,18,,60077,50,,,1
80401,'20261511',704,,60144,50,,,1,18,,60196,50,,,1,18,,60195,50,,,1,18,,60145,50,,,1,58,,60146,50,,,1,15,,60197,50,,,1,15,,60184,50,,,1,55,,60185,50,,,1,15,,60186,50,,,1,16,,60198,50,,,1,14,,60147,50,,,1,55,,60187,50,,,1,14,,60188,50,,,1,16,,60199,50,,,1,16,,60148,50,,,1,54,,60189,50,,,1,15,,60190,50,,,1,15,,60200,50,,,1,15,,60149,50,,,1,56,,60191,50,,,1,14,,60192,50,,,1,15,,60150,50,,,1,15,,60193,50,,,1,55,,60151,50,,,1,15,,60152,50,,,1,15,,60153,50,,,1,15,,60154,50,,,1,55,,60155,50,,,1,15,,60156,50,,,1,15,,60157,50,,,1,15,,60158,50,,,1,55,,60159,50,,,1,15,,60160,50,,,1,16,,60161,50,,,1,15,,60162,50,,,1,55,,60163,50,,,1,15,,60164,50,,,1,15,,60165,50,,,1,15,,60166,50,,,1,55,,60167,50,,,1,15,,60168,50,,,1,17,,60169,50,,,1,18,,60170,50,,,1,58,,60171,50,,,1,18,,60194,50,,,1,19,,60205,50,,,1,57,,60172,50,,,1,19,,60173,50,,,1,19,,60206,50,,,1,58,,60174,50,,,1,18,,60207,50,,,1,18,,60175,50,,,1,18,,60176,50,,,1,57,,60208,50,,,1,18,,60177,50,,,1,17,,60203,50,,,1,58,,60178,50,,,1,18,,60179,50,,,1,18,,60202,50,,,1,18,,60180,50,,,1,57,,60201,50,,,1,19,,60181,50,,,1,18,,60182,50,,,1,58,,60204,50,,,1,18,,60183,50,,,1
80401,'20261611',704,,60274,50,,,1,18,,60275,50,,,1,18,,60326,50,,,1,18,,60325,50,,,1,58,,60276,50,,,1,15,,60327,50,,,1,15,,60314,50,,,1,55,,60315,50,,,1,15,,60316,50,,,1,16,,60328,50,,,1,14,,60278,50,,,1,55,,60317,50,,,1,14,,60318,50,,,1,16,,60329,50,,,1,16,,60277,50,,,1,54,,60319,50,,,1,15,,60320,50,,,1,15,,60330,50,,,1,15,,60279,50,,,1,56,,60321,50,,,1,14,,60322,50,,,1,15,,60280,50,,,1,15,,60323,50,,,1,55,,60281,50,,,1,15,,60282,50,,,1,15,,60283,50,,,1,15,,60284,50,,,1,55,,60285,50,,,1,15,,60286,50,,,1,15,,60287,50,,,1,15,,60288,50,,,1,55,,60289,50,,,1,15,,60290,50,,,1,16,,60291,50,,,1,15,,60292,50,,,1,55,,60293,50,,,1,15,,60294,50,,,1,15,,60295,50,,,1,15,,60296,50,,,1,55,,60297,50,,,1,15,,60298,50,,,1,17,,60299,50,,,1,18,,60300,50,,,1,58,,60301,50,,,1,18,,60302,50,,,1,19,,60324,50,,,1,57,,60331,50,,,1,19,,60303,50,,,1,19,,60304,50,,,1,58,,60332,50,,,1,18,,60305,50,,,1,18,,60333,50,,,1,18,,60306,50,,,1,57,,60307,50,,,1,18,,60334,50,,,1,17,,60308,50,,,1,58,,60335,50,,,1,18,,60309,50,,,1,18,,60310,50,,,1,18,,60336,50,,,1,57,,60311,50,,,1,19,,60337,50,,,1,18,,60312,50,,,1,58,,60338,50,,,1,18,,60313,50,,,1
80702,'20261010',526,,61624,18,,,1,14,,61584,18,,,1,14,,61585,18,,,1,55,,61586,18,,,1,15,,61587,18,,,1,14,,61588,18,,,1,15,,61589,18,,,1,47,,61533,18,,,1,6,,61615,18,,,1,7,,61616,18,,,1,7,,61622,18,,,1,8,,61617,18,,,1,9,,61618,18,,,1,10,,61619,18,,,1,10,,61620,18,,,1,51,,61621,18,,,1,10,,61614,18,,,1,10,,61534,18,,,1,12,,61535,18,,,1,12,,61536,18,,,1,52,,61537,18,,,1,12,,61538,18,,,1,14,,61539,18,,,1,15,,61540,18,,,1,55,,61541,18,,,1,15,,61542,18,,,1,15,,61543,18,,,1,15,,61544,18,,,1,14,,61545,18,,,1,54,,61546,18,,,1,15,,61547,18,,,1,15,,61548,18,,,1,15,,61549,18,,,1,54,,61550,18,,,1,12,,61551,18,,,1,13,,61552,18,,,1,13,,61553,18,,,1,52,,61554,18,,,1,12,,61555,18,,,1,12,,61556,18,,,1,12,,61557,18,,,1,12,,61558,18,,,1,52,,61559,18,,,1,12,,61560,18,,,1,13,,61561,18,,,1,13,,61562,18,,,1,11,,61563,18,,,1,49,,61564,18,,,1,10,,61565,18,,,1,9,,61566,18,,,1,10,,61567,18,,,1,9,,61568,18,,,1,10,,61569,18,,,1,10,,61570,18,,,1,50,,61571,18,,,1,10,,61572,18,,,1,9,,61573,18,,,1,11,,61574,18,,,1,11,,61575,18,,,1,52,,61576,18,,,1,11,,61577,18,,,1,12,,61578,18,,,1,12,,61579,18,,,1,12,,61580,18,,,1,11,,61581,18,,,1,56,,61582,18,,,1,16,,61583,18,,,1,16,,61590,18,,,1,56,,61591,18,,,1,16,,61592,18,,,1,15,,61593,18,,,1,15,,61594,18,,,1,55,,61595,18,,,1,15,,61596,18,,,1,15,,61597,18,,,1,15,,61598,18,,,1,56,,61599,18,,,1,15,,61600,18,,,1,15,,61601,18,,,1,15,,61602,18,,,1,56,,61603,18,,,1,15,,61604,18,,,1,15,,61605,18,,,1,15,,61606,18,,,1,56,,61607,18,,,1,16,,61608,18,,,1,15,,61609,18,,,1,16,,61610,18,,,1,55,,61611,18,,,1,14,,61612,18,,,1,15,,61613,18,,,1,15,,61532,18,,,1,55,,61623,18,,,1
80702,'20261511',539,,61703,18,,,1,15,,61704,18,,,1,54,,61705,18,,,1,15,,61779,18,,,1,15,,61706,18,,,1,14,,61707,18,,,1,56,,61780,18,,,1,15,,61708,18,,,1,15,,61709,18,,,1,14,,61710,18,,,1,55,,61711,18,,,1,15,,61712,18,,,1,14,,61713,18,,,1,13,,61714,18,,,1,56,,61715,18,,,1,15,,61716,18,,,1,15,,61717,18,,,1,15,,61718,18,,,1,55,,61719,18,,,1,15,,61720,18,,,1,13,,61721,18,,,1,16,,61722,18,,,1,55,,61723,18,,,1,15,,61724,18,,,1,15,,61725,18,,,1,15,,61726,18,,,1,55,,61727,18,,,1,14,,61728,18,,,1,15,,61729,18,,,1,14,,61730,18,,,1,55,,61731,18,,,1,14,,61732,18,,,1,15,,61733,18,,,1,15,,61734,18,,,1,55,,61735,18,,,1,15,,61736,18,,,1,15,,61737,18,,,1,15,,61738,18,,,1,55,,61739,18,,,1,15,,61740,18,,,1,15,,61741,18,,,1,14,,61742,18,,,1,56,,61743,18,,,1,14,,61744,18,,,1,16,,61745,18,,,1,15,,61746,18,,,1,56,,61747,18,,,1,15,,61748,18,,,1,15,,61749,18,,,1,16,,61750,18,,,1,57,,61751,18,,,1,15,,61752,18,,,1,14,,61753,18,,,1,15,,61754,18,,,1,55,,61755,18,,,1,15,,61756,18,,,1,15,,61757,18,,,1,16,,61758,18,,,1,54,,61759,18,,,1,15,,61760,18,,,1,16,,61761,18,,,1,15,,61762,18,,,1,55,,61763,18,,,1,16,,61764,18,,,1,15,,61765,18,,,1,15,,61766,18,,,1,55,,61767,18,,,1,15,,61768,18,,,1,15,,61769,18,,,1,15,,61770,18,,,1,56,,61771,18,,,1,15,,61772,18,,,1,16,,61773,18,,,1,16,,61774,18,,,1,55,,61775,18,,,1,15,,61776,18,,,1,15,,61777,18,,,1,16,,61778,18,,,1
80702,'20261611',539,,61859,18,,,1,15,,61860,18,,,1,54,,61861,18,,,1,15,,61935,18,,,1,15,,61862,18,,,1,14,,61863,18,,,1,56,,61936,18,,,1,15,,61864,18,,,1,15,,61865,18,,,1,14,,61866,18,,,1,55,,61867,18,,,1,15,,61868,18,,,1,14,,61869,18,,,1,13,,61870,18,,,1,56,,61871,18,,,1,15,,61872,18,,,1,15,,61873,18,,,1,15,,61874,18,,,1,55,,61875,18,,,1,15,,61876,18,,,1,13,,61877,18,,,1,16,,61878,18,,,1,55,,61879,18,,,1,15,,61880,18,,,1,15,,61881,18,,,1,15,,61882,18,,,1,55,,61883,18,,,1,14,,61884,18,,,1,15,,61885,18,,,1,14,,61886,18,,,1,55,,61887,18,,,1,14,,61888,18,,,1,15,,61889,18,,,1,15,,61890,18,,,1,55,,61891,18,,,1,15,,61892,18,,,1,15,,61893,18,,,1,15,,61894,18,,,1,55,,61895,18,,,1,15,,61896,18,,,1,15,,61897,18,,,1,14,,61898,18,,,1,56,,61899,18,,,1,14,,61900,18,,,1,16,,61901,18,,,1,15,,61902,18,,,1,56,,61903,18,,,1,15,,61904,18,,,1,15,,61905,18,,,1,16,,61906,18,,,1,57,,61907,18,,,1,15,,61908,18,,,1,14,,61909,18,,,1,15,,61910,18,,,1,55,,61911,18,,,1,15,,61912,18,,,1,15,,61913,18,,,1,16,,61914,18,,,1,54,,61915,18,,,1,15,,61916,18,,,1,16,,61917,18,,,1,15,,61918,18,,,1,55,,61919,18,,,1,16,,61920,18,,,1,15,,61921,18,,,1,15,,61922,18,,,1,55,,61923,18,,,1,15,,61924,18,,,1,15,,61925,18,,,1,15,,61926,18,,,1,56,,61927,18,,,1,15,,61928,18,,,1,16,,61929,18,,,1,16,,61930,18,,,1,55,,61931,18,,,1,15,,61932,18,,,1,15,,61933,18,,,1,16,,61934,18,,,1
90702,'20261010',2542,,62345,18,,,0,85,,62346,18,,,0
90702,'20261511',2542,,62349,18,,,0,85,,62350,18,,,0
