9203,'20262010',617,,86055,39,,,0,100,,86039,39,,,0,103,,86040,39,,,0,100,,86041,39,,,0,101,,86042,39,,,0,98,,86043,39,,,0,102,,86044,39,,,0,100,,86045,39,,,0,100,,86048,39,,,0,100,,86058,39,,,0,30,,86050,39,,,0,70,,86056,39,,,0,31,,86051,39,,,0,70,,86059,39,,,0,31,,86057,39,,,0,69,,86052,39,,,0,98,,86049,39,,,0,100,,86053,39,,,0,99,,86046,39,,,0,99,,86047,39,,,0,100,,86054,39,,,0
9203,'20262510',737,,86076,39,,,0,100,,86070,39,,,0,100,,86060,39,,,0,100,,86069,39,,,0,100,,86071,39,,,0,100,,86061,39,,,0,100,,86062,39,,,0,100,,86063,39,,,0,100,,86064,39,,,0,101,,86072,39,,,0,102,,86065,39,,,0,96,,86066,39,,,0,101,,86067,39,,,0,100,,86068,39,,,0,100,,86073,39,,,0,100,,86075,39,,,0,100,,86074,39,,,0
9203,'20262610',737,,86093,39,,,0,100,,86088,39,,,0,100,,86077,39,,,0,100,,86087,39,,,0,100,,86089,39,,,0,100,,86078,39,,,0,100,,86079,39,,,0,100,,86090,39,,,0,100,,86080,39,,,0,101,,86081,39,,,0,102,,86091,39,,,0,96,,86082,39,,,0,101,,86083,39,,,0,100,,86084,39,,,0,100,,86092,39,,,0,100,,86085,39,,,0,100,,86086,39,,,0
9203,'20263010',615,,98782,39,,,0,103,,98766,39,,,0,105,,98767,39,,,0,96,,98768,39,,,0,100,,98769,39,,,0,100,,98770,39,,,0,102,,98771,39,,,0,100,,98772,39,,,0,99,,98775,39,,,0,99,,98785,39,,,0,31,,98777,39,,,0,71,,98783,39,,,0,32,,98778,39,,,0,68,,98786,39,,,0,35,,98784,39,,,0,70,,98779,39,,,0,93,,98776,39,,,0,99,,98780,39,,,0,100,,98773,39,,,0,100,,98774,39,,,0,100,,98781,39,,,0
9203,'20263510',735,,98803,39,,,0,100,,98797,39,,,0,100,,98787,39,,,0,102,,98796,39,,,0,97,,98798,39,,,0,100,,98788,39,,,0,101,,98789,39,,,0,102,,98790,39,,,0,101,,98791,39,,,0,104,,98799,39,,,0,99,,98792,39,,,0,101,,98793,39,,,0,93,,98794,39,,,0,99,,98795,39,,,0,100,,98800,39,,,0,100,,98802,39,,,0,100,,98801,39,,,0
9203,'20263511',735,,98820,39,,,0,100,,98814,39,,,0,100,,98804,39,,,0,102,,98813,39,,,0,97,,98815,39,,,0,100,,98805,39,,,0,101,,98806,39,,,0,102,,98807,39,,,0,101,,98808,39,,,0,104,,98816,39,,,0,99,,98809,39,,,0,101,,98810,39,,,0,93,,98811,39,,,0,99,,98812,39,,,0,100,,98817,39,,,0,100,,98819,39,,,0,100,,98818,39,,,0
9203,'20263610',735,,98837,39,,,0,100,,98832,39,,,0,100,,98821,39,,,0,102,,98831,39,,,0,97,,98833,39,,,0,100,,98822,39,,,0,101,,98823,39,,,0,102,,98834,39,,,0,101,,98824,39,,,0,104,,98825,39,,,0,99,,98835,39,,,0,101,,98826,39,,,0,93,,98827,39,,,0,99,,98828,39,,,0,100,,98836,39,,,0,100,,98829,39,,,0,100,,98830,39,,,0
9203,'20263611',735,,98854,39,,,0,100,,98849,39,,,0,100,,98838,39,,,0,102,,98848,39,,,0,97,,98850,39,,,0,100,,98839,39,,,0,101,,98840,39,,,0,102,,98851,39,,,0,101,,98841,39,,,0,104,,98842,39,,,0,99,,98852,39,,,0,101,,98843,39,,,0,93,,98844,39,,,0,99,,98845,39,,,0,100,,98853,39,,,0,100,,98846,39,,,0,100,,98847,39,,,0
29203,'20262010',1638,,86681,32,4,,0,72,,86682,32,4,,0,27,,86680,32,4,,0
29203,'20263010',1638,,99756,32,4,,0,70,,99757,32,4,,0,33,,99755,32,4,,0
99203,'20262010',2624,,90499,72,,,0,130,,90500,72,,,0
99203,'20262510',2624,,90501,72,,,0,130,,90502,72,,,0
99203,'20263010',2624,,106128,72,,,0,130,,106129,72,,,0
99203,'20263510',2624,,106130,72,,,0,130,,106131,72,,,0
99203,'20263511',2624,,106132,72,,,0,130,,106133,72,,,0
