100,'20262010',635,,62469,13,,,1,70,,62438,13,,,1,18,,62471,13,,,1,23,,62439,13,,,1,62,,62440,13,,,1,29,,62441,13,,,1,70,,62442,13,,,1,29,,62443,13,,,1,71,,62444,13,,,1,30,,62445,13,,,1,71,,62446,13,,,1,30,,62447,13,,,1,71,,62448,13,,,1,31,,62449,13,,,1,69,,62450,13,,,1,30,,62451,13,,,1,69,,62452,13,,,1,30,,62453,13,,,1,19,,62454,13,,,1,62,,62472,13,,,1,22,,62455,13,,,1,17,,62473,13,,,1,56,,62476,13,,,1,14,,62456,13,,,1,19,,62474,13,,,1,55,,62457,13,,,1,20,,62475,13,,,1,19,,62458,13,,,1,61,,62459,13,,,1,27,,62460,13,,,1,28,,62461,13,,,1,70,,62462,13,,,1,29,,62463,13,,,1,70,,62464,13,,,1,30,,62465,13,,,1,70,,62466,13,,,1,100,,62467,13,,,1,99,,62468,13,,,1,99,,62470,13,,,1
100,'20262011',635,,62508,13,,,1,70,,62477,13,,,1,18,,62510,13,,,1,23,,62478,13,,,1,62,,62479,13,,,1,29,,62480,13,,,1,70,,62481,13,,,1,29,,62482,13,,,1,71,,62483,13,,,1,30,,62484,13,,,1,71,,62485,13,,,1,30,,62486,13,,,1,71,,62487,13,,,1,31,,62488,13,,,1,69,,62489,13,,,1,30,,62490,13,,,1,69,,62491,13,,,1,30,,62492,13,,,1,19,,62493,13,,,1,62,,62511,13,,,1,22,,62494,13,,,1,17,,62512,13,,,1,56,,62515,13,,,1,14,,62495,13,,,1,19,,62513,13,,,1,55,,62496,13,,,1,20,,62514,13,,,1,19,,62497,13,,,1,61,,62498,13,,,1,27,,62499,13,,,1,28,,62500,13,,,1,70,,62501,13,,,1,29,,62502,13,,,1,70,,62503,13,,,1,30,,62504,13,,,1,70,,62505,13,,,1,100,,62506,13,,,1,99,,62507,13,,,1,99,,62509,13,,,1
100,'20262510',627,,62517,13,,,1,100,,62518,13,,,1,101,,62519,13,,,1,100,,62520,13,,,1,100,,62521,13,,,1,102,,62522,13,,,1,100,,62523,13,,,1,72,,62524,13,,,1,30,,62525,13,,,1,70,,62526,13,,,1,30,,62527,13,,,1,70,,62528,13,,,1,30,,62529,13,,,1,70,,62530,13,,,1,30,,62531,13,,,1,70,,62532,13,,,1,30,,62533,13,,,1,68,,62534,13,,,1,30,,62535,13,,,1,100,,62536,13,,,1,99,,62537,13,,,1,100,,62538,13,,,1,99,,62539,13,,,1,99,,62516,13,,,1,100,,62540,13,,,1
100,'20262511',627,,62542,13,,,1,100,,62543,13,,,1,101,,62544,13,,,1,100,,62545,13,,,1,100,,62546,13,,,1,102,,62547,13,,,1,100,,62548,13,,,1,72,,62549,13,,,1,30,,62550,13,,,1,70,,62551,13,,,1,30,,62552,13,,,1,70,,62553,13,,,1,30,,62554,13,,,1,70,,62555,13,,,1,30,,62556,13,,,1,70,,62557,13,,,1,30,,62558,13,,,1,68,,62559,13,,,1,30,,62560,13,,,1,100,,62561,13,,,1,99,,62562,13,,,1,100,,62563,13,,,1,99,,62564,13,,,1,99,,62541,13,,,1,100,,62565,13,,,1
100,'20262610',627,,62566,13,,,1,100,,62567,13,,,1,101,,62568,13,,,1,100,,62569,13,,,1,100,,62570,13,,,1,102,,62571,13,,,1,100,,62572,13,,,1,72,,62573,13,,,1,30,,62574,13,,,1,70,,62575,13,,,1,30,,62576,13,,,1,70,,62577,13,,,1,30,,62578,13,,,1,70,,62579,13,,,1,30,,62580,13,,,1,70,,62581,13,,,1,30,,62582,13,,,1,68,,62583,13,,,1,30,,62584,13,,,1,100,,62585,13,,,1,99,,62586,13,,,1,100,,62587,13,,,1,99,,62588,13,,,1,99,,62589,13,,,1,100,,62590,13,,,1
100,'20262611',627,,62591,13,,,1,100,,62592,13,,,1,101,,62593,13,,,1,100,,62594,13,,,1,100,,62595,13,,,1,102,,62596,13,,,1,100,,62597,13,,,1,72,,62598,13,,,1,30,,62599,13,,,1,70,,62600,13,,,1,30,,62601,13,,,1,70,,62602,13,,,1,30,,62603,13,,,1,70,,62604,13,,,1,30,,62605,13,,,1,70,,62606,13,,,1,30,,62607,13,,,1,68,,62608,13,,,1,30,,62609,13,,,1,100,,62610,13,,,1,99,,62611,13,,,1,100,,62612,13,,,1,99,,62613,13,,,1,99,,62614,13,,,1,100,,62615,13,,,1
1103,'20262010',542,,63728,4,,,1,98,,63729,4,,,1,12,,63761,4,,,1,53,,63730,4,,,1,27,,63731,4,,,1,69,,63732,4,,,1,33,,63733,4,,,1,71,,63734,4,,,1,30,,63735,4,,,1,69,,63741,4,,,1,29,,63736,4,,,1,70,,63737,4,,,1,30,,63738,4,,,1,70,,63739,4,,,1,29,,63740,4,,,1,69,,63742,4,,,1,28,,63748,4,,,1,30,,63751,4,,,1,69,,63755,4,,,1,20,,63762,4,,,1,56,,63746,4,,,1,13,,63753,4,,,1,11,,63763,4,,,1,13,,63745,4,,,1,15,,63764,4,,,1,55,,63756,4,,,1,36,,63757,4,,,1,74,,63743,4,,,1,35,,63744,4,,,1,72,,63749,4,,,1,31,,63752,4,,,1,71,,63758,4,,,1,101,,63760,4,,,1,102,,63754,4,,,1,101,,63759,4,,,1,105,,63750,4,,,1
1103,'20262011',542,,63767,4,,,1,98,,63768,4,,,1,12,,63800,4,,,1,53,,63769,4,,,1,27,,63770,4,,,1,69,,63771,4,,,1,33,,63772,4,,,1,71,,63773,4,,,1,30,,63774,4,,,1,69,,63780,4,,,1,29,,63775,4,,,1,70,,63776,4,,,1,30,,63777,4,,,1,70,,63778,4,,,1,29,,63779,4,,,1,69,,63781,4,,,1,28,,63787,4,,,1,30,,63790,4,,,1,69,,63794,4,,,1,20,,63801,4,,,1,56,,63785,4,,,1,13,,63792,4,,,1,11,,63802,4,,,1,13,,63784,4,,,1,15,,63803,4,,,1,55,,63795,4,,,1,36,,63796,4,,,1,74,,63782,4,,,1,35,,63783,4,,,1,72,,63788,4,,,1,31,,63791,4,,,1,71,,63797,4,,,1,101,,63799,4,,,1,102,,63793,4,,,1,101,,63798,4,,,1,105,,63789,4,,,1
1103,'20262510',547,,63829,4,,,1,100,,63828,4,,,1,98,,63804,4,,,1,68,,63805,4,,,1,29,,63806,4,,,1,69,,63807,4,,,1,29,,63808,4,,,1,67,,63809,4,,,1,28,,63810,4,,,1,69,,63811,4,,,1,30,,63812,4,,,1,67,,63813,4,,,1,29,,63814,4,,,1,28,,63815,4,,,1,70,,63816,4,,,1,30,,63817,4,,,1,68,,63818,4,,,1,31,,63819,4,,,1,69,,63820,4,,,1,30,,63821,4,,,1,70,,63822,4,,,1,32,,63823,4,,,1,70,,63824,4,,,1,73,,63825,4,,,1,33,,63830,4,,,1,72,,63826,4,,,1,30,,63831,4,,,1,102,,63832,4,,,1,100,,63833,4,,,1,104,,63834,4,,,1,103,,63827,4,,,1
1103,'20262511',547,,63860,4,,,1,100,,63859,4,,,1,98,,63835,4,,,1,68,,63836,4,,,1,29,,63837,4,,,1,69,,63838,4,,,1,29,,63839,4,,,1,67,,63840,4,,,1,28,,63841,4,,,1,69,,63842,4,,,1,30,,63843,4,,,1,67,,63844,4,,,1,29,,63845,4,,,1,28,,63846,4,,,1,70,,63847,4,,,1,30,,63848,4,,,1,68,,63849,4,,,1,31,,63850,4,,,1,69,,63851,4,,,1,30,,63852,4,,,1,70,,63853,4,,,1,32,,63854,4,,,1,70,,63855,4,,,1,73,,63856,4,,,1,33,,63861,4,,,1,72,,63857,4,,,1,30,,63862,4,,,1,102,,63863,4,,,1,100,,63864,4,,,1,104,,63865,4,,,1,103,,63858,4,,,1
1103,'20262610',547,,63895,4,,,1,100,,63866,4,,,1,98,,63867,4,,,1,68,,63868,4,,,1,29,,63869,4,,,1,69,,63870,4,,,1,29,,63871,4,,,1,67,,63873,4,,,1,28,,63874,4,,,1,69,,63875,4,,,1,30,,63872,4,,,1,67,,63876,4,,,1,29,,63877,4,,,1,28,,63878,4,,,1,70,,63879,4,,,1,30,,63880,4,,,1,68,,63881,4,,,1,31,,63882,4,,,1,69,,63883,4,,,1,30,,63884,4,,,1,70,,63885,4,,,1,32,,63886,4,,,1,70,,63887,4,,,1,73,,63888,4,,,1,33,,63889,4,,,1,72,,63896,4,,,1,30,,63890,4,,,1,102,,63891,4,,,1,100,,63892,4,,,1,104,,63893,4,,,1,103,,63894,4,,,1
1103,'20262611',547,,63926,4,,,1,100,,63897,4,,,1,98,,63898,4,,,1,68,,63899,4,,,1,29,,63900,4,,,1,69,,63901,4,,,1,29,,63902,4,,,1,67,,63904,4,,,1,28,,63905,4,,,1,69,,63906,4,,,1,30,,63903,4,,,1,67,,63907,4,,,1,29,,63908,4,,,1,28,,63909,4,,,1,70,,63910,4,,,1,30,,63911,4,,,1,68,,63912,4,,,1,31,,63913,4,,,1,69,,63914,4,,,1,30,,63915,4,,,1,70,,63916,4,,,1,32,,63917,4,,,1,70,,63918,4,,,1,73,,63919,4,,,1,33,,63920,4,,,1,72,,63927,4,,,1,30,,63921,4,,,1,102,,63922,4,,,1,100,,63923,4,,,1,104,,63924,4,,,1,103,,63925,4,,,1
40002,'20262510',826,,73240,22,,,1,100,,73241,22,,,1,100,,73242,22,,,1,101,,73243,22,,,1,99,,73244,22,,,1,31,,73245,22,,,1,70,,73247,22,,,1,30,,73248,22,,,1,69,,73249,22,,,1,33,,73246,22,,,1,69,,73251,22,,,1,30,,73252,22,,,1,70,,73253,22,,,1,29,,73250,22,,,1,70,,73254,22,,,1,29,,73255,22,,,1,69,,73256,22,,,1,101,,73257,22,,,1,100,,73258,22,,,1
40002,'20262511',826,,73259,22,,,1,100,,73260,22,,,1,100,,73261,22,,,1,101,,73262,22,,,1,99,,73263,22,,,1,31,,73264,22,,,1,70,,73266,22,,,1,30,,73267,22,,,1,69,,73268,22,,,1,33,,73265,22,,,1,69,,73270,22,,,1,30,,73271,22,,,1,70,,73272,22,,,1,29,,73269,22,,,1,70,,73273,22,,,1,29,,73274,22,,,1,69,,73275,22,,,1,101,,73276,22,,,1,100,,73277,22,,,1
40002,'20262610',826,,73278,22,,,1,100,,73279,22,,,1,100,,73280,22,,,1,101,,73281,22,,,1,99,,73282,22,,,1,31,,73283,22,,,1,70,,73284,22,,,1,30,,73285,22,,,1,69,,73286,22,,,1,33,,73287,22,,,1,69,,73288,22,,,1,30,,73289,22,,,1,70,,73290,22,,,1,29,,73291,22,,,1,70,,73293,22,,,1,29,,73294,22,,,1,69,,73295,22,,,1,101,,73292,22,,,1,100,,73296,22,,,1
40002,'20262611',826,,73297,22,,,1,100,,73298,22,,,1,100,,73299,22,,,1,101,,73300,22,,,1,99,,73301,22,,,1,31,,73302,22,,,1,70,,73303,22,,,1,30,,73304,22,,,1,69,,73305,22,,,1,33,,73306,22,,,1,69,,73307,22,,,1,30,,73308,22,,,1,70,,73309,22,,,1,29,,73310,22,,,1,70,,73312,22,,,1,29,,73313,22,,,1,69,,73314,22,,,1,101,,73311,22,,,1,100,,73315,22,,,1
