8101,'20262010',619,,85428,15,,,0,29,,85429,15,,,0,66,,85430,15,,,0,28,,85431,15,,,0,76,,85432,15,,,0,32,,85433,15,,,0,70,,85434,15,,,0,100,,85435,15,,,0,100,,85436,15,,,0,100,,85437,15,,,0,100,,85438,15,,,0,99,,85439,15,,,0,98,,85440,15,,,0,28,,85441,15,,,0,67,,85442,15,,,0,34,,85443,15,,,0,71,,85444,15,,,0,103,,85445,15,,,0,101,,85446,15,,,0,100,,85447,15,,,0,102,,85448,15,,,0,100,,85449,15,,,0,100,,85450,15,,,0
8101,'20262510',623,,85451,15,,,0,99,,85452,15,,,0,100,,85453,15,,,0,100,,85454,15,,,0,100,,85455,15,,,0,99,,85456,15,,,0,100,,85457,15,,,0,99,,85458,15,,,0,100,,85459,15,,,0,100,,85460,15,,,0,100,,85461,15,,,0,102,,85462,15,,,0,100,,85463,15,,,0,100,,85464,15,,,0,100,,85465,15,,,0,100,,85466,15,,,0,101,,85467,15,,,0,100,,85468,15,,,0
8101,'20262610',623,,85469,15,,,0,99,,85470,15,,,0,100,,85471,15,,,0,100,,85472,15,,,0,100,,85473,15,,,0,99,,85474,15,,,0,100,,85475,15,,,0,99,,85476,15,,,0,100,,85477,15,,,0,100,,85478,15,,,0,100,,85479,15,,,0,102,,85480,15,,,0,100,,85481,15,,,0,100,,85482,15,,,0,100,,85483,15,,,0,100,,85484,15,,,0,101,,85485,15,,,0,100,,85486,15,,,0
8101,'20263010',619,,97799,14,,,0,29,,97800,14,,,0,66,,97801,14,,,0,28,,97802,14,,,0,76,,97803,14,,,0,32,,97804,14,,,0,70,,97805,14,,,0,100,,97806,14,,,0,100,,97807,14,,,0,100,,97808,14,,,0,100,,97809,14,,,0,99,,97810,14,,,0,98,,97811,14,,,0,28,,97812,14,,,0,70,,97813,14,,,0,31,,97814,14,,,0,71,,97815,14,,,0,103,,97816,14,,,0,101,,97817,14,,,0,100,,97818,14,,,0,102,,97819,14,,,0,100,,97820,14,,,0,100,,97821,14,,,0
8101,'20263510',623,,97822,14,,,0,99,,97823,14,,,0,100,,97824,14,,,0,100,,97825,14,,,0,100,,97826,14,,,0,99,,97827,14,,,0,100,,97828,14,,,0,99,,97829,14,,,0,100,,97830,14,,,0,100,,97831,14,,,0,100,,97832,14,,,0,102,,97833,14,,,0,100,,97834,14,,,0,100,,97835,14,,,0,100,,97836,14,,,0,100,,97837,14,,,0,101,,97838,14,,,0,100,,97839,14,,,0
8101,'20263511',623,,97840,14,,,0,99,,97841,14,,,0,100,,97842,14,,,0,100,,97843,14,,,0,100,,97844,14,,,0,99,,97845,14,,,0,100,,97846,14,,,0,99,,97847,14,,,0,100,,97848,14,,,0,100,,97849,14,,,0,100,,97850,14,,,0,102,,97851,14,,,0,100,,97852,14,,,0,100,,97853,14,,,0,100,,97854,14,,,0,100,,97855,14,,,0,101,,97856,14,,,0,100,,97857,14,,,0
8101,'20263610',623,,97858,14,,,0,99,,97859,14,,,0,100,,97860,14,,,0,100,,97861,14,,,0,100,,97862,14,,,0,99,,97863,14,,,0,100,,97864,14,,,0,99,,97865,14,,,0,100,,97866,14,,,0,100,,97867,14,,,0,100,,97868,14,,,0,102,,97869,14,,,0,100,,97870,14,,,0,100,,97871,14,,,0,100,,97872,14,,,0,100,,97873,14,,,0,101,,97874,14,,,0,100,,97875,14,,,0
8101,'20263611',623,,97876,14,,,0,99,,97877,14,,,0,100,,97878,14,,,0,100,,97879,14,,,0,100,,97880,14,,,0,99,,97881,14,,,0,100,,97882,14,,,0,99,,97883,14,,,0,100,,97884,14,,,0,100,,97885,14,,,0,100,,97886,14,,,0,102,,97887,14,,,0,100,,97888,14,,,0,100,,97889,14,,,0,100,,97890,14,,,0,100,,97891,14,,,0,101,,97892,14,,,0,100,,97893,14,,,0
38200,'20263010',1255,,99885,41,4,,0,452,,99886,41,4,,0,95,,99887,41,4,,0,56,,99888,41,4,,0
58200,'20262010',1624,,86836,39,4,,0,92,,86835,39,4,,0,92,,86834,39,4,,0
58200,'20263010',1626,,100080,39,4,,0,23,,100081,39,4,,0,66,,100078,39,4,,0,33,,100079,39,4,,0,68,,100077,39,4,,0
