8201,'20262010',534,,85545,33,,,0,69,,85546,33,,,0,28,,85547,33,,,0,27,,85548,33,,,0,67,,85563,33,,,0,32,,85560,33,,,0,71,,85566,18,,,0,102,,85554,18,,,0,101,,85549,33,,,0,99,,85555,18,,,0,100,,85550,33,,,0,101,,85556,18,,,0,101,,85562,33,,,0,97,,85557,18,,,0,29,,85561,33,,,0,99,,85551,33,,,0,175,,85552,33,,,0,100,,85564,33,,,0,100,,85558,18,,,0,170,,85559,33,,,0,131,,85553,33,,,0
8201,'20262510',635,,85582,33,,,0,97,,85576,33,,,0,100,,85577,33,,,0,100,,85570,18,,,0,100,,85580,33,,,0,100,,85571,18,,,0,100,,85567,33,,,0,100,,85572,18,,,0,100,,85578,33,,,0,101,,85573,18,,,0,100,,85579,33,,,0,100,,85574,33,,,0,101,,85581,18,,,0,101,,85568,33,,,0,100,,85575,18,,,0,170,,85583,18,,,0,130,,85569,33,,,0
8201,'20262610',635,,85600,33,,,0,97,,85599,33,,,0,100,,85595,33,,,0,100,,85597,18,,,0,100,,85596,33,,,0,100,,85598,18,,,0,100,,85589,33,,,0,100,,85584,18,,,0,100,,85593,33,,,0,101,,85585,18,,,0,100,,85592,33,,,0,100,,85586,33,,,0,101,,85594,18,,,0,101,,85590,33,,,0,100,,85588,18,,,0,170,,85587,18,,,0,130,,85591,33,,,0
8201,'20263010',536,,97984,33,0,5 6,0,72,,97985,33,0,5 6,0,27,,97986,33,0,5 6,0,69,,97987,33,0,5 6,0,34,,98001,33,0,5 6,0,77,,97998,33,0,5 6,0,36,,98003,33,0,5 6,0,101,,97988,33,0,5 6,0,101,,97993,18,0,5 6,0,94,,97989,33,0,5 6,0,98,,97994,18,0,5 6,0,99,,98000,33,0,5 6,0,95,,97995,18,0,5 6,0,105,,97999,33,0,5 6,0,100,,97996,18,0,5 6,0,96,,97990,33,0,5 6,0,93,,97991,33,0,5 6,0,68,,98002,33,0,5 6,0,100,,98004,33,0,5 6,0,130,,97997,18,0,5 6,0,172,,97992,33,0,5 6,0
8201,'20263510',633,,98020,33,0,5 6,0,98,,98014,18,0,5 6,0,100,,98015,33,0,5 6,0,100,,98008,18,0,5 6,0,100,,98018,33,0,5 6,0,100,,98009,18,0,5 6,0,100,,98005,33,0,5 6,0,100,,98010,18,0,5 6,0,100,,98016,33,0,5 6,0,100,,98011,18,0,5 6,0,100,,98017,33,0,5 6,0,102,,98012,18,0,5 6,0,101,,98019,33,0,5 6,0,100,,98006,18,0,5 6,0,100,,98013,33,0,5 6,0,170,,98021,18,0,5 6,0,130,,98007,33,0,5 6,0
8201,'20263511',633,,98037,33,0,5 6,0,98,,98031,18,0,5 6,0,100,,98032,33,0,5 6,0,100,,98025,18,0,5 6,0,100,,98035,33,0,5 6,0,100,,98026,18,0,5 6,0,100,,98022,33,0,5 6,0,100,,98027,18,0,5 6,0,100,,98033,33,0,5 6,0,100,,98028,18,0,5 6,0,100,,98034,33,0,5 6,0,102,,98029,18,0,5 6,0,101,,98036,33,0,5 6,0,100,,98023,18,0,5 6,0,100,,98030,33,0,5 6,0,170,,98038,18,0,5 6,0,130,,98024,33,0,5 6,0
8201,'20263610',633,,98055,33,0,5 6,0,98,,98054,18,0,5 6,0,100,,98050,33,0,5 6,0,100,,98052,18,0,5 6,0,100,,98051,33,0,5 6,0,100,,98053,18,0,5 6,0,100,,98044,33,0,5 6,0,100,,98039,18,0,5 6,0,100,,98048,33,0,5 6,0,100,,98040,18,0,5 6,0,100,,98047,33,0,5 6,0,102,,98041,18,0,5 6,0,101,,98049,33,0,5 6,0,100,,98045,18,0,5 6,0,100,,98043,33,0,5 6,0,170,,98042,18,0,5 6,0,130,,98046,33,0,5 6,0
8201,'20263611',633,,98072,33,0,5 6,0,98,,98071,18,0,5 6,0,100,,98067,33,0,5 6,0,100,,98069,18,0,5 6,0,100,,98068,33,0,5 6,0,100,,98070,18,0,5 6,0,100,,98061,33,0,5 6,0,100,,98056,18,0,5 6,0,100,,98065,33,0,5 6,0,100,,98057,18,0,5 6,0,100,,98064,33,0,5 6,0,102,,98058,18,0,5 6,0,101,,98066,33,0,5 6,0,100,,98062,18,0,5 6,0,100,,98060,33,0,5 6,0,170,,98059,18,0,5 6,0,130,,98063,33,0,5 6,0
28201,'20262010',614,,86629,33,,,0,21,,86632,33,,,0,72,,86633,33,,,0,23,,86630,33,,,0,81,,86631,33,,,0
28201,'20263010',613,,99703,33,,,0,19,,99706,33,,,0,71,,99707,33,,,0,22,,99704,33,,,0,83,,99705,33,,,0
4008201,'20263010',830,,106143,15,,,0
13008201,'20263010',830,,106157,18,,,0
