7203,'20262010',637,,84718,7,,,0,70,,84719,7,,,0,32,,84720,7,,,0,70,,84721,7,,,0,29,,84722,7,,,0,69,,84723,7,,,0,30,,84724,7,,,0,70,,84725,7,,,0,30,,84726,7,,,0,70,,84727,7,,,0,30,,84728,7,,,0,70,,84729,7,,,0,30,,84730,7,,,0,70,,84731,7,,,0,30,,84732,7,,,0,70,,84733,7,,,0,30,,84734,7,,,0,70,,84735,7,,,0,30,,84736,7,,,0,71,,84737,7,,,0,30,,84738,7,,,0,69,,84739,7,,,0,30,,84740,7,,,0,70,,84741,7,,,0,30,,84742,7,,,0,70,,84743,7,,,0,100,,84744,7,,,0,100,,84745,7,,,0,100,,84746,7,,,0,100,,84747,7,,,0,100,,84748,7,,,0
7203,'20262510',707,,84749,7,,,0,100,,84750,7,,,0,100,,84751,7,,,0,100,,84752,7,,,0,100,,84753,7,,,0,100,,84754,7,,,0,100,,84755,7,,,0,100,,84756,7,,,0,100,,84757,7,,,0,100,,84758,7,,,0,100,,84759,7,,,0,100,,84760,7,,,0,100,,84761,7,,,0,100,,84762,7,,,0,100,,84763,7,,,0,100,,84764,7,,,0,100,,84765,7,,,0,100,,84766,7,,,0,30,,84767,7,,,0
7203,'20262610',707,,84768,7,,,0,100,,84769,7,,,0,100,,84770,7,,,0,100,,84771,7,,,0,100,,84772,7,,,0,100,,84773,7,,,0,100,,84774,7,,,0,100,,84775,7,,,0,100,,84776,7,,,0,100,,84777,7,,,0,100,,84778,7,,,0,100,,84785,7,,,0,100,,84786,7,,,0,100,,84779,7,,,0,100,,84780,7,,,0,100,,84781,7,,,0,100,,84782,7,,,0,100,,84784,7,,,0,30,,84783,7,,,0
7203,'20263010',637,,96622,7,,,0,71,,96623,7,,,0,31,,96624,7,,,0,70,,96625,7,,,0,29,,96626,7,,,0,69,,96627,7,,,0,30,,96628,7,,,0,70,,96629,7,,,0,30,,96630,7,,,0,70,,96631,7,,,0,30,,96632,7,,,0,70,,96633,7,,,0,30,,96634,7,,,0,70,,96635,7,,,0,30,,96636,7,,,0,70,,96637,7,,,0,30,,96639,7,,,0,70,,96640,7,,,0,30,,96641,7,,,0,71,,96638,7,,,0,30,,96642,7,,,0,69,,96643,7,,,0,30,,96644,7,,,0,70,,96645,7,,,0,30,,96646,7,,,0,70,,96647,7,,,0,100,,96648,7,,,0,100,,96649,7,,,0,100,,96650,7,,,0,100,,96651,7,,,0,100,,96652,7,,,0
7203,'20263510',707,,96653,7,,,0,100,,96654,7,,,0,100,,96655,7,,,0,100,,96656,7,,,0,100,,96657,7,,,0,100,,96658,7,,,0,100,,96659,7,,,0,100,,96660,7,,,0,100,,96661,7,,,0,100,,96662,7,,,0,100,,96663,7,,,0,100,,96664,7,,,0,100,,96665,7,,,0,100,,96666,7,,,0,100,,96667,7,,,0,100,,96668,7,,,0,100,,96669,7,,,0,100,,96670,7,,,0,30,,96671,7,,,0
7203,'20263511',707,,96672,7,,,0,100,,96673,7,,,0,100,,96674,7,,,0,100,,96675,7,,,0,100,,96676,7,,,0,100,,96677,7,,,0,100,,96678,7,,,0,100,,96679,7,,,0,100,,96680,7,,,0,100,,96681,7,,,0,100,,96682,7,,,0,100,,96683,7,,,0,100,,96684,7,,,0,100,,96685,7,,,0,100,,96686,7,,,0,100,,96687,7,,,0,100,,96688,7,,,0,100,,96689,7,,,0,30,,96690,7,,,0
7203,'20263610',707,,96691,7,,,0,100,,96692,7,,,0,100,,96693,7,,,0,100,,96694,7,,,0,100,,96695,7,,,0,100,,96696,7,,,0,100,,96697,7,,,0,100,,96698,7,,,0,100,,96699,7,,,0,100,,96700,7,,,0,100,,96701,7,,,0,100,,96709,7,,,0,100,,96706,7,,,0,100,,96702,7,,,0,100,,96703,7,,,0,100,,96704,7,,,0,100,,96705,7,,,0,100,,96708,7,,,0,30,,96707,7,,,0
7203,'20263611',707,,96710,7,,,0,100,,96711,7,,,0,100,,96712,7,,,0,100,,96713,7,,,0,100,,96714,7,,,0,100,,96715,7,,,0,100,,96716,7,,,0,100,,96717,7,,,0,100,,96718,7,,,0,100,,96719,7,,,0,100,,96720,7,,,0,100,,96728,7,,,0,100,,96725,7,,,0,100,,96721,7,,,0,100,,96722,7,,,0,100,,96723,7,,,0,100,,96724,7,,,0,100,,96727,7,,,0,30,,96726,7,,,0
23001,'20262010',628,,86463,16,,,0,21,,86461,16,,,0,62,,86462,16,,,0,23,,86459,16,,,0,19,,86464,16,,,0,67,,86460,16,,,0
23701,'20263010',623,,99544,23,,,0,15,,99545,23,,,0,66,,99546,23,,,0,22,,99547,23,,,0,21,,99548,23,,,0,69,,99549,23,,,0
23901,'20262010',704,,86488,39,,,0,20,,86489,39,,,0,85,,86490,39,,,0,18,,86491,39,,,0
33701,'20263010',644,,99799,23,,,0,8,,99803,23,,,0,51,,99800,23,,,0,33,,99804,23,,,0,72,,99805,23,,,0,104,,99801,23,,,0,202,,99802,23,,,0
53701,'20262010',705,,86779,23,,,0,31,,86780,23,,,0
53701,'20263010',700,,100009,23,,,0,35,,100010,23,,,0
97203,'20262010',2558,,90487,18,,,0
97203,'20262510',2558,,90488,18,,,0
97203,'20263010',2558,,106110,18,,,0
97203,'20263510',2558,,106111,18,,,0
97203,'20263511',2558,,106112,18,,,0
