7001,'20262010',620,,68932,66,,,0,19,,68949,66,,,0,17,,68950,66,,,0,62,,68933,66,,,0,20,,68951,66,,,0,20,,68952,66,,,0,58,,68934,66,,,0,18,,68953,66,,,0,20,,68954,66,,,0,61,,68935,66,,,0,19,,68955,66,,,0,19,,68956,66,,,0,58,,68936,66,,,0,19,,68957,66,,,0,20,,68958,66,,,0,60,,68937,66,,,0,20,,68959,66,,,0,21,,68960,66,,,0,60,,68938,66,,,0,20,,68961,66,,,0,21,,68962,66,,,0,60,,68939,66,,,0,19,,68963,66,,,0,18,,68964,66,,,0,61,,68940,66,,,0,18,,68965,66,,,0,23,,68966,66,,,0,59,,68941,66,,,0,24,,68967,66,,,0,21,,68968,66,,,0,60,,68942,66,,,0,23,,68969,66,,,0,64,,68970,66,,,0,23,,68943,66,,,0,21,,68971,66,,,0,62,,68972,66,,,0,22,,68944,66,,,0,20,,68973,66,,,0,69,,68945,66,,,0,30,,68974,66,,,0,70,,68946,66,,,0,30,,68975,66,,,0,70,,68947,66,,,0,31,,68976,66,,,0,71,,68948,66,,,0,30,,68977,66,,,0,70,,68978,66,,,0
7001,'20262011',620,,68979,66,,,0,19,,68996,66,,,0,17,,68997,66,,,0,62,,68980,66,,,0,20,,68998,66,,,0,20,,68999,66,,,0,58,,68981,66,,,0,18,,69000,66,,,0,20,,69001,66,,,0,61,,68982,66,,,0,19,,69002,66,,,0,19,,69003,66,,,0,58,,68983,66,,,0,19,,69004,66,,,0,20,,69005,66,,,0,60,,68984,66,,,0,20,,69006,66,,,0,21,,69007,66,,,0,60,,68985,66,,,0,20,,69008,66,,,0,21,,69009,66,,,0,60,,68986,66,,,0,19,,69010,66,,,0,18,,69011,66,,,0,61,,68987,66,,,0,18,,69012,66,,,0,23,,69013,66,,,0,59,,68988,66,,,0,24,,69014,66,,,0,21,,69015,66,,,0,60,,68989,66,,,0,23,,69016,66,,,0,64,,69017,66,,,0,23,,68990,66,,,0,21,,69018,66,,,0,62,,69019,66,,,0,22,,68991,66,,,0,20,,69020,66,,,0,69,,68992,66,,,0,30,,69021,66,,,0,70,,68993,66,,,0,30,,69022,66,,,0,70,,68994,66,,,0,31,,69023,66,,,0,71,,68995,66,,,0,30,,69024,66,,,0,70,,69025,66,,,0
7001,'20262510',620,,69026,66,,,0,30,,69042,66,,,0,70,,69027,66,,,0,30,,69043,66,,,0,69,,69028,66,,,0,30,,69044,66,,,0,70,,69029,66,,,0,30,,69045,66,,,0,70,,69030,66,,,0,30,,69046,66,,,0,70,,69031,66,,,0,30,,69047,66,,,0,69,,69032,66,,,0,30,,69048,66,,,0,70,,69033,66,,,0,30,,69049,66,,,0,70,,69050,66,,,0,30,,69051,66,,,0,70,,69052,66,,,0,30,,69053,66,,,0,68,,69034,66,,,0,30,,69054,66,,,0,71,,69035,66,,,0,31,,69055,66,,,0,72,,69036,66,,,0,30,,69056,66,,,0,70,,69057,66,,,0,30,,69037,66,,,0,70,,69058,66,,,0,30,,69038,66,,,0,71,,69041,66,,,0,30,,69039,66,,,0,70,,69059,66,,,0,30,,69040,66,,,0
7001,'20262511',620,,69060,66,,,0,30,,69076,66,,,0,70,,69061,66,,,0,30,,69077,66,,,0,69,,69062,66,,,0,30,,69078,66,,,0,70,,69063,66,,,0,30,,69079,66,,,0,70,,69064,66,,,0,30,,69080,66,,,0,70,,69065,66,,,0,30,,69081,66,,,0,69,,69066,66,,,0,30,,69082,66,,,0,70,,69067,66,,,0,30,,69083,66,,,0,70,,69084,66,,,0,30,,69085,66,,,0,70,,69086,66,,,0,30,,69087,66,,,0,68,,69068,66,,,0,30,,69088,66,,,0,71,,69069,66,,,0,31,,69089,66,,,0,72,,69070,66,,,0,30,,69090,66,,,0,70,,69091,66,,,0,30,,69071,66,,,0,70,,69092,66,,,0,30,,69072,66,,,0,71,,69075,66,,,0,30,,69073,66,,,0,70,,69093,66,,,0,30,,69074,66,,,0
7001,'20262610',620,,69094,66,,,0,30,,69111,66,,,0,70,,69095,66,,,0,30,,69112,66,,,0,69,,69096,66,,,0,30,,69110,66,,,0,70,,69097,66,,,0,30,,69113,66,,,0,70,,69098,66,,,0,30,,69114,66,,,0,70,,69099,66,,,0,30,,69115,66,,,0,69,,69100,66,,,0,30,,69116,66,,,0,70,,69101,66,,,0,30,,69117,66,,,0,70,,69118,66,,,0,30,,69119,66,,,0,70,,69120,66,,,0,30,,69121,66,,,0,68,,69102,66,,,0,30,,69122,66,,,0,71,,69103,66,,,0,31,,69123,66,,,0,72,,69104,66,,,0,30,,69124,66,,,0,70,,69125,66,,,0,30,,69105,66,,,0,70,,69126,66,,,0,30,,69106,66,,,0,71,,69109,66,,,0,30,,69107,66,,,0,70,,69127,66,,,0,30,,69108,66,,,0
7001,'20262611',620,,69128,66,,,0,30,,69145,66,,,0,70,,69129,66,,,0,30,,69146,66,,,0,69,,69130,66,,,0,30,,69144,66,,,0,70,,69131,66,,,0,30,,69147,66,,,0,70,,69132,66,,,0,30,,69148,66,,,0,70,,69133,66,,,0,30,,69149,66,,,0,69,,69134,66,,,0,30,,69150,66,,,0,70,,69135,66,,,0,30,,69151,66,,,0,70,,69152,66,,,0,30,,69153,66,,,0,70,,69154,66,,,0,30,,69155,66,,,0,68,,69136,66,,,0,30,,69156,66,,,0,71,,69137,66,,,0,31,,69157,66,,,0,72,,69138,66,,,0,30,,69158,66,,,0,70,,69159,66,,,0,30,,69139,66,,,0,70,,69160,66,,,0,30,,69140,66,,,0,71,,69143,66,,,0,30,,69141,66,,,0,70,,69161,66,,,0,30,,69142,66,,,0
27201,'20262010',634,,73009,32,,,0,24,,73006,32,,,0,77,,73008,32,,,0,67,,73007,32,,,0
27201,'20262011',634,,73013,32,,,0,24,,73010,32,,,0,77,,73012,32,,,0,67,,73011,32,,,0
58401,'20262010',647,,73971,56,,,0,69,,73970,56,,,0,30,,73972,56,,,0
58401,'20262011',647,,73974,56,,,0,69,,73973,56,,,0,30,,73975,56,,,0
