9003,'20262010',1556,,85866,29,,,0,65,,85867,29,,,0,34,,85868,29,,,0,69,,85869,29,,,0,30,,85870,29,,,0
9003,'20263010',1555,,98486,29,,,0,72,,98487,29,,,0,32,,98488,29,,,0,66,,98489,29,,,0,30,,98490,29,,,0
9103,'20262010',635,,85928,44,,,0,102,,85929,44,,,0,100,,85930,44,,,0,102,,85931,44,,,0,99,,85932,44,,,0,100,,85933,44,,,0,100,,85934,44,,,0,100,,85935,44,,,0,100,,85936,44,,,0,99,,85937,44,,,0,64,,85938,44,,,0,36,,85939,44,,,0,70,,85940,44,,,0,33,,85941,44,,,0,71,,85942,44,,,0,27,,85943,44,,,0,100,,85944,44,,,0,98,,85945,44,,,0,100,,85946,44,,,0,100,,85947,44,,,0,99,,85948,44,,,0
9103,'20262510',629,,85949,44,,,0,100,,85950,44,,,0,100,,85951,44,,,0,101,,85952,44,,,0,100,,85953,44,,,0,101,,85954,44,,,0,100,,85955,44,,,0,100,,85956,44,,,0,100,,85957,44,,,0,100,,85958,44,,,0,100,,85959,44,,,0,100,,85960,44,,,0,99,,85961,44,,,0,99,,85962,44,,,0,100,,85963,44,,,0,100,,85964,44,,,0,100,,85965,44,,,0,100,,85966,44,,,0
9103,'20262610',629,,85967,44,,,0,100,,85968,44,,,0,100,,85969,44,,,0,101,,85970,44,,,0,100,,85971,44,,,0,101,,85972,44,,,0,100,,85973,44,,,0,100,,85974,44,,,0,100,,85975,44,,,0,100,,85976,44,,,0,100,,85977,44,,,0,100,,85978,44,,,0,99,,85979,44,,,0,99,,85980,44,,,0,100,,85981,44,,,0,100,,85982,44,,,0,100,,85983,44,,,0,100,,85984,44,,,0
9103,'20263010',636,,98585,44,,,0,101,,98586,44,,,0,101,,98587,44,,,0,101,,98588,44,,,0,100,,98589,44,,,0,100,,98590,44,,,0,100,,98591,44,,,0,100,,98592,44,,,0,99,,98593,44,,,0,98,,98594,44,,,0,69,,98595,44,,,0,31,,98596,44,,,0,72,,98597,44,,,0,34,,98598,44,,,0,70,,98599,44,,,0,27,,98600,44,,,0,99,,98601,44,,,0,100,,98602,44,,,0,99,,98603,44,,,0,100,,98604,44,,,0,97,,98605,44,,,0
9103,'20263510',630,,98606,44,,,0,100,,98607,44,,,0,101,,98608,44,,,0,100,,98609,44,,,0,100,,98610,44,,,0,101,,98611,44,,,0,100,,98612,44,,,0,99,,98613,44,,,0,101,,98614,44,,,0,100,,98615,44,,,0,100,,98616,44,,,0,100,,98617,44,,,0,100,,98618,44,,,0,97,,98619,44,,,0,101,,98620,44,,,0,100,,98621,44,,,0,100,,98622,44,,,0,100,,98623,44,,,0
9103,'20263511',630,,98624,44,,,0,100,,98625,44,,,0,101,,98626,44,,,0,100,,98627,44,,,0,100,,98628,44,,,0,101,,98629,44,,,0,100,,98630,44,,,0,99,,98631,44,,,0,101,,98632,44,,,0,100,,98633,44,,,0,100,,98634,44,,,0,100,,98635,44,,,0,100,,98636,44,,,0,97,,98637,44,,,0,101,,98638,44,,,0,100,,98639,44,,,0,100,,98640,44,,,0,100,,98641,44,,,0
9103,'20263610',630,,98642,44,,,0,100,,98643,44,,,0,101,,98644,44,,,0,100,,98645,44,,,0,100,,98646,44,,,0,101,,98647,44,,,0,100,,98648,44,,,0,99,,98649,44,,,0,101,,98650,44,,,0,100,,98651,44,,,0,100,,98652,44,,,0,100,,98653,44,,,0,100,,98654,44,,,0,97,,98655,44,,,0,101,,98656,44,,,0,100,,98657,44,,,0,100,,98658,44,,,0,100,,98659,44,,,0
9103,'20263611',630,,98660,44,,,0,100,,98661,44,,,0,101,,98662,44,,,0,100,,98663,44,,,0,100,,98664,44,,,0,101,,98665,44,,,0,100,,98666,44,,,0,99,,98667,44,,,0,101,,98668,44,,,0,100,,98669,44,,,0,100,,98670,44,,,0,100,,98671,44,,,0,100,,98672,44,,,0,97,,98673,44,,,0,101,,98674,44,,,0,100,,98675,44,,,0,100,,98676,44,,,0,100,,98677,44,,,0
29103,'20262010',1604,,86676,51,4,,0,31,,86673,51,4,,0,74,,86675,51,4,,0,30,,86674,51,4,,0
29103,'20263010',1609,,99751,51,4,,0,32,,99748,51,4,,0,71,,99750,51,4,,0,32,,99749,51,4,,0
99103,'20262010',2629,,90495,78,,,0,130,,90496,78,,,0
99103,'20262510',2629,,90497,78,,,0,130,,90498,78,,,0
99103,'20263010',2630,,106122,79,,,0,170,,106123,79,,,0
99103,'20263510',2630,,106124,79,,,0,170,,106125,79,,,0
99103,'20263511',2630,,106126,79,,,0,170,,106127,79,,,0
7009003,'20263010',1616,,106154,48,,,0
