7901,'20262010',642,,85100,33,,,0,99,,85101,33,,,0,101,,85102,33,,,0,100,,85103,33,,,0,99,,85104,33,,,0,100,,85105,33,,,0,100,,85106,33,,,0,100,,85107,33,,,0,100,,85108,33,,,0,100,,85115,33,,,0,100,,85109,33,,,0,100,,85116,33,,,0,100,,85110,33,,,0,100,,85111,33,,,0,100,,85112,33,,,0,101,,85117,33,,,0,100,,85113,33,,,0,100,,85114,33,,,0
7901,'20262510',742,,85121,33,,,0,100,,85122,33,,,0,100,,85123,33,,,0,100,,85127,33,,,0,100,,85128,33,,,0,100,,85118,33,,,0,100,,85129,33,,,0,100,,85126,33,,,0,100,,85130,33,,,0,100,,85124,33,,,0,70,,85135,33,,,0,30,,85131,33,,,0,100,,85119,33,,,0,100,,85132,33,,,0,100,,85125,33,,,0,100,,85133,33,,,0,100,,85120,33,,,0,100,,85134,33,,,0
7901,'20262610',742,,85141,33,,,0,100,,85140,33,,,0,100,,85136,33,,,0,100,,85145,33,,,0,100,,85146,33,,,0,100,,85138,33,,,0,100,,85147,33,,,0,100,,85144,33,,,0,100,,85149,33,,,0,100,,85142,33,,,0,70,,85153,33,,,0,30,,85150,33,,,0,100,,85137,33,,,0,100,,85151,33,,,0,100,,85143,33,,,0,100,,85152,33,,,0,100,,85139,33,,,0,100,,85148,33,,,0
7901,'20263010',613,,97251,33,,,0,30,,97252,33,,,0,69,,97253,33,,,0,30,,97254,33,,,0,70,,97255,33,,,0,31,,97256,33,,,0,100,,97257,33,,,0,98,,97258,33,,,0,100,,97259,33,,,0,100,,97260,33,,,0,100,,97261,33,,,0,100,,97262,33,,,0,100,,97269,33,,,0,96,,97263,33,,,0,74,,97272,33,,,0,30,,97270,33,,,0,100,,97264,33,,,0,100,,97265,33,,,0,100,,97266,33,,,0,101,,97271,33,,,0,100,,97267,33,,,0,100,,97268,33,,,0
7901,'20263510',742,,97276,33,,,0,100,,97277,33,,,0,100,,97278,33,,,0,100,,97282,33,,,0,100,,97283,33,,,0,100,,97273,33,,,0,100,,97284,33,,,0,100,,97281,33,,,0,100,,97285,33,,,0,100,,97279,33,,,0,68,,97290,33,,,0,32,,97286,33,,,0,100,,97274,33,,,0,100,,97287,33,,,0,100,,97280,33,,,0,100,,97288,33,,,0,100,,97275,33,,,0,100,,97289,33,,,0
7901,'20263511',742,,97294,33,,,0,100,,97295,33,,,0,100,,97296,33,,,0,100,,97300,33,,,0,100,,97301,33,,,0,100,,97291,33,,,0,100,,97302,33,,,0,100,,97299,33,,,0,100,,97303,33,,,0,100,,97297,33,,,0,68,,97308,33,,,0,32,,97304,33,,,0,100,,97292,33,,,0,100,,97305,33,,,0,100,,97298,33,,,0,100,,97306,33,,,0,100,,97293,33,,,0,100,,97307,33,,,0
7901,'20263610',742,,97314,33,,,0,100,,97313,33,,,0,100,,97309,33,,,0,100,,97318,33,,,0,100,,97319,33,,,0,100,,97311,33,,,0,100,,97320,33,,,0,100,,97317,33,,,0,100,,97322,33,,,0,100,,97315,33,,,0,68,,97326,33,,,0,32,,97323,33,,,0,100,,97310,33,,,0,100,,97324,33,,,0,100,,97316,33,,,0,100,,97325,33,,,0,100,,97312,33,,,0,100,,97321,33,,,0
7901,'20263611',742,,97332,33,,,0,100,,97331,33,,,0,100,,97327,33,,,0,100,,97336,33,,,0,100,,97337,33,,,0,100,,97329,33,,,0,100,,97338,33,,,0,100,,97335,33,,,0,100,,97340,33,,,0,100,,97333,33,,,0,68,,97344,33,,,0,32,,97341,33,,,0,100,,97328,33,,,0,100,,97342,33,,,0,100,,97334,33,,,0,100,,97343,33,,,0,100,,97330,33,,,0,100,,97339,33,,,0
27901,'20262010',634,,86601,22,,,0,84,,86599,22,,,0,37,,86600,22,,,0,65,,86598,22,,,0
27901,'20263010',628,,99674,22,,,0,82,,99672,22,,,0,34,,99673,22,,,0,67,,99671,22,,,0
2007901,'20263010',1638,,106139,10,,,0
