300,'20262011',523,,62861,2,,,0,30,,62840,2,,,0,67,,62862,2,,,0,29,,62841,2,,,0,68,,62863,2,,,0,27,,62842,2,,,0,72,,62864,2,,,0,32,,62843,2,,,0,71,,62865,2,,,0,32,,62844,2,,,0,68,,62866,2,,,0,29,,62845,2,,,0,71,,62867,2,,,0,29,,62846,2,,,0,72,,62868,2,,,0,27,,62847,2,,,0,70,,62869,2,,,0,30,,62848,2,,,0,71,,62870,2,,,0,29,,62849,2,,,0,69,,62850,2,,,0,23,,62851,2,,,0,72,,62852,2,,,0,11,,62872,2,,,0,21,,62853,2,,,0,57,,62873,2,,,0,14,,62854,2,,,0,32,,62855,2,,,0,71,,62874,2,,,0,32,,62856,2,,,0,70,,62875,2,,,0,31,,62857,2,,,0,69,,62876,2,,,0,32,,62858,2,,,0,70,,62877,2,,,0,32,,62859,2,,,0,68,,62878,2,,,0,32,,62860,2,,,0,69,,62879,2,,,0,32,,62871,2,,,0
300,'20262511',552,,62947,2,,,0,72,,62948,2,,,0,31,,62917,2,,,0,68,,62935,2,,,0,31,,62918,2,,,0,68,,62936,2,,,0,29,,62919,2,,,0,70,,62937,2,,,0,29,,62920,2,,,0,70,,62938,2,,,0,30,,62921,2,,,0,70,,62939,2,,,0,29,,62922,2,,,0,73,,62940,2,,,0,25,,62923,2,,,0,74,,62941,2,,,0,25,,62924,2,,,0,75,,62942,2,,,0,25,,62925,2,,,0,74,,62943,2,,,0,26,,62926,2,,,0,74,,62944,2,,,0,26,,62927,2,,,0,74,,62945,2,,,0,27,,62928,2,,,0,74,,62946,2,,,0,29,,62929,2,,,0,71,,62949,2,,,0,29,,62930,2,,,0,71,,62950,2,,,0,29,,62931,2,,,0,73,,62951,2,,,0,30,,62932,2,,,0,70,,62952,2,,,0,30,,62933,2,,,0,70,,62953,2,,,0,32,,62934,2,,,0
300,'20262611',552,,63021,2,,,0,72,,63022,2,,,0,31,,62991,2,,,0,68,,63009,2,,,0,31,,62992,2,,,0,68,,63010,2,,,0,29,,62993,2,,,0,70,,63011,2,,,0,29,,62994,2,,,0,70,,63012,2,,,0,30,,62995,2,,,0,70,,63013,2,,,0,29,,62996,2,,,0,73,,63014,2,,,0,25,,62997,2,,,0,74,,63015,2,,,0,25,,62998,2,,,0,75,,63016,2,,,0,25,,62999,2,,,0,74,,63018,2,,,0,26,,63000,2,,,0,74,,63019,2,,,0,26,,63001,2,,,0,74,,63020,2,,,0,27,,63002,2,,,0,74,,63017,2,,,0,29,,63003,2,,,0,71,,63023,2,,,0,29,,63004,2,,,0,71,,63024,2,,,0,29,,63005,2,,,0,73,,63025,2,,,0,30,,63006,2,,,0,70,,63027,2,,,0,30,,63007,2,,,0,70,,63026,2,,,0,32,,63008,2,,,0
1900,'20262011',626,,64741,24,,,0,100,,64742,24,,,0,101,,64743,24,,,0,31,,64744,24,,,0,100,,64745,24,,,0,99,,64746,24,,,0,100,,64747,24,,,0,99,,64748,24,,,0,100,,64749,24,,,0,100,,64750,24,,,0,68,,64751,24,,,0,30,,64752,24,,,0,64,,64753,24,,,0,35,,64754,24,,,0,71,,64755,24,,,0,31,,64756,24,,,0,70,,64757,24,,,0,31,,64758,24,,,0,100,,64759,24,,,0,101,,64760,24,,,0,100,,64761,24,,,0,100,,64762,24,,,0,100,,64763,24,,,0
1900,'20262511',648,,64782,24,,,0,102,,64783,24,,,0,104,,64784,24,,,0,101,,64785,24,,,0,146,,64786,24,,,0,58,,64787,24,,,0,100,,64788,24,,,0,95,,64789,24,,,0,101,,64790,24,,,0,145,,64791,24,,,0,51,,64792,24,,,0,108,,64793,24,,,0,97,,64794,24,,,0,99,,64795,24,,,0,102,,64796,24,,,0,102,,64797,24,,,0,142,,64798,24,,,0,102,,64799,24,,,0
1900,'20262611',648,,64818,24,,,0,102,,64819,24,,,0,104,,64820,24,,,0,101,,64821,24,,,0,146,,64822,24,,,0,58,,64823,24,,,0,100,,64824,24,,,0,95,,64825,24,,,0,101,,64826,24,,,0,145,,64827,24,,,0,51,,64828,24,,,0,108,,64829,24,,,0,97,,64830,24,,,0,99,,64831,24,,,0,102,,64832,24,,,0,102,,64833,24,,,0,142,,64834,24,,,0,102,,64835,24,,,0
2800,'20262011',627,,65035,2,,,0,27,,65036,2,,,0,69,,65037,2,,,0,33,,65038,2,,,0,70,,65039,2,,,0,31,,65040,2,,,0,68,,65041,2,,,0,30,,65042,2,,,0,70,,65043,2,,,0,29,,65044,2,,,0,69,,65045,2,,,0,31,,65046,2,,,0,69,,65048,2,,,0,31,,65049,2,,,0,69,,65050,2,,,0,31,,65047,2,,,0,68,,65051,2,,,0,31,,65052,2,,,0,70,,65053,2,,,0,29,,65054,2,,,0,68,,65055,2,,,0,33,,65056,2,,,0,73,,65057,2,,,0,30,,65058,2,,,0,69,,65059,2,,,0,31,,65060,2,,,0,73,,65061,2,,,0,73,,65062,2,,,0,31,,65063,2,,,0,70,,65064,2,,,0,29,,65065,2,,,0,70,,65066,2,,,0,29,,65067,2,,,0,70,,65068,2,,,0,30,,65069,2,,,0,71,,65071,2,,,0,30,,65070,2,,,0
2800,'20262511',636,,65118,2,,,0,100,,65119,2,,,0,99,,65120,2,,,0,98,,65121,2,,,0,98,,65122,2,,,0,71,,65105,2,,,0,28,,65123,2,,,0,29,,65111,2,,,0,69,,65124,2,,,0,27,,65112,2,,,0,72,,65125,2,,,0,30,,65113,2,,,0,73,,65126,2,,,0,29,,65114,2,,,0,68,,65127,2,,,0,24,,65115,2,,,0,75,,65128,2,,,0,31,,65116,2,,,0,71,,65129,2,,,0,30,,65117,2,,,0,75,,65130,2,,,0,73,,65106,2,,,0,29,,65131,2,,,0,70,,65107,2,,,0,30,,65132,2,,,0,70,,65108,2,,,0,30,,65133,2,,,0,70,,65109,2,,,0,30,,65134,2,,,0,70,,65110,2,,,0,31,,65135,2,,,0,71,,65137,2,,,0,30,,65136,2,,,0
2800,'20262611',636,,65184,2,,,0,100,,65185,2,,,0,99,,65186,2,,,0,98,,65187,2,,,0,98,,65188,2,,,0,71,,65171,2,,,0,28,,65189,2,,,0,29,,65177,2,,,0,69,,65190,2,,,0,27,,65178,2,,,0,72,,65191,2,,,0,30,,65179,2,,,0,73,,65192,2,,,0,29,,65180,2,,,0,68,,65193,2,,,0,24,,65181,2,,,0,75,,65194,2,,,0,31,,65182,2,,,0,71,,65195,2,,,0,30,,65183,2,,,0,75,,65196,2,,,0,73,,65172,2,,,0,29,,65197,2,,,0,70,,65173,2,,,0,30,,65198,2,,,0,70,,65174,2,,,0,30,,65199,2,,,0,70,,65175,2,,,0,30,,65200,2,,,0,70,,65176,2,,,0,31,,65201,2,,,0,71,,65202,2,,,0,30,,65203,2,,,0
6400,'20262011',857,,68503,3,,,0,98,,68504,3,,,0,100,,68505,3,,,0,100,,68506,3,,,0,99,,68507,3,,,0,100,,68508,3,,,0,99,,68509,3,,,0,304,,68510,3,,,0,102,,68511,3,,,0,100,,68512,3,,,0,141,,68513,3,,,0,101,,68514,3,,,0,103,,68515,3,,,0
6400,'20262511',801,,68532,3,,,0,99,,68533,3,,,0,58,,68534,3,,,0,99,,68535,3,,,0,100,,68536,3,,,0,97,,68537,3,,,0,100,,68538,3,,,0,100,,68539,3,,,0,100,,68540,3,,,0,100,,68541,3,,,0,104,,68542,3,,,0,101,,68543,3,,,0,142,,68544,3,,,0,101,,68545,3,,,0,100,,68546,3,,,0,100,,68547,3,,,0
6400,'20262611',801,,68564,3,,,0,99,,68565,3,,,0,58,,68566,3,,,0,99,,68567,3,,,0,100,,68568,3,,,0,97,,68569,3,,,0,100,,68570,3,,,0,100,,68571,3,,,0,100,,68572,3,,,0,100,,68573,3,,,0,104,,68574,3,,,0,101,,68575,3,,,0,142,,68576,3,,,0,101,,68577,3,,,0,100,,68578,3,,,0,100,,68579,3,,,0
6500,'20262011',1555,,68685,3,,,0,72,,68686,3,,,0,82,,68687,3,,,0,33,,68688,3,,,0,16,,68689,3,,,0
7400,'20262011',649,,69470,4,,,1,95,,69457,4,,,1,105,,69458,4,,,1,101,,69459,4,,,1,98,,69460,4,,,1,100,,69461,4,,,1,99,,69462,4,,,1,100,,69463,4,,,1,99,,69464,4,,,1,95,,69465,4,,,1,102,,69466,4,,,1,104,,69467,4,,,1,104,,69471,4,,,1,101,,69472,4,,,1,99,,69468,4,,,1,102,,69473,4,,,1,102,,69469,4,,,1
7400,'20262511',753,,69495,4,,,1,99,,69509,4,,,1,99,,69510,4,,,1,99,,69496,4,,,1,99,,69497,4,,,1,98,,69498,4,,,1,100,,69499,4,,,1,100,,69500,4,,,1,100,,69501,4,,,1,101,,69502,4,,,1,101,,69503,4,,,1,103,,69504,4,,,1,101,,69505,4,,,1,101,,69506,4,,,1,100,,69507,4,,,1,101,,69508,4,,,1,172,,69511,4,,,1
7400,'20262611',753,,69529,4,,,1,99,,69543,4,,,1,99,,69530,4,,,1,99,,69544,4,,,1,99,,69537,4,,,1,98,,69538,4,,,1,100,,69539,4,,,1,100,,69540,4,,,1,100,,69541,4,,,1,101,,69542,4,,,1,101,,69531,4,,,1,103,,69535,4,,,1,101,,69536,4,,,1,101,,69532,4,,,1,100,,69533,4,,,1,101,,69534,4,,,1,172,,69545,4,,,1
8200,'20262011',602,,70875,3,,,0,26,,70858,3,,,0,97,,70879,3,,,0,30,,70865,3,,,0,70,,70874,3,,,0,103,,70866,3,,,0,100,,70873,3,,,0,99,,70867,3,,,0,99,,70859,3,,,0,100,,70868,3,,,0,99,,70872,3,,,0,97,,70869,3,,,0,29,,70860,3,,,0,69,,70861,3,,,0,32,,70862,3,,,0,76,,70863,3,,,0,31,,70870,3,,,0,71,,70871,3,,,0,102,,70877,3,,,0,100,,70876,3,,,0,101,,70878,3,,,0,171,,70864,3,,,0
8200,'20262511',633,,70912,3,,,0,100,,70898,3,,,0,98,,70902,3,,,0,98,,70903,3,,,0,100,,70910,3,,,0,100,,70904,3,,,0,98,,70899,3,,,0,100,,70905,3,,,0,100,,70911,3,,,0,100,,70906,3,,,0,101,,70914,3,,,0,102,,70900,3,,,0,101,,70907,3,,,0,102,,70909,3,,,0,101,,70913,3,,,0,101,,70908,3,,,0,171,,70901,3,,,0,130,,70915,3,,,0
8200,'20262611',633,,70946,3,,,0,100,,70947,3,,,0,98,,70943,3,,,0,98,,70948,3,,,0,100,,70942,3,,,0,100,,70944,3,,,0,98,,70937,3,,,0,100,,70934,3,,,0,100,,70940,3,,,0,100,,70941,3,,,0,101,,70950,3,,,0,102,,70938,3,,,0,101,,70935,3,,,0,102,,70945,3,,,0,101,,70949,3,,,0,101,,70936,3,,,0,171,,70939,3,,,0,130,,70951,3,,,0
8400,'20262011',717,,71083,4,,,1,100,,71084,4,,,1,103,,71085,4,,,1,99,,71086,4,,,1,99,,71087,4,,,1,100,,71088,4,,,1,99,,71089,4,,,1,100,,71090,4,,,1,96,,71091,4,,,1,96,,71092,4,,,1,108,,71093,4,,,1,102,,71094,4,,,1,102,,71095,4,,,1,101,,71096,4,,,1,101,,71097,4,,,1,101,,71098,4,,,1,101,,71099,4,,,1
8400,'20262511',724,,71119,4,,,1,98,,71134,4,,,1,99,,71120,4,,,1,100,,71135,4,,,1,98,,71121,4,,,1,100,,71123,4,,,1,98,,71124,4,,,1,100,,71125,4,,,1,100,,71126,4,,,1,101,,71127,4,,,1,101,,71128,4,,,1,101,,71129,4,,,1,102,,71130,4,,,1,102,,71131,4,,,1,100,,71132,4,,,1,101,,71133,4,,,1,101,,71122,4,,,1
8400,'20262611',724,,71153,4,,,1,98,,71168,4,,,1,99,,71154,4,,,1,100,,71169,4,,,1,98,,71155,4,,,1,100,,71162,4,,,1,98,,71156,4,,,1,100,,71163,4,,,1,100,,71157,4,,,1,101,,71164,4,,,1,101,,71158,4,,,1,101,,71165,4,,,1,102,,71159,4,,,1,102,,71166,4,,,1,100,,71160,4,,,1,101,,71167,4,,,1,101,,71161,4,,,1
8600,'20262011',638,,71338,4,,,0,71,,71337,4,,,0,28,,71339,4,,,0,68,,71340,4,,,0,106,,71341,4,,,0,100,,71355,4,,,0,97,,71343,4,,,0,100,,71345,4,,,0,29,,71359,4,,,0,72,,71346,4,,,0,100,,71356,4,,,0,96,,71342,4,,,0,20,,71347,4,,,0,29,,71344,4,,,0,70,,71348,4,,,0,35,,71349,4,,,0,75,,71350,4,,,0,73,,71357,4,,,0,104,,71351,4,,,0,101,,71354,4,,,0,101,,71352,4,,,0,100,,71358,4,,,0,101,,71353,4,,,0
8600,'20262511',713,,71378,4,,,0,100,,71387,4,,,0,100,,71382,4,,,0,100,,71388,4,,,0,99,,71383,4,,,0,98,,71389,4,,,0,99,,71384,4,,,0,99,,71390,4,,,0,99,,71385,4,,,0,100,,71391,4,,,0,102,,71386,4,,,0,102,,71392,4,,,0,100,,71379,4,,,0,101,,71393,4,,,0,102,,71381,4,,,0,101,,71394,4,,,0,101,,71380,4,,,0,100,,71395,4,,,0
8600,'20262611',713,,71414,4,,,0,100,,71423,4,,,0,100,,71415,4,,,0,100,,71424,4,,,0,99,,71416,4,,,0,98,,71425,4,,,0,99,,71417,4,,,0,99,,71426,4,,,0,99,,71418,4,,,0,100,,71427,4,,,0,102,,71419,4,,,0,102,,71428,4,,,0,100,,71420,4,,,0,101,,71429,4,,,0,102,,71421,4,,,0,101,,71430,4,,,0,101,,71422,4,,,0,100,,71431,4,,,0
23000,'20262011',1539,,72779,2,,,0,20,,72771,2,,,0,54,,72777,2,,,0,17,,72772,2,,,0,19,,72776,2,,,0,56,,72773,2,,,0,22,,72778,2,,,0,23,,72774,2,,,0,52,,72775,2,,,0
23900,'20262011',1607,,72834,2,,,0,32,,72835,2,,,0,101,,72836,2,,,0,66,,72837,2,,,0
27000,'20262011',1535,,72973,2,,,0,23,,72974,2,,,0,52,,72975,2,,,0,23,,72976,2,,,0,70,,72977,2,,,0,30,,72978,2,,,0,70,,72979,2,,,0
27200,'20262011',1559,,73003,2,,,0,73,,73004,2,,,0,86,,73005,2,,,0,85,,73002,2,,,0
27300,'20262011',1607,,73018,2,,,0,30,,73019,2,,,0,70,,73020,2,,,0,34,,73021,2,,,0
27400,'20262011',1600,,73035,2,,,0,32,,73036,2,,,0,70,,73038,2,,,0,30,,73039,2,,,0,70,,73037,2,,,0
27900,'20262011',1605,,73054,2,,,0,30,,73057,2,,,0,80,,73056,2,,,0,36,,73055,2,,,0
28000,'20262011',1538,,73077,2,,,0,70,,73076,2,,,0,10,,73072,2,,,0,21,,73073,2,,,0,81,,73074,2,,,0,31,,73075,2,,,0
28100,'20262011',1606,,73097,2,,,0,30,,73096,2,,,0,70,,73095,2,,,0,30,,73099,2,,,0,65,,73098,2,,,0
28200,'20262011',1530,,73119,2,,,0,73,,73118,2,,,0,35,,73116,2,,,0,78,,73115,2,,,0,89,,73117,2,,,0
28400,'20262011',1604,,73147,2,,,0,30,,73148,2,,,0,72,,73149,2,,,0,28,,73150,2,,,0,70,,73151,2,,,0
28900,'20262011',1558,,73169,2,,,0,54,,73170,2,,,0,19,,73168,2,,,0,97,,73167,2,,,0,76,,73171,2,,,0
93100,'20262011',2536,,81226,6,,,0,165,,81227,27,,,0
93100,'20262511',2536,,81230,6,,,0,165,,81231,27,,,0
97203,'20262011',2540,,81257,6,,,0
97203,'20262511',2540,,81259,6,,,0
98200,'20262011',2533,,81265,6,,,0
98200,'20262511',2533,,81267,6,,,0
98400,'20262011',2536,,81269,6,,,0
98400,'20262511',2536,,81271,6,,,0
