5601,'20262010',1601,,83842,5,,,0,32,,83844,5,,,0,69,,83843,5,,,0
5601,'20263010',1604,,95029,5,,,0,30,,95031,5,,,0,71,,95030,5,,,0
5701,'20262010',559,,83898,5,,,0,67,,83899,5,,,0,29,,83900,5,,,0,69,,83901,5,,,0,34,,83902,5,,,0,68,,83903,5,,,0,31,,83904,5,,,0,72,,83905,5,,,0,101,,83906,5,,,0,101,,83907,5,,,0,100,,83908,5,,,0,101,,83909,5,,,0,101,,83917,5,,,0,101,,83910,5,,,0,274,,83911,5,,,0,98,,83912,5,,,0,98,,83913,5,,,0,101,,83914,5,,,0,101,,83915,5,,,0,100,,83916,5,,,0
5701,'20262510',733,,83918,5,,,0,100,,83919,5,,,0,101,,83920,5,,,0,101,,83921,5,,,0,100,,83922,5,,,0,98,,83923,5,,,0,101,,83924,5,,,0,97,,83925,5,,,0,105,,83926,5,,,0,96,,83927,5,,,0,104,,83928,5,,,0,98,,83929,5,,,0,100,,83930,5,,,0,99,,83931,5,,,0,100,,83932,5,,,0,101,,83933,5,,,0
5701,'20262610',733,,83937,5,,,0,100,,83939,5,,,0,101,,83936,5,,,0,101,,83934,5,,,0,100,,83938,5,,,0,98,,83942,5,,,0,101,,83943,5,,,0,97,,83944,5,,,0,105,,83940,5,,,0,96,,83941,5,,,0,104,,83935,5,,,0,98,,83945,5,,,0,100,,83946,5,,,0,99,,83949,5,,,0,100,,83947,5,,,0,101,,83948,5,,,0
5701,'20263010',559,,95119,5,,,0,67,,95120,5,,,0,26,,95121,5,,,0,71,,95122,5,,,0,35,,95123,5,,,0,70,,95124,5,,,0,23,,95125,5,,,0,80,,95126,5,,,0,99,,95127,5,,,0,100,,95128,5,,,0,100,,95129,5,,,0,101,,95130,5,,,0,101,,95138,5,,,0,102,,95131,5,,,0,273,,95132,5,,,0,100,,95133,5,,,0,97,,95134,5,,,0,100,,95135,5,,,0,101,,95136,5,,,0,101,,95137,5,,,0
5701,'20263510',732,,95139,5,,,0,100,,95140,5,,,0,101,,95141,5,,,0,100,,95142,5,,,0,101,,95143,5,,,0,97,,95144,5,,,0,98,,95145,5,,,0,98,,95146,5,,,0,105,,95147,5,,,0,104,,95148,5,,,0,100,,95149,5,,,0,97,,95150,5,,,0,100,,95151,5,,,0,99,,95152,5,,,0,100,,95153,5,,,0,101,,95154,5,,,0
5701,'20263511',732,,95155,5,,,0,100,,95156,5,,,0,101,,95157,5,,,0,100,,95158,5,,,0,101,,95159,5,,,0,97,,95160,5,,,0,98,,95161,5,,,0,98,,95162,5,,,0,105,,95163,5,,,0,104,,95164,5,,,0,100,,95165,5,,,0,97,,95166,5,,,0,100,,95167,5,,,0,99,,95168,5,,,0,100,,95169,5,,,0,101,,95170,5,,,0
5701,'20263610',732,,95173,5,,,0,100,,95172,5,,,0,101,,95171,5,,,0,100,,95176,5,,,0,101,,95178,5,,,0,97,,95174,5,,,0,98,,95184,5,,,0,98,,95180,5,,,0,105,,95175,5,,,0,104,,95177,5,,,0,100,,95183,5,,,0,97,,95179,5,,,0,100,,95185,5,,,0,99,,95181,5,,,0,100,,95182,5,,,0,101,,95186,5,,,0
5701,'20263611',732,,95189,5,,,0,100,,95188,5,,,0,101,,95187,5,,,0,100,,95192,5,,,0,101,,95194,5,,,0,97,,95190,5,,,0,98,,95200,5,,,0,98,,95196,5,,,0,105,,95191,5,,,0,104,,95193,5,,,0,100,,95199,5,,,0,97,,95195,5,,,0,100,,95201,5,,,0,99,,95197,5,,,0,100,,95198,5,,,0,101,,95202,5,,,0
25701,'20262010',651,,86541,5,,,0,66,,86542,5,,,0,34,,86543,5,,,0
25701,'20263010',642,,99611,5,,,0,59,,99612,5,,,0,32,,99613,5,,,0
