9300,'20262010',653,,86114,21,,,0,104,,86094,21,,,0,98,,86106,21,,,0,99,,86110,21,,,0,100,,86111,21,,,0,100,,86112,21,,,0,101,,86095,21,,,0,99,,86096,21,,,0,99,,86113,21,,,0,70,,86103,21,,,0,23,,86115,33,,,0,71,,86107,33,,,0,35,,86097,33,,,0,75,,86098,33,,,0,24,,86099,33,,,0,65,,86100,33,,,0,30,,86101,33,,,0,69,,86108,33,,,0,85,,86102,21,,,0,59,,86104,21,,,0,145,,86109,21,,,0,104,,86105,21,,,0
9300,'20262510',753,,86122,21,,,0,100,,86123,21,,,0,95,,86130,21,,,0,104,,86116,21,,,0,100,,86127,21,,,0,98,,86124,21,,,0,105,,86125,21,,,0,101,,86117,21,,,0,92,,86126,21,,,0,110,,86128,21,,,0,95,,86118,21,,,0,99,,86129,21,,,0,101,,86121,21,,,0,200,,86119,21,,,0,200,,86120,21,,,0,101,,86131,21,,,0
9300,'20262610',753,,86137,21,,,0,100,,86145,21,,,0,95,,86146,21,,,0,104,,86138,21,,,0,100,,86142,21,,,0,98,,86132,21,,,0,105,,86140,21,,,0,101,,86139,21,,,0,92,,86141,21,,,0,110,,86143,21,,,0,95,,86133,21,,,0,99,,86144,21,,,0,101,,86136,21,,,0,200,,86134,21,,,0,200,,86135,21,,,0,101,,86147,21,,,0
9300,'20263010',648,,98875,29,,,0,102,,98855,29,,,0,9,,98878,35,,,0,91,,98867,29,,,0,76,,98879,35,,,0,24,,98871,29,,,0,100,,98872,29,,,0,4,,98880,35,,,0,96,,98873,29,,,0,77,,98881,35,,,0,23,,98856,29,,,0,99,,98857,29,,,0,7,,98882,35,,,0,88,,98874,29,,,0,69,,98864,29,,,0,17,,98883,35,,,0,11,,98876,29,,,0,70,,98868,29,,,0,35,,98858,29,,,0,60,,98884,35,,,0,6,,98859,29,,,0,31,,98860,29,,,0,72,,98861,29,,,0,14,,98885,35,,,0,12,,98862,29,,,0,69,,98869,29,,,0,42,,98886,35,,,0,1,,98863,29,,,0,100,,98865,29,,,0,68,,98887,35,,,0,32,,98870,29,,,0,99,,98866,29,,,0,100,,98877,29,,,0
9300,'20263510',647,,98903,29,,,0,102,,98894,29,,,0,0,,98904,35,,,0,100,,98895,29,,,0,71,,98905,35,,,0,28,,98902,29,,,0,100,,98888,29,,,0,3,,98906,35,,,0,96,,98899,29,,,0,76,,98907,35,,,0,25,,98896,29,,,0,101,,98897,29,,,0,4,,98908,35,,,0,96,,98889,29,,,0,74,,98909,35,,,0,26,,98898,29,,,0,101,,98900,29,,,0,5,,98910,35,,,0,94,,98890,29,,,0,74,,98911,35,,,0,25,,98901,29,,,0,99,,98893,29,,,0,2,,98912,35,,,0,168,,98913,35,,,0,30,,98891,29,,,0,200,,98892,29,,,0
9300,'20263511',647,,98929,29,,,0,102,,98920,29,,,0,0,,98930,35,,,0,100,,98921,29,,,0,71,,98931,35,,,0,28,,98928,29,,,0,100,,98914,29,,,0,3,,98932,35,,,0,96,,98925,29,,,0,76,,98933,35,,,0,25,,98922,29,,,0,101,,98923,29,,,0,4,,98934,35,,,0,96,,98915,29,,,0,74,,98935,35,,,0,26,,98924,29,,,0,101,,98926,29,,,0,5,,98936,35,,,0,94,,98916,29,,,0,74,,98937,35,,,0,25,,98927,29,,,0,99,,98919,29,,,0,2,,98938,35,,,0,168,,98939,35,,,0,30,,98917,29,,,0,200,,98918,29,,,0
9300,'20263610',647,,98955,29,,,0,102,,98945,29,,,0,0,,98956,35,,,0,100,,98953,29,,,0,71,,98957,35,,,0,28,,98954,29,,,0,100,,98946,29,,,0,3,,98958,35,,,0,96,,98950,29,,,0,76,,98959,35,,,0,25,,98940,29,,,0,101,,98948,29,,,0,4,,98960,35,,,0,96,,98947,29,,,0,74,,98961,35,,,0,26,,98949,29,,,0,101,,98951,29,,,0,5,,98962,35,,,0,94,,98941,29,,,0,74,,98963,35,,,0,25,,98952,29,,,0,99,,98944,29,,,0,2,,98964,35,,,0,168,,98965,35,,,0,30,,98942,29,,,0,200,,98943,29,,,0
9300,'20263611',647,,98981,29,,,0,102,,98971,29,,,0,0,,98982,35,,,0,100,,98979,29,,,0,71,,98983,35,,,0,28,,98980,29,,,0,100,,98972,29,,,0,3,,98984,35,,,0,96,,98976,29,,,0,76,,98985,35,,,0,25,,98966,29,,,0,101,,98974,29,,,0,4,,98986,35,,,0,96,,98973,29,,,0,74,,98987,35,,,0,26,,98975,29,,,0,101,,98977,29,,,0,5,,98988,35,,,0,94,,98967,29,,,0,74,,98989,35,,,0,25,,98978,29,,,0,99,,98970,29,,,0,2,,98990,35,,,0,168,,98991,35,,,0,30,,98968,29,,,0,200,,98969,29,,,0
99203,'20262010',2601,,90499,31,,,0,130,,90500,31,,,0
99203,'20262510',2601,,90501,31,,,0,130,,90502,31,,,0
99203,'20263010',2601,,106128,31,,,0,130,,106129,31,,,0
99203,'20263510',2601,,106130,31,,,0,130,,106131,31,,,0
99203,'20263511',2601,,106132,31,,,0,130,,106133,31,,,0
