7900,'20262010',710,,69975,34,,,0,101,,69973,34,,,0,99,,69976,34,,,0,100,,69974,34,,,0,100,,69960,34,,,0,100,,69961,34,,,0,101,,69962,34,,,0,99,,69963,34,,,0,101,,69964,34,,,0,101,,69965,34,,,0,102,,69966,34,,,0,97,,69967,34,,,0,99,,69968,34,,,0,100,,69969,34,,,0,100,,69970,34,,,0,99,,69971,34,,,0,100,,69972,34,,,0
7900,'20262011',710,,69992,34,,,0,101,,69990,34,,,0,99,,69993,34,,,0,100,,69991,34,,,0,100,,69977,34,,,0,100,,69978,34,,,0,101,,69979,34,,,0,99,,69980,34,,,0,101,,69981,34,,,0,101,,69982,34,,,0,102,,69983,34,,,0,97,,69984,34,,,0,99,,69985,34,,,0,100,,69986,34,,,0,100,,69987,34,,,0,99,,69988,34,,,0,100,,69989,34,,,0
7900,'20262510',739,,70010,34,,,0,70,,70001,34,,,0,100,,70002,34,,,0,100,,70003,34,,,0,100,,69999,34,,,0,100,,70005,34,,,0,100,,69994,34,,,0,101,,70006,34,,,0,100,,70000,34,,,0,100,,70008,34,,,0,100,,69995,34,,,0,100,,69996,34,,,0,99,,70009,34,,,0,100,,70007,34,,,0,100,,69997,34,,,0,100,,70004,34,,,0,100,,69998,34,,,0
7900,'20262511',739,,70027,34,,,0,70,,70018,34,,,0,100,,70019,34,,,0,100,,70020,34,,,0,100,,70016,34,,,0,100,,70022,34,,,0,100,,70011,34,,,0,101,,70023,34,,,0,100,,70017,34,,,0,100,,70025,34,,,0,100,,70012,34,,,0,100,,70013,34,,,0,99,,70026,34,,,0,100,,70024,34,,,0,100,,70014,34,,,0,100,,70021,34,,,0,100,,70015,34,,,0
7900,'20262610',739,,70044,34,,,0,70,,70035,34,,,0,100,,70036,34,,,0,100,,70037,34,,,0,100,,70032,34,,,0,100,,70038,34,,,0,100,,70028,34,,,0,101,,70039,34,,,0,100,,70033,34,,,0,100,,70040,34,,,0,100,,70029,34,,,0,100,,70030,34,,,0,99,,70041,34,,,0,100,,70042,34,,,0,100,,70034,34,,,0,100,,70043,34,,,0,100,,70031,34,,,0
7900,'20262611',739,,70061,34,,,0,70,,70052,34,,,0,100,,70053,34,,,0,100,,70054,34,,,0,100,,70049,34,,,0,100,,70055,34,,,0,100,,70045,34,,,0,101,,70056,34,,,0,100,,70050,34,,,0,100,,70057,34,,,0,100,,70046,34,,,0,100,,70047,34,,,0,99,,70058,34,,,0,100,,70059,34,,,0,100,,70051,34,,,0,100,,70060,34,,,0,100,,70048,34,,,0
27900,'20262010',1648,,73050,41,4,,0,70,,73053,41,4,,0,36,,73052,41,4,,0,72,,73051,41,4,,0
27900,'20262011',1648,,73054,41,4,,0,70,,73057,41,4,,0,36,,73056,41,4,,0,72,,73055,41,4,,0
28000,'20262010',1618,,73071,43,4,,0,32,,73070,43,4,,0,50,,73066,43,4,,0,18,,73067,43,4,,0,37,,73068,43,4,,0,70,,73069,43,4,,0
28000,'20262011',1618,,73077,43,4,,0,32,,73076,43,4,,0,50,,73072,43,4,,0,18,,73073,43,4,,0,37,,73074,43,4,,0,70,,73075,43,4,,0
58000,'20262010',1631,,73929,56,4,,0,81,,73928,56,4,,0,93,,73930,56,4,,0
58000,'20262011',1631,,73932,56,4,,0,81,,73931,56,4,,0,93,,73933,56,4,,0
