9403,'20262010',719,,86263,42,,,0,104,,86264,42,,,0,97,,86265,42,,,0,100,,86266,42,,,0,100,,86267,42,,,0,100,,86268,42,,,0,100,,86269,42,,,0,100,,86270,42,,,0,99,,86271,42,,,0,31,,86272,42,,,0,65,,86273,42,,,0,30,,86259,42,,,0,80,,86260,42,,,0,30,,86278,42,,,0,65,,86277,42,,,0,99,,86261,42,,,0,101,,86262,42,,,0,100,,86274,42,,,0,101,,86275,42,,,0,100,,86276,42,,,0
9403,'20262510',723,,86279,42,,,0,100,,86280,42,,,0,100,,86281,42,,,0,100,,86282,42,,,0,100,,86283,42,,,0,99,,86284,42,,,0,100,,86285,42,,,0,100,,86286,42,,,0,97,,86287,42,,,0,99,,86288,42,,,0,105,,86289,42,,,0,100,,86290,42,,,0,100,,86291,42,,,0,100,,86292,42,,,0,100,,86293,42,,,0,100,,86294,42,,,0,100,,86295,42,,,0
9403,'20262610',723,,86296,42,,,0,100,,86297,42,,,0,100,,86298,42,,,0,100,,86299,42,,,0,100,,86300,42,,,0,99,,86301,42,,,0,100,,86302,42,,,0,100,,86303,42,,,0,97,,86304,42,,,0,99,,86305,42,,,0,105,,86306,42,,,0,100,,86307,42,,,0,100,,86308,42,,,0,100,,86309,42,,,0,100,,86310,42,,,0,100,,86311,42,,,0,100,,86312,42,,,0
9403,'20263010',721,,99230,42,,,0,101,,99231,42,,,0,100,,99232,42,,,0,100,,99233,42,,,0,100,,99234,42,,,0,100,,99235,42,,,0,100,,99236,42,,,0,99,,99237,42,,,0,99,,99238,42,,,0,31,,99239,42,,,0,67,,99240,42,,,0,29,,99226,42,,,0,76,,99227,42,,,0,29,,99245,42,,,0,71,,99244,42,,,0,99,,99228,42,,,0,101,,99229,42,,,0,99,,99241,42,,,0,101,,99242,42,,,0,98,,99243,42,,,0
9403,'20263510',723,,99246,42,,,0,100,,99247,42,,,0,100,,99248,42,,,0,101,,99249,42,,,0,100,,99250,42,,,0,100,,99251,42,,,0,101,,99252,42,,,0,100,,99253,42,,,0,100,,99254,42,,,0,100,,99255,42,,,0,100,,99256,42,,,0,100,,99257,42,,,0,98,,99258,42,,,0,100,,99259,42,,,0,99,,99260,42,,,0,100,,99261,42,,,0,100,,99262,42,,,0
9403,'20263511',723,,99263,42,,,0,100,,99264,42,,,0,100,,99265,42,,,0,101,,99266,42,,,0,100,,99267,42,,,0,100,,99268,42,,,0,101,,99269,42,,,0,100,,99270,42,,,0,100,,99271,42,,,0,100,,99272,42,,,0,100,,99273,42,,,0,100,,99274,42,,,0,98,,99275,42,,,0,100,,99276,42,,,0,99,,99277,42,,,0,100,,99278,42,,,0,100,,99279,42,,,0
9403,'20263610',723,,99280,42,,,0,100,,99281,42,,,0,100,,99282,42,,,0,101,,99283,42,,,0,100,,99284,42,,,0,100,,99285,42,,,0,101,,99286,42,,,0,100,,99287,42,,,0,100,,99288,42,,,0,100,,99289,42,,,0,100,,99290,42,,,0,100,,99291,42,,,0,98,,99292,42,,,0,100,,99293,42,,,0,99,,99294,42,,,0,100,,99295,42,,,0,100,,99296,42,,,0
9403,'20263611',723,,99297,42,,,0,100,,99298,42,,,0,100,,99299,42,,,0,101,,99300,42,,,0,100,,99301,42,,,0,100,,99302,42,,,0,101,,99303,42,,,0,100,,99304,42,,,0,100,,99305,42,,,0,100,,99306,42,,,0,100,,99307,42,,,0,100,,99308,42,,,0,98,,99309,42,,,0,100,,99310,42,,,0,99,,99311,42,,,0,100,,99312,42,,,0,100,,99313,42,,,0
29403,'20262010',1629,,86686,49,4,,0,103,,86687,49,4,,0,24,,86688,49,4,,0
29403,'20263010',1633,,99761,49,4,,0,98,,99762,49,4,,0,72,,99763,49,4,,0
