6400,'20261010',902,,52455,6,,,0,99,,52456,6,,,0,100,,52457,6,,,0,100,,52458,6,,,0,100,,52459,6,,,0,100,,52460,6,,,0,99,,52461,6,,,0,304,,52462,6,,,0,101,,52463,6,,,0,100,,52464,6,,,0,100,,52465,6,,,0,101,,52466,6,,,0,103,,52467,6,,,0
6400,'20261511',806,,52484,6,,,0,99,,52485,6,,,0,98,,52486,6,,,0,99,,52487,6,,,0,101,,52488,6,,,0,97,,52489,6,,,0,100,,52490,6,,,0,100,,52491,6,,,0,100,,52492,6,,,0,100,,52493,6,,,0,103,,52494,6,,,0,101,,52495,6,,,0,102,,52496,6,,,0,101,,52497,6,,,0,100,,52498,6,,,0,100,,52499,6,,,0
6400,'20261611',806,,52516,6,,,0,99,,52517,6,,,0,98,,52518,6,,,0,99,,52519,6,,,0,101,,52520,6,,,0,97,,52521,6,,,0,100,,52522,6,,,0,100,,52523,6,,,0,100,,52524,6,,,0,100,,52525,6,,,0,103,,52526,6,,,0,101,,52527,6,,,0,102,,52528,6,,,0,101,,52529,6,,,0,100,,52530,6,,,0,100,,52531,6,,,0
6500,'20261010',1554,,52618,11,,,0,73,,52619,11,,,0,76,,52620,11,,,0,37,,52621,11,,,0,61,,52622,11,,,0
8200,'20261010',608,,54386,6,,,0,26,,54369,6,,,0,98,,54390,6,,,0,70,,54376,6,,,0,30,,54385,6,,,0,103,,54377,6,,,0,100,,54384,6,,,0,99,,54378,6,,,0,99,,54370,6,,,0,100,,54379,6,,,0,99,,54383,6,,,0,98,,54380,6,,,0,29,,54371,6,,,0,69,,54372,6,,,0,31,,54373,6,,,0,76,,54374,6,,,0,71,,54381,6,,,0,31,,54382,6,,,0,101,,54388,6,,,0,99,,54387,6,,,0,101,,54389,6,,,0,171,,54375,6,,,0
8200,'20261511',639,,54423,6,,,0,100,,54409,6,,,0,99,,54413,6,,,0,98,,54414,6,,,0,100,,54421,6,,,0,100,,54415,6,,,0,98,,54410,6,,,0,100,,54416,6,,,0,100,,54422,6,,,0,100,,54417,6,,,0,101,,54425,6,,,0,102,,54411,6,,,0,100,,54418,6,,,0,102,,54420,6,,,0,100,,54424,6,,,0,101,,54419,6,,,0,171,,54412,6,,,0,130,,54426,6,,,0
8200,'20261611',639,,54457,6,,,0,100,,54458,6,,,0,99,,54454,6,,,0,98,,54459,6,,,0,100,,54453,6,,,0,100,,54455,6,,,0,98,,54448,6,,,0,100,,54445,6,,,0,100,,54451,6,,,0,100,,54452,6,,,0,101,,54461,6,,,0,102,,54449,6,,,0,100,,54446,6,,,0,102,,54456,6,,,0,100,,54460,6,,,0,101,,54447,6,,,0,171,,54450,6,,,0,130,,54462,6,,,0
8600,'20261010',645,,54754,11,,,0,71,,54753,11,,,0,28,,54755,11,,,0,69,,54756,11,,,0,105,,54757,11,,,0,100,,54770,11,,,0,98,,54759,11,,,0,100,,54760,11,,,0,29,,54775,11,,,0,72,,54761,11,,,0,100,,54771,11,,,0,97,,54758,11,,,0,19,,54762,15,,,0,10,,54763,15,,,0,86,,54764,15,,,0,79,,54765,15,,,0,36,,54766,15,,,0,71,,54772,11,,,0,103,,54767,11,,,0,101,,54773,11,,,0,101,,54768,11,,,0,100,,54774,11,,,0,101,,54769,11,,,0
8600,'20261511',720,,54794,11,,,0,100,,54803,11,,,0,100,,54798,11,,,0,100,,54804,11,,,0,99,,54799,11,,,0,99,,54805,11,,,0,99,,54800,11,,,0,99,,54806,11,,,0,99,,54801,11,,,0,100,,54807,11,,,0,101,,54802,11,,,0,102,,54808,11,,,0,100,,54795,11,,,0,101,,54809,11,,,0,102,,54797,11,,,0,101,,54810,11,,,0,101,,54796,11,,,0,100,,54811,11,,,0
8600,'20261611',720,,54830,11,,,0,100,,54839,11,,,0,100,,54831,11,,,0,100,,54840,11,,,0,99,,54832,11,,,0,99,,54841,11,,,0,99,,54833,11,,,0,99,,54842,11,,,0,99,,54834,11,,,0,100,,54843,11,,,0,101,,54835,11,,,0,102,,54844,11,,,0,100,,54836,11,,,0,101,,54845,11,,,0,102,,54837,11,,,0,101,,54846,11,,,0,101,,54838,11,,,0,100,,54847,11,,,0
98200,'20261010',2538,,62393,9,,,0
98200,'20261511',2538,,62395,9,,,0
