7203,'20262010',659,,84718,48,,,0,72,,84719,48,,,0,73,,84720,48,,,0,30,,84721,48,,,0,68,,84722,48,,,0,28,,84723,48,,,0,29,,84724,48,,,0,70,,84725,48,,,0,30,,84726,48,,,0,70,,84727,48,,,0,30,,84728,48,,,0,70,,84729,48,,,0,71,,84730,48,,,0,30,,84731,48,,,0,70,,84732,48,,,0,30,,84733,48,,,0,70,,84734,48,,,0,31,,84735,48,,,0,72,,84736,48,,,0,33,,84737,48,,,0,69,,84738,48,,,0,28,,84739,48,,,0,67,,84740,48,,,0,30,,84741,48,,,0,28,,84742,48,,,0,69,,84743,48,,,0,100,,84744,48,,,0,100,,84745,48,,,0,100,,84746,48,,,0,99,,84747,48,,,0,100,,84748,48,,,0
7203,'20262510',727,,84749,48,,,0,101,,84750,48,,,0,100,,84751,48,,,0,100,,84752,48,,,0,100,,84753,48,,,0,100,,84754,48,,,0,101,,84755,48,,,0,100,,84756,48,,,0,101,,84757,48,,,0,99,,84758,48,,,0,100,,84759,48,,,0,99,,84760,48,,,0,99,,84761,48,,,0,100,,84762,48,,,0,100,,84763,48,,,0,99,,84764,48,,,0,100,,84765,48,,,0,99,,84766,48,,,0,30,,84767,48,,,0
7203,'20262610',727,,84768,48,,,0,101,,84769,48,,,0,100,,84770,48,,,0,100,,84771,48,,,0,100,,84772,48,,,0,100,,84773,48,,,0,101,,84774,48,,,0,100,,84775,48,,,0,101,,84776,48,,,0,99,,84777,48,,,0,100,,84778,48,,,0,99,,84785,48,,,0,99,,84786,48,,,0,100,,84779,48,,,0,100,,84780,48,,,0,99,,84781,48,,,0,100,,84782,48,,,0,99,,84784,48,,,0,30,,84783,48,,,0
7203,'20263010',659,,96622,48,,,0,73,,96623,48,,,0,74,,96624,48,,,0,30,,96625,48,,,0,65,,96626,48,,,0,28,,96627,48,,,0,30,,96628,48,,,0,70,,96629,48,,,0,30,,96630,48,,,0,70,,96631,48,,,0,30,,96632,48,,,0,70,,96633,48,,,0,30,,96634,48,,,0,70,,96635,48,,,0,30,,96636,48,,,0,70,,96637,48,,,0,71,,96639,48,,,0,32,,96640,48,,,0,71,,96641,48,,,0,34,,96638,48,,,0,68,,96642,48,,,0,28,,96643,48,,,0,67,,96644,48,,,0,30,,96645,48,,,0,27,,96646,48,,,0,70,,96647,48,,,0,100,,96648,48,,,0,100,,96649,48,,,0,100,,96650,48,,,0,98,,96651,48,,,0,100,,96652,48,,,0
7203,'20263510',727,,96653,48,,,0,101,,96654,48,,,0,100,,96655,48,,,0,100,,96656,48,,,0,100,,96657,48,,,0,100,,96658,48,,,0,101,,96659,48,,,0,100,,96660,48,,,0,100,,96661,48,,,0,100,,96662,48,,,0,99,,96663,48,,,0,100,,96664,48,,,0,99,,96665,48,,,0,100,,96666,48,,,0,100,,96667,48,,,0,99,,96668,48,,,0,100,,96669,48,,,0,99,,96670,48,,,0,30,,96671,48,,,0
7203,'20263511',727,,96672,48,,,0,101,,96673,48,,,0,100,,96674,48,,,0,100,,96675,48,,,0,100,,96676,48,,,0,100,,96677,48,,,0,101,,96678,48,,,0,100,,96679,48,,,0,100,,96680,48,,,0,100,,96681,48,,,0,99,,96682,48,,,0,100,,96683,48,,,0,99,,96684,48,,,0,100,,96685,48,,,0,100,,96686,48,,,0,99,,96687,48,,,0,100,,96688,48,,,0,99,,96689,48,,,0,30,,96690,48,,,0
7203,'20263610',727,,96691,48,,,0,101,,96692,48,,,0,100,,96693,48,,,0,100,,96694,48,,,0,100,,96695,48,,,0,100,,96696,48,,,0,101,,96697,48,,,0,100,,96698,48,,,0,100,,96699,48,,,0,100,,96700,48,,,0,99,,96701,48,,,0,100,,96709,48,,,0,99,,96706,48,,,0,100,,96702,48,,,0,100,,96703,48,,,0,99,,96704,48,,,0,100,,96705,48,,,0,99,,96708,48,,,0,30,,96707,48,,,0
7203,'20263611',727,,96710,48,,,0,101,,96711,48,,,0,100,,96712,48,,,0,100,,96713,48,,,0,100,,96714,48,,,0,100,,96715,48,,,0,101,,96716,48,,,0,100,,96717,48,,,0,100,,96718,48,,,0,100,,96719,48,,,0,99,,96720,48,,,0,100,,96728,48,,,0,99,,96725,48,,,0,100,,96721,48,,,0,100,,96722,48,,,0,99,,96723,48,,,0,100,,96724,48,,,0,99,,96727,48,,,0,30,,96726,48,,,0
97203,'20262010',2616,,90487,58,,,0
97203,'20262510',2616,,90488,58,,,0
97203,'20263010',2616,,106110,58,,,0
97203,'20263510',2616,,106111,58,,,0
97203,'20263511',2616,,106112,58,,,0
