7001,'20262010',555,,68932,22,,,0,59,,68949,22,,,0,15,,68950,22,,,0,19,,68933,22,,,0,59,,68951,22,,,0,19,,68952,22,,,0,18,,68934,22,,,0,58,,68953,22,,,0,22,,68954,22,,,0,22,,68935,22,,,0,59,,68955,22,,,0,19,,68956,22,,,0,19,,68936,22,,,0,60,,68957,22,,,0,20,,68958,22,,,0,20,,68937,22,,,0,60,,68959,22,,,0,21,,68960,22,,,0,20,,68938,22,,,0,59,,68961,22,,,0,21,,68962,22,,,0,20,,68939,22,,,0,61,,68963,22,,,0,18,,68964,22,,,0,21,,68940,22,,,0,58,,68965,22,,,0,22,,68966,22,,,0,19,,68941,22,,,0,61,,68967,22,,,0,21,,68968,22,,,0,19,,68942,22,,,0,61,,68969,22,,,0,25,,68970,22,,,0,23,,68943,22,,,0,65,,68971,22,,,0,22,,68972,22,,,0,62,,68944,22,,,0,22,,68973,22,,,0,29,,68945,22,,,0,70,,68974,22,,,0,31,,68946,22,,,0,70,,68975,22,,,0,30,,68947,22,,,0,72,,68976,22,,,0,31,,68948,22,,,0,71,,68977,22,,,0,30,,68978,22,,,0
7001,'20262011',555,,68979,22,,,0,59,,68996,22,,,0,15,,68997,22,,,0,19,,68980,22,,,0,59,,68998,22,,,0,19,,68999,22,,,0,18,,68981,22,,,0,58,,69000,22,,,0,22,,69001,22,,,0,22,,68982,22,,,0,59,,69002,22,,,0,19,,69003,22,,,0,19,,68983,22,,,0,60,,69004,22,,,0,20,,69005,22,,,0,20,,68984,22,,,0,60,,69006,22,,,0,21,,69007,22,,,0,20,,68985,22,,,0,59,,69008,22,,,0,21,,69009,22,,,0,20,,68986,22,,,0,61,,69010,22,,,0,18,,69011,22,,,0,21,,68987,22,,,0,58,,69012,22,,,0,22,,69013,22,,,0,19,,68988,22,,,0,61,,69014,22,,,0,21,,69015,22,,,0,19,,68989,22,,,0,61,,69016,22,,,0,25,,69017,22,,,0,23,,68990,22,,,0,65,,69018,22,,,0,22,,69019,22,,,0,62,,68991,22,,,0,22,,69020,22,,,0,29,,68992,22,,,0,70,,69021,22,,,0,31,,68993,22,,,0,70,,69022,22,,,0,30,,68994,22,,,0,72,,69023,22,,,0,31,,68995,22,,,0,71,,69024,22,,,0,30,,69025,22,,,0
7001,'20262510',555,,69026,22,,,0,70,,69042,22,,,0,30,,69027,22,,,0,70,,69043,22,,,0,29,,69028,22,,,0,70,,69044,22,,,0,29,,69029,22,,,0,70,,69045,22,,,0,30,,69030,22,,,0,69,,69046,22,,,0,30,,69031,22,,,0,69,,69047,22,,,0,29,,69032,22,,,0,70,,69048,22,,,0,30,,69033,22,,,0,70,,69049,22,,,0,30,,69050,22,,,0,70,,69051,22,,,0,30,,69052,22,,,0,70,,69053,22,,,0,28,,69034,22,,,0,70,,69054,22,,,0,32,,69035,22,,,0,72,,69055,22,,,0,34,,69036,22,,,0,70,,69056,22,,,0,30,,69057,22,,,0,70,,69037,22,,,0,30,,69058,22,,,0,70,,69038,22,,,0,31,,69041,22,,,0,70,,69039,22,,,0,30,,69059,22,,,0,70,,69040,22,,,0
7001,'20262511',555,,69060,22,,,0,70,,69076,22,,,0,30,,69061,22,,,0,70,,69077,22,,,0,29,,69062,22,,,0,70,,69078,22,,,0,29,,69063,22,,,0,70,,69079,22,,,0,30,,69064,22,,,0,69,,69080,22,,,0,30,,69065,22,,,0,69,,69081,22,,,0,29,,69066,22,,,0,70,,69082,22,,,0,30,,69067,22,,,0,70,,69083,22,,,0,30,,69084,22,,,0,70,,69085,22,,,0,30,,69086,22,,,0,70,,69087,22,,,0,28,,69068,22,,,0,70,,69088,22,,,0,32,,69069,22,,,0,72,,69089,22,,,0,34,,69070,22,,,0,70,,69090,22,,,0,30,,69091,22,,,0,70,,69071,22,,,0,30,,69092,22,,,0,70,,69072,22,,,0,31,,69075,22,,,0,70,,69073,22,,,0,30,,69093,22,,,0,70,,69074,22,,,0
7001,'20262610',555,,69094,22,,,0,70,,69111,22,,,0,30,,69095,22,,,0,70,,69112,22,,,0,29,,69096,22,,,0,70,,69110,22,,,0,29,,69097,22,,,0,70,,69113,22,,,0,30,,69098,22,,,0,69,,69114,22,,,0,30,,69099,22,,,0,69,,69115,22,,,0,29,,69100,22,,,0,70,,69116,22,,,0,30,,69101,22,,,0,70,,69117,22,,,0,30,,69118,22,,,0,70,,69119,22,,,0,30,,69120,22,,,0,70,,69121,22,,,0,28,,69102,22,,,0,70,,69122,22,,,0,32,,69103,22,,,0,72,,69123,22,,,0,34,,69104,22,,,0,70,,69124,22,,,0,30,,69125,22,,,0,70,,69105,22,,,0,30,,69126,22,,,0,70,,69106,22,,,0,31,,69109,22,,,0,70,,69107,22,,,0,30,,69127,22,,,0,70,,69108,22,,,0
7001,'20262611',555,,69128,22,,,0,70,,69145,22,,,0,30,,69129,22,,,0,70,,69146,22,,,0,29,,69130,22,,,0,70,,69144,22,,,0,29,,69131,22,,,0,70,,69147,22,,,0,30,,69132,22,,,0,69,,69148,22,,,0,30,,69133,22,,,0,69,,69149,22,,,0,29,,69134,22,,,0,70,,69150,22,,,0,30,,69135,22,,,0,70,,69151,22,,,0,30,,69152,22,,,0,70,,69153,22,,,0,30,,69154,22,,,0,70,,69155,22,,,0,28,,69136,22,,,0,70,,69156,22,,,0,32,,69137,22,,,0,72,,69157,22,,,0,34,,69138,22,,,0,70,,69158,22,,,0,30,,69159,22,,,0,70,,69139,22,,,0,30,,69160,22,,,0,70,,69140,22,,,0,31,,69143,22,,,0,70,,69141,22,,,0,30,,69161,22,,,0,70,,69142,22,,,0
27001,'20262010',608,,72980,22,,,0,13,,72981,22,,,0,12,,72982,22,,,0,16,,72983,22,,,0,10,,72984,22,,,0,65,,72985,22,,,0,11,,72986,22,,,0,17,,72987,22,,,0,56,,72988,22,,,0
27001,'20262011',608,,72989,22,,,0,13,,72990,22,,,0,12,,72991,22,,,0,16,,72992,22,,,0,10,,72993,22,,,0,65,,72994,22,,,0,11,,72995,22,,,0,17,,72996,22,,,0,56,,72997,22,,,0
57001,'20262010',633,,73900,22,,,0,68,,73901,22,,,0,27,,73902,22,,,0
57001,'20262011',633,,73903,22,,,0,68,,73904,22,,,0,27,,73905,22,,,0
