5200,'20262010',632,,83328,7,,,0,70,,83329,7,,,0,33,,83330,7,,,0,74,,83331,7,,,0,28,,83332,7,,,0,67,,83350,7,,,0,29,,83333,7,,,0,100,,83334,7,,,0,100,,83335,7,,,0,100,,83336,7,,,0,100,,83337,7,,,0,100,,83338,7,,,0,70,,83351,7,,,0,31,,83339,7,,,0,66,,83349,7,,,0,36,,83340,7,,,0,73,,83341,7,,,0,26,,83342,7,,,0,98,,83343,7,,,0,98,,83344,7,,,0,99,,83345,7,,,0,100,,83346,7,,,0,100,,83347,7,,,0,100,,83348,7,,,0
5200,'20262510',729,,83352,7,,,0,100,,83353,7,,,0,100,,83354,7,,,0,100,,83355,7,,,0,101,,83356,7,,,0,101,,83357,7,,,0,105,,83358,7,,,0,95,,83359,7,,,0,96,,83360,7,,,0,104,,83361,7,,,0,100,,83362,7,,,0,99,,83366,7,,,0,99,,83363,7,,,0,100,,83367,7,,,0,100,,83364,7,,,0,100,,83368,7,,,0,100,,83365,7,,,0
5200,'20262610',729,,83380,7,,,0,100,,83381,7,,,0,100,,83379,7,,,0,100,,83369,7,,,0,101,,83370,7,,,0,101,,83371,7,,,0,105,,83372,7,,,0,95,,83373,7,,,0,96,,83374,7,,,0,104,,83375,7,,,0,100,,83382,7,,,0,99,,83376,7,,,0,99,,83383,7,,,0,100,,83377,7,,,0,100,,83384,7,,,0,100,,83378,7,,,0,100,,83385,7,,,0
5200,'20263010',634,,94201,7,,,0,70,,94202,7,,,0,31,,94203,7,,,0,76,,94204,7,,,0,29,,94205,7,,,0,66,,94223,7,,,0,29,,94206,7,,,0,99,,94207,7,,,0,100,,94208,7,,,0,101,,94209,7,,,0,100,,94210,7,,,0,101,,94211,7,,,0,70,,94224,7,,,0,30,,94212,7,,,0,71,,94222,7,,,0,30,,94213,7,,,0,73,,94214,7,,,0,28,,94215,7,,,0,97,,94216,7,,,0,99,,94217,7,,,0,99,,94218,7,,,0,100,,94219,7,,,0,100,,94220,7,,,0,100,,94221,7,,,0
5200,'20263510',732,,94225,7,,,0,101,,94226,7,,,0,100,,94227,7,,,0,100,,94228,7,,,0,100,,94229,7,,,0,100,,94230,7,,,0,105,,94231,7,,,0,95,,94232,7,,,0,105,,94233,7,,,0,95,,94234,7,,,0,100,,94235,7,,,0,100,,94239,7,,,0,100,,94236,7,,,0,99,,94240,7,,,0,100,,94237,7,,,0,100,,94241,7,,,0,100,,94238,7,,,0
5200,'20263511',732,,94242,7,,,0,101,,94243,7,,,0,100,,94244,7,,,0,100,,94245,7,,,0,100,,94246,7,,,0,100,,94247,7,,,0,105,,94248,7,,,0,95,,94249,7,,,0,105,,94250,7,,,0,95,,94251,7,,,0,100,,94252,7,,,0,100,,94256,7,,,0,100,,94253,7,,,0,99,,94257,7,,,0,100,,94254,7,,,0,100,,94258,7,,,0,100,,94255,7,,,0
5200,'20263610',732,,94274,7,,,0,101,,94273,7,,,0,100,,94272,7,,,0,100,,94275,7,,,0,100,,94267,7,,,0,100,,94266,7,,,0,105,,94268,7,,,0,95,,94262,7,,,0,105,,94263,7,,,0,95,,94261,7,,,0,100,,94264,7,,,0,100,,94270,7,,,0,100,,94269,7,,,0,99,,94260,7,,,0,100,,94259,7,,,0,100,,94271,7,,,0,100,,94265,7,,,0
5200,'20263611',732,,94291,7,,,0,101,,94290,7,,,0,100,,94289,7,,,0,100,,94292,7,,,0,100,,94284,7,,,0,100,,94283,7,,,0,105,,94285,7,,,0,95,,94279,7,,,0,105,,94280,7,,,0,95,,94278,7,,,0,100,,94281,7,,,0,100,,94287,7,,,0,100,,94286,7,,,0,99,,94277,7,,,0,100,,94276,7,,,0,100,,94288,7,,,0,100,,94282,7,,,0
35001,'20263010',639,,99819,39,,,0,17,,99820,39,,,0,72,,99823,39,,,0,74,,99824,39,,,0,115,,99821,39,,,0,200,,99822,39,,,0
55001,'20262010',636,,86790,39,,,0,21,,86789,39,,,0,73,,86791,39,,,0,90,,86792,39,,,0
55001,'20263010',626,,100023,39,,,0,28,,100022,39,,,0,65,,100024,39,,,0,113,,100025,39,,,0
65001,'20262010',658,,86856,2,,,0,64,,86857,2,,,0,30,,86858,2,,,0
65001,'20263010',646,,100111,2,,,0,70,,100112,2,,,0,29,,100113,2,,,0
1000300,'20263010',820,,106134,21,,,0
