5303,'20262010',557,,83513,29,,,0,101,,83500,29,,,0,65,,83511,29,,,0,35,,83512,29,,,0,69,,83501,29,,,0,73,,83515,29,,,0,39,,83514,29,,,0,77,,83502,29,,,0,41,,83517,29,,,0,100,,83503,29,,,0,100,,83504,29,,,0,101,,83518,29,,,0,100,,83505,29,,,0,142,,83516,29,,,0,26,,83521,29,,,0,75,,83519,29,,,0,58,,83506,29,,,0,99,,83507,29,,,0,101,,83508,29,,,0,141,,83520,29,,,0,100,,83509,29,,,0,101,,83510,29,,,0
5303,'20262510',649,,83522,29,,,0,105,,83534,29,,,0,101,,83523,29,,,0,101,,83524,29,,,0,100,,83525,29,,,0,100,,83535,29,,,0,99,,83526,29,,,0,101,,83536,29,,,0,99,,83527,29,,,0,147,,83528,29,,,0,56,,83529,29,,,0,97,,83537,29,,,0,100,,83530,29,,,0,100,,83531,29,,,0,98,,83538,29,,,0,100,,83532,29,,,0,98,,83533,29,,,0
5303,'20262610',649,,83539,29,,,0,105,,83551,29,,,0,101,,83540,29,,,0,101,,83541,29,,,0,100,,83542,29,,,0,100,,83552,29,,,0,99,,83543,29,,,0,101,,83553,29,,,0,99,,83544,29,,,0,147,,83545,29,,,0,56,,83546,29,,,0,97,,83554,29,,,0,100,,83547,29,,,0,100,,83548,29,,,0,98,,83555,29,,,0,100,,83549,29,,,0,98,,83550,29,,,0
5303,'20263010',551,,94488,29,,,0,101,,94475,29,,,0,67,,94486,29,,,0,34,,94487,29,,,0,69,,94476,29,,,0,31,,94490,29,,,0,74,,94489,29,,,0,79,,94477,29,,,0,46,,94492,29,,,0,100,,94478,29,,,0,100,,94479,29,,,0,101,,94493,29,,,0,100,,94480,29,,,0,100,,94491,29,,,0,65,,94496,29,,,0,38,,94494,29,,,0,99,,94481,29,,,0,97,,94482,29,,,0,99,,94483,29,,,0,98,,94495,29,,,0,104,,94484,29,,,0,103,,94485,29,,,0
5303,'20263510',649,,94497,29,,,0,104,,94509,29,,,0,100,,94498,29,,,0,102,,94499,29,,,0,101,,94500,29,,,0,100,,94510,29,,,0,99,,94501,29,,,0,101,,94511,29,,,0,99,,94502,29,,,0,151,,94503,29,,,0,97,,94504,29,,,0,97,,94512,29,,,0,55,,94505,29,,,0,100,,94506,29,,,0,99,,94513,29,,,0,100,,94507,29,,,0,98,,94508,29,,,0
5303,'20263511',649,,94514,29,,,0,104,,94526,29,,,0,100,,94515,29,,,0,102,,94516,29,,,0,101,,94517,29,,,0,100,,94527,29,,,0,99,,94518,29,,,0,101,,94528,29,,,0,99,,94519,29,,,0,151,,94520,29,,,0,97,,94521,29,,,0,97,,94529,29,,,0,55,,94522,29,,,0,100,,94523,29,,,0,99,,94530,29,,,0,100,,94524,29,,,0,98,,94525,29,,,0
5303,'20263610',649,,94537,29,,,0,104,,94534,29,,,0,100,,94540,29,,,0,102,,94533,29,,,0,101,,94538,29,,,0,100,,94547,29,,,0,99,,94539,29,,,0,101,,94544,29,,,0,99,,94531,29,,,0,151,,94536,29,,,0,97,,94532,29,,,0,97,,94545,29,,,0,55,,94541,29,,,0,100,,94542,29,,,0,99,,94546,29,,,0,100,,94535,29,,,0,98,,94543,29,,,0
5303,'20263611',649,,94554,29,,,0,104,,94551,29,,,0,100,,94557,29,,,0,102,,94550,29,,,0,101,,94555,29,,,0,100,,94564,29,,,0,99,,94556,29,,,0,101,,94561,29,,,0,99,,94548,29,,,0,151,,94553,29,,,0,97,,94549,29,,,0,97,,94562,29,,,0,55,,94558,29,,,0,100,,94559,29,,,0,99,,94563,29,,,0,100,,94552,29,,,0,98,,94560,29,,,0
25301,'20262010',704,,86515,29,,,0,29,,86516,29,,,0,70,,86517,29,,,0,31,,86518,29,,,0
25301,'20263010',651,,99583,29,,,0,65,,99584,29,,,0,32,,99585,29,,,0,76,,99586,29,,,0
