1202,'20262010',635,,82051,8,,,0,70,,82033,8,,,0,31,,82034,8,,,0,73,,82035,8,,,0,30,,82036,8,,,0,100,,82037,8,,,0,98,,82038,8,,,0,100,,82039,8,,,0,100,,82040,8,,,0,99,,82041,8,,,0,99,,82042,8,,,0,100,,82043,8,,,0,104,,82044,8,,,0,106,,82045,8,,,0,94,,82046,8,,,0,98,,82047,8,,,0,100,,82048,8,,,0,100,,82049,8,,,0,99,,82050,8,,,0
1202,'20262510',814,,82052,8,,,0,101,,82053,8,,,0,102,,82054,8,,,0,100,,82061,8,,,0,102,,82062,8,,,0,102,,82063,8,,,0,100,,82064,8,,,0,100,,82065,8,,,0,100,,82066,8,,,0,99,,82067,8,,,0,98,,82055,8,,,0,98,,82056,8,,,0,99,,82057,8,,,0,99,,82058,8,,,0,100,,82059,8,,,0,100,,82060,8,,,0
1202,'20262610',814,,82068,8,,,0,101,,82069,8,,,0,102,,82070,8,,,0,100,,82071,8,,,0,102,,82072,8,,,0,102,,82073,8,,,0,100,,82074,8,,,0,100,,82075,8,,,0,100,,82076,8,,,0,99,,82077,8,,,0,98,,82078,8,,,0,98,,82079,8,,,0,99,,82080,8,,,0,99,,82081,8,,,0,100,,82082,8,,,0,100,,82083,8,,,0
1202,'20263010',630,,92137,8,,,0,75,,92119,8,,,0,31,,92120,8,,,0,73,,92121,8,,,0,32,,92122,8,,,0,96,,92123,8,,,0,99,,92124,8,,,0,100,,92125,8,,,0,99,,92126,8,,,0,100,,92127,8,,,0,99,,92128,8,,,0,99,,92129,8,,,0,106,,92130,8,,,0,106,,92131,8,,,0,94,,92132,8,,,0,97,,92133,8,,,0,100,,92134,8,,,0,100,,92135,8,,,0,99,,92136,8,,,0
1202,'20263510',814,,92138,8,,,0,101,,92139,8,,,0,102,,92140,8,,,0,95,,92147,8,,,0,107,,92148,8,,,0,102,,92149,8,,,0,95,,92150,8,,,0,106,,92151,8,,,0,99,,92152,8,,,0,99,,92153,8,,,0,98,,92141,8,,,0,98,,92142,8,,,0,99,,92143,8,,,0,99,,92144,8,,,0,100,,92145,8,,,0,100,,92146,8,,,0
1202,'20263511',814,,92154,8,,,0,101,,92155,8,,,0,102,,92156,8,,,0,95,,92163,8,,,0,107,,92164,8,,,0,102,,92165,8,,,0,95,,92166,8,,,0,106,,92167,8,,,0,99,,92168,8,,,0,99,,92169,8,,,0,98,,92157,8,,,0,98,,92158,8,,,0,99,,92159,8,,,0,99,,92160,8,,,0,100,,92161,8,,,0,100,,92162,8,,,0
1202,'20263610',814,,92170,8,,,0,101,,92171,8,,,0,102,,92172,8,,,0,95,,92173,8,,,0,107,,92174,8,,,0,102,,92175,8,,,0,95,,92176,8,,,0,106,,92177,8,,,0,99,,92178,8,,,0,99,,92179,8,,,0,98,,92180,8,,,0,98,,92181,8,,,0,99,,92182,8,,,0,99,,92183,8,,,0,100,,92184,8,,,0,100,,92185,8,,,0
1202,'20263611',814,,92186,8,,,0,101,,92187,8,,,0,102,,92188,8,,,0,95,,92189,8,,,0,107,,92190,8,,,0,102,,92191,8,,,0,95,,92192,8,,,0,106,,92193,8,,,0,99,,92194,8,,,0,99,,92195,8,,,0,98,,92196,8,,,0,98,,92197,8,,,0,99,,92198,8,,,0,99,,92199,8,,,0,100,,92200,8,,,0,100,,92201,8,,,0
1303,'20262010',716,,82188,47,,,0,102,,82189,47,,,0,32,,82190,47,,,0,98,,82191,47,,,0,100,,82192,47,,,0,101,,82193,47,,,0,100,,82194,47,,,0,100,,82195,47,,,0,99,,82196,47,,,0,102,,82197,47,,,0,72,,82206,47,,,0,32,,82198,47,,,0,69,,82207,47,,,0,78,,82199,47,,,0,25,,82208,47,,,0,29,,82200,47,,,0,91,,82201,47,,,0,99,,82202,47,,,0,99,,82203,47,,,0,101,,82204,47,,,0,97,,82205,47,,,0
1303,'20262510',821,,82210,47,,,0,102,,82211,47,,,0,102,,82212,47,,,0,102,,82213,47,,,0,102,,82214,47,,,0,102,,82215,47,,,0,102,,82216,47,,,0,102,,82217,47,,,0,100,,82218,47,,,0,100,,82219,47,,,0,97,,82220,47,,,0,97,,82221,47,,,0,98,,82222,47,,,0,98,,82223,47,,,0,98,,82224,47,,,0,98,,82209,47,,,0
1303,'20262610',821,,82225,47,,,0,102,,82226,47,,,0,102,,82227,47,,,0,102,,82228,47,,,0,102,,82229,47,,,0,102,,82230,47,,,0,102,,82231,47,,,0,102,,82232,47,,,0,100,,82233,47,,,0,100,,82234,47,,,0,97,,82235,47,,,0,97,,82236,47,,,0,98,,82237,47,,,0,98,,82238,47,,,0,98,,82239,47,,,0,98,,82240,47,,,0
1303,'20263010',712,,92371,47,,,0,107,,92372,47,,,0,28,,92393,45,,,0,2,,92373,47,,,0,95,,92374,47,,,0,100,,92375,47,,,0,100,,92376,47,,,0,102,,92377,47,,,0,98,,92378,47,,,0,101,,92379,47,,,0,101,,92380,47,,,0,73,,92389,47,,,0,31,,92381,47,,,0,70,,92390,47,,,0,35,,92382,47,,,0,64,,92391,47,,,0,30,,92383,47,,,0,65,,92392,47,,,0,27,,92384,47,,,0,99,,92385,47,,,0,100,,92386,47,,,0,102,,92387,47,,,0,97,,92388,47,,,0
1303,'20263510',822,,92395,47,,,0,102,,92396,47,,,0,102,,92397,47,,,0,102,,92398,47,,,0,102,,92399,47,,,0,102,,92400,47,,,0,102,,92401,47,,,0,105,,92402,47,,,0,97,,92403,47,,,0,100,,92404,47,,,0,97,,92405,47,,,0,97,,92406,47,,,0,98,,92407,47,,,0,98,,92408,47,,,0,98,,92409,47,,,0,98,,92394,47,,,0
1303,'20263511',822,,92411,47,,,0,102,,92412,47,,,0,102,,92413,47,,,0,102,,92414,47,,,0,102,,92415,47,,,0,102,,92416,47,,,0,102,,92417,47,,,0,105,,92418,47,,,0,97,,92419,47,,,0,100,,92420,47,,,0,97,,92421,47,,,0,97,,92422,47,,,0,98,,92423,47,,,0,98,,92424,47,,,0,98,,92425,47,,,0,98,,92410,47,,,0
1303,'20263610',822,,92426,47,,,0,102,,92427,47,,,0,102,,92428,47,,,0,102,,92429,47,,,0,102,,92430,47,,,0,102,,92431,47,,,0,102,,92432,47,,,0,105,,92433,47,,,0,97,,92434,47,,,0,100,,92435,47,,,0,97,,92436,47,,,0,97,,92437,47,,,0,98,,92438,47,,,0,98,,92439,47,,,0,98,,92440,47,,,0,98,,92441,47,,,0
1303,'20263611',822,,92442,47,,,0,102,,92443,47,,,0,102,,92444,47,,,0,102,,92445,47,,,0,102,,92446,47,,,0,102,,92447,47,,,0,102,,92448,47,,,0,105,,92449,47,,,0,97,,92450,47,,,0,100,,92451,47,,,0,97,,92452,47,,,0,97,,92453,47,,,0,98,,92454,47,,,0,98,,92455,47,,,0,98,,92456,47,,,0,98,,92457,47,,,0
92503,'20262010',2604,,90467,68,4,,0,130,,90468,68,4,,0
92503,'20262510',2604,,90470,68,4,,0,130,,90469,68,4,,0
92503,'20263010',2604,,106080,68,4,,0,130,,106081,68,4,,0
92503,'20263510',2604,,106083,68,4,,0,130,,106082,68,4,,0
92503,'20263511',2604,,106085,68,4,,0,130,,106084,68,4,,0
