8000,'20262010',634,,85154,21,,,0,68,,85155,21,,,0,27,,85156,21,,,0,30,,85157,21,,,0,72,,85158,21,,,0,72,,85159,21,,,0,31,,85160,21,,,0,69,,85161,21,,,0,30,,85162,21,,,0,70,,85163,21,,,0,28,,85164,21,,,0,70,,85165,21,,,0,30,,85166,21,,,0,70,,85167,21,,,0,30,,85168,21,,,0,70,,85169,21,,,0,29,,85170,21,,,0,70,,85171,21,,,0,29,,85172,21,,,0,24,,85173,21,,,0,70,,85174,21,,,0,34,,85175,21,,,0,74,,85176,21,,,0,70,,85177,21,,,0,32,,85178,21,,,0,71,,85185,21,,,0,30,,85179,21,,,0,70,,85186,21,,,0,30,,85180,21,,,0,70,,85187,21,,,0,30,,85181,21,,,0,70,,85188,21,,,0,31,,85182,21,,,0,70,,85189,21,,,0,31,,85183,21,,,0,70,,85190,21,,,0,30,,85184,21,,,0
8000,'20262510',635,,85191,21,,,0,70,,85209,21,,,0,30,,85192,21,,,0,70,,85210,21,,,0,30,,85193,21,,,0,70,,85211,21,,,0,29,,85194,21,,,0,69,,85212,21,,,0,30,,85195,21,,,0,70,,85213,21,,,0,30,,85196,21,,,0,70,,85214,21,,,0,30,,85197,21,,,0,70,,85215,21,,,0,30,,85198,21,,,0,70,,85216,21,,,0,30,,85199,21,,,0,70,,85217,21,,,0,30,,85200,21,,,0,70,,85218,21,,,0,30,,85201,21,,,0,70,,85219,21,,,0,31,,85202,21,,,0,71,,85220,21,,,0,30,,85203,21,,,0,70,,85221,21,,,0,30,,85204,21,,,0,70,,85222,21,,,0,30,,85205,21,,,0,70,,85223,21,,,0,30,,85206,21,,,0,70,,85224,21,,,0,31,,85207,21,,,0,70,,85225,21,,,0,30,,85208,21,,,0,71,,85227,21,,,0,30,,85226,21,,,0
8000,'20262610',635,,85228,21,,,0,70,,85246,21,,,0,30,,85229,21,,,0,70,,85247,21,,,0,30,,85230,21,,,0,70,,85248,21,,,0,29,,85231,21,,,0,69,,85249,21,,,0,30,,85232,21,,,0,70,,85250,21,,,0,30,,85233,21,,,0,70,,85251,21,,,0,30,,85234,21,,,0,70,,85252,21,,,0,30,,85235,21,,,0,70,,85254,21,,,0,30,,85236,21,,,0,70,,85255,21,,,0,30,,85237,21,,,0,70,,85256,21,,,0,30,,85238,21,,,0,70,,85253,21,,,0,31,,85239,21,,,0,71,,85257,21,,,0,30,,85240,21,,,0,70,,85258,21,,,0,30,,85241,21,,,0,70,,85259,21,,,0,30,,85242,21,,,0,70,,85260,21,,,0,30,,85243,21,,,0,70,,85261,21,,,0,31,,85244,21,,,0,70,,85262,21,,,0,30,,85245,21,,,0,71,,85263,21,,,0,30,,85264,21,,,0
8000,'20263010',634,,97345,22,,,0,68,,97346,22,,,0,26,,97347,22,,,0,30,,97348,22,,,0,71,,97349,22,,,0,73,,97350,22,,,0,31,,97351,22,,,0,69,,97352,22,,,0,30,,97353,22,,,0,70,,97354,22,,,0,28,,97355,22,,,0,29,,97356,22,,,0,70,,97357,22,,,0,30,,97358,22,,,0,70,,97359,22,,,0,30,,97360,22,,,0,69,,97361,22,,,0,30,,97362,22,,,0,69,,97363,22,,,0,25,,97364,22,,,0,70,,97365,22,,,0,32,,97366,22,,,0,73,,97367,22,,,0,74,,97368,22,,,0,30,,97369,22,,,0,72,,97376,22,,,0,30,,97370,22,,,0,70,,97377,22,,,0,30,,97371,22,,,0,70,,97378,22,,,0,32,,97372,22,,,0,70,,97379,22,,,0,30,,97373,22,,,0,70,,97380,22,,,0,31,,97374,22,,,0,70,,97381,22,,,0,30,,97375,22,,,0
8000,'20263510',634,,97383,22,,,0,70,,97401,22,,,0,30,,97384,22,,,0,70,,97402,22,,,0,30,,97385,22,,,0,69,,97403,22,,,0,30,,97386,22,,,0,70,,97404,22,,,0,30,,97387,22,,,0,70,,97405,22,,,0,29,,97388,22,,,0,70,,97406,22,,,0,30,,97389,22,,,0,70,,97407,22,,,0,30,,97390,22,,,0,70,,97408,22,,,0,30,,97391,22,,,0,70,,97409,22,,,0,30,,97392,22,,,0,70,,97410,22,,,0,30,,97393,22,,,0,70,,97411,22,,,0,30,,97394,22,,,0,71,,97412,22,,,0,30,,97395,22,,,0,71,,97413,22,,,0,30,,97396,22,,,0,70,,97414,22,,,0,30,,97397,22,,,0,70,,97415,22,,,0,30,,97398,22,,,0,71,,97416,22,,,0,30,,97399,22,,,0,70,,97417,22,,,0,30,,97400,22,,,0,71,,97419,22,,,0,30,,97418,22,,,0
8000,'20263511',634,,97420,22,,,0,70,,97438,22,,,0,30,,97421,22,,,0,70,,97439,22,,,0,30,,97422,22,,,0,69,,97440,22,,,0,30,,97423,22,,,0,70,,97441,22,,,0,30,,97424,22,,,0,70,,97442,22,,,0,29,,97425,22,,,0,70,,97443,22,,,0,30,,97426,22,,,0,70,,97444,22,,,0,30,,97427,22,,,0,70,,97445,22,,,0,30,,97428,22,,,0,70,,97446,22,,,0,30,,97429,22,,,0,70,,97447,22,,,0,30,,97430,22,,,0,70,,97448,22,,,0,30,,97431,22,,,0,71,,97449,22,,,0,30,,97432,22,,,0,71,,97450,22,,,0,30,,97433,22,,,0,70,,97451,22,,,0,30,,97434,22,,,0,70,,97452,22,,,0,30,,97435,22,,,0,71,,97453,22,,,0,30,,97436,22,,,0,70,,97454,22,,,0,30,,97437,22,,,0,71,,97456,22,,,0,30,,97455,22,,,0
8000,'20263610',634,,97457,22,,,0,70,,97475,22,,,0,30,,97458,22,,,0,70,,97476,22,,,0,30,,97459,22,,,0,69,,97477,22,,,0,30,,97460,22,,,0,70,,97478,22,,,0,30,,97461,22,,,0,70,,97479,22,,,0,29,,97462,22,,,0,70,,97480,22,,,0,30,,97463,22,,,0,70,,97481,22,,,0,30,,97464,22,,,0,70,,97483,22,,,0,30,,97465,22,,,0,70,,97484,22,,,0,30,,97466,22,,,0,70,,97485,22,,,0,30,,97467,22,,,0,70,,97482,22,,,0,30,,97468,22,,,0,71,,97486,22,,,0,30,,97469,22,,,0,71,,97487,22,,,0,30,,97470,22,,,0,70,,97488,22,,,0,30,,97471,22,,,0,70,,97489,22,,,0,30,,97472,22,,,0,71,,97490,22,,,0,30,,97473,22,,,0,70,,97491,22,,,0,30,,97474,22,,,0,71,,97492,22,,,0,30,,97493,22,,,0
8000,'20263611',634,,97494,22,,,0,70,,97512,22,,,0,30,,97495,22,,,0,70,,97513,22,,,0,30,,97496,22,,,0,69,,97514,22,,,0,30,,97497,22,,,0,70,,97515,22,,,0,30,,97498,22,,,0,70,,97516,22,,,0,29,,97499,22,,,0,70,,97517,22,,,0,30,,97500,22,,,0,70,,97518,22,,,0,30,,97501,22,,,0,70,,97520,22,,,0,30,,97502,22,,,0,70,,97521,22,,,0,30,,97503,22,,,0,70,,97522,22,,,0,30,,97504,22,,,0,70,,97519,22,,,0,30,,97505,22,,,0,71,,97523,22,,,0,30,,97506,22,,,0,71,,97524,22,,,0,30,,97507,22,,,0,70,,97525,22,,,0,30,,97508,22,,,0,70,,97526,22,,,0,30,,97509,22,,,0,71,,97527,22,,,0,30,,97510,22,,,0,70,,97528,22,,,0,30,,97511,22,,,0,71,,97529,22,,,0,30,,97530,22,,,0
38000,'20263010',1218,,99871,8,4,,0,405,,99868,8,4,,0,109,,99869,8,4,,0,107,,99870,8,4,,0
58000,'20262010',1600,,86824,6,4,,0,41,,86823,6,4,,0,99,,86825,6,4,,0
58000,'20263010',1556,,100066,6,4,,0,81,,100065,6,4,,0,22,,100064,6,4,,0,78,,100067,6,4,,0
98000,'20262010',2545,,90489,23,,,0
98000,'20262510',2545,,90490,23,,,0
98000,'20263010',2545,,106113,23,,,0
98000,'20263510',2545,,106114,23,,,0
98000,'20263511',2545,,106115,23,,,0
