8100,'20262010',630,,85373,15,,,0,70,,85374,15,,,0,31,,85375,15,,,0,71,,85376,15,,,0,29,,85377,15,,,0,69,,85378,15,,,0,100,,85379,15,,,0,100,,85380,15,,,0,101,,85381,15,,,0,100,,85382,15,,,0,100,,85383,15,,,0,100,,85384,15,,,0,30,,85385,15,,,0,71,,85386,15,,,0,32,,85387,15,,,0,69,,85388,15,,,0,28,,85389,15,,,0,69,,85390,15,,,0,100,,85391,15,,,0,100,,85392,15,,,0,100,,85393,15,,,0,100,,85394,15,,,0,100,,85395,15,,,0
8100,'20262510',759,,85396,15,,,0,100,,85397,15,,,0,100,,85398,15,,,0,100,,85399,15,,,0,100,,85400,15,,,0,100,,85401,15,,,0,100,,85402,15,,,0,100,,85403,15,,,0,100,,85404,15,,,0,100,,85405,15,,,0,100,,85406,15,,,0,100,,85407,15,,,0,100,,85408,15,,,0,100,,85409,15,,,0,100,,85410,15,,,0,100,,85411,15,,,0
8100,'20262610',759,,85412,15,,,0,100,,85413,15,,,0,100,,85414,15,,,0,100,,85415,15,,,0,100,,85416,15,,,0,100,,85417,15,,,0,100,,85418,15,,,0,100,,85419,15,,,0,100,,85420,15,,,0,100,,85421,15,,,0,100,,85422,15,,,0,100,,85423,15,,,0,100,,85424,15,,,0,100,,85425,15,,,0,100,,85426,15,,,0,100,,85427,15,,,0
8100,'20263010',630,,97712,15,,,0,70,,97713,15,,,0,31,,97714,15,,,0,71,,97715,15,,,0,29,,97716,15,,,0,69,,97717,15,,,0,100,,97718,15,,,0,100,,97719,15,,,0,101,,97720,15,,,0,100,,97721,15,,,0,100,,97722,15,,,0,100,,97723,15,,,0,30,,97724,15,,,0,71,,97725,15,,,0,32,,97726,15,,,0,69,,97727,15,,,0,28,,97728,15,,,0,69,,97729,15,,,0,100,,97730,15,,,0,100,,97731,15,,,0,100,,97732,15,,,0,100,,97733,15,,,0,100,,97734,15,,,0
8100,'20263510',759,,97735,15,,,0,100,,97736,15,,,0,100,,97737,15,,,0,100,,97738,15,,,0,100,,97739,15,,,0,100,,97740,15,,,0,100,,97741,15,,,0,100,,97742,15,,,0,100,,97743,15,,,0,100,,97744,15,,,0,100,,97745,15,,,0,100,,97746,15,,,0,100,,97747,15,,,0,100,,97748,15,,,0,100,,97749,15,,,0,100,,97750,15,,,0
8100,'20263511',759,,97751,15,,,0,100,,97752,15,,,0,100,,97753,15,,,0,100,,97754,15,,,0,100,,97755,15,,,0,100,,97756,15,,,0,100,,97757,15,,,0,100,,97758,15,,,0,100,,97759,15,,,0,100,,97760,15,,,0,100,,97761,15,,,0,100,,97762,15,,,0,100,,97763,15,,,0,100,,97764,15,,,0,100,,97765,15,,,0,100,,97766,15,,,0
8100,'20263610',759,,97767,15,,,0,100,,97768,15,,,0,100,,97769,15,,,0,100,,97770,15,,,0,100,,97771,15,,,0,100,,97772,15,,,0,100,,97773,15,,,0,100,,97774,15,,,0,100,,97775,15,,,0,100,,97776,15,,,0,100,,97777,15,,,0,100,,97778,15,,,0,100,,97779,15,,,0,100,,97780,15,,,0,100,,97781,15,,,0,100,,97782,15,,,0
8100,'20263611',759,,97783,15,,,0,100,,97784,15,,,0,100,,97785,15,,,0,100,,97786,15,,,0,100,,97787,15,,,0,100,,97788,15,,,0,100,,97789,15,,,0,100,,97790,15,,,0,100,,97791,15,,,0,100,,97792,15,,,0,100,,97793,15,,,0,100,,97794,15,,,0,100,,97795,15,,,0,100,,97796,15,,,0,100,,97797,15,,,0,100,,97798,15,,,0
28100,'20262010',1627,,86616,10,4,,0,30,,86615,10,4,,0,67,,86614,10,4,,0,29,,86618,10,4,,0,64,,86617,10,4,,0
28100,'20263010',1632,,99689,10,4,,0,69,,99688,10,4,,0,27,,99687,10,4,,0,27,,99691,10,4,,0,64,,99690,10,4,,0
38100,'20263010',1612,,99879,15,4,,0,31,,99876,15,4,,0,90,,99877,15,4,,0,114,,99878,15,4,,0
58100,'20262010',1650,,86829,13,4,,0,97,,86830,13,4,,0
58100,'20263010',1647,,100071,13,4,,0,71,,100072,13,4,,0,30,,100073,13,4,,0
