9102,'20262011',534,,71625,47,,,0,101,,71626,47,,,0,68,,71627,47,,,0,32,,71628,47,,,0,71,,71629,47,,,0,29,,71630,47,,,0,71,,71631,46,,,0,100,,71632,46,,,0,99,,71633,46,,,0,100,,71634,46,,,0,101,,71635,46,,,0,99,,71636,46,,,0,100,,71637,46,,,0,101,,71638,47,,,0,105,,71639,47,,,0,97,,71640,47,,,0,99,,71641,46,,,0,98,,71642,46,,,0,100,,71643,46,,,0,100,,71644,46,,,0,100,,71645,47,,,0
9102,'20262511',605,,71664,47,,,0,100,,71665,47,,,0,100,,71666,47,,,0,100,,71667,46,,,0,100,,71668,46,,,0,101,,71669,46,,,0,100,,71670,46,,,0,100,,71671,46,,,0,100,,71672,46,,,0,100,,71673,46,,,0,98,,71674,46,,,0,99,,71675,46,,,0,104,,71676,46,,,0,99,,71677,47,,,0,100,,71678,47,,,0,99,,71679,47,,,0,100,,71680,47,,,0,100,,71681,47,,,0
9102,'20262611',605,,71700,47,,,0,100,,71701,47,,,0,100,,71702,47,,,0,100,,71703,46,,,0,100,,71704,46,,,0,101,,71705,46,,,0,100,,71706,46,,,0,100,,71707,46,,,0,100,,71708,46,,,0,100,,71709,46,,,0,98,,71710,46,,,0,99,,71711,46,,,0,104,,71712,46,,,0,99,,71713,47,,,0,100,,71714,47,,,0,99,,71715,47,,,0,100,,71716,47,,,0,100,,71717,47,,,0
9202,'20262011',603,,71871,38,,,0,100,,71870,38,,,0,31,,71869,38,,,0,76,,71852,38,,,0,27,,71868,38,,,0,70,,71853,38,,,0,99,,71854,38,,,0,101,,71855,38,,,0,99,,71857,38,,,0,101,,71858,38,,,0,100,,71856,38,,,0,100,,71864,38,,,0,101,,71862,38,,,0,106,,71863,38,,,0,98,,71865,38,,,0,97,,71859,38,,,0,98,,71860,38,,,0,99,,71861,38,,,0,99,,71866,38,,,0,98,,71867,38,,,0
9202,'20262511',619,,71905,38,,,0,100,,71904,38,,,0,101,,71889,38,,,0,101,,71900,38,,,0,101,,71899,38,,,0,102,,71890,38,,,0,100,,71901,38,,,0,100,,71893,38,,,0,100,,71895,38,,,0,100,,71894,38,,,0,101,,71902,38,,,0,101,,71891,38,,,0,99,,71892,38,,,0,96,,71903,38,,,0,99,,71896,38,,,0,100,,71897,38,,,0,99,,71898,38,,,0
9202,'20262611',619,,71939,38,,,0,100,,71938,38,,,0,101,,71923,38,,,0,101,,71933,38,,,0,101,,71932,38,,,0,102,,71924,38,,,0,100,,71934,38,,,0,100,,71927,38,,,0,100,,71929,38,,,0,100,,71928,38,,,0,101,,71935,38,,,0,101,,71925,38,,,0,99,,71926,38,,,0,96,,71936,38,,,0,99,,71930,38,,,0,100,,71931,38,,,0,99,,71937,38,,,0
9402,'20262011',615,,72288,37,,,0,99,,72290,37,,,0,33,,72305,37,,,0,70,,72306,37,,,0,30,,72304,37,,,0,71,,72289,37,,,0,100,,72307,37,,,0,99,,72291,37,,,0,100,,72292,37,,,0,101,,72293,37,,,0,99,,72294,37,,,0,102,,72295,37,,,0,102,,72296,37,,,0,101,,72297,37,,,0,98,,72298,37,,,0,99,,72299,37,,,0,98,,72300,37,,,0,98,,72301,37,,,0,100,,72302,37,,,0,100,,72303,37,,,0
9402,'20262511',608,,72343,37,,,0,100,,72326,37,,,0,100,,72327,37,,,0,100,,72328,37,,,0,101,,72329,37,,,0,100,,72330,37,,,0,101,,72331,37,,,0,100,,72332,37,,,0,100,,72333,37,,,0,100,,72334,37,,,0,101,,72335,37,,,0,100,,72336,37,,,0,99,,72337,37,,,0,99,,72338,37,,,0,99,,72339,37,,,0,100,,72340,37,,,0,100,,72341,37,,,0,100,,72342,37,,,0
9402,'20262611',608,,72379,37,,,0,100,,72362,37,,,0,100,,72363,37,,,0,100,,72364,37,,,0,101,,72365,37,,,0,100,,72366,37,,,0,101,,72367,37,,,0,100,,72368,37,,,0,100,,72369,37,,,0,100,,72370,37,,,0,101,,72371,37,,,0,100,,72372,37,,,0,99,,72373,37,,,0,99,,72374,37,,,0,99,,72375,37,,,0,100,,72376,37,,,0,100,,72377,37,,,0,100,,72378,37,,,0
40003,'20262511',859,,73351,25,,,1,142,,73337,25,,,1,103,,73350,25,,,1,102,,73335,25,,,1,28,,73339,25,,,1,73,,73340,25,,,1,31,,73341,25,,,1,72,,73342,25,,,1,32,,73343,25,,,1,70,,73344,25,,,1,33,,73345,25,,,1,69,,73347,25,,,1,30,,73348,25,,,1,68,,73349,25,,,1,28,,73346,25,,,1,68,,73336,25,,,1,97,,73334,25,,,1,97,,73338,25,,,1
40003,'20262611',859,,73370,25,,,1,142,,73371,25,,,1,103,,73372,25,,,1,102,,73373,25,,,1,28,,73374,25,,,1,73,,73375,25,,,1,31,,73376,25,,,1,72,,73377,25,,,1,32,,73378,25,,,1,70,,73379,25,,,1,33,,73380,25,,,1,69,,73381,25,,,1,30,,73383,25,,,1,68,,73384,25,,,1,28,,73385,25,,,1,68,,73386,25,,,1,97,,73387,25,,,1,97,,73382,25,,,1
