1103,'20262010',626,,81934,61,,,1,32,,81933,48,,,1,70,,81935,61,,,1,15,,81967,61,,,1,15,,81936,61,,,1,56,,81932,48,,,1,14,,81937,61,,,1,31,,81938,61,,,1,67,,81939,61,,,1,31,,81940,61,,,1,70,,81941,61,,,1,30,,81947,61,,,1,70,,81942,61,,,1,30,,81943,61,,,1,70,,81944,61,,,1,30,,81945,61,,,1,71,,81946,61,,,1,30,,81948,61,,,1,70,,81954,61,,,1,30,,81957,61,,,1,69,,81961,61,,,1,15,,81953,48,,,1,6,,81968,61,,,1,62,,81952,61,,,1,15,,81959,61,,,1,15,,81969,61,,,1,14,,81951,61,,,1,56,,81970,61,,,1,14,,81962,61,,,1,31,,81963,61,,,1,69,,81949,61,,,1,29,,81950,61,,,1,70,,81955,61,,,1,30,,81958,61,,,1,70,,81964,61,,,1,100,,81966,61,,,1,100,,81960,61,,,1,100,,81965,61,,,1,100,,81956,61,,,1
1103,'20262510',629,,81996,61,,,1,100,,81995,61,,,1,99,,81971,61,,,1,29,,81972,61,,,1,70,,81973,61,,,1,30,,81974,61,,,1,71,,81975,61,,,1,30,,81976,61,,,1,70,,81977,61,,,1,30,,81978,61,,,1,70,,81979,61,,,1,30,,81980,61,,,1,70,,81981,61,,,1,30,,81982,61,,,1,70,,81983,61,,,1,30,,81984,61,,,1,68,,81985,61,,,1,31,,81986,61,,,1,70,,81987,61,,,1,30,,81988,61,,,1,70,,81989,61,,,1,30,,81990,61,,,1,70,,81991,61,,,1,31,,81992,61,,,1,70,,81997,61,,,1,31,,81993,61,,,1,70,,81998,61,,,1,100,,81999,61,,,1,100,,82000,61,,,1,99,,82001,61,,,1,100,,81994,61,,,1
1103,'20262610',629,,82031,61,,,1,100,,82002,61,,,1,99,,82003,61,,,1,29,,82004,61,,,1,70,,82005,61,,,1,30,,82006,61,,,1,71,,82007,61,,,1,30,,82009,61,,,1,70,,82010,61,,,1,30,,82011,61,,,1,70,,82008,61,,,1,30,,82012,61,,,1,70,,82013,61,,,1,30,,82014,61,,,1,70,,82015,61,,,1,30,,82016,61,,,1,68,,82017,61,,,1,31,,82018,61,,,1,70,,82019,61,,,1,30,,82020,61,,,1,70,,82021,61,,,1,30,,82022,61,,,1,70,,82023,61,,,1,31,,82024,61,,,1,70,,82025,61,,,1,31,,82032,61,,,1,70,,82026,61,,,1,100,,82027,61,,,1,100,,82028,61,,,1,99,,82029,61,,,1,100,,82030,61,,,1
1103,'20263010',627,,91956,48,,,1,31,,91955,48,,,1,70,,91957,48,,,1,20,,91990,48,,,1,58,,91958,48,,,1,18,,91954,48,,,1,12,,91959,48,,,1,65,,91960,48,,,1,26,,91961,48,,,1,28,,91962,48,,,1,70,,91963,48,,,1,30,,91969,48,,,1,70,,91964,48,,,1,31,,91965,48,,,1,71,,91966,48,,,1,30,,91967,48,,,1,70,,91968,48,,,1,29,,91970,48,,,1,71,,91976,48,,,1,32,,91979,48,,,1,72,,91984,48,,,1,7,,91982,48,,,1,7,,91975,48,,,1,13,,91991,48,,,1,47,,91994,48,,,1,10,,91974,48,,,1,16,,91981,48,,,1,15,,91992,48,,,1,56,,91973,48,,,1,14,,91993,48,,,1,13,,91985,48,,,1,27,,91986,48,,,1,67,,91971,48,,,1,29,,91972,48,,,1,69,,91977,48,,,1,30,,91980,48,,,1,70,,91987,48,,,1,100,,91989,48,,,1,100,,91983,48,,,1,100,,91988,48,,,1,98,,91978,48,,,1
1103,'20263510',624,,92020,48,,,1,100,,92019,48,,,1,101,,91995,48,,,1,30,,91996,48,,,1,70,,91997,48,,,1,30,,91998,48,,,1,70,,91999,48,,,1,30,,92000,48,,,1,70,,92001,48,,,1,30,,92002,48,,,1,70,,92003,48,,,1,30,,92004,48,,,1,70,,92005,48,,,1,30,,92006,48,,,1,70,,92007,48,,,1,31,,92008,48,,,1,69,,92009,48,,,1,33,,92010,48,,,1,67,,92011,48,,,1,30,,92012,48,,,1,70,,92013,48,,,1,33,,92014,48,,,1,68,,92015,48,,,1,30,,92016,48,,,1,69,,92021,48,,,1,29,,92017,48,,,1,70,,92022,48,,,1,101,,92023,48,,,1,100,,92024,48,,,1,100,,92025,48,,,1,99,,92018,48,,,1
1103,'20263511',624,,92051,48,,,1,100,,92050,48,,,1,101,,92026,48,,,1,30,,92027,48,,,1,70,,92028,48,,,1,30,,92029,48,,,1,70,,92030,48,,,1,30,,92031,48,,,1,70,,92032,48,,,1,30,,92033,48,,,1,70,,92034,48,,,1,30,,92035,48,,,1,70,,92036,48,,,1,30,,92037,48,,,1,70,,92038,48,,,1,31,,92039,48,,,1,69,,92040,48,,,1,33,,92041,48,,,1,67,,92042,48,,,1,30,,92043,48,,,1,70,,92044,48,,,1,33,,92045,48,,,1,68,,92046,48,,,1,30,,92047,48,,,1,69,,92052,48,,,1,29,,92048,48,,,1,70,,92053,48,,,1,101,,92054,48,,,1,100,,92055,48,,,1,100,,92056,48,,,1,99,,92049,48,,,1
1103,'20263610',624,,92086,48,,,1,100,,92057,48,,,1,101,,92058,48,,,1,30,,92059,48,,,1,70,,92060,48,,,1,30,,92061,48,,,1,70,,92062,48,,,1,30,,92064,48,,,1,70,,92065,48,,,1,30,,92066,48,,,1,70,,92063,48,,,1,30,,92067,48,,,1,70,,92068,48,,,1,30,,92069,48,,,1,70,,92070,48,,,1,31,,92071,48,,,1,69,,92072,48,,,1,33,,92073,48,,,1,67,,92074,48,,,1,30,,92075,48,,,1,70,,92076,48,,,1,33,,92077,48,,,1,68,,92078,48,,,1,30,,92079,48,,,1,69,,92080,48,,,1,29,,92087,48,,,1,70,,92081,48,,,1,101,,92082,48,,,1,100,,92083,48,,,1,100,,92084,48,,,1,99,,92085,48,,,1
1103,'20263611',624,,92117,48,,,1,100,,92088,48,,,1,101,,92089,48,,,1,30,,92090,48,,,1,70,,92091,48,,,1,30,,92092,48,,,1,70,,92093,48,,,1,30,,92095,48,,,1,70,,92096,48,,,1,30,,92097,48,,,1,70,,92094,48,,,1,30,,92098,48,,,1,70,,92099,48,,,1,30,,92100,48,,,1,70,,92101,48,,,1,31,,92102,48,,,1,69,,92103,48,,,1,33,,92104,48,,,1,67,,92105,48,,,1,30,,92106,48,,,1,70,,92107,48,,,1,33,,92108,48,,,1,68,,92109,48,,,1,30,,92110,48,,,1,69,,92111,48,,,1,29,,92118,48,,,1,70,,92112,48,,,1,101,,92113,48,,,1,100,,92114,48,,,1,100,,92115,48,,,1,99,,92116,48,,,1
92503,'20262010',2557,,90467,48,,,0,170,,90468,48,,,0
92503,'20262510',2557,,90470,48,,,0,170,,90469,48,,,0
92503,'20263010',2557,,106080,48,,,0,170,,106081,48,,,0
92503,'20263510',2557,,106083,48,,,0,170,,106082,48,,,0
92503,'20263511',2557,,106085,48,,,0,170,,106084,48,,,0
