5102,'20262010',632,,83224,2,,,0,105,,83225,2,,,0,95,,83226,2,,,0,100,,83227,2,,,0,101,,83228,2,,,0,99,,83229,2,,,0,99,,83230,2,,,0,100,,83231,2,,,0,99,,83232,2,,,0,100,,83238,2,,,0,104,,83239,2,,,0,96,,83240,2,,,0,100,,83233,2,,,0,101,,83234,2,,,0,100,,83235,2,,,0,101,,83236,2,,,0,100,,83237,2,,,0,100,,83241,2,,,0
5102,'20262510',735,,83242,2,,,0,100,,83243,2,,,0,100,,83244,2,,,0,100,,83245,2,,,0,100,,83246,2,,,0,100,,83247,2,,,0,101,,83248,2,,,0,100,,83249,2,,,0,100,,83250,2,,,0,104,,83251,2,,,0,104,,83252,2,,,0,90,,83253,2,,,0,101,,83254,2,,,0,100,,83255,2,,,0,100,,83256,2,,,0,100,,83257,2,,,0,100,,83258,2,,,0
5102,'20262610',735,,83275,2,,,0,100,,83274,2,,,0,100,,83259,2,,,0,100,,83260,2,,,0,100,,83261,2,,,0,100,,83262,2,,,0,101,,83263,2,,,0,100,,83264,2,,,0,100,,83265,2,,,0,104,,83266,2,,,0,104,,83267,2,,,0,90,,83268,2,,,0,101,,83269,2,,,0,100,,83270,2,,,0,100,,83271,2,,,0,100,,83272,2,,,0,100,,83273,2,,,0
5102,'20263010',631,,94029,2,,,0,102,,94030,2,,,0,98,,94031,2,,,0,101,,94032,2,,,0,101,,94033,2,,,0,99,,94034,2,,,0,99,,94035,2,,,0,100,,94036,2,,,0,99,,94037,2,,,0,101,,94043,2,,,0,101,,94044,2,,,0,98,,94045,2,,,0,99,,94038,2,,,0,101,,94039,2,,,0,100,,94040,2,,,0,101,,94041,2,,,0,100,,94042,2,,,0,100,,94046,2,,,0
5102,'20263510',735,,94047,2,,,0,100,,94048,2,,,0,100,,94049,2,,,0,100,,94050,2,,,0,100,,94051,2,,,0,105,,94052,2,,,0,100,,94053,2,,,0,100,,94054,2,,,0,96,,94055,2,,,0,105,,94056,2,,,0,95,,94057,2,,,0,94,,94058,2,,,0,101,,94059,2,,,0,100,,94060,2,,,0,100,,94061,2,,,0,100,,94062,2,,,0,100,,94063,2,,,0
5102,'20263511',735,,94064,2,,,0,100,,94065,2,,,0,100,,94066,2,,,0,100,,94067,2,,,0,100,,94068,2,,,0,105,,94069,2,,,0,100,,94070,2,,,0,100,,94071,2,,,0,96,,94072,2,,,0,105,,94073,2,,,0,95,,94074,2,,,0,94,,94075,2,,,0,101,,94076,2,,,0,100,,94077,2,,,0,100,,94078,2,,,0,100,,94079,2,,,0,100,,94080,2,,,0
5102,'20263610',735,,94087,2,,,0,100,,94081,2,,,0,100,,94086,2,,,0,100,,94092,2,,,0,100,,94088,2,,,0,105,,94089,2,,,0,100,,94083,2,,,0,100,,94090,2,,,0,96,,94095,2,,,0,105,,94093,2,,,0,95,,94094,2,,,0,94,,94091,2,,,0,101,,94096,2,,,0,100,,94084,2,,,0,100,,94082,2,,,0,100,,94085,2,,,0,100,,94097,2,,,0
5102,'20263611',735,,94104,2,,,0,100,,94098,2,,,0,100,,94103,2,,,0,100,,94109,2,,,0,100,,94105,2,,,0,105,,94106,2,,,0,100,,94100,2,,,0,100,,94107,2,,,0,96,,94112,2,,,0,105,,94110,2,,,0,95,,94111,2,,,0,94,,94108,2,,,0,101,,94113,2,,,0,100,,94101,2,,,0,100,,94099,2,,,0,100,,94102,2,,,0,100,,94114,2,,,0
5600,'20262010',627,,83841,2,,,0,26,,83839,2,,,0,74,,83840,2,,,0
5600,'20263010',626,,95028,2,,,0,28,,95026,2,,,0,71,,95027,2,,,0
5700,'20262010',755,,83845,2,,,0,101,,83846,2,,,0,101,,83847,2,,,0,101,,83848,2,,,0,100,,83849,2,,,0,101,,83850,2,,,0,141,,83851,2,,,0,101,,83852,2,,,0,57,,83853,2,,,0,78,,83854,2,,,0,74,,83855,2,,,0,25,,83856,2,,,0,67,,83863,2,,,0,32,,83862,2,,,0,98,,83857,2,,,0,101,,83858,2,,,0,101,,83859,2,,,0,101,,83860,2,,,0,99,,83861,2,,,0
5700,'20262510',702,,83864,2,,,0,100,,83865,2,,,0,100,,83866,2,,,0,101,,83867,2,,,0,100,,83868,2,,,0,98,,83869,2,,,0,101,,83870,2,,,0,57,,83871,2,,,0,97,,83872,2,,,0,144,,83873,2,,,0,104,,83874,2,,,0,98,,83875,2,,,0,100,,83876,2,,,0,100,,83877,2,,,0,100,,83878,2,,,0,101,,83879,2,,,0,100,,83880,2,,,0
5700,'20262610',702,,83896,2,,,0,100,,83884,2,,,0,100,,83892,2,,,0,101,,83886,2,,,0,100,,83893,2,,,0,98,,83881,2,,,0,101,,83890,2,,,0,57,,83887,2,,,0,97,,83888,2,,,0,144,,83883,2,,,0,104,,83897,2,,,0,98,,83894,2,,,0,100,,83889,2,,,0,100,,83895,2,,,0,100,,83885,2,,,0,101,,83891,2,,,0,100,,83882,2,,,0
5700,'20263010',800,,95032,2,,,0,58,,95033,2,,,0,100,,95034,2,,,0,100,,95035,2,,,0,100,,95036,2,,,0,101,,95037,2,,,0,141,,95038,2,,,0,101,,95039,2,,,0,53,,95040,2,,,0,80,,95041,2,,,0,76,,95042,2,,,0,24,,95043,2,,,0,68,,95050,2,,,0,33,,95049,2,,,0,98,,95044,2,,,0,100,,95045,2,,,0,101,,95046,2,,,0,101,,95047,2,,,0,99,,95048,2,,,0
5700,'20263510',702,,95051,2,,,0,100,,95052,2,,,0,100,,95053,2,,,0,101,,95054,2,,,0,100,,95055,2,,,0,97,,95056,2,,,0,58,,95057,2,,,0,98,,95058,2,,,0,98,,95059,2,,,0,103,,95060,2,,,0,148,,95061,2,,,0,97,,95062,2,,,0,100,,95063,2,,,0,100,,95064,2,,,0,100,,95065,2,,,0,101,,95066,2,,,0,100,,95067,2,,,0
5700,'20263511',702,,95068,2,,,0,100,,95069,2,,,0,100,,95070,2,,,0,101,,95071,2,,,0,100,,95072,2,,,0,97,,95073,2,,,0,58,,95074,2,,,0,98,,95075,2,,,0,98,,95076,2,,,0,103,,95077,2,,,0,148,,95078,2,,,0,97,,95079,2,,,0,100,,95080,2,,,0,100,,95081,2,,,0,100,,95082,2,,,0,101,,95083,2,,,0,100,,95084,2,,,0
5700,'20263610',702,,95092,2,,,0,100,,95094,2,,,0,100,,95097,2,,,0,101,,95095,2,,,0,100,,95098,2,,,0,97,,95085,2,,,0,58,,95091,2,,,0,98,,95099,2,,,0,98,,95088,2,,,0,103,,95090,2,,,0,148,,95087,2,,,0,97,,95096,2,,,0,100,,95093,2,,,0,100,,95086,2,,,0,100,,95100,2,,,0,101,,95089,2,,,0,100,,95101,2,,,0
5700,'20263611',702,,95109,2,,,0,100,,95111,2,,,0,100,,95114,2,,,0,101,,95112,2,,,0,100,,95115,2,,,0,97,,95102,2,,,0,58,,95108,2,,,0,98,,95116,2,,,0,98,,95105,2,,,0,103,,95107,2,,,0,148,,95104,2,,,0,97,,95113,2,,,0,100,,95110,2,,,0,100,,95103,2,,,0,100,,95117,2,,,0,101,,95106,2,,,0,100,,95118,2,,,0
80002,'20262010',607,,86950,17,,,1,16,,86864,17,,,1,10,,86865,17,,,1,9,,86866,17,,,1,11,,86867,17,,,1,50,,86868,17,,,1,9,,86869,17,,,1,10,,86870,17,,,1,12,,86951,17,,,1,11,,86871,17,,,1,10,,86954,17,,,1,52,,86872,17,,,1,9,,86873,17,,,1,8,,86874,17,,,1,10,,86875,17,,,1,11,,86876,17,,,1,11,,86877,17,,,1,50,,86878,17,,,1,9,,86879,17,,,1,11,,86880,17,,,1,10,,86881,17,,,1,14,,86882,17,,,1,55,,86883,17,,,1,16,,86884,17,,,1,15,,86885,17,,,1,15,,86886,17,,,1,55,,86887,17,,,1,14,,86888,17,,,1,15,,86889,17,,,1,16,,86890,17,,,1,56,,86891,17,,,1,15,,86892,17,,,1,14,,86893,17,,,1,14,,86894,17,,,1,55,,86895,17,,,1,17,,86896,17,,,1,15,,86897,17,,,1,17,,86898,17,,,1,56,,86899,17,,,1,15,,86900,17,,,1,17,,86901,17,,,1,15,,86902,17,,,1,52,,86903,17,,,1,12,,86904,17,,,1,13,,86905,17,,,1,10,,86906,17,,,1,11,,86907,17,,,1,52,,86908,17,,,1,10,,86910,17,,,1,10,,86909,17,,,1,11,,86952,17,,,1,11,,86911,17,,,1,10,,86912,17,,,1,48,,86913,17,,,1,11,,86914,17,,,1,9,,86915,17,,,1,8,,86916,17,,,1,10,,86917,17,,,1,11,,86918,17,,,1,51,,86955,17,,,1,9,,86919,17,,,1,10,,86920,17,,,1,10,,86921,17,,,1,15,,86922,17,,,1,53,,86923,17,,,1,15,,86924,17,,,1,15,,86925,17,,,1,15,,86926,17,,,1,55,,86927,17,,,1,15,,86928,17,,,1,15,,86929,17,,,1,15,,86930,17,,,1,55,,86931,17,,,1,14,,86932,17,,,1,13,,86933,17,,,1,15,,86934,17,,,1,56,,86935,17,,,1,14,,86936,17,,,1,16,,86937,17,,,1,16,,86938,17,,,1,55,,86939,17,,,1,16,,86940,17,,,1,15,,86941,17,,,1,16,,86942,17,,,1,56,,86943,17,,,1,15,,86944,17,,,1,15,,86945,17,,,1,14,,86946,17,,,1,54,,86947,17,,,1,15,,86948,17,,,1,16,,86949,17,,,1,17,,86953,17,,,1,53,,86956,17,,,1
80002,'20262510',623,,87035,17,,,1,10,,86957,17,,,1,15,,86958,17,,,1,55,,86959,17,,,1,15,,86960,17,,,1,15,,86961,17,,,1,15,,86962,17,,,1,54,,86963,17,,,1,15,,86964,17,,,1,15,,86965,17,,,1,15,,86966,17,,,1,54,,86967,17,,,1,15,,86968,17,,,1,15,,86969,17,,,1,16,,86970,17,,,1,55,,86971,17,,,1,15,,86972,17,,,1,15,,86973,17,,,1,14,,86974,17,,,1,56,,86975,17,,,1,16,,86976,17,,,1,17,,86977,17,,,1,16,,86978,17,,,1,55,,86979,17,,,1,15,,86980,17,,,1,15,,86981,17,,,1,16,,86982,17,,,1,56,,86983,17,,,1,13,,86984,17,,,1,15,,86985,17,,,1,16,,86986,17,,,1,55,,86987,17,,,1,15,,86988,17,,,1,15,,86989,17,,,1,16,,87027,17,,,1,55,,87029,17,,,1,15,,86990,17,,,1,15,,86991,17,,,1,14,,86992,17,,,1,51,,86993,17,,,1,13,,86994,17,,,1,12,,86995,17,,,1,14,,86996,17,,,1,13,,86997,17,,,1,53,,86999,17,,,1,14,,87000,17,,,1,12,,87001,17,,,1,12,,86998,17,,,1,13,,87002,17,,,1,54,,87033,17,,,1,13,,87034,17,,,1,14,,87003,17,,,1,15,,87004,17,,,1,54,,87005,17,,,1,14,,87006,17,,,1,12,,87007,17,,,1,13,,87008,17,,,1,54,,87010,17,,,1,15,,87011,17,,,1,16,,87009,17,,,1,15,,87013,17,,,1,55,,87014,17,,,1,16,,87012,17,,,1,15,,87015,17,,,1,15,,87017,17,,,1,55,,87018,17,,,1,15,,87019,17,,,1,15,,87020,17,,,1,16,,87021,17,,,1,55,,87022,17,,,1,14,,87016,17,,,1,16,,87023,17,,,1,16,,87024,17,,,1,55,,87025,17,,,1,15,,87026,17,,,1,17,,87031,17,,,1,17,,87030,17,,,1,54,,87028,17,,,1,15,,87032,17,,,1,15,,87036,17,,,1,15,,87037,17,,,1
80002,'20262610',623,,87116,17,,,1,10,,87086,17,,,1,15,,87083,17,,,1,55,,87087,17,,,1,15,,87077,17,,,1,15,,87072,17,,,1,15,,87084,17,,,1,54,,87078,17,,,1,15,,87085,17,,,1,15,,87070,17,,,1,15,,87088,17,,,1,54,,87080,17,,,1,15,,87081,17,,,1,15,,87074,17,,,1,16,,87071,17,,,1,55,,87075,17,,,1,15,,87076,17,,,1,15,,87073,17,,,1,14,,87082,17,,,1,56,,87079,17,,,1,16,,87097,17,,,1,17,,87108,17,,,1,16,,87109,17,,,1,55,,87099,17,,,1,15,,87110,17,,,1,15,,87098,17,,,1,16,,87106,17,,,1,56,,87107,17,,,1,13,,87100,17,,,1,15,,87101,17,,,1,16,,87102,17,,,1,55,,87103,17,,,1,15,,87104,17,,,1,15,,87105,17,,,1,16,,87059,17,,,1,55,,87061,17,,,1,15,,87064,17,,,1,15,,87066,17,,,1,14,,87069,17,,,1,51,,87065,17,,,1,13,,87063,17,,,1,12,,87067,17,,,1,14,,87068,17,,,1,13,,87062,17,,,1,53,,87055,17,,,1,14,,87057,17,,,1,12,,87051,17,,,1,12,,87041,17,,,1,13,,87056,17,,,1,54,,87115,17,,,1,13,,87117,17,,,1,14,,87050,17,,,1,15,,87052,17,,,1,54,,87053,17,,,1,14,,87044,17,,,1,12,,87054,17,,,1,13,,87038,17,,,1,54,,87042,17,,,1,15,,87058,17,,,1,16,,87049,17,,,1,15,,87046,17,,,1,55,,87045,17,,,1,16,,87039,17,,,1,15,,87040,17,,,1,15,,87047,17,,,1,55,,87048,17,,,1,15,,87092,17,,,1,15,,87095,17,,,1,16,,87090,17,,,1,55,,87091,17,,,1,14,,87043,17,,,1,16,,87094,17,,,1,16,,87096,17,,,1,55,,87093,17,,,1,15,,87089,17,,,1,17,,87113,17,,,1,17,,87112,17,,,1,54,,87060,17,,,1,15,,87111,17,,,1,15,,87114,17,,,1,15,,87118,17,,,1
80002,'20263010',603,,100204,17,,,1,15,,100120,17,,,1,14,,100121,17,,,1,10,,100122,17,,,1,9,,100123,17,,,1,52,,100124,17,,,1,11,,100125,17,,,1,10,,100126,17,,,1,10,,100205,17,,,1,10,,100127,17,,,1,10,,100208,17,,,1,50,,100128,17,,,1,11,,100129,17,,,1,9,,100130,17,,,1,10,,100131,17,,,1,9,,100132,17,,,1,10,,100133,17,,,1,50,,100134,17,,,1,13,,100135,17,,,1,14,,100136,17,,,1,15,,100137,17,,,1,55,,100138,17,,,1,15,,100139,17,,,1,15,,100140,17,,,1,15,,100141,17,,,1,55,,100142,17,,,1,15,,100143,17,,,1,15,,100144,17,,,1,15,,100145,17,,,1,55,,100146,17,,,1,15,,100147,17,,,1,14,,100148,17,,,1,15,,100149,17,,,1,15,,100150,17,,,1,55,,100151,17,,,1,14,,100152,17,,,1,16,,100153,17,,,1,15,,100154,17,,,1,57,,100155,17,,,1,16,,100156,17,,,1,14,,100157,17,,,1,56,,100158,17,,,1,12,,100159,17,,,1,11,,100160,17,,,1,10,,100161,17,,,1,11,,100162,17,,,1,11,,100211,17,,,1,51,,100163,17,,,1,10,,100165,17,,,1,10,,100164,17,,,1,9,,100206,17,,,1,10,,100166,17,,,1,10,,100167,17,,,1,49,,100168,17,,,1,9,,100169,17,,,1,9,,100170,17,,,1,10,,100171,17,,,1,10,,100172,17,,,1,10,,100173,17,,,1,51,,100209,17,,,1,13,,100174,17,,,1,15,,100175,17,,,1,14,,100176,17,,,1,54,,100177,17,,,1,16,,100178,17,,,1,15,,100179,17,,,1,14,,100180,17,,,1,55,,100181,17,,,1,15,,100182,17,,,1,16,,100183,17,,,1,15,,100184,17,,,1,55,,100185,17,,,1,15,,100186,17,,,1,15,,100187,17,,,1,15,,100188,17,,,1,55,,100189,17,,,1,15,,100190,17,,,1,15,,100191,17,,,1,13,,100192,17,,,1,55,,100193,17,,,1,14,,100194,17,,,1,14,,100195,17,,,1,15,,100196,17,,,1,12,,100197,17,,,1,55,,100198,17,,,1,16,,100199,17,,,1,16,,100200,17,,,1,15,,100201,17,,,1,55,,100202,17,,,1,17,,100203,17,,,1,17,,100207,17,,,1,58,,100210,17,,,1
80002,'20263510',618,,100290,17,,,1,15,,100212,17,,,1,15,,100213,17,,,1,55,,100214,17,,,1,15,,100215,17,,,1,16,,100216,17,,,1,14,,100217,17,,,1,54,,100218,17,,,1,15,,100219,17,,,1,15,,100220,17,,,1,14,,100221,17,,,1,54,,100222,17,,,1,15,,100223,17,,,1,15,,100224,17,,,1,16,,100225,17,,,1,55,,100226,17,,,1,15,,100227,17,,,1,15,,100228,17,,,1,14,,100229,17,,,1,56,,100230,17,,,1,16,,100231,17,,,1,18,,100232,17,,,1,16,,100233,17,,,1,55,,100234,17,,,1,15,,100235,17,,,1,15,,100236,17,,,1,16,,100237,17,,,1,56,,100238,17,,,1,13,,100239,17,,,1,15,,100240,17,,,1,16,,100241,17,,,1,55,,100242,17,,,1,15,,100243,17,,,1,15,,100244,17,,,1,16,,100282,17,,,1,55,,100284,17,,,1,15,,100245,17,,,1,15,,100246,17,,,1,14,,100247,17,,,1,52,,100248,17,,,1,12,,100249,17,,,1,12,,100250,17,,,1,14,,100251,17,,,1,13,,100252,17,,,1,54,,100254,17,,,1,14,,100255,17,,,1,11,,100256,17,,,1,12,,100253,17,,,1,13,,100257,17,,,1,54,,100288,17,,,1,13,,100289,17,,,1,14,,100258,17,,,1,15,,100259,17,,,1,54,,100260,17,,,1,14,,100261,17,,,1,13,,100262,17,,,1,12,,100263,17,,,1,54,,100265,17,,,1,14,,100266,17,,,1,16,,100264,17,,,1,15,,100268,17,,,1,55,,100269,17,,,1,16,,100267,17,,,1,16,,100270,17,,,1,14,,100272,17,,,1,55,,100273,17,,,1,16,,100274,17,,,1,15,,100275,17,,,1,16,,100276,17,,,1,54,,100277,17,,,1,15,,100271,17,,,1,16,,100278,17,,,1,16,,100279,17,,,1,55,,100280,17,,,1,15,,100281,17,,,1,18,,100286,17,,,1,16,,100285,17,,,1,54,,100283,17,,,1,15,,100287,17,,,1,15,,100291,17,,,1,15,,100292,17,,,1
80002,'20263511',618,,100371,17,,,1,15,,100293,17,,,1,15,,100294,17,,,1,55,,100295,17,,,1,15,,100296,17,,,1,16,,100297,17,,,1,14,,100298,17,,,1,54,,100299,17,,,1,15,,100300,17,,,1,15,,100301,17,,,1,14,,100302,17,,,1,54,,100303,17,,,1,15,,100304,17,,,1,15,,100305,17,,,1,16,,100306,17,,,1,55,,100307,17,,,1,15,,100308,17,,,1,15,,100309,17,,,1,14,,100310,17,,,1,56,,100311,17,,,1,16,,100312,17,,,1,18,,100313,17,,,1,16,,100314,17,,,1,55,,100315,17,,,1,15,,100316,17,,,1,15,,100317,17,,,1,16,,100318,17,,,1,56,,100319,17,,,1,13,,100320,17,,,1,15,,100321,17,,,1,16,,100322,17,,,1,55,,100323,17,,,1,15,,100324,17,,,1,15,,100325,17,,,1,16,,100363,17,,,1,55,,100365,17,,,1,15,,100326,17,,,1,15,,100327,17,,,1,14,,100328,17,,,1,52,,100329,17,,,1,12,,100330,17,,,1,12,,100331,17,,,1,14,,100332,17,,,1,13,,100333,17,,,1,54,,100335,17,,,1,14,,100336,17,,,1,11,,100337,17,,,1,12,,100334,17,,,1,13,,100338,17,,,1,54,,100369,17,,,1,13,,100370,17,,,1,14,,100339,17,,,1,15,,100340,17,,,1,54,,100341,17,,,1,14,,100342,17,,,1,13,,100343,17,,,1,12,,100344,17,,,1,54,,100346,17,,,1,14,,100347,17,,,1,16,,100345,17,,,1,15,,100349,17,,,1,55,,100350,17,,,1,16,,100348,17,,,1,16,,100351,17,,,1,14,,100353,17,,,1,55,,100354,17,,,1,16,,100355,17,,,1,15,,100356,17,,,1,16,,100357,17,,,1,54,,100358,17,,,1,15,,100352,17,,,1,16,,100359,17,,,1,16,,100360,17,,,1,55,,100361,17,,,1,15,,100362,17,,,1,18,,100367,17,,,1,16,,100366,17,,,1,54,,100364,17,,,1,15,,100368,17,,,1,15,,100372,17,,,1,15,,100373,17,,,1
80002,'20263610',618,,100403,17,,,1,15,,100425,17,,,1,15,,100431,17,,,1,55,,100426,17,,,1,15,,100419,17,,,1,16,,100429,17,,,1,14,,100423,17,,,1,54,,100427,17,,,1,15,,100428,17,,,1,15,,100415,17,,,1,14,,100430,17,,,1,54,,100414,17,,,1,15,,100432,17,,,1,15,,100416,17,,,1,16,,100422,17,,,1,55,,100435,17,,,1,15,,100424,17,,,1,15,,100433,17,,,1,14,,100418,17,,,1,56,,100434,17,,,1,16,,100417,17,,,1,18,,100436,17,,,1,16,,100437,17,,,1,55,,100421,17,,,1,15,,100438,17,,,1,15,,100420,17,,,1,16,,100453,17,,,1,56,,100439,17,,,1,13,,100454,17,,,1,15,,100448,17,,,1,16,,100440,17,,,1,55,,100441,17,,,1,15,,100447,17,,,1,15,,100442,17,,,1,16,,100406,17,,,1,55,,100410,17,,,1,15,,100443,17,,,1,15,,100451,17,,,1,14,,100446,17,,,1,52,,100449,17,,,1,12,,100452,17,,,1,12,,100450,17,,,1,14,,100444,17,,,1,13,,100445,17,,,1,54,,100391,17,,,1,14,,100385,17,,,1,11,,100378,17,,,1,12,,100376,17,,,1,13,,100387,17,,,1,54,,100411,17,,,1,13,,100412,17,,,1,14,,100392,17,,,1,15,,100393,17,,,1,54,,100386,17,,,1,14,,100374,17,,,1,13,,100384,17,,,1,12,,100390,17,,,1,54,,100381,17,,,1,14,,100388,17,,,1,16,,100377,17,,,1,15,,100394,17,,,1,55,,100389,17,,,1,16,,100379,17,,,1,16,,100380,17,,,1,14,,100395,17,,,1,55,,100399,17,,,1,16,,100396,17,,,1,15,,100397,17,,,1,16,,100398,17,,,1,54,,100400,17,,,1,15,,100375,17,,,1,16,,100401,17,,,1,16,,100382,17,,,1,55,,100402,17,,,1,15,,100383,17,,,1,18,,100408,17,,,1,16,,100407,17,,,1,54,,100405,17,,,1,15,,100409,17,,,1,15,,100413,17,,,1,15,,100404,17,,,1
80002,'20263611',618,,100484,17,,,1,15,,100506,17,,,1,15,,100512,17,,,1,55,,100507,17,,,1,15,,100500,17,,,1,16,,100510,17,,,1,14,,100504,17,,,1,54,,100508,17,,,1,15,,100509,17,,,1,15,,100496,17,,,1,14,,100511,17,,,1,54,,100495,17,,,1,15,,100513,17,,,1,15,,100497,17,,,1,16,,100503,17,,,1,55,,100516,17,,,1,15,,100505,17,,,1,15,,100514,17,,,1,14,,100499,17,,,1,56,,100515,17,,,1,16,,100498,17,,,1,18,,100517,17,,,1,16,,100518,17,,,1,55,,100502,17,,,1,15,,100519,17,,,1,15,,100501,17,,,1,16,,100534,17,,,1,56,,100520,17,,,1,13,,100535,17,,,1,15,,100529,17,,,1,16,,100521,17,,,1,55,,100522,17,,,1,15,,100528,17,,,1,15,,100523,17,,,1,16,,100487,17,,,1,55,,100491,17,,,1,15,,100524,17,,,1,15,,100532,17,,,1,14,,100527,17,,,1,52,,100530,17,,,1,12,,100533,17,,,1,12,,100531,17,,,1,14,,100525,17,,,1,13,,100526,17,,,1,54,,100472,17,,,1,14,,100466,17,,,1,11,,100459,17,,,1,12,,100457,17,,,1,13,,100468,17,,,1,54,,100492,17,,,1,13,,100493,17,,,1,14,,100473,17,,,1,15,,100474,17,,,1,54,,100467,17,,,1,14,,100455,17,,,1,13,,100465,17,,,1,12,,100471,17,,,1,54,,100462,17,,,1,14,,100469,17,,,1,16,,100458,17,,,1,15,,100475,17,,,1,55,,100470,17,,,1,16,,100460,17,,,1,16,,100461,17,,,1,14,,100476,17,,,1,55,,100480,17,,,1,16,,100477,17,,,1,15,,100478,17,,,1,16,,100479,17,,,1,54,,100481,17,,,1,15,,100456,17,,,1,16,,100482,17,,,1,16,,100463,17,,,1,55,,100483,17,,,1,15,,100464,17,,,1,18,,100489,17,,,1,16,,100488,17,,,1,54,,100486,17,,,1,15,,100490,17,,,1,15,,100494,17,,,1,15,,100485,17,,,1
95002,'20262010',2549,,90479,15,,,0,170,,90480,15,,,0
95002,'20262510',2549,,90482,15,,,0,170,,90481,15,,,0
95002,'20263010',2548,,106098,15,,,0,170,,106099,15,,,0
95002,'20263510',2548,,106101,15,,,0,170,,106100,15,,,0
95002,'20263511',2548,,106103,15,,,0,170,,106102,15,,,0
