8401,'20262010',624,,85654,33,,,1,27,,85673,33,0,5 6,1,69,,85655,33,,,1,30,,85674,33,0,5 6,1,69,,85656,33,,,1,33,,85671,33,0,5 6,1,71,,85657,33,,,1,100,,85658,33,,,1,100,,85659,33,,,1,98,,85660,33,,,1,102,,85661,33,,,1,99,,85662,33,,,1,97,,85663,33,,,1,96,,85664,33,,,1,107,,85665,33,,,1,103,,85666,33,,,1,99,,85667,33,,,1,100,,85668,33,,,1,102,,85669,33,,,1,100,,85670,33,,,1,100,,85672,33,,,1
8401,'20262510',626,,85675,33,,,1,99,,85690,33,,,1,99,,85676,33,,,1,100,,85689,33,,,1,100,,85677,33,,,1,100,,85684,33,,,1,100,,85685,33,,,1,99,,85686,33,,,1,100,,85687,33,,,1,99,,85688,33,,,1,102,,85679,33,,,1,101,,85678,33,,,1,100,,85680,33,,,1,100,,85683,33,,,1,100,,85682,33,,,1,100,,85681,33,,,1,102,,85691,33,,,1,100,,85692,33,,,1
8401,'20262610',626,,85705,33,,,1,99,,85709,33,,,1,99,,85708,33,,,1,100,,85706,33,,,1,100,,85693,33,,,1,100,,85699,33,,,1,100,,85694,33,,,1,99,,85700,33,,,1,100,,85695,33,,,1,99,,85701,33,,,1,102,,85696,33,,,1,101,,85702,33,,,1,100,,85697,33,,,1,100,,85703,33,,,1,100,,85698,33,,,1,100,,85704,33,,,1,102,,85707,33,,,1,100,,85710,33,,,1
8401,'20263010',624,,98160,33,0,5 6,1,27,,98179,33,0,5 6,1,69,,98161,33,0,5 6,1,29,,98180,33,0,5 6,1,70,,98162,33,0,5 6,1,32,,98177,33,0,5 6,1,72,,98163,33,0,5 6,1,100,,98164,33,0,5 6,1,100,,98165,33,0,5 6,1,98,,98166,33,0,5 6,1,102,,98167,33,0,5 6,1,99,,98168,33,0,5 6,1,97,,98169,33,0,5 6,1,96,,98170,33,0,5 6,1,107,,98171,33,0,5 6,1,103,,98172,33,0,5 6,1,99,,98173,33,0,5 6,1,100,,98174,33,0,5 6,1,102,,98175,33,0,5 6,1,100,,98176,33,0,5 6,1,100,,98178,33,0,5 6,1
8401,'20263510',626,,98181,33,0,5 6,1,99,,98196,33,0,5 6,1,99,,98182,33,0,5 6,1,100,,98195,33,0,5 6,1,100,,98183,33,0,5 6,1,100,,98190,33,0,5 6,1,100,,98191,33,0,5 6,1,99,,98192,33,0,5 6,1,100,,98193,33,0,5 6,1,99,,98194,33,0,5 6,1,102,,98185,33,0,5 6,1,101,,98184,33,0,5 6,1,100,,98186,33,0,5 6,1,100,,98189,33,0,5 6,1,100,,98188,33,0,5 6,1,100,,98187,33,0,5 6,1,102,,98197,33,0,5 6,1,100,,98198,33,0,5 6,1
8401,'20263511',626,,98199,33,0,5 6,1,99,,98214,33,0,5 6,1,99,,98200,33,0,5 6,1,100,,98213,33,0,5 6,1,100,,98201,33,0,5 6,1,100,,98208,33,0,5 6,1,100,,98209,33,0,5 6,1,99,,98210,33,0,5 6,1,100,,98211,33,0,5 6,1,99,,98212,33,0,5 6,1,102,,98203,33,0,5 6,1,101,,98202,33,0,5 6,1,100,,98204,33,0,5 6,1,100,,98207,33,0,5 6,1,100,,98206,33,0,5 6,1,100,,98205,33,0,5 6,1,102,,98215,33,0,5 6,1,100,,98216,33,0,5 6,1
8401,'20263610',626,,98229,33,0,5 6,1,99,,98233,33,0,5 6,1,99,,98232,33,0,5 6,1,100,,98230,33,0,5 6,1,100,,98217,33,0,5 6,1,100,,98223,33,0,5 6,1,100,,98218,33,0,5 6,1,99,,98224,33,0,5 6,1,100,,98219,33,0,5 6,1,99,,98225,33,0,5 6,1,102,,98220,33,0,5 6,1,101,,98226,33,0,5 6,1,100,,98221,33,0,5 6,1,100,,98227,33,0,5 6,1,100,,98222,33,0,5 6,1,100,,98228,33,0,5 6,1,102,,98231,33,0,5 6,1,100,,98234,33,0,5 6,1
8401,'20263611',626,,98247,33,0,5 6,1,99,,98251,33,0,5 6,1,99,,98250,33,0,5 6,1,100,,98248,33,0,5 6,1,100,,98235,33,0,5 6,1,100,,98241,33,0,5 6,1,100,,98236,33,0,5 6,1,99,,98242,33,0,5 6,1,100,,98237,33,0,5 6,1,99,,98243,33,0,5 6,1,102,,98238,33,0,5 6,1,101,,98244,33,0,5 6,1,100,,98239,33,0,5 6,1,100,,98245,33,0,5 6,1,100,,98240,33,0,5 6,1,100,,98246,33,0,5 6,1,102,,98249,33,0,5 6,1,100,,98252,33,0,5 6,1
28100,'20262010',1639,,86616,28,4,,0,70,,86615,28,4,,0,26,,86614,28,4,,0,69,,86618,28,4,,0,22,,86617,28,4,,0
28100,'20263010',1645,,99689,28,4,,0,69,,99688,28,4,,0,26,,99687,28,4,,0,66,,99691,28,4,,0,23,,99690,28,4,,0
38100,'20263010',1625,,99879,33,4,,0,31,,99876,33,4,,0,89,,99877,33,4,,0,114,,99878,33,4,,0
58100,'20262010',1700,,86829,31,4,,0,57,,86830,31,4,,0
58100,'20263010',1659,,100071,31,4,,0,71,,100072,31,4,,0,29,,100073,31,4,,0
