9203,'20262010',619,,86055,44,,,0,100,,86039,44,,,0,103,,86040,44,,,0,100,,86041,44,,,0,101,,86042,44,,,0,98,,86043,44,,,0,102,,86044,44,,,0,100,,86045,44,,,0,100,,86048,44,,,0,100,,86058,44,,,0,30,,86050,44,,,0,70,,86056,44,,,0,31,,86051,44,,,0,70,,86059,44,,,0,31,,86057,44,,,0,69,,86052,44,,,0,98,,86049,44,,,0,100,,86053,44,,,0,99,,86046,44,,,0,99,,86047,44,,,0,100,,86054,44,,,0
9203,'20262510',739,,86076,44,,,0,100,,86070,44,,,0,100,,86060,44,,,0,100,,86069,44,,,0,100,,86071,44,,,0,100,,86061,44,,,0,100,,86062,44,,,0,100,,86063,44,,,0,100,,86064,44,,,0,101,,86072,44,,,0,102,,86065,44,,,0,96,,86066,44,,,0,101,,86067,44,,,0,100,,86068,44,,,0,100,,86073,44,,,0,100,,86075,44,,,0,100,,86074,44,,,0
9203,'20262610',739,,86093,44,,,0,100,,86088,44,,,0,100,,86077,44,,,0,100,,86087,44,,,0,100,,86089,44,,,0,100,,86078,44,,,0,100,,86079,44,,,0,100,,86090,44,,,0,100,,86080,44,,,0,101,,86081,44,,,0,102,,86091,44,,,0,96,,86082,44,,,0,101,,86083,44,,,0,100,,86084,44,,,0,100,,86092,44,,,0,100,,86085,44,,,0,100,,86086,44,,,0
9203,'20263010',618,,98782,44,,,0,103,,98766,44,,,0,105,,98767,44,,,0,96,,98768,44,,,0,100,,98769,44,,,0,100,,98770,44,,,0,102,,98771,44,,,0,100,,98772,44,,,0,99,,98775,44,,,0,99,,98785,44,,,0,31,,98777,44,,,0,71,,98783,44,,,0,32,,98778,44,,,0,68,,98786,44,,,0,35,,98784,44,,,0,70,,98779,44,,,0,93,,98776,44,,,0,99,,98780,44,,,0,100,,98773,44,,,0,100,,98774,44,,,0,100,,98781,44,,,0
9203,'20263510',738,,98803,44,,,0,100,,98797,44,,,0,100,,98787,44,,,0,102,,98796,44,,,0,97,,98798,44,,,0,100,,98788,44,,,0,101,,98789,44,,,0,102,,98790,44,,,0,101,,98791,44,,,0,104,,98799,44,,,0,99,,98792,44,,,0,101,,98793,44,,,0,93,,98794,44,,,0,99,,98795,44,,,0,100,,98800,44,,,0,100,,98802,44,,,0,100,,98801,44,,,0
9203,'20263511',738,,98820,44,,,0,100,,98814,44,,,0,100,,98804,44,,,0,102,,98813,44,,,0,97,,98815,44,,,0,100,,98805,44,,,0,101,,98806,44,,,0,102,,98807,44,,,0,101,,98808,44,,,0,104,,98816,44,,,0,99,,98809,44,,,0,101,,98810,44,,,0,93,,98811,44,,,0,99,,98812,44,,,0,100,,98817,44,,,0,100,,98819,44,,,0,100,,98818,44,,,0
9203,'20263610',738,,98837,44,,,0,100,,98832,44,,,0,100,,98821,44,,,0,102,,98831,44,,,0,97,,98833,44,,,0,100,,98822,44,,,0,101,,98823,44,,,0,102,,98834,44,,,0,101,,98824,44,,,0,104,,98825,44,,,0,99,,98835,44,,,0,101,,98826,44,,,0,93,,98827,44,,,0,99,,98828,44,,,0,100,,98836,44,,,0,100,,98829,44,,,0,100,,98830,44,,,0
9203,'20263611',738,,98854,44,,,0,100,,98849,44,,,0,100,,98838,44,,,0,102,,98848,44,,,0,97,,98850,44,,,0,100,,98839,44,,,0,101,,98840,44,,,0,102,,98851,44,,,0,101,,98841,44,,,0,104,,98842,44,,,0,99,,98852,44,,,0,101,,98843,44,,,0,93,,98844,44,,,0,99,,98845,44,,,0,100,,98853,44,,,0,100,,98846,44,,,0,100,,98847,44,,,0
29203,'20262010',1642,,86681,37,4,,0,71,,86682,37,4,,0,27,,86680,37,4,,0
29203,'20263010',1642,,99756,37,4,,0,70,,99757,37,4,,0,33,,99755,37,4,,0
99203,'20262010',2626,,90499,77,,,0,130,,90500,77,,,0
99203,'20262510',2626,,90501,77,,,0,130,,90502,77,,,0
99203,'20263010',2626,,106128,77,,,0,130,,106129,77,,,0
99203,'20263510',2626,,106130,77,,,0,130,,106131,77,,,0
99203,'20263511',2626,,106132,77,,,0,130,,106133,77,,,0
