5401,'20262010',530,,83657,22,,,1,70,,83669,22,,,1,33,,83656,22,,,1,76,,83653,22,,,1,32,,83651,22,,,1,75,,83639,22,,,1,28,,83654,22,,,1,70,,83640,22,,,1,29,,83658,22,,,1,68,,83641,22,,,1,30,,83655,22,,,1,71,,83642,22,,,1,30,,83659,22,,,1,71,,83643,22,,,1,31,,83660,22,,,1,70,,83644,22,,,1,31,,83661,22,,,1,68,,83645,22,,,1,30,,83662,22,,,1,70,,83646,22,,,1,31,,83652,22,,,1,60,,83647,22,,,1,38,,83663,22,,,1,74,,83648,22,,,1,26,,83664,22,,,1,98,,83665,22,,,1,100,,83666,22,,,1,105,,83667,22,,,1,102,,83668,22,,,1,99,,83649,22,,,1,103,,83650,22,,,1
5401,'20262510',640,,83670,22,,,1,104,,83671,22,,,1,100,,83672,22,,,1,101,,83673,22,,,1,100,,83674,22,,,1,71,,83693,22,,,1,29,,83675,22,,,1,71,,83686,22,,,1,29,,83676,22,,,1,70,,83687,22,,,1,30,,83677,22,,,1,71,,83688,22,,,1,30,,83678,22,,,1,67,,83689,22,,,1,33,,83679,22,,,1,71,,83690,22,,,1,25,,83680,22,,,1,75,,83691,22,,,1,34,,83694,22,,,1,95,,83692,22,,,1,101,,83681,22,,,1,99,,83682,22,,,1,99,,83683,22,,,1,101,,83684,22,,,1,98,,83685,22,,,1
5401,'20262610',640,,83709,22,,,1,104,,83711,22,,,1,100,,83698,22,,,1,101,,83700,22,,,1,100,,83712,22,,,1,71,,83703,22,,,1,29,,83706,22,,,1,71,,83702,22,,,1,29,,83695,22,,,1,70,,83714,22,,,1,30,,83710,22,,,1,71,,83697,22,,,1,30,,83713,22,,,1,67,,83715,22,,,1,33,,83701,22,,,1,71,,83716,22,,,1,25,,83704,22,,,1,75,,83717,22,,,1,34,,83719,22,,,1,95,,83718,22,,,1,101,,83708,22,,,1,99,,83707,22,,,1,99,,83696,22,,,1,101,,83699,22,,,1,98,,83705,22,,,1
5401,'20263010',533,,94702,22,,,1,26,,94703,22,,,1,60,,94704,22,,,1,12,,94705,22,,,1,18,,94706,22,,,1,60,,94707,22,,,1,17,,94708,22,,,1,18,,94709,22,,,1,56,,94710,22,,,1,17,,94711,22,,,1,28,,94712,22,,,1,70,,94713,22,,,1,26,,94714,22,,,1,69,,94715,22,,,1,31,,94716,22,,,1,71,,94717,22,,,1,30,,94718,22,,,1,71,,94719,22,,,1,30,,94720,22,,,1,70,,94721,22,,,1,31,,94722,22,,,1,68,,94723,22,,,1,30,,94724,22,,,1,70,,94725,22,,,1,32,,94726,22,,,1,64,,94727,22,,,1,38,,94728,22,,,1,71,,94729,22,,,1,26,,94730,22,,,1,95,,94731,22,,,1,100,,94732,22,,,1,105,,94733,22,,,1,105,,94734,22,,,1,98,,94735,22,,,1,104,,94736,22,,,1
5401,'20263510',638,,94737,22,,,1,106,,94738,22,,,1,100,,94739,22,,,1,101,,94740,22,,,1,99,,94741,22,,,1,67,,94760,22,,,1,33,,94742,22,,,1,66,,94753,22,,,1,35,,94743,22,,,1,71,,94754,22,,,1,29,,94744,22,,,1,70,,94755,22,,,1,31,,94745,22,,,1,64,,94756,22,,,1,35,,94746,22,,,1,67,,94757,22,,,1,32,,94747,22,,,1,72,,94758,22,,,1,40,,94761,22,,,1,92,,94759,22,,,1,99,,94748,22,,,1,99,,94749,22,,,1,100,,94750,22,,,1,100,,94751,22,,,1,97,,94752,22,,,1
5401,'20263511',638,,94762,22,,,1,106,,94763,22,,,1,100,,94764,22,,,1,101,,94765,22,,,1,99,,94766,22,,,1,67,,94785,22,,,1,33,,94767,22,,,1,66,,94778,22,,,1,35,,94768,22,,,1,71,,94779,22,,,1,29,,94769,22,,,1,70,,94780,22,,,1,31,,94770,22,,,1,64,,94781,22,,,1,35,,94771,22,,,1,67,,94782,22,,,1,32,,94772,22,,,1,72,,94783,22,,,1,40,,94786,22,,,1,92,,94784,22,,,1,99,,94773,22,,,1,99,,94774,22,,,1,100,,94775,22,,,1,100,,94776,22,,,1,97,,94777,22,,,1
5401,'20263610',638,,94796,22,,,1,106,,94793,22,,,1,100,,94789,22,,,1,101,,94797,22,,,1,99,,94787,22,,,1,67,,94806,22,,,1,33,,94788,22,,,1,66,,94808,22,,,1,35,,94791,22,,,1,71,,94807,22,,,1,29,,94801,22,,,1,70,,94804,22,,,1,31,,94790,22,,,1,64,,94805,22,,,1,35,,94792,22,,,1,67,,94809,22,,,1,32,,94794,22,,,1,72,,94803,22,,,1,40,,94811,22,,,1,92,,94810,22,,,1,99,,94795,22,,,1,99,,94798,22,,,1,100,,94799,22,,,1,100,,94800,22,,,1,97,,94802,22,,,1
5401,'20263611',638,,94821,22,,,1,106,,94818,22,,,1,100,,94814,22,,,1,101,,94822,22,,,1,99,,94812,22,,,1,67,,94831,22,,,1,33,,94813,22,,,1,66,,94833,22,,,1,35,,94816,22,,,1,71,,94832,22,,,1,29,,94826,22,,,1,70,,94829,22,,,1,31,,94815,22,,,1,64,,94830,22,,,1,35,,94817,22,,,1,67,,94834,22,,,1,32,,94819,22,,,1,72,,94828,22,,,1,40,,94836,22,,,1,92,,94835,22,,,1,99,,94820,22,,,1,99,,94823,22,,,1,100,,94824,22,,,1,100,,94825,22,,,1,97,,94827,22,,,1
25401,'20262010',624,,86524,22,,,0,30,,86525,22,,,0,68,,86526,22,,,0,31,,86527,22,,,0,70,,86528,22,,,0
25401,'20263010',619,,99593,22,,,0,28,,99594,22,,,0,62,,99595,22,,,0,17,,99596,22,,,0,11,,99597,22,,,0,79,,99598,22,,,0
35401,'20263010',655,,99828,22,,,0,457,,99829,22,,,0
55401,'20262010',649,,86797,22,,,0,64,,86796,22,,,0
55401,'20263010',652,,100031,22,,,0,74,,100030,22,,,0
7005401,'20263010',852,,106145,14,,,0
