1602,'20260010multint',649,,946,,,0,69,,947,,,0,100,,950,,,0,101,,951,,,0,99,,952,,,0,100,,953,,,0,102,,954,,,0,98,,955,,,0,100,,956,,,0,96,,957,,,0,104,,958,,,0,33,,948,,,0,85,,949,,,0,88,,959,,,0,94,,960,,,0,101,,961,,,0,100,,962,,,0
1602,'20260510multint',959,,966,,,0,244,,963,,,0,201,,964,,,0,298,,965,,,0
1602,'20260610multint',959,,970,,,0,244,,967,,,0,201,,968,,,0,298,,969,,,0
1603,'20260010multint',639,,975,,,0,68,,971,,,0,27,,972,,,0,104,,976,,,0,100,,977,,,0,100,,978,,,0,98,,979,,,0,101,,980,,,0,100,,981,,,0,99,,982,,,0,98,,983,,,0,109,,973,,,0,64,,974,,,0,33,,988,,,0,70,,984,,,0,44,,985,,,0,101,,986,,,0,100,,987,,,0
1603,'20260510multint',1031,,992,,,0,203,,989,,,0,200,,990,,,0,298,,991,,,0
1603,'20260610multint',1031,,996,,,0,203,,993,,,0,200,,994,,,0,298,,995,,,0
2200,'20260010multint',645,,1274,,,0,68,,1275,,,0,28,,1276,,,0,71,,1277,,,0,34,,1278,,,0,691,,1279,,,0,67,,1280,,,0,111,,1281,,,0,102,,1282,,,0
7000,'20260010multint',618,,3324,,,0,17,,3337,,,0,20,,3338,,,0,61,,3325,,,0,15,,3339,,,0,24,,3340,,,0,62,,3326,,,0,22,,3341,,,0,62,,3342,,,0,20,,3327,,,0,19,,3343,,,0,18,,3344,,,0,62,,3328,,,0,20,,3345,,,0,19,,3346,,,0,60,,3329,,,0,21,,3347,,,0,60,,3348,,,0,20,,3330,,,0,21,,3349,,,0,62,,3350,,,0,18,,3331,,,0,17,,3351,,,0,17,,3352,,,0,58,,3332,,,0,19,,3353,,,0,20,,3354,,,0,57,,3333,,,0,19,,3355,,,0,21,,3356,,,0,60,,3334,,,0,22,,3357,,,0,23,,3358,,,0,59,,3335,,,0,21,,3359,,,0,18,,3360,,,0,61,,3336,,,0,32,,3361,,,0,70,,3362,,,0,30,,3363,,,0,71,,3364,,,0,30,,3365,,,0,70,,3366,,,0,30,,3367,,,0,70,,3368,,,0,31,,3369,,,0,70,,3370,,,0
7000,'20260510multint',617,,3371,,,0,30,,3389,,,0,70,,3372,,,0,29,,3390,,,0,70,,3373,,,0,30,,3391,,,0,70,,3374,,,0,30,,3392,,,0,70,,3375,,,0,29,,3393,,,0,70,,3376,,,0,29,,3394,,,0,70,,3377,,,0,30,,3395,,,0,69,,3378,,,0,29,,3396,,,0,70,,3379,,,0,31,,3397,,,0,70,,3380,,,0,30,,3398,,,0,70,,3381,,,0,29,,3399,,,0,71,,3382,,,0,32,,3400,,,0,70,,3383,,,0,31,,3404,,,0,71,,3401,,,0,30,,3384,,,0,70,,3402,,,0,30,,3385,,,0,70,,3388,,,0,30,,3386,,,0,70,,3403,,,0,30,,3387,,,0
7000,'20260610multint',617,,3405,,,0,30,,3422,,,0,70,,3406,,,0,29,,3423,,,0,70,,3407,,,0,30,,3424,,,0,70,,3408,,,0,30,,3425,,,0,70,,3409,,,0,29,,3426,,,0,70,,3410,,,0,29,,3427,,,0,70,,3411,,,0,30,,3428,,,0,69,,3412,,,0,29,,3429,,,0,70,,3413,,,0,31,,3430,,,0,70,,3414,,,0,30,,3431,,,0,70,,3415,,,0,29,,3432,,,0,71,,3416,,,0,32,,3433,,,0,70,,3417,,,0,31,,3434,,,0,71,,3418,,,0,30,,3435,,,0,70,,3419,,,0,30,,3437,,,0,70,,3420,,,0,30,,3436,,,0,70,,3421,,,0,30,,3438,,,0
8800,'20260010multint',636,,4754,,,0,96,,4755,,,0,70,,4763,,,0,104,,4764,,,0,597,,4756,,,0,29,,4761,,,0,27,,4757,,,0,70,,4758,,,0,76,,4759,,,0,32,,4766,,,0,71,,4765,,,0,506,,4760,,,0
80400,'20260010multint',600,,8009,,,1,14,,7942,,,1,15,,7943,,,1,12,,8005,,,1,16,,7954,,,1,53,,7956,,,1,15,,7957,,,1,13,,8010,,,1,16,,7958,,,1,55,,7959,,,1,18,,7960,,,1,14,,7961,,,1,17,,7962,,,1,55,,7998,,,1,15,,8002,,,1,15,,7963,,,1,15,,7964,,,1,55,,7965,,,1,15,,7999,,,1,15,,7966,,,1,14,,7967,,,1,54,,8003,,,1,14,,7968,,,1,15,,7969,,,1,15,,7970,,,1,55,,7971,,,1,16,,7972,,,1,15,,8000,,,1,14,,7973,,,1,56,,7974,,,1,14,,7975,,,1,15,,7976,,,1,15,,8007,,,1,55,,7977,,,1,15,,7978,,,1,14,,7979,,,1,15,,7980,,,1,53,,7981,,,1,16,,7982,,,1,11,,7983,,,1,11,,7984,,,1,11,,7985,,,1,54,,7986,,,1,10,,7987,,,1,13,,8004,,,1,12,,7988,,,1,13,,7989,,,1,50,,7990,,,1,15,,7991,,,1,15,,7992,,,1,14,,7955,,,1,56,,7953,,,1,17,,7952,,,1,20,,7993,,,1,58,,7994,,,1,18,,7995,,,1,19,,7997,,,1,19,,7944,,,1,57,,8001,,,1,19,,7945,,,1,18,,8006,,,1,58,,7946,,,1,18,,8008,,,1,18,,7947,,,1,59,,7948,,,1,18,,8011,,,1,19,,7949,,,1,58,,8012,,,1,18,,7950,,,1,19,,7951,,,1,18,,8013,,,1,58,,7996,,,1
80400,'20260510multint',645,,8061,,,1,59,,8014,,,1,19,,8015,,,1,18,,8016,,,1,18,,8062,,,1,56,,8066,,,1,19,,8017,,,1,17,,8018,,,1,57,,8057,,,1,18,,8067,,,1,18,,8063,,,1,57,,8058,,,1,20,,8065,,,1,16,,8019,,,1,18,,8059,,,1,58,,8020,,,1,17,,8060,,,1,16,,8021,,,1,54,,8068,,,1,14,,8022,,,1,15,,8023,,,1,15,,8024,,,1,15,,8025,,,1,55,,8026,,,1,15,,8027,,,1,14,,8028,,,1,15,,8029,,,1,55,,8030,,,1,15,,8031,,,1,15,,8032,,,1,15,,8033,,,1,55,,8034,,,1,15,,8035,,,1,16,,8036,,,1,15,,8037,,,1,54,,8038,,,1,13,,8039,,,1,14,,8040,,,1,14,,8041,,,1,54,,8042,,,1,14,,8043,,,1,19,,8044,,,1,59,,8045,,,1,19,,8069,,,1,19,,8064,,,1,18,,8070,,,1,58,,8046,,,1,17,,8071,,,1,20,,8047,,,1,58,,8048,,,1,19,,8072,,,1,18,,8049,,,1,58,,8073,,,1,19,,8050,,,1,19,,8051,,,1,58,,8074,,,1,18,,8052,,,1,18,,8075,,,1,18,,8053,,,1,58,,8054,,,1,19,,8076,,,1,17,,8055,,,1,57,,8056,,,1
80400,'20260610multint',645,,8125,,,1,59,,8077,,,1,19,,8129,,,1,18,,8078,,,1,18,,8079,,,1,56,,8127,,,1,19,,8080,,,1,17,,8081,,,1,57,,8082,,,1,18,,8123,,,1,18,,8130,,,1,57,,8126,,,1,20,,8083,,,1,16,,8131,,,1,18,,8084,,,1,58,,8085,,,1,17,,8086,,,1,16,,8124,,,1,54,,8087,,,1,14,,8088,,,1,15,,8089,,,1,15,,8090,,,1,15,,8091,,,1,55,,8092,,,1,15,,8093,,,1,14,,8094,,,1,15,,8095,,,1,55,,8096,,,1,15,,8097,,,1,15,,8098,,,1,15,,8099,,,1,55,,8100,,,1,15,,8101,,,1,16,,8102,,,1,15,,8103,,,1,54,,8104,,,1,13,,8105,,,1,14,,8106,,,1,14,,8107,,,1,54,,8108,,,1,14,,8109,,,1,19,,8110,,,1,59,,8132,,,1,19,,8111,,,1,19,,8128,,,1,18,,8133,,,1,58,,8112,,,1,17,,8134,,,1,20,,8113,,,1,58,,8114,,,1,19,,8135,,,1,18,,8115,,,1,58,,8136,,,1,19,,8116,,,1,19,,8117,,,1,58,,8137,,,1,18,,8118,,,1,18,,8138,,,1,18,,8119,,,1,58,,8120,,,1,19,,8139,,,1,17,,8121,,,1,57,,8122,,,1
90400,'20260010multint',2532,,8845,,,0
90400,'20260510multint',2532,,8846,,,0
