8200,'20262010',712,,70853,116,,,0,30,,70836,116,,,0,100,,70857,116,,,0,100,,70852,116,,,0,200,,70851,116,,,0,201,,70837,116,,,0,204,,70850,116,,,0,174,,70838,116,,,0,27,,70839,116,,,0,67,,70840,116,,,0,29,,70841,116,,,0,70,,70848,116,,,0,28,,70849,116,,,0,99,,70855,116,,,0,100,,70854,116,,,0,100,,70856,116,,,0,170,,70842,116,,,0
8200,'20262011',712,,70875,116,,,0,30,,70858,116,,,0,100,,70879,116,,,0,100,,70874,116,,,0,200,,70873,116,,,0,201,,70859,116,,,0,204,,70872,116,,,0,174,,70860,116,,,0,27,,70861,116,,,0,67,,70862,116,,,0,29,,70863,116,,,0,70,,70870,116,,,0,28,,70871,116,,,0,99,,70877,116,,,0,100,,70876,116,,,0,100,,70878,116,,,0,170,,70864,116,,,0
8200,'20262510',738,,70894,116,,,0,101,,70880,116,,,0,302,,70892,116,,,0,201,,70881,116,,,0,201,,70893,116,,,0,201,,70896,116,,,0,197,,70889,116,,,0,199,,70895,116,,,0,270,,70883,116,,,0,129,,70897,116,,,0
8200,'20262511',738,,70912,116,,,0,101,,70898,116,,,0,302,,70910,116,,,0,201,,70899,116,,,0,201,,70911,116,,,0,201,,70914,116,,,0,197,,70907,116,,,0,199,,70913,116,,,0,270,,70901,116,,,0,129,,70915,116,,,0
8200,'20262610',738,,70928,116,,,0,101,,70929,116,,,0,302,,70924,116,,,0,201,,70919,116,,,0,201,,70922,116,,,0,201,,70932,116,,,0,197,,70917,116,,,0,199,,70931,116,,,0,270,,70921,116,,,0,129,,70933,116,,,0
8200,'20262611',738,,70946,116,,,0,101,,70947,116,,,0,302,,70942,116,,,0,201,,70937,116,,,0,201,,70940,116,,,0,201,,70950,116,,,0,197,,70935,116,,,0,199,,70949,116,,,0,270,,70939,116,,,0,129,,70951,116,,,0
28200,'20262010',1613,,73114,56,4,,0,35,,73113,56,4,,0,75,,73111,56,4,,0,33,,73110,56,4,,0,83,,73112,56,4,,0
28200,'20262011',1613,,73119,56,4,,0,35,,73118,56,4,,0,75,,73116,56,4,,0,33,,73115,56,4,,0,83,,73117,56,4,,0
57200,'20262010',1723,,73906,72,4,,0,28,,73907,72,4,,0
57200,'20262011',1723,,73908,72,4,,0,28,,73909,72,4,,0
