1900,'20262010',628,,82428,26,,,0,100,,82429,26,,,0,101,,82430,26,,,0,71,,82431,26,,,0,100,,82432,26,,,0,59,,82433,26,,,0,100,,82434,26,,,0,99,,82435,26,,,0,100,,82436,26,,,0,100,,82437,26,,,0,68,,82438,26,,,0,30,,82439,26,,,0,64,,82440,26,,,0,35,,82441,26,,,0,71,,82442,26,,,0,31,,82443,26,,,0,70,,82444,26,,,0,31,,82445,26,,,0,100,,82446,26,,,0,101,,82447,26,,,0,100,,82448,26,,,0,100,,82449,26,,,0,100,,82450,26,,,0
1900,'20262510',650,,82451,26,,,0,102,,82452,26,,,0,104,,82453,26,,,0,101,,82454,26,,,0,146,,82455,26,,,0,98,,82456,26,,,0,100,,82457,26,,,0,55,,82458,26,,,0,101,,82459,26,,,0,145,,82460,26,,,0,51,,82461,26,,,0,148,,82462,26,,,0,57,,82463,26,,,0,99,,82464,26,,,0,102,,82465,26,,,0,142,,82466,26,,,0,102,,82467,26,,,0,102,,82468,26,,,0
1900,'20262610',650,,82469,26,,,0,102,,82470,26,,,0,104,,82471,26,,,0,101,,82472,26,,,0,146,,82473,26,,,0,98,,82474,26,,,0,100,,82475,26,,,0,55,,82476,26,,,0,101,,82477,26,,,0,145,,82478,26,,,0,51,,82479,26,,,0,148,,82480,26,,,0,57,,82481,26,,,0,99,,82482,26,,,0,102,,82483,26,,,0,142,,82484,26,,,0,102,,82485,26,,,0,102,,82486,26,,,0
1900,'20263010',627,,92751,26,,,0,106,,92752,26,,,0,71,,92753,26,,,0,26,,92754,26,,,0,70,,92755,26,,,0,100,,92756,26,,,0,100,,92757,26,,,0,100,,92758,26,,,0,100,,92759,26,,,0,100,,92760,26,,,0,59,,92761,26,,,0,70,,92762,26,,,0,28,,92763,26,,,0,71,,92764,26,,,0,29,,92765,26,,,0,71,,92766,26,,,0,31,,92767,26,,,0,70,,92768,26,,,0,71,,92769,26,,,0,100,,92770,26,,,0,101,,92771,26,,,0,100,,92772,26,,,0,100,,92773,26,,,0,100,,92774,26,,,0
1900,'20263510',656,,92775,26,,,0,100,,92776,26,,,0,99,,92777,26,,,0,99,,92778,26,,,0,101,,92779,26,,,0,100,,92780,26,,,0,99,,92781,26,,,0,100,,92782,26,,,0,101,,92783,26,,,0,100,,92784,26,,,0,100,,92785,26,,,0,101,,92786,26,,,0,98,,92787,26,,,0,101,,92788,26,,,0,100,,92789,26,,,0,100,,92790,26,,,0,100,,92791,26,,,0,101,,92792,26,,,0
1900,'20263511',656,,92793,26,,,0,100,,92794,26,,,0,99,,92795,26,,,0,99,,92796,26,,,0,101,,92797,26,,,0,100,,92798,26,,,0,99,,92799,26,,,0,100,,92800,26,,,0,101,,92801,26,,,0,100,,92802,26,,,0,100,,92803,26,,,0,101,,92804,26,,,0,98,,92805,26,,,0,101,,92806,26,,,0,100,,92807,26,,,0,100,,92808,26,,,0,100,,92809,26,,,0,101,,92810,26,,,0
1900,'20263610',656,,92811,26,,,0,100,,92812,26,,,0,99,,92813,26,,,0,99,,92814,26,,,0,101,,92815,26,,,0,100,,92816,26,,,0,99,,92817,26,,,0,100,,92818,26,,,0,101,,92819,26,,,0,100,,92820,26,,,0,100,,92821,26,,,0,101,,92822,26,,,0,98,,92823,26,,,0,101,,92824,26,,,0,100,,92825,26,,,0,100,,92826,26,,,0,100,,92828,26,,,0,101,,92827,26,,,0
1900,'20263611',656,,92829,26,,,0,100,,92830,26,,,0,99,,92831,26,,,0,99,,92832,26,,,0,101,,92833,26,,,0,100,,92834,26,,,0,99,,92835,26,,,0,100,,92836,26,,,0,101,,92837,26,,,0,100,,92838,26,,,0,100,,92839,26,,,0,101,,92840,26,,,0,98,,92841,26,,,0,101,,92842,26,,,0,100,,92843,26,,,0,100,,92844,26,,,0,100,,92846,26,,,0,101,,92845,26,,,0
2800,'20262010',629,,82568,4,,,0,28,,82569,4,,,0,70,,82570,4,,,0,73,,82571,4,,,0,30,,82572,4,,,0,70,,82573,4,,,0,28,,82574,4,,,0,30,,82575,4,,,0,70,,82576,4,,,0,29,,82577,4,,,0,69,,82578,4,,,0,31,,82579,4,,,0,69,,82581,4,,,0,31,,82582,4,,,0,69,,82583,4,,,0,31,,82580,4,,,0,68,,82584,4,,,0,31,,82585,4,,,0,71,,82586,4,,,0,29,,82587,4,,,0,68,,82588,4,,,0,33,,82589,4,,,0,73,,82590,4,,,0,29,,82591,4,,,0,69,,82592,4,,,0,31,,82593,4,,,0,72,,82594,4,,,0,73,,82595,4,,,0,31,,82596,4,,,0,70,,82597,4,,,0,29,,82598,4,,,0,70,,82599,4,,,0,29,,82600,4,,,0,70,,82601,4,,,0,30,,82602,4,,,0,71,,82604,4,,,0,30,,82603,4,,,0
2800,'20262510',638,,82618,4,,,0,100,,82619,4,,,0,99,,82620,4,,,0,98,,82621,4,,,0,99,,82622,4,,,0,71,,82605,4,,,0,28,,82623,4,,,0,69,,82611,4,,,0,29,,82624,4,,,0,27,,82612,4,,,0,72,,82625,4,,,0,70,,82613,4,,,0,33,,82626,4,,,0,69,,82614,4,,,0,28,,82627,4,,,0,24,,82615,4,,,0,75,,82628,4,,,0,71,,82616,4,,,0,31,,82629,4,,,0,70,,82617,4,,,0,34,,82630,4,,,0,73,,82606,4,,,0,29,,82631,4,,,0,70,,82607,4,,,0,30,,82632,4,,,0,70,,82608,4,,,0,30,,82633,4,,,0,70,,82609,4,,,0,30,,82634,4,,,0,70,,82610,4,,,0,31,,82635,4,,,0,71,,82637,4,,,0,30,,82636,4,,,0
2800,'20262610',638,,82651,4,,,0,100,,82652,4,,,0,99,,82653,4,,,0,98,,82654,4,,,0,99,,82655,4,,,0,71,,82638,4,,,0,28,,82656,4,,,0,69,,82644,4,,,0,29,,82657,4,,,0,27,,82645,4,,,0,72,,82658,4,,,0,70,,82646,4,,,0,33,,82659,4,,,0,69,,82647,4,,,0,28,,82660,4,,,0,24,,82648,4,,,0,75,,82661,4,,,0,71,,82649,4,,,0,31,,82662,4,,,0,70,,82650,4,,,0,34,,82663,4,,,0,73,,82639,4,,,0,29,,82664,4,,,0,70,,82640,4,,,0,30,,82665,4,,,0,70,,82641,4,,,0,30,,82666,4,,,0,70,,82642,4,,,0,30,,82667,4,,,0,70,,82643,4,,,0,31,,82668,4,,,0,71,,82669,4,,,0,30,,82670,4,,,0
2800,'20263010',631,,92969,4,,,0,69,,92968,4,,,0,34,,92970,4,,,0,70,,92972,4,,,0,10,,92973,4,,,0,16,,92974,4,,,0,70,,92971,4,,,0,30,,92975,4,,,0,70,,92977,4,,,0,30,,92978,4,,,0,29,,92979,4,,,0,69,,92976,4,,,0,31,,92980,4,,,0,69,,92982,4,,,0,31,,92983,4,,,0,69,,92984,4,,,0,31,,92981,4,,,0,68,,92985,4,,,0,29,,92987,4,,,0,71,,92988,4,,,0,10,,92989,4,,,0,12,,93007,4,,,0,8,,92986,4,,,0,44,,92990,4,,,0,25,,92991,4,,,0,22,,92992,4,,,0,52,,92993,4,,,0,16,,92994,4,,,0,17,,92995,4,,,0,68,,92996,4,,,0,29,,92998,4,,,0,71,,92999,4,,,0,32,,93000,4,,,0,71,,92997,4,,,0,31,,93001,4,,,0,70,,93003,4,,,0,30,,93004,4,,,0,70,,93005,4,,,0,30,,93002,4,,,0,70,,93006,4,,,0,30,,93008,4,,,0,70,,93010,4,,,0,30,,93009,4,,,0
2800,'20263510',638,,93024,4,,,0,100,,93025,4,,,0,99,,93026,4,,,0,98,,93027,4,,,0,99,,93028,4,,,0,71,,93011,4,,,0,28,,93029,4,,,0,68,,93017,4,,,0,31,,93030,4,,,0,27,,93018,4,,,0,72,,93031,4,,,0,69,,93019,4,,,0,36,,93032,4,,,0,65,,93020,4,,,0,32,,93033,4,,,0,25,,93021,4,,,0,72,,93034,4,,,0,73,,93022,4,,,0,33,,93035,4,,,0,65,,93023,4,,,0,34,,93036,4,,,0,73,,93012,4,,,0,29,,93037,4,,,0,70,,93013,4,,,0,30,,93038,4,,,0,70,,93014,4,,,0,30,,93039,4,,,0,70,,93015,4,,,0,30,,93040,4,,,0,70,,93016,4,,,0,31,,93041,4,,,0,71,,93043,4,,,0,30,,93042,4,,,0
2800,'20263511',638,,93057,4,,,0,100,,93058,4,,,0,99,,93059,4,,,0,98,,93060,4,,,0,99,,93061,4,,,0,71,,93044,4,,,0,28,,93062,4,,,0,68,,93050,4,,,0,31,,93063,4,,,0,27,,93051,4,,,0,72,,93064,4,,,0,69,,93052,4,,,0,36,,93065,4,,,0,65,,93053,4,,,0,32,,93066,4,,,0,25,,93054,4,,,0,72,,93067,4,,,0,73,,93055,4,,,0,33,,93068,4,,,0,65,,93056,4,,,0,34,,93069,4,,,0,73,,93045,4,,,0,29,,93070,4,,,0,70,,93046,4,,,0,30,,93071,4,,,0,70,,93047,4,,,0,30,,93072,4,,,0,70,,93048,4,,,0,30,,93073,4,,,0,70,,93049,4,,,0,31,,93074,4,,,0,71,,93076,4,,,0,30,,93075,4,,,0
2800,'20263610',638,,93091,4,,,0,100,,93092,4,,,0,99,,93093,4,,,0,98,,93090,4,,,0,99,,93094,4,,,0,71,,93078,4,,,0,28,,93096,4,,,0,68,,93084,4,,,0,31,,93097,4,,,0,27,,93081,4,,,0,72,,93098,4,,,0,69,,93085,4,,,0,36,,93095,4,,,0,65,,93086,4,,,0,32,,93099,4,,,0,25,,93087,4,,,0,72,,93101,4,,,0,73,,93088,4,,,0,33,,93102,4,,,0,65,,93089,4,,,0,34,,93103,4,,,0,73,,93079,4,,,0,29,,93100,4,,,0,70,,93077,4,,,0,30,,93104,4,,,0,70,,93080,4,,,0,30,,93106,4,,,0,70,,93082,4,,,0,30,,93107,4,,,0,70,,93083,4,,,0,31,,93108,4,,,0,71,,93105,4,,,0,30,,93109,4,,,0
2800,'20263611',638,,93124,4,,,0,100,,93125,4,,,0,99,,93126,4,,,0,98,,93123,4,,,0,99,,93127,4,,,0,71,,93111,4,,,0,28,,93129,4,,,0,68,,93117,4,,,0,31,,93130,4,,,0,27,,93114,4,,,0,72,,93131,4,,,0,69,,93118,4,,,0,36,,93128,4,,,0,65,,93119,4,,,0,32,,93132,4,,,0,25,,93120,4,,,0,72,,93134,4,,,0,73,,93121,4,,,0,33,,93135,4,,,0,65,,93122,4,,,0,34,,93136,4,,,0,73,,93112,4,,,0,29,,93133,4,,,0,70,,93110,4,,,0,30,,93137,4,,,0,70,,93113,4,,,0,30,,93139,4,,,0,70,,93115,4,,,0,30,,93140,4,,,0,70,,93116,4,,,0,31,,93141,4,,,0,71,,93138,4,,,0,30,,93142,4,,,0
