9403,'20262010',705,,86263,16,,,0,104,,86264,16,,,0,97,,86265,16,,,0,100,,86266,16,,,0,100,,86267,16,,,0,100,,86268,16,,,0,100,,86269,16,,,0,100,,86270,16,,,0,99,,86271,16,,,0,31,,86272,16,,,0,65,,86273,16,,,0,30,,86259,16,,,0,80,,86260,16,,,0,30,,86278,16,,,0,65,,86277,16,,,0,99,,86261,16,,,0,101,,86262,16,,,0,100,,86274,16,,,0,101,,86275,16,,,0,100,,86276,16,,,0
9403,'20262510',709,,86279,16,,,0,100,,86280,16,,,0,100,,86281,16,,,0,100,,86282,16,,,0,100,,86283,16,,,0,99,,86284,16,,,0,100,,86285,16,,,0,100,,86286,16,,,0,97,,86287,16,,,0,99,,86288,16,,,0,105,,86289,16,,,0,100,,86290,16,,,0,100,,86291,16,,,0,100,,86292,16,,,0,100,,86293,16,,,0,100,,86294,16,,,0,100,,86295,16,,,0
9403,'20262610',709,,86296,16,,,0,100,,86297,16,,,0,100,,86298,16,,,0,100,,86299,16,,,0,100,,86300,16,,,0,99,,86301,16,,,0,100,,86302,16,,,0,100,,86303,16,,,0,97,,86304,16,,,0,99,,86305,16,,,0,105,,86306,16,,,0,100,,86307,16,,,0,100,,86308,16,,,0,100,,86309,16,,,0,100,,86310,16,,,0,100,,86311,16,,,0,100,,86312,16,,,0
9403,'20263010',708,,99230,16,,,0,100,,99231,16,,,0,100,,99232,16,,,0,100,,99233,16,,,0,100,,99234,16,,,0,100,,99235,16,,,0,100,,99236,16,,,0,99,,99237,16,,,0,99,,99238,16,,,0,29,,99239,16,,,0,67,,99240,16,,,0,29,,99226,16,,,0,76,,99227,16,,,0,30,,99245,16,,,0,71,,99244,16,,,0,100,,99228,16,,,0,101,,99229,16,,,0,100,,99241,16,,,0,101,,99242,16,,,0,98,,99243,16,,,0
9403,'20263510',710,,99246,16,,,0,100,,99247,16,,,0,100,,99248,16,,,0,101,,99249,16,,,0,100,,99250,16,,,0,100,,99251,16,,,0,100,,99252,16,,,0,100,,99253,16,,,0,100,,99254,16,,,0,100,,99255,16,,,0,99,,99256,16,,,0,101,,99257,16,,,0,99,,99258,16,,,0,100,,99259,16,,,0,99,,99260,16,,,0,100,,99261,16,,,0,100,,99262,16,,,0
9403,'20263511',710,,99263,16,,,0,100,,99264,16,,,0,100,,99265,16,,,0,101,,99266,16,,,0,100,,99267,16,,,0,100,,99268,16,,,0,100,,99269,16,,,0,100,,99270,16,,,0,100,,99271,16,,,0,100,,99272,16,,,0,99,,99273,16,,,0,101,,99274,16,,,0,99,,99275,16,,,0,100,,99276,16,,,0,99,,99277,16,,,0,100,,99278,16,,,0,100,,99279,16,,,0
9403,'20263610',710,,99280,16,,,0,100,,99281,16,,,0,100,,99282,16,,,0,101,,99283,16,,,0,100,,99284,16,,,0,100,,99285,16,,,0,100,,99286,16,,,0,100,,99287,16,,,0,100,,99288,16,,,0,100,,99289,16,,,0,99,,99290,16,,,0,101,,99291,16,,,0,99,,99292,16,,,0,100,,99293,16,,,0,99,,99294,16,,,0,100,,99295,16,,,0,100,,99296,16,,,0
9403,'20263611',710,,99297,16,,,0,100,,99298,16,,,0,100,,99299,16,,,0,101,,99300,16,,,0,100,,99301,16,,,0,100,,99302,16,,,0,100,,99303,16,,,0,100,,99304,16,,,0,100,,99305,16,,,0,100,,99306,16,,,0,99,,99307,16,,,0,101,,99308,16,,,0,99,,99309,16,,,0,100,,99310,16,,,0,99,,99311,16,,,0,100,,99312,16,,,0,100,,99313,16,,,0
9601,'20262010',615,,86364,22,,,0,94,,86365,22,,,0,42,,86366,22,,,0,65,,86367,22,,,0,99,,86382,22,,,0,99,,86368,22,,,0,101,,86369,22,,,0,100,,86370,22,,,0,101,,86371,22,,,0,100,,86372,22,,,0,100,,86373,22,,,0,99,,86374,22,,,0,104,,86375,22,,,0,98,,86376,22,,,0,98,,86377,22,,,0,99,,86378,22,,,0,100,,86379,22,,,0,100,,86380,22,,,0,100,,86381,22,,,0
9601,'20262510',743,,86383,22,,,0,100,,86384,22,,,0,100,,86385,22,,,0,100,,86386,22,,,0,107,,86387,22,,,0,95,,86388,22,,,0,96,,86389,22,,,0,109,,86390,22,,,0,98,,86391,22,,,0,100,,86392,22,,,0,105,,86393,22,,,0,92,,86394,22,,,0,98,,86395,22,,,0,101,,86396,22,,,0,99,,86397,22,,,0,100,,86398,22,,,0
9601,'20262610',743,,86399,22,,,0,100,,86400,22,,,0,100,,86401,22,,,0,100,,86402,22,,,0,107,,86403,22,,,0,95,,86404,22,,,0,96,,86405,22,,,0,109,,86406,22,,,0,98,,86407,22,,,0,100,,86408,22,,,0,105,,86409,22,,,0,92,,86410,22,,,0,98,,86411,22,,,0,101,,86412,22,,,0,99,,86413,22,,,0,100,,86414,22,,,0
9601,'20263010',617,,99397,22,,,0,99,,99398,22,,,0,34,,99399,22,,,0,68,,99400,22,,,0,100,,99415,22,,,0,100,,99401,22,,,0,100,,99402,22,,,0,99,,99403,22,,,0,100,,99404,22,,,0,100,,99405,22,,,0,100,,99406,22,,,0,98,,99407,22,,,0,111,,99408,22,,,0,92,,99409,22,,,0,98,,99410,22,,,0,100,,99411,22,,,0,100,,99412,22,,,0,100,,99413,22,,,0,100,,99414,22,,,0
9601,'20263510',744,,99416,22,,,0,100,,99417,22,,,0,100,,99418,22,,,0,101,,99419,22,,,0,100,,99420,22,,,0,96,,99421,22,,,0,99,,99422,22,,,0,108,,99423,22,,,0,97,,99424,22,,,0,96,,99425,22,,,0,108,,99426,22,,,0,95,,99427,22,,,0,100,,99428,22,,,0,100,,99429,22,,,0,100,,99430,22,,,0,100,,99431,22,,,0
9601,'20263511',744,,99432,22,,,0,100,,99433,22,,,0,100,,99434,22,,,0,101,,99435,22,,,0,100,,99436,22,,,0,96,,99437,22,,,0,99,,99438,22,,,0,108,,99439,22,,,0,97,,99440,22,,,0,96,,99441,22,,,0,108,,99442,22,,,0,95,,99443,22,,,0,100,,99444,22,,,0,100,,99445,22,,,0,100,,99446,22,,,0,100,,99447,22,,,0
9601,'20263610',744,,99448,22,,,0,100,,99449,22,,,0,100,,99450,22,,,0,101,,99451,22,,,0,100,,99452,22,,,0,96,,99453,22,,,0,99,,99454,22,,,0,108,,99455,22,,,0,97,,99456,22,,,0,96,,99457,22,,,0,108,,99458,22,,,0,95,,99459,22,,,0,100,,99460,22,,,0,100,,99461,22,,,0,100,,99462,22,,,0,100,,99463,22,,,0
9601,'20263611',744,,99464,22,,,0,100,,99465,22,,,0,100,,99466,22,,,0,101,,99467,22,,,0,100,,99468,22,,,0,96,,99469,22,,,0,99,,99470,22,,,0,108,,99471,22,,,0,97,,99472,22,,,0,96,,99473,22,,,0,108,,99474,22,,,0,95,,99475,22,,,0,100,,99476,22,,,0,100,,99477,22,,,0,100,,99478,22,,,0,100,,99479,22,,,0
29403,'20262010',1615,,86686,23,4,,0,103,,86687,23,4,,0,24,,86688,23,4,,0
29403,'20263010',1616,,99761,23,4,,0,99,,99762,23,4,,0,33,,99763,23,4,,0
99103,'20262010',2615,,90495,49,,,0,130,,90496,49,,,0
99103,'20262510',2615,,90497,49,,,0,130,,90498,49,,,0
99103,'20263010',2616,,106122,50,,,0,130,,106123,50,,,0
99103,'20263510',2616,,106124,50,,,0,130,,106125,50,,,0
99103,'20263511',2616,,106126,50,,,0,130,,106127,50,,,0
7009003,'20263010',1559,,106154,19,,,0
