5302,'20262010',710,,83462,12,,,0,28,,83465,12,,,0,73,,83444,12,,,0,37,,83456,12,,,0,73,,83464,12,,,0,88,,83457,12,,,0,100,,83445,12,,,0,99,,83461,12,,,0,101,,83458,12,,,0,100,,83459,12,,,0,100,,83460,12,,,0,29,,83454,12,,,0,76,,83446,12,,,0,35,,83453,12,,,0,71,,83451,12,,,0,23,,83447,12,,,0,67,,83448,12,,,0,101,,83452,12,,,0,101,,83449,12,,,0,101,,83450,12,,,0,101,,83455,12,,,0,107,,83463,12,,,0
5302,'20262510',709,,83479,12,,,0,101,,83466,12,,,0,99,,83467,12,,,0,100,,83478,12,,,0,99,,83468,12,,,0,99,,83469,12,,,0,100,,83480,12,,,0,99,,83470,12,,,0,98,,83471,12,,,0,105,,83481,12,,,0,99,,83472,12,,,0,100,,83473,12,,,0,100,,83477,12,,,0,100,,83474,12,,,0,100,,83475,12,,,0,98,,83482,12,,,0,106,,83476,12,,,0
5302,'20262610',709,,83496,12,,,0,101,,83483,12,,,0,99,,83484,12,,,0,100,,83495,12,,,0,99,,83485,12,,,0,99,,83486,12,,,0,100,,83497,12,,,0,99,,83487,12,,,0,98,,83488,12,,,0,105,,83499,12,,,0,99,,83489,12,,,0,100,,83490,12,,,0,100,,83494,12,,,0,100,,83491,12,,,0,100,,83492,12,,,0,98,,83498,12,,,0,106,,83493,12,,,0
5302,'20263010',705,,94403,12,,,0,29,,94406,12,,,0,71,,94385,12,,,0,34,,94397,12,,,0,81,,94405,12,,,0,85,,94398,12,,,0,100,,94386,12,,,0,101,,94402,12,,,0,100,,94399,12,,,0,100,,94400,12,,,0,45,,94401,12,,,0,85,,94395,12,,,0,65,,94387,12,,,0,31,,94394,12,,,0,76,,94392,12,,,0,27,,94388,12,,,0,69,,94389,12,,,0,101,,94393,12,,,0,100,,94390,12,,,0,104,,94391,12,,,0,104,,94396,12,,,0,103,,94404,12,,,0
5302,'20263510',709,,94420,12,,,0,101,,94407,12,,,0,100,,94408,12,,,0,100,,94419,12,,,0,98,,94409,12,,,0,99,,94410,12,,,0,100,,94421,12,,,0,99,,94411,12,,,0,97,,94412,12,,,0,104,,94422,12,,,0,96,,94413,12,,,0,105,,94414,12,,,0,100,,94418,12,,,0,100,,94415,12,,,0,100,,94416,12,,,0,98,,94423,12,,,0,106,,94417,12,,,0
5302,'20263511',709,,94437,12,,,0,101,,94424,12,,,0,100,,94425,12,,,0,100,,94436,12,,,0,98,,94426,12,,,0,99,,94427,12,,,0,100,,94438,12,,,0,99,,94428,12,,,0,97,,94429,12,,,0,104,,94439,12,,,0,96,,94430,12,,,0,105,,94431,12,,,0,100,,94435,12,,,0,100,,94432,12,,,0,100,,94433,12,,,0,98,,94440,12,,,0,106,,94434,12,,,0
5302,'20263610',709,,94452,12,,,0,101,,94442,12,,,0,100,,94448,12,,,0,100,,94453,12,,,0,98,,94443,12,,,0,99,,94447,12,,,0,100,,94457,12,,,0,99,,94441,12,,,0,97,,94450,12,,,0,104,,94455,12,,,0,96,,94449,12,,,0,105,,94446,12,,,0,100,,94454,12,,,0,100,,94451,12,,,0,100,,94445,12,,,0,98,,94456,12,,,0,106,,94444,12,,,0
5302,'20263611',709,,94469,12,,,0,101,,94459,12,,,0,100,,94465,12,,,0,100,,94470,12,,,0,98,,94460,12,,,0,99,,94464,12,,,0,100,,94474,12,,,0,99,,94458,12,,,0,97,,94467,12,,,0,104,,94472,12,,,0,96,,94466,12,,,0,105,,94463,12,,,0,100,,94471,12,,,0,100,,94468,12,,,0,100,,94462,12,,,0,98,,94473,12,,,0,106,,94461,12,,,0
25300,'20262010',1554,,86511,11,4,,0,70,,86512,11,4,,0,29,,86513,11,4,,0,70,,86514,11,4,,0
25300,'20263010',1557,,99579,11,4,,0,70,,99580,11,4,,0,32,,99581,11,4,,0,70,,99582,11,4,,0
