5800,'20262010',704,,83965,9,,,0,102,,83966,9,,,0,30,,83950,9,,,0,70,,83967,9,,,0,36,,83962,9,,,0,103,,83968,9,,,0,100,,83951,9,,,0,100,,83952,9,,,0,100,,83969,9,,,0,100,,83961,9,,,0,70,,83953,9,,,0,24,,83954,9,,,0,69,,83955,9,,,0,31,,83956,9,,,0,78,,83957,9,,,0,29,,83958,9,,,0,69,,83971,9,,,0,31,,83960,9,,,0,99,,83970,9,,,0,101,,83963,9,,,0,99,,83964,9,,,0,100,,83959,9,,,0,98,,83972,9,,,0
5800,'20262510',737,,83982,9,,,0,99,,83973,9,,,0,101,,83983,9,,,0,99,,83980,9,,,0,100,,83984,9,,,0,100,,83974,9,,,0,100,,83975,9,,,0,100,,83985,9,,,0,101,,83986,9,,,0,103,,83981,9,,,0,103,,83976,9,,,0,95,,83977,9,,,0,98,,83987,9,,,0,100,,83988,9,,,0,100,,83989,9,,,0,100,,83978,9,,,0,100,,83979,9,,,0
5800,'20262610',737,,84003,9,,,0,99,,84001,9,,,0,101,,83997,9,,,0,99,,84000,9,,,0,100,,84005,9,,,0,100,,83992,9,,,0,100,,83990,9,,,0,100,,84004,9,,,0,101,,83994,9,,,0,103,,83991,9,,,0,103,,83998,9,,,0,95,,84002,9,,,0,98,,83996,9,,,0,100,,83995,9,,,0,100,,84006,9,,,0,100,,83999,9,,,0,100,,83993,9,,,0
5800,'20263010',704,,95218,9,,,0,102,,95219,9,,,0,30,,95203,9,,,0,72,,95220,9,,,0,35,,95215,9,,,0,101,,95221,9,,,0,100,,95204,9,,,0,100,,95205,9,,,0,100,,95222,9,,,0,99,,95214,9,,,0,70,,95206,9,,,0,30,,95207,9,,,0,68,,95208,9,,,0,29,,95209,9,,,0,76,,95210,9,,,0,31,,95211,9,,,0,68,,95224,9,,,0,30,,95213,9,,,0,100,,95223,9,,,0,101,,95216,9,,,0,99,,95217,9,,,0,99,,95212,9,,,0,98,,95225,9,,,0
5800,'20263510',736,,95235,9,,,0,99,,95226,9,,,0,101,,95236,9,,,0,99,,95233,9,,,0,98,,95237,9,,,0,104,,95227,9,,,0,100,,95228,9,,,0,103,,95238,9,,,0,97,,95239,9,,,0,103,,95234,9,,,0,105,,95229,9,,,0,94,,95230,9,,,0,98,,95240,9,,,0,98,,95241,9,,,0,100,,95242,9,,,0,100,,95231,9,,,0,100,,95232,9,,,0
5800,'20263511',736,,95252,9,,,0,99,,95243,9,,,0,101,,95253,9,,,0,99,,95250,9,,,0,98,,95254,9,,,0,104,,95244,9,,,0,100,,95245,9,,,0,103,,95255,9,,,0,97,,95256,9,,,0,103,,95251,9,,,0,105,,95246,9,,,0,94,,95247,9,,,0,98,,95257,9,,,0,98,,95258,9,,,0,100,,95259,9,,,0,100,,95248,9,,,0,100,,95249,9,,,0
5800,'20263610',736,,95272,9,,,0,99,,95262,9,,,0,101,,95271,9,,,0,99,,95267,9,,,0,98,,95275,9,,,0,104,,95260,9,,,0,100,,95263,9,,,0,103,,95273,9,,,0,97,,95270,9,,,0,103,,95268,9,,,0,105,,95264,9,,,0,94,,95261,9,,,0,98,,95274,9,,,0,98,,95276,9,,,0,100,,95269,9,,,0,100,,95265,9,,,0,100,,95266,9,,,0
5800,'20263611',736,,95289,9,,,0,99,,95279,9,,,0,101,,95288,9,,,0,99,,95284,9,,,0,98,,95292,9,,,0,104,,95277,9,,,0,100,,95280,9,,,0,103,,95290,9,,,0,97,,95287,9,,,0,103,,95285,9,,,0,105,,95281,9,,,0,94,,95278,9,,,0,98,,95291,9,,,0,98,,95293,9,,,0,100,,95286,9,,,0,100,,95282,9,,,0,100,,95283,9,,,0
23600,'20262010',1552,,86465,8,4,,0,70,,86466,8,4,,0,14,,86467,8,4,,0,15,,86468,8,4,,0,68,,86469,8,4,,0,30,,86470,8,4,,0
23600,'20263010',1554,,99525,8,4,,0,72,,99526,8,4,,0,14,,99527,8,4,,0,13,,99528,8,4,,0,70,,99529,8,4,,0,27,,99530,8,4,,0
25800,'20262010',1600,,86544,15,4,,0,31,,86545,15,4,,0,69,,86546,15,4,,0,29,,86547,15,4,,0
25800,'20263010',1608,,99614,15,4,,0,32,,99615,15,4,,0,67,,99616,15,4,,0,29,,99617,15,4,,0
