13301,'20260010',613,,5357,,,0,30,,5351,,,0,15,,5352,,,0,58,,5355,,,0,14,,5354,,,0,26,,5353,,,0,63,,5356,,,0
13301,'20261010',613,,17226,,,0,30,,17220,,,0,15,,17221,,,0,58,,17224,,,0,14,,17223,,,0,26,,17222,,,0,63,,17225,,,0
23001,'20260010',615,,5394,,,0,23,,5392,,,0,19,,5393,,,0,61,,5390,,,0,19,,5395,,,0,71,,5391,,,0
23001,'20261010',615,,17263,,,0,22,,17261,,,0,19,,17262,,,0,62,,17259,,,0,19,,17264,,,0,71,,17260,,,0
33701,'20260010',633,,5665,,,0,9,,5669,,,0,11,,5666,,,0,67,,5670,,,0,30,,5671,,,0,109,,5667,,,0,241,,5668,,,0
33701,'20261010',633,,17528,,,0,9,,17532,,,0,9,,17529,,,0,69,,17533,,,0,32,,17534,,,0,107,,17530,,,0,241,,17531,,,0
53701,'20260010',705,,5793,,,0,29,,5794,,,0
53701,'20261010',705,,17730,,,0,29,,17731,,,0
80103,'20260010',505,,6790,,,1,15,,6689,,,1,14,,6690,,,1,14,,6691,,,1,54,,6692,,,1,14,,6693,,,1,13,,6694,,,1,10,,6695,,,1,9,,6696,,,1,6,,6697,,,1,46,,6698,,,1,7,,6699,,,1,6,,6700,,,1,8,,6701,,,1,8,,6702,,,1,8,,6703,,,1,9,,6704,,,1,8,,6705,,,1,50,,6706,,,1,10,,6707,,,1,10,,6708,,,1,10,,6709,,,1,10,,6710,,,1,10,,6711,,,1,50,,6712,,,1,10,,6713,,,1,11,,6714,,,1,11,,6715,,,1,10,,6716,,,1,10,,6717,,,1,50,,6718,,,1,10,,6719,,,1,10,,6720,,,1,10,,6721,,,1,10,,6722,,,1,10,,6723,,,1,50,,6724,,,1,9,,6725,,,1,10,,6726,,,1,10,,6727,,,1,10,,6728,,,1,10,,6729,,,1,50,,6730,,,1,10,,6731,,,1,10,,6732,,,1,10,,6733,,,1,10,,6734,,,1,10,,6735,,,1,50,,6736,,,1,10,,6737,,,1,10,,6738,,,1,10,,6739,,,1,10,,6740,,,1,10,,6741,,,1,50,,6742,,,1,10,,6743,,,1,9,,6744,,,1,8,,6745,,,1,10,,6746,,,1,10,,6747,,,1,50,,6748,,,1,10,,6749,,,1,8,,6750,,,1,9,,6751,,,1,11,,6752,,,1,10,,6753,,,1,50,,6754,,,1,10,,6755,,,1,10,,6756,,,1,10,,6757,,,1,10,,6758,,,1,10,,6759,,,1,52,,6760,,,1,16,,6761,,,1,16,,6762,,,1,15,,6763,,,1,56,,6764,,,1,17,,6765,,,1,16,,6766,,,1,15,,6767,,,1,55,,6768,,,1,17,,6769,,,1,15,,6770,,,1,15,,6771,,,1,55,,6772,,,1,16,,6773,,,1,15,,6774,,,1,15,,6775,,,1,57,,6776,,,1,15,,6777,,,1,15,,6778,,,1,15,,6779,,,1,55,,6780,,,1,15,,6781,,,1,15,,6782,,,1,16,,6783,,,1,55,,6784,,,1,16,,6785,,,1,16,,6786,,,1,55,,6787,,,1,15,,6788,,,1,15,,6789,,,1,14,,6791,,,1
80103,'20261010',506,,19116,0,23 24,1,15,,19028,0,23 24,1,13,,19029,0,23 24,1,9,,19030,0,23 24,1,10,,19031,0,23 24,1,49,,19032,0,23 24,1,10,,19033,0,23 24,1,9,,19034,0,23 24,1,10,,19035,0,23 24,1,9,,19036,0,23 24,1,10,,19037,0,23 24,1,50,,19038,0,23 24,1,8,,19039,0,23 24,1,10,,19040,0,23 24,1,8,,19041,0,23 24,1,10,,19042,0,23 24,1,10,,19043,0,23 24,1,11,,19044,0,23 24,1,50,,19045,0,23 24,1,11,,19046,0,23 24,1,10,,19047,0,23 24,1,12,,19048,0,23 24,1,14,,19049,0,23 24,1,54,,19050,0,23 24,1,15,,19051,0,23 24,1,15,,19052,0,23 24,1,16,,19053,0,23 24,1,54,,19054,0,23 24,1,14,,19055,0,23 24,1,15,,19056,0,23 24,1,15,,19057,0,23 24,1,55,,19058,0,23 24,1,15,,19059,0,23 24,1,16,,19060,0,23 24,1,15,,19061,0,23 24,1,55,,19062,0,23 24,1,14,,19063,0,23 24,1,16,,19064,0,23 24,1,15,,19065,0,23 24,1,55,,19066,0,23 24,1,15,,19067,0,23 24,1,15,,19068,0,23 24,1,15,,19069,0,23 24,1,56,,19070,0,23 24,1,13,,19071,0,23 24,1,9,,19118,0,23 24,1,9,,19072,0,23 24,1,10,,19073,0,23 24,1,9,,19074,0,23 24,1,49,,19075,0,23 24,1,10,,19076,0,23 24,1,10,,19077,0,23 24,1,10,,19078,0,23 24,1,11,,19079,0,23 24,1,10,,19080,0,23 24,1,49,,19081,0,23 24,1,9,,19082,0,23 24,1,9,,19083,0,23 24,1,11,,19084,0,23 24,1,10,,19085,0,23 24,1,10,,19086,0,23 24,1,50,,19087,0,23 24,1,13,,19119,0,23 24,1,14,,19088,0,23 24,1,16,,19089,0,23 24,1,56,,19090,0,23 24,1,15,,19091,0,23 24,1,16,,19092,0,23 24,1,15,,19093,0,23 24,1,56,,19094,0,23 24,1,17,,19095,0,23 24,1,15,,19096,0,23 24,1,15,,19097,0,23 24,1,56,,19098,0,23 24,1,15,,19099,0,23 24,1,16,,19100,0,23 24,1,14,,19101,0,23 24,1,55,,19102,0,23 24,1,15,,19103,0,23 24,1,15,,19104,0,23 24,1,15,,19105,0,23 24,1,55,,19106,0,23 24,1,15,,19107,0,23 24,1,14,,19108,0,23 24,1,15,,19109,0,23 24,1,54,,19110,0,23 24,1,15,,19111,0,23 24,1,16,,19112,0,23 24,1,15,,19113,0,23 24,1,55,,19114,0,23 24,1,15,,19115,0,23 24,1,15,,19117,0,23 24,1
80103,'20261510',537,,19120,0,23 24,1,16,,19121,0,23 24,1,55,,19122,0,23 24,1,15,,19123,0,23 24,1,15,,19124,0,23 24,1,14,,19125,0,23 24,1,56,,19126,0,23 24,1,14,,19127,0,23 24,1,15,,19128,0,23 24,1,15,,19129,0,23 24,1,55,,19130,0,23 24,1,15,,19131,0,23 24,1,15,,19132,0,23 24,1,15,,19133,0,23 24,1,55,,19134,0,23 24,1,16,,19135,0,23 24,1,14,,19136,0,23 24,1,15,,19137,0,23 24,1,55,,19138,0,23 24,1,16,,19139,0,23 24,1,16,,19140,0,23 24,1,14,,19141,0,23 24,1,56,,19142,0,23 24,1,14,,19143,0,23 24,1,16,,19144,0,23 24,1,17,,19145,0,23 24,1,55,,19146,0,23 24,1,14,,19147,0,23 24,1,15,,19148,0,23 24,1,15,,19149,0,23 24,1,56,,19150,0,23 24,1,15,,19151,0,23 24,1,13,,19152,0,23 24,1,15,,19153,0,23 24,1,55,,19154,0,23 24,1,15,,19155,0,23 24,1,15,,19156,0,23 24,1,15,,19157,0,23 24,1,56,,19158,0,23 24,1,15,,19159,0,23 24,1,14,,19160,0,23 24,1,15,,19161,0,23 24,1,56,,19162,0,23 24,1,16,,19163,0,23 24,1,15,,19164,0,23 24,1,15,,19165,0,23 24,1,55,,19166,0,23 24,1,14,,19167,0,23 24,1,16,,19168,0,23 24,1,15,,19169,0,23 24,1,56,,19170,0,23 24,1,16,,19171,0,23 24,1,15,,19172,0,23 24,1,15,,19173,0,23 24,1,55,,19174,0,23 24,1,15,,19175,0,23 24,1,14,,19176,0,23 24,1,14,,19177,0,23 24,1,54,,19178,0,23 24,1,13,,19179,0,23 24,1,15,,19180,0,23 24,1,15,,19181,0,23 24,1,55,,19182,0,23 24,1,15,,19183,0,23 24,1,15,,19184,0,23 24,1,15,,19185,0,23 24,1,54,,19186,0,23 24,1,15,,19187,0,23 24,1,15,,19188,0,23 24,1,15,,19189,0,23 24,1,55,,19190,0,23 24,1,15,,19191,0,23 24,1,15,,19192,0,23 24,1,15,,19193,0,23 24,1,55,,19194,0,23 24,1,15,,19195,0,23 24,1,14,,19196,0,23 24,1
80103,'20261511',537,,19197,0,23 24,1,16,,19198,0,23 24,1,55,,19199,0,23 24,1,15,,19200,0,23 24,1,15,,19201,0,23 24,1,14,,19202,0,23 24,1,56,,19203,0,23 24,1,14,,19204,0,23 24,1,15,,19205,0,23 24,1,15,,19206,0,23 24,1,55,,19207,0,23 24,1,15,,19208,0,23 24,1,15,,19209,0,23 24,1,15,,19210,0,23 24,1,55,,19211,0,23 24,1,16,,19212,0,23 24,1,14,,19213,0,23 24,1,15,,19214,0,23 24,1,55,,19215,0,23 24,1,16,,19216,0,23 24,1,16,,19217,0,23 24,1,14,,19218,0,23 24,1,56,,19219,0,23 24,1,14,,19220,0,23 24,1,16,,19221,0,23 24,1,17,,19222,0,23 24,1,55,,19223,0,23 24,1,14,,19224,0,23 24,1,15,,19225,0,23 24,1,15,,19226,0,23 24,1,56,,19227,0,23 24,1,15,,19228,0,23 24,1,13,,19229,0,23 24,1,15,,19230,0,23 24,1,55,,19231,0,23 24,1,15,,19232,0,23 24,1,15,,19233,0,23 24,1,15,,19234,0,23 24,1,56,,19235,0,23 24,1,15,,19236,0,23 24,1,14,,19237,0,23 24,1,15,,19238,0,23 24,1,56,,19239,0,23 24,1,16,,19240,0,23 24,1,15,,19241,0,23 24,1,15,,19242,0,23 24,1,55,,19243,0,23 24,1,14,,19244,0,23 24,1,16,,19245,0,23 24,1,15,,19246,0,23 24,1,56,,19247,0,23 24,1,16,,19248,0,23 24,1,15,,19249,0,23 24,1,15,,19250,0,23 24,1,55,,19251,0,23 24,1,15,,19252,0,23 24,1,14,,19253,0,23 24,1,14,,19254,0,23 24,1,54,,19255,0,23 24,1,13,,19256,0,23 24,1,15,,19257,0,23 24,1,15,,19258,0,23 24,1,55,,19259,0,23 24,1,15,,19260,0,23 24,1,15,,19261,0,23 24,1,15,,19262,0,23 24,1,54,,19263,0,23 24,1,15,,19264,0,23 24,1,15,,19265,0,23 24,1,15,,19266,0,23 24,1,55,,19267,0,23 24,1,15,,19268,0,23 24,1,15,,19269,0,23 24,1,15,,19270,0,23 24,1,55,,19271,0,23 24,1,15,,19272,0,23 24,1,14,,19273,0,23 24,1
80103,'20261610',537,,19274,0,23 24,1,16,,19275,0,23 24,1,55,,19276,0,23 24,1,15,,19277,0,23 24,1,15,,19278,0,23 24,1,14,,19279,0,23 24,1,56,,19280,0,23 24,1,14,,19281,0,23 24,1,15,,19282,0,23 24,1,15,,19283,0,23 24,1,55,,19284,0,23 24,1,15,,19285,0,23 24,1,15,,19286,0,23 24,1,15,,19287,0,23 24,1,55,,19288,0,23 24,1,16,,19289,0,23 24,1,14,,19290,0,23 24,1,15,,19291,0,23 24,1,55,,19292,0,23 24,1,16,,19293,0,23 24,1,16,,19294,0,23 24,1,14,,19295,0,23 24,1,56,,19296,0,23 24,1,14,,19297,0,23 24,1,16,,19298,0,23 24,1,17,,19299,0,23 24,1,55,,19300,0,23 24,1,14,,19301,0,23 24,1,15,,19302,0,23 24,1,15,,19303,0,23 24,1,56,,19304,0,23 24,1,15,,19305,0,23 24,1,13,,19306,0,23 24,1,15,,19307,0,23 24,1,55,,19308,0,23 24,1,15,,19309,0,23 24,1,15,,19310,0,23 24,1,15,,19311,0,23 24,1,56,,19312,0,23 24,1,15,,19313,0,23 24,1,14,,19314,0,23 24,1,15,,19315,0,23 24,1,56,,19316,0,23 24,1,16,,19317,0,23 24,1,15,,19318,0,23 24,1,15,,19319,0,23 24,1,55,,19320,0,23 24,1,14,,19321,0,23 24,1,16,,19322,0,23 24,1,15,,19323,0,23 24,1,56,,19324,0,23 24,1,16,,19325,0,23 24,1,15,,19326,0,23 24,1,15,,19327,0,23 24,1,55,,19328,0,23 24,1,15,,19329,0,23 24,1,14,,19330,0,23 24,1,14,,19331,0,23 24,1,54,,19332,0,23 24,1,13,,19333,0,23 24,1,15,,19334,0,23 24,1,15,,19335,0,23 24,1,55,,19336,0,23 24,1,15,,19337,0,23 24,1,15,,19338,0,23 24,1,15,,19339,0,23 24,1,54,,19340,0,23 24,1,15,,19341,0,23 24,1,15,,19342,0,23 24,1,15,,19343,0,23 24,1,55,,19344,0,23 24,1,15,,19345,0,23 24,1,15,,19346,0,23 24,1,15,,19347,0,23 24,1,55,,19348,0,23 24,1,15,,19349,0,23 24,1,14,,19350,0,23 24,1
80103,'20261611',537,,19351,0,23 24,1,16,,19352,0,23 24,1,55,,19353,0,23 24,1,15,,19354,0,23 24,1,15,,19355,0,23 24,1,14,,19356,0,23 24,1,56,,19357,0,23 24,1,14,,19358,0,23 24,1,15,,19359,0,23 24,1,15,,19360,0,23 24,1,55,,19361,0,23 24,1,15,,19362,0,23 24,1,15,,19363,0,23 24,1,15,,19364,0,23 24,1,55,,19365,0,23 24,1,16,,19366,0,23 24,1,14,,19367,0,23 24,1,15,,19368,0,23 24,1,55,,19369,0,23 24,1,16,,19370,0,23 24,1,16,,19371,0,23 24,1,14,,19372,0,23 24,1,56,,19373,0,23 24,1,14,,19374,0,23 24,1,16,,19375,0,23 24,1,17,,19376,0,23 24,1,55,,19377,0,23 24,1,14,,19378,0,23 24,1,15,,19379,0,23 24,1,15,,19380,0,23 24,1,56,,19381,0,23 24,1,15,,19382,0,23 24,1,13,,19383,0,23 24,1,15,,19384,0,23 24,1,55,,19385,0,23 24,1,15,,19386,0,23 24,1,15,,19387,0,23 24,1,15,,19388,0,23 24,1,56,,19389,0,23 24,1,15,,19390,0,23 24,1,14,,19391,0,23 24,1,15,,19392,0,23 24,1,56,,19393,0,23 24,1,16,,19394,0,23 24,1,15,,19395,0,23 24,1,15,,19396,0,23 24,1,55,,19397,0,23 24,1,14,,19398,0,23 24,1,16,,19399,0,23 24,1,15,,19400,0,23 24,1,56,,19401,0,23 24,1,16,,19402,0,23 24,1,15,,19403,0,23 24,1,15,,19404,0,23 24,1,55,,19405,0,23 24,1,15,,19406,0,23 24,1,14,,19407,0,23 24,1,14,,19408,0,23 24,1,54,,19409,0,23 24,1,13,,19410,0,23 24,1,15,,19411,0,23 24,1,15,,19412,0,23 24,1,55,,19413,0,23 24,1,15,,19414,0,23 24,1,15,,19415,0,23 24,1,15,,19416,0,23 24,1,54,,19417,0,23 24,1,15,,19418,0,23 24,1,15,,19419,0,23 24,1,15,,19420,0,23 24,1,55,,19421,0,23 24,1,15,,19422,0,23 24,1,15,,19423,0,23 24,1,15,,19424,0,23 24,1,55,,19425,0,23 24,1,15,,19426,0,23 24,1,14,,19427,0,23 24,1
93101,'20260010',2625,,8863,,,0
93101,'20261010',2625,,23733,,,0
93101,'20261510',2625,,23734,,,0
93101,'20261511',2625,,23735,,,0
