9103,'20262010',639,,85928,53,,,0,102,,85929,53,,,0,100,,85930,53,,,0,102,,85931,53,,,0,99,,85932,53,,,0,100,,85933,53,,,0,100,,85934,53,,,0,100,,85935,53,,,0,100,,85936,53,,,0,99,,85937,53,,,0,64,,85938,53,,,0,36,,85939,53,,,0,70,,85940,53,,,0,33,,85941,53,,,0,71,,85942,53,,,0,27,,85943,53,,,0,100,,85944,53,,,0,98,,85945,53,,,0,100,,85946,53,,,0,100,,85947,53,,,0,99,,85948,53,,,0
9103,'20262510',633,,85949,53,,,0,100,,85950,53,,,0,100,,85951,53,,,0,101,,85952,53,,,0,100,,85953,53,,,0,101,,85954,53,,,0,100,,85955,53,,,0,100,,85956,53,,,0,100,,85957,53,,,0,100,,85958,53,,,0,100,,85959,53,,,0,100,,85960,53,,,0,99,,85961,53,,,0,99,,85962,53,,,0,100,,85963,53,,,0,100,,85964,53,,,0,100,,85965,53,,,0,100,,85966,53,,,0
9103,'20262610',633,,85967,53,,,0,100,,85968,53,,,0,100,,85969,53,,,0,101,,85970,53,,,0,100,,85971,53,,,0,101,,85972,53,,,0,100,,85973,53,,,0,100,,85974,53,,,0,100,,85975,53,,,0,100,,85976,53,,,0,100,,85977,53,,,0,100,,85978,53,,,0,99,,85979,53,,,0,99,,85980,53,,,0,100,,85981,53,,,0,100,,85982,53,,,0,100,,85983,53,,,0,100,,85984,53,,,0
9103,'20263010',640,,98585,53,,,0,101,,98586,53,,,0,101,,98587,53,,,0,101,,98588,53,,,0,100,,98589,53,,,0,100,,98590,53,,,0,100,,98591,53,,,0,100,,98592,53,,,0,99,,98593,53,,,0,98,,98594,53,,,0,69,,98595,53,,,0,31,,98596,53,,,0,72,,98597,53,,,0,34,,98598,53,,,0,70,,98599,53,,,0,27,,98600,53,,,0,99,,98601,53,,,0,100,,98602,53,,,0,99,,98603,53,,,0,100,,98604,53,,,0,97,,98605,53,,,0
9103,'20263510',634,,98606,53,,,0,100,,98607,53,,,0,101,,98608,53,,,0,100,,98609,53,,,0,100,,98610,53,,,0,101,,98611,53,,,0,100,,98612,53,,,0,99,,98613,53,,,0,101,,98614,53,,,0,100,,98615,53,,,0,100,,98616,53,,,0,100,,98617,53,,,0,100,,98618,53,,,0,97,,98619,53,,,0,101,,98620,53,,,0,100,,98621,53,,,0,100,,98622,53,,,0,100,,98623,53,,,0
9103,'20263511',634,,98624,53,,,0,100,,98625,53,,,0,101,,98626,53,,,0,100,,98627,53,,,0,100,,98628,53,,,0,101,,98629,53,,,0,100,,98630,53,,,0,99,,98631,53,,,0,101,,98632,53,,,0,100,,98633,53,,,0,100,,98634,53,,,0,100,,98635,53,,,0,100,,98636,53,,,0,97,,98637,53,,,0,101,,98638,53,,,0,100,,98639,53,,,0,100,,98640,53,,,0,100,,98641,53,,,0
9103,'20263610',634,,98642,53,,,0,100,,98643,53,,,0,101,,98644,53,,,0,100,,98645,53,,,0,100,,98646,53,,,0,101,,98647,53,,,0,100,,98648,53,,,0,99,,98649,53,,,0,101,,98650,53,,,0,100,,98651,53,,,0,100,,98652,53,,,0,100,,98653,53,,,0,100,,98654,53,,,0,97,,98655,53,,,0,101,,98656,53,,,0,100,,98657,53,,,0,100,,98658,53,,,0,100,,98659,53,,,0
9103,'20263611',634,,98660,53,,,0,100,,98661,53,,,0,101,,98662,53,,,0,100,,98663,53,,,0,100,,98664,53,,,0,101,,98665,53,,,0,100,,98666,53,,,0,99,,98667,53,,,0,101,,98668,53,,,0,100,,98669,53,,,0,100,,98670,53,,,0,100,,98671,53,,,0,100,,98672,53,,,0,97,,98673,53,,,0,101,,98674,53,,,0,100,,98675,53,,,0,100,,98676,53,,,0,100,,98677,53,,,0
29103,'20262010',1608,,86676,60,4,,0,31,,86673,60,4,,0,74,,86675,60,4,,0,30,,86674,60,4,,0
29103,'20263010',1613,,99751,60,4,,0,32,,99748,60,4,,0,71,,99750,60,4,,0,32,,99749,60,4,,0
99103,'20262010',2633,,90495,87,,,0,170,,90496,87,,,0
99103,'20262510',2633,,90497,87,,,0,170,,90498,87,,,0
99103,'20263010',2634,,106122,88,,,0,170,,106123,88,,,0
99103,'20263510',2634,,106124,88,,,0,170,,106125,88,,,0
99103,'20263511',2634,,106126,88,,,0,170,,106127,88,,,0
