3901,'20262010',622,,83174,23,,,0,95,,83175,23,,,0,30,,83176,23,,,0,70,,83177,23,,,0,103,,83178,23,,,0,100,,83179,23,,,0,100,,83180,23,,,0,100,,83181,23,,,0,100,,83182,23,,,0,100,,83183,23,,,0,99,,83184,23,,,0,100,,83191,23,,,0,100,,83185,23,,,0,103,,83186,23,,,0,100,,83187,23,,,0,100,,83188,23,,,0,100,,83189,23,,,0,200,,83190,23,,,0
3901,'20262510',722,,83192,23,,,0,100,,83193,23,,,0,100,,83194,23,,,0,100,,83195,23,,,0,100,,83196,23,,,0,100,,83197,23,,,0,100,,83198,23,,,0,100,,83199,23,,,0,100,,83200,23,,,0,100,,83201,23,,,0,100,,83202,23,,,0,100,,83203,23,,,0,100,,83204,23,,,0,100,,83207,23,,,0,100,,83205,23,,,0,200,,83206,23,,,0
3901,'20262610',722,,83222,23,,,0,100,,83208,23,,,0,100,,83223,23,,,0,100,,83209,23,,,0,100,,83210,23,,,0,100,,83211,23,,,0,100,,83212,23,,,0,100,,83213,23,,,0,100,,83214,23,,,0,100,,83215,23,,,0,100,,83216,23,,,0,100,,83217,23,,,0,100,,83218,23,,,0,100,,83221,23,,,0,100,,83219,23,,,0,200,,83220,23,,,0
3901,'20263010',623,,93940,23,,,0,28,,93941,23,,,0,70,,93942,23,,,0,28,,93943,23,,,0,70,,93944,23,,,0,13,,93959,23,,,0,89,,93945,23,,,0,101,,93946,23,,,0,100,,93947,23,,,0,100,,93948,23,,,0,100,,93949,23,,,0,100,,93950,23,,,0,99,,93951,23,,,0,99,,93958,23,,,0,101,,93952,23,,,0,101,,93953,23,,,0,100,,93954,23,,,0,100,,93955,23,,,0,101,,93956,23,,,0,100,,93960,23,,,0,100,,93957,23,,,0
3901,'20263510',723,,93961,23,,,0,100,,93962,23,,,0,99,,93963,23,,,0,100,,93964,23,,,0,100,,93965,23,,,0,100,,93966,23,,,0,100,,93967,23,,,0,100,,93968,23,,,0,100,,93969,23,,,0,100,,93970,23,,,0,100,,93971,23,,,0,100,,93972,23,,,0,101,,93973,23,,,0,100,,93976,23,,,0,100,,93974,23,,,0,100,,93977,23,,,0,100,,93975,23,,,0
3901,'20263511',723,,93978,23,,,0,100,,93979,23,,,0,99,,93980,23,,,0,100,,93981,23,,,0,100,,93982,23,,,0,100,,93983,23,,,0,100,,93984,23,,,0,100,,93985,23,,,0,100,,93986,23,,,0,100,,93987,23,,,0,100,,93988,23,,,0,100,,93989,23,,,0,101,,93990,23,,,0,100,,93993,23,,,0,100,,93991,23,,,0,100,,93994,23,,,0,100,,93992,23,,,0
3901,'20263610',723,,94009,23,,,0,100,,93995,23,,,0,99,,94010,23,,,0,100,,93996,23,,,0,100,,93997,23,,,0,100,,93998,23,,,0,100,,93999,23,,,0,100,,94000,23,,,0,100,,94001,23,,,0,100,,94002,23,,,0,100,,94003,23,,,0,100,,94004,23,,,0,101,,94005,23,,,0,100,,94008,23,,,0,100,,94006,23,,,0,100,,94011,23,,,0,100,,94007,23,,,0
3901,'20263611',723,,94026,23,,,0,100,,94012,23,,,0,99,,94027,23,,,0,100,,94013,23,,,0,100,,94014,23,,,0,100,,94015,23,,,0,100,,94016,23,,,0,100,,94017,23,,,0,100,,94018,23,,,0,100,,94019,23,,,0,100,,94020,23,,,0,100,,94021,23,,,0,101,,94022,23,,,0,100,,94025,23,,,0,100,,94023,23,,,0,100,,94028,23,,,0,100,,94024,23,,,0
23801,'20263010',640,,99554,10,,,0,13,,99555,10,,,0,53,,99556,10,,,0,22,,99557,10,,,0
33801,'20263010',634,,99810,10,,,0,14,,99811,10,,,0,72,,99812,10,,,0,388,,99813,10,,,0
53001,'20262010',623,,86767,10,,,0,28,,86768,10,,,0,66,,86770,10,,,0,35,,86769,10,,,0
53801,'20263010',623,,100014,10,,,0,33,,100015,10,,,0,70,,100016,10,,,0
