3100,'20262010',1528,,65432,27,,,0,980,,65446,27,,,0
3100,'20262011',1528,,65455,27,,,0,980,,65469,27,,,0
3100,'20262510',2507,,65479,27,,,0
3100,'20262511',2507,,65489,27,,,0
3100,'20262610',2507,,65499,27,,,0
3100,'20262611',2507,,65509,27,,,0
3101,'20262010',618,,65510,5,,,0,30,,65511,5,,,0,84,,65512,5,,,0,71,,65513,5,,,0,29,,65514,5,,,0,79,,65515,5,,,0,96,,65516,5,,,0,99,,65517,5,,,0,100,,65518,5,,,0,101,,65519,5,,,0,99,,65520,5,,,0,101,,65521,5,,,0,105,,65522,5,,,0,45,,65530,5,,,0,67,,65523,5,,,0,28,,65532,5,,,0,67,,65524,5,,,0,26,,65531,5,,,0,69,,65525,5,,,0,29,,65533,5,,,0,76,,65526,5,,,0,95,,65527,5,,,0,100,,65528,5,,,0,100,,65529,5,,,0
3101,'20262011',618,,65534,5,,,0,30,,65535,5,,,0,84,,65536,5,,,0,71,,65537,5,,,0,29,,65538,5,,,0,79,,65539,5,,,0,96,,65540,5,,,0,99,,65541,5,,,0,100,,65542,5,,,0,101,,65543,5,,,0,99,,65544,5,,,0,101,,65545,5,,,0,105,,65546,5,,,0,45,,65554,5,,,0,67,,65547,5,,,0,28,,65556,5,,,0,67,,65548,5,,,0,26,,65555,5,,,0,69,,65549,5,,,0,29,,65557,5,,,0,76,,65550,5,,,0,95,,65551,5,,,0,100,,65552,5,,,0,100,,65553,5,,,0
3101,'20262510',556,,65566,5,,,0,194,,65558,5,,,0,202,,65559,5,,,0,200,,65560,5,,,0,200,,65561,5,,,0,199,,65562,5,,,0,198,,65563,5,,,0,206,,65564,5,,,0,202,,65565,5,,,0,198,,65567,5,,,0
3101,'20262511',556,,65576,5,,,0,194,,65568,5,,,0,202,,65569,5,,,0,200,,65570,5,,,0,200,,65571,5,,,0,199,,65572,5,,,0,198,,65573,5,,,0,206,,65574,5,,,0,202,,65575,5,,,0,198,,65577,5,,,0
3101,'20262610',556,,65586,5,,,0,194,,65578,5,,,0,202,,65579,5,,,0,200,,65580,5,,,0,200,,65581,5,,,0,199,,65582,5,,,0,198,,65583,5,,,0,206,,65584,5,,,0,202,,65585,5,,,0,198,,65587,5,,,0
3101,'20262611',556,,65596,5,,,0,194,,65588,5,,,0,202,,65589,5,,,0,200,,65590,5,,,0,200,,65591,5,,,0,199,,65592,5,,,0,198,,65593,5,,,0,206,,65594,5,,,0,202,,65595,5,,,0,198,,65597,5,,,0
93100,'20262010',2617,,81224,60,,,0,125,,81225,81,,,0
93100,'20262011',2617,,81226,60,,,0,125,,81227,81,,,0
93100,'20262510',2617,,81228,60,,,0,125,,81229,81,,,0
93100,'20262511',2617,,81230,60,,,0,125,,81231,81,,,0
