8400,'20262010',804,,71064,58,,,1,99,,71065,58,,,1,100,,71066,58,,,1,100,,71067,58,,,1,100,,71068,58,,,1,100,,71069,58,,,1,100,,71070,58,,,1,100,,71071,58,,,1,102,,71072,58,,,1,30,,71081,22,,,1,71,,71073,58,,,1,28,,71082,22,,,1,69,,71074,58,,,1,100,,71075,58,,,1,99,,71076,58,,,1,100,,71077,58,,,1,100,,71078,58,,,1,99,,71079,58,,,1,100,,71080,58,,,1
8400,'20262011',804,,71083,58,,,1,99,,71084,58,,,1,100,,71085,58,,,1,100,,71086,58,,,1,100,,71087,58,,,1,100,,71088,58,,,1,100,,71089,58,,,1,100,,71090,58,,,1,102,,71091,58,,,1,30,,71100,22,,,1,71,,71092,58,,,1,28,,71101,22,,,1,69,,71093,58,,,1,100,,71094,58,,,1,99,,71095,58,,,1,100,,71096,58,,,1,100,,71097,58,,,1,99,,71098,58,,,1,100,,71099,58,,,1
8400,'20262510',801,,71102,58,,,1,100,,71117,58,,,1,101,,71103,58,,,1,100,,71118,58,,,1,100,,71104,58,,,1,100,,71106,58,,,1,100,,71107,58,,,1,100,,71108,58,,,1,100,,71109,58,,,1,100,,71110,58,,,1,100,,71111,58,,,1,100,,71112,58,,,1,100,,71113,58,,,1,99,,71114,58,,,1,100,,71115,58,,,1,100,,71116,58,,,1,100,,71105,58,,,1
8400,'20262511',801,,71119,58,,,1,100,,71134,58,,,1,101,,71120,58,,,1,100,,71135,58,,,1,100,,71121,58,,,1,100,,71123,58,,,1,100,,71124,58,,,1,100,,71125,58,,,1,100,,71126,58,,,1,100,,71127,58,,,1,100,,71128,58,,,1,100,,71129,58,,,1,100,,71130,58,,,1,99,,71131,58,,,1,100,,71132,58,,,1,100,,71133,58,,,1,100,,71122,58,,,1
8400,'20262610',801,,71136,58,,,1,100,,71151,58,,,1,101,,71137,58,,,1,100,,71152,58,,,1,100,,71138,58,,,1,100,,71145,58,,,1,100,,71139,58,,,1,100,,71146,58,,,1,100,,71140,58,,,1,100,,71147,58,,,1,100,,71141,58,,,1,100,,71148,58,,,1,100,,71142,58,,,1,99,,71149,58,,,1,100,,71143,58,,,1,100,,71150,58,,,1,100,,71144,58,,,1
8400,'20262611',801,,71153,58,,,1,100,,71168,58,,,1,101,,71154,58,,,1,100,,71169,58,,,1,100,,71155,58,,,1,100,,71162,58,,,1,100,,71156,58,,,1,100,,71163,58,,,1,100,,71157,58,,,1,100,,71164,58,,,1,100,,71158,58,,,1,100,,71165,58,,,1,100,,71159,58,,,1,99,,71166,58,,,1,100,,71160,58,,,1,100,,71167,58,,,1,100,,71161,58,,,1
98400,'20262010',2609,,81268,60,,,0
98400,'20262011',2609,,81269,60,,,0
98400,'20262510',2609,,81270,60,,,0
98400,'20262511',2609,,81271,60,,,0
