1103,'20262010',626,,81934,62,,,1,32,,81933,49,,,1,70,,81935,62,,,1,15,,81967,62,,,1,15,,81936,62,,,1,56,,81932,49,,,1,14,,81937,62,,,1,31,,81938,62,,,1,67,,81939,62,,,1,31,,81940,62,,,1,70,,81941,62,,,1,30,,81947,62,,,1,70,,81942,62,,,1,30,,81943,62,,,1,70,,81944,62,,,1,30,,81945,62,,,1,71,,81946,62,,,1,30,,81948,62,,,1,70,,81954,62,,,1,30,,81957,62,,,1,69,,81961,62,,,1,15,,81953,49,,,1,6,,81968,62,,,1,62,,81952,62,,,1,15,,81959,62,,,1,15,,81969,62,,,1,14,,81951,62,,,1,56,,81970,62,,,1,14,,81962,62,,,1,31,,81963,62,,,1,69,,81949,62,,,1,29,,81950,62,,,1,70,,81955,62,,,1,30,,81958,62,,,1,70,,81964,62,,,1,100,,81966,62,,,1,100,,81960,62,,,1,100,,81965,62,,,1,100,,81956,62,,,1
1103,'20262510',629,,81996,62,,,1,100,,81995,62,,,1,99,,81971,62,,,1,29,,81972,62,,,1,70,,81973,62,,,1,30,,81974,62,,,1,71,,81975,62,,,1,30,,81976,62,,,1,70,,81977,62,,,1,30,,81978,62,,,1,70,,81979,62,,,1,30,,81980,62,,,1,70,,81981,62,,,1,30,,81982,62,,,1,70,,81983,62,,,1,30,,81984,62,,,1,68,,81985,62,,,1,31,,81986,62,,,1,70,,81987,62,,,1,30,,81988,62,,,1,70,,81989,62,,,1,30,,81990,62,,,1,70,,81991,62,,,1,31,,81992,62,,,1,70,,81997,62,,,1,31,,81993,62,,,1,70,,81998,62,,,1,100,,81999,62,,,1,100,,82000,62,,,1,99,,82001,62,,,1,100,,81994,62,,,1
1103,'20262610',629,,82031,62,,,1,100,,82002,62,,,1,99,,82003,62,,,1,29,,82004,62,,,1,70,,82005,62,,,1,30,,82006,62,,,1,71,,82007,62,,,1,30,,82009,62,,,1,70,,82010,62,,,1,30,,82011,62,,,1,70,,82008,62,,,1,30,,82012,62,,,1,70,,82013,62,,,1,30,,82014,62,,,1,70,,82015,62,,,1,30,,82016,62,,,1,68,,82017,62,,,1,31,,82018,62,,,1,70,,82019,62,,,1,30,,82020,62,,,1,70,,82021,62,,,1,30,,82022,62,,,1,70,,82023,62,,,1,31,,82024,62,,,1,70,,82025,62,,,1,31,,82032,62,,,1,70,,82026,62,,,1,100,,82027,62,,,1,100,,82028,62,,,1,99,,82029,62,,,1,100,,82030,62,,,1
1103,'20263010',627,,91956,49,,,1,31,,91955,49,,,1,70,,91957,49,,,1,20,,91990,49,,,1,58,,91958,49,,,1,18,,91954,49,,,1,12,,91959,49,,,1,65,,91960,49,,,1,26,,91961,49,,,1,28,,91962,49,,,1,70,,91963,49,,,1,30,,91969,49,,,1,70,,91964,49,,,1,31,,91965,49,,,1,71,,91966,49,,,1,30,,91967,49,,,1,70,,91968,49,,,1,29,,91970,49,,,1,71,,91976,49,,,1,32,,91979,49,,,1,72,,91984,49,,,1,7,,91982,49,,,1,7,,91975,49,,,1,13,,91991,49,,,1,47,,91994,49,,,1,10,,91974,49,,,1,16,,91981,49,,,1,15,,91992,49,,,1,56,,91973,49,,,1,14,,91993,49,,,1,13,,91985,49,,,1,27,,91986,49,,,1,67,,91971,49,,,1,29,,91972,49,,,1,69,,91977,49,,,1,30,,91980,49,,,1,70,,91987,49,,,1,100,,91989,49,,,1,100,,91983,49,,,1,100,,91988,49,,,1,98,,91978,49,,,1
1103,'20263510',624,,92020,49,,,1,100,,92019,49,,,1,101,,91995,49,,,1,30,,91996,49,,,1,70,,91997,49,,,1,30,,91998,49,,,1,70,,91999,49,,,1,30,,92000,49,,,1,70,,92001,49,,,1,30,,92002,49,,,1,70,,92003,49,,,1,30,,92004,49,,,1,70,,92005,49,,,1,30,,92006,49,,,1,70,,92007,49,,,1,31,,92008,49,,,1,69,,92009,49,,,1,33,,92010,49,,,1,67,,92011,49,,,1,30,,92012,49,,,1,70,,92013,49,,,1,33,,92014,49,,,1,68,,92015,49,,,1,30,,92016,49,,,1,69,,92021,49,,,1,29,,92017,49,,,1,70,,92022,49,,,1,101,,92023,49,,,1,100,,92024,49,,,1,100,,92025,49,,,1,99,,92018,49,,,1
1103,'20263511',624,,92051,49,,,1,100,,92050,49,,,1,101,,92026,49,,,1,30,,92027,49,,,1,70,,92028,49,,,1,30,,92029,49,,,1,70,,92030,49,,,1,30,,92031,49,,,1,70,,92032,49,,,1,30,,92033,49,,,1,70,,92034,49,,,1,30,,92035,49,,,1,70,,92036,49,,,1,30,,92037,49,,,1,70,,92038,49,,,1,31,,92039,49,,,1,69,,92040,49,,,1,33,,92041,49,,,1,67,,92042,49,,,1,30,,92043,49,,,1,70,,92044,49,,,1,33,,92045,49,,,1,68,,92046,49,,,1,30,,92047,49,,,1,69,,92052,49,,,1,29,,92048,49,,,1,70,,92053,49,,,1,101,,92054,49,,,1,100,,92055,49,,,1,100,,92056,49,,,1,99,,92049,49,,,1
1103,'20263610',624,,92086,49,,,1,100,,92057,49,,,1,101,,92058,49,,,1,30,,92059,49,,,1,70,,92060,49,,,1,30,,92061,49,,,1,70,,92062,49,,,1,30,,92064,49,,,1,70,,92065,49,,,1,30,,92066,49,,,1,70,,92063,49,,,1,30,,92067,49,,,1,70,,92068,49,,,1,30,,92069,49,,,1,70,,92070,49,,,1,31,,92071,49,,,1,69,,92072,49,,,1,33,,92073,49,,,1,67,,92074,49,,,1,30,,92075,49,,,1,70,,92076,49,,,1,33,,92077,49,,,1,68,,92078,49,,,1,30,,92079,49,,,1,69,,92080,49,,,1,29,,92087,49,,,1,70,,92081,49,,,1,101,,92082,49,,,1,100,,92083,49,,,1,100,,92084,49,,,1,99,,92085,49,,,1
1103,'20263611',624,,92117,49,,,1,100,,92088,49,,,1,101,,92089,49,,,1,30,,92090,49,,,1,70,,92091,49,,,1,30,,92092,49,,,1,70,,92093,49,,,1,30,,92095,49,,,1,70,,92096,49,,,1,30,,92097,49,,,1,70,,92094,49,,,1,30,,92098,49,,,1,70,,92099,49,,,1,30,,92100,49,,,1,70,,92101,49,,,1,31,,92102,49,,,1,69,,92103,49,,,1,33,,92104,49,,,1,67,,92105,49,,,1,30,,92106,49,,,1,70,,92107,49,,,1,33,,92108,49,,,1,68,,92109,49,,,1,30,,92110,49,,,1,69,,92111,49,,,1,29,,92118,49,,,1,70,,92112,49,,,1,101,,92113,49,,,1,100,,92114,49,,,1,100,,92115,49,,,1,99,,92116,49,,,1
92503,'20262010',2557,,90467,49,,,0,170,,90468,49,,,0
92503,'20262510',2557,,90470,49,,,0,170,,90469,49,,,0
92503,'20263010',2557,,106080,49,,,0,170,,106081,49,,,0
92503,'20263510',2557,,106083,49,,,0,170,,106082,49,,,0
92503,'20263511',2557,,106085,49,,,0,170,,106084,49,,,0
