7203,'20262010',641,,84718,13,,,0,71,,84719,13,,,0,32,,84720,13,,,0,70,,84721,13,,,0,29,,84722,13,,,0,69,,84723,13,,,0,29,,84724,13,,,0,70,,84725,13,,,0,30,,84726,13,,,0,70,,84727,13,,,0,30,,84728,13,,,0,70,,84729,13,,,0,30,,84730,13,,,0,70,,84731,13,,,0,30,,84732,13,,,0,70,,84733,13,,,0,30,,84734,13,,,0,71,,84735,13,,,0,30,,84736,13,,,0,71,,84737,13,,,0,30,,84738,13,,,0,69,,84739,13,,,0,29,,84740,13,,,0,70,,84741,13,,,0,29,,84742,13,,,0,70,,84743,13,,,0,100,,84744,13,,,0,100,,84745,13,,,0,100,,84746,13,,,0,100,,84747,13,,,0,100,,84748,13,,,0
7203,'20262510',710,,84749,13,,,0,100,,84750,13,,,0,100,,84751,13,,,0,100,,84752,13,,,0,100,,84753,13,,,0,100,,84754,13,,,0,101,,84755,13,,,0,100,,84756,13,,,0,100,,84757,13,,,0,100,,84758,13,,,0,100,,84759,13,,,0,100,,84760,13,,,0,99,,84761,13,,,0,100,,84762,13,,,0,100,,84763,13,,,0,100,,84764,13,,,0,100,,84765,13,,,0,100,,84766,13,,,0,30,,84767,13,,,0
7203,'20262610',710,,84768,13,,,0,100,,84769,13,,,0,100,,84770,13,,,0,100,,84771,13,,,0,100,,84772,13,,,0,100,,84773,13,,,0,101,,84774,13,,,0,100,,84775,13,,,0,100,,84776,13,,,0,100,,84777,13,,,0,100,,84778,13,,,0,100,,84785,13,,,0,99,,84786,13,,,0,100,,84779,13,,,0,100,,84780,13,,,0,100,,84781,13,,,0,100,,84782,13,,,0,100,,84784,13,,,0,30,,84783,13,,,0
7203,'20263010',641,,96622,13,,,0,72,,96623,13,,,0,31,,96624,13,,,0,70,,96625,13,,,0,29,,96626,13,,,0,68,,96627,13,,,0,30,,96628,13,,,0,70,,96629,13,,,0,30,,96630,13,,,0,70,,96631,13,,,0,30,,96632,13,,,0,70,,96633,13,,,0,30,,96634,13,,,0,70,,96635,13,,,0,30,,96636,13,,,0,70,,96637,13,,,0,30,,96639,13,,,0,71,,96640,13,,,0,30,,96641,13,,,0,71,,96638,13,,,0,30,,96642,13,,,0,69,,96643,13,,,0,29,,96644,13,,,0,70,,96645,13,,,0,29,,96646,13,,,0,70,,96647,13,,,0,100,,96648,13,,,0,100,,96649,13,,,0,100,,96650,13,,,0,100,,96651,13,,,0,100,,96652,13,,,0
7203,'20263510',710,,96653,13,,,0,100,,96654,13,,,0,100,,96655,13,,,0,100,,96656,13,,,0,100,,96657,13,,,0,100,,96658,13,,,0,101,,96659,13,,,0,100,,96660,13,,,0,100,,96661,13,,,0,100,,96662,13,,,0,100,,96663,13,,,0,100,,96664,13,,,0,99,,96665,13,,,0,100,,96666,13,,,0,100,,96667,13,,,0,100,,96668,13,,,0,100,,96669,13,,,0,100,,96670,13,,,0,30,,96671,13,,,0
7203,'20263511',710,,96672,13,,,0,100,,96673,13,,,0,100,,96674,13,,,0,100,,96675,13,,,0,100,,96676,13,,,0,100,,96677,13,,,0,101,,96678,13,,,0,100,,96679,13,,,0,100,,96680,13,,,0,100,,96681,13,,,0,100,,96682,13,,,0,100,,96683,13,,,0,99,,96684,13,,,0,100,,96685,13,,,0,100,,96686,13,,,0,100,,96687,13,,,0,100,,96688,13,,,0,100,,96689,13,,,0,30,,96690,13,,,0
7203,'20263610',710,,96691,13,,,0,100,,96692,13,,,0,100,,96693,13,,,0,100,,96694,13,,,0,100,,96695,13,,,0,100,,96696,13,,,0,101,,96697,13,,,0,100,,96698,13,,,0,100,,96699,13,,,0,100,,96700,13,,,0,100,,96701,13,,,0,100,,96709,13,,,0,99,,96706,13,,,0,100,,96702,13,,,0,100,,96703,13,,,0,100,,96704,13,,,0,100,,96705,13,,,0,100,,96708,13,,,0,30,,96707,13,,,0
7203,'20263611',710,,96710,13,,,0,100,,96711,13,,,0,100,,96712,13,,,0,100,,96713,13,,,0,100,,96714,13,,,0,100,,96715,13,,,0,101,,96716,13,,,0,100,,96717,13,,,0,100,,96718,13,,,0,100,,96719,13,,,0,100,,96720,13,,,0,100,,96728,13,,,0,99,,96725,13,,,0,100,,96721,13,,,0,100,,96722,13,,,0,100,,96723,13,,,0,100,,96724,13,,,0,100,,96727,13,,,0,30,,96726,13,,,0
27300,'20262010',1618,,86576,7,4,,0,31,,86577,7,4,,0,69,,86578,7,4,,0,33,,86579,7,4,,0
27300,'20263010',1623,,99649,7,4,,0,30,,99650,7,4,,0,68,,99651,7,4,,0,32,,99652,7,4,,0
28400,'20262010',1616,,86640,7,4,,0,30,,86641,7,4,,0,71,,86642,7,4,,0,26,,86643,7,4,,0,70,,86644,7,4,,0
28400,'20263010',1620,,99715,7,4,,0,30,,99716,7,4,,0,71,,99717,7,4,,0,24,,99718,7,4,,0,73,,99719,7,4,,0
97203,'20262010',2601,,90487,24,,,0
97203,'20262510',2601,,90488,24,,,0
97203,'20263010',2601,,106110,24,,,0
97203,'20263510',2601,,106111,24,,,0
97203,'20263511',2601,,106112,24,,,0
