5700,'20262010',812,,83845,24,,,0,101,,83846,24,,,0,101,,83847,24,,,0,101,,83848,24,,,0,100,,83849,24,,,0,101,,83850,24,,,0,101,,83851,24,,,0,101,,83852,24,,,0,97,,83853,24,,,0,39,,83854,24,,,0,73,,83855,24,,,0,25,,83856,24,,,0,67,,83863,24,,,0,32,,83862,24,,,0,98,,83857,24,,,0,101,,83858,24,,,0,101,,83859,24,,,0,100,,83860,24,,,0,99,,83861,24,,,0
5700,'20262510',717,,83864,24,,,0,100,,83865,24,,,0,101,,83866,24,,,0,101,,83867,24,,,0,100,,83868,24,,,0,98,,83869,24,,,0,101,,83870,24,,,0,97,,83871,24,,,0,97,,83872,24,,,0,104,,83873,24,,,0,104,,83874,24,,,0,98,,83875,24,,,0,100,,83876,24,,,0,99,,83877,24,,,0,100,,83878,24,,,0,101,,83879,24,,,0,100,,83880,24,,,0
5700,'20262610',717,,83896,24,,,0,100,,83884,24,,,0,101,,83892,24,,,0,101,,83886,24,,,0,100,,83893,24,,,0,98,,83881,24,,,0,101,,83890,24,,,0,97,,83887,24,,,0,97,,83888,24,,,0,104,,83883,24,,,0,104,,83897,24,,,0,98,,83894,24,,,0,100,,83889,24,,,0,99,,83895,24,,,0,100,,83885,24,,,0,101,,83891,24,,,0,100,,83882,24,,,0
5700,'20263010',818,,95032,24,,,0,98,,95033,24,,,0,99,,95034,24,,,0,99,,95035,24,,,0,101,,95036,24,,,0,101,,95037,24,,,0,101,,95038,24,,,0,101,,95039,24,,,0,94,,95040,24,,,0,42,,95041,24,,,0,73,,95042,24,,,0,24,,95043,24,,,0,68,,95050,24,,,0,33,,95049,24,,,0,97,,95044,24,,,0,100,,95045,24,,,0,101,,95046,24,,,0,101,,95047,24,,,0,99,,95048,24,,,0
5700,'20263510',717,,95051,24,,,0,100,,95052,24,,,0,101,,95053,24,,,0,101,,95054,24,,,0,101,,95055,24,,,0,97,,95056,24,,,0,98,,95057,24,,,0,98,,95058,24,,,0,98,,95059,24,,,0,103,,95060,24,,,0,108,,95061,24,,,0,97,,95062,24,,,0,99,,95063,24,,,0,100,,95064,24,,,0,100,,95065,24,,,0,100,,95066,24,,,0,100,,95067,24,,,0
5700,'20263511',717,,95068,24,,,0,100,,95069,24,,,0,101,,95070,24,,,0,101,,95071,24,,,0,101,,95072,24,,,0,97,,95073,24,,,0,98,,95074,24,,,0,98,,95075,24,,,0,98,,95076,24,,,0,103,,95077,24,,,0,108,,95078,24,,,0,97,,95079,24,,,0,99,,95080,24,,,0,100,,95081,24,,,0,100,,95082,24,,,0,100,,95083,24,,,0,100,,95084,24,,,0
5700,'20263610',717,,95092,24,,,0,100,,95094,24,,,0,101,,95097,24,,,0,101,,95095,24,,,0,101,,95098,24,,,0,97,,95085,24,,,0,98,,95091,24,,,0,98,,95099,24,,,0,98,,95088,24,,,0,103,,95090,24,,,0,108,,95087,24,,,0,97,,95096,24,,,0,99,,95093,24,,,0,100,,95086,24,,,0,100,,95100,24,,,0,100,,95089,24,,,0,100,,95101,24,,,0
5700,'20263611',717,,95109,24,,,0,100,,95111,24,,,0,101,,95114,24,,,0,101,,95112,24,,,0,101,,95115,24,,,0,97,,95102,24,,,0,98,,95108,24,,,0,98,,95116,24,,,0,98,,95105,24,,,0,103,,95107,24,,,0,108,,95104,24,,,0,97,,95113,24,,,0,99,,95110,24,,,0,100,,95103,24,,,0,100,,95117,24,,,0,100,,95106,24,,,0,100,,95118,24,,,0
25700,'20262010',1608,,86537,25,4,,0,29,,86538,25,4,,0,70,,86539,25,4,,0,28,,86540,25,4,,0
25700,'20263010',1613,,99607,25,4,,0,29,,99608,25,4,,0,69,,99609,25,4,,0,29,,99610,25,4,,0
