3900,'20262010',720,,66120,12,,,0,100,,66102,12,,,0,101,,66103,12,,,0,100,,66104,12,,,0,100,,66105,12,,,0,100,,66106,12,,,0,100,,66107,12,,,0,100,,66108,12,,,0,99,,66109,12,,,0,29,,66110,12,,,0,67,,66111,12,,,0,33,,66112,12,,,0,70,,66113,12,,,0,102,,66114,12,,,0,100,,66115,12,,,0,100,,66116,12,,,0,100,,66117,12,,,0,101,,66121,12,,,0,101,,66118,12,,,0,101,,66119,12,,,0
3900,'20262011',720,,66140,12,,,0,100,,66122,12,,,0,101,,66123,12,,,0,100,,66124,12,,,0,100,,66125,12,,,0,100,,66126,12,,,0,100,,66127,12,,,0,100,,66128,12,,,0,99,,66129,12,,,0,29,,66130,12,,,0,67,,66131,12,,,0,33,,66132,12,,,0,70,,66133,12,,,0,102,,66134,12,,,0,100,,66135,12,,,0,100,,66136,12,,,0,100,,66137,12,,,0,101,,66141,12,,,0,101,,66138,12,,,0,101,,66139,12,,,0
3900,'20262510',722,,66153,12,,,0,100,,66156,12,,,0,100,,66142,12,,,0,100,,66157,12,,,0,100,,66143,12,,,0,100,,66144,12,,,0,100,,66145,12,,,0,100,,66146,12,,,0,100,,66147,12,,,0,100,,66148,12,,,0,100,,66149,12,,,0,100,,66150,12,,,0,100,,66154,12,,,0,100,,66151,12,,,0,100,,66155,12,,,0,100,,66152,12,,,0,201,,66158,12,,,0
3900,'20262511',722,,66170,12,,,0,100,,66173,12,,,0,100,,66159,12,,,0,100,,66174,12,,,0,100,,66160,12,,,0,100,,66161,12,,,0,100,,66162,12,,,0,100,,66163,12,,,0,100,,66164,12,,,0,100,,66165,12,,,0,100,,66166,12,,,0,100,,66167,12,,,0,100,,66171,12,,,0,100,,66168,12,,,0,100,,66172,12,,,0,100,,66169,12,,,0,201,,66175,12,,,0
3900,'20262610',722,,66188,12,,,0,100,,66190,12,,,0,100,,66189,12,,,0,100,,66191,12,,,0,100,,66185,12,,,0,100,,66176,12,,,0,100,,66177,12,,,0,100,,66178,12,,,0,100,,66179,12,,,0,100,,66180,12,,,0,100,,66181,12,,,0,100,,66182,12,,,0,100,,66186,12,,,0,100,,66183,12,,,0,100,,66187,12,,,0,100,,66184,12,,,0,201,,66192,12,,,0
3900,'20262611',722,,66205,12,,,0,100,,66207,12,,,0,100,,66206,12,,,0,100,,66208,12,,,0,100,,66202,12,,,0,100,,66193,12,,,0,100,,66194,12,,,0,100,,66195,12,,,0,100,,66196,12,,,0,100,,66197,12,,,0,100,,66198,12,,,0,100,,66199,12,,,0,100,,66203,12,,,0,100,,66200,12,,,0,100,,66204,12,,,0,100,,66201,12,,,0,201,,66209,12,,,0
23800,'20262010',1557,,72814,13,4,,0,70,,72815,13,4,,0,82,,72817,13,4,,0,45,,72816,13,4,,0
23800,'20262011',1557,,72818,13,4,,0,70,,72819,13,4,,0,82,,72821,13,4,,0,45,,72820,13,4,,0
53800,'20262010',1656,,73845,16,4,,0,70,,73844,16,4,,0
53800,'20262011',1656,,73847,16,4,,0,70,,73846,16,4,,0
