8101,'20262010',641,,85428,56,,,0,69,,85429,56,,,0,30,,85430,56,,,0,68,,85431,56,,,0,33,,85432,56,,,0,70,,85433,56,,,0,30,,85434,56,,,0,100,,85435,56,,,0,100,,85436,56,,,0,100,,85437,56,,,0,100,,85438,56,,,0,100,,85439,56,,,0,99,,85440,56,,,0,68,,85441,56,,,0,27,,85442,56,,,0,74,,85443,56,,,0,30,,85444,56,,,0,102,,85445,56,,,0,101,,85446,56,,,0,100,,85447,56,,,0,100,,85448,56,,,0,100,,85449,56,,,0,100,,85450,56,,,0
8101,'20262510',643,,85451,56,,,0,99,,85452,56,,,0,100,,85453,56,,,0,100,,85454,56,,,0,100,,85455,56,,,0,99,,85456,56,,,0,100,,85457,56,,,0,99,,85458,56,,,0,100,,85459,56,,,0,100,,85460,56,,,0,100,,85461,56,,,0,102,,85462,56,,,0,100,,85463,56,,,0,100,,85464,56,,,0,100,,85465,56,,,0,100,,85466,56,,,0,101,,85467,56,,,0,100,,85468,56,,,0
8101,'20262610',643,,85469,56,,,0,99,,85470,56,,,0,100,,85471,56,,,0,100,,85472,56,,,0,100,,85473,56,,,0,99,,85474,56,,,0,100,,85475,56,,,0,99,,85476,56,,,0,100,,85477,56,,,0,100,,85478,56,,,0,100,,85479,56,,,0,102,,85480,56,,,0,100,,85481,56,,,0,100,,85482,56,,,0,100,,85483,56,,,0,100,,85484,56,,,0,101,,85485,56,,,0,100,,85486,56,,,0
8101,'20263010',641,,97799,55,,,0,69,,97800,55,,,0,30,,97801,55,,,0,68,,97802,55,,,0,33,,97803,55,,,0,70,,97804,55,,,0,30,,97805,55,,,0,100,,97806,55,,,0,100,,97807,55,,,0,100,,97808,55,,,0,100,,97809,55,,,0,100,,97810,55,,,0,99,,97811,55,,,0,68,,97812,55,,,0,30,,97813,55,,,0,71,,97814,55,,,0,30,,97815,55,,,0,102,,97816,55,,,0,101,,97817,55,,,0,100,,97818,55,,,0,100,,97819,55,,,0,100,,97820,55,,,0,100,,97821,55,,,0
8101,'20263510',643,,97822,55,,,0,99,,97823,55,,,0,100,,97824,55,,,0,100,,97825,55,,,0,100,,97826,55,,,0,99,,97827,55,,,0,100,,97828,55,,,0,99,,97829,55,,,0,100,,97830,55,,,0,100,,97831,55,,,0,100,,97832,55,,,0,102,,97833,55,,,0,100,,97834,55,,,0,100,,97835,55,,,0,100,,97836,55,,,0,100,,97837,55,,,0,101,,97838,55,,,0,100,,97839,55,,,0
8101,'20263511',643,,97840,55,,,0,99,,97841,55,,,0,100,,97842,55,,,0,100,,97843,55,,,0,100,,97844,55,,,0,99,,97845,55,,,0,100,,97846,55,,,0,99,,97847,55,,,0,100,,97848,55,,,0,100,,97849,55,,,0,100,,97850,55,,,0,102,,97851,55,,,0,100,,97852,55,,,0,100,,97853,55,,,0,100,,97854,55,,,0,100,,97855,55,,,0,101,,97856,55,,,0,100,,97857,55,,,0
8101,'20263610',643,,97858,55,,,0,99,,97859,55,,,0,100,,97860,55,,,0,100,,97861,55,,,0,100,,97862,55,,,0,99,,97863,55,,,0,100,,97864,55,,,0,99,,97865,55,,,0,100,,97866,55,,,0,100,,97867,55,,,0,100,,97868,55,,,0,102,,97869,55,,,0,100,,97870,55,,,0,100,,97871,55,,,0,100,,97872,55,,,0,100,,97873,55,,,0,101,,97874,55,,,0,100,,97875,55,,,0
8101,'20263611',643,,97876,55,,,0,99,,97877,55,,,0,100,,97878,55,,,0,100,,97879,55,,,0,100,,97880,55,,,0,99,,97881,55,,,0,100,,97882,55,,,0,99,,97883,55,,,0,100,,97884,55,,,0,100,,97885,55,,,0,100,,97886,55,,,0,102,,97887,55,,,0,100,,97888,55,,,0,100,,97889,55,,,0,100,,97890,55,,,0,100,,97891,55,,,0,101,,97892,55,,,0,100,,97893,55,,,0
80303,'20262010',603,,88595,32,,,1,16,,88596,32,,,1,12,,88597,32,,,1,17,,88598,32,,,1,53,,88599,32,,,1,12,,88600,32,,,1,10,,88602,32,,,1,10,,88604,32,,,1,9,,88606,32,,,1,10,,88673,32,,,1,52,,88608,32,,,1,9,,88672,32,,,1,10,,88611,32,,,1,12,,88612,32,,,1,7,,88615,32,,,1,11,,88617,32,,,1,51,,88671,32,,,1,11,,88620,32,,,1,15,,88680,32,,,1,13,,88622,32,,,1,15,,88670,32,,,1,55,,88625,32,,,1,15,,88628,32,,,1,15,,88669,32,,,1,15,,88631,32,,,1,56,,88633,32,,,1,14,,88636,32,,,1,15,,88679,32,,,1,15,,88668,32,,,1,54,,88638,32,,,1,15,,88664,32,,,1,15,,88641,32,,,1,16,,88667,32,,,1,55,,88643,32,,,1,14,,88645,32,,,1,14,,88649,32,,,1,16,,88666,32,,,1,55,,88653,32,,,1,15,,88655,32,,,1,12,,88656,32,,,1,10,,88657,32,,,1,52,,88665,32,,,1,12,,88601,32,,,1,12,,88663,32,,,1,13,,88618,32,,,1,12,,88662,32,,,1,52,,88626,32,,,1,13,,88630,32,,,1,13,,88637,32,,,1,12,,88642,32,,,1,12,,88648,32,,,1,52,,88661,32,,,1,12,,88658,32,,,1,10,,88614,32,,,1,12,,88609,32,,,1,12,,88652,32,,,1,55,,88660,32,,,1,10,,88646,32,,,1,17,,88674,32,,,1,15,,88659,32,,,1,56,,88621,32,,,1,15,,88675,32,,,1,15,,88603,32,,,1,16,,88654,32,,,1,58,,88650,32,,,1,13,,88651,32,,,1,14,,88647,32,,,1,13,,88644,32,,,1,55,,88640,32,,,1,16,,88639,32,,,1,18,,88635,32,,,1,12,,88634,32,,,1,53,,88632,32,,,1,13,,88629,32,,,1,14,,88627,32,,,1,14,,88624,32,,,1,58,,88623,32,,,1,13,,88619,32,,,1,15,,88616,32,,,1,15,,88613,32,,,1,15,,88610,32,,,1,54,,88607,32,,,1,16,,88605,32,,,1,14,,88676,32,,,1,15,,88677,32,,,1,55,,88678,32,,,1,16,,88681,32,,,1
80303,'20262510',553,,88682,32,,,1,55,,88683,32,,,1,15,,88687,32,,,1,15,,88745,32,,,1,17,,88685,32,,,1,55,,88684,32,,,1,16,,88686,32,,,1,17,,88746,32,,,1,16,,88697,32,,,1,55,,88693,32,,,1,14,,88691,32,,,1,15,,88747,32,,,1,15,,88690,32,,,1,55,,88688,32,,,1,15,,88748,32,,,1,15,,88689,32,,,1,14,,88698,32,,,1,56,,88699,32,,,1,15,,88695,32,,,1,17,,88696,32,,,1,55,,88692,32,,,1,15,,88694,32,,,1,15,,88738,32,,,1,14,,88736,32,,,1,15,,88741,32,,,1,55,,88737,32,,,1,15,,88703,32,,,1,16,,88707,32,,,1,55,,88705,32,,,1,14,,88723,32,,,1,15,,88728,32,,,1,15,,88729,32,,,1,15,,88726,32,,,1,56,,88724,32,,,1,15,,88718,32,,,1,15,,88732,32,,,1,14,,88719,32,,,1,57,,88731,32,,,1,14,,88734,32,,,1,14,,88733,32,,,1,57,,88712,32,,,1,14,,88743,32,,,1,15,,88727,32,,,1,15,,88706,32,,,1,55,,88708,32,,,1,16,,88725,32,,,1,14,,88730,32,,,1,16,,88715,32,,,1,13,,88714,32,,,1,55,,88717,32,,,1,14,,88716,32,,,1,14,,88721,32,,,1,15,,88722,32,,,1,54,,88749,32,,,1,16,,88740,32,,,1,15,,88709,32,,,1,14,,88710,32,,,1,56,,88750,32,,,1,14,,88700,32,,,1,15,,88702,32,,,1,15,,88752,32,,,1,55,,88739,32,,,1,15,,88753,32,,,1,15,,88701,32,,,1,15,,88754,32,,,1,55,,88735,32,,,1,14,,88751,32,,,1,15,,88713,32,,,1,15,,88755,32,,,1,54,,88711,32,,,1,15,,88756,32,,,1,16,,88742,32,,,1,15,,88757,32,,,1,55,,88704,32,,,1,16,,88758,32,,,1,14,,88720,32,,,1,14,,88744,32,,,1
80303,'20262610',553,,88783,32,,,1,55,,88779,32,,,1,15,,88764,32,,,1,15,,88814,32,,,1,17,,88780,32,,,1,55,,88781,32,,,1,16,,88782,32,,,1,17,,88816,32,,,1,16,,88774,32,,,1,55,,88767,32,,,1,14,,88759,32,,,1,15,,88824,32,,,1,15,,88768,32,,,1,55,,88763,32,,,1,15,,88819,32,,,1,15,,88765,32,,,1,14,,88770,32,,,1,56,,88778,32,,,1,15,,88761,32,,,1,17,,88762,32,,,1,55,,88766,32,,,1,15,,88760,32,,,1,15,,88799,32,,,1,14,,88788,32,,,1,15,,88800,32,,,1,55,,88797,32,,,1,15,,88777,32,,,1,16,,88805,32,,,1,55,,88773,32,,,1,14,,88830,32,,,1,15,,88786,32,,,1,15,,88790,32,,,1,15,,88829,32,,,1,56,,88834,32,,,1,15,,88828,32,,,1,15,,88789,32,,,1,14,,88827,32,,,1,57,,88793,32,,,1,14,,88792,32,,,1,14,,88785,32,,,1,57,,88811,32,,,1,14,,88795,32,,,1,15,,88791,32,,,1,15,,88772,32,,,1,55,,88808,32,,,1,16,,88835,32,,,1,14,,88784,32,,,1,16,,88809,32,,,1,13,,88806,32,,,1,55,,88831,32,,,1,14,,88810,32,,,1,14,,88833,32,,,1,15,,88832,32,,,1,54,,88815,32,,,1,16,,88798,32,,,1,15,,88807,32,,,1,14,,88803,32,,,1,56,,88812,32,,,1,14,,88775,32,,,1,15,,88771,32,,,1,15,,88822,32,,,1,55,,88796,32,,,1,15,,88817,32,,,1,15,,88776,32,,,1,15,,88821,32,,,1,55,,88787,32,,,1,14,,88813,32,,,1,15,,88802,32,,,1,15,,88823,32,,,1,54,,88804,32,,,1,15,,88818,32,,,1,16,,88794,32,,,1,15,,88820,32,,,1,55,,88769,32,,,1,16,,88825,32,,,1,14,,88826,32,,,1,14,,88801,32,,,1
80303,'20263010',603,,102951,32,,,1,15,,102952,32,,,1,15,,102953,32,,,1,14,,102954,32,,,1,54,,102955,32,,,1,12,,102956,32,,,1,13,,102958,32,,,1,13,,102960,32,,,1,11,,102962,32,,,1,50,,103040,32,,,1,9,,102964,32,,,1,9,,103039,32,,,1,7,,102967,32,,,1,8,,102968,32,,,1,9,,103038,32,,,1,6,,102971,32,,,1,9,,102973,32,,,1,47,,103037,32,,,1,10,,102976,32,,,1,10,,103048,32,,,1,9,,102978,32,,,1,10,,103041,32,,,1,10,,103036,32,,,1,50,,102980,32,,,1,12,,102982,32,,,1,12,,102985,32,,,1,12,,102986,32,,,1,12,,103035,32,,,1,52,,102989,32,,,1,12,,102991,32,,,1,12,,102994,32,,,1,13,,102996,32,,,1,12,,103047,32,,,1,52,,103034,32,,,1,14,,102998,32,,,1,13,,103033,32,,,1,13,,103001,32,,,1,12,,103002,32,,,1,51,,103032,32,,,1,12,,103005,32,,,1,12,,103003,32,,,1,12,,103031,32,,,1,12,,103010,32,,,1,52,,103030,32,,,1,12,,103013,32,,,1,12,,103015,32,,,1,11,,103017,32,,,1,13,,103019,32,,,1,52,,103029,32,,,1,11,,102957,32,,,1,12,,103028,32,,,1,11,,102974,32,,,1,10,,103027,32,,,1,50,,102983,32,,,1,10,,102988,32,,,1,9,,102995,32,,,1,11,,103026,32,,,1,9,,103004,32,,,1,11,,103009,32,,,1,50,,103025,32,,,1,10,,103021,32,,,1,11,,102970,32,,,1,8,,103024,32,,,1,11,,102965,32,,,1,9,,103012,32,,,1,9,,103022,32,,,1,50,,103018,32,,,1,9,,103007,32,,,1,10,,103042,32,,,1,11,,103023,32,,,1,12,,102992,32,,,1,52,,102977,32,,,1,14,,103043,32,,,1,14,,102959,32,,,1,16,,103020,32,,,1,53,,103016,32,,,1,15,,103014,32,,,1,15,,103011,32,,,1,15,,103008,32,,,1,55,,103006,32,,,1,15,,103000,32,,,1,15,,102999,32,,,1,15,,102997,32,,,1,55,,102993,32,,,1,14,,102990,32,,,1,15,,102987,32,,,1,14,,102984,32,,,1,15,,102981,32,,,1,55,,102979,32,,,1,15,,102975,32,,,1,15,,102972,32,,,1,15,,102969,32,,,1,55,,102966,32,,,1,15,,102963,32,,,1,15,,102961,32,,,1,15,,103044,32,,,1,56,,103045,32,,,1,15,,103046,32,,,1
80303,'20263510',604,,103049,32,,,1,15,,103050,32,,,1,15,,103054,32,,,1,15,,103112,32,,,1,54,,103052,32,,,1,14,,103051,32,,,1,15,,103053,32,,,1,15,,103113,32,,,1,56,,103064,32,,,1,16,,103060,32,,,1,16,,103058,32,,,1,15,,103114,32,,,1,55,,103057,32,,,1,15,,103055,32,,,1,15,,103115,32,,,1,15,,103056,32,,,1,55,,103065,32,,,1,15,,103066,32,,,1,16,,103062,32,,,1,15,,103063,32,,,1,55,,103059,32,,,1,15,,103061,32,,,1,15,,103105,32,,,1,16,,103103,32,,,1,55,,103108,32,,,1,15,,103104,32,,,1,18,,103070,32,,,1,15,,103074,32,,,1,56,,103072,32,,,1,13,,103090,32,,,1,15,,103095,32,,,1,14,,103096,32,,,1,57,,103093,32,,,1,15,,103091,32,,,1,14,,103085,32,,,1,15,,103099,32,,,1,56,,103086,32,,,1,13,,103098,32,,,1,16,,103101,32,,,1,16,,103100,32,,,1,56,,103079,32,,,1,14,,103110,32,,,1,15,,103094,32,,,1,16,,103073,32,,,1,55,,103075,32,,,1,13,,103092,32,,,1,14,,103097,32,,,1,15,,103082,32,,,1,54,,103081,32,,,1,16,,103084,32,,,1,14,,103083,32,,,1,15,,103088,32,,,1,55,,103089,32,,,1,15,,103116,32,,,1,15,,103107,32,,,1,14,,103076,32,,,1,55,,103077,32,,,1,15,,103117,32,,,1,15,,103067,32,,,1,15,,103069,32,,,1,55,,103119,32,,,1,15,,103106,32,,,1,15,,103120,32,,,1,15,,103068,32,,,1,55,,103121,32,,,1,15,,103102,32,,,1,15,,103118,32,,,1,15,,103080,32,,,1,55,,103122,32,,,1,15,,103078,32,,,1,16,,103123,32,,,1,15,,103109,32,,,1,55,,103124,32,,,1,14,,103071,32,,,1,15,,103125,32,,,1,15,,103087,32,,,1,55,,103111,32,,,1
80303,'20263511',604,,103126,32,,,1,15,,103127,32,,,1,15,,103131,32,,,1,15,,103189,32,,,1,54,,103129,32,,,1,14,,103128,32,,,1,15,,103130,32,,,1,15,,103190,32,,,1,56,,103141,32,,,1,16,,103137,32,,,1,16,,103135,32,,,1,15,,103191,32,,,1,55,,103134,32,,,1,15,,103132,32,,,1,15,,103192,32,,,1,15,,103133,32,,,1,55,,103142,32,,,1,15,,103143,32,,,1,16,,103139,32,,,1,15,,103140,32,,,1,55,,103136,32,,,1,15,,103138,32,,,1,15,,103182,32,,,1,16,,103180,32,,,1,55,,103185,32,,,1,15,,103181,32,,,1,18,,103147,32,,,1,15,,103151,32,,,1,56,,103149,32,,,1,13,,103167,32,,,1,15,,103172,32,,,1,14,,103173,32,,,1,57,,103170,32,,,1,15,,103168,32,,,1,14,,103162,32,,,1,15,,103176,32,,,1,56,,103163,32,,,1,13,,103175,32,,,1,16,,103178,32,,,1,16,,103177,32,,,1,56,,103156,32,,,1,14,,103187,32,,,1,15,,103171,32,,,1,16,,103150,32,,,1,55,,103152,32,,,1,13,,103169,32,,,1,14,,103174,32,,,1,15,,103159,32,,,1,54,,103158,32,,,1,16,,103161,32,,,1,14,,103160,32,,,1,15,,103165,32,,,1,55,,103166,32,,,1,15,,103193,32,,,1,15,,103184,32,,,1,14,,103153,32,,,1,55,,103154,32,,,1,15,,103194,32,,,1,15,,103144,32,,,1,15,,103146,32,,,1,55,,103196,32,,,1,15,,103183,32,,,1,15,,103197,32,,,1,15,,103145,32,,,1,55,,103198,32,,,1,15,,103179,32,,,1,15,,103195,32,,,1,15,,103157,32,,,1,55,,103199,32,,,1,15,,103155,32,,,1,16,,103200,32,,,1,15,,103186,32,,,1,55,,103201,32,,,1,14,,103148,32,,,1,15,,103202,32,,,1,15,,103164,32,,,1,55,,103188,32,,,1
80303,'20263610',604,,103279,32,,,1,15,,103276,32,,,1,15,,103274,32,,,1,15,,103212,32,,,1,54,,103272,32,,,1,14,,103271,32,,,1,15,,103275,32,,,1,15,,103208,32,,,1,56,,103263,32,,,1,16,,103268,32,,,1,16,,103278,32,,,1,15,,103215,32,,,1,55,,103273,32,,,1,15,,103277,32,,,1,15,,103213,32,,,1,15,,103270,32,,,1,55,,103250,32,,,1,15,,103256,32,,,1,16,,103266,32,,,1,15,,103257,32,,,1,55,,103267,32,,,1,15,,103265,32,,,1,15,,103248,32,,,1,16,,103242,32,,,1,55,,103246,32,,,1,15,,103243,32,,,1,18,,103259,32,,,1,15,,103255,32,,,1,56,,103253,32,,,1,13,,103224,32,,,1,15,,103222,32,,,1,14,,103237,32,,,1,57,,103235,32,,,1,15,,103233,32,,,1,14,,103227,32,,,1,15,,103240,32,,,1,56,,103229,32,,,1,13,,103239,32,,,1,16,,103241,32,,,1,16,,103232,32,,,1,56,,103219,32,,,1,14,,103249,32,,,1,15,,103236,32,,,1,16,,103252,32,,,1,55,,103260,32,,,1,13,,103218,32,,,1,14,,103238,32,,,1,15,,103234,32,,,1,54,,103221,32,,,1,16,,103228,32,,,1,14,,103225,32,,,1,15,,103230,32,,,1,55,,103226,32,,,1,15,,103211,32,,,1,15,,103245,32,,,1,14,,103261,32,,,1,55,,103262,32,,,1,15,,103204,32,,,1,15,,103258,32,,,1,15,,103254,32,,,1,55,,103217,32,,,1,15,,103244,32,,,1,15,,103206,32,,,1,15,,103269,32,,,1,55,,103216,32,,,1,15,,103231,32,,,1,15,,103205,32,,,1,15,,103220,32,,,1,55,,103207,32,,,1,15,,103264,32,,,1,16,,103210,32,,,1,15,,103247,32,,,1,55,,103209,32,,,1,14,,103251,32,,,1,15,,103214,32,,,1,15,,103223,32,,,1,55,,103203,32,,,1
80303,'20263611',604,,103356,32,,,1,15,,103353,32,,,1,15,,103351,32,,,1,15,,103289,32,,,1,54,,103349,32,,,1,14,,103348,32,,,1,15,,103352,32,,,1,15,,103285,32,,,1,56,,103340,32,,,1,16,,103345,32,,,1,16,,103355,32,,,1,15,,103292,32,,,1,55,,103350,32,,,1,15,,103354,32,,,1,15,,103290,32,,,1,15,,103347,32,,,1,55,,103327,32,,,1,15,,103333,32,,,1,16,,103343,32,,,1,15,,103334,32,,,1,55,,103344,32,,,1,15,,103342,32,,,1,15,,103325,32,,,1,16,,103319,32,,,1,55,,103323,32,,,1,15,,103320,32,,,1,18,,103336,32,,,1,15,,103332,32,,,1,56,,103330,32,,,1,13,,103301,32,,,1,15,,103299,32,,,1,14,,103314,32,,,1,57,,103312,32,,,1,15,,103310,32,,,1,14,,103304,32,,,1,15,,103317,32,,,1,56,,103306,32,,,1,13,,103316,32,,,1,16,,103318,32,,,1,16,,103309,32,,,1,56,,103296,32,,,1,14,,103326,32,,,1,15,,103313,32,,,1,16,,103329,32,,,1,55,,103337,32,,,1,13,,103295,32,,,1,14,,103315,32,,,1,15,,103311,32,,,1,54,,103298,32,,,1,16,,103305,32,,,1,14,,103302,32,,,1,15,,103307,32,,,1,55,,103303,32,,,1,15,,103288,32,,,1,15,,103322,32,,,1,14,,103338,32,,,1,55,,103339,32,,,1,15,,103281,32,,,1,15,,103335,32,,,1,15,,103331,32,,,1,55,,103294,32,,,1,15,,103321,32,,,1,15,,103283,32,,,1,15,,103346,32,,,1,55,,103293,32,,,1,15,,103308,32,,,1,15,,103282,32,,,1,15,,103297,32,,,1,55,,103284,32,,,1,15,,103341,32,,,1,16,,103287,32,,,1,15,,103324,32,,,1,55,,103286,32,,,1,14,,103328,32,,,1,15,,103291,32,,,1,15,,103300,32,,,1,55,,103280,32,,,1
