5302,'20262010',721,,83462,26,,,0,28,,83465,26,,,0,74,,83444,26,,,0,77,,83456,26,,,0,32,,83464,26,,,0,88,,83457,26,,,0,100,,83445,26,,,0,99,,83461,26,,,0,101,,83458,26,,,0,100,,83459,26,,,0,100,,83460,26,,,0,29,,83454,26,,,0,77,,83446,26,,,0,74,,83453,26,,,0,31,,83451,26,,,0,23,,83447,26,,,0,67,,83448,26,,,0,101,,83452,26,,,0,101,,83449,26,,,0,100,,83450,26,,,0,101,,83455,26,,,0,107,,83463,26,,,0
5302,'20262510',719,,83479,26,,,0,101,,83466,26,,,0,99,,83467,26,,,0,100,,83478,26,,,0,99,,83468,26,,,0,99,,83469,26,,,0,100,,83480,26,,,0,99,,83470,26,,,0,98,,83471,26,,,0,105,,83481,26,,,0,99,,83472,26,,,0,100,,83473,26,,,0,100,,83477,26,,,0,100,,83474,26,,,0,100,,83475,26,,,0,98,,83482,26,,,0,106,,83476,26,,,0
5302,'20262610',719,,83496,26,,,0,101,,83483,26,,,0,99,,83484,26,,,0,100,,83495,26,,,0,99,,83485,26,,,0,99,,83486,26,,,0,100,,83497,26,,,0,99,,83487,26,,,0,98,,83488,26,,,0,105,,83499,26,,,0,99,,83489,26,,,0,100,,83490,26,,,0,100,,83494,26,,,0,100,,83491,26,,,0,100,,83492,26,,,0,98,,83498,26,,,0,106,,83493,26,,,0
5302,'20263010',716,,94403,26,,,0,29,,94406,26,,,0,72,,94385,26,,,0,34,,94397,26,,,0,79,,94405,26,,,0,85,,94398,26,,,0,100,,94386,26,,,0,101,,94402,26,,,0,100,,94399,26,,,0,100,,94400,26,,,0,86,,94401,26,,,0,45,,94395,26,,,0,65,,94387,26,,,0,31,,94394,26,,,0,76,,94392,26,,,0,27,,94388,26,,,0,69,,94389,26,,,0,101,,94393,26,,,0,99,,94390,26,,,0,104,,94391,26,,,0,104,,94396,26,,,0,103,,94404,26,,,0
5302,'20263510',718,,94420,26,,,0,101,,94407,26,,,0,101,,94408,26,,,0,101,,94419,26,,,0,98,,94409,26,,,0,99,,94410,26,,,0,100,,94421,26,,,0,99,,94411,26,,,0,97,,94412,26,,,0,104,,94422,26,,,0,96,,94413,26,,,0,105,,94414,26,,,0,99,,94418,26,,,0,100,,94415,26,,,0,99,,94416,26,,,0,98,,94423,26,,,0,106,,94417,26,,,0
5302,'20263511',718,,94437,26,,,0,101,,94424,26,,,0,101,,94425,26,,,0,101,,94436,26,,,0,98,,94426,26,,,0,99,,94427,26,,,0,100,,94438,26,,,0,99,,94428,26,,,0,97,,94429,26,,,0,104,,94439,26,,,0,96,,94430,26,,,0,105,,94431,26,,,0,99,,94435,26,,,0,100,,94432,26,,,0,99,,94433,26,,,0,98,,94440,26,,,0,106,,94434,26,,,0
5302,'20263610',718,,94452,26,,,0,101,,94442,26,,,0,101,,94448,26,,,0,101,,94453,26,,,0,98,,94443,26,,,0,99,,94447,26,,,0,100,,94457,26,,,0,99,,94441,26,,,0,97,,94450,26,,,0,104,,94455,26,,,0,96,,94449,26,,,0,105,,94446,26,,,0,99,,94454,26,,,0,100,,94451,26,,,0,99,,94445,26,,,0,98,,94456,26,,,0,106,,94444,26,,,0
5302,'20263611',718,,94469,26,,,0,101,,94459,26,,,0,101,,94465,26,,,0,101,,94470,26,,,0,98,,94460,26,,,0,99,,94464,26,,,0,100,,94474,26,,,0,99,,94458,26,,,0,97,,94467,26,,,0,104,,94472,26,,,0,96,,94466,26,,,0,105,,94463,26,,,0,99,,94471,26,,,0,100,,94468,26,,,0,99,,94462,26,,,0,98,,94473,26,,,0,106,,94461,26,,,0
25300,'20262010',1604,,86511,25,4,,0,30,,86512,25,4,,0,69,,86513,25,4,,0,30,,86514,25,4,,0
25300,'20263010',1608,,99579,25,4,,0,30,,99580,25,4,,0,73,,99581,25,4,,0,28,,99582,25,4,,0
