8201,'20262010',607,,85545,87,,,0,30,,85546,87,,,0,70,,85547,87,,,0,30,,85548,87,,,0,70,,85563,87,,,0,30,,85560,87,,,0,70,,85566,72,,,0,100,,85554,72,,,0,100,,85549,87,,,0,100,,85555,72,,,0,100,,85550,87,,,0,100,,85556,72,,,0,100,,85562,87,,,0,101,,85557,72,,,0,30,,85561,87,,,0,70,,85565,3,,,0,29,,85551,87,,,0,170,,85552,87,,,0,100,,85564,87,,,0,100,,85558,72,,,0,130,,85559,87,,,0,169,,85553,87,,,0
8201,'20262510',707,,85582,87,,,0,100,,85576,87,,,0,100,,85577,87,,,0,100,,85570,72,,,0,100,,85580,87,,,0,100,,85571,72,,,0,100,,85567,87,,,0,100,,85572,72,,,0,100,,85578,87,,,0,100,,85573,72,,,0,100,,85579,87,,,0,100,,85574,87,,,0,100,,85581,72,,,0,100,,85568,87,,,0,100,,85575,72,,,0,130,,85583,72,,,0,170,,85569,87,,,0
8201,'20262610',707,,85600,87,,,0,100,,85599,87,,,0,100,,85595,87,,,0,100,,85597,72,,,0,100,,85596,87,,,0,100,,85598,72,,,0,100,,85589,87,,,0,100,,85584,72,,,0,100,,85593,87,,,0,100,,85585,72,,,0,100,,85592,87,,,0,100,,85586,87,,,0,100,,85594,72,,,0,100,,85590,87,,,0,100,,85588,72,,,0,130,,85587,72,,,0,170,,85591,87,,,0
8201,'20263010',610,,97984,86,0,5 6,0,32,,97985,86,0,5 6,0,70,,97986,86,0,5 6,0,30,,97987,86,0,5 6,0,75,,98001,86,0,5 6,0,37,,97998,86,0,5 6,0,75,,98003,86,0,5 6,0,99,,97988,86,0,5 6,0,102,,97993,71,0,5 6,0,95,,97989,86,0,5 6,0,98,,97994,71,0,5 6,0,97,,98000,86,0,5 6,0,95,,97995,71,0,5 6,0,108,,97999,86,0,5 6,0,100,,97996,71,0,5 6,0,93,,97990,86,0,5 6,0,93,,97991,86,0,5 6,0,29,,98002,86,0,5 6,0,100,,98004,86,0,5 6,0,170,,97997,71,0,5 6,0,130,,97992,86,0,5 6,0
8201,'20263510',707,,98020,86,0,5 6,0,100,,98014,71,0,5 6,0,101,,98015,86,0,5 6,0,100,,98008,71,0,5 6,0,100,,98018,86,0,5 6,0,100,,98009,71,0,5 6,0,100,,98005,86,0,5 6,0,100,,98010,71,0,5 6,0,100,,98016,86,0,5 6,0,100,,98011,71,0,5 6,0,100,,98017,86,0,5 6,0,100,,98012,71,0,5 6,0,99,,98019,86,0,5 6,0,100,,98006,71,0,5 6,0,100,,98013,86,0,5 6,0,130,,98021,71,0,5 6,0,170,,98007,86,0,5 6,0
8201,'20263511',707,,98037,86,0,5 6,0,100,,98031,71,0,5 6,0,101,,98032,86,0,5 6,0,100,,98025,71,0,5 6,0,100,,98035,86,0,5 6,0,100,,98026,71,0,5 6,0,100,,98022,86,0,5 6,0,100,,98027,71,0,5 6,0,100,,98033,86,0,5 6,0,100,,98028,71,0,5 6,0,100,,98034,86,0,5 6,0,100,,98029,71,0,5 6,0,99,,98036,86,0,5 6,0,100,,98023,71,0,5 6,0,100,,98030,86,0,5 6,0,130,,98038,71,0,5 6,0,170,,98024,86,0,5 6,0
8201,'20263610',707,,98055,86,0,5 6,0,100,,98054,71,0,5 6,0,101,,98050,86,0,5 6,0,100,,98052,71,0,5 6,0,100,,98051,86,0,5 6,0,100,,98053,71,0,5 6,0,100,,98044,86,0,5 6,0,100,,98039,71,0,5 6,0,100,,98048,86,0,5 6,0,100,,98040,71,0,5 6,0,100,,98047,86,0,5 6,0,100,,98041,71,0,5 6,0,99,,98049,86,0,5 6,0,100,,98045,71,0,5 6,0,100,,98043,86,0,5 6,0,130,,98042,71,0,5 6,0,170,,98046,86,0,5 6,0
8201,'20263611',707,,98072,86,0,5 6,0,100,,98071,71,0,5 6,0,101,,98067,86,0,5 6,0,100,,98069,71,0,5 6,0,100,,98068,86,0,5 6,0,100,,98070,71,0,5 6,0,100,,98061,86,0,5 6,0,100,,98056,71,0,5 6,0,100,,98065,86,0,5 6,0,100,,98057,71,0,5 6,0,100,,98064,86,0,5 6,0,100,,98058,71,0,5 6,0,99,,98066,86,0,5 6,0,100,,98062,71,0,5 6,0,100,,98060,86,0,5 6,0,130,,98059,71,0,5 6,0,170,,98063,86,0,5 6,0
80302,'20262010',536,,88351,14,,,1,14,,88352,14,,,1,55,,88353,14,,,1,14,,88354,14,,,1,11,,88438,14,,,1,13,,88355,14,,,1,13,,88423,14,,,1,51,,88356,14,,,1,12,,88357,14,,,1,12,,88360,14,,,1,11,,88361,14,,,1,12,,88440,14,,,1,51,,88363,14,,,1,14,,88365,14,,,1,12,,88439,14,,,1,13,,88433,14,,,1,13,,88436,14,,,1,54,,88435,14,,,1,14,,88366,14,,,1,15,,88367,14,,,1,15,,88358,14,,,1,53,,88362,14,,,1,15,,88359,14,,,1,15,,88364,14,,,1,15,,88422,14,,,1,56,,88421,14,,,1,15,,88420,14,,,1,16,,88419,14,,,1,14,,88418,14,,,1,56,,88417,14,,,1,15,,88416,14,,,1,15,,88415,14,,,1,15,,88414,14,,,1,55,,88413,14,,,1,16,,88412,14,,,1,15,,88411,14,,,1,15,,88410,14,,,1,54,,88409,14,,,1,16,,88408,14,,,1,15,,88407,14,,,1,15,,88406,14,,,1,52,,88405,14,,,1,11,,88404,14,,,1,12,,88403,14,,,1,12,,88402,14,,,1,13,,88426,14,,,1,50,,88401,14,,,1,11,,88400,14,,,1,7,,88399,14,,,1,9,,88398,14,,,1,8,,88427,14,,,1,7,,88397,14,,,1,9,,88396,14,,,1,49,,88395,14,,,1,7,,88394,14,,,1,8,,88393,14,,,1,9,,88392,14,,,1,8,,88425,14,,,1,9,,88428,14,,,1,10,,88429,14,,,1,51,,88391,14,,,1,13,,88434,14,,,1,12,,88430,14,,,1,10,,88390,14,,,1,58,,88386,14,,,1,13,,88389,14,,,1,15,,88437,14,,,1,14,,88388,14,,,1,15,,88387,14,,,1,56,,88385,14,,,1,18,,88381,14,,,1,13,,88384,14,,,1,14,,88383,14,,,1,53,,88382,14,,,1,15,,88380,14,,,1,16,,88379,14,,,1,58,,88378,14,,,1,13,,88377,14,,,1,16,,88376,14,,,1,15,,88375,14,,,1,56,,88374,14,,,1,15,,88373,14,,,1,16,,88372,14,,,1,15,,88371,14,,,1,55,,88370,14,,,1,16,,88369,14,,,1,16,,88424,14,,,1,15,,88431,14,,,1,54,,88432,14,,,1,15,,88368,14,,,1
80302,'20262510',542,,88442,14,,,1,15,,88441,14,,,1,55,,88503,14,,,1,16,,88444,14,,,1,16,,88445,14,,,1,15,,88443,14,,,1,55,,88504,14,,,1,14,,88446,14,,,1,15,,88454,14,,,1,14,,88456,14,,,1,55,,88505,14,,,1,14,,88458,14,,,1,14,,88457,14,,,1,14,,88507,14,,,1,56,,88451,14,,,1,14,,88455,14,,,1,16,,88450,14,,,1,15,,88449,14,,,1,54,,88453,14,,,1,15,,88447,14,,,1,14,,88452,14,,,1,15,,88448,14,,,1,56,,88494,14,,,1,16,,88497,14,,,1,16,,88495,14,,,1,16,,88489,14,,,1,56,,88463,14,,,1,15,,88472,14,,,1,15,,88460,14,,,1,14,,88482,14,,,1,54,,88487,14,,,1,14,,88476,14,,,1,14,,88491,14,,,1,15,,88467,14,,,1,55,,88481,14,,,1,15,,88492,14,,,1,16,,88490,14,,,1,15,,88484,14,,,1,56,,88483,14,,,1,14,,88493,14,,,1,17,,88499,14,,,1,14,,88485,14,,,1,54,,88488,14,,,1,16,,88469,14,,,1,14,,88496,14,,,1,15,,88486,14,,,1,55,,88475,14,,,1,15,,88474,14,,,1,16,,88471,14,,,1,14,,88465,14,,,1,56,,88477,14,,,1,13,,88478,14,,,1,15,,88508,14,,,1,16,,88480,14,,,1,56,,88461,14,,,1,15,,88470,14,,,1,15,,88509,14,,,1,15,,88462,14,,,1,55,,88459,14,,,1,15,,88506,14,,,1,15,,88466,14,,,1,15,,88510,14,,,1,56,,88500,14,,,1,15,,88512,14,,,1,15,,88502,14,,,1,15,,88513,14,,,1,55,,88464,14,,,1,15,,88514,14,,,1,16,,88498,14,,,1,16,,88511,14,,,1,56,,88473,14,,,1,16,,88479,14,,,1,15,,88515,14,,,1,54,,88501,14,,,1,15,,88516,14,,,1,14,,88468,14,,,1,15,,88517,14,,,1
80302,'20262610',542,,88518,14,,,1,15,,88520,14,,,1,55,,88577,14,,,1,16,,88523,14,,,1,16,,88530,14,,,1,15,,88519,14,,,1,55,,88563,14,,,1,14,,88528,14,,,1,15,,88531,14,,,1,14,,88538,14,,,1,55,,88575,14,,,1,14,,88533,14,,,1,14,,88532,14,,,1,14,,88578,14,,,1,56,,88529,14,,,1,14,,88540,14,,,1,16,,88525,14,,,1,15,,88524,14,,,1,54,,88527,14,,,1,15,,88521,14,,,1,14,,88526,14,,,1,15,,88522,14,,,1,56,,88549,14,,,1,16,,88571,14,,,1,16,,88576,14,,,1,16,,88554,14,,,1,56,,88539,14,,,1,15,,88592,14,,,1,15,,88537,14,,,1,14,,88561,14,,,1,54,,88550,14,,,1,14,,88556,14,,,1,14,,88560,14,,,1,15,,88587,14,,,1,55,,88552,14,,,1,15,,88545,14,,,1,16,,88559,14,,,1,15,,88543,14,,,1,56,,88548,14,,,1,14,,88547,14,,,1,17,,88562,14,,,1,14,,88546,14,,,1,54,,88553,14,,,1,16,,88589,14,,,1,14,,88572,14,,,1,15,,88544,14,,,1,55,,88551,14,,,1,15,,88541,14,,,1,16,,88591,14,,,1,14,,88586,14,,,1,56,,88555,14,,,1,13,,88542,14,,,1,15,,88580,14,,,1,16,,88558,14,,,1,56,,88535,14,,,1,15,,88590,14,,,1,15,,88581,14,,,1,15,,88536,14,,,1,55,,88534,14,,,1,15,,88579,14,,,1,15,,88594,14,,,1,15,,88565,14,,,1,56,,88574,14,,,1,15,,88566,14,,,1,15,,88573,14,,,1,15,,88567,14,,,1,55,,88588,14,,,1,15,,88564,14,,,1,16,,88569,14,,,1,16,,88568,14,,,1,56,,88593,14,,,1,16,,88557,14,,,1,15,,88582,14,,,1,54,,88570,14,,,1,15,,88583,14,,,1,14,,88585,14,,,1,15,,88584,14,,,1
80302,'20263010',543,,102545,14,,,1,16,,102546,14,,,1,55,,102547,14,,,1,14,,102548,14,,,1,14,,102549,14,,,1,11,,102628,14,,,1,49,,102627,14,,,1,11,,102550,14,,,1,10,,102551,14,,,1,11,,102554,14,,,1,8,,102555,14,,,1,9,,102556,14,,,1,51,,102557,14,,,1,10,,102559,14,,,1,10,,102561,14,,,1,10,,102562,14,,,1,11,,102637,14,,,1,11,,102641,14,,,1,50,,102640,14,,,1,13,,102563,14,,,1,14,,102565,14,,,1,11,,102566,14,,,1,12,,102552,14,,,1,52,,102558,14,,,1,12,,102564,14,,,1,12,,102553,14,,,1,12,,102560,14,,,1,12,,102626,14,,,1,52,,102625,14,,,1,12,,102624,14,,,1,12,,102623,14,,,1,12,,102622,14,,,1,11,,102621,14,,,1,51,,102620,14,,,1,12,,102619,14,,,1,12,,102618,14,,,1,12,,102617,14,,,1,12,,102616,14,,,1,52,,102615,14,,,1,11,,102614,14,,,1,11,,102613,14,,,1,13,,102612,14,,,1,12,,102611,14,,,1,53,,102610,14,,,1,12,,102609,14,,,1,12,,102608,14,,,1,12,,102607,14,,,1,11,,102606,14,,,1,52,,102605,14,,,1,10,,102604,14,,,1,10,,102603,14,,,1,10,,102602,14,,,1,10,,102601,14,,,1,10,,102598,14,,,1,50,,102631,14,,,1,10,,102600,14,,,1,10,,102599,14,,,1,10,,102597,14,,,1,10,,102632,14,,,1,9,,102596,14,,,1,48,,102595,14,,,1,9,,102594,14,,,1,7,,102593,14,,,1,10,,102592,14,,,1,6,,102591,14,,,1,8,,102630,14,,,1,8,,102633,14,,,1,9,,102634,14,,,1,49,,102590,14,,,1,12,,102638,14,,,1,11,,102635,14,,,1,9,,102589,14,,,1,13,,102588,14,,,1,55,,102587,14,,,1,14,,102642,14,,,1,16,,102586,14,,,1,16,,102585,14,,,1,56,,102584,14,,,1,15,,102583,14,,,1,15,,102582,14,,,1,15,,102581,14,,,1,56,,102580,14,,,1,15,,102579,14,,,1,15,,102578,14,,,1,15,,102577,14,,,1,55,,102576,14,,,1,14,,102575,14,,,1,15,,102574,14,,,1,15,,102573,14,,,1,55,,102571,14,,,1,15,,102572,14,,,1,15,,102570,14,,,1,15,,102569,14,,,1,55,,102568,14,,,1,13,,102629,14,,,1,15,,102636,14,,,1,15,,102639,14,,,1,55,,102567,14,,,1
80302,'20263510',537,,102644,14,,,1,15,,102643,14,,,1,56,,102705,14,,,1,16,,102646,14,,,1,16,,102647,14,,,1,16,,102645,14,,,1,56,,102706,14,,,1,14,,102648,14,,,1,15,,102656,14,,,1,15,,102658,14,,,1,55,,102707,14,,,1,13,,102660,14,,,1,15,,102659,14,,,1,15,,102709,14,,,1,55,,102653,14,,,1,15,,102657,14,,,1,15,,102652,14,,,1,15,,102651,14,,,1,55,,102655,14,,,1,15,,102649,14,,,1,15,,102654,14,,,1,15,,102650,14,,,1,54,,102696,14,,,1,15,,102699,14,,,1,15,,102697,14,,,1,14,,102691,14,,,1,55,,102665,14,,,1,16,,102674,14,,,1,15,,102662,14,,,1,14,,102684,14,,,1,56,,102689,14,,,1,15,,102678,14,,,1,16,,102693,14,,,1,13,,102669,14,,,1,55,,102683,14,,,1,14,,102694,14,,,1,18,,102692,14,,,1,15,,102686,14,,,1,55,,102685,14,,,1,15,,102695,14,,,1,16,,102701,14,,,1,13,,102687,14,,,1,56,,102690,14,,,1,15,,102671,14,,,1,16,,102698,14,,,1,14,,102688,14,,,1,55,,102677,14,,,1,16,,102676,14,,,1,15,,102673,14,,,1,16,,102667,14,,,1,55,,102679,14,,,1,15,,102680,14,,,1,15,,102710,14,,,1,15,,102682,14,,,1,55,,102663,14,,,1,15,,102672,14,,,1,15,,102711,14,,,1,15,,102664,14,,,1,58,,102661,14,,,1,15,,102708,14,,,1,15,,102668,14,,,1,15,,102712,14,,,1,55,,102702,14,,,1,15,,102714,14,,,1,15,,102704,14,,,1,15,,102715,14,,,1,55,,102666,14,,,1,15,,102716,14,,,1,15,,102700,14,,,1,15,,102713,14,,,1,55,,102675,14,,,1,15,,102681,14,,,1,14,,102717,14,,,1,15,,102703,14,,,1,55,,102718,14,,,1,15,,102670,14,,,1,14,,102719,14,,,1
80302,'20263511',537,,102721,14,,,1,15,,102720,14,,,1,56,,102782,14,,,1,16,,102723,14,,,1,16,,102724,14,,,1,16,,102722,14,,,1,56,,102783,14,,,1,14,,102725,14,,,1,15,,102733,14,,,1,15,,102735,14,,,1,55,,102784,14,,,1,13,,102737,14,,,1,15,,102736,14,,,1,15,,102786,14,,,1,55,,102730,14,,,1,15,,102734,14,,,1,15,,102729,14,,,1,15,,102728,14,,,1,55,,102732,14,,,1,15,,102726,14,,,1,15,,102731,14,,,1,15,,102727,14,,,1,54,,102773,14,,,1,15,,102776,14,,,1,15,,102774,14,,,1,14,,102768,14,,,1,55,,102742,14,,,1,16,,102751,14,,,1,15,,102739,14,,,1,14,,102761,14,,,1,56,,102766,14,,,1,15,,102755,14,,,1,16,,102770,14,,,1,13,,102746,14,,,1,55,,102760,14,,,1,14,,102771,14,,,1,18,,102769,14,,,1,15,,102763,14,,,1,55,,102762,14,,,1,15,,102772,14,,,1,16,,102778,14,,,1,13,,102764,14,,,1,56,,102767,14,,,1,15,,102748,14,,,1,16,,102775,14,,,1,14,,102765,14,,,1,55,,102754,14,,,1,16,,102753,14,,,1,15,,102750,14,,,1,16,,102744,14,,,1,55,,102756,14,,,1,15,,102757,14,,,1,15,,102787,14,,,1,15,,102759,14,,,1,55,,102740,14,,,1,15,,102749,14,,,1,15,,102788,14,,,1,15,,102741,14,,,1,58,,102738,14,,,1,15,,102785,14,,,1,15,,102745,14,,,1,15,,102789,14,,,1,55,,102779,14,,,1,15,,102791,14,,,1,15,,102781,14,,,1,15,,102792,14,,,1,55,,102743,14,,,1,15,,102793,14,,,1,15,,102777,14,,,1,15,,102790,14,,,1,55,,102752,14,,,1,15,,102758,14,,,1,14,,102794,14,,,1,15,,102780,14,,,1,55,,102795,14,,,1,15,,102747,14,,,1,14,,102796,14,,,1
80302,'20263610',537,,102844,14,,,1,15,,102843,14,,,1,56,,102798,14,,,1,16,,102863,14,,,1,16,,102864,14,,,1,16,,102855,14,,,1,56,,102802,14,,,1,14,,102861,14,,,1,15,,102865,14,,,1,15,,102859,14,,,1,55,,102811,14,,,1,13,,102862,14,,,1,15,,102860,14,,,1,15,,102814,14,,,1,55,,102850,14,,,1,15,,102848,14,,,1,15,,102856,14,,,1,15,,102853,14,,,1,55,,102858,14,,,1,15,,102857,14,,,1,15,,102845,14,,,1,15,,102854,14,,,1,54,,102812,14,,,1,15,,102808,14,,,1,15,,102797,14,,,1,14,,102838,14,,,1,55,,102867,14,,,1,16,,102826,14,,,1,15,,102852,14,,,1,14,,102832,14,,,1,56,,102825,14,,,1,15,,102842,14,,,1,16,,102840,14,,,1,13,,102870,14,,,1,55,,102841,14,,,1,14,,102807,14,,,1,18,,102839,14,,,1,15,,102833,14,,,1,55,,102824,14,,,1,15,,102800,14,,,1,16,,102805,14,,,1,13,,102823,14,,,1,56,,102834,14,,,1,15,,102871,14,,,1,16,,102804,14,,,1,14,,102836,14,,,1,55,,102829,14,,,1,16,,102828,14,,,1,15,,102873,14,,,1,16,,102849,14,,,1,55,,102835,14,,,1,15,,102830,14,,,1,15,,102815,14,,,1,15,,102831,14,,,1,55,,102866,14,,,1,15,,102872,14,,,1,15,,102799,14,,,1,15,,102847,14,,,1,58,,102846,14,,,1,15,,102810,14,,,1,15,,102869,14,,,1,15,,102816,14,,,1,55,,102806,14,,,1,15,,102818,14,,,1,15,,102801,14,,,1,15,,102819,14,,,1,55,,102868,14,,,1,15,,102803,14,,,1,15,,102813,14,,,1,15,,102817,14,,,1,55,,102827,14,,,1,15,,102837,14,,,1,14,,102822,14,,,1,15,,102809,14,,,1,55,,102821,14,,,1,15,,102851,14,,,1,14,,102820,14,,,1
80302,'20263611',537,,102921,14,,,1,15,,102920,14,,,1,56,,102875,14,,,1,16,,102940,14,,,1,16,,102941,14,,,1,16,,102932,14,,,1,56,,102879,14,,,1,14,,102938,14,,,1,15,,102942,14,,,1,15,,102936,14,,,1,55,,102888,14,,,1,13,,102939,14,,,1,15,,102937,14,,,1,15,,102891,14,,,1,55,,102927,14,,,1,15,,102925,14,,,1,15,,102933,14,,,1,15,,102930,14,,,1,55,,102935,14,,,1,15,,102934,14,,,1,15,,102922,14,,,1,15,,102931,14,,,1,54,,102889,14,,,1,15,,102885,14,,,1,15,,102874,14,,,1,14,,102915,14,,,1,55,,102944,14,,,1,16,,102903,14,,,1,15,,102929,14,,,1,14,,102909,14,,,1,56,,102902,14,,,1,15,,102919,14,,,1,16,,102917,14,,,1,13,,102947,14,,,1,55,,102918,14,,,1,14,,102884,14,,,1,18,,102916,14,,,1,15,,102910,14,,,1,55,,102901,14,,,1,15,,102877,14,,,1,16,,102882,14,,,1,13,,102900,14,,,1,56,,102911,14,,,1,15,,102948,14,,,1,16,,102881,14,,,1,14,,102913,14,,,1,55,,102906,14,,,1,16,,102905,14,,,1,15,,102950,14,,,1,16,,102926,14,,,1,55,,102912,14,,,1,15,,102907,14,,,1,15,,102892,14,,,1,15,,102908,14,,,1,55,,102943,14,,,1,15,,102949,14,,,1,15,,102876,14,,,1,15,,102924,14,,,1,58,,102923,14,,,1,15,,102887,14,,,1,15,,102946,14,,,1,15,,102893,14,,,1,55,,102883,14,,,1,15,,102895,14,,,1,15,,102878,14,,,1,15,,102896,14,,,1,55,,102945,14,,,1,15,,102880,14,,,1,15,,102890,14,,,1,15,,102894,14,,,1,55,,102904,14,,,1,15,,102914,14,,,1,14,,102899,14,,,1,15,,102886,14,,,1,55,,102898,14,,,1,15,,102928,14,,,1,14,,102897,14,,,1
