'20253011multint',27300,162930,4,'',0,7800,4,'',0,2700,4,'',0,7400,4,'',0
'20260010multint',27300,162830,4,'',0,7300,4,'',0,2900,4,'',0,7600,4,'',0
'20260512multint',27300,170130,4,'',0
'20253011multint',28100,162800,4,'',0,2830,4,'',0,6880,4,'',0,3100,4,'',0,6040,4,'',0
'20260010multint',28100,162830,4,'',0,2800,4,'',0,6580,4,'',0,2800,4,'',0,6640,4,'',0
'20260512multint',28100,162830,4,'',0,9380,4,'',0
'20253011multint',38100,164500,4,'',0,9550,4,'',0,11600,4,'',0
'20260010multint',38100,164400,4,'',0,9250,4,'',0,12060,4,'',0
'20253011multint',58100,165430,4,'',0,6200,4,'',0,3780,4,'',0
'20260010multint',58100,164800,4,'',0,6300,4,'',0,3750,4,'',0
'20260512multint',58100,164800,4,'',0
