9002,'20262010',638,,71584,15,,,0,66,,71585,15,,,0,34,,71588,15,,,0,76,,71586,15,,,0,22,,71587,15,,,0
9002,'20262011',638,,71589,15,,,0,66,,71590,15,,,0,34,,71593,15,,,0,76,,71591,15,,,0,22,,71592,15,,,0
9102,'20262010',513,,71604,18,,,0,101,,71605,18,,,0,28,,71606,18,,,0,70,,71607,18,,,0,28,,71608,18,,,0,72,,71609,18,,,0,30,,71610,18,,,0,100,,71611,18,,,0,99,,71612,18,,,0,100,,71613,18,,,0,101,,71614,18,,,0,99,,71615,18,,,0,100,,71616,18,,,0,98,,71617,18,,,0,106,,71618,18,,,0,100,,71619,18,,,0,98,,71620,18,,,0,98,,71621,18,,,0,100,,71622,18,,,0,100,,71623,18,,,0,103,,71624,18,,,0
9102,'20262011',513,,71625,18,,,0,101,,71626,18,,,0,28,,71627,18,,,0,70,,71628,18,,,0,28,,71629,18,,,0,72,,71630,18,,,0,30,,71631,18,,,0,100,,71632,18,,,0,99,,71633,18,,,0,100,,71634,18,,,0,101,,71635,18,,,0,99,,71636,18,,,0,100,,71637,18,,,0,98,,71638,18,,,0,106,,71639,18,,,0,100,,71640,18,,,0,98,,71641,18,,,0,98,,71642,18,,,0,100,,71643,18,,,0,100,,71644,18,,,0,103,,71645,18,,,0
9102,'20262510',543,,71646,18,,,0,100,,71647,18,,,0,100,,71648,18,,,0,100,,71649,18,,,0,100,,71650,18,,,0,100,,71651,18,,,0,100,,71652,18,,,0,99,,71653,18,,,0,100,,71654,18,,,0,100,,71655,18,,,0,97,,71656,18,,,0,99,,71657,18,,,0,105,,71658,18,,,0,100,,71659,18,,,0,100,,71660,18,,,0,100,,71661,18,,,0,100,,71662,18,,,0,100,,71663,18,,,0
9102,'20262511',543,,71664,18,,,0,100,,71665,18,,,0,100,,71666,18,,,0,100,,71667,18,,,0,100,,71668,18,,,0,100,,71669,18,,,0,100,,71670,18,,,0,99,,71671,18,,,0,100,,71672,18,,,0,100,,71673,18,,,0,97,,71674,18,,,0,99,,71675,18,,,0,105,,71676,18,,,0,100,,71677,18,,,0,100,,71678,18,,,0,100,,71679,18,,,0,100,,71680,18,,,0,100,,71681,18,,,0
9102,'20262610',543,,71682,18,,,0,100,,71683,18,,,0,100,,71684,18,,,0,100,,71685,18,,,0,100,,71686,18,,,0,100,,71687,18,,,0,100,,71688,18,,,0,99,,71689,18,,,0,100,,71690,18,,,0,100,,71691,18,,,0,97,,71692,18,,,0,99,,71693,18,,,0,105,,71694,18,,,0,100,,71695,18,,,0,100,,71696,18,,,0,100,,71697,18,,,0,100,,71698,18,,,0,100,,71699,18,,,0
9102,'20262611',543,,71700,18,,,0,100,,71701,18,,,0,100,,71702,18,,,0,100,,71703,18,,,0,100,,71704,18,,,0,100,,71705,18,,,0,100,,71706,18,,,0,99,,71707,18,,,0,100,,71708,18,,,0,100,,71709,18,,,0,97,,71710,18,,,0,99,,71711,18,,,0,105,,71712,18,,,0,100,,71713,18,,,0,100,,71714,18,,,0,100,,71715,18,,,0,100,,71716,18,,,0,100,,71717,18,,,0
29102,'20262010',610,,73200,18,,,0,30,,73203,18,,,0,63,,73201,18,,,0,31,,73202,18,,,0
29102,'20262011',610,,73204,18,,,0,30,,73207,18,,,0,63,,73205,18,,,0,31,,73206,18,,,0
