7601,'20262010',546,,69808,19,,,1,93,,69809,19,,,1,70,,69810,19,,,1,25,,69833,19,,,1,73,,69811,19,,,1,38,,69812,19,,,1,100,,69813,19,,,1,98,,69814,19,,,1,95,,69815,19,,,1,72,,69816,19,,,1,26,,69817,19,,,1,71,,69818,19,,,1,100,,69819,19,,,1,48,,69820,19,,,1,68,,69821,19,,,1,32,,69822,19,,,1,87,,69823,19,,,1,77,,69824,19,,,1,30,,69825,19,,,1,75,,69826,19,,,1,24,,69827,19,,,1,103,,69828,19,,,1,100,,69829,19,,,1,98,,69830,19,,,1,100,,69831,19,,,1,108,,69832,19,,,1
7601,'20262011',546,,69834,19,,,1,93,,69835,19,,,1,70,,69836,19,,,1,25,,69859,19,,,1,73,,69837,19,,,1,38,,69838,19,,,1,100,,69839,19,,,1,98,,69840,19,,,1,95,,69841,19,,,1,72,,69842,19,,,1,26,,69843,19,,,1,71,,69844,19,,,1,100,,69845,19,,,1,48,,69846,19,,,1,68,,69847,19,,,1,32,,69848,19,,,1,87,,69849,19,,,1,77,,69850,19,,,1,30,,69851,19,,,1,75,,69852,19,,,1,24,,69853,19,,,1,103,,69854,19,,,1,100,,69855,19,,,1,98,,69856,19,,,1,100,,69857,19,,,1,108,,69858,19,,,1
7601,'20262510',626,,69877,19,,,1,28,,69878,19,,,1,73,,69860,19,,,1,30,,69879,19,,,1,71,,69861,19,,,1,30,,69880,19,,,1,70,,69862,19,,,1,101,,69863,19,,,1,101,,69864,19,,,1,101,,69865,19,,,1,70,,69881,19,,,1,16,,69866,19,,,1,83,,69882,19,,,1,32,,69867,19,,,1,101,,69868,19,,,1,100,,69869,19,,,1,71,,69883,19,,,1,28,,69870,19,,,1,68,,69884,19,,,1,31,,69871,19,,,1,99,,69872,19,,,1,98,,69873,19,,,1,100,,69874,19,,,1,100,,69875,19,,,1,114,,69876,19,,,1
7601,'20262511',626,,69902,19,,,1,28,,69903,19,,,1,73,,69885,19,,,1,30,,69904,19,,,1,71,,69886,19,,,1,30,,69905,19,,,1,70,,69887,19,,,1,101,,69888,19,,,1,101,,69889,19,,,1,101,,69890,19,,,1,70,,69906,19,,,1,16,,69891,19,,,1,83,,69907,19,,,1,32,,69892,19,,,1,101,,69893,19,,,1,100,,69894,19,,,1,71,,69908,19,,,1,28,,69895,19,,,1,68,,69909,19,,,1,31,,69896,19,,,1,99,,69897,19,,,1,98,,69898,19,,,1,100,,69899,19,,,1,100,,69900,19,,,1,114,,69901,19,,,1
7601,'20262610',626,,69927,19,,,1,28,,69928,19,,,1,73,,69926,19,,,1,30,,69929,19,,,1,71,,69910,19,,,1,30,,69930,19,,,1,70,,69911,19,,,1,101,,69912,19,,,1,101,,69913,19,,,1,101,,69914,19,,,1,70,,69931,19,,,1,16,,69915,19,,,1,83,,69932,19,,,1,32,,69916,19,,,1,101,,69917,19,,,1,100,,69918,19,,,1,71,,69933,19,,,1,28,,69919,19,,,1,68,,69934,19,,,1,31,,69920,19,,,1,99,,69921,19,,,1,98,,69922,19,,,1,100,,69923,19,,,1,100,,69924,19,,,1,114,,69925,19,,,1
7601,'20262611',626,,69952,19,,,1,28,,69953,19,,,1,73,,69951,19,,,1,30,,69954,19,,,1,71,,69935,19,,,1,30,,69955,19,,,1,70,,69936,19,,,1,101,,69937,19,,,1,101,,69938,19,,,1,101,,69939,19,,,1,70,,69956,19,,,1,16,,69940,19,,,1,83,,69957,19,,,1,32,,69941,19,,,1,101,,69942,19,,,1,100,,69943,19,,,1,71,,69958,19,,,1,28,,69944,19,,,1,68,,69959,19,,,1,31,,69945,19,,,1,99,,69946,19,,,1,98,,69947,19,,,1,100,,69948,19,,,1,100,,69949,19,,,1,114,,69950,19,,,1
9301,'20262010',608,,72173,44,,,0,95,,72158,44,,,0,20,,72180,44,,,0,15,,72159,44,,,0,71,,72160,44,,,0,30,,72161,44,,,0,69,,72162,44,,,0,31,,72171,44,,,0,99,,72163,44,,,0,100,,72176,44,,,0,100,,72164,44,,,0,101,,72177,44,,,0,99,,72165,44,,,0,102,,72169,44,,,0,71,,72178,44,,,0,25,,72166,44,,,0,79,,72179,44,,,0,32,,72172,44,,,0,95,,72170,44,,,0,100,,72174,44,,,0,101,,72167,44,,,0,99,,72175,44,,,0,105,,72168,44,,,0
9301,'20262011',608,,72196,44,,,0,95,,72181,44,,,0,20,,72203,44,,,0,15,,72182,44,,,0,71,,72183,44,,,0,30,,72184,44,,,0,69,,72185,44,,,0,31,,72194,44,,,0,99,,72186,44,,,0,100,,72199,44,,,0,100,,72187,44,,,0,101,,72200,44,,,0,99,,72188,44,,,0,102,,72192,44,,,0,71,,72201,44,,,0,25,,72189,44,,,0,79,,72202,44,,,0,32,,72195,44,,,0,95,,72193,44,,,0,100,,72197,44,,,0,101,,72190,44,,,0,99,,72198,44,,,0,105,,72191,44,,,0
9301,'20262510',734,,72209,44,,,0,101,,72204,44,,,0,100,,72218,44,,,0,96,,72211,44,,,0,104,,72213,44,,,0,100,,72205,44,,,0,99,,72214,44,,,0,106,,72212,44,,,0,101,,72215,44,,,0,92,,72206,44,,,0,109,,72216,44,,,0,93,,72210,44,,,0,99,,72217,44,,,0,100,,72207,44,,,0,199,,72208,44,,,0,198,,72219,44,,,0
9301,'20262511',734,,72225,44,,,0,101,,72220,44,,,0,100,,72234,44,,,0,96,,72227,44,,,0,104,,72229,44,,,0,100,,72221,44,,,0,99,,72230,44,,,0,106,,72228,44,,,0,101,,72231,44,,,0,92,,72222,44,,,0,109,,72232,44,,,0,93,,72226,44,,,0,99,,72233,44,,,0,100,,72223,44,,,0,199,,72224,44,,,0,198,,72235,44,,,0
9301,'20262610',734,,72248,44,,,0,101,,72241,44,,,0,100,,72249,44,,,0,96,,72236,44,,,0,104,,72244,44,,,0,100,,72237,44,,,0,99,,72245,44,,,0,106,,72242,44,,,0,101,,72246,44,,,0,92,,72238,44,,,0,109,,72247,44,,,0,93,,72243,44,,,0,99,,72250,44,,,0,100,,72239,44,,,0,199,,72240,44,,,0,198,,72251,44,,,0
9301,'20262611',734,,72264,44,,,0,101,,72257,44,,,0,100,,72265,44,,,0,96,,72252,44,,,0,104,,72260,44,,,0,100,,72253,44,,,0,99,,72261,44,,,0,106,,72258,44,,,0,101,,72262,44,,,0,92,,72254,44,,,0,109,,72263,44,,,0,93,,72259,44,,,0,99,,72266,44,,,0,100,,72255,44,,,0,199,,72256,44,,,0,198,,72267,44,,,0
80702,'20262010',521,,80317,8,,,1,14,,80280,8,,,1,14,,80281,8,,,1,54,,80282,8,,,1,14,,80283,8,,,1,14,,80284,8,,,1,17,,80285,8,,,1,55,,80311,8,,,1,16,,80315,8,,,1,14,,80312,8,,,1,16,,80313,8,,,1,55,,80314,8,,,1,15,,80310,8,,,1,16,,80233,8,,,1,15,,80234,8,,,1,55,,80235,8,,,1,16,,80236,8,,,1,15,,80237,8,,,1,15,,80238,8,,,1,55,,80239,8,,,1,14,,80240,8,,,1,15,,80241,8,,,1,15,,80242,8,,,1,55,,80243,8,,,1,15,,80244,8,,,1,14,,80245,8,,,1,15,,80246,8,,,1,55,,80247,8,,,1,13,,80248,8,,,1,14,,80249,8,,,1,12,,80250,8,,,1,12,,80251,8,,,1,51,,80252,8,,,1,12,,80253,8,,,1,13,,80254,8,,,1,13,,80255,8,,,1,13,,80256,8,,,1,53,,80257,8,,,1,13,,80258,8,,,1,12,,80259,8,,,1,10,,80260,8,,,1,8,,80261,8,,,1,50,,80262,8,,,1,11,,80263,8,,,1,9,,80264,8,,,1,10,,80265,8,,,1,10,,80266,8,,,1,10,,80267,8,,,1,52,,80268,8,,,1,12,,80269,8,,,1,12,,80270,8,,,1,12,,80271,8,,,1,12,,80272,8,,,1,52,,80273,8,,,1,11,,80274,8,,,1,11,,80275,8,,,1,11,,80276,8,,,1,12,,80277,8,,,1,55,,80278,8,,,1,16,,80279,8,,,1,16,,80286,8,,,1,16,,80287,8,,,1,56,,80288,8,,,1,17,,80289,8,,,1,16,,80290,8,,,1,16,,80291,8,,,1,55,,80292,8,,,1,15,,80293,8,,,1,15,,80294,8,,,1,15,,80295,8,,,1,55,,80296,8,,,1,15,,80297,8,,,1,14,,80298,8,,,1,14,,80299,8,,,1,56,,80300,8,,,1,15,,80301,8,,,1,14,,80302,8,,,1,14,,80303,8,,,1,54,,80304,8,,,1,15,,80305,8,,,1,16,,80306,8,,,1,15,,80307,8,,,1,55,,80308,8,,,1,15,,80309,8,,,1,15,,80232,8,,,1,15,,80316,8,,,1
80702,'20262011',521,,80403,8,,,1,14,,80366,8,,,1,14,,80367,8,,,1,54,,80368,8,,,1,14,,80369,8,,,1,14,,80370,8,,,1,17,,80371,8,,,1,55,,80397,8,,,1,16,,80401,8,,,1,14,,80398,8,,,1,16,,80399,8,,,1,55,,80400,8,,,1,15,,80396,8,,,1,16,,80319,8,,,1,15,,80320,8,,,1,55,,80321,8,,,1,16,,80322,8,,,1,15,,80323,8,,,1,15,,80324,8,,,1,55,,80325,8,,,1,14,,80326,8,,,1,15,,80327,8,,,1,15,,80328,8,,,1,55,,80329,8,,,1,15,,80330,8,,,1,14,,80331,8,,,1,15,,80332,8,,,1,55,,80333,8,,,1,13,,80334,8,,,1,14,,80335,8,,,1,12,,80336,8,,,1,12,,80337,8,,,1,51,,80338,8,,,1,12,,80339,8,,,1,13,,80340,8,,,1,13,,80341,8,,,1,13,,80342,8,,,1,53,,80343,8,,,1,13,,80344,8,,,1,12,,80345,8,,,1,10,,80346,8,,,1,8,,80347,8,,,1,50,,80348,8,,,1,11,,80349,8,,,1,9,,80350,8,,,1,10,,80351,8,,,1,10,,80352,8,,,1,10,,80353,8,,,1,52,,80354,8,,,1,12,,80355,8,,,1,12,,80356,8,,,1,12,,80357,8,,,1,12,,80358,8,,,1,52,,80359,8,,,1,11,,80360,8,,,1,11,,80361,8,,,1,11,,80362,8,,,1,12,,80363,8,,,1,55,,80364,8,,,1,16,,80365,8,,,1,16,,80372,8,,,1,16,,80373,8,,,1,56,,80374,8,,,1,17,,80375,8,,,1,16,,80376,8,,,1,16,,80377,8,,,1,55,,80378,8,,,1,15,,80379,8,,,1,15,,80380,8,,,1,15,,80381,8,,,1,55,,80382,8,,,1,15,,80383,8,,,1,14,,80384,8,,,1,14,,80385,8,,,1,56,,80386,8,,,1,15,,80387,8,,,1,14,,80388,8,,,1,14,,80389,8,,,1,54,,80390,8,,,1,15,,80391,8,,,1,16,,80392,8,,,1,15,,80393,8,,,1,55,,80394,8,,,1,15,,80395,8,,,1,15,,80318,8,,,1,15,,80402,8,,,1
80702,'20262510',530,,80404,8,,,1,15,,80405,8,,,1,14,,80406,8,,,1,54,,80480,8,,,1,15,,80407,8,,,1,14,,80408,8,,,1,14,,80481,8,,,1,54,,80409,8,,,1,15,,80410,8,,,1,14,,80411,8,,,1,15,,80412,8,,,1,55,,80413,8,,,1,15,,80414,8,,,1,15,,80415,8,,,1,15,,80416,8,,,1,54,,80417,8,,,1,16,,80418,8,,,1,14,,80419,8,,,1,14,,80420,8,,,1,54,,80421,8,,,1,16,,80422,8,,,1,16,,80423,8,,,1,16,,80424,8,,,1,55,,80425,8,,,1,15,,80426,8,,,1,15,,80427,8,,,1,15,,80428,8,,,1,54,,80429,8,,,1,15,,80430,8,,,1,16,,80431,8,,,1,15,,80432,8,,,1,54,,80433,8,,,1,15,,80434,8,,,1,15,,80435,8,,,1,15,,80436,8,,,1,55,,80437,8,,,1,14,,80438,8,,,1,15,,80439,8,,,1,15,,80440,8,,,1,55,,80441,8,,,1,15,,80442,8,,,1,14,,80443,8,,,1,16,,80444,8,,,1,55,,80445,8,,,1,15,,80446,8,,,1,15,,80447,8,,,1,17,,80448,8,,,1,55,,80449,8,,,1,15,,80450,8,,,1,15,,80451,8,,,1,16,,80452,8,,,1,55,,80453,8,,,1,14,,80454,8,,,1,16,,80455,8,,,1,15,,80456,8,,,1,55,,80457,8,,,1,15,,80458,8,,,1,14,,80459,8,,,1,15,,80460,8,,,1,55,,80461,8,,,1,14,,80462,8,,,1,15,,80463,8,,,1,15,,80464,8,,,1,56,,80465,8,,,1,16,,80466,8,,,1,15,,80467,8,,,1,15,,80468,8,,,1,55,,80469,8,,,1,15,,80470,8,,,1,14,,80471,8,,,1,16,,80472,8,,,1,54,,80473,8,,,1,16,,80474,8,,,1,16,,80475,8,,,1,17,,80476,8,,,1,57,,80477,8,,,1,17,,80478,8,,,1,15,,80479,8,,,1
80702,'20262511',530,,80482,8,,,1,15,,80483,8,,,1,14,,80484,8,,,1,54,,80558,8,,,1,15,,80485,8,,,1,14,,80486,8,,,1,14,,80559,8,,,1,54,,80487,8,,,1,15,,80488,8,,,1,14,,80489,8,,,1,15,,80490,8,,,1,55,,80491,8,,,1,15,,80492,8,,,1,15,,80493,8,,,1,15,,80494,8,,,1,54,,80495,8,,,1,16,,80496,8,,,1,14,,80497,8,,,1,14,,80498,8,,,1,54,,80499,8,,,1,16,,80500,8,,,1,16,,80501,8,,,1,16,,80502,8,,,1,55,,80503,8,,,1,15,,80504,8,,,1,15,,80505,8,,,1,15,,80506,8,,,1,54,,80507,8,,,1,15,,80508,8,,,1,16,,80509,8,,,1,15,,80510,8,,,1,54,,80511,8,,,1,15,,80512,8,,,1,15,,80513,8,,,1,15,,80514,8,,,1,55,,80515,8,,,1,14,,80516,8,,,1,15,,80517,8,,,1,15,,80518,8,,,1,55,,80519,8,,,1,15,,80520,8,,,1,14,,80521,8,,,1,16,,80522,8,,,1,55,,80523,8,,,1,15,,80524,8,,,1,15,,80525,8,,,1,17,,80526,8,,,1,55,,80527,8,,,1,15,,80528,8,,,1,15,,80529,8,,,1,16,,80530,8,,,1,55,,80531,8,,,1,14,,80532,8,,,1,16,,80533,8,,,1,15,,80534,8,,,1,55,,80535,8,,,1,15,,80536,8,,,1,14,,80537,8,,,1,15,,80538,8,,,1,55,,80539,8,,,1,14,,80540,8,,,1,15,,80541,8,,,1,15,,80542,8,,,1,56,,80543,8,,,1,16,,80544,8,,,1,15,,80545,8,,,1,15,,80546,8,,,1,55,,80547,8,,,1,15,,80548,8,,,1,14,,80549,8,,,1,16,,80550,8,,,1,54,,80551,8,,,1,16,,80552,8,,,1,16,,80553,8,,,1,17,,80554,8,,,1,57,,80555,8,,,1,17,,80556,8,,,1,15,,80557,8,,,1
80702,'20262610',530,,80560,8,,,1,15,,80561,8,,,1,14,,80562,8,,,1,54,,80636,8,,,1,15,,80563,8,,,1,14,,80564,8,,,1,14,,80637,8,,,1,54,,80565,8,,,1,15,,80566,8,,,1,14,,80567,8,,,1,15,,80568,8,,,1,55,,80569,8,,,1,15,,80570,8,,,1,15,,80571,8,,,1,15,,80572,8,,,1,54,,80573,8,,,1,16,,80574,8,,,1,14,,80575,8,,,1,14,,80576,8,,,1,54,,80577,8,,,1,16,,80578,8,,,1,16,,80579,8,,,1,16,,80580,8,,,1,55,,80581,8,,,1,15,,80582,8,,,1,15,,80583,8,,,1,15,,80584,8,,,1,54,,80585,8,,,1,15,,80586,8,,,1,16,,80587,8,,,1,15,,80588,8,,,1,54,,80589,8,,,1,15,,80590,8,,,1,15,,80591,8,,,1,15,,80592,8,,,1,55,,80593,8,,,1,14,,80594,8,,,1,15,,80595,8,,,1,15,,80596,8,,,1,55,,80597,8,,,1,15,,80598,8,,,1,14,,80599,8,,,1,16,,80600,8,,,1,55,,80601,8,,,1,15,,80602,8,,,1,15,,80603,8,,,1,17,,80604,8,,,1,55,,80605,8,,,1,15,,80606,8,,,1,15,,80607,8,,,1,16,,80608,8,,,1,55,,80609,8,,,1,14,,80610,8,,,1,16,,80611,8,,,1,15,,80612,8,,,1,55,,80613,8,,,1,15,,80614,8,,,1,14,,80615,8,,,1,15,,80616,8,,,1,55,,80617,8,,,1,14,,80618,8,,,1,15,,80619,8,,,1,15,,80621,8,,,1,56,,80622,8,,,1,16,,80623,8,,,1,15,,80620,8,,,1,15,,80624,8,,,1,55,,80625,8,,,1,15,,80626,8,,,1,14,,80627,8,,,1,16,,80628,8,,,1,54,,80629,8,,,1,16,,80630,8,,,1,16,,80631,8,,,1,17,,80632,8,,,1,57,,80633,8,,,1,17,,80634,8,,,1,15,,80635,8,,,1
80702,'20262611',530,,80638,8,,,1,15,,80639,8,,,1,14,,80640,8,,,1,54,,80714,8,,,1,15,,80641,8,,,1,14,,80642,8,,,1,14,,80715,8,,,1,54,,80643,8,,,1,15,,80644,8,,,1,14,,80645,8,,,1,15,,80646,8,,,1,55,,80647,8,,,1,15,,80648,8,,,1,15,,80649,8,,,1,15,,80650,8,,,1,54,,80651,8,,,1,16,,80652,8,,,1,14,,80653,8,,,1,14,,80654,8,,,1,54,,80655,8,,,1,16,,80656,8,,,1,16,,80657,8,,,1,16,,80658,8,,,1,55,,80659,8,,,1,15,,80660,8,,,1,15,,80661,8,,,1,15,,80662,8,,,1,54,,80663,8,,,1,15,,80664,8,,,1,16,,80665,8,,,1,15,,80666,8,,,1,54,,80667,8,,,1,15,,80668,8,,,1,15,,80669,8,,,1,15,,80670,8,,,1,55,,80671,8,,,1,14,,80672,8,,,1,15,,80673,8,,,1,15,,80674,8,,,1,55,,80675,8,,,1,15,,80676,8,,,1,14,,80677,8,,,1,16,,80678,8,,,1,55,,80679,8,,,1,15,,80680,8,,,1,15,,80681,8,,,1,17,,80682,8,,,1,55,,80683,8,,,1,15,,80684,8,,,1,15,,80685,8,,,1,16,,80686,8,,,1,55,,80687,8,,,1,14,,80688,8,,,1,16,,80689,8,,,1,15,,80690,8,,,1,55,,80691,8,,,1,15,,80692,8,,,1,14,,80693,8,,,1,15,,80694,8,,,1,55,,80695,8,,,1,14,,80696,8,,,1,15,,80697,8,,,1,15,,80699,8,,,1,56,,80700,8,,,1,16,,80701,8,,,1,15,,80698,8,,,1,15,,80702,8,,,1,55,,80703,8,,,1,15,,80704,8,,,1,14,,80705,8,,,1,16,,80706,8,,,1,54,,80707,8,,,1,16,,80708,8,,,1,16,,80709,8,,,1,17,,80710,8,,,1,57,,80711,8,,,1,17,,80712,8,,,1,15,,80713,8,,,1
90702,'20262010',2534,,81200,8,,,0,85,,81201,8,,,0
90702,'20262011',2534,,81202,8,,,0,85,,81203,8,,,0
90702,'20262510',2534,,81204,8,,,0,85,,81205,8,,,0
90702,'20262511',2534,,81206,8,,,0,85,,81207,8,,,0
