9301,'20262010',551,,86163,23,0,11 12 1 13 14,0,93,,86148,23,0,11 12 1 13 14,0,60,,86170,23,0,11 12 1 13 14,0,14,,86149,23,0,11 12 1 13 14,0,31,,86150,23,0,11 12 1 13 14,0,71,,86151,23,0,11 12 1 13 14,0,29,,86152,23,0,11 12 1 13 14,0,72,,86161,23,0,11 12 1 13 14,0,99,,86153,23,0,11 12 1 13 14,0,100,,86166,23,0,11 12 1 13 14,0,100,,86154,23,0,11 12 1 13 14,0,101,,86167,23,0,11 12 1 13 14,0,99,,86155,23,0,11 12 1 13 14,0,100,,86159,23,0,11 12 1 13 14,0,30,,86168,23,0,11 12 1 13 14,0,62,,86156,23,0,11 12 1 13 14,0,41,,86169,23,0,11 12 1 13 14,0,76,,86162,23,0,11 12 1 13 14,0,96,,86160,23,0,11 12 1 13 14,0,100,,86164,23,0,11 12 1 13 14,0,101,,86157,23,0,11 12 1 13 14,0,99,,86165,23,0,11 12 1 13 14,0,105,,86158,23,0,11 12 1 13 14,0
9301,'20262510',718,,86176,23,0,11 12 1 13 14,0,101,,86171,23,0,11 12 1 13 14,0,100,,86185,23,0,11 12 1 13 14,0,95,,86178,23,0,11 12 1 13 14,0,104,,86180,23,0,11 12 1 13 14,0,100,,86172,23,0,11 12 1 13 14,0,98,,86181,23,0,11 12 1 13 14,0,106,,86179,23,0,11 12 1 13 14,0,101,,86182,23,0,11 12 1 13 14,0,92,,86173,23,0,11 12 1 13 14,0,110,,86183,23,0,11 12 1 13 14,0,94,,86177,23,0,11 12 1 13 14,0,99,,86184,23,0,11 12 1 13 14,0,100,,86174,23,0,11 12 1 13 14,0,199,,86175,23,0,11 12 1 13 14,0,199,,86186,23,0,11 12 1 13 14,0
9301,'20262610',718,,86199,23,0,11 12 1 13 14,0,101,,86192,23,0,11 12 1 13 14,0,100,,86200,23,0,11 12 1 13 14,0,95,,86187,23,0,11 12 1 13 14,0,104,,86195,23,0,11 12 1 13 14,0,100,,86188,23,0,11 12 1 13 14,0,98,,86196,23,0,11 12 1 13 14,0,106,,86193,23,0,11 12 1 13 14,0,101,,86197,23,0,11 12 1 13 14,0,92,,86189,23,0,11 12 1 13 14,0,110,,86198,23,0,11 12 1 13 14,0,94,,86194,23,0,11 12 1 13 14,0,99,,86201,23,0,11 12 1 13 14,0,100,,86190,23,0,11 12 1 13 14,0,199,,86191,23,0,11 12 1 13 14,0,199,,86202,23,0,11 12 1 13 14,0
9301,'20263010',554,,99007,23,0,11 12 1 13 14,0,50,,99015,23,0,24 14,0,48,,98992,23,0,11 12 1 13 14,0,55,,99014,23,0,11 12 1 13 14,0,15,,98993,23,0,11 12 1 13 14,0,13,,99016,23,0,24 14,0,20,,98994,23,0,11 12 1 13 14,0,69,,98995,23,0,11 12 1 13 14,0,31,,98996,23,0,11 12 1 13 14,0,50,,99017,23,0,24 14,0,22,,99005,23,0,11 12 1 13 14,0,99,,98997,23,0,11 12 1 13 14,0,9,,99018,23,0,24 14,0,89,,99010,23,0,11 12 1 13 14,0,81,,99019,23,0,24 14,0,19,,98998,23,0,11 12 1 13 14,0,100,,99011,23,0,11 12 1 13 14,0,11,,99020,23,0,24 14,0,88,,98999,23,0,11 12 1 13 14,0,82,,99021,23,0,24 14,0,13,,99003,23,0,11 12 1 13 14,0,24,,99012,23,0,11 12 1 13 14,0,69,,99000,23,0,11 12 1 13 14,0,24,,99022,23,0,24 14,0,13,,99013,23,0,11 12 1 13 14,0,77,,99006,23,0,11 12 1 13 14,0,80,,99023,23,0,24 14,0,19,,99004,23,0,11 12 1 13 14,0,101,,99008,23,0,11 12 1 13 14,0,10,,99024,23,0,24 14,0,90,,99001,23,0,11 12 1 13 14,0,79,,99025,23,0,24 14,0,21,,99009,23,0,11 12 1 13 14,0,100,,99002,23,0,11 12 1 13 14,0
9301,'20263510',604,,99042,23,0,24 14,0,20,,99041,23,0,11 12 1 13 14,0,99,,99031,23,0,11 12 1 13 14,0,12,,99043,23,0,24 14,0,88,,99026,23,0,11 12 1 13 14,0,82,,99044,23,0,24 14,0,18,,99040,23,0,11 12 1 13 14,0,100,,99033,23,0,11 12 1 13 14,0,12,,99045,23,0,24 14,0,88,,99035,23,0,11 12 1 13 14,0,82,,99046,23,0,24 14,0,18,,99027,23,0,11 12 1 13 14,0,100,,99036,23,0,11 12 1 13 14,0,12,,99047,23,0,24 14,0,88,,99034,23,0,11 12 1 13 14,0,82,,99048,23,0,24 14,0,18,,99037,23,0,11 12 1 13 14,0,100,,99028,23,0,11 12 1 13 14,0,12,,99049,23,0,24 14,0,89,,99038,23,0,11 12 1 13 14,0,81,,99050,23,0,24 14,0,19,,99032,23,0,11 12 1 13 14,0,99,,99039,23,0,11 12 1 13 14,0,12,,99051,23,0,24 14,0,88,,99029,23,0,11 12 1 13 14,0,81,,99052,23,0,24 14,0,119,,99030,23,0,11 12 1 13 14,0
9301,'20263511',604,,99069,23,0,24 14,0,20,,99068,23,0,11 12 1 13 14,0,99,,99058,23,0,11 12 1 13 14,0,12,,99070,23,0,24 14,0,88,,99053,23,0,11 12 1 13 14,0,82,,99071,23,0,24 14,0,18,,99067,23,0,11 12 1 13 14,0,100,,99060,23,0,11 12 1 13 14,0,12,,99072,23,0,24 14,0,88,,99062,23,0,11 12 1 13 14,0,82,,99073,23,0,24 14,0,18,,99054,23,0,11 12 1 13 14,0,100,,99063,23,0,11 12 1 13 14,0,12,,99074,23,0,24 14,0,88,,99061,23,0,11 12 1 13 14,0,82,,99075,23,0,24 14,0,18,,99064,23,0,11 12 1 13 14,0,100,,99055,23,0,11 12 1 13 14,0,12,,99076,23,0,24 14,0,89,,99065,23,0,11 12 1 13 14,0,81,,99077,23,0,24 14,0,19,,99059,23,0,11 12 1 13 14,0,99,,99066,23,0,11 12 1 13 14,0,12,,99078,23,0,24 14,0,88,,99056,23,0,11 12 1 13 14,0,81,,99079,23,0,24 14,0,119,,99057,23,0,11 12 1 13 14,0
9301,'20263610',604,,99096,23,0,24 14,0,20,,99095,23,0,11 12 1 13 14,0,99,,99092,23,0,11 12 1 13 14,0,12,,99097,23,0,24 14,0,88,,99085,23,0,11 12 1 13 14,0,82,,99098,23,0,24 14,0,18,,99093,23,0,11 12 1 13 14,0,100,,99080,23,0,11 12 1 13 14,0,12,,99099,23,0,24 14,0,88,,99088,23,0,11 12 1 13 14,0,82,,99100,23,0,24 14,0,18,,99081,23,0,11 12 1 13 14,0,100,,99089,23,0,11 12 1 13 14,0,12,,99101,23,0,24 14,0,88,,99086,23,0,11 12 1 13 14,0,82,,99102,23,0,24 14,0,18,,99090,23,0,11 12 1 13 14,0,100,,99082,23,0,11 12 1 13 14,0,12,,99103,23,0,24 14,0,89,,99091,23,0,11 12 1 13 14,0,81,,99104,23,0,24 14,0,19,,99087,23,0,11 12 1 13 14,0,99,,99094,23,0,11 12 1 13 14,0,12,,99105,23,0,24 14,0,88,,99083,23,0,11 12 1 13 14,0,81,,99106,23,0,24 14,0,119,,99084,23,0,11 12 1 13 14,0
9301,'20263611',604,,99123,23,0,24 14,0,20,,99122,23,0,11 12 1 13 14,0,99,,99119,23,0,11 12 1 13 14,0,12,,99124,23,0,24 14,0,88,,99112,23,0,11 12 1 13 14,0,82,,99125,23,0,24 14,0,18,,99120,23,0,11 12 1 13 14,0,100,,99107,23,0,11 12 1 13 14,0,12,,99126,23,0,24 14,0,88,,99115,23,0,11 12 1 13 14,0,82,,99127,23,0,24 14,0,18,,99108,23,0,11 12 1 13 14,0,100,,99116,23,0,11 12 1 13 14,0,12,,99128,23,0,24 14,0,88,,99113,23,0,11 12 1 13 14,0,82,,99129,23,0,24 14,0,18,,99117,23,0,11 12 1 13 14,0,100,,99109,23,0,11 12 1 13 14,0,12,,99130,23,0,24 14,0,89,,99118,23,0,11 12 1 13 14,0,81,,99131,23,0,24 14,0,19,,99114,23,0,11 12 1 13 14,0,99,,99121,23,0,11 12 1 13 14,0,12,,99132,23,0,24 14,0,88,,99110,23,0,11 12 1 13 14,0,81,,99133,23,0,24 14,0,119,,99111,23,0,11 12 1 13 14,0
28302,'20262010',643,,86636,20,,,0,65,,86634,20,,,0,26,,86635,20,,,0
28302,'20263010',633,,99710,20,,,0,25,,99708,20,,,0,70,,99709,20,,,0
