7400,'20262011',656,,69470,7,,,1,96,,69457,7,,,1,105,,69458,7,,,1,101,,69459,7,,,1,98,,69460,7,,,1,100,,69461,7,,,1,99,,69462,7,,,1,100,,69463,7,,,1,99,,69464,7,,,1,96,,69465,7,,,1,102,,69466,7,,,1,104,,69467,7,,,1,102,,69471,7,,,1,101,,69472,7,,,1,99,,69468,7,,,1,142,,69473,7,,,1,101,,69469,7,,,1
7400,'20262511',759,,69495,7,,,1,99,,69509,7,,,1,100,,69510,7,,,1,99,,69496,7,,,1,100,,69497,7,,,1,98,,69498,7,,,1,100,,69499,7,,,1,100,,69500,7,,,1,100,,69501,7,,,1,101,,69502,7,,,1,101,,69503,7,,,1,102,,69504,7,,,1,141,,69505,7,,,1,100,,69506,7,,,1,100,,69507,7,,,1,101,,69508,7,,,1,132,,69511,7,,,1
7400,'20262611',759,,69529,7,,,1,99,,69543,7,,,1,100,,69530,7,,,1,99,,69544,7,,,1,100,,69537,7,,,1,98,,69538,7,,,1,100,,69539,7,,,1,100,,69540,7,,,1,100,,69541,7,,,1,101,,69542,7,,,1,101,,69531,7,,,1,102,,69535,7,,,1,141,,69536,7,,,1,100,,69532,7,,,1,100,,69533,7,,,1,101,,69534,7,,,1,132,,69545,7,,,1
8400,'20262011',724,,71083,7,,,1,101,,71084,7,,,1,103,,71085,7,,,1,99,,71086,7,,,1,99,,71087,7,,,1,100,,71088,7,,,1,99,,71089,7,,,1,100,,71090,7,,,1,97,,71091,7,,,1,96,,71092,7,,,1,108,,71093,7,,,1,101,,71094,7,,,1,101,,71095,7,,,1,101,,71096,7,,,1,101,,71097,7,,,1,101,,71098,7,,,1,100,,71099,7,,,1
8400,'20262511',730,,71119,7,,,1,98,,71134,7,,,1,100,,71120,7,,,1,100,,71135,7,,,1,99,,71121,7,,,1,100,,71123,7,,,1,98,,71124,7,,,1,100,,71125,7,,,1,100,,71126,7,,,1,101,,71127,7,,,1,101,,71128,7,,,1,101,,71129,7,,,1,101,,71130,7,,,1,101,,71131,7,,,1,100,,71132,7,,,1,101,,71133,7,,,1,101,,71122,7,,,1
8400,'20262611',730,,71153,7,,,1,98,,71168,7,,,1,100,,71154,7,,,1,100,,71169,7,,,1,99,,71155,7,,,1,100,,71162,7,,,1,98,,71156,7,,,1,100,,71163,7,,,1,100,,71157,7,,,1,101,,71164,7,,,1,101,,71158,7,,,1,101,,71165,7,,,1,101,,71159,7,,,1,101,,71166,7,,,1,100,,71160,7,,,1,101,,71167,7,,,1,101,,71161,7,,,1
80203,'20262011',543,,76598,15,,,1,14,,76654,15,,,1,54,,76638,15,,,1,14,,76643,15,,,1,12,,76594,15,,,1,11,,76639,15,,,1,10,,76661,15,,,1,50,,76622,15,,,1,10,,76667,15,,,1,11,,76659,15,,,1,9,,76644,15,,,1,10,,76668,15,,,1,9,,76600,15,,,1,50,,76674,15,,,1,10,,76612,15,,,1,10,,76625,15,,,1,10,,76669,15,,,1,13,,76651,15,,,1,53,,76624,15,,,1,13,,76632,15,,,1,12,,76652,15,,,1,15,,76590,15,,,1,15,,76608,15,,,1,56,,76656,15,,,1,15,,76631,15,,,1,14,,76666,15,,,1,15,,76597,15,,,1,53,,76626,15,,,1,14,,76636,15,,,1,17,,76641,15,,,1,15,,76591,15,,,1,55,,76635,15,,,1,15,,76609,15,,,1,14,,76648,15,,,1,15,,76658,15,,,1,55,,76596,15,,,1,15,,76618,15,,,1,15,,76605,15,,,1,15,,76628,15,,,1,55,,76640,15,,,1,15,,76592,15,,,1,14,,76619,15,,,1,15,,76603,15,,,1,57,,76647,15,,,1,14,,76642,15,,,1,10,,76662,15,,,1,14,,76620,15,,,1,53,,76675,15,,,1,10,,76645,15,,,1,10,,76607,15,,,1,10,,76670,15,,,1,10,,76634,15,,,1,11,,76671,15,,,1,50,,76601,15,,,1,9,,76589,15,,,1,10,,76673,15,,,1,9,,76621,15,,,1,9,,76629,15,,,1,11,,76672,15,,,1,56,,76602,15,,,1,12,,76637,15,,,1,14,,76633,15,,,1,16,,76604,15,,,1,54,,76646,15,,,1,16,,76593,15,,,1,14,,76614,15,,,1,16,,76611,15,,,1,55,,76649,15,,,1,17,,76655,15,,,1,15,,76606,15,,,1,14,,76627,15,,,1,54,,76617,15,,,1,16,,76660,15,,,1,16,,76657,15,,,1,14,,76610,15,,,1,54,,76630,15,,,1,14,,76616,15,,,1,14,,76653,15,,,1,14,,76664,15,,,1,55,,76599,15,,,1,15,,76613,15,,,1,15,,76663,15,,,1,15,,76665,15,,,1,55,,76595,15,,,1,15,,76623,15,,,1,14,,76615,15,,,1,15,,76650,15,,,1
80203,'20262511',542,,76818,15,,,1,15,,76809,15,,,1,54,,76803,15,,,1,15,,76805,15,,,1,15,,76810,15,,,1,14,,76811,15,,,1,56,,76816,15,,,1,15,,76806,15,,,1,15,,76817,15,,,1,15,,76812,15,,,1,56,,76804,15,,,1,13,,76813,15,,,1,15,,76808,15,,,1,15,,76819,15,,,1,55,,76814,15,,,1,14,,76807,15,,,1,14,,76815,15,,,1,14,,76820,15,,,1,56,,76821,15,,,1,15,,76825,15,,,1,15,,76826,15,,,1,14,,76822,15,,,1,55,,76823,15,,,1,15,,76827,15,,,1,15,,76824,15,,,1,15,,76828,15,,,1,55,,76829,15,,,1,15,,76762,15,,,1,14,,76753,15,,,1,16,,76760,15,,,1,55,,76765,15,,,1,15,,76767,15,,,1,15,,76763,15,,,1,14,,76754,15,,,1,56,,76758,15,,,1,16,,76766,15,,,1,15,,76755,15,,,1,15,,76756,15,,,1,54,,76768,15,,,1,16,,76800,15,,,1,14,,76759,15,,,1,15,,76799,15,,,1,55,,76761,15,,,1,16,,76769,15,,,1,15,,76770,15,,,1,15,,76788,15,,,1,54,,76802,15,,,1,14,,76771,15,,,1,16,,76772,15,,,1,15,,76801,15,,,1,55,,76757,15,,,1,14,,76773,15,,,1,15,,76774,15,,,1,16,,76775,15,,,1,55,,76776,15,,,1,15,,76779,15,,,1,15,,76777,15,,,1,15,,76778,15,,,1,55,,76783,15,,,1,15,,76781,15,,,1,15,,76780,15,,,1,15,,76782,15,,,1,55,,76787,15,,,1,16,,76797,15,,,1,15,,76796,15,,,1,15,,76798,15,,,1,54,,76794,15,,,1,16,,76793,15,,,1,16,,76789,15,,,1,15,,76792,15,,,1,56,,76764,15,,,1,15,,76795,15,,,1,16,,76786,15,,,1,15,,76784,15,,,1,55,,76785,15,,,1,15,,76791,15,,,1,14,,76790,15,,,1
80203,'20262611',542,,76951,15,,,1,15,,76944,15,,,1,54,,76935,15,,,1,15,,76942,15,,,1,15,,76945,15,,,1,14,,76939,15,,,1,56,,76940,15,,,1,15,,76941,15,,,1,15,,76950,15,,,1,15,,76948,15,,,1,56,,76937,15,,,1,13,,76938,15,,,1,15,,76946,15,,,1,15,,76952,15,,,1,55,,76947,15,,,1,14,,76943,15,,,1,14,,76949,15,,,1,14,,76954,15,,,1,56,,76955,15,,,1,15,,76956,15,,,1,15,,76958,15,,,1,14,,76959,15,,,1,55,,76957,15,,,1,15,,76960,15,,,1,15,,76953,15,,,1,15,,76961,15,,,1,55,,76962,15,,,1,15,,76965,15,,,1,14,,76967,15,,,1,16,,76963,15,,,1,55,,76975,15,,,1,15,,76980,15,,,1,15,,76974,15,,,1,14,,76969,15,,,1,56,,76971,15,,,1,16,,76976,15,,,1,15,,76968,15,,,1,15,,76970,15,,,1,54,,76977,15,,,1,16,,76934,15,,,1,14,,76973,15,,,1,15,,76936,15,,,1,55,,76964,15,,,1,16,,76978,15,,,1,15,,76979,15,,,1,15,,76925,15,,,1,54,,76932,15,,,1,14,,76981,15,,,1,16,,76982,15,,,1,15,,76933,15,,,1,55,,76972,15,,,1,14,,76983,15,,,1,15,,76915,15,,,1,16,,76908,15,,,1,55,,76911,15,,,1,15,,76907,15,,,1,15,,76909,15,,,1,15,,76916,15,,,1,55,,76914,15,,,1,15,,76912,15,,,1,15,,76910,15,,,1,15,,76913,15,,,1,55,,76920,15,,,1,16,,76931,15,,,1,15,,76921,15,,,1,15,,76922,15,,,1,54,,76929,15,,,1,16,,76919,15,,,1,16,,76923,15,,,1,15,,76927,15,,,1,56,,76966,15,,,1,15,,76930,15,,,1,16,,76918,15,,,1,15,,76917,15,,,1,55,,76926,15,,,1,15,,76924,15,,,1,14,,76928,15,,,1
98400,'20262011',2542,,81269,9,,,0
98400,'20262511',2542,,81271,9,,,0
