5801,'20262010',602,,84025,3,,,0,30,,84007,3,,,0,68,,84008,3,,,0,31,,84009,3,,,0,73,,84010,3,,,0,29,,84026,3,,,0,70,,84020,3,,,0,105,,84021,3,,,0,103,,84011,3,,,0,101,,84012,3,,,0,100,,84022,3,,,0,100,,84015,3,,,0,99,,84023,3,,,0,98,,84018,3,,,0,104,,84013,3,,,0,101,,84014,3,,,0,99,,84016,3,,,0,99,,84024,3,,,0,101,,84019,3,,,0,100,,84017,3,,,0,99,,84027,3,,,0
5801,'20262510',702,,84028,3,,,0,100,,84029,3,,,0,100,,84036,3,,,0,101,,84034,3,,,0,100,,84037,3,,,0,100,,84030,3,,,0,100,,84031,3,,,0,100,,84038,3,,,0,101,,84035,3,,,0,101,,84039,3,,,0,103,,84040,3,,,0,103,,84032,3,,,0,93,,84033,3,,,0,98,,84041,3,,,0,100,,84042,3,,,0,100,,84043,3,,,0,100,,84044,3,,,0
5801,'20262610',702,,84052,3,,,0,100,,84047,3,,,0,100,,84054,3,,,0,101,,84048,3,,,0,100,,84055,3,,,0,100,,84059,3,,,0,100,,84053,3,,,0,100,,84056,3,,,0,101,,84057,3,,,0,101,,84060,3,,,0,103,,84050,3,,,0,103,,84058,3,,,0,93,,84051,3,,,0,98,,84045,3,,,0,100,,84049,3,,,0,100,,84061,3,,,0,100,,84046,3,,,0
5801,'20263010',603,,95312,3,,,0,30,,95294,3,,,0,67,,95295,3,,,0,31,,95296,3,,,0,72,,95297,3,,,0,31,,95313,3,,,0,70,,95307,3,,,0,106,,95308,3,,,0,101,,95298,3,,,0,101,,95299,3,,,0,100,,95309,3,,,0,100,,95302,3,,,0,99,,95310,3,,,0,104,,95305,3,,,0,99,,95300,3,,,0,100,,95301,3,,,0,98,,95303,3,,,0,100,,95311,3,,,0,101,,95306,3,,,0,99,,95304,3,,,0,99,,95314,3,,,0
5801,'20263510',702,,95315,3,,,0,100,,95316,3,,,0,100,,95323,3,,,0,101,,95321,3,,,0,99,,95324,3,,,0,98,,95317,3,,,0,104,,95318,3,,,0,100,,95325,3,,,0,104,,95322,3,,,0,97,,95326,3,,,0,103,,95327,3,,,0,105,,95319,3,,,0,94,,95320,3,,,0,97,,95328,3,,,0,98,,95329,3,,,0,100,,95330,3,,,0,100,,95331,3,,,0
5801,'20263511',702,,95332,3,,,0,100,,95333,3,,,0,100,,95340,3,,,0,101,,95338,3,,,0,99,,95341,3,,,0,98,,95334,3,,,0,104,,95335,3,,,0,100,,95342,3,,,0,104,,95339,3,,,0,97,,95343,3,,,0,103,,95344,3,,,0,105,,95336,3,,,0,94,,95337,3,,,0,97,,95345,3,,,0,98,,95346,3,,,0,100,,95347,3,,,0,100,,95348,3,,,0
5801,'20263610',702,,95356,3,,,0,100,,95353,3,,,0,100,,95358,3,,,0,101,,95355,3,,,0,99,,95350,3,,,0,98,,95354,3,,,0,104,,95357,3,,,0,100,,95363,3,,,0,104,,95349,3,,,0,97,,95364,3,,,0,103,,95359,3,,,0,105,,95352,3,,,0,94,,95351,3,,,0,97,,95365,3,,,0,98,,95362,3,,,0,100,,95360,3,,,0,100,,95361,3,,,0
5801,'20263611',702,,95373,3,,,0,100,,95370,3,,,0,100,,95375,3,,,0,101,,95372,3,,,0,99,,95367,3,,,0,98,,95371,3,,,0,104,,95374,3,,,0,100,,95380,3,,,0,104,,95366,3,,,0,97,,95381,3,,,0,103,,95376,3,,,0,105,,95369,3,,,0,94,,95368,3,,,0,97,,95382,3,,,0,98,,95379,3,,,0,100,,95377,3,,,0,100,,95378,3,,,0
25801,'20262010',640,,86548,3,,,0,65,,86549,3,,,0,31,,86550,3,,,0,77,,86551,3,,,0
25801,'20263010',633,,99618,3,,,0,20,,99619,3,,,0,70,,99620,3,,,0,81,,99621,3,,,0
35801,'20263010',643,,99838,3,,,0,67,,99839,3,,,0
55801,'20262010',639,,86804,3,,,0,68,,86805,3,,,0
55801,'20263010',638,,100040,3,,,0,84,,100041,3,,,0
