8200,'20262010',711,,70853,113,,,0,30,,70836,113,,,0,100,,70857,113,,,0,100,,70852,113,,,0,200,,70851,113,,,0,201,,70837,113,,,0,204,,70850,113,,,0,174,,70838,113,,,0,27,,70839,113,,,0,67,,70840,113,,,0,29,,70841,113,,,0,70,,70848,113,,,0,28,,70849,113,,,0,99,,70855,113,,,0,100,,70854,113,,,0,100,,70856,113,,,0,170,,70842,113,,,0
8200,'20262011',711,,70875,113,,,0,30,,70858,113,,,0,100,,70879,113,,,0,100,,70874,113,,,0,200,,70873,113,,,0,201,,70859,113,,,0,204,,70872,113,,,0,174,,70860,113,,,0,27,,70861,113,,,0,67,,70862,113,,,0,29,,70863,113,,,0,70,,70870,113,,,0,28,,70871,113,,,0,99,,70877,113,,,0,100,,70876,113,,,0,100,,70878,113,,,0,170,,70864,113,,,0
8200,'20262510',737,,70894,113,,,0,101,,70880,113,,,0,302,,70892,113,,,0,201,,70881,113,,,0,201,,70893,113,,,0,201,,70896,113,,,0,197,,70889,113,,,0,199,,70895,113,,,0,270,,70883,113,,,0,129,,70897,113,,,0
8200,'20262511',737,,70912,113,,,0,101,,70898,113,,,0,302,,70910,113,,,0,201,,70899,113,,,0,201,,70911,113,,,0,201,,70914,113,,,0,197,,70907,113,,,0,199,,70913,113,,,0,270,,70901,113,,,0,129,,70915,113,,,0
8200,'20262610',737,,70928,113,,,0,101,,70929,113,,,0,302,,70924,113,,,0,201,,70919,113,,,0,201,,70922,113,,,0,201,,70932,113,,,0,197,,70917,113,,,0,199,,70931,113,,,0,270,,70921,113,,,0,129,,70933,113,,,0
8200,'20262611',737,,70946,113,,,0,101,,70947,113,,,0,302,,70942,113,,,0,201,,70937,113,,,0,201,,70940,113,,,0,201,,70950,113,,,0,197,,70935,113,,,0,199,,70949,113,,,0,270,,70939,113,,,0,129,,70951,113,,,0
28200,'20262010',1612,,73114,53,4,,0,35,,73113,53,4,,0,75,,73111,53,4,,0,33,,73110,53,4,,0,83,,73112,53,4,,0
28200,'20262011',1612,,73119,53,4,,0,35,,73118,53,4,,0,75,,73116,53,4,,0,33,,73115,53,4,,0,83,,73117,53,4,,0
57200,'20262010',1722,,73906,69,4,,0,28,,73907,69,4,,0
57200,'20262011',1722,,73908,69,4,,0,28,,73909,69,4,,0
