5401,'20261010',548,,51385,43,,,1,67,,51397,43,,,1,18,,51363,43,,,1,15,,51384,43,,,1,59,,51364,43,,,1,20,,51381,43,,,1,17,,51365,43,,,1,15,,51378,43,,,1,59,,51379,43,,,1,15,,51366,43,,,1,68,,51382,43,,,1,29,,51367,43,,,1,29,,51386,43,,,1,68,,51368,43,,,1,30,,51383,43,,,1,71,,51369,43,,,1,30,,51387,43,,,1,71,,51370,43,,,1,71,,51388,43,,,1,30,,51371,43,,,1,71,,51389,43,,,1,28,,51372,43,,,1,30,,51390,43,,,1,72,,51373,43,,,1,71,,51380,43,,,1,25,,51374,43,,,1,78,,51391,43,,,1,30,,51375,43,,,1,24,,51392,43,,,1,97,,51393,43,,,1,100,,51394,43,,,1,145,,51395,43,,,1,101,,51396,43,,,1,99,,51376,43,,,1,102,,51377,43,,,1
5401,'20261511',655,,51423,43,,,1,104,,51424,43,,,1,100,,51425,43,,,1,142,,51426,43,,,1,100,,51427,43,,,1,31,,51446,43,,,1,69,,51428,43,,,1,31,,51439,43,,,1,70,,51429,43,,,1,30,,51440,43,,,1,70,,51430,43,,,1,32,,51441,43,,,1,69,,51431,43,,,1,26,,51442,43,,,1,72,,51432,43,,,1,32,,51443,43,,,1,25,,51433,43,,,1,75,,51444,43,,,1,74,,51447,43,,,1,94,,51445,43,,,1,101,,51434,43,,,1,98,,51435,43,,,1,59,,51436,43,,,1,100,,51437,43,,,1,98,,51438,43,,,1
5401,'20261611',655,,51487,43,,,1,104,,51489,43,,,1,100,,51476,43,,,1,142,,51478,43,,,1,100,,51490,43,,,1,31,,51481,43,,,1,69,,51484,43,,,1,31,,51480,43,,,1,70,,51473,43,,,1,30,,51492,43,,,1,70,,51488,43,,,1,32,,51475,43,,,1,69,,51491,43,,,1,26,,51493,43,,,1,72,,51479,43,,,1,32,,51494,43,,,1,25,,51482,43,,,1,75,,51495,43,,,1,74,,51497,43,,,1,94,,51496,43,,,1,101,,51486,43,,,1,98,,51485,43,,,1,59,,51474,43,,,1,100,,51477,43,,,1,98,,51483,43,,,1
5501,'20261010',552,,51608,43,,,0,70,,51609,43,,,0,31,,51598,43,,,0,68,,51616,43,,,0,35,,51594,43,,,0,71,,51595,43,,,0,74,,51610,43,,,0,51,,51596,43,,,0,100,,51597,43,,,0,99,,51599,43,,,0,102,,51612,43,,,0,96,,51613,43,,,0,100,,51617,43,,,0,101,,51618,43,,,0,81,,51600,43,,,0,74,,51614,43,,,0,28,,51601,43,,,0,70,,51615,43,,,0,30,,51602,43,,,0,71,,51603,43,,,0,46,,51604,43,,,0,86,,51605,43,,,0,99,,51606,43,,,0,102,,51607,43,,,0,101,,51611,43,,,0
5501,'20261511',729,,51636,43,,,0,99,,51637,43,,,0,99,,51638,43,,,0,101,,51639,43,,,0,100,,51640,43,,,0,100,,51641,43,,,0,100,,51642,43,,,0,100,,51643,43,,,0,99,,51644,43,,,0,103,,51645,43,,,0,96,,51646,43,,,0,103,,51647,43,,,0,98,,51648,43,,,0,99,,51649,43,,,0,99,,51650,43,,,0,99,,51651,43,,,0,99,,51652,43,,,0
5501,'20261611',729,,51679,43,,,0,99,,51675,43,,,0,99,,51681,43,,,0,101,,51682,43,,,0,100,,51685,43,,,0,100,,51680,43,,,0,100,,51686,43,,,0,100,,51678,43,,,0,99,,51677,43,,,0,103,,51676,43,,,0,96,,51674,43,,,0,103,,51673,43,,,0,98,,51684,43,,,0,99,,51672,43,,,0,99,,51683,43,,,0,99,,51671,43,,,0,99,,51670,43,,,0
5801,'20261010',622,,51973,37,,,0,30,,51955,37,,,0,69,,51956,37,,,0,32,,51957,37,,,0,71,,51958,37,,,0,31,,51974,37,,,0,68,,51968,37,,,0,106,,51969,37,,,0,103,,51959,37,,,0,101,,51960,37,,,0,100,,51970,37,,,0,100,,51963,37,,,0,100,,51971,37,,,0,102,,51966,37,,,0,101,,51961,37,,,0,100,,51962,37,,,0,98,,51964,37,,,0,99,,51972,37,,,0,101,,51967,37,,,0,100,,51965,37,,,0,98,,51975,37,,,0
5801,'20261511',722,,51993,37,,,0,100,,51994,37,,,0,101,,52001,37,,,0,102,,51999,37,,,0,100,,52002,37,,,0,100,,51995,37,,,0,100,,51996,37,,,0,100,,52003,37,,,0,101,,52000,37,,,0,101,,52004,37,,,0,101,,52005,37,,,0,103,,51997,37,,,0,93,,51998,37,,,0,98,,52006,37,,,0,100,,52007,37,,,0,100,,52008,37,,,0,100,,52009,37,,,0
5801,'20261611',722,,52034,37,,,0,100,,52029,37,,,0,101,,52036,37,,,0,102,,52030,37,,,0,100,,52037,37,,,0,100,,52041,37,,,0,100,,52035,37,,,0,100,,52038,37,,,0,101,,52039,37,,,0,101,,52042,37,,,0,101,,52032,37,,,0,103,,52040,37,,,0,93,,52033,37,,,0,98,,52027,37,,,0,100,,52031,37,,,0,100,,52043,37,,,0,100,,52028,37,,,0
25001,'20261010',634,,55939,22,,,0,68,,55940,22,,,0,20,,55941,22,,,0,34,,55942,22,,,0,58,,55943,22,,,0,18,,55944,22,,,0
25801,'20261010',657,,55991,37,,,0,69,,55992,37,,,0,29,,55993,37,,,0,78,,55994,37,,,0
35001,'20261010',640,,56185,36,,,0,60,,56186,36,,,0,29,,56189,36,,,0,71,,56190,36,,,0,110,,56187,36,,,0,205,,56188,36,,,0
55001,'20261010',647,,56380,36,,,0,68,,56379,36,,,0,25,,56381,36,,,0,107,,56382,36,,,0
