27400,'20262010',1638,,86584,37,4,,0,73,,86585,37,4,,0,28,,86587,37,4,,0,65,,86588,37,4,,0,27,,86586,37,4,,0
27400,'20263010',1646,,99657,37,4,,0,71,,99658,37,4,,0,23,,99660,37,4,,0,66,,99661,37,4,,0,28,,99659,37,4,,0
37400,'20263010',1701,,99862,42,4,,0,52,,99863,42,4,,0,157,,99864,42,4,,0
57400,'20262010',1630,,86819,40,4,,0,73,,86818,40,4,,0,54,,86817,40,4,,0
57400,'20263010',1632,,100060,40,4,,0,74,,100058,40,4,,0,28,,100059,40,4,,0,24,,100057,40,4,,0
98400,'20262010',2616,,90493,77,,,0
98400,'20262510',2616,,90494,77,,,0
98400,'20263010',2616,,106119,77,,,0
98400,'20263510',2616,,106120,77,,,0
98400,'20263511',2616,,106121,77,,,0
