7001,'20262010',613,,68932,56,,,0,19,,68949,56,,,0,16,,68950,56,,,0,61,,68933,56,,,0,20,,68951,56,,,0,20,,68952,56,,,0,59,,68934,56,,,0,18,,68953,56,,,0,20,,68954,56,,,0,61,,68935,56,,,0,19,,68955,56,,,0,19,,68956,56,,,0,58,,68936,56,,,0,19,,68957,56,,,0,20,,68958,56,,,0,60,,68937,56,,,0,20,,68959,56,,,0,21,,68960,56,,,0,60,,68938,56,,,0,20,,68961,56,,,0,21,,68962,56,,,0,60,,68939,56,,,0,19,,68963,56,,,0,18,,68964,56,,,0,61,,68940,56,,,0,18,,68965,56,,,0,23,,68966,56,,,0,59,,68941,56,,,0,24,,68967,56,,,0,21,,68968,56,,,0,59,,68942,56,,,0,23,,68969,56,,,0,25,,68970,56,,,0,63,,68943,56,,,0,22,,68971,56,,,0,62,,68972,56,,,0,22,,68944,56,,,0,20,,68973,56,,,0,69,,68945,56,,,0,30,,68974,56,,,0,71,,68946,56,,,0,30,,68975,56,,,0,70,,68947,56,,,0,31,,68976,56,,,0,71,,68948,56,,,0,30,,68977,56,,,0,70,,68978,56,,,0
7001,'20262011',613,,68979,56,,,0,19,,68996,56,,,0,16,,68997,56,,,0,61,,68980,56,,,0,20,,68998,56,,,0,20,,68999,56,,,0,59,,68981,56,,,0,18,,69000,56,,,0,20,,69001,56,,,0,61,,68982,56,,,0,19,,69002,56,,,0,19,,69003,56,,,0,58,,68983,56,,,0,19,,69004,56,,,0,20,,69005,56,,,0,60,,68984,56,,,0,20,,69006,56,,,0,21,,69007,56,,,0,60,,68985,56,,,0,20,,69008,56,,,0,21,,69009,56,,,0,60,,68986,56,,,0,19,,69010,56,,,0,18,,69011,56,,,0,61,,68987,56,,,0,18,,69012,56,,,0,23,,69013,56,,,0,59,,68988,56,,,0,24,,69014,56,,,0,21,,69015,56,,,0,59,,68989,56,,,0,23,,69016,56,,,0,25,,69017,56,,,0,63,,68990,56,,,0,22,,69018,56,,,0,62,,69019,56,,,0,22,,68991,56,,,0,20,,69020,56,,,0,69,,68992,56,,,0,30,,69021,56,,,0,71,,68993,56,,,0,30,,69022,56,,,0,70,,68994,56,,,0,31,,69023,56,,,0,71,,68995,56,,,0,30,,69024,56,,,0,70,,69025,56,,,0
7001,'20262510',613,,69026,56,,,0,30,,69042,56,,,0,70,,69027,56,,,0,30,,69043,56,,,0,69,,69028,56,,,0,30,,69044,56,,,0,69,,69029,56,,,0,30,,69045,56,,,0,70,,69030,56,,,0,30,,69046,56,,,0,70,,69031,56,,,0,30,,69047,56,,,0,69,,69032,56,,,0,30,,69048,56,,,0,70,,69033,56,,,0,30,,69049,56,,,0,70,,69050,56,,,0,30,,69051,56,,,0,70,,69052,56,,,0,30,,69053,56,,,0,68,,69034,56,,,0,30,,69054,56,,,0,72,,69035,56,,,0,31,,69055,56,,,0,73,,69036,56,,,0,30,,69056,56,,,0,70,,69057,56,,,0,30,,69037,56,,,0,70,,69058,56,,,0,30,,69038,56,,,0,71,,69041,56,,,0,30,,69039,56,,,0,70,,69059,56,,,0,30,,69040,56,,,0
7001,'20262511',613,,69060,56,,,0,30,,69076,56,,,0,70,,69061,56,,,0,30,,69077,56,,,0,69,,69062,56,,,0,30,,69078,56,,,0,69,,69063,56,,,0,30,,69079,56,,,0,70,,69064,56,,,0,30,,69080,56,,,0,70,,69065,56,,,0,30,,69081,56,,,0,69,,69066,56,,,0,30,,69082,56,,,0,70,,69067,56,,,0,30,,69083,56,,,0,70,,69084,56,,,0,30,,69085,56,,,0,70,,69086,56,,,0,30,,69087,56,,,0,68,,69068,56,,,0,30,,69088,56,,,0,72,,69069,56,,,0,31,,69089,56,,,0,73,,69070,56,,,0,30,,69090,56,,,0,70,,69091,56,,,0,30,,69071,56,,,0,70,,69092,56,,,0,30,,69072,56,,,0,71,,69075,56,,,0,30,,69073,56,,,0,70,,69093,56,,,0,30,,69074,56,,,0
7001,'20262610',613,,69094,56,,,0,30,,69111,56,,,0,70,,69095,56,,,0,30,,69112,56,,,0,69,,69096,56,,,0,30,,69110,56,,,0,69,,69097,56,,,0,30,,69113,56,,,0,70,,69098,56,,,0,30,,69114,56,,,0,70,,69099,56,,,0,30,,69115,56,,,0,69,,69100,56,,,0,30,,69116,56,,,0,70,,69101,56,,,0,30,,69117,56,,,0,70,,69118,56,,,0,30,,69119,56,,,0,70,,69120,56,,,0,30,,69121,56,,,0,68,,69102,56,,,0,30,,69122,56,,,0,72,,69103,56,,,0,31,,69123,56,,,0,73,,69104,56,,,0,30,,69124,56,,,0,70,,69125,56,,,0,30,,69105,56,,,0,70,,69126,56,,,0,30,,69106,56,,,0,71,,69109,56,,,0,30,,69107,56,,,0,70,,69127,56,,,0,30,,69108,56,,,0
7001,'20262611',613,,69128,56,,,0,30,,69145,56,,,0,70,,69129,56,,,0,30,,69146,56,,,0,69,,69130,56,,,0,30,,69144,56,,,0,69,,69131,56,,,0,30,,69147,56,,,0,70,,69132,56,,,0,30,,69148,56,,,0,70,,69133,56,,,0,30,,69149,56,,,0,69,,69134,56,,,0,30,,69150,56,,,0,70,,69135,56,,,0,30,,69151,56,,,0,70,,69152,56,,,0,30,,69153,56,,,0,70,,69154,56,,,0,30,,69155,56,,,0,68,,69136,56,,,0,30,,69156,56,,,0,72,,69137,56,,,0,31,,69157,56,,,0,73,,69138,56,,,0,30,,69158,56,,,0,70,,69159,56,,,0,30,,69139,56,,,0,70,,69160,56,,,0,30,,69140,56,,,0,71,,69143,56,,,0,30,,69141,56,,,0,70,,69161,56,,,0,30,,69142,56,,,0
7202,'20262010',537,,69162,18,,,0,70,,69163,18,,,0,28,,69164,18,,,0,66,,69165,18,,,0,26,,69166,18,,,0,30,,69167,18,,,0,74,,69168,18,,,0,73,,69184,18,,,0,30,,69169,18,,,0,71,,69185,18,,,0,30,,69170,18,,,0,70,,69186,18,,,0,30,,69171,18,,,0,70,,69187,18,,,0,29,,69172,18,,,0,70,,69188,18,,,0,30,,69173,18,,,0,70,,69189,18,,,0,28,,69174,18,,,0,69,,69190,18,,,0,26,,69175,18,,,0,28,,69191,18,,,0,67,,69176,18,,,0,34,,69192,18,,,0,72,,69177,18,,,0,74,,69193,18,,,0,32,,69178,18,,,0,100,,69179,18,,,0,100,,69180,18,,,0,101,,69181,18,,,0,102,,69182,18,,,0,100,,69183,18,,,0
7202,'20262011',537,,69194,18,,,0,70,,69195,18,,,0,28,,69196,18,,,0,66,,69197,18,,,0,26,,69198,18,,,0,30,,69199,18,,,0,74,,69200,18,,,0,73,,69216,18,,,0,30,,69201,18,,,0,71,,69217,18,,,0,30,,69202,18,,,0,70,,69218,18,,,0,30,,69203,18,,,0,70,,69219,18,,,0,29,,69204,18,,,0,70,,69220,18,,,0,30,,69205,18,,,0,70,,69221,18,,,0,28,,69206,18,,,0,69,,69222,18,,,0,26,,69207,18,,,0,28,,69223,18,,,0,67,,69208,18,,,0,34,,69224,18,,,0,72,,69209,18,,,0,74,,69225,18,,,0,32,,69210,18,,,0,100,,69211,18,,,0,100,,69212,18,,,0,101,,69213,18,,,0,102,,69214,18,,,0,100,,69215,18,,,0
7202,'20262510',637,,69226,18,,,0,100,,69227,18,,,0,100,,69228,18,,,0,99,,69229,18,,,0,100,,69230,18,,,0,98,,69231,18,,,0,100,,69232,18,,,0,100,,69233,18,,,0,98,,69234,18,,,0,102,,69235,18,,,0,100,,69236,18,,,0,101,,69237,18,,,0,100,,69238,18,,,0,102,,69239,18,,,0,100,,69240,18,,,0,100,,69241,18,,,0,101,,69242,18,,,0,100,,69243,18,,,0
7202,'20262511',637,,69244,18,,,0,100,,69245,18,,,0,100,,69246,18,,,0,99,,69247,18,,,0,100,,69248,18,,,0,98,,69249,18,,,0,100,,69250,18,,,0,100,,69251,18,,,0,98,,69252,18,,,0,102,,69253,18,,,0,100,,69254,18,,,0,101,,69255,18,,,0,100,,69256,18,,,0,102,,69257,18,,,0,100,,69258,18,,,0,100,,69259,18,,,0,101,,69260,18,,,0,100,,69261,18,,,0
7202,'20262610',637,,69262,18,,,0,100,,69263,18,,,0,100,,69264,18,,,0,99,,69265,18,,,0,100,,69266,18,,,0,98,,69267,18,,,0,100,,69268,18,,,0,100,,69269,18,,,0,98,,69270,18,,,0,102,,69271,18,,,0,100,,69272,18,,,0,101,,69273,18,,,0,100,,69274,18,,,0,102,,69275,18,,,0,100,,69276,18,,,0,100,,69277,18,,,0,101,,69278,18,,,0,100,,69279,18,,,0
7202,'20262611',637,,69280,18,,,0,100,,69281,18,,,0,100,,69282,18,,,0,99,,69283,18,,,0,100,,69284,18,,,0,98,,69285,18,,,0,100,,69286,18,,,0,100,,69287,18,,,0,98,,69288,18,,,0,102,,69289,18,,,0,100,,69290,18,,,0,101,,69291,18,,,0,100,,69292,18,,,0,102,,69293,18,,,0,100,,69294,18,,,0,100,,69295,18,,,0,101,,69296,18,,,0,100,,69297,18,,,0
27301,'20262010',630,,73022,20,,,0,26,,73023,20,,,0,85,,73024,20,,,0,71,,73025,20,,,0
27301,'20262011',630,,73026,20,,,0,26,,73027,20,,,0,85,,73028,20,,,0,71,,73029,20,,,0
58401,'20262010',640,,73971,46,,,0,69,,73970,46,,,0,30,,73972,46,,,0
58401,'20262011',640,,73974,46,,,0,69,,73973,46,,,0,30,,73975,46,,,0
