8200,'20262010',656,,70853,73,,,0,70,,70836,73,,,0,100,,70857,73,,,0,30,,70843,73,,,0,70,,70852,73,,,0,100,,70844,73,,,0,100,,70851,73,,,0,101,,70845,73,,,0,100,,70837,73,,,0,100,,70846,73,,,0,102,,70850,73,,,0,102,,70847,73,,,0,70,,70838,73,,,0,29,,70839,73,,,0,28,,70840,73,,,0,69,,70841,73,,,0,30,,70848,73,,,0,70,,70849,73,,,0,99,,70855,73,,,0,100,,70854,73,,,0,100,,70856,73,,,0,130,,70842,73,,,0
8200,'20262011',656,,70875,73,,,0,70,,70858,73,,,0,100,,70879,73,,,0,30,,70865,73,,,0,70,,70874,73,,,0,100,,70866,73,,,0,100,,70873,73,,,0,101,,70867,73,,,0,100,,70859,73,,,0,100,,70868,73,,,0,102,,70872,73,,,0,102,,70869,73,,,0,70,,70860,73,,,0,29,,70861,73,,,0,28,,70862,73,,,0,69,,70863,73,,,0,30,,70870,73,,,0,70,,70871,73,,,0,99,,70877,73,,,0,100,,70876,73,,,0,100,,70878,73,,,0,130,,70864,73,,,0
8200,'20262510',724,,70894,73,,,0,101,,70880,73,,,0,100,,70884,73,,,0,101,,70885,73,,,0,100,,70892,73,,,0,100,,70886,73,,,0,101,,70881,73,,,0,100,,70887,73,,,0,101,,70893,73,,,0,100,,70888,73,,,0,100,,70896,73,,,0,100,,70882,73,,,0,98,,70889,73,,,0,100,,70891,73,,,0,100,,70895,73,,,0,100,,70890,73,,,0,130,,70883,73,,,0,169,,70897,73,,,0
8200,'20262511',724,,70912,73,,,0,101,,70898,73,,,0,100,,70902,73,,,0,101,,70903,73,,,0,100,,70910,73,,,0,100,,70904,73,,,0,101,,70899,73,,,0,100,,70905,73,,,0,101,,70911,73,,,0,100,,70906,73,,,0,100,,70914,73,,,0,100,,70900,73,,,0,98,,70907,73,,,0,100,,70909,73,,,0,100,,70913,73,,,0,100,,70908,73,,,0,130,,70901,73,,,0,169,,70915,73,,,0
8200,'20262610',724,,70928,73,,,0,101,,70929,73,,,0,100,,70925,73,,,0,101,,70930,73,,,0,100,,70924,73,,,0,100,,70926,73,,,0,101,,70919,73,,,0,100,,70916,73,,,0,101,,70922,73,,,0,100,,70923,73,,,0,100,,70932,73,,,0,100,,70920,73,,,0,98,,70917,73,,,0,100,,70927,73,,,0,100,,70931,73,,,0,100,,70918,73,,,0,130,,70921,73,,,0,169,,70933,73,,,0
8200,'20262611',724,,70946,73,,,0,101,,70947,73,,,0,100,,70943,73,,,0,101,,70948,73,,,0,100,,70942,73,,,0,100,,70944,73,,,0,101,,70937,73,,,0,100,,70934,73,,,0,101,,70940,73,,,0,100,,70941,73,,,0,100,,70950,73,,,0,100,,70938,73,,,0,98,,70935,73,,,0,100,,70945,73,,,0,100,,70949,73,,,0,100,,70936,73,,,0,130,,70939,73,,,0,169,,70951,73,,,0
28200,'20262010',1552,,73114,13,4,,0,73,,73113,13,4,,0,77,,73111,13,4,,0,35,,73110,13,4,,0,86,,73112,13,4,,0
28200,'20262011',1552,,73119,13,4,,0,73,,73118,13,4,,0,77,,73116,13,4,,0,35,,73115,13,4,,0,86,,73117,13,4,,0
28900,'20262010',1627,,73164,22,4,,0,14,,73165,22,4,,0,60,,73163,22,4,,0,51,,73162,22,4,,0,75,,73166,22,4,,0
28900,'20262011',1627,,73169,22,4,,0,14,,73170,22,4,,0,60,,73168,22,4,,0,51,,73167,22,4,,0,75,,73171,22,4,,0
58200,'20262010',1627,,73952,46,4,,0,92,,73951,46,4,,0,92,,73950,46,4,,0
58200,'20262011',1627,,73955,46,4,,0,92,,73954,46,4,,0,92,,73953,46,4,,0
98200,'20262010',2618,,81264,76,,,0
98200,'20262011',2618,,81265,76,,,0
98200,'20262510',2618,,81266,76,,,0
98200,'20262511',2618,,81267,76,,,0
