7401,'20262010',605,,84842,32,,,1,99,,84843,32,,,1,99,,84844,32,,,1,102,,84845,32,,,1,100,,84846,32,,,1,100,,84847,32,,,1,100,,84848,32,,,1,100,,84849,32,,,1,100,,84850,32,,,1,99,,84851,32,,,1,30,,84861,4,0,5 6,1,68,,84857,32,,,1,30,,84860,4,0,5 6,1,70,,84852,32,,,1,101,,84853,32,,,1,103,,84859,32,,,1,100,,84854,32,,,1,100,,84858,32,,,1,100,,84855,32,,,1,130,,84856,32,,,1
7401,'20262510',706,,84876,32,,,1,100,,84862,32,,,1,100,,84863,32,,,1,100,,84877,32,,,1,99,,84870,32,,,1,101,,84871,32,,,1,100,,84872,32,,,1,100,,84873,32,,,1,100,,84874,32,,,1,98,,84875,32,,,1,100,,84864,32,,,1,102,,84868,32,,,1,100,,84869,32,,,1,100,,84865,32,,,1,99,,84866,32,,,1,103,,84867,32,,,1,130,,84878,32,0,5 6,1
7401,'20262610',706,,84879,32,,,1,100,,84894,32,,,1,100,,84880,32,,,1,100,,84895,32,,,1,99,,84882,32,,,1,101,,84883,32,,,1,100,,84884,32,,,1,100,,84885,32,,,1,100,,84886,32,,,1,98,,84887,32,,,1,100,,84888,32,,,1,102,,84889,32,,,1,100,,84890,32,,,1,100,,84891,32,,,1,99,,84892,32,,,1,103,,84893,32,,,1,130,,84881,32,0,5 6,1
7401,'20263010',605,,96818,32,0,5 6,1,99,,96819,32,0,5 6,1,99,,96820,32,0,5 6,1,102,,96821,32,0,5 6,1,100,,96822,32,0,5 6,1,100,,96823,32,0,5 6,1,100,,96824,32,0,5 6,1,100,,96825,32,0,5 6,1,100,,96826,32,0,5 6,1,99,,96827,32,0,5 6,1,30,,96837,4,0,5 6,1,68,,96833,32,0,5 6,1,30,,96836,4,0,5 6,1,70,,96828,32,0,5 6,1,101,,96829,32,0,5 6,1,103,,96835,32,0,5 6,1,100,,96830,32,0,5 6,1,100,,96834,32,0,5 6,1,100,,96831,32,0,5 6,1,130,,96832,32,0,5 6,1
7401,'20263510',706,,96852,32,0,5 6,1,100,,96838,32,0,5 6,1,100,,96839,32,0,5 6,1,100,,96853,32,0,5 6,1,99,,96846,32,0,5 6,1,101,,96847,32,0,5 6,1,100,,96848,32,0,5 6,1,100,,96849,32,0,5 6,1,100,,96850,32,0,5 6,1,98,,96851,32,0,5 6,1,100,,96840,32,0,5 6,1,102,,96844,32,0,5 6,1,100,,96845,32,0,5 6,1,100,,96841,32,0,5 6,1,99,,96842,32,0,5 6,1,103,,96843,32,0,5 6,1,130,,96854,32,0,5 6,1
7401,'20263511',706,,96869,32,0,5 6,1,100,,96855,32,0,5 6,1,100,,96856,32,0,5 6,1,100,,96870,32,0,5 6,1,99,,96863,32,0,5 6,1,101,,96864,32,0,5 6,1,100,,96865,32,0,5 6,1,100,,96866,32,0,5 6,1,100,,96867,32,0,5 6,1,98,,96868,32,0,5 6,1,100,,96857,32,0,5 6,1,102,,96861,32,0,5 6,1,100,,96862,32,0,5 6,1,100,,96858,32,0,5 6,1,99,,96859,32,0,5 6,1,103,,96860,32,0,5 6,1,130,,96871,32,0,5 6,1
7401,'20263610',706,,96872,32,0,5 6,1,100,,96887,32,0,5 6,1,100,,96873,32,0,5 6,1,100,,96888,32,0,5 6,1,99,,96875,32,0,5 6,1,101,,96876,32,0,5 6,1,100,,96877,32,0,5 6,1,100,,96878,32,0,5 6,1,100,,96879,32,0,5 6,1,98,,96880,32,0,5 6,1,100,,96881,32,0,5 6,1,102,,96882,32,0,5 6,1,100,,96883,32,0,5 6,1,100,,96884,32,0,5 6,1,99,,96885,32,0,5 6,1,103,,96886,32,0,5 6,1,130,,96874,32,0,5 6,1
7401,'20263611',706,,96889,32,0,5 6,1,100,,96904,32,0,5 6,1,100,,96890,32,0,5 6,1,100,,96905,32,0,5 6,1,99,,96892,32,0,5 6,1,101,,96893,32,0,5 6,1,100,,96894,32,0,5 6,1,100,,96895,32,0,5 6,1,100,,96896,32,0,5 6,1,98,,96897,32,0,5 6,1,100,,96898,32,0,5 6,1,102,,96899,32,0,5 6,1,100,,96900,32,0,5 6,1,100,,96901,32,0,5 6,1,99,,96902,32,0,5 6,1,103,,96903,32,0,5 6,1,130,,96891,32,0,5 6,1
8401,'20262010',634,,85654,49,,,1,67,,85673,49,0,5 6,1,30,,85655,49,,,1,70,,85674,49,0,5 6,1,31,,85656,49,,,1,72,,85671,49,0,5 6,1,30,,85657,49,,,1,99,,85658,49,,,1,100,,85659,49,,,1,99,,85660,49,,,1,102,,85661,49,,,1,99,,85662,49,,,1,98,,85663,49,,,1,96,,85664,49,,,1,105,,85665,49,,,1,103,,85666,49,,,1,99,,85667,49,,,1,100,,85668,49,,,1,102,,85669,49,,,1,100,,85670,49,,,1,100,,85672,49,,,1
8401,'20262510',636,,85675,49,,,1,99,,85690,49,,,1,99,,85676,49,,,1,100,,85689,49,,,1,100,,85677,49,,,1,100,,85684,49,,,1,100,,85685,49,,,1,99,,85686,49,,,1,100,,85687,49,,,1,99,,85688,49,,,1,102,,85679,49,,,1,101,,85678,49,,,1,100,,85680,49,,,1,100,,85683,49,,,1,100,,85682,49,,,1,100,,85681,49,,,1,102,,85691,49,,,1,100,,85692,49,,,1
8401,'20262610',636,,85705,49,,,1,99,,85709,49,,,1,99,,85708,49,,,1,100,,85706,49,,,1,100,,85693,49,,,1,100,,85699,49,,,1,100,,85694,49,,,1,99,,85700,49,,,1,100,,85695,49,,,1,99,,85701,49,,,1,102,,85696,49,,,1,101,,85702,49,,,1,100,,85697,49,,,1,100,,85703,49,,,1,100,,85698,49,,,1,100,,85704,49,,,1,102,,85707,49,,,1,100,,85710,49,,,1
8401,'20263010',634,,98160,49,0,5 6,1,67,,98179,49,0,5 6,1,30,,98161,49,0,5 6,1,69,,98180,49,0,5 6,1,32,,98162,49,0,5 6,1,71,,98177,49,0,5 6,1,31,,98163,49,0,5 6,1,99,,98164,49,0,5 6,1,100,,98165,49,0,5 6,1,99,,98166,49,0,5 6,1,102,,98167,49,0,5 6,1,99,,98168,49,0,5 6,1,98,,98169,49,0,5 6,1,96,,98170,49,0,5 6,1,105,,98171,49,0,5 6,1,103,,98172,49,0,5 6,1,99,,98173,49,0,5 6,1,100,,98174,49,0,5 6,1,102,,98175,49,0,5 6,1,100,,98176,49,0,5 6,1,100,,98178,49,0,5 6,1
8401,'20263510',636,,98181,49,0,5 6,1,99,,98196,49,0,5 6,1,99,,98182,49,0,5 6,1,100,,98195,49,0,5 6,1,100,,98183,49,0,5 6,1,100,,98190,49,0,5 6,1,100,,98191,49,0,5 6,1,99,,98192,49,0,5 6,1,100,,98193,49,0,5 6,1,99,,98194,49,0,5 6,1,102,,98185,49,0,5 6,1,101,,98184,49,0,5 6,1,100,,98186,49,0,5 6,1,100,,98189,49,0,5 6,1,100,,98188,49,0,5 6,1,100,,98187,49,0,5 6,1,102,,98197,49,0,5 6,1,100,,98198,49,0,5 6,1
8401,'20263511',636,,98199,49,0,5 6,1,99,,98214,49,0,5 6,1,99,,98200,49,0,5 6,1,100,,98213,49,0,5 6,1,100,,98201,49,0,5 6,1,100,,98208,49,0,5 6,1,100,,98209,49,0,5 6,1,99,,98210,49,0,5 6,1,100,,98211,49,0,5 6,1,99,,98212,49,0,5 6,1,102,,98203,49,0,5 6,1,101,,98202,49,0,5 6,1,100,,98204,49,0,5 6,1,100,,98207,49,0,5 6,1,100,,98206,49,0,5 6,1,100,,98205,49,0,5 6,1,102,,98215,49,0,5 6,1,100,,98216,49,0,5 6,1
8401,'20263610',636,,98229,49,0,5 6,1,99,,98233,49,0,5 6,1,99,,98232,49,0,5 6,1,100,,98230,49,0,5 6,1,100,,98217,49,0,5 6,1,100,,98223,49,0,5 6,1,100,,98218,49,0,5 6,1,99,,98224,49,0,5 6,1,100,,98219,49,0,5 6,1,99,,98225,49,0,5 6,1,102,,98220,49,0,5 6,1,101,,98226,49,0,5 6,1,100,,98221,49,0,5 6,1,100,,98227,49,0,5 6,1,100,,98222,49,0,5 6,1,100,,98228,49,0,5 6,1,102,,98231,49,0,5 6,1,100,,98234,49,0,5 6,1
8401,'20263611',636,,98247,49,0,5 6,1,99,,98251,49,0,5 6,1,99,,98250,49,0,5 6,1,100,,98248,49,0,5 6,1,100,,98235,49,0,5 6,1,100,,98241,49,0,5 6,1,100,,98236,49,0,5 6,1,99,,98242,49,0,5 6,1,100,,98237,49,0,5 6,1,99,,98243,49,0,5 6,1,102,,98238,49,0,5 6,1,101,,98244,49,0,5 6,1,100,,98239,49,0,5 6,1,100,,98245,49,0,5 6,1,100,,98240,49,0,5 6,1,100,,98246,49,0,5 6,1,102,,98249,49,0,5 6,1,100,,98252,49,0,5 6,1
