8400,'20262010',815,,85601,73,,,1,99,,85602,73,,,1,100,,85603,73,,,1,100,,85604,73,,,1,100,,85605,73,,,1,100,,85606,73,,,1,100,,85607,73,,,1,100,,85608,73,,,1,106,,85609,73,,,1,29,,85618,37,,,1,69,,85610,73,,,1,26,,85619,37,,,1,69,,85611,73,,,1,100,,85612,73,,,1,98,,85613,73,,,1,100,,85614,73,,,1,100,,85615,73,,,1,99,,85616,73,,,1,100,,85617,73,,,1
8400,'20262510',810,,85620,73,,,1,100,,85635,73,,,1,101,,85621,73,,,1,100,,85636,73,,,1,101,,85622,73,,,1,100,,85624,73,,,1,100,,85625,73,,,1,100,,85626,73,,,1,101,,85627,73,,,1,100,,85628,73,,,1,99,,85629,73,,,1,99,,85630,73,,,1,100,,85631,73,,,1,99,,85632,73,,,1,100,,85633,73,,,1,100,,85634,73,,,1,100,,85623,73,,,1
8400,'20262610',810,,85637,73,,,1,100,,85652,73,,,1,101,,85638,73,,,1,100,,85653,73,,,1,101,,85639,73,,,1,100,,85646,73,,,1,100,,85640,73,,,1,100,,85647,73,,,1,101,,85641,73,,,1,100,,85648,73,,,1,99,,85642,73,,,1,99,,85649,73,,,1,100,,85643,73,,,1,99,,85650,73,,,1,100,,85644,73,,,1,100,,85651,73,,,1,100,,85645,73,,,1
8400,'20263010',815,,98073,70,,,1,99,,98074,70,,,1,100,,98075,70,,,1,100,,98076,70,,,1,100,,98077,70,,,1,100,,98078,70,,,1,100,,98079,70,,,1,100,,98080,70,,,1,106,,98081,70,,,1,29,,98090,37,,,1,69,,98082,70,,,1,26,,98091,37,,,1,69,,98083,70,,,1,100,,98084,70,,,1,98,,98085,70,,,1,100,,98086,70,,,1,100,,98087,70,,,1,99,,98088,70,,,1,100,,98089,70,,,1
8400,'20263510',810,,98092,70,,,1,100,,98107,70,,,1,101,,98093,70,,,1,100,,98108,70,,,1,101,,98094,70,,,1,100,,98096,70,,,1,100,,98097,70,,,1,100,,98098,70,,,1,101,,98099,70,,,1,100,,98100,70,,,1,99,,98101,70,,,1,99,,98102,70,,,1,100,,98103,70,,,1,99,,98104,70,,,1,100,,98105,70,,,1,100,,98106,70,,,1,100,,98095,70,,,1
8400,'20263511',810,,98109,70,,,1,100,,98124,70,,,1,101,,98110,70,,,1,100,,98125,70,,,1,101,,98111,70,,,1,100,,98113,70,,,1,100,,98114,70,,,1,100,,98115,70,,,1,101,,98116,70,,,1,100,,98117,70,,,1,99,,98118,70,,,1,99,,98119,70,,,1,100,,98120,70,,,1,99,,98121,70,,,1,100,,98122,70,,,1,100,,98123,70,,,1,100,,98112,70,,,1
8400,'20263610',810,,98126,70,,,1,100,,98141,70,,,1,101,,98127,70,,,1,100,,98142,70,,,1,101,,98128,70,,,1,100,,98135,70,,,1,100,,98129,70,,,1,100,,98136,70,,,1,101,,98130,70,,,1,100,,98137,70,,,1,99,,98131,70,,,1,99,,98138,70,,,1,100,,98132,70,,,1,99,,98139,70,,,1,100,,98133,70,,,1,100,,98140,70,,,1,100,,98134,70,,,1
8400,'20263611',810,,98143,70,,,1,100,,98158,70,,,1,101,,98144,70,,,1,100,,98159,70,,,1,101,,98145,70,,,1,100,,98152,70,,,1,100,,98146,70,,,1,100,,98153,70,,,1,101,,98147,70,,,1,100,,98154,70,,,1,99,,98148,70,,,1,99,,98155,70,,,1,100,,98149,70,,,1,99,,98156,70,,,1,100,,98150,70,,,1,100,,98157,70,,,1,100,,98151,70,,,1
97203,'20262010',2620,,90487,67,,,0
97203,'20262510',2620,,90488,67,,,0
97203,'20263010',2620,,106110,67,,,0
97203,'20263510',2620,,106111,67,,,0
97203,'20263511',2620,,106112,67,,,0
