3900,'20262010',737,,83138,27,,,0,100,,83120,27,,,0,100,,83121,27,,,0,100,,83122,27,,,0,100,,83123,27,,,0,100,,83124,27,,,0,100,,83125,27,,,0,100,,83126,27,,,0,100,,83127,27,,,0,70,,83128,27,,,0,30,,83129,27,,,0,70,,83130,27,,,0,30,,83131,27,,,0,100,,83132,27,,,0,100,,83133,27,,,0,100,,83134,27,,,0,100,,83135,27,,,0,100,,83139,27,,,0,100,,83136,27,,,0,100,,83137,27,,,0
3900,'20262510',737,,83151,27,,,0,100,,83154,27,,,0,100,,83140,27,,,0,100,,83155,27,,,0,100,,83141,27,,,0,100,,83142,27,,,0,100,,83143,27,,,0,100,,83144,27,,,0,100,,83145,27,,,0,100,,83146,27,,,0,100,,83147,27,,,0,100,,83148,27,,,0,100,,83152,27,,,0,100,,83149,27,,,0,100,,83153,27,,,0,100,,83150,27,,,0,199,,83156,27,,,0
3900,'20262610',737,,83169,27,,,0,100,,83171,27,,,0,100,,83170,27,,,0,100,,83172,27,,,0,100,,83166,27,,,0,100,,83157,27,,,0,100,,83158,27,,,0,100,,83159,27,,,0,100,,83160,27,,,0,100,,83161,27,,,0,100,,83162,27,,,0,100,,83163,27,,,0,100,,83167,27,,,0,100,,83164,27,,,0,100,,83168,27,,,0,100,,83165,27,,,0,199,,83173,27,,,0
3900,'20263010',737,,93865,27,,,0,100,,93846,27,,,0,70,,93867,27,,,0,30,,93847,27,,,0,100,,93848,27,,,0,100,,93849,27,,,0,100,,93850,27,,,0,100,,93851,27,,,0,100,,93852,27,,,0,100,,93853,27,,,0,70,,93854,27,,,0,30,,93855,27,,,0,70,,93856,27,,,0,30,,93857,27,,,0,70,,93858,27,,,0,30,,93859,27,,,0,100,,93860,27,,,0,100,,93861,27,,,0,100,,93862,27,,,0,100,,93866,27,,,0,100,,93863,27,,,0,100,,93864,27,,,0
3900,'20263510',737,,93879,27,,,0,100,,93882,27,,,0,100,,93868,27,,,0,100,,93883,27,,,0,100,,93869,27,,,0,100,,93870,27,,,0,100,,93871,27,,,0,100,,93872,27,,,0,100,,93873,27,,,0,100,,93874,27,,,0,100,,93875,27,,,0,100,,93876,27,,,0,100,,93880,27,,,0,100,,93877,27,,,0,100,,93881,27,,,0,100,,93878,27,,,0,99,,93885,27,,,0,100,,93884,27,,,0
3900,'20263511',737,,93897,27,,,0,100,,93900,27,,,0,100,,93886,27,,,0,100,,93901,27,,,0,100,,93887,27,,,0,100,,93888,27,,,0,100,,93889,27,,,0,100,,93890,27,,,0,100,,93891,27,,,0,100,,93892,27,,,0,100,,93893,27,,,0,100,,93894,27,,,0,100,,93898,27,,,0,100,,93895,27,,,0,100,,93899,27,,,0,100,,93896,27,,,0,99,,93903,27,,,0,100,,93902,27,,,0
3900,'20263610',737,,93916,27,,,0,100,,93918,27,,,0,100,,93917,27,,,0,100,,93919,27,,,0,100,,93913,27,,,0,100,,93904,27,,,0,100,,93905,27,,,0,100,,93906,27,,,0,100,,93907,27,,,0,100,,93908,27,,,0,100,,93909,27,,,0,100,,93910,27,,,0,100,,93914,27,,,0,100,,93911,27,,,0,100,,93915,27,,,0,100,,93912,27,,,0,99,,93921,27,,,0,100,,93920,27,,,0
3900,'20263611',737,,93934,27,,,0,100,,93936,27,,,0,100,,93935,27,,,0,100,,93937,27,,,0,100,,93931,27,,,0,100,,93922,27,,,0,100,,93923,27,,,0,100,,93924,27,,,0,100,,93925,27,,,0,100,,93926,27,,,0,100,,93927,27,,,0,100,,93928,27,,,0,100,,93932,27,,,0,100,,93929,27,,,0,100,,93933,27,,,0,100,,93930,27,,,0,99,,93939,27,,,0,100,,93938,27,,,0
33000,'20263010',1250,,99767,23,4,,0,305,,99768,23,4,,0,102,,99764,23,4,,0,101,,99765,23,4,,0,90,,99766,23,4,,0,10,,99769,23,4,,0
53000,'20262010',1619,,86766,21,4,,0,88,,86763,21,4,,0,28,,86764,21,4,,0,65,,86765,21,4,,0
53000,'20263010',1251,,99982,21,4,,0,200,,99983,21,4,,0,104,,99985,21,4,,0,52,,99984,21,4,,0,16,,99981,21,4,,0,35,,99978,21,4,,0,70,,99979,21,4,,0,30,,99980,21,4,,0,147,,99986,21,4,,0
