301,'20262010',553,,81583,6,,,0,70,,81584,6,,,0,29,,81585,6,,,0,68,,81586,6,,,0,30,,81587,6,,,0,71,,81588,6,,,0,31,,81589,6,,,0,100,,81590,6,,,0,100,,81591,6,,,0,100,,81592,6,,,0,100,,81593,6,,,0,100,,81594,6,,,0,100,,81595,6,,,0,99,,81596,6,,,0,99,,81597,6,,,0,101,,81598,6,,,0,100,,81599,6,,,0,100,,81600,6,,,0,100,,81601,6,,,0,102,,81602,6,,,0,100,,81603,6,,,0
301,'20262510',653,,81625,6,,,0,99,,81626,6,,,0,100,,81627,6,,,0,100,,81628,6,,,0,100,,81629,6,,,0,100,,81630,6,,,0,100,,81631,6,,,0,100,,81632,6,,,0,100,,81633,6,,,0,100,,81634,6,,,0,100,,81635,6,,,0,100,,81636,6,,,0,100,,81637,6,,,0,100,,81638,6,,,0,100,,81639,6,,,0,100,,81640,6,,,0,100,,81641,6,,,0,101,,81642,6,,,0
301,'20262610',653,,81664,6,,,0,99,,81665,6,,,0,100,,81666,6,,,0,100,,81667,6,,,0,100,,81668,6,,,0,100,,81669,6,,,0,100,,81670,6,,,0,100,,81671,6,,,0,100,,81672,6,,,0,100,,81673,6,,,0,100,,81674,6,,,0,100,,81675,6,,,0,100,,81676,6,,,0,100,,81677,6,,,0,100,,81678,6,,,0,100,,81679,6,,,0,100,,81680,6,,,0,101,,81681,6,,,0
301,'20263010',555,,90974,6,,,0,70,,90975,6,,,0,28,,90976,6,,,0,67,,90977,6,,,0,30,,90978,6,,,0,72,,90979,6,,,0,31,,90980,6,,,0,100,,90981,6,,,0,100,,90982,6,,,0,100,,90983,6,,,0,100,,90984,6,,,0,100,,90985,6,,,0,100,,90986,6,,,0,99,,90987,6,,,0,99,,90988,6,,,0,102,,90989,6,,,0,100,,90990,6,,,0,100,,90991,6,,,0,101,,90992,6,,,0,100,,90993,6,,,0,100,,90994,6,,,0
301,'20263510',654,,91018,6,,,0,100,,91019,6,,,0,100,,91020,6,,,0,100,,91021,6,,,0,100,,91022,6,,,0,99,,91023,6,,,0,100,,91024,6,,,0,100,,91025,6,,,0,100,,91026,6,,,0,100,,91027,6,,,0,100,,91028,6,,,0,101,,91029,6,,,0,100,,91030,6,,,0,100,,91031,6,,,0,100,,91032,6,,,0,100,,91033,6,,,0,100,,91034,6,,,0,100,,91035,6,,,0
301,'20263511',654,,91057,6,,,0,100,,91058,6,,,0,100,,91059,6,,,0,100,,91060,6,,,0,100,,91061,6,,,0,99,,91062,6,,,0,100,,91063,6,,,0,100,,91064,6,,,0,100,,91065,6,,,0,100,,91066,6,,,0,100,,91067,6,,,0,101,,91068,6,,,0,100,,91069,6,,,0,100,,91070,6,,,0,100,,91071,6,,,0,100,,91072,6,,,0,100,,91073,6,,,0,100,,91074,6,,,0
301,'20263610',654,,91096,6,,,0,100,,91097,6,,,0,100,,91098,6,,,0,100,,91099,6,,,0,100,,91100,6,,,0,99,,91101,6,,,0,100,,91102,6,,,0,100,,91103,6,,,0,100,,91104,6,,,0,100,,91105,6,,,0,100,,91106,6,,,0,101,,91107,6,,,0,100,,91108,6,,,0,100,,91109,6,,,0,100,,91110,6,,,0,100,,91111,6,,,0,100,,91112,6,,,0,100,,91113,6,,,0
301,'20263611',654,,91135,6,,,0,100,,91136,6,,,0,100,,91137,6,,,0,100,,91138,6,,,0,100,,91139,6,,,0,99,,91140,6,,,0,100,,91141,6,,,0,100,,91142,6,,,0,100,,91143,6,,,0,100,,91144,6,,,0,100,,91145,6,,,0,101,,91146,6,,,0,100,,91147,6,,,0,100,,91148,6,,,0,100,,91149,6,,,0,100,,91150,6,,,0,100,,91151,6,,,0,100,,91152,6,,,0
23701,'20263010',620,,99544,18,,,0,15,,99545,18,,,0,66,,99546,18,,,0,21,,99547,18,,,0,21,,99548,18,,,0,69,,99549,18,,,0
23901,'20262010',700,,86488,34,,,0,20,,86489,34,,,0,85,,86490,34,,,0,18,,86491,34,,,0
33701,'20263010',641,,99799,18,,,0,8,,99803,18,,,0,51,,99800,18,,,0,31,,99804,18,,,0,72,,99805,18,,,0,106,,99801,18,,,0,202,,99802,18,,,0
53701,'20262010',701,,86779,18,,,0,31,,86780,18,,,0
53701,'20263010',657,,100009,18,,,0,73,,100010,18,,,0
1008201,'20263010',1616,,106137,24,,,0
