3600,'20262010',746,,83006,56,0,7 8 9,0,70,,83027,56,0,7 8 9,0,30,,83007,56,0,7 8 9,0,99,,83008,56,0,7 8 9,0,100,,83009,56,0,7 8 9,0,101,,83010,56,0,7 8 9,0,100,,83011,56,0,7 8 9,0,100,,83012,56,0,7 8 9,0,100,,83013,56,0,7 8 9,0,101,,83014,56,0,7 8 9,0,70,,83015,56,0,7 8 9,0,30,,83016,56,0,7 8 9,0,70,,83017,56,0,7 8 9,0,29,,83018,56,0,7 8 9,0,69,,83019,56,0,7 8 9,0,30,,83021,56,0,7 8 9,0,100,,83022,56,0,7 8 9,0,100,,83023,56,0,7 8 9,0,98,,83024,56,0,7 8 9,0,99,,83025,56,0,7 8 9,0,100,,83026,56,0,7 8 9,0,100,,83020,56,0,7 8 9,0
3600,'20262510',743,,83030,56,0,7 8 9,0,101,,83031,56,0,7 8 9,0,100,,83032,56,0,7 8 9,0,101,,83033,56,0,7 8 9,0,100,,83034,56,0,7 8 9,0,100,,83035,56,0,7 8 9,0,100,,83036,56,0,7 8 9,0,100,,83037,56,0,7 8 9,0,100,,83038,56,0,7 8 9,0,100,,83039,56,0,7 8 9,0,100,,83040,56,0,7 8 9,0,99,,83041,56,0,7 8 9,0,100,,83043,56,0,7 8 9,0,100,,83028,56,0,7 8 9,0,99,,83044,56,0,7 8 9,0,100,,83029,56,0,7 8 9,0,100,,83042,56,0,7 8 9,0,100,,83045,56,0,7 8 9,0
3600,'20262610',743,,83063,56,0,7 8 9,0,101,,83061,56,0,7 8 9,0,100,,83055,56,0,7 8 9,0,101,,83058,56,0,7 8 9,0,100,,83047,56,0,7 8 9,0,100,,83046,56,0,7 8 9,0,100,,83054,56,0,7 8 9,0,100,,83053,56,0,7 8 9,0,100,,83052,56,0,7 8 9,0,100,,83051,56,0,7 8 9,0,100,,83050,56,0,7 8 9,0,99,,83049,56,0,7 8 9,0,100,,83059,56,0,7 8 9,0,100,,83048,56,0,7 8 9,0,99,,83060,56,0,7 8 9,0,100,,83057,56,0,7 8 9,0,100,,83056,56,0,7 8 9,0,100,,83062,56,0,7 8 9,0
3600,'20263010',747,,93660,54,0,10,0,70,,93681,54,0,10,0,30,,93661,54,0,10,0,99,,93662,54,0,10,0,100,,93663,54,0,10,0,100,,93664,54,0,10,0,100,,93665,54,0,10,0,100,,93666,54,0,10,0,100,,93667,54,0,10,0,101,,93668,54,0,10,0,71,,93669,54,0,10,0,30,,93670,54,0,10,0,69,,93671,54,0,10,0,29,,93672,54,0,10,0,70,,93673,54,0,10,0,30,,93675,54,0,10,0,98,,93676,54,0,10,0,100,,93677,54,0,10,0,100,,93678,54,0,10,0,99,,93679,54,0,10,0,100,,93680,54,0,10,0,100,,93674,54,0,10,0
3600,'20263510',743,,93684,54,0,10,0,101,,93685,54,0,10,0,100,,93686,54,0,10,0,101,,93687,54,0,10,0,100,,93688,54,0,10,0,100,,93689,54,0,10,0,100,,93690,54,0,10,0,100,,93691,54,0,10,0,100,,93692,54,0,10,0,100,,93693,54,0,10,0,100,,93694,54,0,10,0,99,,93695,54,0,10,0,100,,93697,54,0,10,0,100,,93682,54,0,10,0,99,,93698,54,0,10,0,100,,93683,54,0,10,0,100,,93696,54,0,10,0,99,,93699,54,0,10,0
3600,'20263511',743,,93702,54,0,10,0,101,,93703,54,0,10,0,100,,93704,54,0,10,0,101,,93705,54,0,10,0,100,,93706,54,0,10,0,100,,93707,54,0,10,0,100,,93708,54,0,10,0,100,,93709,54,0,10,0,100,,93710,54,0,10,0,100,,93711,54,0,10,0,100,,93712,54,0,10,0,99,,93713,54,0,10,0,100,,93715,54,0,10,0,100,,93700,54,0,10,0,99,,93716,54,0,10,0,100,,93701,54,0,10,0,100,,93714,54,0,10,0,99,,93717,54,0,10,0
3600,'20263610',743,,93735,54,0,10,0,101,,93733,54,0,10,0,100,,93727,54,0,10,0,101,,93730,54,0,10,0,100,,93719,54,0,10,0,100,,93718,54,0,10,0,100,,93726,54,0,10,0,100,,93725,54,0,10,0,100,,93724,54,0,10,0,100,,93723,54,0,10,0,100,,93722,54,0,10,0,99,,93721,54,0,10,0,100,,93731,54,0,10,0,100,,93720,54,0,10,0,99,,93732,54,0,10,0,100,,93729,54,0,10,0,100,,93728,54,0,10,0,99,,93734,54,0,10,0
3600,'20263611',743,,93753,54,0,10,0,101,,93751,54,0,10,0,100,,93745,54,0,10,0,101,,93748,54,0,10,0,100,,93737,54,0,10,0,100,,93736,54,0,10,0,100,,93744,54,0,10,0,100,,93743,54,0,10,0,100,,93742,54,0,10,0,100,,93741,54,0,10,0,100,,93740,54,0,10,0,99,,93739,54,0,10,0,100,,93749,54,0,10,0,100,,93738,54,0,10,0,99,,93750,54,0,10,0,100,,93747,54,0,10,0,100,,93746,54,0,10,0,99,,93752,54,0,10,0
23600,'20262010',1601,,86465,23,4,,0,30,,86466,23,4,,0,14,,86467,23,4,,0,55,,86468,23,4,,0,28,,86469,23,4,,0,29,,86470,23,4,,0
23600,'20263010',1605,,99525,23,4,,0,34,,99526,23,4,,0,14,,99527,23,4,,0,51,,99528,23,4,,0,29,,99529,23,4,,0,26,,99530,23,4,,0
33600,'20263010',1650,,99789,21,4,,0,93,,99790,21,4,,0,103,,99791,21,4,,0
53600,'20262010',1700,,86771,19,4,,0,54,,86772,19,4,,0
53600,'20263010',1659,,100000,19,4,,0,76,,100001,19,4,,0,65,,100002,19,4,,0
93600,'20262010',2604,,90477,59,0,7 8 9,0
93600,'20262510',2604,,90478,59,0,7 8 9,0
93600,'20263010',2604,,106095,58,0,10,0
93600,'20263510',2604,,106096,58,0,10,0
93600,'20263511',2604,,106097,58,0,10,0
