3601,'20262010',621,,83064,41,0,16 17,0,30,,83065,41,0,16 17,0,67,,83066,41,0,16 17,0,30,,83067,41,0,16 17,0,71,,83068,41,0,16 17,0,102,,83069,41,0,16 17,0,100,,83070,41,0,16 17,0,100,,83071,41,0,16 17,0,99,,83072,41,0,16 17,0,100,,83073,41,0,16 17,0,101,,83074,41,0,16 17,0,98,,83075,41,0,16 17,0,100,,83076,41,0,16 17,0,100,,83077,41,0,16 17,0,101,,83078,41,0,16 17,0,101,,83079,41,0,16 17,0,100,,83080,41,0,16 17,0,100,,83081,41,0,16 17,0,100,,83083,41,0,16 17,0,100,,83082,41,0,16 17,0
3601,'20262510',622,,83101,41,0,16 17,0,99,,83084,41,0,16 17,0,100,,83085,41,0,16 17,0,100,,83086,41,0,16 17,0,99,,83087,41,0,16 17,0,99,,83088,41,0,16 17,0,100,,83089,41,0,16 17,0,100,,83090,41,0,16 17,0,100,,83091,41,0,16 17,0,101,,83092,41,0,16 17,0,100,,83093,41,0,16 17,0,101,,83094,41,0,16 17,0,100,,83095,41,0,16 17,0,100,,83096,41,0,16 17,0,100,,83100,41,0,16 17,0,101,,83097,41,0,16 17,0,100,,83099,41,0,16 17,0,100,,83098,41,0,16 17,0
3601,'20262610',622,,83119,41,0,16 17,0,99,,83112,41,0,16 17,0,100,,83117,41,0,16 17,0,100,,83111,41,0,16 17,0,99,,83110,41,0,16 17,0,99,,83109,41,0,16 17,0,100,,83108,41,0,16 17,0,100,,83107,41,0,16 17,0,100,,83106,41,0,16 17,0,101,,83105,41,0,16 17,0,100,,83104,41,0,16 17,0,101,,83103,41,0,16 17,0,100,,83102,41,0,16 17,0,100,,83116,41,0,16 17,0,100,,83118,41,0,16 17,0,101,,83115,41,0,16 17,0,100,,83114,41,0,16 17,0,100,,83113,41,0,16 17,0
3601,'20263010',621,,93754,40,0,5 6,0,30,,93755,40,0,5 6,0,68,,93756,40,0,5 6,0,29,,93757,40,0,5 6,0,70,,93758,40,0,5 6,0,102,,93759,40,0,5 6,0,100,,93760,40,0,5 6,0,100,,93761,40,0,5 6,0,100,,93762,40,0,5 6,0,100,,93763,40,0,5 6,0,100,,93764,40,0,5 6,0,99,,93765,40,0,5 6,0,98,,93766,40,0,5 6,0,101,,93767,40,0,5 6,0,101,,93768,40,0,5 6,0,101,,93769,40,0,5 6,0,101,,93770,40,0,5 6,0,100,,93771,40,0,5 6,0,100,,93773,40,0,5 6,0,100,,93772,40,0,5 6,0
3601,'20263510',624,,93791,40,0,5 6,0,99,,93774,40,0,5 6,0,100,,93775,40,0,5 6,0,100,,93776,40,0,5 6,0,99,,93777,40,0,5 6,0,99,,93778,40,0,5 6,0,100,,93779,40,0,5 6,0,100,,93780,40,0,5 6,0,100,,93781,40,0,5 6,0,101,,93782,40,0,5 6,0,100,,93783,40,0,5 6,0,101,,93784,40,0,5 6,0,100,,93785,40,0,5 6,0,100,,93786,40,0,5 6,0,100,,93790,40,0,5 6,0,100,,93787,40,0,5 6,0,101,,93789,40,0,5 6,0,100,,93788,40,0,5 6,0
3601,'20263511',624,,93809,40,0,5 6,0,99,,93792,40,0,5 6,0,100,,93793,40,0,5 6,0,100,,93794,40,0,5 6,0,99,,93795,40,0,5 6,0,99,,93796,40,0,5 6,0,100,,93797,40,0,5 6,0,100,,93798,40,0,5 6,0,100,,93799,40,0,5 6,0,101,,93800,40,0,5 6,0,100,,93801,40,0,5 6,0,101,,93802,40,0,5 6,0,100,,93803,40,0,5 6,0,100,,93804,40,0,5 6,0,100,,93808,40,0,5 6,0,100,,93805,40,0,5 6,0,101,,93807,40,0,5 6,0,100,,93806,40,0,5 6,0
3601,'20263610',624,,93827,40,0,5 6,0,99,,93820,40,0,5 6,0,100,,93825,40,0,5 6,0,100,,93819,40,0,5 6,0,99,,93818,40,0,5 6,0,99,,93817,40,0,5 6,0,100,,93816,40,0,5 6,0,100,,93815,40,0,5 6,0,100,,93814,40,0,5 6,0,101,,93813,40,0,5 6,0,100,,93812,40,0,5 6,0,101,,93811,40,0,5 6,0,100,,93810,40,0,5 6,0,100,,93824,40,0,5 6,0,100,,93826,40,0,5 6,0,100,,93823,40,0,5 6,0,101,,93822,40,0,5 6,0,100,,93821,40,0,5 6,0
3601,'20263611',624,,93845,40,0,5 6,0,99,,93838,40,0,5 6,0,100,,93843,40,0,5 6,0,100,,93837,40,0,5 6,0,99,,93836,40,0,5 6,0,99,,93835,40,0,5 6,0,100,,93834,40,0,5 6,0,100,,93833,40,0,5 6,0,100,,93832,40,0,5 6,0,101,,93831,40,0,5 6,0,100,,93830,40,0,5 6,0,101,,93829,40,0,5 6,0,100,,93828,40,0,5 6,0,100,,93842,40,0,5 6,0,100,,93844,40,0,5 6,0,100,,93841,40,0,5 6,0,101,,93840,40,0,5 6,0,100,,93839,40,0,5 6,0
1000301,'20263010',1555,,106135,2,,,0
1008201,'20263010',1555,,106137,2,,,0
