8100,'20262010',639,,70608,31,,,0,70,,70609,31,,,0,32,,70610,31,,,0,71,,70611,31,,,0,29,,70612,31,,,0,69,,70613,31,,,0,100,,70614,31,,,0,100,,70615,31,,,0,101,,70616,31,,,0,100,,70617,31,,,0,100,,70618,31,,,0,101,,70619,31,,,0,31,,70620,31,,,0,71,,70621,31,,,0,33,,70622,31,,,0,67,,70623,31,,,0,28,,70624,31,,,0,68,,70625,31,,,0,100,,70626,31,,,0,99,,70627,31,,,0,100,,70628,31,,,0,100,,70629,31,,,0,100,,70630,31,,,0
8100,'20262011',639,,70631,31,,,0,70,,70632,31,,,0,32,,70633,31,,,0,71,,70634,31,,,0,29,,70635,31,,,0,69,,70636,31,,,0,100,,70637,31,,,0,100,,70638,31,,,0,101,,70639,31,,,0,100,,70640,31,,,0,100,,70641,31,,,0,101,,70642,31,,,0,31,,70643,31,,,0,71,,70644,31,,,0,33,,70645,31,,,0,67,,70646,31,,,0,28,,70647,31,,,0,68,,70648,31,,,0,100,,70649,31,,,0,99,,70650,31,,,0,100,,70651,31,,,0,100,,70652,31,,,0,100,,70653,31,,,0
8100,'20262510',809,,70654,31,,,0,100,,70655,31,,,0,100,,70656,31,,,0,100,,70657,31,,,0,100,,70658,31,,,0,101,,70659,31,,,0,100,,70660,31,,,0,100,,70661,31,,,0,100,,70662,31,,,0,100,,70663,31,,,0,100,,70664,31,,,0,99,,70665,31,,,0,100,,70666,31,,,0,100,,70667,31,,,0,100,,70668,31,,,0,100,,70669,31,,,0
8100,'20262511',809,,70670,31,,,0,100,,70671,31,,,0,100,,70672,31,,,0,100,,70673,31,,,0,100,,70674,31,,,0,101,,70675,31,,,0,100,,70676,31,,,0,100,,70677,31,,,0,100,,70678,31,,,0,100,,70679,31,,,0,100,,70680,31,,,0,99,,70681,31,,,0,100,,70682,31,,,0,100,,70683,31,,,0,100,,70684,31,,,0,100,,70685,31,,,0
8100,'20262610',809,,70686,31,,,0,100,,70687,31,,,0,100,,70688,31,,,0,100,,70689,31,,,0,100,,70690,31,,,0,101,,70691,31,,,0,100,,70692,31,,,0,100,,70693,31,,,0,100,,70694,31,,,0,100,,70695,31,,,0,100,,70696,31,,,0,99,,70697,31,,,0,100,,70698,31,,,0,100,,70699,31,,,0,100,,70700,31,,,0,100,,70701,31,,,0
8100,'20262611',809,,70702,31,,,0,100,,70703,31,,,0,100,,70704,31,,,0,100,,70705,31,,,0,100,,70706,31,,,0,101,,70707,31,,,0,100,,70708,31,,,0,100,,70709,31,,,0,100,,70710,31,,,0,100,,70711,31,,,0,100,,70712,31,,,0,99,,70713,31,,,0,100,,70714,31,,,0,100,,70715,31,,,0,100,,70716,31,,,0,100,,70717,31,,,0
27200,'20262010',1630,,72999,26,4,,0,71,,73000,26,4,,0,44,,73001,26,4,,0,85,,72998,26,4,,0
27200,'20262011',1630,,73003,26,4,,0,71,,73004,26,4,,0,44,,73005,26,4,,0,85,,73002,26,4,,0
57200,'20262010',1700,,73906,25,4,,0,30,,73907,25,4,,0
57200,'20262011',1700,,73908,25,4,,0,30,,73909,25,4,,0
