9202,'20262010',530,,86004,3,,,0,99,,86003,3,,,0,30,,86002,3,,,0,74,,85985,3,,,0,69,,86001,3,,,0,30,,85986,3,,,0,100,,85987,3,,,0,101,,85988,3,,,0,99,,85990,3,,,0,101,,85991,3,,,0,100,,85989,3,,,0,100,,85997,3,,,0,96,,85995,3,,,0,107,,85996,3,,,0,101,,85998,3,,,0,98,,85992,3,,,0,98,,85993,3,,,0,99,,85994,3,,,0,99,,85999,3,,,0,99,,86000,3,,,0
9202,'20262510',546,,86021,3,,,0,100,,86020,3,,,0,100,,86005,3,,,0,101,,86016,3,,,0,100,,86015,3,,,0,102,,86006,3,,,0,100,,86017,3,,,0,100,,86009,3,,,0,100,,86011,3,,,0,100,,86010,3,,,0,100,,86018,3,,,0,101,,86007,3,,,0,101,,86008,3,,,0,96,,86019,3,,,0,100,,86012,3,,,0,100,,86013,3,,,0,99,,86014,3,,,0
9202,'20262610',546,,86038,3,,,0,100,,86037,3,,,0,100,,86022,3,,,0,101,,86032,3,,,0,100,,86031,3,,,0,102,,86023,3,,,0,100,,86033,3,,,0,100,,86026,3,,,0,100,,86028,3,,,0,100,,86027,3,,,0,100,,86034,3,,,0,101,,86024,3,,,0,101,,86025,3,,,0,96,,86035,3,,,0,100,,86029,3,,,0,100,,86030,3,,,0,99,,86036,3,,,0
9202,'20263010',531,,98697,3,,,0,96,,98696,3,,,0,73,,98695,3,,,0,31,,98678,3,,,0,72,,98694,3,,,0,31,,98679,3,,,0,99,,98680,3,,,0,100,,98681,3,,,0,100,,98683,3,,,0,101,,98684,3,,,0,100,,98682,3,,,0,100,,98690,3,,,0,98,,98688,3,,,0,103,,98689,3,,,0,100,,98691,3,,,0,100,,98685,3,,,0,98,,98686,3,,,0,99,,98687,3,,,0,99,,98692,3,,,0,99,,98693,3,,,0
9202,'20263510',552,,98714,3,,,0,100,,98713,3,,,0,99,,98698,3,,,0,100,,98709,3,,,0,98,,98708,3,,,0,100,,98699,3,,,0,97,,98710,3,,,0,101,,98702,3,,,0,101,,98704,3,,,0,102,,98703,3,,,0,101,,98711,3,,,0,104,,98700,3,,,0,99,,98701,3,,,0,100,,98712,3,,,0,97,,98705,3,,,0,101,,98706,3,,,0,100,,98707,3,,,0
9202,'20263511',552,,98731,3,,,0,100,,98730,3,,,0,99,,98715,3,,,0,100,,98726,3,,,0,98,,98725,3,,,0,100,,98716,3,,,0,97,,98727,3,,,0,101,,98719,3,,,0,101,,98721,3,,,0,102,,98720,3,,,0,101,,98728,3,,,0,104,,98717,3,,,0,99,,98718,3,,,0,100,,98729,3,,,0,97,,98722,3,,,0,101,,98723,3,,,0,100,,98724,3,,,0
9202,'20263610',552,,98748,3,,,0,100,,98747,3,,,0,99,,98732,3,,,0,100,,98742,3,,,0,98,,98741,3,,,0,100,,98733,3,,,0,97,,98743,3,,,0,101,,98736,3,,,0,101,,98738,3,,,0,102,,98737,3,,,0,101,,98744,3,,,0,104,,98734,3,,,0,99,,98735,3,,,0,100,,98745,3,,,0,97,,98739,3,,,0,101,,98740,3,,,0,100,,98746,3,,,0
9202,'20263611',552,,98765,3,,,0,100,,98764,3,,,0,99,,98749,3,,,0,100,,98759,3,,,0,98,,98758,3,,,0,100,,98750,3,,,0,97,,98760,3,,,0,101,,98753,3,,,0,101,,98755,3,,,0,102,,98754,3,,,0,101,,98761,3,,,0,104,,98751,3,,,0,99,,98752,3,,,0,100,,98762,3,,,0,97,,98756,3,,,0,101,,98757,3,,,0,100,,98763,3,,,0
29202,'20262010',633,,86679,3,,,0,67,,86678,3,,,0,32,,86677,3,,,0
29202,'20263010',632,,99754,3,,,0,18,,99753,3,,,0,69,,99752,3,,,0
