7401,'20262010',544,,84842,3,,,1,95,,84843,3,,,1,99,,84844,3,,,1,104,,84845,3,,,1,101,,84846,3,,,1,100,,84847,3,,,1,99,,84848,3,,,1,101,,84849,3,,,1,100,,84850,3,,,1,99,,84851,3,,,1,96,,84857,3,,,1,100,,84852,3,,,1,102,,84853,3,,,1,105,,84859,3,,,1,100,,84854,3,,,1,100,,84858,3,,,1,100,,84855,3,,,1,170,,84856,3,,,1
7401,'20262510',645,,84876,3,,,1,99,,84862,3,,,1,100,,84863,3,,,1,100,,84877,3,,,1,99,,84870,3,,,1,101,,84871,3,,,1,99,,84872,3,,,1,100,,84873,3,,,1,100,,84874,3,,,1,98,,84875,3,,,1,100,,84864,3,,,1,103,,84868,3,,,1,100,,84869,3,,,1,100,,84865,3,,,1,99,,84866,3,,,1,104,,84867,3,,,1,170,,84878,3,0,5 6,1
7401,'20262610',645,,84879,3,,,1,99,,84894,3,,,1,100,,84880,3,,,1,100,,84895,3,,,1,99,,84882,3,,,1,101,,84883,3,,,1,99,,84884,3,,,1,100,,84885,3,,,1,100,,84886,3,,,1,98,,84887,3,,,1,100,,84888,3,,,1,103,,84889,3,,,1,100,,84890,3,,,1,100,,84891,3,,,1,99,,84892,3,,,1,104,,84893,3,,,1,170,,84881,3,0,5 6,1
7401,'20263010',544,,96818,3,0,5 6,1,95,,96819,3,0,5 6,1,99,,96820,3,0,5 6,1,104,,96821,3,0,5 6,1,101,,96822,3,0,5 6,1,100,,96823,3,0,5 6,1,99,,96824,3,0,5 6,1,101,,96825,3,0,5 6,1,100,,96826,3,0,5 6,1,99,,96827,3,0,5 6,1,96,,96833,3,0,5 6,1,100,,96828,3,0,5 6,1,102,,96829,3,0,5 6,1,105,,96835,3,0,5 6,1,100,,96830,3,0,5 6,1,100,,96834,3,0,5 6,1,100,,96831,3,0,5 6,1,170,,96832,3,0,5 6,1
7401,'20263510',645,,96852,3,0,5 6,1,99,,96838,3,0,5 6,1,100,,96839,3,0,5 6,1,100,,96853,3,0,5 6,1,99,,96846,3,0,5 6,1,101,,96847,3,0,5 6,1,99,,96848,3,0,5 6,1,100,,96849,3,0,5 6,1,100,,96850,3,0,5 6,1,98,,96851,3,0,5 6,1,100,,96840,3,0,5 6,1,103,,96844,3,0,5 6,1,100,,96845,3,0,5 6,1,100,,96841,3,0,5 6,1,99,,96842,3,0,5 6,1,104,,96843,3,0,5 6,1,170,,96854,3,0,5 6,1
7401,'20263511',645,,96869,3,0,5 6,1,99,,96855,3,0,5 6,1,100,,96856,3,0,5 6,1,100,,96870,3,0,5 6,1,99,,96863,3,0,5 6,1,101,,96864,3,0,5 6,1,99,,96865,3,0,5 6,1,100,,96866,3,0,5 6,1,100,,96867,3,0,5 6,1,98,,96868,3,0,5 6,1,100,,96857,3,0,5 6,1,103,,96861,3,0,5 6,1,100,,96862,3,0,5 6,1,100,,96858,3,0,5 6,1,99,,96859,3,0,5 6,1,104,,96860,3,0,5 6,1,170,,96871,3,0,5 6,1
7401,'20263610',645,,96872,3,0,5 6,1,99,,96887,3,0,5 6,1,100,,96873,3,0,5 6,1,100,,96888,3,0,5 6,1,99,,96875,3,0,5 6,1,101,,96876,3,0,5 6,1,99,,96877,3,0,5 6,1,100,,96878,3,0,5 6,1,100,,96879,3,0,5 6,1,98,,96880,3,0,5 6,1,100,,96881,3,0,5 6,1,103,,96882,3,0,5 6,1,100,,96883,3,0,5 6,1,100,,96884,3,0,5 6,1,99,,96885,3,0,5 6,1,104,,96886,3,0,5 6,1,170,,96874,3,0,5 6,1
7401,'20263611',645,,96889,3,0,5 6,1,99,,96904,3,0,5 6,1,100,,96890,3,0,5 6,1,100,,96905,3,0,5 6,1,99,,96892,3,0,5 6,1,101,,96893,3,0,5 6,1,99,,96894,3,0,5 6,1,100,,96895,3,0,5 6,1,100,,96896,3,0,5 6,1,98,,96897,3,0,5 6,1,100,,96898,3,0,5 6,1,103,,96899,3,0,5 6,1,100,,96900,3,0,5 6,1,100,,96901,3,0,5 6,1,99,,96902,3,0,5 6,1,104,,96903,3,0,5 6,1,170,,96891,3,0,5 6,1
8401,'20262010',607,,85654,3,,,1,27,,85673,3,0,5 6,1,67,,85655,3,,,1,29,,85674,3,0,5 6,1,28,,85656,3,,,1,74,,85671,3,0,5 6,1,73,,85657,3,,,1,101,,85658,3,,,1,100,,85659,3,,,1,98,,85660,3,,,1,102,,85661,3,,,1,99,,85662,3,,,1,97,,85663,3,,,1,53,,85664,3,,,1,148,,85665,3,,,1,104,,85666,3,,,1,101,,85667,3,,,1,100,,85668,3,,,1,102,,85669,3,,,1,100,,85670,3,,,1,100,,85672,3,,,1
8401,'20262510',611,,85675,3,,,1,98,,85690,3,,,1,99,,85676,3,,,1,99,,85689,3,,,1,100,,85677,3,,,1,100,,85684,3,,,1,100,,85685,3,,,1,98,,85686,3,,,1,100,,85687,3,,,1,99,,85688,3,,,1,102,,85679,3,,,1,101,,85678,3,,,1,102,,85680,3,,,1,100,,85683,3,,,1,100,,85682,3,,,1,100,,85681,3,,,1,102,,85691,3,,,1,100,,85692,3,,,1
8401,'20262610',611,,85705,3,,,1,98,,85709,3,,,1,99,,85708,3,,,1,99,,85706,3,,,1,100,,85693,3,,,1,100,,85699,3,,,1,100,,85694,3,,,1,98,,85700,3,,,1,100,,85695,3,,,1,99,,85701,3,,,1,102,,85696,3,,,1,101,,85702,3,,,1,102,,85697,3,,,1,100,,85703,3,,,1,100,,85698,3,,,1,100,,85704,3,,,1,102,,85707,3,,,1,100,,85710,3,,,1
8401,'20263010',607,,98160,3,0,5 6,1,27,,98179,3,0,5 6,1,67,,98161,3,0,5 6,1,28,,98180,3,0,5 6,1,29,,98162,3,0,5 6,1,73,,98177,3,0,5 6,1,74,,98163,3,0,5 6,1,101,,98164,3,0,5 6,1,100,,98165,3,0,5 6,1,98,,98166,3,0,5 6,1,102,,98167,3,0,5 6,1,99,,98168,3,0,5 6,1,97,,98169,3,0,5 6,1,53,,98170,3,0,5 6,1,148,,98171,3,0,5 6,1,104,,98172,3,0,5 6,1,101,,98173,3,0,5 6,1,100,,98174,3,0,5 6,1,102,,98175,3,0,5 6,1,100,,98176,3,0,5 6,1,100,,98178,3,0,5 6,1
8401,'20263510',611,,98181,3,0,5 6,1,98,,98196,3,0,5 6,1,99,,98182,3,0,5 6,1,99,,98195,3,0,5 6,1,100,,98183,3,0,5 6,1,100,,98190,3,0,5 6,1,100,,98191,3,0,5 6,1,98,,98192,3,0,5 6,1,100,,98193,3,0,5 6,1,99,,98194,3,0,5 6,1,102,,98185,3,0,5 6,1,101,,98184,3,0,5 6,1,102,,98186,3,0,5 6,1,100,,98189,3,0,5 6,1,100,,98188,3,0,5 6,1,100,,98187,3,0,5 6,1,102,,98197,3,0,5 6,1,100,,98198,3,0,5 6,1
8401,'20263511',611,,98199,3,0,5 6,1,98,,98214,3,0,5 6,1,99,,98200,3,0,5 6,1,99,,98213,3,0,5 6,1,100,,98201,3,0,5 6,1,100,,98208,3,0,5 6,1,100,,98209,3,0,5 6,1,98,,98210,3,0,5 6,1,100,,98211,3,0,5 6,1,99,,98212,3,0,5 6,1,102,,98203,3,0,5 6,1,101,,98202,3,0,5 6,1,102,,98204,3,0,5 6,1,100,,98207,3,0,5 6,1,100,,98206,3,0,5 6,1,100,,98205,3,0,5 6,1,102,,98215,3,0,5 6,1,100,,98216,3,0,5 6,1
8401,'20263610',611,,98229,3,0,5 6,1,98,,98233,3,0,5 6,1,99,,98232,3,0,5 6,1,99,,98230,3,0,5 6,1,100,,98217,3,0,5 6,1,100,,98223,3,0,5 6,1,100,,98218,3,0,5 6,1,98,,98224,3,0,5 6,1,100,,98219,3,0,5 6,1,99,,98225,3,0,5 6,1,102,,98220,3,0,5 6,1,101,,98226,3,0,5 6,1,102,,98221,3,0,5 6,1,100,,98227,3,0,5 6,1,100,,98222,3,0,5 6,1,100,,98228,3,0,5 6,1,102,,98231,3,0,5 6,1,100,,98234,3,0,5 6,1
8401,'20263611',611,,98247,3,0,5 6,1,98,,98251,3,0,5 6,1,99,,98250,3,0,5 6,1,99,,98248,3,0,5 6,1,100,,98235,3,0,5 6,1,100,,98241,3,0,5 6,1,100,,98236,3,0,5 6,1,98,,98242,3,0,5 6,1,100,,98237,3,0,5 6,1,99,,98243,3,0,5 6,1,102,,98238,3,0,5 6,1,101,,98244,3,0,5 6,1,102,,98239,3,0,5 6,1,100,,98245,3,0,5 6,1,100,,98240,3,0,5 6,1,100,,98246,3,0,5 6,1,102,,98249,3,0,5 6,1,100,,98252,3,0,5 6,1
