1102,'20262010',607,,81836,4,,,1,31,,81843,4,,,1,20,,81834,4,,,1,61,,81832,4,,,1,23,,81833,4,,,1,69,,81844,4,,,1,30,,81839,4,,,1,99,,81840,4,,,1,100,,81863,4,,,1,100,,81860,4,,,1,100,,81847,4,,,1,101,,81861,4,,,1,100,,81854,4,,,1,102,,81865,4,,,1,69,,81849,4,,,1,29,,81846,4,,,1,100,,81859,4,,,1,96,,81868,4,,,1,99,,81852,4,,,1,100,,81856,4,,,1,100,,81867,4,,,1,100,,81853,4,,,1,100,,81869,4,,,1
1102,'20262510',542,,81871,4,,,1,99,,81872,4,,,1,100,,81873,4,,,1,70,,81874,4,,,1,30,,81875,4,,,1,69,,81876,4,,,1,30,,81877,4,,,1,70,,81878,4,,,1,31,,81879,4,,,1,70,,81880,4,,,1,30,,81881,4,,,1,70,,81882,4,,,1,30,,81883,4,,,1,70,,81884,4,,,1,30,,81885,4,,,1,70,,81886,4,,,1,30,,81887,4,,,1,70,,81888,4,,,1,29,,81889,4,,,1,71,,81890,4,,,1,30,,81891,4,,,1,70,,81892,4,,,1,30,,81893,4,,,1,70,,81899,4,,,1,30,,81894,4,,,1,70,,81898,4,,,1,30,,81895,4,,,1,101,,81896,4,,,1,100,,81897,4,,,1,100,,81870,4,,,1,98,,81900,4,,,1
1102,'20262610',542,,81902,4,,,1,99,,81903,4,,,1,100,,81904,4,,,1,70,,81905,4,,,1,30,,81906,4,,,1,69,,81907,4,,,1,30,,81908,4,,,1,70,,81909,4,,,1,31,,81910,4,,,1,70,,81911,4,,,1,30,,81912,4,,,1,70,,81913,4,,,1,30,,81914,4,,,1,70,,81915,4,,,1,30,,81916,4,,,1,70,,81917,4,,,1,30,,81918,4,,,1,70,,81919,4,,,1,29,,81920,4,,,1,71,,81921,4,,,1,30,,81922,4,,,1,70,,81923,4,,,1,30,,81924,4,,,1,70,,81925,4,,,1,30,,81927,4,,,1,70,,81926,4,,,1,30,,81928,4,,,1,101,,81929,4,,,1,100,,81930,4,,,1,100,,81931,4,,,1,98,,81901,4,,,1
1102,'20263010',612,,91792,4,0,19 20,1,16,,91796,4,0,19 20,1,11,,91801,4,0,19 20,1,8,,91794,4,0,19 20,1,10,,91790,4,0,19 20,1,51,,91793,4,0,19 20,1,10,,91788,4,0,19 20,1,11,,91787,4,0,19 20,1,11,,91789,4,0,19 20,1,17,,91791,4,0,19 20,1,53,,91802,4,0,19 20,1,16,,91795,4,0,19 20,1,17,,91797,4,0,19 20,1,71,,91799,4,0,19 20,1,31,,91798,4,0,19 20,1,69,,91800,4,0,19 20,1,30,,91822,4,0,19 20,1,70,,91807,4,0,19 20,1,30,,91819,4,0,19 20,1,71,,91824,4,0,19 20,1,30,,91806,4,0,19 20,1,70,,91810,4,0,19 20,1,30,,91820,4,0,19 20,1,69,,91821,4,0,19 20,1,28,,91813,4,0,19 20,1,14,,91823,4,0,19 20,1,54,,91816,4,0,19 20,1,14,,91803,4,0,19 20,1,15,,91825,4,0,19 20,1,16,,91804,4,0,19 20,1,54,,91808,4,0,19 20,1,17,,91826,4,0,19 20,1,15,,91805,4,0,19 20,1,70,,91814,4,0,19 20,1,31,,91818,4,0,19 20,1,71,,91809,4,0,19 20,1,30,,91828,4,0,19 20,1,69,,91817,4,0,19 20,1,29,,91811,4,0,19 20,1,100,,91815,4,0,19 20,1,99,,91827,4,0,19 20,1,100,,91812,4,0,19 20,1,100,,91829,4,0,19 20,1
1102,'20263510',543,,91831,4,0,19 20,1,100,,91832,4,0,19 20,1,100,,91833,4,0,19 20,1,70,,91834,4,0,19 20,1,30,,91835,4,0,19 20,1,71,,91836,4,0,19 20,1,30,,91837,4,0,19 20,1,70,,91838,4,0,19 20,1,30,,91839,4,0,19 20,1,70,,91840,4,0,19 20,1,30,,91841,4,0,19 20,1,70,,91842,4,0,19 20,1,28,,91843,4,0,19 20,1,72,,91844,4,0,19 20,1,28,,91845,4,0,19 20,1,70,,91846,4,0,19 20,1,29,,91847,4,0,19 20,1,74,,91848,4,0,19 20,1,27,,91849,4,0,19 20,1,72,,91850,4,0,19 20,1,30,,91851,4,0,19 20,1,71,,91852,4,0,19 20,1,30,,91853,4,0,19 20,1,70,,91859,4,0,19 20,1,30,,91854,4,0,19 20,1,70,,91858,4,0,19 20,1,29,,91855,4,0,19 20,1,99,,91856,4,0,19 20,1,101,,91857,4,0,19 20,1,100,,91830,4,0,19 20,1,100,,91860,4,0,19 20,1
1102,'20263511',543,,91862,4,0,19 20,1,100,,91863,4,0,19 20,1,100,,91864,4,0,19 20,1,70,,91865,4,0,19 20,1,30,,91866,4,0,19 20,1,71,,91867,4,0,19 20,1,30,,91868,4,0,19 20,1,70,,91869,4,0,19 20,1,30,,91870,4,0,19 20,1,70,,91871,4,0,19 20,1,30,,91872,4,0,19 20,1,70,,91873,4,0,19 20,1,28,,91874,4,0,19 20,1,72,,91875,4,0,19 20,1,28,,91876,4,0,19 20,1,70,,91877,4,0,19 20,1,29,,91878,4,0,19 20,1,74,,91879,4,0,19 20,1,27,,91880,4,0,19 20,1,72,,91881,4,0,19 20,1,30,,91882,4,0,19 20,1,71,,91883,4,0,19 20,1,30,,91884,4,0,19 20,1,70,,91890,4,0,19 20,1,30,,91885,4,0,19 20,1,70,,91889,4,0,19 20,1,29,,91886,4,0,19 20,1,99,,91887,4,0,19 20,1,101,,91888,4,0,19 20,1,100,,91861,4,0,19 20,1,100,,91891,4,0,19 20,1
1102,'20263610',543,,91893,4,0,19 20,1,100,,91894,4,0,19 20,1,100,,91895,4,0,19 20,1,70,,91896,4,0,19 20,1,30,,91897,4,0,19 20,1,71,,91898,4,0,19 20,1,30,,91899,4,0,19 20,1,70,,91900,4,0,19 20,1,30,,91901,4,0,19 20,1,70,,91902,4,0,19 20,1,30,,91903,4,0,19 20,1,70,,91904,4,0,19 20,1,28,,91905,4,0,19 20,1,72,,91906,4,0,19 20,1,28,,91907,4,0,19 20,1,70,,91908,4,0,19 20,1,29,,91909,4,0,19 20,1,74,,91910,4,0,19 20,1,27,,91911,4,0,19 20,1,72,,91912,4,0,19 20,1,30,,91913,4,0,19 20,1,71,,91914,4,0,19 20,1,30,,91915,4,0,19 20,1,70,,91916,4,0,19 20,1,30,,91918,4,0,19 20,1,70,,91917,4,0,19 20,1,29,,91919,4,0,19 20,1,99,,91920,4,0,19 20,1,101,,91921,4,0,19 20,1,100,,91922,4,0,19 20,1,100,,91892,4,0,19 20,1
1102,'20263611',543,,91924,4,0,19 20,1,100,,91925,4,0,19 20,1,100,,91926,4,0,19 20,1,70,,91927,4,0,19 20,1,30,,91928,4,0,19 20,1,71,,91929,4,0,19 20,1,30,,91930,4,0,19 20,1,70,,91931,4,0,19 20,1,30,,91932,4,0,19 20,1,70,,91933,4,0,19 20,1,30,,91934,4,0,19 20,1,70,,91935,4,0,19 20,1,28,,91936,4,0,19 20,1,72,,91937,4,0,19 20,1,28,,91938,4,0,19 20,1,70,,91939,4,0,19 20,1,29,,91940,4,0,19 20,1,74,,91941,4,0,19 20,1,27,,91942,4,0,19 20,1,72,,91943,4,0,19 20,1,30,,91944,4,0,19 20,1,71,,91945,4,0,19 20,1,30,,91946,4,0,19 20,1,70,,91947,4,0,19 20,1,30,,91949,4,0,19 20,1,70,,91948,4,0,19 20,1,29,,91950,4,0,19 20,1,99,,91951,4,0,19 20,1,101,,91952,4,0,19 20,1,100,,91953,4,0,19 20,1,100,,91923,4,0,19 20,1
9003,'20262010',1544,,85866,6,,,0,65,,85867,6,,,0,32,,85868,6,,,0,70,,85869,6,,,0,30,,85870,6,,,0
9003,'20263010',1542,,98486,6,,,0,69,,98487,6,,,0,29,,98491,6,,,0,2,,98488,6,,,0,70,,98489,6,,,0,30,,98490,6,,,0
9600,'20262010',629,,86313,6,,,0,102,,86314,6,,,0,100,,86315,6,,,0,101,,86316,6,,,0,100,,86317,6,,,0,100,,86318,6,,,0,100,,86319,6,,,0,100,,86320,6,,,0,100,,86321,6,,,0,98,,86322,6,,,0,25,,86323,6,,,0,76,,86324,6,,,0,74,,86325,6,,,0,29,,86331,6,,,0,99,,86326,6,,,0,100,,86327,6,,,0,100,,86328,6,,,0,100,,86329,6,,,0,101,,86330,6,,,0
9600,'20262510',703,,86347,6,,,0,100,,86332,6,,,0,100,,86333,6,,,0,98,,86334,6,,,0,105,,86335,6,,,0,95,,86336,6,,,0,56,,86337,6,,,0,148,,86338,6,,,0,98,,86339,6,,,0,101,,86340,6,,,0,107,,86341,6,,,0,92,,86342,6,,,0,100,,86343,6,,,0,101,,86344,6,,,0,99,,86345,6,,,0,100,,86346,6,,,0
9600,'20262610',703,,86348,6,,,0,100,,86349,6,,,0,100,,86350,6,,,0,98,,86351,6,,,0,105,,86352,6,,,0,95,,86353,6,,,0,56,,86354,6,,,0,148,,86355,6,,,0,98,,86356,6,,,0,101,,86357,6,,,0,107,,86358,6,,,0,92,,86359,6,,,0,100,,86360,6,,,0,101,,86361,6,,,0,99,,86362,6,,,0,100,,86363,6,,,0
9600,'20263010',634,,99314,6,,,0,100,,99315,6,,,0,102,,99316,6,,,0,100,,99317,6,,,0,100,,99318,6,,,0,99,,99319,6,,,0,100,,99320,6,,,0,100,,99321,6,,,0,99,,99322,6,,,0,98,,99323,6,,,0,27,,99324,6,,,0,78,,99325,6,,,0,67,,99326,6,,,0,31,,99332,6,,,0,100,,99327,6,,,0,100,,99328,6,,,0,100,,99329,6,,,0,101,,99330,6,,,0,100,,99331,6,,,0
9600,'20263510',703,,99348,6,,,0,100,,99333,6,,,0,100,,99334,6,,,0,99,,99335,6,,,0,100,,99336,6,,,0,56,,99337,6,,,0,100,,99338,6,,,0,148,,99339,6,,,0,96,,99340,6,,,0,56,,99341,6,,,0,150,,99342,6,,,0,95,,99343,6,,,0,100,,99344,6,,,0,100,,99345,6,,,0,100,,99346,6,,,0,100,,99347,6,,,0
9600,'20263511',703,,99364,6,,,0,100,,99349,6,,,0,100,,99350,6,,,0,99,,99351,6,,,0,100,,99352,6,,,0,56,,99353,6,,,0,100,,99354,6,,,0,148,,99355,6,,,0,96,,99356,6,,,0,56,,99357,6,,,0,150,,99358,6,,,0,95,,99359,6,,,0,100,,99360,6,,,0,100,,99361,6,,,0,100,,99362,6,,,0,100,,99363,6,,,0
9600,'20263610',703,,99365,6,,,0,100,,99366,6,,,0,100,,99367,6,,,0,99,,99368,6,,,0,100,,99369,6,,,0,56,,99370,6,,,0,100,,99371,6,,,0,148,,99372,6,,,0,96,,99373,6,,,0,56,,99374,6,,,0,150,,99375,6,,,0,95,,99376,6,,,0,100,,99377,6,,,0,100,,99378,6,,,0,100,,99379,6,,,0,100,,99380,6,,,0
9600,'20263611',703,,99381,6,,,0,100,,99382,6,,,0,100,,99383,6,,,0,99,,99384,6,,,0,100,,99385,6,,,0,56,,99386,6,,,0,100,,99387,6,,,0,148,,99388,6,,,0,96,,99389,6,,,0,56,,99390,6,,,0,150,,99391,6,,,0,95,,99392,6,,,0,100,,99393,6,,,0,100,,99394,6,,,0,100,,99395,6,,,0,100,,99396,6,,,0
99103,'20262010',2606,,90495,32,,,0,130,,90496,32,,,0
99103,'20262510',2606,,90497,32,,,0,130,,90498,32,,,0
99103,'20263010',2607,,106122,33,,,0,130,,106123,33,,,0
99103,'20263510',2607,,106124,33,,,0,130,,106125,33,,,0
99103,'20263511',2607,,106126,33,,,0,130,,106127,33,,,0
