5600,'20262010',625,,83841,1,,,0,26,,83839,1,,,0,74,,83840,1,,,0
5600,'20263010',624,,95028,1,,,0,28,,95026,1,,,0,71,,95027,1,,,0
5700,'20262010',753,,83845,1,,,0,101,,83846,1,,,0,101,,83847,1,,,0,101,,83848,1,,,0,100,,83849,1,,,0,101,,83850,1,,,0,101,,83851,1,,,0,101,,83852,1,,,0,97,,83853,1,,,0,78,,83854,1,,,0,74,,83855,1,,,0,25,,83856,1,,,0,67,,83863,1,,,0,32,,83862,1,,,0,98,,83857,1,,,0,101,,83858,1,,,0,101,,83859,1,,,0,101,,83860,1,,,0,99,,83861,1,,,0
5700,'20262510',700,,83864,1,,,0,100,,83865,1,,,0,100,,83866,1,,,0,101,,83867,1,,,0,100,,83868,1,,,0,58,,83869,1,,,0,141,,83870,1,,,0,57,,83871,1,,,0,97,,83872,1,,,0,104,,83873,1,,,0,144,,83874,1,,,0,98,,83875,1,,,0,100,,83876,1,,,0,100,,83877,1,,,0,100,,83878,1,,,0,101,,83879,1,,,0,100,,83880,1,,,0
5700,'20262610',700,,83896,1,,,0,100,,83884,1,,,0,100,,83892,1,,,0,101,,83886,1,,,0,100,,83893,1,,,0,58,,83881,1,,,0,141,,83890,1,,,0,57,,83887,1,,,0,97,,83888,1,,,0,104,,83883,1,,,0,144,,83897,1,,,0,98,,83894,1,,,0,100,,83889,1,,,0,100,,83895,1,,,0,100,,83885,1,,,0,101,,83891,1,,,0,100,,83882,1,,,0
5700,'20263010',758,,95032,1,,,0,98,,95033,1,,,0,100,,95034,1,,,0,100,,95035,1,,,0,100,,95036,1,,,0,101,,95037,1,,,0,101,,95038,1,,,0,101,,95039,1,,,0,93,,95040,1,,,0,80,,95041,1,,,0,76,,95042,1,,,0,24,,95043,1,,,0,68,,95050,1,,,0,33,,95049,1,,,0,98,,95044,1,,,0,100,,95045,1,,,0,101,,95046,1,,,0,101,,95047,1,,,0,99,,95048,1,,,0
5700,'20263510',700,,95051,1,,,0,100,,95052,1,,,0,100,,95053,1,,,0,101,,95054,1,,,0,100,,95055,1,,,0,57,,95056,1,,,0,98,,95057,1,,,0,98,,95058,1,,,0,98,,95059,1,,,0,103,,95060,1,,,0,148,,95061,1,,,0,97,,95062,1,,,0,100,,95063,1,,,0,100,,95064,1,,,0,100,,95065,1,,,0,101,,95066,1,,,0,100,,95067,1,,,0
5700,'20263511',700,,95068,1,,,0,100,,95069,1,,,0,100,,95070,1,,,0,101,,95071,1,,,0,100,,95072,1,,,0,57,,95073,1,,,0,98,,95074,1,,,0,98,,95075,1,,,0,98,,95076,1,,,0,103,,95077,1,,,0,148,,95078,1,,,0,97,,95079,1,,,0,100,,95080,1,,,0,100,,95081,1,,,0,100,,95082,1,,,0,101,,95083,1,,,0,100,,95084,1,,,0
5700,'20263610',700,,95092,1,,,0,100,,95094,1,,,0,100,,95097,1,,,0,101,,95095,1,,,0,100,,95098,1,,,0,57,,95085,1,,,0,98,,95091,1,,,0,98,,95099,1,,,0,98,,95088,1,,,0,103,,95090,1,,,0,148,,95087,1,,,0,97,,95096,1,,,0,100,,95093,1,,,0,100,,95086,1,,,0,100,,95100,1,,,0,101,,95089,1,,,0,100,,95101,1,,,0
5700,'20263611',700,,95109,1,,,0,100,,95111,1,,,0,100,,95114,1,,,0,101,,95112,1,,,0,100,,95115,1,,,0,57,,95102,1,,,0,98,,95108,1,,,0,98,,95116,1,,,0,98,,95105,1,,,0,103,,95107,1,,,0,148,,95104,1,,,0,97,,95113,1,,,0,100,,95110,1,,,0,100,,95103,1,,,0,100,,95117,1,,,0,101,,95106,1,,,0,100,,95118,1,,,0
