5102,'20262010',648,,66310,25,4,,0,105,,66311,25,4,,0,95,,66312,25,4,,0,100,,66313,25,4,,0,101,,66314,25,4,,0,99,,66315,25,4,,0,99,,66316,25,4,,0,100,,66317,25,4,,0,100,,66318,25,4,,0,101,,66324,25,4,,0,104,,66325,25,4,,0,95,,66326,25,4,,0,100,,66319,25,4,,0,100,,66320,25,4,,0,100,,66321,25,4,,0,101,,66322,25,4,,0,100,,66323,25,4,,0,100,,66327,25,4,,0
5102,'20262011',648,,66328,25,4,,0,105,,66329,25,4,,0,95,,66330,25,4,,0,100,,66331,25,4,,0,101,,66332,25,4,,0,99,,66333,25,4,,0,99,,66334,25,4,,0,100,,66335,25,4,,0,100,,66336,25,4,,0,101,,66342,25,4,,0,104,,66343,25,4,,0,95,,66344,25,4,,0,100,,66337,25,4,,0,100,,66338,25,4,,0,100,,66339,25,4,,0,101,,66340,25,4,,0,100,,66341,25,4,,0,100,,66345,25,4,,0
5102,'20262510',751,,66346,25,4,,0,100,,66347,25,4,,0,100,,66348,25,4,,0,100,,66349,25,4,,0,101,,66350,25,4,,0,100,,66351,25,4,,0,101,,66352,25,4,,0,100,,66353,25,4,,0,100,,66354,25,4,,0,104,,66355,25,4,,0,144,,66356,25,4,,0,49,,66357,25,4,,0,101,,66358,25,4,,0,100,,66359,25,4,,0,100,,66360,25,4,,0,100,,66361,25,4,,0,100,,66362,25,4,,0
5102,'20262511',751,,66363,25,4,,0,100,,66364,25,4,,0,100,,66365,25,4,,0,100,,66366,25,4,,0,101,,66367,25,4,,0,100,,66368,25,4,,0,101,,66369,25,4,,0,100,,66370,25,4,,0,100,,66371,25,4,,0,104,,66372,25,4,,0,144,,66373,25,4,,0,49,,66374,25,4,,0,101,,66375,25,4,,0,100,,66376,25,4,,0,100,,66377,25,4,,0,100,,66378,25,4,,0,100,,66379,25,4,,0
5102,'20262610',751,,66396,25,4,,0,100,,66395,25,4,,0,100,,66380,25,4,,0,100,,66381,25,4,,0,101,,66382,25,4,,0,100,,66383,25,4,,0,101,,66384,25,4,,0,100,,66385,25,4,,0,100,,66386,25,4,,0,104,,66387,25,4,,0,144,,66388,25,4,,0,49,,66389,25,4,,0,101,,66390,25,4,,0,100,,66391,25,4,,0,100,,66392,25,4,,0,100,,66393,25,4,,0,100,,66394,25,4,,0
5102,'20262611',751,,66413,25,4,,0,100,,66412,25,4,,0,100,,66397,25,4,,0,100,,66398,25,4,,0,101,,66399,25,4,,0,100,,66400,25,4,,0,101,,66401,25,4,,0,100,,66402,25,4,,0,100,,66403,25,4,,0,104,,66404,25,4,,0,144,,66405,25,4,,0,49,,66406,25,4,,0,101,,66407,25,4,,0,100,,66408,25,4,,0,100,,66409,25,4,,0,100,,66410,25,4,,0,100,,66411,25,4,,0
5103,'20262010',551,,66414,1,,,0,101,,66415,1,,,0,105,,66416,1,,,0,95,,66417,1,,,0,100,,66418,1,,,0,101,,66419,1,,,0,99,,66420,1,,,0,100,,66421,1,,,0,100,,66422,1,,,0,100,,66423,1,,,0,101,,66424,1,,,0,104,,66425,1,,,0,95,,66426,1,,,0,100,,66427,1,,,0,100,,66428,1,,,0,100,,66429,1,,,0,100,,66430,1,,,0,100,,66431,1,,,0
5103,'20262011',551,,66432,1,,,0,101,,66433,1,,,0,105,,66434,1,,,0,95,,66435,1,,,0,100,,66436,1,,,0,101,,66437,1,,,0,99,,66438,1,,,0,100,,66439,1,,,0,100,,66440,1,,,0,100,,66441,1,,,0,101,,66442,1,,,0,104,,66443,1,,,0,95,,66444,1,,,0,100,,66445,1,,,0,100,,66446,1,,,0,100,,66447,1,,,0,100,,66448,1,,,0,100,,66449,1,,,0
5103,'20262510',655,,66466,1,,,0,100,,66450,1,,,0,100,,66451,1,,,0,100,,66452,1,,,0,100,,66453,1,,,0,101,,66454,1,,,0,100,,66455,1,,,0,101,,66456,1,,,0,100,,66457,1,,,0,100,,66458,1,,,0,144,,66459,1,,,0,56,,66460,1,,,0,97,,66461,1,,,0,101,,66462,1,,,0,100,,66463,1,,,0,100,,66464,1,,,0,100,,66465,1,,,0
5103,'20262511',655,,66483,1,,,0,100,,66467,1,,,0,100,,66468,1,,,0,100,,66469,1,,,0,100,,66470,1,,,0,101,,66471,1,,,0,100,,66472,1,,,0,101,,66473,1,,,0,100,,66474,1,,,0,100,,66475,1,,,0,144,,66476,1,,,0,56,,66477,1,,,0,97,,66478,1,,,0,101,,66479,1,,,0,100,,66480,1,,,0,100,,66481,1,,,0,100,,66482,1,,,0
5103,'20262610',655,,66500,1,,,0,100,,66484,1,,,0,100,,66485,1,,,0,100,,66486,1,,,0,100,,66487,1,,,0,101,,66488,1,,,0,100,,66489,1,,,0,101,,66490,1,,,0,100,,66491,1,,,0,100,,66492,1,,,0,144,,66493,1,,,0,56,,66494,1,,,0,97,,66495,1,,,0,101,,66496,1,,,0,100,,66497,1,,,0,100,,66498,1,,,0,100,,66499,1,,,0
5103,'20262611',655,,66517,1,,,0,100,,66501,1,,,0,100,,66502,1,,,0,100,,66503,1,,,0,100,,66504,1,,,0,101,,66505,1,,,0,100,,66506,1,,,0,101,,66507,1,,,0,100,,66508,1,,,0,100,,66509,1,,,0,144,,66510,1,,,0,56,,66511,1,,,0,97,,66512,1,,,0,101,,66513,1,,,0,100,,66514,1,,,0,100,,66515,1,,,0,100,,66516,1,,,0
25100,'20262010',1605,,72870,25,4,,0,30,,72871,25,4,,0,69,,72872,25,4,,0,30,,72873,25,4,,0
25100,'20262011',1605,,72874,25,4,,0,30,,72875,25,4,,0,69,,72876,25,4,,0,30,,72877,25,4,,0
25101,'20262010',653,,72878,1,,,0,70,,72879,1,,,0,30,,72880,1,,,0
25101,'20262011',653,,72881,1,,,0,70,,72882,1,,,0,30,,72883,1,,,0
