2801,'20262010',602,,82671,17,,,0,30,,82672,17,,,0,69,,82673,17,,,0,17,,82674,17,,,0,14,,82675,17,,,0,21,,82676,17,,,0,55,,82677,17,,,0,28,,82678,17,,,0,68,,82679,17,,,0,30,,82680,19,,,0,72,,82681,19,,,0,30,,82682,19,,,0,70,,82683,19,,,0,30,,82684,19,,,0,70,,82685,19,,,0,31,,82686,19,,,0,69,,82687,19,,,0,31,,82688,19,,,0,69,,82689,19,,,0,31,,82690,19,,,0,69,,82691,19,,,0,26,,82700,17,,,0,72,,82701,17,,,0,31,,82702,17,,,0,69,,82703,17,,,0,31,,82704,17,,,0,69,,82705,17,,,0,31,,82692,17,,,0,69,,82693,17,,,0,30,,82694,17,,,0,70,,82695,17,,,0,102,,82696,17,,,0,98,,82697,17,,,0,98,,82698,17,,,0,99,,82699,17,,,0
2801,'20262510',633,,82706,17,,,0,71,,82720,17,,,0,31,,82707,17,,,0,70,,82721,17,,,0,30,,82708,17,,,0,70,,82722,17,,,0,30,,82709,17,,,0,71,,82723,17,,,0,31,,82710,17,,,0,69,,82724,17,,,0,31,,82711,17,,,0,70,,82725,19,,,0,32,,82714,19,,,0,70,,82726,19,,,0,27,,82715,19,,,0,73,,82727,19,,,0,30,,82716,19,,,0,73,,82728,19,,,0,29,,82717,19,,,0,68,,82729,19,,,0,24,,82718,19,,,0,75,,82730,19,,,0,32,,82719,19,,,0,70,,82732,19,,,0,28,,82712,17,,,0,70,,82733,17,,,0,29,,82713,17,,,0,68,,82734,17,,,0,100,,82731,17,,,0,100,,82735,17,,,0,99,,82736,17,,,0,101,,82737,17,,,0
2801,'20262610',633,,82738,17,,,0,71,,82752,17,,,0,31,,82739,17,,,0,70,,82753,17,,,0,30,,82740,17,,,0,70,,82754,17,,,0,30,,82741,17,,,0,71,,82755,17,,,0,31,,82742,17,,,0,69,,82756,17,,,0,31,,82743,17,,,0,70,,82757,19,,,0,32,,82746,19,,,0,70,,82759,19,,,0,27,,82747,19,,,0,73,,82760,19,,,0,30,,82748,19,,,0,73,,82761,19,,,0,29,,82749,19,,,0,68,,82758,19,,,0,24,,82750,19,,,0,75,,82762,19,,,0,32,,82751,19,,,0,70,,82763,19,,,0,28,,82744,17,,,0,70,,82764,17,,,0,29,,82745,17,,,0,68,,82765,17,,,0,100,,82766,17,,,0,100,,82767,17,,,0,99,,82768,17,,,0,101,,82769,17,,,0
2801,'20263010',602,,93143,15,,,0,30,,93144,15,,,0,68,,93145,15,,,0,17,,93146,15,,,0,15,,93147,15,,,0,11,,93184,15,,,0,11,,93148,15,,,0,53,,93149,15,,,0,14,,93150,15,,,0,14,,93151,15,,,0,13,,93153,15,,,0,55,,93154,15,,,0,31,,93155,17,,,0,70,,93152,17,,,0,30,,93156,17,,,0,70,,93158,17,,,0,30,,93159,17,,,0,71,,93160,17,,,0,31,,93157,17,,,0,69,,93161,17,,,0,31,,93162,17,,,0,69,,93163,17,,,0,31,,93164,17,,,0,69,,93165,17,,,0,28,,93179,15,,,0,73,,93180,15,,,0,29,,93177,15,,,0,74,,93181,15,,,0,25,,93182,15,,,0,70,,93183,15,,,0,29,,93166,15,,,0,69,,93168,15,,,0,31,,93169,15,,,0,70,,93170,15,,,0,31,,93167,15,,,0,71,,93171,15,,,0,31,,93172,15,,,0,67,,93173,15,,,0,29,,93174,15,,,0,69,,93175,15,,,0,29,,93176,15,,,0,70,,93178,15,,,0
2801,'20263510',633,,93185,15,,,0,71,,93199,15,,,0,31,,93186,15,,,0,70,,93200,15,,,0,30,,93187,15,,,0,70,,93201,15,,,0,30,,93188,15,,,0,71,,93202,15,,,0,31,,93189,15,,,0,69,,93203,15,,,0,31,,93190,15,,,0,70,,93204,17,,,0,31,,93193,17,,,0,69,,93205,17,,,0,27,,93194,17,,,0,71,,93206,17,,,0,34,,93195,17,,,0,76,,93207,17,,,0,25,,93196,17,,,0,72,,93208,17,,,0,25,,93197,17,,,0,72,,93209,17,,,0,33,,93198,17,,,0,68,,93211,17,,,0,28,,93191,15,,,0,70,,93212,15,,,0,29,,93192,15,,,0,68,,93213,15,,,0,100,,93210,15,,,0,100,,93214,15,,,0,99,,93215,15,,,0,101,,93216,15,,,0
2801,'20263511',633,,93217,15,,,0,71,,93231,15,,,0,31,,93218,15,,,0,70,,93232,15,,,0,30,,93219,15,,,0,70,,93233,15,,,0,30,,93220,15,,,0,71,,93234,15,,,0,31,,93221,15,,,0,69,,93235,15,,,0,31,,93222,15,,,0,70,,93236,17,,,0,31,,93225,17,,,0,69,,93237,17,,,0,27,,93226,17,,,0,71,,93238,17,,,0,34,,93227,17,,,0,76,,93239,17,,,0,25,,93228,17,,,0,72,,93240,17,,,0,25,,93229,17,,,0,72,,93241,17,,,0,33,,93230,17,,,0,68,,93243,17,,,0,28,,93223,15,,,0,70,,93244,15,,,0,29,,93224,15,,,0,68,,93245,15,,,0,100,,93242,15,,,0,100,,93246,15,,,0,99,,93247,15,,,0,101,,93248,15,,,0
2801,'20263610',633,,93249,15,,,0,71,,93263,15,,,0,31,,93250,15,,,0,70,,93265,15,,,0,30,,93251,15,,,0,70,,93266,15,,,0,30,,93252,15,,,0,71,,93267,15,,,0,31,,93253,15,,,0,69,,93264,15,,,0,31,,93254,15,,,0,70,,93268,17,,,0,31,,93258,17,,,0,69,,93271,17,,,0,27,,93259,17,,,0,71,,93272,17,,,0,34,,93260,17,,,0,76,,93269,17,,,0,25,,93257,17,,,0,72,,93270,17,,,0,25,,93261,17,,,0,72,,93273,17,,,0,33,,93262,17,,,0,68,,93274,17,,,0,28,,93255,15,,,0,70,,93276,15,,,0,29,,93256,15,,,0,68,,93277,15,,,0,100,,93278,15,,,0,100,,93275,15,,,0,99,,93279,15,,,0,101,,93280,15,,,0
2801,'20263611',633,,93281,15,,,0,71,,93295,15,,,0,31,,93282,15,,,0,70,,93297,15,,,0,30,,93283,15,,,0,70,,93298,15,,,0,30,,93284,15,,,0,71,,93299,15,,,0,31,,93285,15,,,0,69,,93296,15,,,0,31,,93286,15,,,0,70,,93300,17,,,0,31,,93290,17,,,0,69,,93303,17,,,0,27,,93291,17,,,0,71,,93304,17,,,0,34,,93292,17,,,0,76,,93301,17,,,0,25,,93289,17,,,0,72,,93302,17,,,0,25,,93293,17,,,0,72,,93305,17,,,0,33,,93294,17,,,0,68,,93306,17,,,0,28,,93287,15,,,0,70,,93308,15,,,0,29,,93288,15,,,0,68,,93309,15,,,0,100,,93310,15,,,0,100,,93307,15,,,0,99,,93311,15,,,0,101,,93312,15,,,0
3601,'20262010',650,,83064,80,0,16 17,0,71,,83065,80,0,16 17,0,31,,83066,80,0,16 17,0,70,,83067,80,0,16 17,0,28,,83068,80,0,16 17,0,100,,83069,80,0,16 17,0,100,,83070,80,0,16 17,0,100,,83071,80,0,16 17,0,100,,83072,80,0,16 17,0,100,,83073,80,0,16 17,0,100,,83074,80,0,16 17,0,101,,83075,80,0,16 17,0,100,,83076,80,0,16 17,0,100,,83077,80,0,16 17,0,99,,83078,80,0,16 17,0,98,,83079,80,0,16 17,0,100,,83080,80,0,16 17,0,99,,83081,80,0,16 17,0,100,,83083,80,0,16 17,0,100,,83082,80,0,16 17,0
3601,'20262510',648,,83101,80,0,16 17,0,101,,83084,80,0,16 17,0,100,,83085,80,0,16 17,0,100,,83086,80,0,16 17,0,100,,83087,80,0,16 17,0,100,,83088,80,0,16 17,0,100,,83089,80,0,16 17,0,100,,83090,80,0,16 17,0,100,,83091,80,0,16 17,0,100,,83092,80,0,16 17,0,100,,83093,80,0,16 17,0,100,,83094,80,0,16 17,0,99,,83095,80,0,16 17,0,100,,83096,80,0,16 17,0,100,,83100,80,0,16 17,0,100,,83097,80,0,16 17,0,100,,83099,80,0,16 17,0,100,,83098,80,0,16 17,0
3601,'20262610',648,,83119,80,0,16 17,0,101,,83112,80,0,16 17,0,100,,83117,80,0,16 17,0,100,,83111,80,0,16 17,0,100,,83110,80,0,16 17,0,100,,83109,80,0,16 17,0,100,,83108,80,0,16 17,0,100,,83107,80,0,16 17,0,100,,83106,80,0,16 17,0,100,,83105,80,0,16 17,0,100,,83104,80,0,16 17,0,100,,83103,80,0,16 17,0,99,,83102,80,0,16 17,0,100,,83116,80,0,16 17,0,100,,83118,80,0,16 17,0,100,,83115,80,0,16 17,0,100,,83114,80,0,16 17,0,100,,83113,80,0,16 17,0
3601,'20263010',651,,93754,77,0,5 6,0,72,,93755,77,0,5 6,0,32,,93756,77,0,5 6,0,70,,93757,77,0,5 6,0,28,,93758,77,0,5 6,0,99,,93759,77,0,5 6,0,100,,93760,77,0,5 6,0,100,,93761,77,0,5 6,0,100,,93762,77,0,5 6,0,100,,93763,77,0,5 6,0,100,,93764,77,0,5 6,0,100,,93765,77,0,5 6,0,103,,93766,77,0,5 6,0,97,,93767,77,0,5 6,0,99,,93768,77,0,5 6,0,99,,93769,77,0,5 6,0,99,,93770,77,0,5 6,0,100,,93771,77,0,5 6,0,99,,93773,77,0,5 6,0,100,,93772,77,0,5 6,0
3601,'20263510',648,,93791,77,0,5 6,0,101,,93774,77,0,5 6,0,100,,93775,77,0,5 6,0,101,,93776,77,0,5 6,0,100,,93777,77,0,5 6,0,100,,93778,77,0,5 6,0,100,,93779,77,0,5 6,0,100,,93780,77,0,5 6,0,100,,93781,77,0,5 6,0,100,,93782,77,0,5 6,0,100,,93783,77,0,5 6,0,99,,93784,77,0,5 6,0,99,,93785,77,0,5 6,0,100,,93786,77,0,5 6,0,100,,93790,77,0,5 6,0,100,,93787,77,0,5 6,0,100,,93789,77,0,5 6,0,100,,93788,77,0,5 6,0
3601,'20263511',648,,93809,77,0,5 6,0,101,,93792,77,0,5 6,0,100,,93793,77,0,5 6,0,101,,93794,77,0,5 6,0,100,,93795,77,0,5 6,0,100,,93796,77,0,5 6,0,100,,93797,77,0,5 6,0,100,,93798,77,0,5 6,0,100,,93799,77,0,5 6,0,100,,93800,77,0,5 6,0,100,,93801,77,0,5 6,0,99,,93802,77,0,5 6,0,99,,93803,77,0,5 6,0,100,,93804,77,0,5 6,0,100,,93808,77,0,5 6,0,100,,93805,77,0,5 6,0,100,,93807,77,0,5 6,0,100,,93806,77,0,5 6,0
3601,'20263610',648,,93827,77,0,5 6,0,101,,93820,77,0,5 6,0,100,,93825,77,0,5 6,0,101,,93819,77,0,5 6,0,100,,93818,77,0,5 6,0,100,,93817,77,0,5 6,0,100,,93816,77,0,5 6,0,100,,93815,77,0,5 6,0,100,,93814,77,0,5 6,0,100,,93813,77,0,5 6,0,100,,93812,77,0,5 6,0,99,,93811,77,0,5 6,0,99,,93810,77,0,5 6,0,100,,93824,77,0,5 6,0,100,,93826,77,0,5 6,0,100,,93823,77,0,5 6,0,100,,93822,77,0,5 6,0,100,,93821,77,0,5 6,0
3601,'20263611',648,,93845,77,0,5 6,0,101,,93838,77,0,5 6,0,100,,93843,77,0,5 6,0,101,,93837,77,0,5 6,0,100,,93836,77,0,5 6,0,100,,93835,77,0,5 6,0,100,,93834,77,0,5 6,0,100,,93833,77,0,5 6,0,100,,93832,77,0,5 6,0,100,,93831,77,0,5 6,0,100,,93830,77,0,5 6,0,99,,93829,77,0,5 6,0,99,,93828,77,0,5 6,0,100,,93842,77,0,5 6,0,100,,93844,77,0,5 6,0,100,,93841,77,0,5 6,0,100,,93840,77,0,5 6,0,100,,93839,77,0,5 6,0
