1303,'20262010',654,,64238,10,,,0,101,,64239,10,,,0,71,,64240,10,,,0,102,,64241,10,,,0,100,,64242,10,,,0,100,,64243,10,,,0,100,,64244,10,,,0,99,,64245,10,,,0,99,,64246,10,,,0,100,,64247,10,,,0,30,,64256,10,,,0,72,,64248,10,,,0,30,,64257,10,,,0,79,,64249,10,,,0,66,,64258,10,,,0,29,,64250,10,,,0,94,,64251,10,,,0,99,,64252,10,,,0,99,,64253,10,,,0,100,,64254,10,,,0,98,,64255,10,,,0
1303,'20262011',654,,64259,10,,,0,101,,64260,10,,,0,71,,64261,10,,,0,102,,64262,10,,,0,100,,64263,10,,,0,100,,64264,10,,,0,100,,64265,10,,,0,99,,64266,10,,,0,99,,64267,10,,,0,100,,64268,10,,,0,30,,64277,10,,,0,72,,64269,10,,,0,30,,64278,10,,,0,79,,64270,10,,,0,66,,64279,10,,,0,29,,64271,10,,,0,94,,64272,10,,,0,99,,64273,10,,,0,99,,64274,10,,,0,100,,64275,10,,,0,98,,64276,10,,,0
1303,'20262510',801,,64281,10,,,0,102,,64282,10,,,0,102,,64283,10,,,0,102,,64284,10,,,0,102,,64285,10,,,0,102,,64286,10,,,0,101,,64287,10,,,0,101,,64288,10,,,0,100,,64289,10,,,0,100,,64290,10,,,0,98,,64291,10,,,0,98,,64292,10,,,0,98,,64293,10,,,0,98,,64294,10,,,0,98,,64295,10,,,0,98,,64280,10,,,0
1303,'20262511',801,,64297,10,,,0,102,,64298,10,,,0,102,,64299,10,,,0,102,,64300,10,,,0,102,,64301,10,,,0,102,,64302,10,,,0,101,,64303,10,,,0,101,,64304,10,,,0,100,,64305,10,,,0,100,,64306,10,,,0,98,,64307,10,,,0,98,,64308,10,,,0,98,,64309,10,,,0,98,,64310,10,,,0,98,,64311,10,,,0,98,,64296,10,,,0
1303,'20262610',801,,64312,10,,,0,102,,64313,10,,,0,102,,64314,10,,,0,102,,64315,10,,,0,102,,64316,10,,,0,102,,64317,10,,,0,101,,64318,10,,,0,101,,64319,10,,,0,100,,64320,10,,,0,100,,64321,10,,,0,98,,64322,10,,,0,98,,64323,10,,,0,98,,64324,10,,,0,98,,64325,10,,,0,98,,64326,10,,,0,98,,64327,10,,,0
1303,'20262611',801,,64328,10,,,0,102,,64329,10,,,0,102,,64330,10,,,0,102,,64331,10,,,0,102,,64332,10,,,0,102,,64333,10,,,0,101,,64334,10,,,0,101,,64335,10,,,0,100,,64336,10,,,0,100,,64337,10,,,0,98,,64338,10,,,0,98,,64339,10,,,0,98,,64340,10,,,0,98,,64341,10,,,0,98,,64342,10,,,0,98,,64343,10,,,0
7600,'20262010',523,,69654,14,,,1,97,,69655,14,,,1,98,,69656,14,,,1,36,,69657,14,,,1,72,,69678,14,,,1,30,,69658,14,,,1,72,,69659,14,,,1,96,,69660,14,,,1,99,,69661,14,,,1,98,,69662,14,,,1,32,,69663,14,,,1,66,,69664,14,,,1,31,,69665,14,,,1,100,,69666,14,,,1,96,,69667,14,,,1,74,,69668,14,,,1,37,,69669,14,,,1,81,,69670,14,,,1,67,,69671,14,,,1,25,,69672,14,,,1,93,,69673,14,,,1,103,,69674,14,,,1,97,,69675,14,,,1,97,,69676,14,,,1,99,,69677,14,,,1
7600,'20262011',523,,69679,14,,,1,97,,69680,14,,,1,98,,69681,14,,,1,36,,69682,14,,,1,72,,69703,14,,,1,30,,69683,14,,,1,72,,69684,14,,,1,96,,69685,14,,,1,99,,69686,14,,,1,98,,69687,14,,,1,32,,69688,14,,,1,66,,69689,14,,,1,31,,69690,14,,,1,100,,69691,14,,,1,96,,69692,14,,,1,74,,69693,14,,,1,37,,69694,14,,,1,81,,69695,14,,,1,67,,69696,14,,,1,25,,69697,14,,,1,93,,69698,14,,,1,103,,69699,14,,,1,97,,69700,14,,,1,97,,69701,14,,,1,99,,69702,14,,,1
7600,'20262510',600,,69720,14,,,1,30,,69723,14,,,1,70,,69729,14,,,1,28,,69722,14,,,1,73,,69704,14,,,1,30,,69724,14,,,1,72,,69705,14,,,1,101,,69706,14,,,1,103,,69707,14,,,1,100,,69708,14,,,1,24,,69725,14,,,1,80,,69709,14,,,1,31,,69726,14,,,1,16,,69710,14,,,1,155,,69711,14,,,1,102,,69712,14,,,1,29,,69727,14,,,1,70,,69713,14,,,1,31,,69728,14,,,1,67,,69714,14,,,1,27,,69721,14,,,1,69,,69715,14,,,1,98,,69716,14,,,1,97,,69717,14,,,1,100,,69718,14,,,1,98,,69719,14,,,1
7600,'20262511',600,,69746,14,,,1,30,,69749,14,,,1,70,,69755,14,,,1,28,,69748,14,,,1,73,,69730,14,,,1,30,,69750,14,,,1,72,,69731,14,,,1,101,,69732,14,,,1,103,,69733,14,,,1,100,,69734,14,,,1,24,,69751,14,,,1,80,,69735,14,,,1,31,,69752,14,,,1,16,,69736,14,,,1,155,,69737,14,,,1,102,,69738,14,,,1,29,,69753,14,,,1,70,,69739,14,,,1,31,,69754,14,,,1,67,,69740,14,,,1,27,,69747,14,,,1,69,,69741,14,,,1,98,,69742,14,,,1,97,,69743,14,,,1,100,,69744,14,,,1,98,,69745,14,,,1
7600,'20262610',600,,69773,14,,,1,30,,69774,14,,,1,70,,69756,14,,,1,28,,69775,14,,,1,73,,69757,14,,,1,30,,69776,14,,,1,72,,69758,14,,,1,101,,69759,14,,,1,103,,69760,14,,,1,100,,69761,14,,,1,24,,69777,14,,,1,80,,69762,14,,,1,31,,69778,14,,,1,16,,69763,14,,,1,155,,69764,14,,,1,102,,69765,14,,,1,29,,69779,14,,,1,70,,69766,14,,,1,31,,69780,14,,,1,67,,69767,14,,,1,27,,69781,14,,,1,69,,69768,14,,,1,98,,69769,14,,,1,97,,69770,14,,,1,100,,69771,14,,,1,98,,69772,14,,,1
7600,'20262611',600,,69799,14,,,1,30,,69800,14,,,1,70,,69782,14,,,1,28,,69801,14,,,1,73,,69783,14,,,1,30,,69802,14,,,1,72,,69784,14,,,1,101,,69785,14,,,1,103,,69786,14,,,1,100,,69787,14,,,1,24,,69803,14,,,1,80,,69788,14,,,1,31,,69804,14,,,1,16,,69789,14,,,1,155,,69790,14,,,1,102,,69791,14,,,1,29,,69805,14,,,1,70,,69792,14,,,1,31,,69806,14,,,1,67,,69793,14,,,1,27,,69807,14,,,1,69,,69794,14,,,1,98,,69795,14,,,1,97,,69796,14,,,1,100,,69797,14,,,1,98,,69798,14,,,1
