8801,'20260407',658,,208981,14,,,0,42,,208982,14,,,0,31,,208983,14,,,0,70,,208984,14,,,0,30,,208985,14,,,0,169,,208986,14,,,0,531,,208987,14,,,0,70,,208988,14,,,0,100,,208989,14,,,0,128,,208990,14,,,0
8801,'20260408',658,,208991,14,,,0,42,,208992,14,,,0,31,,208993,14,,,0,70,,208994,14,,,0,30,,208995,14,,,0,169,,208996,14,,,0,531,,208997,14,,,0,70,,208998,14,,,0,100,,208999,14,,,0,128,,209000,14,,,0
8801,'20260409',658,,209001,14,,,0,42,,209002,14,,,0,31,,209003,14,,,0,70,,209004,14,,,0,30,,209005,14,,,0,169,,209006,14,,,0,531,,209007,14,,,0,70,,209008,14,,,0,100,,209009,14,,,0,128,,209010,14,,,0
8801,'20260410',658,,209011,14,,,0,42,,209012,14,,,0,31,,209013,14,,,0,70,,209014,14,,,0,30,,209015,14,,,0,169,,209016,14,,,0,531,,209017,14,,,0,70,,209018,14,,,0,100,,209019,14,,,0,128,,209020,14,,,0
8801,'20260413',658,,165330,14,,,0,42,,165321,14,,,0,31,,165322,14,,,0,70,,165323,14,,,0,30,,165324,14,,,0,169,,165328,14,,,0,531,,165325,14,,,0,70,,165326,14,,,0,100,,165327,14,,,0,128,,165329,14,,,0
8801,'20260414',658,,165340,14,,,0,42,,165331,14,,,0,31,,165332,14,,,0,70,,165333,14,,,0,30,,165334,14,,,0,169,,165338,14,,,0,531,,165335,14,,,0,70,,165336,14,,,0,100,,165337,14,,,0,128,,165339,14,,,0
8801,'20260415',658,,209030,14,,,0,42,,209021,14,,,0,31,,209022,14,,,0,70,,209023,14,,,0,30,,209024,14,,,0,169,,209028,14,,,0,531,,209025,14,,,0,70,,209026,14,,,0,100,,209027,14,,,0,128,,209029,14,,,0
8801,'20260416',658,,209040,14,,,0,42,,209031,14,,,0,31,,209032,14,,,0,70,,209033,14,,,0,30,,209034,14,,,0,169,,209038,14,,,0,531,,209035,14,,,0,70,,209036,14,,,0,100,,209037,14,,,0,128,,209039,14,,,0
8801,'20260417',658,,209050,14,,,0,42,,209041,14,,,0,31,,209042,14,,,0,70,,209043,14,,,0,30,,209044,14,,,0,169,,209048,14,,,0,531,,209045,14,,,0,70,,209046,14,,,0,100,,209047,14,,,0,128,,209049,14,,,0
8801,'20260420',658,,209060,14,,,0,42,,209051,14,,,0,31,,209052,14,,,0,70,,209053,14,,,0,30,,209054,14,,,0,169,,209058,14,,,0,531,,209055,14,,,0,70,,209056,14,,,0,100,,209057,14,,,0,128,,209059,14,,,0
