9103,'20260416',636,,253667,47,,,0,102,,253668,47,,,0,100,,253669,47,,,0,102,,253670,47,,,0,99,,253671,47,,,0,100,,253672,47,,,0,100,,253673,47,,,0,100,,253674,47,,,0,100,,253675,47,,,0,99,,253676,47,,,0,64,,253677,47,,,0,36,,253678,47,,,0,70,,253679,47,,,0,33,,253680,47,,,0,71,,253681,47,,,0,27,,253682,47,,,0,100,,253683,47,,,0,98,,253684,47,,,0,100,,253685,47,,,0,100,,253686,47,,,0,99,,253687,47,,,0
9103,'20260417',636,,253691,47,,,0,102,,253692,47,,,0,100,,253693,47,,,0,102,,253694,47,,,0,99,,253695,47,,,0,100,,253696,47,,,0,100,,253697,47,,,0,100,,253698,47,,,0,100,,253699,47,,,0,99,,253700,47,,,0,64,,253701,47,,,0,36,,253702,47,,,0,70,,253703,47,,,0,33,,253704,47,,,0,71,,253705,47,,,0,27,,253706,47,,,0,100,,253707,47,,,0,98,,253708,47,,,0,100,,253709,47,,,0,100,,253710,47,,,0,99,,253711,47,,,0
9103,'20260418',630,,290898,47,,,0,100,,290899,47,,,0,100,,290900,47,,,0,101,,290901,47,,,0,100,,290902,47,,,0,101,,290903,47,,,0,100,,290904,47,,,0,100,,290905,47,,,0,100,,290906,47,,,0,100,,290907,47,,,0,100,,290908,47,,,0,100,,290909,47,,,0,99,,290910,47,,,0,99,,290911,47,,,0,100,,290912,47,,,0,100,,290913,47,,,0,100,,290914,47,,,0,100,,290915,47,,,0
9103,'20260419',630,,290916,47,,,0,100,,290917,47,,,0,100,,290918,47,,,0,101,,290919,47,,,0,100,,290920,47,,,0,101,,290921,47,,,0,100,,290922,47,,,0,100,,290923,47,,,0,100,,290924,47,,,0,100,,290925,47,,,0,100,,290926,47,,,0,100,,290927,47,,,0,99,,290928,47,,,0,99,,290929,47,,,0,100,,290930,47,,,0,100,,290931,47,,,0,100,,290932,47,,,0,100,,290933,47,,,0
9103,'20260420',636,,290937,47,,,0,102,,290938,47,,,0,100,,290939,47,,,0,102,,290940,47,,,0,99,,290941,47,,,0,100,,290942,47,,,0,100,,290943,47,,,0,100,,290944,47,,,0,100,,290945,47,,,0,99,,290946,47,,,0,64,,290947,47,,,0,36,,290948,47,,,0,70,,290949,47,,,0,33,,290950,47,,,0,71,,290951,47,,,0,27,,290952,47,,,0,100,,290953,47,,,0,98,,290954,47,,,0,100,,290955,47,,,0,100,,290956,47,,,0,99,,290957,47,,,0
9103,'20260421',636,,290961,47,,,0,102,,290962,47,,,0,100,,290963,47,,,0,102,,290964,47,,,0,99,,290965,47,,,0,100,,290966,47,,,0,100,,290967,47,,,0,100,,290968,47,,,0,100,,290969,47,,,0,99,,290970,47,,,0,64,,290971,47,,,0,36,,290972,47,,,0,70,,290973,47,,,0,33,,290974,47,,,0,71,,290975,47,,,0,27,,290976,47,,,0,100,,290977,47,,,0,98,,290978,47,,,0,100,,290979,47,,,0,100,,290980,47,,,0,99,,290981,47,,,0
9103,'20260422',636,,253733,47,,,0,102,,253734,47,,,0,100,,253735,47,,,0,102,,253736,47,,,0,99,,253737,47,,,0,100,,253738,47,,,0,100,,253739,47,,,0,100,,253740,47,,,0,100,,253741,47,,,0,99,,253742,47,,,0,64,,253743,47,,,0,36,,253744,47,,,0,70,,253745,47,,,0,33,,253746,47,,,0,71,,253747,47,,,0,27,,253748,47,,,0,100,,253749,47,,,0,98,,253750,47,,,0,100,,253751,47,,,0,100,,253752,47,,,0,99,,253753,47,,,0
9103,'20260423',636,,253754,47,,,0,102,,253755,47,,,0,100,,253756,47,,,0,102,,253757,47,,,0,99,,253758,47,,,0,100,,253759,47,,,0,100,,253760,47,,,0,100,,253761,47,,,0,100,,253762,47,,,0,99,,253763,47,,,0,64,,253764,47,,,0,36,,253765,47,,,0,70,,253766,47,,,0,33,,253767,47,,,0,71,,253768,47,,,0,27,,253769,47,,,0,100,,253770,47,,,0,98,,253771,47,,,0,100,,253772,47,,,0,100,,253773,47,,,0,99,,253774,47,,,0
9103,'20260424',636,,253775,47,,,0,102,,253776,47,,,0,100,,253777,47,,,0,102,,253778,47,,,0,99,,253779,47,,,0,100,,253780,47,,,0,100,,253781,47,,,0,100,,253782,47,,,0,100,,253783,47,,,0,99,,253784,47,,,0,64,,253785,47,,,0,36,,253786,47,,,0,70,,253787,47,,,0,33,,253788,47,,,0,71,,253789,47,,,0,27,,253790,47,,,0,100,,253791,47,,,0,98,,253792,47,,,0,100,,253793,47,,,0,100,,253794,47,,,0,99,,253795,47,,,0
9103,'20260425',630,,253796,47,,,0,100,,253797,47,,,0,100,,253798,47,,,0,101,,253799,47,,,0,100,,253800,47,,,0,101,,253801,47,,,0,100,,253802,47,,,0,100,,253803,47,,,0,100,,253804,47,,,0,100,,253805,47,,,0,100,,253806,47,,,0,100,,253807,47,,,0,99,,253808,47,,,0,99,,253809,47,,,0,100,,253810,47,,,0,100,,253811,47,,,0,100,,253812,47,,,0,100,,253813,47,,,0
9103,'20260426',630,,253814,47,,,0,100,,253815,47,,,0,100,,253816,47,,,0,101,,253817,47,,,0,100,,253818,47,,,0,101,,253819,47,,,0,100,,253820,47,,,0,100,,253821,47,,,0,100,,253822,47,,,0,100,,253823,47,,,0,100,,253824,47,,,0,100,,253825,47,,,0,99,,253826,47,,,0,99,,253827,47,,,0,100,,253828,47,,,0,100,,253829,47,,,0,100,,253830,47,,,0,100,,253831,47,,,0
9103,'20260427',636,,253832,47,,,0,102,,253833,47,,,0,100,,253834,47,,,0,102,,253835,47,,,0,99,,253836,47,,,0,100,,253837,47,,,0,100,,253838,47,,,0,100,,253839,47,,,0,100,,253840,47,,,0,99,,253841,47,,,0,64,,253842,47,,,0,36,,253843,47,,,0,70,,253844,47,,,0,33,,253845,47,,,0,71,,253846,47,,,0,27,,253847,47,,,0,100,,253848,47,,,0,98,,253849,47,,,0,100,,253850,47,,,0,100,,253851,47,,,0,99,,253852,47,,,0
9103,'20260428',636,,290982,47,,,0,102,,290983,47,,,0,100,,290984,47,,,0,102,,290985,47,,,0,99,,290986,47,,,0,100,,290987,47,,,0,100,,290988,47,,,0,100,,290989,47,,,0,100,,290990,47,,,0,99,,290991,47,,,0,64,,290992,47,,,0,36,,290993,47,,,0,70,,290994,47,,,0,33,,290995,47,,,0,71,,290996,47,,,0,27,,290997,47,,,0,100,,290998,47,,,0,98,,290999,47,,,0,100,,291000,47,,,0,100,,291001,47,,,0,99,,291002,47,,,0
9103,'20260429',636,,291003,47,,,0,102,,291004,47,,,0,100,,291005,47,,,0,102,,291006,47,,,0,99,,291007,47,,,0,100,,291008,47,,,0,100,,291009,47,,,0,100,,291010,47,,,0,100,,291011,47,,,0,99,,291012,47,,,0,64,,291013,47,,,0,36,,291014,47,,,0,70,,291015,47,,,0,33,,291016,47,,,0,71,,291017,47,,,0,27,,291018,47,,,0,100,,291019,47,,,0,98,,291020,47,,,0,100,,291021,47,,,0,100,,291022,47,,,0,99,,291023,47,,,0
9103,'20260430',636,,291024,47,,,0,102,,291025,47,,,0,100,,291026,47,,,0,102,,291027,47,,,0,99,,291028,47,,,0,100,,291029,47,,,0,100,,291030,47,,,0,100,,291031,47,,,0,100,,291032,47,,,0,99,,291033,47,,,0,64,,291034,47,,,0,36,,291035,47,,,0,70,,291036,47,,,0,33,,291037,47,,,0,71,,291038,47,,,0,27,,291039,47,,,0,100,,291040,47,,,0,98,,291041,47,,,0,100,,291042,47,,,0,100,,291043,47,,,0,99,,291044,47,,,0
29103,'20260416',1604,,258480,54,4,,0,33,,258481,54,4,,0,71,,258482,54,4,,0,27,,258483,54,4,,0
29103,'20260417',1604,,258484,54,4,,0,33,,258485,54,4,,0,71,,258486,54,4,,0,27,,258487,54,4,,0
29103,'20260420',1604,,293485,54,4,,0,33,,293486,54,4,,0,71,,293487,54,4,,0,27,,293488,54,4,,0
29103,'20260421',1604,,293489,54,4,,0,33,,293490,54,4,,0,71,,293491,54,4,,0,27,,293492,54,4,,0
29103,'20260422',1604,,258495,54,4,,0,33,,258492,54,4,,0,71,,258494,54,4,,0,27,,258493,54,4,,0
29103,'20260423',1604,,258499,54,4,,0,33,,258496,54,4,,0,71,,258498,54,4,,0,27,,258497,54,4,,0
29103,'20260424',1604,,258503,54,4,,0,33,,258500,54,4,,0,71,,258502,54,4,,0,27,,258501,54,4,,0
29103,'20260427',1604,,258507,54,4,,0,33,,258504,54,4,,0,71,,258506,54,4,,0,27,,258505,54,4,,0
29103,'20260428',1604,,293496,54,4,,0,33,,293493,54,4,,0,71,,293495,54,4,,0,27,,293494,54,4,,0
29103,'20260429',1604,,293500,54,4,,0,33,,293497,54,4,,0,71,,293499,54,4,,0,27,,293498,54,4,,0
29103,'20260430',1604,,293504,54,4,,0,33,,293501,54,4,,0,71,,293503,54,4,,0,27,,293502,54,4,,0
99103,'20260417',2630,,277638,82,,,0,170,,277639,82,,,0
99103,'20260418',2630,,304168,82,,,0,170,,304169,82,,,0
99103,'20260424',2630,,277640,82,,,0,170,,277641,82,,,0
99103,'20260425',2630,,277642,82,,,0,170,,277643,82,,,0
