1202,'20260406',830,,192661,42,,,0,101,,192662,42,,,0,102,,192663,42,,,0,105,,192664,43,,,0,102,,192665,43,,,0,96,,192666,43,,,0,108,,192667,43,,,0,98,,192668,43,,,0,100,,192669,43,,,0,99,,192670,43,,,0,96,,192671,43,,,0,94,,192672,42,,,0,99,,192673,42,,,0,100,,192674,42,,,0,100,,192675,42,,,0,100,,192676,42,,,0
1202,'20260407',650,,192677,42,,,0,71,,192678,42,,,0,30,,192679,42,,,0,73,,192680,42,,,0,29,,192681,42,,,0,99,,192682,42,,,0,99,,192683,42,,,0,100,,192684,42,,,0,101,,192685,42,,,0,100,,192686,42,,,0,100,,192687,42,,,0,101,,192688,42,,,0,103,,192689,42,,,0,145,,192690,42,,,0,54,,192691,42,,,0,94,,192692,42,,,0,97,,192693,42,,,0,98,,192694,42,,,0,99,,192695,42,,,0
1202,'20260408',650,,192696,42,,,0,71,,192697,42,,,0,30,,192698,42,,,0,73,,192699,42,,,0,29,,192700,42,,,0,99,,192701,42,,,0,99,,192702,42,,,0,100,,192703,42,,,0,101,,192704,42,,,0,100,,192705,42,,,0,100,,192706,42,,,0,101,,192707,42,,,0,103,,192708,42,,,0,145,,192709,42,,,0,54,,192710,42,,,0,94,,192711,42,,,0,97,,192712,42,,,0,98,,192713,42,,,0,99,,192714,42,,,0
1202,'20260409',650,,192715,42,,,0,71,,192716,42,,,0,30,,192717,42,,,0,73,,192718,42,,,0,29,,192719,42,,,0,99,,192720,42,,,0,99,,192721,42,,,0,100,,192722,42,,,0,101,,192723,42,,,0,100,,192724,42,,,0,100,,192725,42,,,0,101,,192726,42,,,0,103,,192727,42,,,0,145,,192728,42,,,0,54,,192729,42,,,0,94,,192730,42,,,0,97,,192731,42,,,0,98,,192732,42,,,0,99,,192733,42,,,0
1202,'20260410',650,,192734,42,,,0,71,,192735,42,,,0,30,,192736,42,,,0,73,,192737,42,,,0,29,,192738,42,,,0,99,,192739,42,,,0,99,,192740,42,,,0,100,,192741,42,,,0,101,,192742,42,,,0,100,,192743,42,,,0,100,,192744,42,,,0,101,,192745,42,,,0,103,,192746,42,,,0,145,,192747,42,,,0,54,,192748,42,,,0,94,,192749,42,,,0,97,,192750,42,,,0,98,,192751,42,,,0,99,,192752,42,,,0
1202,'20260411',830,,147478,42,,,0,101,,147479,42,,,0,102,,147480,42,,,0,105,,147487,43,,,0,102,,147488,43,,,0,96,,147489,43,,,0,108,,147490,43,,,0,98,,147491,43,,,0,100,,147492,43,,,0,99,,147493,43,,,0,96,,147481,43,,,0,94,,147482,42,,,0,99,,147483,42,,,0,100,,147484,42,,,0,100,,147485,42,,,0,100,,147486,42,,,0
1202,'20260412',830,,147494,42,,,0,101,,147495,42,,,0,102,,147496,42,,,0,105,,147497,43,,,0,102,,147498,43,,,0,96,,147499,43,,,0,108,,147500,43,,,0,98,,147501,43,,,0,100,,147502,43,,,0,99,,147503,43,,,0,96,,147504,43,,,0,94,,147505,42,,,0,99,,147506,42,,,0,100,,147507,42,,,0,100,,147508,42,,,0,100,,147509,42,,,0
1202,'20260413',650,,147528,42,,,0,71,,147510,42,,,0,30,,147511,42,,,0,73,,147512,42,,,0,29,,147513,42,,,0,99,,147514,42,,,0,99,,147515,42,,,0,100,,147516,42,,,0,101,,147517,42,,,0,100,,147518,42,,,0,100,,147519,42,,,0,101,,147520,42,,,0,103,,147521,42,,,0,145,,147522,42,,,0,54,,147523,42,,,0,94,,147524,42,,,0,97,,147525,42,,,0,98,,147526,42,,,0,99,,147527,42,,,0
1202,'20260414',650,,147547,42,,,0,71,,147529,42,,,0,30,,147530,42,,,0,73,,147531,42,,,0,29,,147532,42,,,0,99,,147533,42,,,0,99,,147534,42,,,0,100,,147535,42,,,0,101,,147536,42,,,0,100,,147537,42,,,0,100,,147538,42,,,0,101,,147539,42,,,0,103,,147540,42,,,0,145,,147541,42,,,0,54,,147542,42,,,0,94,,147543,42,,,0,97,,147544,42,,,0,98,,147545,42,,,0,99,,147546,42,,,0
1202,'20260415',650,,192771,42,,,0,71,,192753,42,,,0,30,,192754,42,,,0,73,,192755,42,,,0,29,,192756,42,,,0,99,,192757,42,,,0,99,,192758,42,,,0,100,,192759,42,,,0,101,,192760,42,,,0,100,,192761,42,,,0,100,,192762,42,,,0,101,,192763,42,,,0,103,,192764,42,,,0,145,,192765,42,,,0,54,,192766,42,,,0,94,,192767,42,,,0,97,,192768,42,,,0,98,,192769,42,,,0,99,,192770,42,,,0
1202,'20260416',650,,192790,42,,,0,71,,192772,42,,,0,30,,192773,42,,,0,73,,192774,42,,,0,29,,192775,42,,,0,99,,192776,42,,,0,99,,192777,42,,,0,100,,192778,42,,,0,101,,192779,42,,,0,100,,192780,42,,,0,100,,192781,42,,,0,101,,192782,42,,,0,103,,192783,42,,,0,145,,192784,42,,,0,54,,192785,42,,,0,94,,192786,42,,,0,97,,192787,42,,,0,98,,192788,42,,,0,99,,192789,42,,,0
1202,'20260417',650,,192809,42,,,0,71,,192791,42,,,0,30,,192792,42,,,0,73,,192793,42,,,0,29,,192794,42,,,0,99,,192795,42,,,0,99,,192796,42,,,0,100,,192797,42,,,0,101,,192798,42,,,0,100,,192799,42,,,0,100,,192800,42,,,0,101,,192801,42,,,0,103,,192802,42,,,0,145,,192803,42,,,0,54,,192804,42,,,0,94,,192805,42,,,0,97,,192806,42,,,0,98,,192807,42,,,0,99,,192808,42,,,0
1202,'20260418',830,,192810,42,,,0,101,,192811,42,,,0,102,,192812,42,,,0,105,,192819,43,,,0,102,,192820,43,,,0,96,,192821,43,,,0,108,,192822,43,,,0,98,,192823,43,,,0,100,,192824,43,,,0,99,,192825,43,,,0,96,,192813,43,,,0,94,,192814,42,,,0,99,,192815,42,,,0,100,,192816,42,,,0,100,,192817,42,,,0,100,,192818,42,,,0
1202,'20260419',830,,192826,42,,,0,101,,192827,42,,,0,102,,192828,42,,,0,105,,192829,43,,,0,102,,192830,43,,,0,96,,192831,43,,,0,108,,192832,43,,,0,98,,192833,43,,,0,100,,192834,43,,,0,99,,192835,43,,,0,96,,192836,43,,,0,94,,192837,42,,,0,99,,192838,42,,,0,100,,192839,42,,,0,100,,192840,42,,,0,100,,192841,42,,,0
1202,'20260420',650,,192860,42,,,0,71,,192842,42,,,0,30,,192843,42,,,0,73,,192844,42,,,0,29,,192845,42,,,0,99,,192846,42,,,0,99,,192847,42,,,0,100,,192848,42,,,0,101,,192849,42,,,0,100,,192850,42,,,0,100,,192851,42,,,0,101,,192852,42,,,0,103,,192853,42,,,0,145,,192854,42,,,0,54,,192855,42,,,0,94,,192856,42,,,0,97,,192857,42,,,0,98,,192858,42,,,0,99,,192859,42,,,0
7600,'20260406',556,,205120,11,,,1,69,,205121,11,,,1,29,,205122,11,,,1,68,,205123,11,,,1,32,,205124,11,,,1,70,,205125,11,,,1,32,,205126,11,,,1,101,,205127,11,,,1,100,,205128,11,,,1,99,,205129,11,,,1,75,,205130,11,,,1,70,,205131,11,,,1,34,,205132,11,,,1,21,,205133,11,,,1,149,,205134,11,,,1,102,,205135,11,,,1,30,,205136,11,,,1,69,,205137,11,,,1,30,,205138,11,,,1,69,,205139,11,,,1,27,,205140,11,,,1,27,,205141,11,,,1,100,,205142,11,,,1,97,,205143,11,,,1,100,,205144,11,,,1,98,,205145,11,,,1
7600,'20260407',520,,205146,11,,,1,96,,205147,11,,,1,98,,205148,11,,,1,32,,205149,11,,,1,72,,205150,11,,,1,28,,205151,11,,,1,70,,205152,11,,,1,98,,205153,11,,,1,101,,205154,11,,,1,99,,205155,11,,,1,30,,205156,11,,,1,70,,205157,11,,,1,31,,205158,11,,,1,93,,205159,11,,,1,106,,205160,11,,,1,73,,205161,11,,,1,37,,205162,11,,,1,75,,205163,11,,,1,30,,205164,11,,,1,66,,205165,11,,,1,99,,205166,11,,,1,104,,205167,11,,,1,99,,205168,11,,,1,97,,205169,11,,,1,99,,205170,11,,,1
7600,'20260408',520,,205171,11,,,1,96,,205172,11,,,1,98,,205173,11,,,1,32,,205174,11,,,1,72,,205175,11,,,1,28,,205176,11,,,1,70,,205177,11,,,1,98,,205178,11,,,1,101,,205179,11,,,1,99,,205180,11,,,1,30,,205181,11,,,1,70,,205182,11,,,1,31,,205183,11,,,1,93,,205184,11,,,1,106,,205185,11,,,1,73,,205186,11,,,1,37,,205187,11,,,1,75,,205188,11,,,1,30,,205189,11,,,1,66,,205190,11,,,1,99,,205191,11,,,1,104,,205192,11,,,1,99,,205193,11,,,1,97,,205194,11,,,1,99,,205195,11,,,1
7600,'20260409',520,,205196,11,,,1,96,,205197,11,,,1,98,,205198,11,,,1,32,,205199,11,,,1,72,,205200,11,,,1,28,,205201,11,,,1,70,,205202,11,,,1,98,,205203,11,,,1,101,,205204,11,,,1,99,,205205,11,,,1,30,,205206,11,,,1,70,,205207,11,,,1,31,,205208,11,,,1,93,,205209,11,,,1,106,,205210,11,,,1,73,,205211,11,,,1,37,,205212,11,,,1,75,,205213,11,,,1,30,,205214,11,,,1,66,,205215,11,,,1,99,,205216,11,,,1,104,,205217,11,,,1,99,,205218,11,,,1,97,,205219,11,,,1,99,,205220,11,,,1
7600,'20260410',520,,205221,11,,,1,96,,205222,11,,,1,98,,205223,11,,,1,32,,205224,11,,,1,72,,205225,11,,,1,28,,205226,11,,,1,70,,205227,11,,,1,98,,205228,11,,,1,101,,205229,11,,,1,99,,205230,11,,,1,30,,205231,11,,,1,70,,205232,11,,,1,31,,205233,11,,,1,93,,205234,11,,,1,106,,205235,11,,,1,73,,205236,11,,,1,37,,205237,11,,,1,75,,205238,11,,,1,30,,205239,11,,,1,66,,205240,11,,,1,99,,205241,11,,,1,104,,205242,11,,,1,99,,205243,11,,,1,97,,205244,11,,,1,99,,205245,11,,,1
7600,'20260411',556,,161238,11,,,1,69,,161241,11,,,1,29,,161247,11,,,1,68,,161240,11,,,1,32,,161222,11,,,1,70,,161242,11,,,1,32,,161223,11,,,1,101,,161224,11,,,1,100,,161225,11,,,1,99,,161226,11,,,1,75,,161243,11,,,1,70,,161227,11,,,1,34,,161244,11,,,1,21,,161228,11,,,1,149,,161229,11,,,1,102,,161230,11,,,1,30,,161245,11,,,1,69,,161231,11,,,1,30,,161246,11,,,1,69,,161232,11,,,1,27,,161239,11,,,1,27,,161233,11,,,1,100,,161234,11,,,1,97,,161235,11,,,1,100,,161236,11,,,1,98,,161237,11,,,1
7600,'20260412',556,,161265,11,,,1,69,,161266,11,,,1,29,,161248,11,,,1,68,,161267,11,,,1,32,,161249,11,,,1,70,,161268,11,,,1,32,,161250,11,,,1,101,,161251,11,,,1,100,,161252,11,,,1,99,,161253,11,,,1,75,,161269,11,,,1,70,,161254,11,,,1,34,,161270,11,,,1,21,,161255,11,,,1,149,,161256,11,,,1,102,,161257,11,,,1,30,,161271,11,,,1,69,,161258,11,,,1,30,,161272,11,,,1,69,,161259,11,,,1,27,,161273,11,,,1,27,,161260,11,,,1,100,,161261,11,,,1,97,,161262,11,,,1,100,,161263,11,,,1,98,,161264,11,,,1
7600,'20260413',520,,161274,11,,,1,96,,161275,11,,,1,98,,161276,11,,,1,32,,161277,11,,,1,72,,161278,11,,,1,28,,161279,11,,,1,70,,161280,11,,,1,98,,161281,11,,,1,101,,161282,11,,,1,99,,161283,11,,,1,30,,161284,11,,,1,70,,161285,11,,,1,31,,161286,11,,,1,93,,161287,11,,,1,106,,161288,11,,,1,73,,161289,11,,,1,37,,161290,11,,,1,75,,161291,11,,,1,30,,161292,11,,,1,66,,161293,11,,,1,99,,161294,11,,,1,104,,161295,11,,,1,99,,161296,11,,,1,97,,161297,11,,,1,99,,161298,11,,,1
7600,'20260414',520,,161299,11,,,1,96,,161300,11,,,1,98,,161301,11,,,1,32,,161302,11,,,1,72,,161303,11,,,1,28,,161304,11,,,1,70,,161305,11,,,1,98,,161306,11,,,1,101,,161307,11,,,1,99,,161308,11,,,1,30,,161309,11,,,1,70,,161310,11,,,1,31,,161311,11,,,1,93,,161312,11,,,1,106,,161313,11,,,1,73,,161314,11,,,1,37,,161315,11,,,1,75,,161316,11,,,1,30,,161317,11,,,1,66,,161318,11,,,1,99,,161319,11,,,1,104,,161320,11,,,1,99,,161321,11,,,1,97,,161322,11,,,1,99,,161323,11,,,1
7600,'20260415',520,,205246,11,,,1,96,,205247,11,,,1,98,,205248,11,,,1,32,,205249,11,,,1,72,,205250,11,,,1,28,,205251,11,,,1,70,,205252,11,,,1,98,,205253,11,,,1,101,,205254,11,,,1,99,,205255,11,,,1,30,,205256,11,,,1,70,,205257,11,,,1,31,,205258,11,,,1,93,,205259,11,,,1,106,,205260,11,,,1,73,,205261,11,,,1,37,,205262,11,,,1,75,,205263,11,,,1,30,,205264,11,,,1,66,,205265,11,,,1,99,,205266,11,,,1,104,,205267,11,,,1,99,,205268,11,,,1,97,,205269,11,,,1,99,,205270,11,,,1
7600,'20260416',520,,205271,11,,,1,96,,205272,11,,,1,98,,205273,11,,,1,32,,205274,11,,,1,72,,205275,11,,,1,28,,205276,11,,,1,70,,205277,11,,,1,98,,205278,11,,,1,101,,205279,11,,,1,99,,205280,11,,,1,30,,205281,11,,,1,70,,205282,11,,,1,31,,205283,11,,,1,93,,205284,11,,,1,106,,205285,11,,,1,73,,205286,11,,,1,37,,205287,11,,,1,75,,205288,11,,,1,30,,205289,11,,,1,66,,205290,11,,,1,99,,205291,11,,,1,104,,205292,11,,,1,99,,205293,11,,,1,97,,205294,11,,,1,99,,205295,11,,,1
7600,'20260417',520,,205296,11,,,1,96,,205297,11,,,1,98,,205298,11,,,1,32,,205299,11,,,1,72,,205300,11,,,1,28,,205301,11,,,1,70,,205302,11,,,1,98,,205303,11,,,1,101,,205304,11,,,1,99,,205305,11,,,1,30,,205306,11,,,1,70,,205307,11,,,1,31,,205308,11,,,1,93,,205309,11,,,1,106,,205310,11,,,1,73,,205311,11,,,1,37,,205312,11,,,1,75,,205313,11,,,1,30,,205314,11,,,1,66,,205315,11,,,1,99,,205316,11,,,1,104,,205317,11,,,1,99,,205318,11,,,1,97,,205319,11,,,1,99,,205320,11,,,1
7600,'20260418',556,,205337,11,,,1,69,,205340,11,,,1,29,,205346,11,,,1,68,,205339,11,,,1,32,,205321,11,,,1,70,,205341,11,,,1,32,,205322,11,,,1,101,,205323,11,,,1,100,,205324,11,,,1,99,,205325,11,,,1,75,,205342,11,,,1,70,,205326,11,,,1,34,,205343,11,,,1,21,,205327,11,,,1,149,,205328,11,,,1,102,,205329,11,,,1,30,,205344,11,,,1,69,,205330,11,,,1,30,,205345,11,,,1,69,,205331,11,,,1,27,,205338,11,,,1,27,,205332,11,,,1,100,,205333,11,,,1,97,,205334,11,,,1,100,,205335,11,,,1,98,,205336,11,,,1
7600,'20260419',556,,205364,11,,,1,69,,205365,11,,,1,29,,205347,11,,,1,68,,205366,11,,,1,32,,205348,11,,,1,70,,205367,11,,,1,32,,205349,11,,,1,101,,205350,11,,,1,100,,205351,11,,,1,99,,205352,11,,,1,75,,205368,11,,,1,70,,205353,11,,,1,34,,205369,11,,,1,21,,205354,11,,,1,149,,205355,11,,,1,102,,205356,11,,,1,30,,205370,11,,,1,69,,205357,11,,,1,30,,205371,11,,,1,69,,205358,11,,,1,27,,205372,11,,,1,27,,205359,11,,,1,100,,205360,11,,,1,97,,205361,11,,,1,100,,205362,11,,,1,98,,205363,11,,,1
7600,'20260420',520,,205373,11,,,1,96,,205374,11,,,1,98,,205375,11,,,1,32,,205376,11,,,1,72,,205377,11,,,1,28,,205378,11,,,1,70,,205379,11,,,1,98,,205380,11,,,1,101,,205381,11,,,1,99,,205382,11,,,1,30,,205383,11,,,1,70,,205384,11,,,1,31,,205385,11,,,1,93,,205386,11,,,1,106,,205387,11,,,1,73,,205388,11,,,1,37,,205389,11,,,1,75,,205390,11,,,1,30,,205391,11,,,1,66,,205392,11,,,1,99,,205393,11,,,1,104,,205394,11,,,1,99,,205395,11,,,1,97,,205396,11,,,1,99,,205397,11,,,1
