8200,'20260720',649,,981814,56,,,0,70,,981815,56,,,0,100,,981816,56,,,0,30,,981817,56,,,0,70,,981818,56,,,0,100,,981819,56,,,0,100,,981820,56,,,0,101,,981821,56,,,0,100,,981822,56,,,0,100,,981823,56,,,0,101,,981824,56,,,0,101,,981825,56,,,0,30,,981826,56,,,0,70,,981827,56,,,0,29,,981828,56,,,0,69,,981829,56,,,0,30,,981830,56,,,0,70,,981831,56,,,0,99,,981832,56,,,0,100,,981833,56,,,0,100,,981834,56,,,0,130,,981835,56,,,0
8200,'20260721',649,,981836,56,,,0,70,,981837,56,,,0,100,,981838,56,,,0,30,,981839,56,,,0,70,,981840,56,,,0,100,,981841,56,,,0,100,,981842,56,,,0,101,,981843,56,,,0,100,,981844,56,,,0,100,,981845,56,,,0,101,,981846,56,,,0,101,,981847,56,,,0,30,,981848,56,,,0,70,,981849,56,,,0,29,,981850,56,,,0,69,,981851,56,,,0,30,,981852,56,,,0,70,,981853,56,,,0,99,,981854,56,,,0,100,,981855,56,,,0,100,,981856,56,,,0,130,,981857,56,,,0
8200,'20260722',649,,981858,56,,,0,70,,981859,56,,,0,100,,981860,56,,,0,30,,981861,56,,,0,70,,981862,56,,,0,100,,981863,56,,,0,100,,981864,56,,,0,101,,981865,56,,,0,100,,981866,56,,,0,100,,981867,56,,,0,101,,981868,56,,,0,101,,981869,56,,,0,30,,981870,56,,,0,70,,981871,56,,,0,29,,981872,56,,,0,69,,981873,56,,,0,30,,981874,56,,,0,70,,981875,56,,,0,99,,981876,56,,,0,100,,981877,56,,,0,100,,981878,56,,,0,130,,981879,56,,,0
8200,'20260723',649,,981880,56,,,0,70,,981881,56,,,0,100,,981882,56,,,0,30,,981883,56,,,0,70,,981884,56,,,0,100,,981885,56,,,0,100,,981886,56,,,0,101,,981887,56,,,0,100,,981888,56,,,0,100,,981889,56,,,0,101,,981890,56,,,0,101,,981891,56,,,0,30,,981892,56,,,0,70,,981893,56,,,0,29,,981894,56,,,0,69,,981895,56,,,0,30,,981896,56,,,0,70,,981897,56,,,0,99,,981898,56,,,0,100,,981899,56,,,0,100,,981900,56,,,0,130,,981901,56,,,0
8200,'20260724',649,,1005683,56,,,0,70,,1005684,56,,,0,100,,1005685,56,,,0,30,,1005686,56,,,0,70,,1005687,56,,,0,100,,1005688,56,,,0,100,,1005689,56,,,0,101,,1005690,56,,,0,100,,1005691,56,,,0,100,,1005692,56,,,0,101,,1005693,56,,,0,101,,1005694,56,,,0,30,,1005695,56,,,0,70,,1005696,56,,,0,29,,1005697,56,,,0,69,,1005698,56,,,0,30,,1005699,56,,,0,70,,1005700,56,,,0,99,,1005701,56,,,0,100,,1005702,56,,,0,100,,1005703,56,,,0,130,,1005704,56,,,0
8200,'20260725',718,,951237,56,,,0,101,,951223,56,,,0,100,,951227,56,,,0,100,,951228,56,,,0,100,,951235,56,,,0,100,,951229,56,,,0,101,,951224,56,,,0,100,,951230,56,,,0,101,,951236,56,,,0,100,,951231,56,,,0,100,,951239,56,,,0,100,,951225,56,,,0,98,,951232,56,,,0,100,,951234,56,,,0,100,,951238,56,,,0,100,,951233,56,,,0,130,,951226,56,,,0,170,,951240,56,,,0
8200,'20260726',718,,951253,56,,,0,101,,951254,56,,,0,100,,951250,56,,,0,100,,951255,56,,,0,100,,951249,56,,,0,100,,951251,56,,,0,101,,951244,56,,,0,100,,951241,56,,,0,101,,951247,56,,,0,100,,951248,56,,,0,100,,951257,56,,,0,100,,951245,56,,,0,98,,951242,56,,,0,100,,951252,56,,,0,100,,951256,56,,,0,100,,951243,56,,,0,130,,951246,56,,,0,170,,951258,56,,,0
8200,'20260727',649,,951276,56,,,0,70,,951259,56,,,0,100,,951280,56,,,0,30,,951266,56,,,0,70,,951275,56,,,0,100,,951267,56,,,0,100,,951274,56,,,0,101,,951268,56,,,0,100,,951260,56,,,0,100,,951269,56,,,0,101,,951273,56,,,0,101,,951270,56,,,0,30,,951261,56,,,0,70,,951262,56,,,0,29,,951263,56,,,0,69,,951264,56,,,0,30,,951271,56,,,0,70,,951272,56,,,0,99,,951278,56,,,0,100,,951277,56,,,0,100,,951279,56,,,0,130,,951265,56,,,0
8200,'20260728',649,,951298,56,,,0,70,,951281,56,,,0,100,,951302,56,,,0,30,,951288,56,,,0,70,,951297,56,,,0,100,,951289,56,,,0,100,,951296,56,,,0,101,,951290,56,,,0,100,,951282,56,,,0,100,,951291,56,,,0,101,,951295,56,,,0,101,,951292,56,,,0,30,,951283,56,,,0,70,,951284,56,,,0,29,,951285,56,,,0,69,,951286,56,,,0,30,,951293,56,,,0,70,,951294,56,,,0,99,,951300,56,,,0,100,,951299,56,,,0,100,,951301,56,,,0,130,,951287,56,,,0
8200,'20260729',649,,981919,56,,,0,70,,981902,56,,,0,100,,981923,56,,,0,30,,981909,56,,,0,70,,981918,56,,,0,100,,981910,56,,,0,100,,981917,56,,,0,101,,981911,56,,,0,100,,981903,56,,,0,100,,981912,56,,,0,101,,981916,56,,,0,101,,981913,56,,,0,30,,981904,56,,,0,70,,981905,56,,,0,29,,981906,56,,,0,69,,981907,56,,,0,30,,981914,56,,,0,70,,981915,56,,,0,99,,981921,56,,,0,100,,981920,56,,,0,100,,981922,56,,,0,130,,981908,56,,,0
8200,'20260730',649,,981941,56,,,0,70,,981924,56,,,0,100,,981945,56,,,0,30,,981931,56,,,0,70,,981940,56,,,0,100,,981932,56,,,0,100,,981939,56,,,0,101,,981933,56,,,0,100,,981925,56,,,0,100,,981934,56,,,0,101,,981938,56,,,0,101,,981935,56,,,0,30,,981926,56,,,0,70,,981927,56,,,0,29,,981928,56,,,0,69,,981929,56,,,0,30,,981936,56,,,0,70,,981937,56,,,0,99,,981943,56,,,0,100,,981942,56,,,0,100,,981944,56,,,0,130,,981930,56,,,0
8200,'20260731',649,,981963,56,,,0,70,,981946,56,,,0,100,,981967,56,,,0,30,,981953,56,,,0,70,,981962,56,,,0,100,,981954,56,,,0,100,,981961,56,,,0,101,,981955,56,,,0,100,,981947,56,,,0,100,,981956,56,,,0,101,,981960,56,,,0,101,,981957,56,,,0,30,,981948,56,,,0,70,,981949,56,,,0,29,,981950,56,,,0,69,,981951,56,,,0,30,,981958,56,,,0,70,,981959,56,,,0,99,,981965,56,,,0,100,,981964,56,,,0,100,,981966,56,,,0,130,,981952,56,,,0
8200,'20260801',718,,1005719,56,,,0,101,,1005705,56,,,0,100,,1005709,56,,,0,100,,1005710,56,,,0,100,,1005717,56,,,0,100,,1005711,56,,,0,101,,1005706,56,,,0,100,,1005712,56,,,0,101,,1005718,56,,,0,100,,1005713,56,,,0,100,,1005721,56,,,0,100,,1005707,56,,,0,98,,1005714,56,,,0,100,,1005716,56,,,0,100,,1005720,56,,,0,100,,1005715,56,,,0,130,,1005708,56,,,0,170,,1005722,56,,,0
8200,'20260802',718,,1005735,56,,,0,101,,1005736,56,,,0,100,,1005732,56,,,0,100,,1005737,56,,,0,100,,1005731,56,,,0,100,,1005733,56,,,0,101,,1005726,56,,,0,100,,1005723,56,,,0,101,,1005729,56,,,0,100,,1005730,56,,,0,100,,1005739,56,,,0,100,,1005727,56,,,0,98,,1005724,56,,,0,100,,1005734,56,,,0,100,,1005738,56,,,0,100,,1005725,56,,,0,130,,1005728,56,,,0,170,,1005740,56,,,0
8200,'20260803',649,,1005758,56,,,0,70,,1005741,56,,,0,100,,1005762,56,,,0,30,,1005748,56,,,0,70,,1005757,56,,,0,100,,1005749,56,,,0,100,,1005756,56,,,0,101,,1005750,56,,,0,100,,1005742,56,,,0,100,,1005751,56,,,0,101,,1005755,56,,,0,101,,1005752,56,,,0,30,,1005743,56,,,0,70,,1005744,56,,,0,29,,1005745,56,,,0,69,,1005746,56,,,0,30,,1005753,56,,,0,70,,1005754,56,,,0,99,,1005760,56,,,0,100,,1005759,56,,,0,100,,1005761,56,,,0,130,,1005747,56,,,0
98200,'20260724',2610,,1012761,59,,,0
98200,'20260725',2610,,967356,59,,,0
98200,'20260731',2610,,999774,59,,,0
98200,'20260801',2610,,1012762,59,,,0
