1302,'20260406',816,,193069,36,,,0,98,,193070,36,,,0,100,,193071,36,,,0,98,,193072,36,,,0,98,,193073,36,,,0,107,,193074,36,,,0,95,,193075,36,,,0,101,,193076,36,,,0,99,,193077,36,,,0,102,,193078,36,,,0,103,,193079,36,,,0,99,,193080,36,,,0,99,,193081,36,,,0,100,,193082,36,,,0,100,,193083,36,,,0
1302,'20260407',659,,193089,36,,,0,67,,193084,17,,,0,31,,193107,17,,,0,2,,193090,36,,,0,56,,193085,17,,,0,14,,193091,36,,,0,14,,193086,17,,,0,71,,193087,17,,,0,17,,193092,36,,,0,97,,193093,36,,,0,98,,193094,36,,,0,31,,193088,17,,,0,70,,193095,36,,,0,101,,193096,36,,,0,99,,193097,36,,,0,97,,193098,36,,,0,103,,193099,36,,,0,29,,193108,36,,,0,73,,193100,36,,,0,102,,193101,36,,,0,101,,193102,36,,,0,99,,193103,36,,,0,100,,193104,36,,,0,100,,193105,36,,,0,97,,193106,36,,,0
1302,'20260408',659,,193114,36,,,0,67,,193109,17,,,0,31,,193132,17,,,0,2,,193115,36,,,0,56,,193110,17,,,0,14,,193116,36,,,0,14,,193111,17,,,0,71,,193112,17,,,0,17,,193117,36,,,0,97,,193118,36,,,0,98,,193119,36,,,0,31,,193113,17,,,0,70,,193120,36,,,0,101,,193121,36,,,0,99,,193122,36,,,0,97,,193123,36,,,0,103,,193124,36,,,0,29,,193133,36,,,0,73,,193125,36,,,0,102,,193126,36,,,0,101,,193127,36,,,0,99,,193128,36,,,0,100,,193129,36,,,0,100,,193130,36,,,0,97,,193131,36,,,0
1302,'20260409',659,,193139,36,,,0,67,,193134,17,,,0,31,,193157,17,,,0,2,,193140,36,,,0,56,,193135,17,,,0,14,,193141,36,,,0,14,,193136,17,,,0,71,,193137,17,,,0,17,,193142,36,,,0,97,,193143,36,,,0,98,,193144,36,,,0,31,,193138,17,,,0,70,,193145,36,,,0,101,,193146,36,,,0,99,,193147,36,,,0,97,,193148,36,,,0,103,,193149,36,,,0,29,,193158,36,,,0,73,,193150,36,,,0,102,,193151,36,,,0,101,,193152,36,,,0,99,,193153,36,,,0,100,,193154,36,,,0,100,,193155,36,,,0,97,,193156,36,,,0
1302,'20260410',659,,193164,36,,,0,67,,193159,17,,,0,31,,193182,17,,,0,2,,193165,36,,,0,56,,193160,17,,,0,14,,193166,36,,,0,14,,193161,17,,,0,71,,193162,17,,,0,17,,193167,36,,,0,97,,193168,36,,,0,98,,193169,36,,,0,31,,193163,17,,,0,70,,193170,36,,,0,101,,193171,36,,,0,99,,193172,36,,,0,97,,193173,36,,,0,103,,193174,36,,,0,29,,193183,36,,,0,73,,193175,36,,,0,102,,193176,36,,,0,101,,193177,36,,,0,99,,193178,36,,,0,100,,193179,36,,,0,100,,193180,36,,,0,97,,193181,36,,,0
1302,'20260411',816,,147955,36,,,0,98,,147956,36,,,0,100,,147957,36,,,0,98,,147958,36,,,0,98,,147959,36,,,0,107,,147960,36,,,0,95,,147961,36,,,0,101,,147962,36,,,0,99,,147963,36,,,0,102,,147964,36,,,0,103,,147965,36,,,0,99,,147966,36,,,0,99,,147967,36,,,0,100,,147968,36,,,0,100,,147969,36,,,0
1302,'20260412',816,,147970,36,,,0,98,,147971,36,,,0,100,,147972,36,,,0,98,,147973,36,,,0,98,,147974,36,,,0,107,,147975,36,,,0,95,,147976,36,,,0,101,,147977,36,,,0,99,,147978,36,,,0,102,,147979,36,,,0,103,,147980,36,,,0,99,,147981,36,,,0,99,,147982,36,,,0,100,,147983,36,,,0,100,,147984,36,,,0
1302,'20260413',659,,147985,36,,,0,67,,148003,17,,,0,33,,147986,36,,,0,56,,148004,17,,,0,14,,147987,36,,,0,14,,148005,17,,,0,71,,148006,17,,,0,17,,147988,36,,,0,97,,147989,36,,,0,98,,147990,36,,,0,31,,148007,17,,,0,70,,147991,36,,,0,101,,147992,36,,,0,99,,147993,36,,,0,97,,147994,36,,,0,103,,147995,36,,,0,102,,147996,36,,,0,102,,147997,36,,,0,101,,147998,36,,,0,99,,147999,36,,,0,100,,148000,36,,,0,100,,148001,36,,,0,97,,148002,36,,,0
1302,'20260414',659,,148008,36,,,0,67,,148026,17,,,0,33,,148009,36,,,0,56,,148027,17,,,0,14,,148010,36,,,0,14,,148028,17,,,0,71,,148029,17,,,0,17,,148011,36,,,0,97,,148012,36,,,0,98,,148013,36,,,0,31,,148030,17,,,0,70,,148014,36,,,0,101,,148015,36,,,0,99,,148016,36,,,0,97,,148017,36,,,0,103,,148018,36,,,0,102,,148019,36,,,0,102,,148020,36,,,0,101,,148021,36,,,0,99,,148022,36,,,0,100,,148023,36,,,0,100,,148024,36,,,0,97,,148025,36,,,0
1302,'20260415',659,,193184,36,,,0,67,,193202,17,,,0,33,,193185,36,,,0,56,,193203,17,,,0,14,,193186,36,,,0,14,,193204,17,,,0,71,,193205,17,,,0,17,,193187,36,,,0,97,,193188,36,,,0,98,,193189,36,,,0,31,,193206,17,,,0,70,,193190,36,,,0,101,,193191,36,,,0,99,,193192,36,,,0,97,,193193,36,,,0,103,,193194,36,,,0,102,,193195,36,,,0,102,,193196,36,,,0,101,,193197,36,,,0,99,,193198,36,,,0,100,,193199,36,,,0,100,,193200,36,,,0,97,,193201,36,,,0
1302,'20260416',659,,193207,36,,,0,67,,193225,17,,,0,33,,193208,36,,,0,56,,193226,17,,,0,14,,193209,36,,,0,14,,193227,17,,,0,71,,193228,17,,,0,17,,193210,36,,,0,97,,193211,36,,,0,98,,193212,36,,,0,31,,193229,17,,,0,70,,193213,36,,,0,101,,193214,36,,,0,99,,193215,36,,,0,97,,193216,36,,,0,103,,193217,36,,,0,102,,193218,36,,,0,102,,193219,36,,,0,101,,193220,36,,,0,99,,193221,36,,,0,100,,193222,36,,,0,100,,193223,36,,,0,97,,193224,36,,,0
1302,'20260417',659,,193230,36,,,0,67,,193248,17,,,0,33,,193231,36,,,0,56,,193249,17,,,0,14,,193232,36,,,0,14,,193250,17,,,0,71,,193251,17,,,0,17,,193233,36,,,0,97,,193234,36,,,0,98,,193235,36,,,0,31,,193252,17,,,0,70,,193236,36,,,0,101,,193237,36,,,0,99,,193238,36,,,0,97,,193239,36,,,0,103,,193240,36,,,0,102,,193241,36,,,0,102,,193242,36,,,0,101,,193243,36,,,0,99,,193244,36,,,0,100,,193245,36,,,0,100,,193246,36,,,0,97,,193247,36,,,0
1302,'20260418',816,,193253,36,,,0,98,,193254,36,,,0,100,,193255,36,,,0,98,,193256,36,,,0,98,,193257,36,,,0,107,,193258,36,,,0,95,,193259,36,,,0,101,,193260,36,,,0,99,,193261,36,,,0,102,,193262,36,,,0,103,,193263,36,,,0,99,,193264,36,,,0,99,,193265,36,,,0,100,,193266,36,,,0,100,,193267,36,,,0
1302,'20260419',816,,193268,36,,,0,98,,193269,36,,,0,100,,193270,36,,,0,98,,193271,36,,,0,98,,193272,36,,,0,107,,193273,36,,,0,95,,193274,36,,,0,101,,193275,36,,,0,99,,193276,36,,,0,102,,193277,36,,,0,103,,193278,36,,,0,99,,193279,36,,,0,99,,193280,36,,,0,100,,193281,36,,,0,100,,193282,36,,,0
1302,'20260420',659,,193283,36,,,0,67,,193301,17,,,0,33,,193284,36,,,0,56,,193302,17,,,0,14,,193285,36,,,0,14,,193303,17,,,0,71,,193304,17,,,0,17,,193286,36,,,0,97,,193287,36,,,0,98,,193288,36,,,0,31,,193305,17,,,0,70,,193289,36,,,0,101,,193290,36,,,0,99,,193291,36,,,0,97,,193292,36,,,0,103,,193293,36,,,0,102,,193294,36,,,0,102,,193295,36,,,0,101,,193296,36,,,0,99,,193297,36,,,0,100,,193298,36,,,0,100,,193299,36,,,0,97,,193300,36,,,0
