5600,'20260317',647,,63641,26,,,0,67,,63642,26,,,0,35,,63643,26,,,0
5600,'20260318',647,,63644,26,,,0,67,,63645,26,,,0,35,,63646,26,,,0
5600,'20260319',647,,63647,26,,,0,67,,63648,26,,,0,35,,63649,26,,,0
5600,'20260320',647,,63650,26,,,0,67,,63651,26,,,0,35,,63652,26,,,0
5600,'20260323',647,,63655,26,,,0,67,,63653,26,,,0,35,,63654,26,,,0
5600,'20260324',647,,63658,26,,,0,67,,63656,26,,,0,35,,63657,26,,,0
5600,'20260325',647,,63661,26,,,0,67,,63659,26,,,0,35,,63660,26,,,0
5600,'20260326',647,,63664,26,,,0,67,,63662,26,,,0,35,,63663,26,,,0
5600,'20260327',647,,63667,26,,,0,67,,63665,26,,,0,35,,63666,26,,,0
5600,'20260330',647,,63670,26,,,0,67,,63668,26,,,0,35,,63669,26,,,0
5600,'20260331',647,,63673,26,,,0,67,,63671,26,,,0,35,,63672,26,,,0
