69002,'20260616',1545,,724380,13,,,0,104,,724381,13,,,0,66,,724382,13,,,0
69002,'20260617',1545,,724383,13,,,0,104,,724384,13,,,0,66,,724385,13,,,0
69002,'20260618',1545,,724386,13,,,0,104,,724387,13,,,0,66,,724388,13,,,0
69002,'20260619',1545,,756433,13,,,0,104,,756434,13,,,0,66,,756435,13,,,0
69002,'20260622',1545,,756436,13,,,0,104,,756437,13,,,0,66,,756438,13,,,0
69002,'20260623',1545,,756439,13,,,0,104,,756440,13,,,0,66,,756441,13,,,0
69002,'20260625',1545,,724392,13,,,0,104,,724393,13,,,0,66,,724394,13,,,0
69002,'20260626',1545,,724395,13,,,0,104,,724396,13,,,0,66,,724397,13,,,0
69002,'20260629',1545,,756442,13,,,0,104,,756443,13,,,0,66,,756444,13,,,0
69002,'20260630',1545,,756445,13,,,0,104,,756446,13,,,0,66,,756447,13,,,0
