23601,'20260707',652,,882903,52,,,0,50,,882904,52,,,0,32,,882905,52,,,0,69,,882906,52,,,0,31,,882907,52,,,0
23601,'20260708',652,,882908,52,,,0,50,,882909,52,,,0,32,,882910,52,,,0,69,,882911,52,,,0,31,,882912,52,,,0
23601,'20260709',652,,882913,52,,,0,50,,882914,52,,,0,32,,882915,52,,,0,69,,882916,52,,,0,31,,882917,52,,,0
23601,'20260710',652,,909142,52,,,0,50,,909143,52,,,0,32,,909144,52,,,0,69,,909145,52,,,0,31,,909146,52,,,0
23601,'20260713',652,,854575,52,,,0,50,,854576,52,,,0,32,,854579,52,,,0,69,,854577,52,,,0,31,,854578,52,,,0
23601,'20260714',652,,854580,52,,,0,50,,854581,52,,,0,32,,854584,52,,,0,69,,854582,52,,,0,31,,854583,52,,,0
23601,'20260715',652,,882918,52,,,0,50,,882919,52,,,0,32,,882922,52,,,0,69,,882920,52,,,0,31,,882921,52,,,0
23601,'20260716',652,,882923,52,,,0,50,,882924,52,,,0,32,,882927,52,,,0,69,,882925,52,,,0,31,,882926,52,,,0
23601,'20260717',652,,882928,52,,,0,50,,882929,52,,,0,32,,882932,52,,,0,69,,882930,52,,,0,31,,882931,52,,,0
23601,'20260720',652,,909147,52,,,0,50,,909148,52,,,0,32,,909151,52,,,0,69,,909149,52,,,0,31,,909150,52,,,0
23601,'20260721',652,,909152,52,,,0,50,,909153,52,,,0,32,,909156,52,,,0,69,,909154,52,,,0,31,,909155,52,,,0
25401,'20260707',636,,883274,35,,,0,70,,883275,35,,,0,29,,883276,35,,,0,70,,883277,35,,,0,30,,883278,35,,,0
25401,'20260708',636,,883279,35,,,0,70,,883280,35,,,0,29,,883281,35,,,0,70,,883282,35,,,0,30,,883283,35,,,0
25401,'20260709',636,,883284,35,,,0,70,,883285,35,,,0,29,,883286,35,,,0,70,,883287,35,,,0,30,,883288,35,,,0
25401,'20260710',636,,909301,35,,,0,70,,909302,35,,,0,29,,909303,35,,,0,70,,909304,35,,,0,30,,909305,35,,,0
25401,'20260713',636,,854734,35,,,0,70,,854735,35,,,0,29,,854736,35,,,0,70,,854737,35,,,0,30,,854738,35,,,0
25401,'20260714',636,,854739,35,,,0,70,,854740,35,,,0,29,,854741,35,,,0,70,,854742,35,,,0,30,,854743,35,,,0
25401,'20260715',636,,883289,35,,,0,70,,883290,35,,,0,29,,883291,35,,,0,70,,883292,35,,,0,30,,883293,35,,,0
25401,'20260716',636,,883294,35,,,0,70,,883295,35,,,0,29,,883296,35,,,0,70,,883297,35,,,0,30,,883298,35,,,0
25401,'20260717',636,,883299,35,,,0,70,,883300,35,,,0,29,,883301,35,,,0,70,,883302,35,,,0,30,,883303,35,,,0
25401,'20260720',636,,909306,35,,,0,70,,909307,35,,,0,29,,909308,35,,,0,70,,909309,35,,,0,30,,909310,35,,,0
25401,'20260721',636,,909311,35,,,0,70,,909312,35,,,0,29,,909313,35,,,0,70,,909314,35,,,0,30,,909315,35,,,0
25501,'20260707',700,,883336,38,,,0,34,,883337,38,,,0,15,,883338,38,,,0,58,,883339,38,,,0
25501,'20260708',700,,883340,38,,,0,34,,883341,38,,,0,15,,883342,38,,,0,58,,883343,38,,,0
25501,'20260709',700,,883344,38,,,0,34,,883345,38,,,0,15,,883346,38,,,0,58,,883347,38,,,0
25501,'20260710',700,,909328,38,,,0,34,,909329,38,,,0,15,,909330,38,,,0,58,,909331,38,,,0
25501,'20260713',700,,854760,38,,,0,34,,854761,38,,,0,15,,854762,38,,,0,58,,854763,38,,,0
25501,'20260714',700,,854764,38,,,0,34,,854765,38,,,0,15,,854766,38,,,0,58,,854767,38,,,0
25501,'20260715',700,,883348,38,,,0,34,,883349,38,,,0,15,,883350,38,,,0,58,,883351,38,,,0
25501,'20260716',700,,883352,38,,,0,34,,883353,38,,,0,15,,883354,38,,,0,58,,883355,38,,,0
25501,'20260717',700,,883356,38,,,0,34,,883357,38,,,0,15,,883358,38,,,0,58,,883359,38,,,0
25501,'20260720',700,,909332,38,,,0,34,,909333,38,,,0,15,,909334,38,,,0,58,,909335,38,,,0
25501,'20260721',700,,909336,38,,,0,34,,909337,38,,,0,15,,909338,38,,,0,58,,909339,38,,,0
