8200,'20260526',648,,557711,54,,,0,70,,557712,54,,,0,100,,557713,54,,,0,30,,557714,54,,,0,70,,557715,54,,,0,100,,557716,54,,,0,100,,557717,54,,,0,101,,557718,54,,,0,100,,557719,54,,,0,100,,557720,54,,,0,101,,557721,54,,,0,100,,557722,54,,,0,30,,557723,54,,,0,70,,557724,54,,,0,29,,557725,54,,,0,70,,557726,54,,,0,30,,557727,54,,,0,70,,557728,54,,,0,99,,557729,54,,,0,100,,557730,54,,,0,100,,557731,54,,,0,130,,557732,54,,,0
8200,'20260527',648,,557733,54,,,0,70,,557734,54,,,0,100,,557735,54,,,0,30,,557736,54,,,0,70,,557737,54,,,0,100,,557738,54,,,0,100,,557739,54,,,0,101,,557740,54,,,0,100,,557741,54,,,0,100,,557742,54,,,0,101,,557743,54,,,0,100,,557744,54,,,0,30,,557745,54,,,0,70,,557746,54,,,0,29,,557747,54,,,0,70,,557748,54,,,0,30,,557749,54,,,0,70,,557750,54,,,0,99,,557751,54,,,0,100,,557752,54,,,0,100,,557753,54,,,0,130,,557754,54,,,0
8200,'20260528',648,,557755,54,,,0,70,,557756,54,,,0,100,,557757,54,,,0,30,,557758,54,,,0,70,,557759,54,,,0,100,,557760,54,,,0,100,,557761,54,,,0,101,,557762,54,,,0,100,,557763,54,,,0,100,,557764,54,,,0,101,,557765,54,,,0,100,,557766,54,,,0,30,,557767,54,,,0,70,,557768,54,,,0,29,,557769,54,,,0,70,,557770,54,,,0,30,,557771,54,,,0,70,,557772,54,,,0,99,,557773,54,,,0,100,,557774,54,,,0,100,,557775,54,,,0,130,,557776,54,,,0
8200,'20260529',648,,585197,54,,,0,70,,585198,54,,,0,100,,585199,54,,,0,30,,585200,54,,,0,70,,585201,54,,,0,100,,585202,54,,,0,100,,585203,54,,,0,101,,585204,54,,,0,100,,585205,54,,,0,100,,585206,54,,,0,101,,585207,54,,,0,100,,585208,54,,,0,30,,585209,54,,,0,70,,585210,54,,,0,29,,585211,54,,,0,70,,585212,54,,,0,30,,585213,54,,,0,70,,585214,54,,,0,99,,585215,54,,,0,100,,585216,54,,,0,100,,585217,54,,,0,130,,585218,54,,,0
8200,'20260530',717,,525421,54,,,0,100,,525407,54,,,0,100,,525411,54,,,0,101,,525412,54,,,0,100,,525419,54,,,0,100,,525413,54,,,0,101,,525408,54,,,0,100,,525414,54,,,0,100,,525420,54,,,0,100,,525415,54,,,0,100,,525423,54,,,0,100,,525409,54,,,0,99,,525416,54,,,0,100,,525418,54,,,0,100,,525422,54,,,0,100,,525417,54,,,0,130,,525410,54,,,0,169,,525424,54,,,0
8200,'20260531',717,,525437,54,,,0,100,,525438,54,,,0,100,,525434,54,,,0,101,,525439,54,,,0,100,,525433,54,,,0,100,,525435,54,,,0,101,,525428,54,,,0,100,,525425,54,,,0,100,,525431,54,,,0,100,,525432,54,,,0,100,,525441,54,,,0,100,,525429,54,,,0,99,,525426,54,,,0,100,,525436,54,,,0,100,,525440,54,,,0,100,,525427,54,,,0,130,,525430,54,,,0,169,,525442,54,,,0
8200,'20260601',648,,525460,54,,,0,70,,525443,54,,,0,100,,525464,54,,,0,30,,525450,54,,,0,70,,525459,54,,,0,100,,525451,54,,,0,100,,525458,54,,,0,101,,525452,54,,,0,100,,525444,54,,,0,100,,525453,54,,,0,101,,525457,54,,,0,100,,525454,54,,,0,30,,525445,54,,,0,70,,525446,54,,,0,29,,525447,54,,,0,70,,525448,54,,,0,30,,525455,54,,,0,70,,525456,54,,,0,99,,525462,54,,,0,100,,525461,54,,,0,100,,525463,54,,,0,130,,525449,54,,,0
8200,'20260602',648,,525482,54,,,0,70,,525465,54,,,0,100,,525486,54,,,0,30,,525472,54,,,0,70,,525481,54,,,0,100,,525473,54,,,0,100,,525480,54,,,0,101,,525474,54,,,0,100,,525466,54,,,0,100,,525475,54,,,0,101,,525479,54,,,0,100,,525476,54,,,0,30,,525467,54,,,0,70,,525468,54,,,0,29,,525469,54,,,0,70,,525470,54,,,0,30,,525477,54,,,0,70,,525478,54,,,0,99,,525484,54,,,0,100,,525483,54,,,0,100,,525485,54,,,0,130,,525471,54,,,0
8200,'20260603',648,,557794,54,,,0,70,,557777,54,,,0,100,,557798,54,,,0,30,,557784,54,,,0,70,,557793,54,,,0,100,,557785,54,,,0,100,,557792,54,,,0,101,,557786,54,,,0,100,,557778,54,,,0,100,,557787,54,,,0,101,,557791,54,,,0,100,,557788,54,,,0,30,,557779,54,,,0,70,,557780,54,,,0,29,,557781,54,,,0,70,,557782,54,,,0,30,,557789,54,,,0,70,,557790,54,,,0,99,,557796,54,,,0,100,,557795,54,,,0,100,,557797,54,,,0,130,,557783,54,,,0
8200,'20260604',648,,557816,54,,,0,70,,557799,54,,,0,100,,557820,54,,,0,30,,557806,54,,,0,70,,557815,54,,,0,100,,557807,54,,,0,100,,557814,54,,,0,101,,557808,54,,,0,100,,557800,54,,,0,100,,557809,54,,,0,101,,557813,54,,,0,100,,557810,54,,,0,30,,557801,54,,,0,70,,557802,54,,,0,29,,557803,54,,,0,70,,557804,54,,,0,30,,557811,54,,,0,70,,557812,54,,,0,99,,557818,54,,,0,100,,557817,54,,,0,100,,557819,54,,,0,130,,557805,54,,,0
8200,'20260605',648,,557838,54,,,0,70,,557821,54,,,0,100,,557842,54,,,0,30,,557828,54,,,0,70,,557837,54,,,0,100,,557829,54,,,0,100,,557836,54,,,0,101,,557830,54,,,0,100,,557822,54,,,0,100,,557831,54,,,0,101,,557835,54,,,0,100,,557832,54,,,0,30,,557823,54,,,0,70,,557824,54,,,0,29,,557825,54,,,0,70,,557826,54,,,0,30,,557833,54,,,0,70,,557834,54,,,0,99,,557840,54,,,0,100,,557839,54,,,0,100,,557841,54,,,0,130,,557827,54,,,0
8200,'20260606',717,,585233,54,,,0,100,,585219,54,,,0,100,,585223,54,,,0,101,,585224,54,,,0,100,,585231,54,,,0,100,,585225,54,,,0,101,,585220,54,,,0,100,,585226,54,,,0,100,,585232,54,,,0,100,,585227,54,,,0,100,,585235,54,,,0,100,,585221,54,,,0,99,,585228,54,,,0,100,,585230,54,,,0,100,,585234,54,,,0,100,,585229,54,,,0,130,,585222,54,,,0,169,,585236,54,,,0
8200,'20260607',717,,585249,54,,,0,100,,585250,54,,,0,100,,585246,54,,,0,101,,585251,54,,,0,100,,585245,54,,,0,100,,585247,54,,,0,101,,585240,54,,,0,100,,585237,54,,,0,100,,585243,54,,,0,100,,585244,54,,,0,100,,585253,54,,,0,100,,585241,54,,,0,99,,585238,54,,,0,100,,585248,54,,,0,100,,585252,54,,,0,100,,585239,54,,,0,130,,585242,54,,,0,169,,585254,54,,,0
8200,'20260608',648,,585272,54,,,0,70,,585255,54,,,0,100,,585276,54,,,0,30,,585262,54,,,0,70,,585271,54,,,0,100,,585263,54,,,0,100,,585270,54,,,0,101,,585264,54,,,0,100,,585256,54,,,0,100,,585265,54,,,0,101,,585269,54,,,0,100,,585266,54,,,0,30,,585257,54,,,0,70,,585258,54,,,0,29,,585259,54,,,0,70,,585260,54,,,0,30,,585267,54,,,0,70,,585268,54,,,0,99,,585274,54,,,0,100,,585273,54,,,0,100,,585275,54,,,0,130,,585261,54,,,0
8200,'20260609',648,,585294,54,,,0,70,,585277,54,,,0,100,,585298,54,,,0,30,,585284,54,,,0,70,,585293,54,,,0,100,,585285,54,,,0,100,,585292,54,,,0,101,,585286,54,,,0,100,,585278,54,,,0,100,,585287,54,,,0,101,,585291,54,,,0,100,,585288,54,,,0,30,,585279,54,,,0,70,,585280,54,,,0,29,,585281,54,,,0,70,,585282,54,,,0,30,,585289,54,,,0,70,,585290,54,,,0,99,,585296,54,,,0,100,,585295,54,,,0,100,,585297,54,,,0,130,,585283,54,,,0
38200,'20260526',1244,,563684,26,4,,0,409,,563685,26,4,,0,91,,563686,26,4,,0,104,,563687,26,4,,0
38200,'20260527',1244,,563688,26,4,,0,409,,563689,26,4,,0,91,,563690,26,4,,0,104,,563691,26,4,,0
38200,'20260528',1244,,563692,26,4,,0,409,,563693,26,4,,0,91,,563694,26,4,,0,104,,563695,26,4,,0
38200,'20260529',1244,,588089,26,4,,0,409,,588090,26,4,,0,91,,588091,26,4,,0,104,,588092,26,4,,0
38200,'20260601',1244,,530586,26,4,,0,409,,530587,26,4,,0,91,,530588,26,4,,0,104,,530589,26,4,,0
38200,'20260602',1244,,530590,26,4,,0,409,,530591,26,4,,0,91,,530592,26,4,,0,104,,530593,26,4,,0
38200,'20260603',1244,,563696,26,4,,0,409,,563697,26,4,,0,91,,563698,26,4,,0,104,,563699,26,4,,0
38200,'20260604',1244,,563700,26,4,,0,409,,563701,26,4,,0,91,,563702,26,4,,0,104,,563703,26,4,,0
38200,'20260605',1244,,563704,26,4,,0,409,,563705,26,4,,0,91,,563706,26,4,,0,104,,563707,26,4,,0
38200,'20260608',1244,,588093,26,4,,0,409,,588094,26,4,,0,91,,588095,26,4,,0,104,,588096,26,4,,0
38200,'20260609',1244,,588097,26,4,,0,409,,588098,26,4,,0,91,,588099,26,4,,0,104,,588100,26,4,,0
58200,'20260526',1612,,564536,24,4,,0,11,,564537,24,4,,0,32,,564538,24,4,,0,72,,564539,24,4,,0,26,,564540,24,4,,0
58200,'20260527',1612,,564541,24,4,,0,11,,564542,24,4,,0,32,,564543,24,4,,0,72,,564544,24,4,,0,26,,564545,24,4,,0
58200,'20260528',1612,,564546,24,4,,0,11,,564547,24,4,,0,32,,564548,24,4,,0,72,,564549,24,4,,0,26,,564550,24,4,,0
58200,'20260529',1612,,588422,24,4,,0,11,,588423,24,4,,0,32,,588424,24,4,,0,72,,588425,24,4,,0,26,,588426,24,4,,0
58200,'20260601',1612,,531263,24,4,,0,11,,531264,24,4,,0,32,,531261,24,4,,0,72,,531262,24,4,,0,26,,531260,24,4,,0
58200,'20260602',1612,,531268,24,4,,0,11,,531269,24,4,,0,32,,531266,24,4,,0,72,,531267,24,4,,0,26,,531265,24,4,,0
58200,'20260603',1612,,564554,24,4,,0,11,,564555,24,4,,0,32,,564552,24,4,,0,72,,564553,24,4,,0,26,,564551,24,4,,0
58200,'20260604',1612,,564559,24,4,,0,11,,564560,24,4,,0,32,,564557,24,4,,0,72,,564558,24,4,,0,26,,564556,24,4,,0
58200,'20260605',1612,,564564,24,4,,0,11,,564565,24,4,,0,32,,564562,24,4,,0,72,,564563,24,4,,0,26,,564561,24,4,,0
58200,'20260608',1612,,588430,24,4,,0,11,,588431,24,4,,0,32,,588428,24,4,,0,72,,588429,24,4,,0,26,,588427,24,4,,0
58200,'20260609',1612,,588435,24,4,,0,11,,588436,24,4,,0,32,,588433,24,4,,0,72,,588434,24,4,,0,26,,588432,24,4,,0
98200,'20260529',2609,,595011,57,,,0
98200,'20260530',2609,,542194,57,,,0
98200,'20260605',2609,,576933,57,,,0
98200,'20260606',2609,,595012,57,,,0
