9003,'20260331',1556,,165395,28,,,0,65,,165396,28,,,0,34,,165398,28,,,0,69,,165399,28,,,0,30,,165400,28,,,0
9003,'20260401',1556,,165401,28,,,0,65,,165402,28,,,0,34,,165404,28,,,0,69,,165405,28,,,0,30,,165406,28,,,0
9003,'20260402',1556,,165407,28,,,0,65,,165408,28,,,0,34,,165410,28,,,0,69,,165411,28,,,0,30,,165412,28,,,0
9003,'20260407',1556,,165413,28,,,0,65,,165414,28,,,0,34,,165415,28,,,0,69,,165416,28,,,0,30,,165417,28,,,0
9003,'20260408',1556,,165419,28,,,0,65,,165420,28,,,0,34,,165421,28,,,0,69,,165422,28,,,0,30,,165423,28,,,0
9003,'20260409',1556,,165425,28,,,0,65,,165426,28,,,0,34,,165427,28,,,0,69,,165428,28,,,0,30,,165429,28,,,0
9003,'20260410',1556,,165431,28,,,0,65,,165432,28,,,0,34,,165433,28,,,0,69,,165434,28,,,0,30,,165435,28,,,0
9003,'20260413',1556,,165437,28,,,0,65,,165438,28,,,0,34,,165439,28,,,0,69,,165440,28,,,0,30,,165441,28,,,0
9003,'20260414',1556,,165443,28,,,0,65,,165444,28,,,0,34,,165445,28,,,0,69,,165446,28,,,0,30,,165447,28,,,0
9103,'20260331',634,,165694,42,,,0,102,,165695,42,,,0,100,,165696,42,,,0,102,,165697,42,,,0,99,,165698,42,,,0,100,,165699,42,,,0,100,,165700,42,,,0,100,,165701,42,,,0,100,,165702,42,,,0,99,,165703,42,,,0,64,,165704,42,,,0,36,,165705,42,,,0,70,,165706,42,,,0,33,,165707,42,,,0,71,,165708,42,,,0,27,,165709,42,,,0,100,,165710,42,,,0,98,,165711,42,,,0,100,,165712,42,,,0,100,,165713,42,,,0,99,,165714,42,,,0
9103,'20260401',634,,165717,42,,,0,102,,165718,42,,,0,100,,165719,42,,,0,102,,165720,42,,,0,99,,165721,42,,,0,100,,165722,42,,,0,100,,165723,42,,,0,100,,165724,42,,,0,100,,165725,42,,,0,99,,165726,42,,,0,64,,165727,42,,,0,36,,165728,42,,,0,70,,165729,42,,,0,33,,165730,42,,,0,71,,165731,42,,,0,27,,165732,42,,,0,100,,165733,42,,,0,98,,165734,42,,,0,100,,165735,42,,,0,100,,165736,42,,,0,99,,165737,42,,,0
9103,'20260402',634,,165740,42,,,0,102,,165741,42,,,0,100,,165742,42,,,0,102,,165743,42,,,0,99,,165744,42,,,0,100,,165745,42,,,0,100,,165746,42,,,0,100,,165747,42,,,0,100,,165748,42,,,0,99,,165749,42,,,0,64,,165750,42,,,0,36,,165751,42,,,0,70,,165752,42,,,0,33,,165753,42,,,0,71,,165754,42,,,0,27,,165755,42,,,0,100,,165756,42,,,0,98,,165757,42,,,0,100,,165758,42,,,0,100,,165759,42,,,0,99,,165760,42,,,0
9103,'20260403',628,,165761,42,,,0,100,,165762,42,,,0,100,,165763,42,,,0,101,,165764,42,,,0,100,,165765,42,,,0,101,,165766,42,,,0,100,,165767,42,,,0,100,,165768,42,,,0,100,,165769,42,,,0,100,,165770,42,,,0,100,,165771,42,,,0,100,,165772,42,,,0,99,,165773,42,,,0,99,,165774,42,,,0,100,,165775,42,,,0,100,,165776,42,,,0,100,,165777,42,,,0,100,,165778,42,,,0
9103,'20260404',628,,123233,42,,,0,100,,123234,42,,,0,100,,123235,42,,,0,101,,123236,42,,,0,100,,123237,42,,,0,101,,123238,42,,,0,100,,123239,42,,,0,100,,123240,42,,,0,100,,123241,42,,,0,100,,123242,42,,,0,100,,123243,42,,,0,100,,123244,42,,,0,99,,123245,42,,,0,99,,123246,42,,,0,100,,123247,42,,,0,100,,123248,42,,,0,100,,123249,42,,,0,100,,123250,42,,,0
9103,'20260405',628,,123251,42,,,0,100,,123252,42,,,0,100,,123253,42,,,0,101,,123254,42,,,0,100,,123255,42,,,0,101,,123256,42,,,0,100,,123257,42,,,0,100,,123258,42,,,0,100,,123259,42,,,0,100,,123260,42,,,0,100,,123261,42,,,0,100,,123262,42,,,0,99,,123263,42,,,0,99,,123264,42,,,0,100,,123265,42,,,0,100,,123266,42,,,0,100,,123267,42,,,0,100,,123268,42,,,0
9103,'20260406',628,,123269,42,,,0,100,,123270,42,,,0,100,,123271,42,,,0,101,,123272,42,,,0,100,,123273,42,,,0,101,,123274,42,,,0,100,,123275,42,,,0,100,,123276,42,,,0,100,,123277,42,,,0,100,,123278,42,,,0,100,,123279,42,,,0,100,,123280,42,,,0,99,,123281,42,,,0,99,,123282,42,,,0,100,,123283,42,,,0,100,,123284,42,,,0,100,,123285,42,,,0,100,,123286,42,,,0
9103,'20260407',634,,165779,42,,,0,102,,165780,42,,,0,100,,165781,42,,,0,102,,165782,42,,,0,99,,165783,42,,,0,100,,165784,42,,,0,100,,165785,42,,,0,100,,165786,42,,,0,100,,165787,42,,,0,99,,165788,42,,,0,64,,165789,42,,,0,36,,165790,42,,,0,70,,165791,42,,,0,33,,165792,42,,,0,71,,165793,42,,,0,27,,165794,42,,,0,100,,165795,42,,,0,98,,165796,42,,,0,100,,165797,42,,,0,100,,165798,42,,,0,99,,165799,42,,,0
9103,'20260408',634,,165800,42,,,0,102,,165801,42,,,0,100,,165802,42,,,0,102,,165803,42,,,0,99,,165804,42,,,0,100,,165805,42,,,0,100,,165806,42,,,0,100,,165807,42,,,0,100,,165808,42,,,0,99,,165809,42,,,0,64,,165810,42,,,0,36,,165811,42,,,0,70,,165812,42,,,0,33,,165813,42,,,0,71,,165814,42,,,0,27,,165815,42,,,0,100,,165816,42,,,0,98,,165817,42,,,0,100,,165818,42,,,0,100,,165819,42,,,0,99,,165820,42,,,0
9103,'20260409',634,,165821,42,,,0,102,,165822,42,,,0,100,,165823,42,,,0,102,,165824,42,,,0,99,,165825,42,,,0,100,,165826,42,,,0,100,,165827,42,,,0,100,,165828,42,,,0,100,,165829,42,,,0,99,,165830,42,,,0,64,,165831,42,,,0,36,,165832,42,,,0,70,,165833,42,,,0,33,,165834,42,,,0,71,,165835,42,,,0,27,,165836,42,,,0,100,,165837,42,,,0,98,,165838,42,,,0,100,,165839,42,,,0,100,,165840,42,,,0,99,,165841,42,,,0
9103,'20260410',634,,165842,42,,,0,102,,165843,42,,,0,100,,165844,42,,,0,102,,165845,42,,,0,99,,165846,42,,,0,100,,165847,42,,,0,100,,165848,42,,,0,100,,165849,42,,,0,100,,165850,42,,,0,99,,165851,42,,,0,64,,165852,42,,,0,36,,165853,42,,,0,70,,165854,42,,,0,33,,165855,42,,,0,71,,165856,42,,,0,27,,165857,42,,,0,100,,165858,42,,,0,98,,165859,42,,,0,100,,165860,42,,,0,100,,165861,42,,,0,99,,165862,42,,,0
9103,'20260411',628,,165863,42,,,0,100,,165864,42,,,0,100,,165865,42,,,0,101,,165866,42,,,0,100,,165867,42,,,0,101,,165868,42,,,0,100,,165869,42,,,0,100,,165870,42,,,0,100,,165871,42,,,0,100,,165872,42,,,0,100,,165873,42,,,0,100,,165874,42,,,0,99,,165875,42,,,0,99,,165876,42,,,0,100,,165877,42,,,0,100,,165878,42,,,0,100,,165879,42,,,0,100,,165880,42,,,0
9103,'20260412',628,,165881,42,,,0,100,,165882,42,,,0,100,,165883,42,,,0,101,,165884,42,,,0,100,,165885,42,,,0,101,,165886,42,,,0,100,,165887,42,,,0,100,,165888,42,,,0,100,,165889,42,,,0,100,,165890,42,,,0,100,,165891,42,,,0,100,,165892,42,,,0,99,,165893,42,,,0,99,,165894,42,,,0,100,,165895,42,,,0,100,,165896,42,,,0,100,,165897,42,,,0,100,,165898,42,,,0
9103,'20260413',634,,165899,42,,,0,102,,165900,42,,,0,100,,165901,42,,,0,102,,165902,42,,,0,99,,165903,42,,,0,100,,165904,42,,,0,100,,165905,42,,,0,100,,165906,42,,,0,100,,165907,42,,,0,99,,165908,42,,,0,64,,165909,42,,,0,36,,165910,42,,,0,70,,165911,42,,,0,33,,165912,42,,,0,71,,165913,42,,,0,27,,165914,42,,,0,100,,165915,42,,,0,98,,165916,42,,,0,100,,165917,42,,,0,100,,165918,42,,,0,99,,165919,42,,,0
9103,'20260414',634,,165920,42,,,0,102,,165921,42,,,0,100,,165922,42,,,0,102,,165923,42,,,0,99,,165924,42,,,0,100,,165925,42,,,0,100,,165926,42,,,0,100,,165927,42,,,0,100,,165928,42,,,0,99,,165929,42,,,0,64,,165930,42,,,0,36,,165931,42,,,0,70,,165932,42,,,0,33,,165933,42,,,0,71,,165934,42,,,0,27,,165935,42,,,0,100,,165936,42,,,0,98,,165937,42,,,0,100,,165938,42,,,0,100,,165939,42,,,0,99,,165940,42,,,0
29103,'20260331',1602,,170252,49,4,,0,33,,170253,49,4,,0,71,,170254,49,4,,0,27,,170255,49,4,,0
29103,'20260401',1602,,170256,49,4,,0,33,,170257,49,4,,0,71,,170258,49,4,,0,27,,170259,49,4,,0
29103,'20260402',1602,,170260,49,4,,0,33,,170261,49,4,,0,71,,170262,49,4,,0,27,,170263,49,4,,0
29103,'20260407',1602,,170267,49,4,,0,33,,170264,49,4,,0,71,,170266,49,4,,0,27,,170265,49,4,,0
29103,'20260408',1602,,170271,49,4,,0,33,,170268,49,4,,0,71,,170270,49,4,,0,27,,170269,49,4,,0
29103,'20260409',1602,,170275,49,4,,0,33,,170272,49,4,,0,71,,170274,49,4,,0,27,,170273,49,4,,0
29103,'20260410',1602,,170279,49,4,,0,33,,170276,49,4,,0,71,,170278,49,4,,0,27,,170277,49,4,,0
29103,'20260413',1602,,170283,49,4,,0,33,,170280,49,4,,0,71,,170282,49,4,,0,27,,170281,49,4,,0
29103,'20260414',1602,,170287,49,4,,0,33,,170284,49,4,,0,71,,170286,49,4,,0,27,,170285,49,4,,0
99103,'20260403',2628,,188786,77,,,0,130,,188787,77,,,0
99103,'20260404',2628,,143226,77,,,0,130,,143227,77,,,0
99103,'20260410',2628,,188788,77,,,0,130,,188789,77,,,0
99103,'20260411',2628,,188790,77,,,0,130,,188791,77,,,0
7009003,'20260331',1616,,189163,47,,,0
7009003,'20260401',1616,,189165,47,,,0
7009003,'20260402',1616,,189167,47,,,0
7009003,'20260407',1616,,189169,47,,,0
7009003,'20260408',1616,,189171,47,,,0
7009003,'20260409',1616,,189173,47,,,0
7009003,'20260410',1616,,189175,47,,,0
7009003,'20260413',1616,,189177,47,,,0
7009003,'20260414',1616,,189179,47,,,0
