3600,'20260619',737,,743430,42,,,0,70,,743431,42,,,0,30,,743432,42,,,0,100,,743433,42,,,0,100,,743434,42,,,0,100,,743435,42,,,0,100,,743436,42,,,0,100,,743437,42,,,0,100,,743438,42,,,0,100,,743439,42,,,0,70,,743440,42,,,0,30,,743441,42,,,0,70,,743442,42,,,0,30,,743443,42,,,0,70,,743444,42,,,0,30,,743445,42,,,0,100,,743446,42,,,0,100,,743447,42,,,0,99,,743448,42,,,0,100,,743449,42,,,0,100,,743450,42,,,0,100,,743451,42,,,0
3600,'20260620',737,,772743,42,,,0,100,,772744,42,,,0,100,,772745,42,,,0,100,,772746,42,,,0,100,,772747,42,,,0,100,,772748,42,,,0,100,,772749,42,,,0,100,,772750,42,,,0,100,,772751,42,,,0,100,,772752,42,,,0,100,,772753,42,,,0,100,,772754,42,,,0,100,,772755,42,,,0,100,,772756,42,,,0,100,,772757,42,,,0,100,,772758,42,,,0,100,,772759,42,,,0,100,,772760,42,,,0
3600,'20260621',737,,772761,42,,,0,100,,772762,42,,,0,100,,772763,42,,,0,100,,772764,42,,,0,100,,772765,42,,,0,100,,772766,42,,,0,100,,772767,42,,,0,100,,772768,42,,,0,100,,772769,42,,,0,100,,772770,42,,,0,100,,772771,42,,,0,100,,772772,42,,,0,100,,772773,42,,,0,100,,772774,42,,,0,100,,772775,42,,,0,100,,772776,42,,,0,100,,772777,42,,,0,100,,772778,42,,,0
3600,'20260622',737,,772779,42,,,0,70,,772780,42,,,0,30,,772781,42,,,0,100,,772782,42,,,0,100,,772783,42,,,0,100,,772784,42,,,0,100,,772785,42,,,0,100,,772786,42,,,0,100,,772787,42,,,0,100,,772788,42,,,0,70,,772789,42,,,0,30,,772790,42,,,0,70,,772791,42,,,0,30,,772792,42,,,0,70,,772793,42,,,0,30,,772794,42,,,0,100,,772795,42,,,0,100,,772796,42,,,0,99,,772797,42,,,0,100,,772798,42,,,0,100,,772799,42,,,0,100,,772800,42,,,0
3600,'20260623',737,,772801,42,,,0,70,,772802,42,,,0,30,,772803,42,,,0,100,,772804,42,,,0,100,,772805,42,,,0,100,,772806,42,,,0,100,,772807,42,,,0,100,,772808,42,,,0,100,,772809,42,,,0,100,,772810,42,,,0,70,,772811,42,,,0,30,,772812,42,,,0,70,,772813,42,,,0,30,,772814,42,,,0,70,,772815,42,,,0,30,,772816,42,,,0,100,,772817,42,,,0,100,,772818,42,,,0,99,,772819,42,,,0,100,,772820,42,,,0,100,,772821,42,,,0,100,,772822,42,,,0
3600,'20260624',737,,772823,42,,,0,100,,772824,42,,,0,100,,772825,42,,,0,100,,772826,42,,,0,100,,772827,42,,,0,100,,772828,42,,,0,100,,772829,42,,,0,100,,772830,42,,,0,100,,772831,42,,,0,100,,772832,42,,,0,100,,772833,42,,,0,100,,772834,42,,,0,100,,772835,42,,,0,100,,772836,42,,,0,100,,772837,42,,,0,100,,772838,42,,,0,100,,772839,42,,,0,100,,772840,42,,,0
3600,'20260625',737,,708619,42,,,0,70,,708640,42,,,0,30,,708620,42,,,0,100,,708621,42,,,0,100,,708622,42,,,0,100,,708623,42,,,0,100,,708624,42,,,0,100,,708625,42,,,0,100,,708626,42,,,0,100,,708627,42,,,0,70,,708628,42,,,0,30,,708629,42,,,0,70,,708630,42,,,0,30,,708631,42,,,0,70,,708632,42,,,0,30,,708634,42,,,0,100,,708635,42,,,0,100,,708636,42,,,0,99,,708637,42,,,0,100,,708638,42,,,0,100,,708639,42,,,0,100,,708633,42,,,0
3600,'20260626',737,,708641,42,,,0,70,,708662,42,,,0,30,,708642,42,,,0,100,,708643,42,,,0,100,,708644,42,,,0,100,,708645,42,,,0,100,,708646,42,,,0,100,,708647,42,,,0,100,,708648,42,,,0,100,,708649,42,,,0,70,,708650,42,,,0,30,,708651,42,,,0,70,,708652,42,,,0,30,,708653,42,,,0,70,,708654,42,,,0,30,,708656,42,,,0,100,,708657,42,,,0,100,,708658,42,,,0,99,,708659,42,,,0,100,,708660,42,,,0,100,,708661,42,,,0,100,,708655,42,,,0
3600,'20260627',737,,743534,42,,,0,100,,743535,42,,,0,100,,743536,42,,,0,100,,743537,42,,,0,100,,743538,42,,,0,100,,743539,42,,,0,100,,743540,42,,,0,100,,743541,42,,,0,100,,743542,42,,,0,100,,743543,42,,,0,100,,743544,42,,,0,100,,743545,42,,,0,100,,743547,42,,,0,100,,743532,42,,,0,100,,743548,42,,,0,100,,743533,42,,,0,100,,743546,42,,,0,100,,743549,42,,,0
3600,'20260628',737,,743567,42,,,0,100,,743565,42,,,0,100,,743559,42,,,0,100,,743562,42,,,0,100,,743551,42,,,0,100,,743550,42,,,0,100,,743558,42,,,0,100,,743557,42,,,0,100,,743556,42,,,0,100,,743555,42,,,0,100,,743554,42,,,0,100,,743553,42,,,0,100,,743563,42,,,0,100,,743552,42,,,0,100,,743564,42,,,0,100,,743561,42,,,0,100,,743560,42,,,0,100,,743566,42,,,0
3600,'20260629',737,,743568,42,,,0,70,,743589,42,,,0,30,,743569,42,,,0,100,,743570,42,,,0,100,,743571,42,,,0,100,,743572,42,,,0,100,,743573,42,,,0,100,,743574,42,,,0,100,,743575,42,,,0,100,,743576,42,,,0,70,,743577,42,,,0,30,,743578,42,,,0,70,,743579,42,,,0,30,,743580,42,,,0,70,,743581,42,,,0,30,,743583,42,,,0,100,,743584,42,,,0,100,,743585,42,,,0,99,,743586,42,,,0,100,,743587,42,,,0,100,,743588,42,,,0,100,,743582,42,,,0
3600,'20260630',737,,743590,42,,,0,70,,743611,42,,,0,30,,743591,42,,,0,100,,743592,42,,,0,100,,743593,42,,,0,100,,743594,42,,,0,100,,743595,42,,,0,100,,743596,42,,,0,100,,743597,42,,,0,100,,743598,42,,,0,70,,743599,42,,,0,30,,743600,42,,,0,70,,743601,42,,,0,30,,743602,42,,,0,70,,743603,42,,,0,30,,743605,42,,,0,100,,743606,42,,,0,100,,743607,42,,,0,99,,743608,42,,,0,100,,743609,42,,,0,100,,743610,42,,,0,100,,743604,42,,,0
3600,'20260701',737,,772858,42,,,0,100,,772856,42,,,0,100,,772850,42,,,0,100,,772853,42,,,0,100,,772842,42,,,0,100,,772841,42,,,0,100,,772849,42,,,0,100,,772848,42,,,0,100,,772847,42,,,0,100,,772846,42,,,0,100,,772845,42,,,0,100,,772844,42,,,0,100,,772854,42,,,0,100,,772843,42,,,0,100,,772855,42,,,0,100,,772852,42,,,0,100,,772851,42,,,0,100,,772857,42,,,0
3600,'20260702',737,,772859,42,,,0,70,,772880,42,,,0,30,,772860,42,,,0,100,,772861,42,,,0,100,,772862,42,,,0,100,,772863,42,,,0,100,,772864,42,,,0,100,,772865,42,,,0,100,,772866,42,,,0,100,,772867,42,,,0,70,,772868,42,,,0,30,,772869,42,,,0,70,,772870,42,,,0,30,,772871,42,,,0,70,,772872,42,,,0,30,,772874,42,,,0,100,,772875,42,,,0,100,,772876,42,,,0,99,,772877,42,,,0,100,,772878,42,,,0,100,,772879,42,,,0,100,,772873,42,,,0
3600,'20260703',737,,772881,42,,,0,70,,772902,42,,,0,30,,772882,42,,,0,100,,772883,42,,,0,100,,772884,42,,,0,100,,772885,42,,,0,100,,772886,42,,,0,100,,772887,42,,,0,100,,772888,42,,,0,100,,772889,42,,,0,70,,772890,42,,,0,30,,772891,42,,,0,70,,772892,42,,,0,30,,772893,42,,,0,70,,772894,42,,,0,30,,772896,42,,,0,100,,772897,42,,,0,100,,772898,42,,,0,99,,772899,42,,,0,100,,772900,42,,,0,100,,772901,42,,,0,100,,772895,42,,,0
5902,'20260619',708,,746784,9,,,0,101,,746785,9,,,0,30,,746786,9,,,0,69,,746787,9,,,0,100,,746788,9,,,0,100,,746789,9,,,0,100,,746790,9,,,0,100,,746791,9,,,0,100,,746792,9,,,0,100,,746793,9,,,0,102,,746794,9,,,0,99,,746795,9,,,0,99,,746796,9,,,0,100,,746797,9,,,0,100,,746798,9,,,0,100,,746799,9,,,0,100,,746800,9,,,0,100,,746801,9,,,0
5902,'20260620',808,,775679,9,,,0,100,,775680,9,,,0,100,,775681,9,,,0,100,,775682,9,,,0,100,,775683,9,,,0,100,,775684,9,,,0,100,,775685,9,,,0,100,,775686,9,,,0,100,,775687,9,,,0,100,,775688,9,,,0,100,,775689,9,,,0,100,,775690,9,,,0,100,,775691,9,,,0,100,,775692,9,,,0,100,,775693,9,,,0
5902,'20260621',808,,775694,9,,,0,100,,775695,9,,,0,100,,775696,9,,,0,100,,775697,9,,,0,100,,775698,9,,,0,100,,775699,9,,,0,100,,775700,9,,,0,100,,775701,9,,,0,100,,775702,9,,,0,100,,775703,9,,,0,100,,775704,9,,,0,100,,775705,9,,,0,100,,775706,9,,,0,100,,775707,9,,,0,100,,775708,9,,,0
5902,'20260622',708,,775709,9,,,0,101,,775710,9,,,0,99,,775711,9,,,0,100,,775712,9,,,0,100,,775713,9,,,0,100,,775714,9,,,0,100,,775715,9,,,0,100,,775716,9,,,0,100,,775717,9,,,0,102,,775718,9,,,0,99,,775719,9,,,0,99,,775720,9,,,0,100,,775721,9,,,0,100,,775722,9,,,0,100,,775723,9,,,0,100,,775724,9,,,0,100,,775725,9,,,0
5902,'20260623',708,,775726,9,,,0,101,,775727,9,,,0,99,,775728,9,,,0,100,,775729,9,,,0,100,,775730,9,,,0,100,,775731,9,,,0,100,,775732,9,,,0,100,,775733,9,,,0,100,,775734,9,,,0,102,,775735,9,,,0,99,,775736,9,,,0,99,,775737,9,,,0,100,,775738,9,,,0,100,,775739,9,,,0,100,,775740,9,,,0,100,,775741,9,,,0,100,,775742,9,,,0
5902,'20260624',808,,775743,9,,,0,100,,775744,9,,,0,100,,775745,9,,,0,100,,775746,9,,,0,100,,775747,9,,,0,100,,775748,9,,,0,100,,775749,9,,,0,100,,775750,9,,,0,100,,775751,9,,,0,100,,775752,9,,,0,100,,775753,9,,,0,100,,775754,9,,,0,100,,775755,9,,,0,100,,775756,9,,,0,100,,775757,9,,,0
5902,'20260625',708,,712476,9,,,0,101,,712477,9,,,0,99,,712478,9,,,0,100,,712479,9,,,0,100,,712480,9,,,0,100,,712481,9,,,0,100,,712482,9,,,0,100,,712483,9,,,0,100,,712484,9,,,0,102,,712485,9,,,0,99,,712486,9,,,0,99,,712487,9,,,0,100,,712488,9,,,0,100,,712489,9,,,0,100,,712490,9,,,0,100,,712491,9,,,0,100,,712492,9,,,0
5902,'20260626',708,,712493,9,,,0,101,,712494,9,,,0,99,,712495,9,,,0,100,,712496,9,,,0,100,,712497,9,,,0,100,,712498,9,,,0,100,,712499,9,,,0,100,,712500,9,,,0,100,,712501,9,,,0,102,,712502,9,,,0,99,,712503,9,,,0,99,,712504,9,,,0,100,,712505,9,,,0,100,,712506,9,,,0,100,,712507,9,,,0,100,,712508,9,,,0,100,,712509,9,,,0
5902,'20260627',808,,746866,9,,,0,100,,746867,9,,,0,100,,746868,9,,,0,100,,746869,9,,,0,100,,746870,9,,,0,100,,746871,9,,,0,100,,746872,9,,,0,100,,746873,9,,,0,100,,746874,9,,,0,100,,746875,9,,,0,100,,746876,9,,,0,100,,746877,9,,,0,100,,746878,9,,,0,100,,746879,9,,,0,100,,746880,9,,,0
5902,'20260628',808,,746881,9,,,0,100,,746882,9,,,0,100,,746883,9,,,0,100,,746884,9,,,0,100,,746885,9,,,0,100,,746886,9,,,0,100,,746887,9,,,0,100,,746888,9,,,0,100,,746889,9,,,0,100,,746890,9,,,0,100,,746891,9,,,0,100,,746892,9,,,0,100,,746893,9,,,0,100,,746894,9,,,0,100,,746895,9,,,0
5902,'20260629',708,,746896,9,,,0,101,,746897,9,,,0,99,,746898,9,,,0,100,,746899,9,,,0,100,,746900,9,,,0,100,,746901,9,,,0,100,,746902,9,,,0,100,,746903,9,,,0,100,,746904,9,,,0,102,,746905,9,,,0,99,,746906,9,,,0,99,,746907,9,,,0,100,,746908,9,,,0,100,,746909,9,,,0,100,,746910,9,,,0,100,,746911,9,,,0,100,,746912,9,,,0
5902,'20260630',708,,746913,9,,,0,101,,746914,9,,,0,99,,746915,9,,,0,100,,746916,9,,,0,100,,746917,9,,,0,100,,746918,9,,,0,100,,746919,9,,,0,100,,746920,9,,,0,100,,746921,9,,,0,102,,746922,9,,,0,99,,746923,9,,,0,99,,746924,9,,,0,100,,746925,9,,,0,100,,746926,9,,,0,100,,746927,9,,,0,100,,746928,9,,,0,100,,746929,9,,,0
5902,'20260701',808,,775758,9,,,0,100,,775759,9,,,0,100,,775760,9,,,0,100,,775761,9,,,0,100,,775762,9,,,0,100,,775763,9,,,0,100,,775764,9,,,0,100,,775765,9,,,0,100,,775766,9,,,0,100,,775767,9,,,0,100,,775768,9,,,0,100,,775769,9,,,0,100,,775770,9,,,0,100,,775771,9,,,0,100,,775772,9,,,0
5902,'20260702',708,,775773,9,,,0,101,,775774,9,,,0,99,,775775,9,,,0,100,,775776,9,,,0,100,,775777,9,,,0,100,,775778,9,,,0,100,,775779,9,,,0,100,,775780,9,,,0,100,,775781,9,,,0,102,,775782,9,,,0,99,,775783,9,,,0,99,,775784,9,,,0,100,,775785,9,,,0,100,,775786,9,,,0,100,,775787,9,,,0,100,,775788,9,,,0,100,,775789,9,,,0
5902,'20260703',708,,775790,9,,,0,101,,775791,9,,,0,99,,775792,9,,,0,100,,775793,9,,,0,100,,775794,9,,,0,100,,775795,9,,,0,100,,775796,9,,,0,100,,775797,9,,,0,100,,775798,9,,,0,102,,775799,9,,,0,99,,775800,9,,,0,99,,775801,9,,,0,100,,775802,9,,,0,100,,775803,9,,,0,100,,775804,9,,,0,100,,775805,9,,,0,100,,775806,9,,,0
33800,'20260619',1243,,755684,25,4,,0,409,,755685,25,4,,0,94,,755686,25,4,,0,104,,755687,25,4,,0
53800,'20260619',1656,,756026,23,4,,0,70,,756027,23,4,,0,31,,756028,23,4,,0
53800,'20260622',1701,,783549,23,4,,0,30,,783550,23,4,,0
53800,'20260623',1701,,783551,23,4,,0,30,,783552,23,4,,0
53800,'20260625',1701,,723778,23,4,,0,30,,723777,23,4,,0
53800,'20260626',1701,,723780,23,4,,0,30,,723779,23,4,,0
53800,'20260629',1701,,756034,23,4,,0,30,,756033,23,4,,0
53800,'20260630',1701,,756036,23,4,,0,30,,756035,23,4,,0
53800,'20260702',1701,,783554,23,4,,0,30,,783553,23,4,,0
53800,'20260703',1701,,783556,23,4,,0,30,,783555,23,4,,0
93600,'20260619',2559,,767706,45,,,0
93600,'20260620',2559,,793799,45,,,0
93600,'20260626',2559,,737437,45,,,0
93600,'20260627',2559,,767708,45,,,0
93600,'20260703',2559,,793800,45,,,0
1008200,'20260619',823,,767751,46,,,0
