1202,'20260526',632,,545429,8,,,0,70,,545430,8,,,0,30,,545431,8,,,0,72,,545432,8,,,0,31,,545433,8,,,0,99,,545434,8,,,0,99,,545435,8,,,0,100,,545436,8,,,0,101,,545437,8,,,0,100,,545438,8,,,0,100,,545439,8,,,0,100,,545440,8,,,0,100,,545428,8,,,0,2,,545441,8,,,0,107,,545442,8,,,0,95,,545443,8,,,0,94,,545444,8,,,0,97,,545445,8,,,0,99,,545446,8,,,0,99,,545447,8,,,0
1202,'20260527',632,,545449,8,,,0,70,,545450,8,,,0,30,,545451,8,,,0,72,,545452,8,,,0,31,,545453,8,,,0,99,,545454,8,,,0,99,,545455,8,,,0,100,,545456,8,,,0,101,,545457,8,,,0,100,,545458,8,,,0,100,,545459,8,,,0,100,,545460,8,,,0,100,,545448,8,,,0,2,,545461,8,,,0,107,,545462,8,,,0,95,,545463,8,,,0,94,,545464,8,,,0,97,,545465,8,,,0,99,,545466,8,,,0,99,,545467,8,,,0
1202,'20260528',632,,545469,8,,,0,70,,545470,8,,,0,30,,545471,8,,,0,72,,545472,8,,,0,31,,545473,8,,,0,99,,545474,8,,,0,99,,545475,8,,,0,100,,545476,8,,,0,101,,545477,8,,,0,100,,545478,8,,,0,100,,545479,8,,,0,100,,545480,8,,,0,100,,545468,8,,,0,2,,545481,8,,,0,107,,545482,8,,,0,95,,545483,8,,,0,94,,545484,8,,,0,97,,545485,8,,,0,99,,545486,8,,,0,99,,545487,8,,,0
1202,'20260529',632,,578765,8,,,0,70,,578766,8,,,0,30,,578767,8,,,0,72,,578768,8,,,0,31,,578769,8,,,0,99,,578770,8,,,0,99,,578771,8,,,0,100,,578772,8,,,0,101,,578773,8,,,0,100,,578774,8,,,0,100,,578775,8,,,0,100,,578776,8,,,0,100,,578764,8,,,0,2,,578777,8,,,0,107,,578778,8,,,0,95,,578779,8,,,0,94,,578780,8,,,0,97,,578781,8,,,0,99,,578782,8,,,0,99,,578783,8,,,0
1202,'20260530',814,,514581,8,,,0,101,,514582,8,,,0,102,,514583,8,,,0,100,,514590,8,,,0,102,,514591,8,,,0,96,,514592,8,,,0,108,,514593,8,,,0,98,,514594,8,,,0,100,,514595,8,,,0,99,,514596,8,,,0,97,,514584,8,,,0,98,,514585,8,,,0,99,,514586,8,,,0,100,,514587,8,,,0,100,,514588,8,,,0,100,,514589,8,,,0
1202,'20260531',814,,514597,8,,,0,101,,514598,8,,,0,102,,514599,8,,,0,100,,514600,8,,,0,102,,514601,8,,,0,96,,514602,8,,,0,108,,514603,8,,,0,98,,514604,8,,,0,100,,514605,8,,,0,99,,514606,8,,,0,97,,514607,8,,,0,98,,514608,8,,,0,99,,514609,8,,,0,100,,514610,8,,,0,100,,514611,8,,,0,100,,514612,8,,,0
1202,'20260601',632,,514631,8,,,0,70,,514613,8,,,0,30,,514614,8,,,0,72,,514615,8,,,0,31,,514616,8,,,0,99,,514617,8,,,0,99,,514618,8,,,0,100,,514619,8,,,0,101,,514620,8,,,0,100,,514621,8,,,0,100,,514622,8,,,0,100,,514623,8,,,0,102,,514624,8,,,0,107,,514625,8,,,0,95,,514626,8,,,0,94,,514627,8,,,0,97,,514628,8,,,0,99,,514629,8,,,0,99,,514630,8,,,0
1202,'20260602',632,,514650,8,,,0,70,,514632,8,,,0,30,,514633,8,,,0,72,,514634,8,,,0,31,,514635,8,,,0,99,,514636,8,,,0,99,,514637,8,,,0,100,,514638,8,,,0,101,,514639,8,,,0,100,,514640,8,,,0,100,,514641,8,,,0,100,,514642,8,,,0,102,,514643,8,,,0,107,,514644,8,,,0,95,,514645,8,,,0,94,,514646,8,,,0,97,,514647,8,,,0,99,,514648,8,,,0,99,,514649,8,,,0
1202,'20260603',632,,545506,8,,,0,70,,545488,8,,,0,30,,545489,8,,,0,72,,545490,8,,,0,31,,545491,8,,,0,99,,545492,8,,,0,99,,545493,8,,,0,100,,545494,8,,,0,101,,545495,8,,,0,100,,545496,8,,,0,100,,545497,8,,,0,100,,545498,8,,,0,102,,545499,8,,,0,107,,545500,8,,,0,95,,545501,8,,,0,94,,545502,8,,,0,97,,545503,8,,,0,99,,545504,8,,,0,99,,545505,8,,,0
1202,'20260604',632,,545525,8,,,0,70,,545507,8,,,0,30,,545508,8,,,0,72,,545509,8,,,0,31,,545510,8,,,0,99,,545511,8,,,0,99,,545512,8,,,0,100,,545513,8,,,0,101,,545514,8,,,0,100,,545515,8,,,0,100,,545516,8,,,0,100,,545517,8,,,0,102,,545518,8,,,0,107,,545519,8,,,0,95,,545520,8,,,0,94,,545521,8,,,0,97,,545522,8,,,0,99,,545523,8,,,0,99,,545524,8,,,0
1202,'20260605',632,,545544,8,,,0,70,,545526,8,,,0,30,,545527,8,,,0,72,,545528,8,,,0,31,,545529,8,,,0,99,,545530,8,,,0,99,,545531,8,,,0,100,,545532,8,,,0,101,,545533,8,,,0,100,,545534,8,,,0,100,,545535,8,,,0,100,,545536,8,,,0,102,,545537,8,,,0,107,,545538,8,,,0,95,,545539,8,,,0,94,,545540,8,,,0,97,,545541,8,,,0,99,,545542,8,,,0,99,,545543,8,,,0
1202,'20260606',814,,578784,8,,,0,101,,578785,8,,,0,102,,578786,8,,,0,100,,578793,8,,,0,102,,578794,8,,,0,96,,578795,8,,,0,108,,578796,8,,,0,98,,578797,8,,,0,100,,578798,8,,,0,99,,578799,8,,,0,97,,578787,8,,,0,98,,578788,8,,,0,99,,578789,8,,,0,100,,578790,8,,,0,100,,578791,8,,,0,100,,578792,8,,,0
1202,'20260607',814,,578800,8,,,0,101,,578801,8,,,0,102,,578802,8,,,0,100,,578803,8,,,0,102,,578804,8,,,0,96,,578805,8,,,0,108,,578806,8,,,0,98,,578807,8,,,0,100,,578808,8,,,0,99,,578809,8,,,0,97,,578810,8,,,0,98,,578811,8,,,0,99,,578812,8,,,0,100,,578813,8,,,0,100,,578814,8,,,0,100,,578815,8,,,0
1202,'20260608',632,,578834,8,,,0,70,,578816,8,,,0,30,,578817,8,,,0,72,,578818,8,,,0,31,,578819,8,,,0,99,,578820,8,,,0,99,,578821,8,,,0,100,,578822,8,,,0,101,,578823,8,,,0,100,,578824,8,,,0,100,,578825,8,,,0,100,,578826,8,,,0,102,,578827,8,,,0,107,,578828,8,,,0,95,,578829,8,,,0,94,,578830,8,,,0,97,,578831,8,,,0,99,,578832,8,,,0,99,,578833,8,,,0
1202,'20260609',632,,578853,8,,,0,70,,578835,8,,,0,30,,578836,8,,,0,72,,578837,8,,,0,31,,578838,8,,,0,99,,578839,8,,,0,99,,578840,8,,,0,100,,578841,8,,,0,101,,578842,8,,,0,100,,578843,8,,,0,100,,578844,8,,,0,100,,578845,8,,,0,102,,578846,8,,,0,107,,578847,8,,,0,95,,578848,8,,,0,94,,578849,8,,,0,97,,578850,8,,,0,99,,578851,8,,,0,99,,578852,8,,,0
1303,'20260526',709,,545977,47,,,0,106,,545978,47,,,0,30,,545979,47,,,0,96,,545980,47,,,0,99,,545981,47,,,0,101,,545982,47,,,0,100,,545983,47,,,0,99,,545984,47,,,0,101,,545985,47,,,0,99,,545986,47,,,0,74,,545987,47,,,0,33,,545988,47,,,0,69,,545989,47,,,0,35,,545990,47,,,0,64,,545991,47,,,0,30,,545992,47,,,0,66,,545993,47,,,0,27,,545994,47,,,0,99,,545995,47,,,0,100,,545996,47,,,0,102,,545997,47,,,0,97,,545998,47,,,0
1303,'20260527',709,,546001,47,,,0,106,,546002,47,,,0,30,,546003,47,,,0,96,,546004,47,,,0,99,,546005,47,,,0,101,,546006,47,,,0,100,,546007,47,,,0,99,,546008,47,,,0,101,,546009,47,,,0,99,,546010,47,,,0,74,,546011,47,,,0,33,,546012,47,,,0,69,,546013,47,,,0,35,,546014,47,,,0,64,,546015,47,,,0,30,,546016,47,,,0,66,,546017,47,,,0,27,,546018,47,,,0,99,,546019,47,,,0,100,,546020,47,,,0,102,,546021,47,,,0,97,,546022,47,,,0
1303,'20260528',709,,546023,47,,,0,106,,546024,47,,,0,30,,546025,47,,,0,96,,546026,47,,,0,99,,546027,47,,,0,101,,546028,47,,,0,100,,546029,47,,,0,99,,546030,47,,,0,101,,546031,47,,,0,99,,546032,47,,,0,74,,546033,47,,,0,33,,546034,47,,,0,69,,546035,47,,,0,35,,546036,47,,,0,64,,546037,47,,,0,30,,546038,47,,,0,66,,546039,47,,,0,27,,546040,47,,,0,99,,546041,47,,,0,100,,546042,47,,,0,102,,546043,47,,,0,97,,546044,47,,,0
1303,'20260529',709,,579047,47,,,0,106,,579048,47,,,0,30,,579049,47,,,0,96,,579050,47,,,0,99,,579051,47,,,0,101,,579052,47,,,0,100,,579053,47,,,0,99,,579054,47,,,0,101,,579055,47,,,0,99,,579056,47,,,0,74,,579057,47,,,0,33,,579058,47,,,0,69,,579059,47,,,0,35,,579060,47,,,0,64,,579061,47,,,0,30,,579062,47,,,0,66,,579063,47,,,0,27,,579064,47,,,0,99,,579065,47,,,0,100,,579066,47,,,0,102,,579067,47,,,0,97,,579068,47,,,0
1303,'20260530',819,,515075,47,,,0,100,,515076,47,,,0,101,,515077,47,,,0,101,,515078,47,,,0,101,,515079,47,,,0,102,,515080,47,,,0,97,,515081,47,,,0,105,,515082,47,,,0,100,,515083,47,,,0,102,,515084,47,,,0,96,,515085,47,,,0,98,,515086,47,,,0,99,,515087,47,,,0,99,,515088,47,,,0,99,,515089,47,,,0,100,,515074,47,,,0
1303,'20260531',819,,515090,47,,,0,100,,515091,47,,,0,101,,515092,47,,,0,101,,515093,47,,,0,101,,515094,47,,,0,102,,515095,47,,,0,97,,515096,47,,,0,105,,515097,47,,,0,100,,515098,47,,,0,102,,515099,47,,,0,96,,515100,47,,,0,98,,515101,47,,,0,99,,515102,47,,,0,99,,515103,47,,,0,99,,515104,47,,,0,100,,515105,47,,,0
1303,'20260601',709,,515106,47,,,0,106,,515107,47,,,0,30,,515108,47,,,0,96,,515109,47,,,0,99,,515110,47,,,0,101,,515111,47,,,0,100,,515112,47,,,0,99,,515113,47,,,0,101,,515114,47,,,0,99,,515115,47,,,0,74,,515124,47,,,0,33,,515116,47,,,0,69,,515125,47,,,0,35,,515117,47,,,0,64,,515126,47,,,0,30,,515118,47,,,0,66,,515127,47,,,0,27,,515119,47,,,0,99,,515120,47,,,0,100,,515121,47,,,0,102,,515122,47,,,0,97,,515123,47,,,0
1303,'20260602',709,,515128,47,,,0,106,,515129,47,,,0,30,,515130,47,,,0,96,,515131,47,,,0,99,,515132,47,,,0,101,,515133,47,,,0,100,,515134,47,,,0,99,,515135,47,,,0,101,,515136,47,,,0,99,,515137,47,,,0,74,,515146,47,,,0,33,,515138,47,,,0,69,,515147,47,,,0,35,,515139,47,,,0,64,,515148,47,,,0,30,,515140,47,,,0,66,,515149,47,,,0,27,,515141,47,,,0,99,,515142,47,,,0,100,,515143,47,,,0,102,,515144,47,,,0,97,,515145,47,,,0
1303,'20260603',709,,546045,47,,,0,106,,546046,47,,,0,30,,546047,47,,,0,96,,546048,47,,,0,99,,546049,47,,,0,101,,546050,47,,,0,100,,546051,47,,,0,99,,546052,47,,,0,101,,546053,47,,,0,99,,546054,47,,,0,74,,546063,47,,,0,33,,546055,47,,,0,69,,546064,47,,,0,35,,546056,47,,,0,64,,546065,47,,,0,30,,546057,47,,,0,66,,546066,47,,,0,27,,546058,47,,,0,99,,546059,47,,,0,100,,546060,47,,,0,102,,546061,47,,,0,97,,546062,47,,,0
1303,'20260604',709,,546067,47,,,0,106,,546068,47,,,0,30,,546069,47,,,0,96,,546070,47,,,0,99,,546071,47,,,0,101,,546072,47,,,0,100,,546073,47,,,0,99,,546074,47,,,0,101,,546075,47,,,0,99,,546076,47,,,0,74,,546085,47,,,0,33,,546077,47,,,0,69,,546086,47,,,0,35,,546078,47,,,0,64,,546087,47,,,0,30,,546079,47,,,0,66,,546088,47,,,0,27,,546080,47,,,0,99,,546081,47,,,0,100,,546082,47,,,0,102,,546083,47,,,0,97,,546084,47,,,0
1303,'20260605',709,,546089,47,,,0,106,,546090,47,,,0,30,,546091,47,,,0,96,,546092,47,,,0,99,,546093,47,,,0,101,,546094,47,,,0,100,,546095,47,,,0,99,,546096,47,,,0,101,,546097,47,,,0,99,,546098,47,,,0,74,,546107,47,,,0,33,,546099,47,,,0,69,,546108,47,,,0,35,,546100,47,,,0,64,,546109,47,,,0,30,,546101,47,,,0,66,,546110,47,,,0,27,,546102,47,,,0,99,,546103,47,,,0,100,,546104,47,,,0,102,,546105,47,,,0,97,,546106,47,,,0
1303,'20260606',819,,579070,47,,,0,100,,579071,47,,,0,101,,579072,47,,,0,101,,579073,47,,,0,101,,579074,47,,,0,102,,579075,47,,,0,97,,579076,47,,,0,105,,579077,47,,,0,100,,579078,47,,,0,102,,579079,47,,,0,96,,579080,47,,,0,98,,579081,47,,,0,99,,579082,47,,,0,99,,579083,47,,,0,99,,579084,47,,,0,100,,579069,47,,,0
1303,'20260607',819,,579085,47,,,0,100,,579086,47,,,0,101,,579087,47,,,0,101,,579088,47,,,0,101,,579089,47,,,0,102,,579090,47,,,0,97,,579091,47,,,0,105,,579092,47,,,0,100,,579093,47,,,0,102,,579094,47,,,0,96,,579095,47,,,0,98,,579096,47,,,0,99,,579097,47,,,0,99,,579098,47,,,0,99,,579099,47,,,0,100,,579100,47,,,0
1303,'20260608',709,,579101,47,,,0,106,,579102,47,,,0,30,,579103,47,,,0,96,,579104,47,,,0,99,,579105,47,,,0,101,,579106,47,,,0,100,,579107,47,,,0,99,,579108,47,,,0,101,,579109,47,,,0,99,,579110,47,,,0,74,,579119,47,,,0,33,,579111,47,,,0,69,,579120,47,,,0,35,,579112,47,,,0,64,,579121,47,,,0,30,,579113,47,,,0,66,,579122,47,,,0,27,,579114,47,,,0,99,,579115,47,,,0,100,,579116,47,,,0,102,,579117,47,,,0,97,,579118,47,,,0
1303,'20260609',709,,579123,47,,,0,106,,579124,47,,,0,30,,579125,47,,,0,96,,579126,47,,,0,99,,579127,47,,,0,101,,579128,47,,,0,100,,579129,47,,,0,99,,579130,47,,,0,101,,579131,47,,,0,99,,579132,47,,,0,74,,579141,47,,,0,33,,579133,47,,,0,69,,579142,47,,,0,35,,579134,47,,,0,64,,579143,47,,,0,30,,579135,47,,,0,66,,579144,47,,,0,27,,579136,47,,,0,99,,579137,47,,,0,100,,579138,47,,,0,102,,579139,47,,,0,97,,579140,47,,,0
92503,'20260529',2604,,594987,68,4,,0,130,,594988,68,4,,0
92503,'20260530',2604,,542161,68,4,,0,130,,542160,68,4,,0
92503,'20260605',2604,,576910,68,4,,0,130,,576911,68,4,,0
92503,'20260606',2604,,594990,68,4,,0,130,,594989,68,4,,0
