100,'20260619',630,,737662,2,,,1,29,,737663,2,,,1,60,,737664,2,,,1,20,,737665,2,,,1,62,,737666,2,,,1,29,,737667,2,,,1,70,,737668,2,,,1,29,,737669,2,,,1,30,,737670,2,,,1,70,,737671,2,,,1,71,,737672,2,,,1,30,,737673,2,,,1,70,,737674,2,,,1,30,,737675,2,,,1,70,,737676,2,,,1,30,,737677,2,,,1,70,,737678,2,,,1,30,,737679,2,,,1,18,,737680,2,,,1,61,,737681,2,,,1,20,,737682,2,,,1,19,,737683,2,,,1,56,,737684,2,,,1,14,,737685,2,,,1,17,,737686,2,,,1,15,,737700,2,,,1,61,,737687,2,,,1,20,,737688,2,,,1,21,,737689,2,,,1,67,,737690,2,,,1,29,,737691,2,,,1,70,,737692,2,,,1,30,,737693,2,,,1,69,,737694,2,,,1,30,,737695,2,,,1,70,,737696,2,,,1,100,,737697,2,,,1,101,,737698,2,,,1,100,,737699,2,,,1
100,'20260620',621,,767795,2,,,1,100,,767796,2,,,1,101,,767797,2,,,1,99,,767798,2,,,1,100,,767799,2,,,1,101,,767800,2,,,1,100,,767801,2,,,1,31,,767802,2,,,1,70,,767803,2,,,1,30,,767804,2,,,1,70,,767805,2,,,1,29,,767806,2,,,1,70,,767807,2,,,1,30,,767808,2,,,1,70,,767809,2,,,1,30,,767810,2,,,1,70,,767811,2,,,1,28,,767812,2,,,1,71,,767813,2,,,1,100,,767814,2,,,1,99,,767815,2,,,1,100,,767816,2,,,1,100,,767817,2,,,1,100,,767818,2,,,1,101,,767819,2,,,1
100,'20260621',621,,767820,2,,,1,100,,767821,2,,,1,101,,767822,2,,,1,99,,767823,2,,,1,100,,767824,2,,,1,101,,767825,2,,,1,100,,767826,2,,,1,31,,767827,2,,,1,70,,767828,2,,,1,30,,767829,2,,,1,70,,767830,2,,,1,29,,767831,2,,,1,70,,767832,2,,,1,30,,767833,2,,,1,70,,767834,2,,,1,30,,767835,2,,,1,70,,767836,2,,,1,28,,767837,2,,,1,71,,767838,2,,,1,100,,767839,2,,,1,99,,767840,2,,,1,100,,767841,2,,,1,100,,767842,2,,,1,100,,767843,2,,,1,101,,767844,2,,,1
100,'20260622',629,,767845,2,,,1,29,,767846,2,,,1,58,,767847,2,,,1,23,,767848,2,,,1,62,,767849,2,,,1,29,,767850,2,,,1,70,,767851,2,,,1,29,,767852,2,,,1,30,,767853,2,,,1,70,,767854,2,,,1,71,,767855,2,,,1,30,,767856,2,,,1,71,,767857,2,,,1,30,,767858,2,,,1,69,,767859,2,,,1,30,,767860,2,,,1,29,,767861,2,,,1,70,,767862,2,,,1,19,,767863,2,,,1,61,,767864,2,,,1,22,,767865,2,,,1,17,,767866,2,,,1,56,,767867,2,,,1,14,,767868,2,,,1,19,,767869,2,,,1,15,,767870,2,,,1,60,,767871,2,,,1,19,,767872,2,,,1,21,,767873,2,,,1,68,,767874,2,,,1,28,,767875,2,,,1,70,,767876,2,,,1,30,,767877,2,,,1,70,,767878,2,,,1,30,,767879,2,,,1,70,,767880,2,,,1,100,,767881,2,,,1,101,,767882,2,,,1,99,,767883,2,,,1
100,'20260623',629,,767884,2,,,1,29,,767885,2,,,1,58,,767886,2,,,1,23,,767887,2,,,1,62,,767888,2,,,1,29,,767889,2,,,1,70,,767890,2,,,1,29,,767891,2,,,1,30,,767892,2,,,1,70,,767893,2,,,1,71,,767894,2,,,1,30,,767895,2,,,1,71,,767896,2,,,1,30,,767897,2,,,1,69,,767898,2,,,1,30,,767899,2,,,1,29,,767900,2,,,1,70,,767901,2,,,1,19,,767902,2,,,1,61,,767903,2,,,1,22,,767904,2,,,1,17,,767905,2,,,1,56,,767906,2,,,1,14,,767907,2,,,1,19,,767908,2,,,1,15,,767909,2,,,1,60,,767910,2,,,1,19,,767911,2,,,1,21,,767912,2,,,1,68,,767913,2,,,1,28,,767914,2,,,1,70,,767915,2,,,1,30,,767916,2,,,1,70,,767917,2,,,1,30,,767918,2,,,1,70,,767919,2,,,1,100,,767920,2,,,1,101,,767921,2,,,1,99,,767922,2,,,1
100,'20260624',621,,767923,2,,,1,100,,767924,2,,,1,101,,767925,2,,,1,99,,767926,2,,,1,100,,767927,2,,,1,101,,767928,2,,,1,100,,767929,2,,,1,31,,767930,2,,,1,70,,767931,2,,,1,30,,767932,2,,,1,70,,767933,2,,,1,29,,767934,2,,,1,70,,767935,2,,,1,30,,767936,2,,,1,70,,767937,2,,,1,30,,767938,2,,,1,70,,767939,2,,,1,28,,767940,2,,,1,71,,767941,2,,,1,100,,767942,2,,,1,99,,767943,2,,,1,100,,767944,2,,,1,100,,767945,2,,,1,100,,767946,2,,,1,101,,767947,2,,,1
100,'20260625',629,,701700,2,,,1,29,,701669,2,,,1,58,,701702,2,,,1,23,,701670,2,,,1,62,,701671,2,,,1,29,,701672,2,,,1,70,,701673,2,,,1,29,,701674,2,,,1,30,,701675,2,,,1,70,,701676,2,,,1,71,,701677,2,,,1,30,,701678,2,,,1,71,,701679,2,,,1,30,,701680,2,,,1,69,,701681,2,,,1,30,,701682,2,,,1,29,,701683,2,,,1,70,,701684,2,,,1,19,,701685,2,,,1,61,,701703,2,,,1,22,,701686,2,,,1,17,,701704,2,,,1,56,,701707,2,,,1,14,,701687,2,,,1,19,,701705,2,,,1,15,,701688,2,,,1,60,,701706,2,,,1,19,,701689,2,,,1,21,,701690,2,,,1,68,,701691,2,,,1,28,,701692,2,,,1,70,,701693,2,,,1,30,,701694,2,,,1,70,,701695,2,,,1,30,,701696,2,,,1,70,,701697,2,,,1,100,,701698,2,,,1,101,,701699,2,,,1,99,,701701,2,,,1
100,'20260626',629,,701739,2,,,1,29,,701708,2,,,1,58,,701741,2,,,1,23,,701709,2,,,1,62,,701710,2,,,1,29,,701711,2,,,1,70,,701712,2,,,1,29,,701713,2,,,1,30,,701714,2,,,1,70,,701715,2,,,1,71,,701716,2,,,1,30,,701717,2,,,1,71,,701718,2,,,1,30,,701719,2,,,1,69,,701720,2,,,1,30,,701721,2,,,1,29,,701722,2,,,1,70,,701723,2,,,1,19,,701724,2,,,1,61,,701742,2,,,1,22,,701725,2,,,1,17,,701743,2,,,1,56,,701746,2,,,1,14,,701726,2,,,1,19,,701744,2,,,1,15,,701727,2,,,1,60,,701745,2,,,1,19,,701728,2,,,1,21,,701729,2,,,1,68,,701730,2,,,1,28,,701731,2,,,1,70,,701732,2,,,1,30,,701733,2,,,1,70,,701734,2,,,1,30,,701735,2,,,1,70,,701736,2,,,1,100,,701737,2,,,1,101,,701738,2,,,1,99,,701740,2,,,1
100,'20260627',621,,737830,2,,,1,100,,737831,2,,,1,101,,737832,2,,,1,99,,737833,2,,,1,100,,737834,2,,,1,101,,737835,2,,,1,100,,737836,2,,,1,31,,737837,2,,,1,70,,737838,2,,,1,30,,737839,2,,,1,70,,737840,2,,,1,29,,737841,2,,,1,70,,737842,2,,,1,30,,737843,2,,,1,70,,737844,2,,,1,30,,737845,2,,,1,70,,737846,2,,,1,28,,737847,2,,,1,71,,737848,2,,,1,100,,737849,2,,,1,99,,737850,2,,,1,100,,737851,2,,,1,100,,737852,2,,,1,100,,737829,2,,,1,101,,737853,2,,,1
100,'20260628',621,,737854,2,,,1,100,,737855,2,,,1,101,,737856,2,,,1,99,,737857,2,,,1,100,,737858,2,,,1,101,,737859,2,,,1,100,,737860,2,,,1,31,,737861,2,,,1,70,,737862,2,,,1,30,,737863,2,,,1,70,,737864,2,,,1,29,,737865,2,,,1,70,,737866,2,,,1,30,,737867,2,,,1,70,,737868,2,,,1,30,,737869,2,,,1,70,,737870,2,,,1,28,,737871,2,,,1,71,,737872,2,,,1,100,,737873,2,,,1,99,,737874,2,,,1,100,,737875,2,,,1,100,,737876,2,,,1,100,,737877,2,,,1,101,,737878,2,,,1
100,'20260629',629,,737910,2,,,1,29,,737879,2,,,1,58,,737912,2,,,1,23,,737880,2,,,1,62,,737881,2,,,1,29,,737882,2,,,1,70,,737883,2,,,1,29,,737884,2,,,1,30,,737885,2,,,1,70,,737886,2,,,1,71,,737887,2,,,1,30,,737888,2,,,1,71,,737889,2,,,1,30,,737890,2,,,1,69,,737891,2,,,1,30,,737892,2,,,1,29,,737893,2,,,1,70,,737894,2,,,1,19,,737895,2,,,1,61,,737913,2,,,1,22,,737896,2,,,1,17,,737914,2,,,1,56,,737917,2,,,1,14,,737897,2,,,1,19,,737915,2,,,1,15,,737898,2,,,1,60,,737916,2,,,1,19,,737899,2,,,1,21,,737900,2,,,1,68,,737901,2,,,1,28,,737902,2,,,1,70,,737903,2,,,1,30,,737904,2,,,1,70,,737905,2,,,1,30,,737906,2,,,1,70,,737907,2,,,1,100,,737908,2,,,1,101,,737909,2,,,1,99,,737911,2,,,1
100,'20260630',629,,737949,2,,,1,29,,737918,2,,,1,58,,737951,2,,,1,23,,737919,2,,,1,62,,737920,2,,,1,29,,737921,2,,,1,70,,737922,2,,,1,29,,737923,2,,,1,30,,737924,2,,,1,70,,737925,2,,,1,71,,737926,2,,,1,30,,737927,2,,,1,71,,737928,2,,,1,30,,737929,2,,,1,69,,737930,2,,,1,30,,737931,2,,,1,29,,737932,2,,,1,70,,737933,2,,,1,19,,737934,2,,,1,61,,737952,2,,,1,22,,737935,2,,,1,17,,737953,2,,,1,56,,737956,2,,,1,14,,737936,2,,,1,19,,737954,2,,,1,15,,737937,2,,,1,60,,737955,2,,,1,19,,737938,2,,,1,21,,737939,2,,,1,68,,737940,2,,,1,28,,737941,2,,,1,70,,737942,2,,,1,30,,737943,2,,,1,70,,737944,2,,,1,30,,737945,2,,,1,70,,737946,2,,,1,100,,737947,2,,,1,101,,737948,2,,,1,99,,737950,2,,,1
100,'20260701',621,,767948,2,,,1,100,,767949,2,,,1,101,,767950,2,,,1,99,,767951,2,,,1,100,,767952,2,,,1,101,,767953,2,,,1,100,,767954,2,,,1,31,,767955,2,,,1,70,,767956,2,,,1,30,,767957,2,,,1,70,,767958,2,,,1,29,,767959,2,,,1,70,,767960,2,,,1,30,,767961,2,,,1,70,,767962,2,,,1,30,,767963,2,,,1,70,,767964,2,,,1,28,,767965,2,,,1,71,,767966,2,,,1,100,,767967,2,,,1,99,,767968,2,,,1,100,,767969,2,,,1,100,,767970,2,,,1,100,,767971,2,,,1,101,,767972,2,,,1
100,'20260702',629,,768004,2,,,1,29,,767973,2,,,1,58,,768006,2,,,1,23,,767974,2,,,1,62,,767975,2,,,1,29,,767976,2,,,1,70,,767977,2,,,1,29,,767978,2,,,1,30,,767979,2,,,1,70,,767980,2,,,1,71,,767981,2,,,1,30,,767982,2,,,1,71,,767983,2,,,1,30,,767984,2,,,1,69,,767985,2,,,1,30,,767986,2,,,1,29,,767987,2,,,1,70,,767988,2,,,1,19,,767989,2,,,1,61,,768007,2,,,1,22,,767990,2,,,1,17,,768008,2,,,1,56,,768011,2,,,1,14,,767991,2,,,1,19,,768009,2,,,1,15,,767992,2,,,1,60,,768010,2,,,1,19,,767993,2,,,1,21,,767994,2,,,1,68,,767995,2,,,1,28,,767996,2,,,1,70,,767997,2,,,1,30,,767998,2,,,1,70,,767999,2,,,1,30,,768000,2,,,1,70,,768001,2,,,1,100,,768002,2,,,1,101,,768003,2,,,1,99,,768005,2,,,1
100,'20260703',629,,768043,2,,,1,29,,768012,2,,,1,58,,768045,2,,,1,23,,768013,2,,,1,62,,768014,2,,,1,29,,768015,2,,,1,70,,768016,2,,,1,29,,768017,2,,,1,30,,768018,2,,,1,70,,768019,2,,,1,71,,768020,2,,,1,30,,768021,2,,,1,71,,768022,2,,,1,30,,768023,2,,,1,69,,768024,2,,,1,30,,768025,2,,,1,29,,768026,2,,,1,70,,768027,2,,,1,19,,768028,2,,,1,61,,768046,2,,,1,22,,768029,2,,,1,17,,768047,2,,,1,56,,768050,2,,,1,14,,768030,2,,,1,19,,768048,2,,,1,15,,768031,2,,,1,60,,768049,2,,,1,19,,768032,2,,,1,21,,768033,2,,,1,68,,768034,2,,,1,28,,768035,2,,,1,70,,768036,2,,,1,30,,768037,2,,,1,70,,768038,2,,,1,30,,768039,2,,,1,70,,768040,2,,,1,100,,768041,2,,,1,101,,768042,2,,,1,99,,768044,2,,,1
