28200,'20260512',1533,,451396,16,4,,0,82,,451397,16,4,,0,34,,451398,16,4,,0,73,,451399,16,4,,0,35,,451400,16,4,,0,53,,451401,16,4,,0
28200,'20260513',1533,,478327,16,4,,0,82,,478328,16,4,,0,34,,478329,16,4,,0,73,,478330,16,4,,0,35,,478331,16,4,,0,53,,478332,16,4,,0
28200,'20260514',1533,,478333,16,4,,0,82,,478334,16,4,,0,34,,478335,16,4,,0,73,,478336,16,4,,0,35,,478337,16,4,,0,53,,478338,16,4,,0
28200,'20260515',1533,,478339,16,4,,0,82,,478340,16,4,,0,34,,478341,16,4,,0,73,,478342,16,4,,0,35,,478343,16,4,,0,53,,478344,16,4,,0
28200,'20260519',1533,,431724,16,4,,0,82,,431722,16,4,,0,34,,431720,16,4,,0,73,,431719,16,4,,0,35,,431723,16,4,,0,53,,431721,16,4,,0
28200,'20260520',1533,,451407,16,4,,0,82,,451405,16,4,,0,34,,451403,16,4,,0,73,,451402,16,4,,0,35,,451406,16,4,,0,53,,451404,16,4,,0
28200,'20260521',1533,,451413,16,4,,0,82,,451411,16,4,,0,34,,451409,16,4,,0,73,,451408,16,4,,0,35,,451412,16,4,,0,53,,451410,16,4,,0
28200,'20260522',1533,,478350,16,4,,0,82,,478348,16,4,,0,34,,478346,16,4,,0,73,,478345,16,4,,0,35,,478349,16,4,,0,53,,478347,16,4,,0
28200,'20260525',1533,,478356,16,4,,0,82,,478354,16,4,,0,34,,478352,16,4,,0,73,,478351,16,4,,0,35,,478355,16,4,,0,53,,478353,16,4,,0
28200,'20260526',1533,,478362,16,4,,0,82,,478360,16,4,,0,34,,478358,16,4,,0,73,,478357,16,4,,0,35,,478361,16,4,,0,53,,478359,16,4,,0
