10703,'20260309',1554,,27337,12,,,0,70,,27338,12,,,0,20,,27339,12,,,0,68,,27340,12,,,0,22,,27341,12,,,0,18,,27342,12,,,0,70,,27343,12,,,0
10703,'20260310',1554,,27344,12,,,0,70,,27345,12,,,0,20,,27346,12,,,0,68,,27347,12,,,0,22,,27348,12,,,0,18,,27349,12,,,0,70,,27350,12,,,0
10703,'20260311',1554,,27351,12,,,0,70,,27352,12,,,0,20,,27353,12,,,0,68,,27354,12,,,0,22,,27355,12,,,0,18,,27356,12,,,0,70,,27357,12,,,0
10703,'20260312',1554,,27358,12,,,0,70,,27359,12,,,0,20,,27360,12,,,0,68,,27361,12,,,0,22,,27362,12,,,0,18,,27363,12,,,0,70,,27364,12,,,0
10703,'20260313',1554,,27365,12,,,0,70,,27366,12,,,0,20,,27367,12,,,0,68,,27368,12,,,0,22,,27369,12,,,0,18,,27370,12,,,0,70,,27371,12,,,0
10703,'20260316',1554,,27372,12,,,0,70,,27373,12,,,0,20,,27374,12,,,0,68,,27375,12,,,0,22,,27376,12,,,0,18,,27377,12,,,0,70,,27378,12,,,0
10703,'20260317',1554,,27379,12,,,0,70,,27380,12,,,0,20,,27381,12,,,0,68,,27382,12,,,0,22,,27383,12,,,0,18,,27384,12,,,0,70,,27385,12,,,0
10703,'20260318',1554,,27386,12,,,0,70,,27387,12,,,0,20,,27388,12,,,0,68,,27389,12,,,0,22,,27390,12,,,0,18,,27391,12,,,0,70,,27392,12,,,0
10703,'20260319',1554,,27393,12,,,0,70,,27394,12,,,0,20,,27395,12,,,0,68,,27396,12,,,0,22,,27397,12,,,0,18,,27398,12,,,0,70,,27399,12,,,0
10703,'20260320',1554,,27400,12,,,0,70,,27401,12,,,0,20,,27402,12,,,0,68,,27403,12,,,0,22,,27404,12,,,0,18,,27405,12,,,0,70,,27406,12,,,0
80003,'20260308',607,,34262,43,,,1,15,,34263,43,,,1,15,,34264,43,,,1,15,,34265,43,,,1,55,,34266,43,,,1,15,,34267,43,,,1,16,,34268,43,,,1,15,,34269,43,,,1,55,,34270,43,,,1,16,,34271,43,,,1,15,,34272,43,,,1,15,,34273,43,,,1,55,,34274,43,,,1,15,,34275,43,,,1,15,,34276,43,,,1,16,,34277,43,,,1,55,,34278,43,,,1,15,,34279,43,,,1,15,,34280,43,,,1,15,,34281,43,,,1,56,,34282,43,,,1,15,,34283,43,,,1,15,,34284,43,,,1,15,,34285,43,,,1,55,,34286,43,,,1,15,,34287,43,,,1,16,,34288,43,,,1,15,,34289,43,,,1,55,,34290,43,,,1,15,,34291,43,,,1,15,,34292,43,,,1,15,,34293,43,,,1,55,,34294,43,,,1,15,,34295,43,,,1,15,,34296,43,,,1,15,,34297,43,,,1,55,,34298,43,,,1,15,,34299,43,,,1,15,,34300,43,,,1,15,,34301,43,,,1,55,,34302,43,,,1,14,,34303,43,,,1,15,,34304,43,,,1,16,,34305,43,,,1,54,,34306,43,,,1,15,,34307,43,,,1,15,,34308,43,,,1,15,,34309,43,,,1,55,,34310,43,,,1,14,,34311,43,,,1,14,,34312,43,,,1,15,,34313,43,,,1,55,,34314,43,,,1,14,,34315,43,,,1,15,,34316,43,,,1,15,,34317,43,,,1,55,,34318,43,,,1,15,,34319,43,,,1,15,,34320,43,,,1,15,,34321,43,,,1,55,,34322,43,,,1,15,,34323,43,,,1,15,,34324,43,,,1,15,,34325,43,,,1,55,,34326,43,,,1,15,,34327,43,,,1,14,,34328,43,,,1,15,,34329,43,,,1,55,,34330,43,,,1,15,,34331,43,,,1,15,,34332,43,,,1,15,,34333,43,,,1,55,,34334,43,,,1,14,,34335,43,,,1,15,,34336,43,,,1,15,,34337,43,,,1,55,,34338,43,,,1
80003,'20260309',553,,34339,43,,,1,55,,34340,43,,,1,15,,34341,43,,,1,17,,34342,43,,,1,15,,34343,43,,,1,57,,34344,43,,,1,12,,34345,43,,,1,11,,34346,43,,,1,8,,34347,43,,,1,8,,34348,43,,,1,8,,34349,43,,,1,49,,34350,43,,,1,8,,34351,43,,,1,8,,34352,43,,,1,8,,34353,43,,,1,8,,34354,43,,,1,7,,34355,43,,,1,8,,34356,43,,,1,47,,34357,43,,,1,9,,34358,43,,,1,10,,34359,43,,,1,10,,34360,43,,,1,10,,34361,43,,,1,10,,34362,43,,,1,50,,34363,43,,,1,10,,34364,43,,,1,10,,34365,43,,,1,10,,34366,43,,,1,10,,34367,43,,,1,10,,34368,43,,,1,50,,34369,43,,,1,10,,34370,43,,,1,10,,34371,43,,,1,10,,34372,43,,,1,11,,34373,43,,,1,10,,34374,43,,,1,50,,34375,43,,,1,10,,34376,43,,,1,10,,34377,43,,,1,10,,34378,43,,,1,10,,34379,43,,,1,10,,34380,43,,,1,50,,34381,43,,,1,10,,34382,43,,,1,10,,34383,43,,,1,10,,34384,43,,,1,10,,34385,43,,,1,10,,34386,43,,,1,50,,34387,43,,,1,10,,34388,43,,,1,10,,34389,43,,,1,10,,34390,43,,,1,10,,34391,43,,,1,10,,34392,43,,,1,50,,34393,43,,,1,10,,34394,43,,,1,10,,34395,43,,,1,10,,34396,43,,,1,10,,34397,43,,,1,10,,34398,43,,,1,50,,34399,43,,,1,10,,34400,43,,,1,11,,34401,43,,,1,10,,34402,43,,,1,10,,34403,43,,,1,10,,34404,43,,,1,50,,34405,43,,,1,10,,34406,43,,,1,10,,34407,43,,,1,9,,34408,43,,,1,10,,34409,43,,,1,10,,34410,43,,,1,54,,34411,43,,,1,14,,34412,43,,,1,15,,34413,43,,,1,15,,34414,43,,,1,53,,34415,43,,,1,16,,34416,43,,,1,15,,34417,43,,,1,13,,34418,43,,,1,55,,34419,43,,,1,15,,34420,43,,,1,15,,34421,43,,,1,15,,34422,43,,,1,55,,34423,43,,,1,15,,34424,43,,,1,15,,34425,43,,,1,15,,34426,43,,,1,55,,34427,43,,,1,15,,34428,43,,,1,15,,34429,43,,,1,15,,34430,43,,,1,55,,34431,43,,,1,14,,34432,43,,,1,15,,34433,43,,,1,15,,34434,43,,,1,54,,34435,43,,,1,15,,34436,43,,,1,15,,34437,43,,,1,15,,34438,43,,,1,55,,34439,43,,,1,14,,34440,43,,,1
80003,'20260310',553,,34441,43,,,1,55,,34442,43,,,1,15,,34443,43,,,1,17,,34444,43,,,1,15,,34445,43,,,1,57,,34446,43,,,1,12,,34447,43,,,1,11,,34448,43,,,1,8,,34449,43,,,1,8,,34450,43,,,1,8,,34451,43,,,1,49,,34452,43,,,1,8,,34453,43,,,1,8,,34454,43,,,1,8,,34455,43,,,1,8,,34456,43,,,1,7,,34457,43,,,1,8,,34458,43,,,1,47,,34459,43,,,1,9,,34460,43,,,1,10,,34461,43,,,1,10,,34462,43,,,1,10,,34463,43,,,1,10,,34464,43,,,1,50,,34465,43,,,1,10,,34466,43,,,1,10,,34467,43,,,1,10,,34468,43,,,1,10,,34469,43,,,1,10,,34470,43,,,1,50,,34471,43,,,1,10,,34472,43,,,1,10,,34473,43,,,1,10,,34474,43,,,1,11,,34475,43,,,1,10,,34476,43,,,1,50,,34477,43,,,1,10,,34478,43,,,1,10,,34479,43,,,1,10,,34480,43,,,1,10,,34481,43,,,1,10,,34482,43,,,1,50,,34483,43,,,1,10,,34484,43,,,1,10,,34485,43,,,1,10,,34486,43,,,1,10,,34487,43,,,1,10,,34488,43,,,1,50,,34489,43,,,1,10,,34490,43,,,1,10,,34491,43,,,1,10,,34492,43,,,1,10,,34493,43,,,1,10,,34494,43,,,1,50,,34495,43,,,1,10,,34496,43,,,1,10,,34497,43,,,1,10,,34498,43,,,1,10,,34499,43,,,1,10,,34500,43,,,1,50,,34501,43,,,1,10,,34502,43,,,1,11,,34503,43,,,1,10,,34504,43,,,1,10,,34505,43,,,1,10,,34506,43,,,1,50,,34507,43,,,1,10,,34508,43,,,1,10,,34509,43,,,1,9,,34510,43,,,1,10,,34511,43,,,1,10,,34512,43,,,1,54,,34513,43,,,1,14,,34514,43,,,1,15,,34515,43,,,1,15,,34516,43,,,1,53,,34517,43,,,1,16,,34518,43,,,1,15,,34519,43,,,1,13,,34520,43,,,1,55,,34521,43,,,1,15,,34522,43,,,1,15,,34523,43,,,1,15,,34524,43,,,1,55,,34525,43,,,1,15,,34526,43,,,1,15,,34527,43,,,1,15,,34528,43,,,1,55,,34529,43,,,1,15,,34530,43,,,1,15,,34531,43,,,1,15,,34532,43,,,1,55,,34533,43,,,1,14,,34534,43,,,1,15,,34535,43,,,1,15,,34536,43,,,1,54,,34537,43,,,1,15,,34538,43,,,1,15,,34539,43,,,1,15,,34540,43,,,1,55,,34541,43,,,1,14,,34542,43,,,1
80003,'20260311',553,,34543,43,,,1,55,,34544,43,,,1,15,,34545,43,,,1,17,,34546,43,,,1,15,,34547,43,,,1,57,,34548,43,,,1,12,,34549,43,,,1,11,,34550,43,,,1,8,,34551,43,,,1,8,,34552,43,,,1,8,,34553,43,,,1,49,,34554,43,,,1,8,,34555,43,,,1,8,,34556,43,,,1,8,,34557,43,,,1,8,,34558,43,,,1,7,,34559,43,,,1,8,,34560,43,,,1,47,,34561,43,,,1,9,,34562,43,,,1,10,,34563,43,,,1,10,,34564,43,,,1,10,,34565,43,,,1,10,,34566,43,,,1,50,,34567,43,,,1,10,,34568,43,,,1,10,,34569,43,,,1,10,,34570,43,,,1,10,,34571,43,,,1,10,,34572,43,,,1,50,,34573,43,,,1,10,,34574,43,,,1,10,,34575,43,,,1,10,,34576,43,,,1,11,,34577,43,,,1,10,,34578,43,,,1,50,,34579,43,,,1,10,,34580,43,,,1,10,,34581,43,,,1,10,,34582,43,,,1,10,,34583,43,,,1,10,,34584,43,,,1,50,,34585,43,,,1,10,,34586,43,,,1,10,,34587,43,,,1,10,,34588,43,,,1,10,,34589,43,,,1,10,,34590,43,,,1,50,,34591,43,,,1,10,,34592,43,,,1,10,,34593,43,,,1,10,,34594,43,,,1,10,,34595,43,,,1,10,,34596,43,,,1,50,,34597,43,,,1,10,,34598,43,,,1,10,,34599,43,,,1,10,,34600,43,,,1,10,,34601,43,,,1,10,,34602,43,,,1,50,,34603,43,,,1,10,,34604,43,,,1,11,,34605,43,,,1,10,,34606,43,,,1,10,,34607,43,,,1,10,,34608,43,,,1,50,,34609,43,,,1,10,,34610,43,,,1,10,,34611,43,,,1,9,,34612,43,,,1,10,,34613,43,,,1,10,,34614,43,,,1,54,,34615,43,,,1,14,,34616,43,,,1,15,,34617,43,,,1,15,,34618,43,,,1,53,,34619,43,,,1,16,,34620,43,,,1,15,,34621,43,,,1,13,,34622,43,,,1,55,,34623,43,,,1,15,,34624,43,,,1,15,,34625,43,,,1,15,,34626,43,,,1,55,,34627,43,,,1,15,,34628,43,,,1,15,,34629,43,,,1,15,,34630,43,,,1,55,,34631,43,,,1,15,,34632,43,,,1,15,,34633,43,,,1,15,,34634,43,,,1,55,,34635,43,,,1,14,,34636,43,,,1,15,,34637,43,,,1,15,,34638,43,,,1,54,,34639,43,,,1,15,,34640,43,,,1,15,,34641,43,,,1,15,,34642,43,,,1,55,,34643,43,,,1,14,,34644,43,,,1
80003,'20260312',553,,34645,43,,,1,55,,34646,43,,,1,15,,34647,43,,,1,17,,34648,43,,,1,15,,34649,43,,,1,57,,34650,43,,,1,12,,34651,43,,,1,11,,34652,43,,,1,8,,34653,43,,,1,8,,34654,43,,,1,8,,34655,43,,,1,49,,34656,43,,,1,8,,34657,43,,,1,8,,34658,43,,,1,8,,34659,43,,,1,8,,34660,43,,,1,7,,34661,43,,,1,8,,34662,43,,,1,47,,34663,43,,,1,9,,34664,43,,,1,10,,34665,43,,,1,10,,34666,43,,,1,10,,34667,43,,,1,10,,34668,43,,,1,50,,34669,43,,,1,10,,34670,43,,,1,10,,34671,43,,,1,10,,34672,43,,,1,10,,34673,43,,,1,10,,34674,43,,,1,50,,34675,43,,,1,10,,34676,43,,,1,10,,34677,43,,,1,10,,34678,43,,,1,11,,34679,43,,,1,10,,34680,43,,,1,50,,34681,43,,,1,10,,34682,43,,,1,10,,34683,43,,,1,10,,34684,43,,,1,10,,34685,43,,,1,10,,34686,43,,,1,50,,34687,43,,,1,10,,34688,43,,,1,10,,34689,43,,,1,10,,34690,43,,,1,10,,34691,43,,,1,10,,34692,43,,,1,50,,34693,43,,,1,10,,34694,43,,,1,10,,34695,43,,,1,10,,34696,43,,,1,10,,34697,43,,,1,10,,34698,43,,,1,50,,34699,43,,,1,10,,34700,43,,,1,10,,34701,43,,,1,10,,34702,43,,,1,10,,34703,43,,,1,10,,34704,43,,,1,50,,34705,43,,,1,10,,34706,43,,,1,11,,34707,43,,,1,10,,34708,43,,,1,10,,34709,43,,,1,10,,34710,43,,,1,50,,34711,43,,,1,10,,34712,43,,,1,10,,34713,43,,,1,9,,34714,43,,,1,10,,34715,43,,,1,10,,34716,43,,,1,54,,34717,43,,,1,14,,34718,43,,,1,15,,34719,43,,,1,15,,34720,43,,,1,53,,34721,43,,,1,16,,34722,43,,,1,15,,34723,43,,,1,13,,34724,43,,,1,55,,34725,43,,,1,15,,34726,43,,,1,15,,34727,43,,,1,15,,34728,43,,,1,55,,34729,43,,,1,15,,34730,43,,,1,15,,34731,43,,,1,15,,34732,43,,,1,55,,34733,43,,,1,15,,34734,43,,,1,15,,34735,43,,,1,15,,34736,43,,,1,55,,34737,43,,,1,14,,34738,43,,,1,15,,34739,43,,,1,15,,34740,43,,,1,54,,34741,43,,,1,15,,34742,43,,,1,15,,34743,43,,,1,15,,34744,43,,,1,55,,34745,43,,,1,14,,34746,43,,,1
80003,'20260313',553,,34747,43,,,1,55,,34748,43,,,1,15,,34749,43,,,1,17,,34750,43,,,1,15,,34751,43,,,1,57,,34752,43,,,1,12,,34753,43,,,1,11,,34754,43,,,1,8,,34755,43,,,1,8,,34756,43,,,1,8,,34757,43,,,1,49,,34758,43,,,1,8,,34759,43,,,1,8,,34760,43,,,1,8,,34761,43,,,1,8,,34762,43,,,1,7,,34763,43,,,1,8,,34764,43,,,1,47,,34765,43,,,1,9,,34766,43,,,1,10,,34767,43,,,1,10,,34768,43,,,1,10,,34769,43,,,1,10,,34770,43,,,1,50,,34771,43,,,1,10,,34772,43,,,1,10,,34773,43,,,1,10,,34774,43,,,1,10,,34775,43,,,1,10,,34776,43,,,1,50,,34777,43,,,1,10,,34778,43,,,1,10,,34779,43,,,1,10,,34780,43,,,1,11,,34781,43,,,1,10,,34782,43,,,1,50,,34783,43,,,1,10,,34784,43,,,1,10,,34785,43,,,1,10,,34786,43,,,1,10,,34787,43,,,1,10,,34788,43,,,1,50,,34789,43,,,1,10,,34790,43,,,1,10,,34791,43,,,1,10,,34792,43,,,1,10,,34793,43,,,1,10,,34794,43,,,1,50,,34795,43,,,1,10,,34796,43,,,1,10,,34797,43,,,1,10,,34798,43,,,1,10,,34799,43,,,1,10,,34800,43,,,1,50,,34801,43,,,1,10,,34802,43,,,1,10,,34803,43,,,1,10,,34804,43,,,1,10,,34805,43,,,1,10,,34806,43,,,1,50,,34807,43,,,1,10,,34808,43,,,1,11,,34809,43,,,1,10,,34810,43,,,1,10,,34811,43,,,1,10,,34812,43,,,1,50,,34813,43,,,1,10,,34814,43,,,1,10,,34815,43,,,1,9,,34816,43,,,1,10,,34817,43,,,1,10,,34818,43,,,1,54,,34819,43,,,1,14,,34820,43,,,1,15,,34821,43,,,1,15,,34822,43,,,1,53,,34823,43,,,1,16,,34824,43,,,1,15,,34825,43,,,1,13,,34826,43,,,1,55,,34827,43,,,1,15,,34828,43,,,1,15,,34829,43,,,1,15,,34830,43,,,1,55,,34831,43,,,1,15,,34832,43,,,1,15,,34833,43,,,1,15,,34834,43,,,1,55,,34835,43,,,1,15,,34836,43,,,1,15,,34837,43,,,1,15,,34838,43,,,1,55,,34839,43,,,1,14,,34840,43,,,1,15,,34841,43,,,1,15,,34842,43,,,1,54,,34843,43,,,1,15,,34844,43,,,1,15,,34845,43,,,1,15,,34846,43,,,1,55,,34847,43,,,1,14,,34848,43,,,1
80003,'20260314',607,,34849,43,,,1,15,,34850,43,,,1,15,,34851,43,,,1,15,,34852,43,,,1,55,,34853,43,,,1,15,,34854,43,,,1,16,,34855,43,,,1,15,,34856,43,,,1,55,,34857,43,,,1,16,,34858,43,,,1,15,,34859,43,,,1,15,,34860,43,,,1,55,,34861,43,,,1,15,,34862,43,,,1,15,,34863,43,,,1,16,,34864,43,,,1,55,,34865,43,,,1,15,,34866,43,,,1,15,,34867,43,,,1,15,,34868,43,,,1,56,,34869,43,,,1,15,,34870,43,,,1,15,,34871,43,,,1,15,,34872,43,,,1,55,,34873,43,,,1,15,,34874,43,,,1,16,,34875,43,,,1,15,,34876,43,,,1,55,,34877,43,,,1,15,,34878,43,,,1,15,,34879,43,,,1,15,,34880,43,,,1,55,,34881,43,,,1,15,,34882,43,,,1,15,,34883,43,,,1,15,,34884,43,,,1,55,,34885,43,,,1,15,,34886,43,,,1,15,,34887,43,,,1,15,,34888,43,,,1,55,,34889,43,,,1,14,,34890,43,,,1,15,,34891,43,,,1,16,,34892,43,,,1,54,,34893,43,,,1,15,,34894,43,,,1,15,,34895,43,,,1,15,,34896,43,,,1,55,,34897,43,,,1,14,,34898,43,,,1,14,,34899,43,,,1,15,,34900,43,,,1,55,,34901,43,,,1,14,,34902,43,,,1,15,,34903,43,,,1,15,,34904,43,,,1,55,,34905,43,,,1,15,,34906,43,,,1,15,,34907,43,,,1,15,,34908,43,,,1,55,,34909,43,,,1,15,,34910,43,,,1,15,,34911,43,,,1,15,,34912,43,,,1,55,,34913,43,,,1,15,,34914,43,,,1,14,,34915,43,,,1,15,,34916,43,,,1,55,,34917,43,,,1,15,,34918,43,,,1,15,,34919,43,,,1,15,,34920,43,,,1,55,,34921,43,,,1,14,,34922,43,,,1,15,,34923,43,,,1,15,,34924,43,,,1,55,,34925,43,,,1
80003,'20260315',607,,34926,43,,,1,15,,34927,43,,,1,15,,34928,43,,,1,15,,34929,43,,,1,55,,34930,43,,,1,15,,34931,43,,,1,16,,34932,43,,,1,15,,34933,43,,,1,55,,34934,43,,,1,16,,34935,43,,,1,15,,34936,43,,,1,15,,34937,43,,,1,55,,34938,43,,,1,15,,34939,43,,,1,15,,34940,43,,,1,16,,34941,43,,,1,55,,34942,43,,,1,15,,34943,43,,,1,15,,34944,43,,,1,15,,34945,43,,,1,56,,34946,43,,,1,15,,34947,43,,,1,15,,34948,43,,,1,15,,34949,43,,,1,55,,34950,43,,,1,15,,34951,43,,,1,16,,34952,43,,,1,15,,34953,43,,,1,55,,34954,43,,,1,15,,34955,43,,,1,15,,34956,43,,,1,15,,34957,43,,,1,55,,34958,43,,,1,15,,34959,43,,,1,15,,34960,43,,,1,15,,34961,43,,,1,55,,34962,43,,,1,15,,34963,43,,,1,15,,34964,43,,,1,15,,34965,43,,,1,55,,34966,43,,,1,14,,34967,43,,,1,15,,34968,43,,,1,16,,34969,43,,,1,54,,34970,43,,,1,15,,34971,43,,,1,15,,34972,43,,,1,15,,34973,43,,,1,55,,34974,43,,,1,14,,34975,43,,,1,14,,34976,43,,,1,15,,34977,43,,,1,55,,34978,43,,,1,14,,34979,43,,,1,15,,34980,43,,,1,15,,34981,43,,,1,55,,34982,43,,,1,15,,34983,43,,,1,15,,34984,43,,,1,15,,34985,43,,,1,55,,34986,43,,,1,15,,34987,43,,,1,15,,34988,43,,,1,15,,34989,43,,,1,55,,34990,43,,,1,15,,34991,43,,,1,14,,34992,43,,,1,15,,34993,43,,,1,55,,34994,43,,,1,15,,34995,43,,,1,15,,34996,43,,,1,15,,34997,43,,,1,55,,34998,43,,,1,14,,34999,43,,,1,15,,35000,43,,,1,15,,35001,43,,,1,55,,35002,43,,,1
80003,'20260316',553,,35006,43,,,1,55,,35035,43,,,1,15,,35031,43,,,1,17,,35011,43,,,1,15,,35034,43,,,1,57,,35008,43,,,1,12,,35020,43,,,1,11,,35103,43,,,1,8,,35102,43,,,1,8,,35025,43,,,1,8,,35101,43,,,1,49,,35100,43,,,1,8,,35099,43,,,1,8,,35098,43,,,1,8,,35015,43,,,1,8,,35097,43,,,1,7,,35096,43,,,1,8,,35095,43,,,1,47,,35094,43,,,1,9,,35093,43,,,1,10,,35092,43,,,1,10,,35091,43,,,1,10,,35090,43,,,1,10,,35089,43,,,1,50,,35088,43,,,1,10,,35087,43,,,1,10,,35086,43,,,1,10,,35085,43,,,1,10,,35084,43,,,1,10,,35083,43,,,1,50,,35082,43,,,1,10,,35081,43,,,1,10,,35080,43,,,1,10,,35079,43,,,1,11,,35078,43,,,1,10,,35077,43,,,1,50,,35076,43,,,1,10,,35075,43,,,1,10,,35074,43,,,1,10,,35073,43,,,1,10,,35072,43,,,1,10,,35071,43,,,1,50,,35070,43,,,1,10,,35069,43,,,1,10,,35068,43,,,1,10,,35067,43,,,1,10,,35066,43,,,1,10,,35065,43,,,1,50,,35064,43,,,1,10,,35063,43,,,1,10,,35062,43,,,1,10,,35061,43,,,1,10,,35060,43,,,1,10,,35059,43,,,1,50,,35022,43,,,1,10,,35058,43,,,1,10,,35057,43,,,1,10,,35033,43,,,1,10,,35032,43,,,1,10,,35056,43,,,1,50,,35029,43,,,1,10,,35055,43,,,1,11,,35037,43,,,1,10,,35036,43,,,1,10,,35017,43,,,1,10,,35038,43,,,1,50,,35054,43,,,1,10,,35010,43,,,1,10,,35003,43,,,1,9,,35026,43,,,1,10,,35053,43,,,1,10,,35005,43,,,1,54,,35004,43,,,1,14,,35052,43,,,1,15,,35051,43,,,1,15,,35007,43,,,1,53,,35009,43,,,1,16,,35050,43,,,1,15,,35027,43,,,1,13,,35049,43,,,1,55,,35013,43,,,1,15,,35012,43,,,1,15,,35048,43,,,1,15,,35014,43,,,1,55,,35047,43,,,1,15,,35046,43,,,1,15,,35016,43,,,1,15,,35045,43,,,1,55,,35019,43,,,1,15,,35018,43,,,1,15,,35044,43,,,1,15,,35021,43,,,1,55,,35043,43,,,1,14,,35023,43,,,1,15,,35042,43,,,1,15,,35024,43,,,1,54,,35041,43,,,1,15,,35028,43,,,1,15,,35040,43,,,1,15,,35030,43,,,1,55,,35039,43,,,1,14,,35104,43,,,1
80003,'20260317',553,,35108,43,,,1,55,,35137,43,,,1,15,,35133,43,,,1,17,,35113,43,,,1,15,,35136,43,,,1,57,,35110,43,,,1,12,,35122,43,,,1,11,,35205,43,,,1,8,,35204,43,,,1,8,,35127,43,,,1,8,,35203,43,,,1,49,,35202,43,,,1,8,,35201,43,,,1,8,,35200,43,,,1,8,,35117,43,,,1,8,,35199,43,,,1,7,,35198,43,,,1,8,,35197,43,,,1,47,,35196,43,,,1,9,,35195,43,,,1,10,,35194,43,,,1,10,,35193,43,,,1,10,,35192,43,,,1,10,,35191,43,,,1,50,,35190,43,,,1,10,,35189,43,,,1,10,,35188,43,,,1,10,,35187,43,,,1,10,,35186,43,,,1,10,,35185,43,,,1,50,,35184,43,,,1,10,,35183,43,,,1,10,,35182,43,,,1,10,,35181,43,,,1,11,,35180,43,,,1,10,,35179,43,,,1,50,,35178,43,,,1,10,,35177,43,,,1,10,,35176,43,,,1,10,,35175,43,,,1,10,,35174,43,,,1,10,,35173,43,,,1,50,,35172,43,,,1,10,,35171,43,,,1,10,,35170,43,,,1,10,,35169,43,,,1,10,,35168,43,,,1,10,,35167,43,,,1,50,,35166,43,,,1,10,,35165,43,,,1,10,,35164,43,,,1,10,,35163,43,,,1,10,,35162,43,,,1,10,,35161,43,,,1,50,,35124,43,,,1,10,,35160,43,,,1,10,,35159,43,,,1,10,,35135,43,,,1,10,,35134,43,,,1,10,,35158,43,,,1,50,,35131,43,,,1,10,,35157,43,,,1,11,,35139,43,,,1,10,,35138,43,,,1,10,,35119,43,,,1,10,,35140,43,,,1,50,,35156,43,,,1,10,,35112,43,,,1,10,,35105,43,,,1,9,,35128,43,,,1,10,,35155,43,,,1,10,,35107,43,,,1,54,,35106,43,,,1,14,,35154,43,,,1,15,,35153,43,,,1,15,,35109,43,,,1,53,,35111,43,,,1,16,,35152,43,,,1,15,,35129,43,,,1,13,,35151,43,,,1,55,,35115,43,,,1,15,,35114,43,,,1,15,,35150,43,,,1,15,,35116,43,,,1,55,,35149,43,,,1,15,,35148,43,,,1,15,,35118,43,,,1,15,,35147,43,,,1,55,,35121,43,,,1,15,,35120,43,,,1,15,,35146,43,,,1,15,,35123,43,,,1,55,,35145,43,,,1,14,,35125,43,,,1,15,,35144,43,,,1,15,,35126,43,,,1,54,,35143,43,,,1,15,,35130,43,,,1,15,,35142,43,,,1,15,,35132,43,,,1,55,,35141,43,,,1,14,,35206,43,,,1
80003,'20260318',553,,35210,43,,,1,55,,35239,43,,,1,15,,35235,43,,,1,17,,35215,43,,,1,15,,35238,43,,,1,57,,35212,43,,,1,12,,35224,43,,,1,11,,35307,43,,,1,8,,35306,43,,,1,8,,35229,43,,,1,8,,35305,43,,,1,49,,35304,43,,,1,8,,35303,43,,,1,8,,35302,43,,,1,8,,35219,43,,,1,8,,35301,43,,,1,7,,35300,43,,,1,8,,35299,43,,,1,47,,35298,43,,,1,9,,35297,43,,,1,10,,35296,43,,,1,10,,35295,43,,,1,10,,35294,43,,,1,10,,35293,43,,,1,50,,35292,43,,,1,10,,35291,43,,,1,10,,35290,43,,,1,10,,35289,43,,,1,10,,35288,43,,,1,10,,35287,43,,,1,50,,35286,43,,,1,10,,35285,43,,,1,10,,35284,43,,,1,10,,35283,43,,,1,11,,35282,43,,,1,10,,35281,43,,,1,50,,35280,43,,,1,10,,35279,43,,,1,10,,35278,43,,,1,10,,35277,43,,,1,10,,35276,43,,,1,10,,35275,43,,,1,50,,35274,43,,,1,10,,35273,43,,,1,10,,35272,43,,,1,10,,35271,43,,,1,10,,35270,43,,,1,10,,35269,43,,,1,50,,35268,43,,,1,10,,35267,43,,,1,10,,35266,43,,,1,10,,35265,43,,,1,10,,35264,43,,,1,10,,35263,43,,,1,50,,35226,43,,,1,10,,35262,43,,,1,10,,35261,43,,,1,10,,35237,43,,,1,10,,35236,43,,,1,10,,35260,43,,,1,50,,35233,43,,,1,10,,35259,43,,,1,11,,35241,43,,,1,10,,35240,43,,,1,10,,35221,43,,,1,10,,35242,43,,,1,50,,35258,43,,,1,10,,35214,43,,,1,10,,35207,43,,,1,9,,35230,43,,,1,10,,35257,43,,,1,10,,35209,43,,,1,54,,35208,43,,,1,14,,35256,43,,,1,15,,35255,43,,,1,15,,35211,43,,,1,53,,35213,43,,,1,16,,35254,43,,,1,15,,35231,43,,,1,13,,35253,43,,,1,55,,35217,43,,,1,15,,35216,43,,,1,15,,35252,43,,,1,15,,35218,43,,,1,55,,35251,43,,,1,15,,35250,43,,,1,15,,35220,43,,,1,15,,35249,43,,,1,55,,35223,43,,,1,15,,35222,43,,,1,15,,35248,43,,,1,15,,35225,43,,,1,55,,35247,43,,,1,14,,35227,43,,,1,15,,35246,43,,,1,15,,35228,43,,,1,54,,35245,43,,,1,15,,35232,43,,,1,15,,35244,43,,,1,15,,35234,43,,,1,55,,35243,43,,,1,14,,35308,43,,,1
80003,'20260319',553,,35312,43,,,1,55,,35341,43,,,1,15,,35337,43,,,1,17,,35317,43,,,1,15,,35340,43,,,1,57,,35314,43,,,1,12,,35326,43,,,1,11,,35409,43,,,1,8,,35408,43,,,1,8,,35331,43,,,1,8,,35407,43,,,1,49,,35406,43,,,1,8,,35405,43,,,1,8,,35404,43,,,1,8,,35321,43,,,1,8,,35403,43,,,1,7,,35402,43,,,1,8,,35401,43,,,1,47,,35400,43,,,1,9,,35399,43,,,1,10,,35398,43,,,1,10,,35397,43,,,1,10,,35396,43,,,1,10,,35395,43,,,1,50,,35394,43,,,1,10,,35393,43,,,1,10,,35392,43,,,1,10,,35391,43,,,1,10,,35390,43,,,1,10,,35389,43,,,1,50,,35388,43,,,1,10,,35387,43,,,1,10,,35386,43,,,1,10,,35385,43,,,1,11,,35384,43,,,1,10,,35383,43,,,1,50,,35382,43,,,1,10,,35381,43,,,1,10,,35380,43,,,1,10,,35379,43,,,1,10,,35378,43,,,1,10,,35377,43,,,1,50,,35376,43,,,1,10,,35375,43,,,1,10,,35374,43,,,1,10,,35373,43,,,1,10,,35372,43,,,1,10,,35371,43,,,1,50,,35370,43,,,1,10,,35369,43,,,1,10,,35368,43,,,1,10,,35367,43,,,1,10,,35366,43,,,1,10,,35365,43,,,1,50,,35328,43,,,1,10,,35364,43,,,1,10,,35363,43,,,1,10,,35339,43,,,1,10,,35338,43,,,1,10,,35362,43,,,1,50,,35335,43,,,1,10,,35361,43,,,1,11,,35343,43,,,1,10,,35342,43,,,1,10,,35323,43,,,1,10,,35344,43,,,1,50,,35360,43,,,1,10,,35316,43,,,1,10,,35309,43,,,1,9,,35332,43,,,1,10,,35359,43,,,1,10,,35311,43,,,1,54,,35310,43,,,1,14,,35358,43,,,1,15,,35357,43,,,1,15,,35313,43,,,1,53,,35315,43,,,1,16,,35356,43,,,1,15,,35333,43,,,1,13,,35355,43,,,1,55,,35319,43,,,1,15,,35318,43,,,1,15,,35354,43,,,1,15,,35320,43,,,1,55,,35353,43,,,1,15,,35352,43,,,1,15,,35322,43,,,1,15,,35351,43,,,1,55,,35325,43,,,1,15,,35324,43,,,1,15,,35350,43,,,1,15,,35327,43,,,1,55,,35349,43,,,1,14,,35329,43,,,1,15,,35348,43,,,1,15,,35330,43,,,1,54,,35347,43,,,1,15,,35334,43,,,1,15,,35346,43,,,1,15,,35336,43,,,1,55,,35345,43,,,1,14,,35410,43,,,1
80003,'20260320',553,,35414,43,,,1,55,,35443,43,,,1,15,,35439,43,,,1,17,,35419,43,,,1,15,,35442,43,,,1,57,,35416,43,,,1,12,,35428,43,,,1,11,,35511,43,,,1,8,,35510,43,,,1,8,,35433,43,,,1,8,,35509,43,,,1,49,,35508,43,,,1,8,,35507,43,,,1,8,,35506,43,,,1,8,,35423,43,,,1,8,,35505,43,,,1,7,,35504,43,,,1,8,,35503,43,,,1,47,,35502,43,,,1,9,,35501,43,,,1,10,,35500,43,,,1,10,,35499,43,,,1,10,,35498,43,,,1,10,,35497,43,,,1,50,,35496,43,,,1,10,,35495,43,,,1,10,,35494,43,,,1,10,,35493,43,,,1,10,,35492,43,,,1,10,,35491,43,,,1,50,,35490,43,,,1,10,,35489,43,,,1,10,,35488,43,,,1,10,,35487,43,,,1,11,,35486,43,,,1,10,,35485,43,,,1,50,,35484,43,,,1,10,,35483,43,,,1,10,,35482,43,,,1,10,,35481,43,,,1,10,,35480,43,,,1,10,,35479,43,,,1,50,,35478,43,,,1,10,,35477,43,,,1,10,,35476,43,,,1,10,,35475,43,,,1,10,,35474,43,,,1,10,,35473,43,,,1,50,,35472,43,,,1,10,,35471,43,,,1,10,,35470,43,,,1,10,,35469,43,,,1,10,,35468,43,,,1,10,,35467,43,,,1,50,,35430,43,,,1,10,,35466,43,,,1,10,,35465,43,,,1,10,,35441,43,,,1,10,,35440,43,,,1,10,,35464,43,,,1,50,,35437,43,,,1,10,,35463,43,,,1,11,,35445,43,,,1,10,,35444,43,,,1,10,,35425,43,,,1,10,,35446,43,,,1,50,,35462,43,,,1,10,,35418,43,,,1,10,,35411,43,,,1,9,,35434,43,,,1,10,,35461,43,,,1,10,,35413,43,,,1,54,,35412,43,,,1,14,,35460,43,,,1,15,,35459,43,,,1,15,,35415,43,,,1,53,,35417,43,,,1,16,,35458,43,,,1,15,,35435,43,,,1,13,,35457,43,,,1,55,,35421,43,,,1,15,,35420,43,,,1,15,,35456,43,,,1,15,,35422,43,,,1,55,,35455,43,,,1,15,,35454,43,,,1,15,,35424,43,,,1,15,,35453,43,,,1,55,,35427,43,,,1,15,,35426,43,,,1,15,,35452,43,,,1,15,,35429,43,,,1,55,,35451,43,,,1,14,,35431,43,,,1,15,,35450,43,,,1,15,,35432,43,,,1,54,,35449,43,,,1,15,,35436,43,,,1,15,,35448,43,,,1,15,,35438,43,,,1,55,,35447,43,,,1,14,,35512,43,,,1
80103,'20260308',614,,36853,43,,,1,15,,36854,43,,,1,15,,36855,43,,,1,15,,36856,43,,,1,55,,36857,43,,,1,16,,36858,43,,,1,15,,36859,43,,,1,55,,36860,43,,,1,16,,36861,43,,,1,15,,36862,43,,,1,15,,36863,43,,,1,55,,36864,43,,,1,15,,36865,43,,,1,15,,36866,43,,,1,15,,36867,43,,,1,56,,36868,43,,,1,15,,36869,43,,,1,15,,36870,43,,,1,15,,36871,43,,,1,56,,36872,43,,,1,15,,36873,43,,,1,15,,36874,43,,,1,15,,36875,43,,,1,55,,36876,43,,,1,15,,36877,43,,,1,16,,36878,43,,,1,15,,36879,43,,,1,55,,36880,43,,,1,15,,36881,43,,,1,15,,36882,43,,,1,15,,36883,43,,,1,55,,36884,43,,,1,15,,36885,43,,,1,15,,36886,43,,,1,15,,36887,43,,,1,55,,36888,43,,,1,15,,36889,43,,,1,15,,36890,43,,,1,15,,36891,43,,,1,55,,36892,43,,,1,15,,36893,43,,,1,14,,36894,43,,,1,16,,36895,43,,,1,55,,36896,43,,,1,14,,36897,43,,,1,15,,36898,43,,,1,16,,36899,43,,,1,54,,36900,43,,,1,15,,36901,43,,,1,14,,36902,43,,,1,15,,36903,43,,,1,55,,36904,43,,,1,14,,36905,43,,,1,15,,36906,43,,,1,15,,36907,43,,,1,55,,36908,43,,,1,15,,36909,43,,,1,15,,36910,43,,,1,15,,36911,43,,,1,55,,36912,43,,,1,15,,36913,43,,,1,15,,36914,43,,,1,15,,36915,43,,,1,55,,36916,43,,,1,15,,36917,43,,,1,15,,36918,43,,,1,14,,36919,43,,,1,55,,36920,43,,,1,15,,36921,43,,,1,15,,36922,43,,,1,15,,36923,43,,,1,55,,36924,43,,,1,14,,36925,43,,,1,15,,36926,43,,,1,15,,36927,43,,,1,15,,36928,43,,,1,55,,36929,43,,,1
80103,'20260309',545,,36930,43,,,1,55,,36931,43,,,1,15,,36932,43,,,1,17,,36933,43,,,1,15,,36934,43,,,1,57,,36935,43,,,1,14,,36936,43,,,1,11,,36937,43,,,1,10,,36938,43,,,1,8,,36939,43,,,1,8,,36940,43,,,1,49,,36941,43,,,1,8,,36942,43,,,1,8,,36943,43,,,1,8,,36944,43,,,1,8,,36945,43,,,1,8,,36946,43,,,1,7,,36947,43,,,1,6,,36948,43,,,1,49,,36949,43,,,1,10,,36950,43,,,1,10,,36951,43,,,1,10,,36952,43,,,1,10,,36953,43,,,1,10,,36954,43,,,1,50,,36955,43,,,1,10,,36956,43,,,1,10,,36957,43,,,1,10,,36958,43,,,1,10,,36959,43,,,1,10,,36960,43,,,1,50,,36961,43,,,1,10,,36962,43,,,1,10,,36963,43,,,1,10,,36964,43,,,1,11,,36965,43,,,1,10,,36966,43,,,1,50,,36967,43,,,1,10,,36968,43,,,1,10,,36969,43,,,1,10,,36970,43,,,1,10,,36971,43,,,1,10,,36972,43,,,1,50,,36973,43,,,1,10,,36974,43,,,1,10,,36975,43,,,1,10,,36976,43,,,1,10,,36977,43,,,1,10,,36978,43,,,1,50,,36979,43,,,1,10,,36980,43,,,1,10,,36981,43,,,1,10,,36982,43,,,1,10,,36983,43,,,1,10,,36984,43,,,1,50,,36985,43,,,1,10,,36986,43,,,1,10,,36987,43,,,1,10,,36988,43,,,1,10,,36989,43,,,1,10,,36990,43,,,1,51,,36991,43,,,1,9,,36992,43,,,1,10,,36993,43,,,1,11,,36994,43,,,1,10,,36995,43,,,1,10,,36996,43,,,1,50,,36997,43,,,1,10,,36998,43,,,1,10,,36999,43,,,1,9,,37000,43,,,1,10,,37001,43,,,1,12,,37002,43,,,1,54,,37003,43,,,1,15,,37004,43,,,1,15,,37005,43,,,1,13,,37006,43,,,1,55,,37007,43,,,1,15,,37008,43,,,1,14,,37009,43,,,1,14,,37010,43,,,1,55,,37011,43,,,1,15,,37012,43,,,1,15,,37013,43,,,1,15,,37014,43,,,1,55,,37015,43,,,1,15,,37016,43,,,1,15,,37017,43,,,1,15,,37018,43,,,1,55,,37019,43,,,1,15,,37020,43,,,1,15,,37021,43,,,1,15,,37022,43,,,1,55,,37023,43,,,1,14,,37024,43,,,1,15,,37025,43,,,1,14,,37026,43,,,1,55,,37027,43,,,1,15,,37028,43,,,1,15,,37029,43,,,1,15,,37030,43,,,1,55,,37031,43,,,1,14,,37032,43,,,1
80103,'20260310',545,,37033,43,,,1,55,,37034,43,,,1,15,,37035,43,,,1,17,,37036,43,,,1,15,,37037,43,,,1,57,,37038,43,,,1,14,,37039,43,,,1,11,,37040,43,,,1,10,,37041,43,,,1,8,,37042,43,,,1,8,,37043,43,,,1,49,,37044,43,,,1,8,,37045,43,,,1,8,,37046,43,,,1,8,,37047,43,,,1,8,,37048,43,,,1,8,,37049,43,,,1,7,,37050,43,,,1,6,,37051,43,,,1,49,,37052,43,,,1,10,,37053,43,,,1,10,,37054,43,,,1,10,,37055,43,,,1,10,,37056,43,,,1,10,,37057,43,,,1,50,,37058,43,,,1,10,,37059,43,,,1,10,,37060,43,,,1,10,,37061,43,,,1,10,,37062,43,,,1,10,,37063,43,,,1,50,,37064,43,,,1,10,,37065,43,,,1,10,,37066,43,,,1,10,,37067,43,,,1,11,,37068,43,,,1,10,,37069,43,,,1,50,,37070,43,,,1,10,,37071,43,,,1,10,,37072,43,,,1,10,,37073,43,,,1,10,,37074,43,,,1,10,,37075,43,,,1,50,,37076,43,,,1,10,,37077,43,,,1,10,,37078,43,,,1,10,,37079,43,,,1,10,,37080,43,,,1,10,,37081,43,,,1,50,,37082,43,,,1,10,,37083,43,,,1,10,,37084,43,,,1,10,,37085,43,,,1,10,,37086,43,,,1,10,,37087,43,,,1,50,,37088,43,,,1,10,,37089,43,,,1,10,,37090,43,,,1,10,,37091,43,,,1,10,,37092,43,,,1,10,,37093,43,,,1,51,,37094,43,,,1,9,,37095,43,,,1,10,,37096,43,,,1,11,,37097,43,,,1,10,,37098,43,,,1,10,,37099,43,,,1,50,,37100,43,,,1,10,,37101,43,,,1,10,,37102,43,,,1,9,,37103,43,,,1,10,,37104,43,,,1,12,,37105,43,,,1,54,,37106,43,,,1,15,,37107,43,,,1,15,,37108,43,,,1,13,,37109,43,,,1,55,,37110,43,,,1,15,,37111,43,,,1,14,,37112,43,,,1,14,,37113,43,,,1,55,,37114,43,,,1,15,,37115,43,,,1,15,,37116,43,,,1,15,,37117,43,,,1,55,,37118,43,,,1,15,,37119,43,,,1,15,,37120,43,,,1,15,,37121,43,,,1,55,,37122,43,,,1,15,,37123,43,,,1,15,,37124,43,,,1,15,,37125,43,,,1,55,,37126,43,,,1,14,,37127,43,,,1,15,,37128,43,,,1,14,,37129,43,,,1,55,,37130,43,,,1,15,,37131,43,,,1,15,,37132,43,,,1,15,,37133,43,,,1,55,,37134,43,,,1,14,,37135,43,,,1
80103,'20260311',545,,37136,43,,,1,55,,37137,43,,,1,15,,37138,43,,,1,17,,37139,43,,,1,15,,37140,43,,,1,57,,37141,43,,,1,14,,37142,43,,,1,11,,37143,43,,,1,10,,37144,43,,,1,8,,37145,43,,,1,8,,37146,43,,,1,49,,37147,43,,,1,8,,37148,43,,,1,8,,37149,43,,,1,8,,37150,43,,,1,8,,37151,43,,,1,8,,37152,43,,,1,7,,37153,43,,,1,6,,37154,43,,,1,49,,37155,43,,,1,10,,37156,43,,,1,10,,37157,43,,,1,10,,37158,43,,,1,10,,37159,43,,,1,10,,37160,43,,,1,50,,37161,43,,,1,10,,37162,43,,,1,10,,37163,43,,,1,10,,37164,43,,,1,10,,37165,43,,,1,10,,37166,43,,,1,50,,37167,43,,,1,10,,37168,43,,,1,10,,37169,43,,,1,10,,37170,43,,,1,11,,37171,43,,,1,10,,37172,43,,,1,50,,37173,43,,,1,10,,37174,43,,,1,10,,37175,43,,,1,10,,37176,43,,,1,10,,37177,43,,,1,10,,37178,43,,,1,50,,37179,43,,,1,10,,37180,43,,,1,10,,37181,43,,,1,10,,37182,43,,,1,10,,37183,43,,,1,10,,37184,43,,,1,50,,37185,43,,,1,10,,37186,43,,,1,10,,37187,43,,,1,10,,37188,43,,,1,10,,37189,43,,,1,10,,37190,43,,,1,50,,37191,43,,,1,10,,37192,43,,,1,10,,37193,43,,,1,10,,37194,43,,,1,10,,37195,43,,,1,10,,37196,43,,,1,51,,37197,43,,,1,9,,37198,43,,,1,10,,37199,43,,,1,11,,37200,43,,,1,10,,37201,43,,,1,10,,37202,43,,,1,50,,37203,43,,,1,10,,37204,43,,,1,10,,37205,43,,,1,9,,37206,43,,,1,10,,37207,43,,,1,12,,37208,43,,,1,54,,37209,43,,,1,15,,37210,43,,,1,15,,37211,43,,,1,13,,37212,43,,,1,55,,37213,43,,,1,15,,37214,43,,,1,14,,37215,43,,,1,14,,37216,43,,,1,55,,37217,43,,,1,15,,37218,43,,,1,15,,37219,43,,,1,15,,37220,43,,,1,55,,37221,43,,,1,15,,37222,43,,,1,15,,37223,43,,,1,15,,37224,43,,,1,55,,37225,43,,,1,15,,37226,43,,,1,15,,37227,43,,,1,15,,37228,43,,,1,55,,37229,43,,,1,14,,37230,43,,,1,15,,37231,43,,,1,14,,37232,43,,,1,55,,37233,43,,,1,15,,37234,43,,,1,15,,37235,43,,,1,15,,37236,43,,,1,55,,37237,43,,,1,14,,37238,43,,,1
80103,'20260312',545,,37239,43,,,1,55,,37240,43,,,1,15,,37241,43,,,1,17,,37242,43,,,1,15,,37243,43,,,1,57,,37244,43,,,1,14,,37245,43,,,1,11,,37246,43,,,1,10,,37247,43,,,1,8,,37248,43,,,1,8,,37249,43,,,1,49,,37250,43,,,1,8,,37251,43,,,1,8,,37252,43,,,1,8,,37253,43,,,1,8,,37254,43,,,1,8,,37255,43,,,1,7,,37256,43,,,1,6,,37257,43,,,1,49,,37258,43,,,1,10,,37259,43,,,1,10,,37260,43,,,1,10,,37261,43,,,1,10,,37262,43,,,1,10,,37263,43,,,1,50,,37264,43,,,1,10,,37265,43,,,1,10,,37266,43,,,1,10,,37267,43,,,1,10,,37268,43,,,1,10,,37269,43,,,1,50,,37270,43,,,1,10,,37271,43,,,1,10,,37272,43,,,1,10,,37273,43,,,1,11,,37274,43,,,1,10,,37275,43,,,1,50,,37276,43,,,1,10,,37277,43,,,1,10,,37278,43,,,1,10,,37279,43,,,1,10,,37280,43,,,1,10,,37281,43,,,1,50,,37282,43,,,1,10,,37283,43,,,1,10,,37284,43,,,1,10,,37285,43,,,1,10,,37286,43,,,1,10,,37287,43,,,1,50,,37288,43,,,1,10,,37289,43,,,1,10,,37290,43,,,1,10,,37291,43,,,1,10,,37292,43,,,1,10,,37293,43,,,1,50,,37294,43,,,1,10,,37295,43,,,1,10,,37296,43,,,1,10,,37297,43,,,1,10,,37298,43,,,1,10,,37299,43,,,1,51,,37300,43,,,1,9,,37301,43,,,1,10,,37302,43,,,1,11,,37303,43,,,1,10,,37304,43,,,1,10,,37305,43,,,1,50,,37306,43,,,1,10,,37307,43,,,1,10,,37308,43,,,1,9,,37309,43,,,1,10,,37310,43,,,1,12,,37311,43,,,1,54,,37312,43,,,1,15,,37313,43,,,1,15,,37314,43,,,1,13,,37315,43,,,1,55,,37316,43,,,1,15,,37317,43,,,1,14,,37318,43,,,1,14,,37319,43,,,1,55,,37320,43,,,1,15,,37321,43,,,1,15,,37322,43,,,1,15,,37323,43,,,1,55,,37324,43,,,1,15,,37325,43,,,1,15,,37326,43,,,1,15,,37327,43,,,1,55,,37328,43,,,1,15,,37329,43,,,1,15,,37330,43,,,1,15,,37331,43,,,1,55,,37332,43,,,1,14,,37333,43,,,1,15,,37334,43,,,1,14,,37335,43,,,1,55,,37336,43,,,1,15,,37337,43,,,1,15,,37338,43,,,1,15,,37339,43,,,1,55,,37340,43,,,1,14,,37341,43,,,1
80103,'20260313',545,,37342,43,,,1,55,,37343,43,,,1,15,,37344,43,,,1,17,,37345,43,,,1,15,,37346,43,,,1,57,,37347,43,,,1,14,,37348,43,,,1,11,,37349,43,,,1,10,,37350,43,,,1,8,,37351,43,,,1,8,,37352,43,,,1,49,,37353,43,,,1,8,,37354,43,,,1,8,,37355,43,,,1,8,,37356,43,,,1,8,,37357,43,,,1,8,,37358,43,,,1,7,,37359,43,,,1,6,,37360,43,,,1,49,,37361,43,,,1,10,,37362,43,,,1,10,,37363,43,,,1,10,,37364,43,,,1,10,,37365,43,,,1,10,,37366,43,,,1,50,,37367,43,,,1,10,,37368,43,,,1,10,,37369,43,,,1,10,,37370,43,,,1,10,,37371,43,,,1,10,,37372,43,,,1,50,,37373,43,,,1,10,,37374,43,,,1,10,,37375,43,,,1,10,,37376,43,,,1,11,,37377,43,,,1,10,,37378,43,,,1,50,,37379,43,,,1,10,,37380,43,,,1,10,,37381,43,,,1,10,,37382,43,,,1,10,,37383,43,,,1,10,,37384,43,,,1,50,,37385,43,,,1,10,,37386,43,,,1,10,,37387,43,,,1,10,,37388,43,,,1,10,,37389,43,,,1,10,,37390,43,,,1,50,,37391,43,,,1,10,,37392,43,,,1,10,,37393,43,,,1,10,,37394,43,,,1,10,,37395,43,,,1,10,,37396,43,,,1,50,,37397,43,,,1,10,,37398,43,,,1,10,,37399,43,,,1,10,,37400,43,,,1,10,,37401,43,,,1,10,,37402,43,,,1,51,,37403,43,,,1,9,,37404,43,,,1,10,,37405,43,,,1,11,,37406,43,,,1,10,,37407,43,,,1,10,,37408,43,,,1,50,,37409,43,,,1,10,,37410,43,,,1,10,,37411,43,,,1,9,,37412,43,,,1,10,,37413,43,,,1,12,,37414,43,,,1,54,,37415,43,,,1,15,,37416,43,,,1,15,,37417,43,,,1,13,,37418,43,,,1,55,,37419,43,,,1,15,,37420,43,,,1,14,,37421,43,,,1,14,,37422,43,,,1,55,,37423,43,,,1,15,,37424,43,,,1,15,,37425,43,,,1,15,,37426,43,,,1,55,,37427,43,,,1,15,,37428,43,,,1,15,,37429,43,,,1,15,,37430,43,,,1,55,,37431,43,,,1,15,,37432,43,,,1,15,,37433,43,,,1,15,,37434,43,,,1,55,,37435,43,,,1,14,,37436,43,,,1,15,,37437,43,,,1,14,,37438,43,,,1,55,,37439,43,,,1,15,,37440,43,,,1,15,,37441,43,,,1,15,,37442,43,,,1,55,,37443,43,,,1,14,,37444,43,,,1
80103,'20260314',614,,37445,43,,,1,15,,37446,43,,,1,15,,37447,43,,,1,15,,37448,43,,,1,55,,37449,43,,,1,16,,37450,43,,,1,15,,37451,43,,,1,55,,37452,43,,,1,16,,37453,43,,,1,15,,37454,43,,,1,15,,37455,43,,,1,55,,37456,43,,,1,15,,37457,43,,,1,15,,37458,43,,,1,15,,37459,43,,,1,56,,37460,43,,,1,15,,37461,43,,,1,15,,37462,43,,,1,15,,37463,43,,,1,56,,37464,43,,,1,15,,37465,43,,,1,15,,37466,43,,,1,15,,37467,43,,,1,55,,37468,43,,,1,15,,37469,43,,,1,16,,37470,43,,,1,15,,37471,43,,,1,55,,37472,43,,,1,15,,37473,43,,,1,15,,37474,43,,,1,15,,37475,43,,,1,55,,37476,43,,,1,15,,37477,43,,,1,15,,37478,43,,,1,15,,37479,43,,,1,55,,37480,43,,,1,15,,37481,43,,,1,15,,37482,43,,,1,15,,37483,43,,,1,55,,37484,43,,,1,15,,37485,43,,,1,14,,37486,43,,,1,16,,37487,43,,,1,55,,37488,43,,,1,14,,37489,43,,,1,15,,37490,43,,,1,16,,37491,43,,,1,54,,37492,43,,,1,15,,37493,43,,,1,14,,37494,43,,,1,15,,37495,43,,,1,55,,37496,43,,,1,14,,37497,43,,,1,15,,37498,43,,,1,15,,37499,43,,,1,55,,37500,43,,,1,15,,37501,43,,,1,15,,37502,43,,,1,15,,37503,43,,,1,55,,37504,43,,,1,15,,37505,43,,,1,15,,37506,43,,,1,15,,37507,43,,,1,55,,37508,43,,,1,15,,37509,43,,,1,15,,37510,43,,,1,14,,37511,43,,,1,55,,37512,43,,,1,15,,37513,43,,,1,15,,37514,43,,,1,15,,37515,43,,,1,55,,37516,43,,,1,14,,37517,43,,,1,15,,37518,43,,,1,15,,37519,43,,,1,15,,37520,43,,,1,55,,37521,43,,,1
80103,'20260315',614,,37522,43,,,1,15,,37523,43,,,1,15,,37524,43,,,1,15,,37525,43,,,1,55,,37526,43,,,1,16,,37527,43,,,1,15,,37528,43,,,1,55,,37529,43,,,1,16,,37530,43,,,1,15,,37531,43,,,1,15,,37532,43,,,1,55,,37533,43,,,1,15,,37534,43,,,1,15,,37535,43,,,1,15,,37536,43,,,1,56,,37537,43,,,1,15,,37538,43,,,1,15,,37539,43,,,1,15,,37540,43,,,1,56,,37541,43,,,1,15,,37542,43,,,1,15,,37543,43,,,1,15,,37544,43,,,1,55,,37545,43,,,1,15,,37546,43,,,1,16,,37547,43,,,1,15,,37548,43,,,1,55,,37549,43,,,1,15,,37550,43,,,1,15,,37551,43,,,1,15,,37552,43,,,1,55,,37553,43,,,1,15,,37554,43,,,1,15,,37555,43,,,1,15,,37556,43,,,1,55,,37557,43,,,1,15,,37558,43,,,1,15,,37559,43,,,1,15,,37560,43,,,1,55,,37561,43,,,1,15,,37562,43,,,1,14,,37563,43,,,1,16,,37564,43,,,1,55,,37565,43,,,1,14,,37566,43,,,1,15,,37567,43,,,1,16,,37568,43,,,1,54,,37569,43,,,1,15,,37570,43,,,1,14,,37571,43,,,1,15,,37572,43,,,1,55,,37573,43,,,1,14,,37574,43,,,1,15,,37575,43,,,1,15,,37576,43,,,1,55,,37577,43,,,1,15,,37578,43,,,1,15,,37579,43,,,1,15,,37580,43,,,1,55,,37581,43,,,1,15,,37582,43,,,1,15,,37583,43,,,1,15,,37584,43,,,1,55,,37585,43,,,1,15,,37586,43,,,1,15,,37587,43,,,1,14,,37588,43,,,1,55,,37589,43,,,1,15,,37590,43,,,1,15,,37591,43,,,1,15,,37592,43,,,1,55,,37593,43,,,1,14,,37594,43,,,1,15,,37595,43,,,1,15,,37596,43,,,1,15,,37597,43,,,1,55,,37598,43,,,1
80103,'20260316',545,,37700,43,,,1,55,,37599,43,,,1,15,,37600,43,,,1,17,,37601,43,,,1,15,,37602,43,,,1,57,,37603,43,,,1,14,,37604,43,,,1,11,,37605,43,,,1,10,,37606,43,,,1,8,,37607,43,,,1,8,,37608,43,,,1,49,,37609,43,,,1,8,,37610,43,,,1,8,,37611,43,,,1,8,,37612,43,,,1,8,,37613,43,,,1,8,,37614,43,,,1,7,,37615,43,,,1,6,,37616,43,,,1,49,,37617,43,,,1,10,,37618,43,,,1,10,,37619,43,,,1,10,,37620,43,,,1,10,,37621,43,,,1,10,,37622,43,,,1,50,,37623,43,,,1,10,,37624,43,,,1,10,,37625,43,,,1,10,,37626,43,,,1,10,,37627,43,,,1,10,,37628,43,,,1,50,,37629,43,,,1,10,,37630,43,,,1,10,,37631,43,,,1,10,,37632,43,,,1,11,,37633,43,,,1,10,,37634,43,,,1,50,,37635,43,,,1,10,,37636,43,,,1,10,,37637,43,,,1,10,,37638,43,,,1,10,,37639,43,,,1,10,,37640,43,,,1,50,,37641,43,,,1,10,,37642,43,,,1,10,,37643,43,,,1,10,,37644,43,,,1,10,,37645,43,,,1,10,,37646,43,,,1,50,,37647,43,,,1,10,,37648,43,,,1,10,,37649,43,,,1,10,,37650,43,,,1,10,,37651,43,,,1,10,,37652,43,,,1,50,,37653,43,,,1,10,,37654,43,,,1,10,,37655,43,,,1,10,,37656,43,,,1,10,,37657,43,,,1,10,,37658,43,,,1,51,,37659,43,,,1,9,,37660,43,,,1,10,,37661,43,,,1,11,,37662,43,,,1,10,,37663,43,,,1,10,,37664,43,,,1,50,,37665,43,,,1,10,,37666,43,,,1,10,,37667,43,,,1,9,,37668,43,,,1,10,,37669,43,,,1,12,,37670,43,,,1,54,,37671,43,,,1,15,,37672,43,,,1,15,,37673,43,,,1,13,,37674,43,,,1,55,,37675,43,,,1,15,,37676,43,,,1,14,,37677,43,,,1,14,,37678,43,,,1,55,,37679,43,,,1,15,,37680,43,,,1,15,,37681,43,,,1,15,,37682,43,,,1,55,,37683,43,,,1,15,,37684,43,,,1,15,,37685,43,,,1,15,,37686,43,,,1,55,,37687,43,,,1,15,,37688,43,,,1,15,,37689,43,,,1,15,,37690,43,,,1,55,,37691,43,,,1,14,,37692,43,,,1,15,,37693,43,,,1,14,,37694,43,,,1,55,,37695,43,,,1,15,,37696,43,,,1,15,,37697,43,,,1,15,,37698,43,,,1,55,,37699,43,,,1,14,,37701,43,,,1
80103,'20260317',545,,37803,43,,,1,55,,37702,43,,,1,15,,37703,43,,,1,17,,37704,43,,,1,15,,37705,43,,,1,57,,37706,43,,,1,14,,37707,43,,,1,11,,37708,43,,,1,10,,37709,43,,,1,8,,37710,43,,,1,8,,37711,43,,,1,49,,37712,43,,,1,8,,37713,43,,,1,8,,37714,43,,,1,8,,37715,43,,,1,8,,37716,43,,,1,8,,37717,43,,,1,7,,37718,43,,,1,6,,37719,43,,,1,49,,37720,43,,,1,10,,37721,43,,,1,10,,37722,43,,,1,10,,37723,43,,,1,10,,37724,43,,,1,10,,37725,43,,,1,50,,37726,43,,,1,10,,37727,43,,,1,10,,37728,43,,,1,10,,37729,43,,,1,10,,37730,43,,,1,10,,37731,43,,,1,50,,37732,43,,,1,10,,37733,43,,,1,10,,37734,43,,,1,10,,37735,43,,,1,11,,37736,43,,,1,10,,37737,43,,,1,50,,37738,43,,,1,10,,37739,43,,,1,10,,37740,43,,,1,10,,37741,43,,,1,10,,37742,43,,,1,10,,37743,43,,,1,50,,37744,43,,,1,10,,37745,43,,,1,10,,37746,43,,,1,10,,37747,43,,,1,10,,37748,43,,,1,10,,37749,43,,,1,50,,37750,43,,,1,10,,37751,43,,,1,10,,37752,43,,,1,10,,37753,43,,,1,10,,37754,43,,,1,10,,37755,43,,,1,50,,37756,43,,,1,10,,37757,43,,,1,10,,37758,43,,,1,10,,37759,43,,,1,10,,37760,43,,,1,10,,37761,43,,,1,51,,37762,43,,,1,9,,37763,43,,,1,10,,37764,43,,,1,11,,37765,43,,,1,10,,37766,43,,,1,10,,37767,43,,,1,50,,37768,43,,,1,10,,37769,43,,,1,10,,37770,43,,,1,9,,37771,43,,,1,10,,37772,43,,,1,12,,37773,43,,,1,54,,37774,43,,,1,15,,37775,43,,,1,15,,37776,43,,,1,13,,37777,43,,,1,55,,37778,43,,,1,15,,37779,43,,,1,14,,37780,43,,,1,14,,37781,43,,,1,55,,37782,43,,,1,15,,37783,43,,,1,15,,37784,43,,,1,15,,37785,43,,,1,55,,37786,43,,,1,15,,37787,43,,,1,15,,37788,43,,,1,15,,37789,43,,,1,55,,37790,43,,,1,15,,37791,43,,,1,15,,37792,43,,,1,15,,37793,43,,,1,55,,37794,43,,,1,14,,37795,43,,,1,15,,37796,43,,,1,14,,37797,43,,,1,55,,37798,43,,,1,15,,37799,43,,,1,15,,37800,43,,,1,15,,37801,43,,,1,55,,37802,43,,,1,14,,37804,43,,,1
80103,'20260318',545,,37906,43,,,1,55,,37805,43,,,1,15,,37806,43,,,1,17,,37807,43,,,1,15,,37808,43,,,1,57,,37809,43,,,1,14,,37810,43,,,1,11,,37811,43,,,1,10,,37812,43,,,1,8,,37813,43,,,1,8,,37814,43,,,1,49,,37815,43,,,1,8,,37816,43,,,1,8,,37817,43,,,1,8,,37818,43,,,1,8,,37819,43,,,1,8,,37820,43,,,1,7,,37821,43,,,1,6,,37822,43,,,1,49,,37823,43,,,1,10,,37824,43,,,1,10,,37825,43,,,1,10,,37826,43,,,1,10,,37827,43,,,1,10,,37828,43,,,1,50,,37829,43,,,1,10,,37830,43,,,1,10,,37831,43,,,1,10,,37832,43,,,1,10,,37833,43,,,1,10,,37834,43,,,1,50,,37835,43,,,1,10,,37836,43,,,1,10,,37837,43,,,1,10,,37838,43,,,1,11,,37839,43,,,1,10,,37840,43,,,1,50,,37841,43,,,1,10,,37842,43,,,1,10,,37843,43,,,1,10,,37844,43,,,1,10,,37845,43,,,1,10,,37846,43,,,1,50,,37847,43,,,1,10,,37848,43,,,1,10,,37849,43,,,1,10,,37850,43,,,1,10,,37851,43,,,1,10,,37852,43,,,1,50,,37853,43,,,1,10,,37854,43,,,1,10,,37855,43,,,1,10,,37856,43,,,1,10,,37857,43,,,1,10,,37858,43,,,1,50,,37859,43,,,1,10,,37860,43,,,1,10,,37861,43,,,1,10,,37862,43,,,1,10,,37863,43,,,1,10,,37864,43,,,1,51,,37865,43,,,1,9,,37866,43,,,1,10,,37867,43,,,1,11,,37868,43,,,1,10,,37869,43,,,1,10,,37870,43,,,1,50,,37871,43,,,1,10,,37872,43,,,1,10,,37873,43,,,1,9,,37874,43,,,1,10,,37875,43,,,1,12,,37876,43,,,1,54,,37877,43,,,1,15,,37878,43,,,1,15,,37879,43,,,1,13,,37880,43,,,1,55,,37881,43,,,1,15,,37882,43,,,1,14,,37883,43,,,1,14,,37884,43,,,1,55,,37885,43,,,1,15,,37886,43,,,1,15,,37887,43,,,1,15,,37888,43,,,1,55,,37889,43,,,1,15,,37890,43,,,1,15,,37891,43,,,1,15,,37892,43,,,1,55,,37893,43,,,1,15,,37894,43,,,1,15,,37895,43,,,1,15,,37896,43,,,1,55,,37897,43,,,1,14,,37898,43,,,1,15,,37899,43,,,1,14,,37900,43,,,1,55,,37901,43,,,1,15,,37902,43,,,1,15,,37903,43,,,1,15,,37904,43,,,1,55,,37905,43,,,1,14,,37907,43,,,1
80103,'20260319',545,,38009,43,,,1,55,,37908,43,,,1,15,,37909,43,,,1,17,,37910,43,,,1,15,,37911,43,,,1,57,,37912,43,,,1,14,,37913,43,,,1,11,,37914,43,,,1,10,,37915,43,,,1,8,,37916,43,,,1,8,,37917,43,,,1,49,,37918,43,,,1,8,,37919,43,,,1,8,,37920,43,,,1,8,,37921,43,,,1,8,,37922,43,,,1,8,,37923,43,,,1,7,,37924,43,,,1,6,,37925,43,,,1,49,,37926,43,,,1,10,,37927,43,,,1,10,,37928,43,,,1,10,,37929,43,,,1,10,,37930,43,,,1,10,,37931,43,,,1,50,,37932,43,,,1,10,,37933,43,,,1,10,,37934,43,,,1,10,,37935,43,,,1,10,,37936,43,,,1,10,,37937,43,,,1,50,,37938,43,,,1,10,,37939,43,,,1,10,,37940,43,,,1,10,,37941,43,,,1,11,,37942,43,,,1,10,,37943,43,,,1,50,,37944,43,,,1,10,,37945,43,,,1,10,,37946,43,,,1,10,,37947,43,,,1,10,,37948,43,,,1,10,,37949,43,,,1,50,,37950,43,,,1,10,,37951,43,,,1,10,,37952,43,,,1,10,,37953,43,,,1,10,,37954,43,,,1,10,,37955,43,,,1,50,,37956,43,,,1,10,,37957,43,,,1,10,,37958,43,,,1,10,,37959,43,,,1,10,,37960,43,,,1,10,,37961,43,,,1,50,,37962,43,,,1,10,,37963,43,,,1,10,,37964,43,,,1,10,,37965,43,,,1,10,,37966,43,,,1,10,,37967,43,,,1,51,,37968,43,,,1,9,,37969,43,,,1,10,,37970,43,,,1,11,,37971,43,,,1,10,,37972,43,,,1,10,,37973,43,,,1,50,,37974,43,,,1,10,,37975,43,,,1,10,,37976,43,,,1,9,,37977,43,,,1,10,,37978,43,,,1,12,,37979,43,,,1,54,,37980,43,,,1,15,,37981,43,,,1,15,,37982,43,,,1,13,,37983,43,,,1,55,,37984,43,,,1,15,,37985,43,,,1,14,,37986,43,,,1,14,,37987,43,,,1,55,,37988,43,,,1,15,,37989,43,,,1,15,,37990,43,,,1,15,,37991,43,,,1,55,,37992,43,,,1,15,,37993,43,,,1,15,,37994,43,,,1,15,,37995,43,,,1,55,,37996,43,,,1,15,,37997,43,,,1,15,,37998,43,,,1,15,,37999,43,,,1,55,,38000,43,,,1,14,,38001,43,,,1,15,,38002,43,,,1,14,,38003,43,,,1,55,,38004,43,,,1,15,,38005,43,,,1,15,,38006,43,,,1,15,,38007,43,,,1,55,,38008,43,,,1,14,,38010,43,,,1
80103,'20260320',545,,38112,43,,,1,55,,38011,43,,,1,15,,38012,43,,,1,17,,38013,43,,,1,15,,38014,43,,,1,57,,38015,43,,,1,14,,38016,43,,,1,11,,38017,43,,,1,10,,38018,43,,,1,8,,38019,43,,,1,8,,38020,43,,,1,49,,38021,43,,,1,8,,38022,43,,,1,8,,38023,43,,,1,8,,38024,43,,,1,8,,38025,43,,,1,8,,38026,43,,,1,7,,38027,43,,,1,6,,38028,43,,,1,49,,38029,43,,,1,10,,38030,43,,,1,10,,38031,43,,,1,10,,38032,43,,,1,10,,38033,43,,,1,10,,38034,43,,,1,50,,38035,43,,,1,10,,38036,43,,,1,10,,38037,43,,,1,10,,38038,43,,,1,10,,38039,43,,,1,10,,38040,43,,,1,50,,38041,43,,,1,10,,38042,43,,,1,10,,38043,43,,,1,10,,38044,43,,,1,11,,38045,43,,,1,10,,38046,43,,,1,50,,38047,43,,,1,10,,38048,43,,,1,10,,38049,43,,,1,10,,38050,43,,,1,10,,38051,43,,,1,10,,38052,43,,,1,50,,38053,43,,,1,10,,38054,43,,,1,10,,38055,43,,,1,10,,38056,43,,,1,10,,38057,43,,,1,10,,38058,43,,,1,50,,38059,43,,,1,10,,38060,43,,,1,10,,38061,43,,,1,10,,38062,43,,,1,10,,38063,43,,,1,10,,38064,43,,,1,50,,38065,43,,,1,10,,38066,43,,,1,10,,38067,43,,,1,10,,38068,43,,,1,10,,38069,43,,,1,10,,38070,43,,,1,51,,38071,43,,,1,9,,38072,43,,,1,10,,38073,43,,,1,11,,38074,43,,,1,10,,38075,43,,,1,10,,38076,43,,,1,50,,38077,43,,,1,10,,38078,43,,,1,10,,38079,43,,,1,9,,38080,43,,,1,10,,38081,43,,,1,12,,38082,43,,,1,54,,38083,43,,,1,15,,38084,43,,,1,15,,38085,43,,,1,13,,38086,43,,,1,55,,38087,43,,,1,15,,38088,43,,,1,14,,38089,43,,,1,14,,38090,43,,,1,55,,38091,43,,,1,15,,38092,43,,,1,15,,38093,43,,,1,15,,38094,43,,,1,55,,38095,43,,,1,15,,38096,43,,,1,15,,38097,43,,,1,15,,38098,43,,,1,55,,38099,43,,,1,15,,38100,43,,,1,15,,38101,43,,,1,15,,38102,43,,,1,55,,38103,43,,,1,14,,38104,43,,,1,15,,38105,43,,,1,14,,38106,43,,,1,55,,38107,43,,,1,15,,38108,43,,,1,15,,38109,43,,,1,15,,38110,43,,,1,55,,38111,43,,,1,14,,38113,43,,,1
99103,'20260313',2540,,47094,11,,,0,170,,47095,11,,,0
99103,'20260314',2540,,47096,11,,,0,170,,47097,11,,,0
99103,'20260320',2540,,47098,11,,,0,170,,47099,11,,,0
99203,'20260313',2540,,47100,11,,,0,170,,47101,11,,,0
99203,'20260314',2540,,47102,11,,,0,170,,47103,11,,,0
99203,'20260320',2540,,47104,11,,,0,170,,47105,11,,,0
