8201,'20260616',542,,717774,53,,,0,69,,717775,53,,,0,29,,717776,53,,,0,67,,717777,53,,,0,28,,717778,53,,,0,71,,717779,53,,,0,31,,717789,38,,,0,102,,717790,38,,,0,101,,717780,53,,,0,99,,717791,38,,,0,100,,717781,53,,,0,101,,717792,38,,,0,100,,717782,53,,,0,98,,717793,38,,,0,69,,717783,53,,,0,100,,717784,53,,,0,133,,717785,53,,,0,100,,717786,53,,,0,100,,717794,38,,,0,170,,717787,53,,,0,131,,717788,53,,,0
8201,'20260617',542,,717797,53,,,0,69,,717798,53,,,0,29,,717799,53,,,0,67,,717800,53,,,0,28,,717801,53,,,0,71,,717802,53,,,0,31,,717812,38,,,0,102,,717813,38,,,0,101,,717803,53,,,0,99,,717814,38,,,0,100,,717804,53,,,0,101,,717815,38,,,0,100,,717805,53,,,0,98,,717816,38,,,0,69,,717806,53,,,0,100,,717807,53,,,0,133,,717808,53,,,0,100,,717809,53,,,0,100,,717817,38,,,0,170,,717810,53,,,0,131,,717811,53,,,0
8201,'20260618',542,,717820,53,,,0,69,,717821,53,,,0,29,,717822,53,,,0,67,,717823,53,,,0,28,,717824,53,,,0,71,,717825,53,,,0,31,,717835,38,,,0,102,,717836,38,,,0,101,,717826,53,,,0,99,,717837,38,,,0,100,,717827,53,,,0,101,,717838,38,,,0,100,,717828,53,,,0,98,,717839,38,,,0,69,,717829,53,,,0,100,,717830,53,,,0,133,,717831,53,,,0,100,,717832,53,,,0,100,,717840,38,,,0,170,,717833,53,,,0,131,,717834,53,,,0
8201,'20260619',542,,751451,53,,,0,69,,751452,53,,,0,29,,751453,53,,,0,67,,751454,53,,,0,28,,751455,53,,,0,71,,751456,53,,,0,31,,751466,38,,,0,102,,751467,38,,,0,101,,751457,53,,,0,99,,751468,38,,,0,100,,751458,53,,,0,101,,751469,38,,,0,100,,751459,53,,,0,98,,751470,38,,,0,69,,751460,53,,,0,100,,751461,53,,,0,133,,751462,53,,,0,100,,751463,53,,,0,100,,751471,38,,,0,170,,751464,53,,,0,131,,751465,53,,,0
8201,'20260620',643,,751487,53,,,0,97,,751481,53,,,0,100,,751482,53,,,0,100,,751475,38,,,0,100,,751485,53,,,0,100,,751476,38,,,0,100,,751472,53,,,0,100,,751477,38,,,0,100,,751483,53,,,0,101,,751478,38,,,0,100,,751484,53,,,0,100,,751479,53,,,0,101,,751486,38,,,0,101,,751473,53,,,0,100,,751480,38,,,0,170,,751488,38,,,0,130,,751474,53,,,0
8201,'20260621',643,,751505,53,,,0,97,,751504,53,,,0,100,,751500,53,,,0,100,,751502,38,,,0,100,,751501,53,,,0,100,,751503,38,,,0,100,,751494,53,,,0,100,,751489,38,,,0,100,,751498,53,,,0,101,,751490,38,,,0,100,,751497,53,,,0,100,,751491,53,,,0,101,,751499,38,,,0,101,,751495,53,,,0,100,,751493,38,,,0,170,,751492,38,,,0,130,,751496,53,,,0
8201,'20260622',542,,751506,53,,,0,69,,751507,53,,,0,29,,751508,53,,,0,67,,751509,53,,,0,28,,751524,53,,,0,71,,751521,53,,,0,31,,751527,38,,,0,102,,751515,38,,,0,101,,751510,53,,,0,99,,751516,38,,,0,100,,751511,53,,,0,101,,751517,38,,,0,100,,751523,53,,,0,98,,751518,38,,,0,69,,751522,53,,,0,100,,751512,53,,,0,133,,751513,53,,,0,100,,751525,53,,,0,100,,751519,38,,,0,170,,751520,53,,,0,131,,751514,53,,,0
8201,'20260623',542,,751528,53,,,0,69,,751529,53,,,0,29,,751530,53,,,0,67,,751531,53,,,0,28,,751546,53,,,0,71,,751543,53,,,0,31,,751549,38,,,0,102,,751537,38,,,0,101,,751532,53,,,0,99,,751538,38,,,0,100,,751533,53,,,0,101,,751539,38,,,0,100,,751545,53,,,0,98,,751540,38,,,0,69,,751544,53,,,0,100,,751534,53,,,0,133,,751535,53,,,0,100,,751547,53,,,0,100,,751541,38,,,0,170,,751542,53,,,0,131,,751536,53,,,0
8201,'20260624',643,,717879,53,,,0,97,,717878,53,,,0,100,,717874,53,,,0,100,,717876,38,,,0,100,,717875,53,,,0,100,,717877,38,,,0,100,,717868,53,,,0,100,,717863,38,,,0,100,,717872,53,,,0,101,,717864,38,,,0,100,,717871,53,,,0,100,,717865,53,,,0,101,,717873,38,,,0,101,,717869,53,,,0,100,,717867,38,,,0,170,,717866,38,,,0,130,,717870,53,,,0
8201,'20260625',542,,717880,53,,,0,69,,717881,53,,,0,29,,717882,53,,,0,67,,717883,53,,,0,28,,717898,53,,,0,71,,717895,53,,,0,31,,717901,38,,,0,102,,717889,38,,,0,101,,717884,53,,,0,99,,717890,38,,,0,100,,717885,53,,,0,101,,717891,38,,,0,100,,717897,53,,,0,98,,717892,38,,,0,69,,717896,53,,,0,100,,717886,53,,,0,133,,717887,53,,,0,100,,717899,53,,,0,100,,717893,38,,,0,170,,717894,53,,,0,131,,717888,53,,,0
8201,'20260626',542,,717902,53,,,0,69,,717903,53,,,0,29,,717904,53,,,0,67,,717905,53,,,0,28,,717920,53,,,0,71,,717917,53,,,0,31,,717923,38,,,0,102,,717911,38,,,0,101,,717906,53,,,0,99,,717912,38,,,0,100,,717907,53,,,0,101,,717913,38,,,0,100,,717919,53,,,0,98,,717914,38,,,0,69,,717918,53,,,0,100,,717908,53,,,0,133,,717909,53,,,0,100,,717921,53,,,0,100,,717915,38,,,0,170,,717916,53,,,0,131,,717910,53,,,0
8201,'20260627',643,,751565,53,,,0,97,,751559,53,,,0,100,,751560,53,,,0,100,,751553,38,,,0,100,,751563,53,,,0,100,,751554,38,,,0,100,,751550,53,,,0,100,,751555,38,,,0,100,,751561,53,,,0,101,,751556,38,,,0,100,,751562,53,,,0,100,,751557,53,,,0,101,,751564,38,,,0,101,,751551,53,,,0,100,,751558,38,,,0,170,,751566,38,,,0,130,,751552,53,,,0
8201,'20260628',643,,751583,53,,,0,97,,751582,53,,,0,100,,751578,53,,,0,100,,751580,38,,,0,100,,751579,53,,,0,100,,751581,38,,,0,100,,751572,53,,,0,100,,751567,38,,,0,100,,751576,53,,,0,101,,751568,38,,,0,100,,751575,53,,,0,100,,751569,53,,,0,101,,751577,38,,,0,101,,751573,53,,,0,100,,751571,38,,,0,170,,751570,38,,,0,130,,751574,53,,,0
8201,'20260629',542,,751584,53,,,0,69,,751585,53,,,0,29,,751586,53,,,0,67,,751587,53,,,0,28,,751602,53,,,0,71,,751599,53,,,0,31,,751605,38,,,0,102,,751593,38,,,0,101,,751588,53,,,0,99,,751594,38,,,0,100,,751589,53,,,0,101,,751595,38,,,0,100,,751601,53,,,0,98,,751596,38,,,0,69,,751600,53,,,0,100,,751590,53,,,0,133,,751591,53,,,0,100,,751603,53,,,0,100,,751597,38,,,0,170,,751598,53,,,0,131,,751592,53,,,0
8201,'20260630',542,,751606,53,,,0,69,,751607,53,,,0,29,,751608,53,,,0,67,,751609,53,,,0,28,,751624,53,,,0,71,,751621,53,,,0,31,,751627,38,,,0,102,,751615,38,,,0,101,,751610,53,,,0,99,,751616,38,,,0,100,,751611,53,,,0,101,,751617,38,,,0,100,,751623,53,,,0,98,,751618,38,,,0,69,,751622,53,,,0,100,,751612,53,,,0,133,,751613,53,,,0,100,,751625,53,,,0,100,,751619,38,,,0,170,,751620,53,,,0,131,,751614,53,,,0
28901,'20260616',644,,722741,20,,,0,64,,722742,20,,,0,17,,722743,20,,,0,18,,722744,20,,,0,69,,722745,20,,,0
28901,'20260617',644,,722746,20,,,0,64,,722747,20,,,0,17,,722748,20,,,0,18,,722749,20,,,0,69,,722750,20,,,0
28901,'20260618',644,,722751,20,,,0,64,,722752,20,,,0,17,,722753,20,,,0,18,,722754,20,,,0,69,,722755,20,,,0
28901,'20260619',644,,755480,20,,,0,64,,755481,20,,,0,17,,755482,20,,,0,18,,755483,20,,,0,69,,755484,20,,,0
28901,'20260622',644,,755486,20,,,0,66,,755485,20,,,0,19,,755487,20,,,0,16,,755489,20,,,0,66,,755488,20,,,0
28901,'20260623',644,,755491,20,,,0,66,,755490,20,,,0,19,,755492,20,,,0,16,,755494,20,,,0,66,,755493,20,,,0
28901,'20260625',644,,722762,20,,,0,66,,722761,20,,,0,19,,722763,20,,,0,16,,722765,20,,,0,66,,722764,20,,,0
28901,'20260626',644,,722767,20,,,0,66,,722766,20,,,0,19,,722768,20,,,0,16,,722770,20,,,0,66,,722769,20,,,0
28901,'20260629',644,,755496,20,,,0,66,,755495,20,,,0,19,,755497,20,,,0,16,,755499,20,,,0,66,,755498,20,,,0
28901,'20260630',644,,755501,20,,,0,66,,755500,20,,,0,19,,755502,20,,,0,16,,755504,20,,,0,66,,755503,20,,,0
