301,'20260413',551,,232215,2,,,0,70,,232216,2,,,0,28,,232217,2,,,0,68,,232218,2,,,0,30,,232219,2,,,0,71,,232220,2,,,0,32,,232221,2,,,0,100,,232222,2,,,0,100,,232223,2,,,0,100,,232224,2,,,0,100,,232225,2,,,0,100,,232226,2,,,0,100,,232227,2,,,0,98,,232228,2,,,0,99,,232229,2,,,0,102,,232230,2,,,0,100,,232231,2,,,0,100,,232232,2,,,0,100,,232233,2,,,0,102,,232234,2,,,0,100,,232235,2,,,0
301,'20260414',551,,232259,2,,,0,70,,232260,2,,,0,28,,232261,2,,,0,68,,232262,2,,,0,30,,232263,2,,,0,71,,232264,2,,,0,32,,232265,2,,,0,100,,232266,2,,,0,100,,232267,2,,,0,100,,232268,2,,,0,100,,232269,2,,,0,100,,232270,2,,,0,100,,232271,2,,,0,98,,232272,2,,,0,99,,232273,2,,,0,102,,232274,2,,,0,100,,232275,2,,,0,100,,232276,2,,,0,100,,232277,2,,,0,102,,232278,2,,,0,100,,232279,2,,,0
301,'20260415',551,,232303,2,,,0,70,,232304,2,,,0,28,,232305,2,,,0,68,,232306,2,,,0,30,,232307,2,,,0,71,,232308,2,,,0,32,,232309,2,,,0,100,,232310,2,,,0,100,,232311,2,,,0,100,,232312,2,,,0,100,,232313,2,,,0,100,,232314,2,,,0,100,,232315,2,,,0,98,,232316,2,,,0,99,,232317,2,,,0,102,,232318,2,,,0,100,,232319,2,,,0,100,,232320,2,,,0,100,,232321,2,,,0,102,,232322,2,,,0,100,,232323,2,,,0
301,'20260416',551,,232347,2,,,0,70,,232348,2,,,0,28,,232349,2,,,0,68,,232350,2,,,0,30,,232351,2,,,0,71,,232352,2,,,0,32,,232353,2,,,0,100,,232354,2,,,0,100,,232355,2,,,0,100,,232356,2,,,0,100,,232357,2,,,0,100,,232358,2,,,0,100,,232359,2,,,0,98,,232360,2,,,0,99,,232361,2,,,0,102,,232362,2,,,0,100,,232363,2,,,0,100,,232364,2,,,0,100,,232365,2,,,0,102,,232366,2,,,0,100,,232367,2,,,0
301,'20260417',551,,232391,2,,,0,70,,232392,2,,,0,28,,232393,2,,,0,68,,232394,2,,,0,30,,232395,2,,,0,71,,232396,2,,,0,32,,232397,2,,,0,100,,232398,2,,,0,100,,232399,2,,,0,100,,232400,2,,,0,100,,232401,2,,,0,100,,232402,2,,,0,100,,232403,2,,,0,98,,232404,2,,,0,99,,232405,2,,,0,102,,232406,2,,,0,100,,232407,2,,,0,100,,232408,2,,,0,100,,232409,2,,,0,102,,232410,2,,,0,100,,232411,2,,,0
301,'20260418',651,,190808,2,,,0,100,,190809,2,,,0,99,,190810,2,,,0,100,,190811,2,,,0,100,,190812,2,,,0,100,,190813,2,,,0,100,,190814,2,,,0,100,,190815,2,,,0,100,,190816,2,,,0,100,,190817,2,,,0,100,,190818,2,,,0,100,,190819,2,,,0,100,,190820,2,,,0,100,,190821,2,,,0,100,,190822,2,,,0,100,,190823,2,,,0,100,,190824,2,,,0,101,,190825,2,,,0
301,'20260419',651,,190847,2,,,0,100,,190848,2,,,0,99,,190849,2,,,0,100,,190850,2,,,0,100,,190851,2,,,0,100,,190852,2,,,0,100,,190853,2,,,0,100,,190854,2,,,0,100,,190855,2,,,0,100,,190856,2,,,0,100,,190857,2,,,0,100,,190858,2,,,0,100,,190859,2,,,0,100,,190860,2,,,0,100,,190861,2,,,0,100,,190862,2,,,0,100,,190863,2,,,0,101,,190864,2,,,0
301,'20260420',551,,190886,2,,,0,70,,190887,2,,,0,28,,190888,2,,,0,68,,190889,2,,,0,30,,190890,2,,,0,71,,190891,2,,,0,32,,190892,2,,,0,100,,190893,2,,,0,100,,190894,2,,,0,100,,190895,2,,,0,100,,190896,2,,,0,100,,190897,2,,,0,100,,190898,2,,,0,98,,190899,2,,,0,99,,190900,2,,,0,102,,190901,2,,,0,100,,190902,2,,,0,100,,190903,2,,,0,100,,190904,2,,,0,102,,190905,2,,,0,100,,190906,2,,,0
301,'20260421',551,,232412,2,,,0,70,,232413,2,,,0,28,,232414,2,,,0,68,,232415,2,,,0,30,,232416,2,,,0,71,,232417,2,,,0,32,,232418,2,,,0,100,,232419,2,,,0,100,,232420,2,,,0,100,,232421,2,,,0,100,,232422,2,,,0,100,,232423,2,,,0,100,,232424,2,,,0,98,,232425,2,,,0,99,,232426,2,,,0,102,,232427,2,,,0,100,,232428,2,,,0,100,,232429,2,,,0,100,,232430,2,,,0,102,,232431,2,,,0,100,,232432,2,,,0
301,'20260422',551,,232456,2,,,0,70,,232457,2,,,0,28,,232458,2,,,0,68,,232459,2,,,0,30,,232460,2,,,0,71,,232461,2,,,0,32,,232462,2,,,0,100,,232463,2,,,0,100,,232464,2,,,0,100,,232465,2,,,0,100,,232466,2,,,0,100,,232467,2,,,0,100,,232468,2,,,0,98,,232469,2,,,0,99,,232470,2,,,0,102,,232471,2,,,0,100,,232472,2,,,0,100,,232473,2,,,0,100,,232474,2,,,0,102,,232475,2,,,0,100,,232476,2,,,0
301,'20260423',551,,232500,2,,,0,70,,232501,2,,,0,28,,232502,2,,,0,68,,232503,2,,,0,30,,232504,2,,,0,71,,232505,2,,,0,32,,232506,2,,,0,100,,232507,2,,,0,100,,232508,2,,,0,100,,232509,2,,,0,100,,232510,2,,,0,100,,232511,2,,,0,100,,232512,2,,,0,98,,232513,2,,,0,99,,232514,2,,,0,102,,232515,2,,,0,100,,232516,2,,,0,100,,232517,2,,,0,100,,232518,2,,,0,102,,232519,2,,,0,100,,232520,2,,,0
301,'20260424',551,,232544,2,,,0,70,,232545,2,,,0,28,,232546,2,,,0,68,,232547,2,,,0,30,,232548,2,,,0,71,,232549,2,,,0,32,,232550,2,,,0,100,,232551,2,,,0,100,,232552,2,,,0,100,,232553,2,,,0,100,,232554,2,,,0,100,,232555,2,,,0,100,,232556,2,,,0,98,,232557,2,,,0,99,,232558,2,,,0,102,,232559,2,,,0,100,,232560,2,,,0,100,,232561,2,,,0,100,,232562,2,,,0,102,,232563,2,,,0,100,,232564,2,,,0
301,'20260425',651,,232588,2,,,0,100,,232589,2,,,0,99,,232590,2,,,0,100,,232591,2,,,0,100,,232592,2,,,0,100,,232593,2,,,0,100,,232594,2,,,0,100,,232595,2,,,0,100,,232596,2,,,0,100,,232597,2,,,0,100,,232598,2,,,0,100,,232599,2,,,0,100,,232600,2,,,0,100,,232601,2,,,0,100,,232602,2,,,0,100,,232603,2,,,0,100,,232604,2,,,0,101,,232605,2,,,0
301,'20260426',651,,232627,2,,,0,100,,232628,2,,,0,99,,232629,2,,,0,100,,232630,2,,,0,100,,232631,2,,,0,100,,232632,2,,,0,100,,232633,2,,,0,100,,232634,2,,,0,100,,232635,2,,,0,100,,232636,2,,,0,100,,232637,2,,,0,100,,232638,2,,,0,100,,232639,2,,,0,100,,232640,2,,,0,100,,232641,2,,,0,100,,232642,2,,,0,100,,232643,2,,,0,101,,232644,2,,,0
301,'20260427',551,,232666,2,,,0,70,,232667,2,,,0,28,,232668,2,,,0,68,,232669,2,,,0,30,,232670,2,,,0,71,,232671,2,,,0,32,,232672,2,,,0,100,,232673,2,,,0,100,,232674,2,,,0,100,,232675,2,,,0,100,,232676,2,,,0,100,,232677,2,,,0,100,,232678,2,,,0,98,,232679,2,,,0,99,,232680,2,,,0,102,,232681,2,,,0,100,,232682,2,,,0,100,,232683,2,,,0,100,,232684,2,,,0,102,,232685,2,,,0,100,,232686,2,,,0
