23600,'20260514',1549,,477317,4,4,,0,70,,477318,4,4,,0,13,,477319,4,4,,0,14,,477320,4,4,,0,70,,477321,4,4,,0,35,,477322,4,4,,0
23600,'20260515',1549,,477323,4,4,,0,70,,477324,4,4,,0,13,,477325,4,4,,0,14,,477326,4,4,,0,70,,477327,4,4,,0,35,,477328,4,4,,0
23600,'20260519',1549,,502624,4,4,,0,70,,502625,4,4,,0,13,,502626,4,4,,0,14,,502627,4,4,,0,70,,502628,4,4,,0,35,,502629,4,4,,0
23600,'20260520',1549,,450724,4,4,,0,70,,450725,4,4,,0,13,,450726,4,4,,0,14,,450727,4,4,,0,70,,450728,4,4,,0,35,,450729,4,4,,0
23600,'20260521',1549,,450730,4,4,,0,70,,450731,4,4,,0,13,,450732,4,4,,0,14,,450733,4,4,,0,70,,450734,4,4,,0,35,,450735,4,4,,0
23600,'20260522',1549,,477329,4,4,,0,70,,477330,4,4,,0,13,,477331,4,4,,0,14,,477332,4,4,,0,70,,477333,4,4,,0,35,,477334,4,4,,0
23600,'20260525',1549,,477335,4,4,,0,70,,477336,4,4,,0,13,,477337,4,4,,0,14,,477338,4,4,,0,70,,477339,4,4,,0,35,,477340,4,4,,0
23600,'20260526',1549,,477341,4,4,,0,70,,477342,4,4,,0,13,,477343,4,4,,0,14,,477344,4,4,,0,70,,477345,4,4,,0,35,,477346,4,4,,0
23600,'20260527',1549,,502630,4,4,,0,70,,502631,4,4,,0,13,,502632,4,4,,0,14,,502633,4,4,,0,70,,502634,4,4,,0,35,,502635,4,4,,0
23600,'20260528',1549,,502636,4,4,,0,70,,502637,4,4,,0,13,,502638,4,4,,0,14,,502639,4,4,,0,70,,502640,4,4,,0,35,,502641,4,4,,0
25400,'20260514',1525,,477671,4,4,,0,30,,477672,4,4,,0,73,,477673,4,4,,0,73,,477674,4,4,,0,26,,477675,4,4,,0,29,,477676,4,4,,0
25400,'20260515',1525,,477677,4,4,,0,30,,477678,4,4,,0,73,,477679,4,4,,0,73,,477680,4,4,,0,26,,477681,4,4,,0,29,,477682,4,4,,0
25400,'20260519',1525,,502801,4,4,,0,30,,502802,4,4,,0,73,,502803,4,4,,0,73,,502804,4,4,,0,26,,502805,4,4,,0,29,,502806,4,4,,0
25400,'20260520',1525,,450960,4,4,,0,30,,450961,4,4,,0,73,,450962,4,4,,0,73,,450963,4,4,,0,26,,450964,4,4,,0,29,,450965,4,4,,0
25400,'20260521',1525,,450966,4,4,,0,30,,450967,4,4,,0,73,,450968,4,4,,0,73,,450969,4,4,,0,26,,450970,4,4,,0,29,,450971,4,4,,0
25400,'20260522',1525,,477683,4,4,,0,30,,477684,4,4,,0,73,,477685,4,4,,0,73,,477686,4,4,,0,26,,477687,4,4,,0,29,,477688,4,4,,0
25400,'20260525',1525,,477689,4,4,,0,30,,477690,4,4,,0,73,,477691,4,4,,0,73,,477692,4,4,,0,26,,477693,4,4,,0,29,,477694,4,4,,0
25400,'20260526',1525,,477695,4,4,,0,30,,477696,4,4,,0,73,,477697,4,4,,0,73,,477698,4,4,,0,26,,477699,4,4,,0,29,,477700,4,4,,0
25400,'20260527',1525,,502807,4,4,,0,30,,502808,4,4,,0,73,,502809,4,4,,0,73,,502810,4,4,,0,26,,502811,4,4,,0,29,,502812,4,4,,0
25400,'20260528',1525,,502813,4,4,,0,30,,502814,4,4,,0,73,,502815,4,4,,0,73,,502816,4,4,,0,26,,502817,4,4,,0,29,,502818,4,4,,0
25500,'20260514',1556,,477741,4,4,,0,72,,477742,4,4,,0,29,,477743,4,4,,0,68,,477744,4,4,,0
25500,'20260515',1556,,477745,4,4,,0,72,,477746,4,4,,0,29,,477747,4,4,,0,68,,477748,4,4,,0
25500,'20260519',1556,,502837,4,4,,0,72,,502838,4,4,,0,29,,502839,4,4,,0,68,,502840,4,4,,0
25500,'20260520',1556,,451004,4,4,,0,72,,451005,4,4,,0,29,,451006,4,4,,0,68,,451007,4,4,,0
25500,'20260521',1556,,451008,4,4,,0,72,,451009,4,4,,0,29,,451010,4,4,,0,68,,451011,4,4,,0
25500,'20260522',1556,,477749,4,4,,0,72,,477750,4,4,,0,29,,477751,4,4,,0,68,,477752,4,4,,0
25500,'20260525',1556,,477753,4,4,,0,72,,477754,4,4,,0,29,,477755,4,4,,0,68,,477756,4,4,,0
25500,'20260526',1556,,477757,4,4,,0,72,,477758,4,4,,0,29,,477759,4,4,,0,68,,477760,4,4,,0
25500,'20260527',1556,,502841,4,4,,0,72,,502842,4,4,,0,29,,502843,4,4,,0,68,,502844,4,4,,0
25500,'20260528',1556,,502845,4,4,,0,72,,502846,4,4,,0,29,,502847,4,4,,0,68,,502848,4,4,,0
