8000,'20260206',644,,82054,4,,0,8,6,82055,,,0,70,7,82056,,,0,30,9,82057,,,0,70,9,82058,,,0,30,8,82059,,,0,70,7,82060,,,0,30,7,82061,,,0,70,8,82062,,,0,30,8,82063,,,0,70,8,82064,,,0,30,9,82065,,,0,70,9,82066,,,0,30,9,82067,,,0,70,9,82068,,,0,30,9,82069,,,0,70,9,82070,,,0,30,9,82071,,,0,70,9,82072,,,0,30,10,82073,,,0,70,13,82074,,,0,30,13,82075,,,0,70,11,82076,,,0,30,9,82077,,,0,70,9,82078,,,0,30,7,82079,,,0,70,7,82080,,,0,23,,82081,4,,0,77,7,82082,,,0,23,,82083,4,,0,77,7,82084,,,0,23,,82085,4,,0,77,7,82086,,,0,23,,82087,4,,0,77,7,82088,,,0,24,,82089,4,,0,76,6,82090,,,0,30,6,82091,,,0
8000,'20260207',652,6,82092,,,0,70,6,82093,,,0,30,6,82094,,,0,70,6,82095,,,0,30,6,82096,,,0,70,6,82097,,,0,30,7,82098,,,0,70,7,82099,,,0,30,7,82100,,,0,70,7,82101,,,0,30,7,82102,,,0,70,7,82103,,,0,30,7,82104,,,0,70,7,82105,,,0,30,7,82106,,,0,70,7,82107,,,0,30,7,82108,,,0,70,7,82109,,,0,30,7,82110,,,0,70,7,82111,,,0,30,7,82112,,,0,70,7,82113,,,0,30,6,82114,,,0,70,6,82115,,,0,30,6,82116,,,0,70,6,82117,,,0,30,6,82118,,,0,64,,82119,4,,0,36,6,82120,,,0,64,,82121,4,,0,36,6,82122,,,0,64,,82123,4,,0,36,6,82124,,,0,64,,82125,4,,0,36,6,82126,,,0,64,,82127,4,,0,36,6,82128,,,0
8000,'20260208',652,6,82129,,,0,70,6,82130,,,0,30,6,82131,,,0,70,6,82132,,,0,30,6,82133,,,0,70,6,82134,,,0,30,7,82135,,,0,70,7,82136,,,0,30,7,82137,,,0,70,7,82138,,,0,30,7,82139,,,0,70,7,82140,,,0,30,7,82141,,,0,70,7,82142,,,0,30,7,82143,,,0,70,7,82144,,,0,30,7,82145,,,0,70,7,82146,,,0,30,7,82147,,,0,70,7,82148,,,0,30,7,82149,,,0,70,7,82150,,,0,30,6,82151,,,0,70,6,82152,,,0,30,6,82153,,,0,70,6,82154,,,0,30,6,82155,,,0,64,,82156,4,,0,36,6,82157,,,0,64,,82158,4,,0,36,6,82159,,,0,64,,82160,4,,0,36,6,82161,,,0,64,,82162,4,,0,36,6,82163,,,0,64,,82164,4,,0,36,6,82165,,,0
8000,'20260209',644,,82166,4,,0,8,6,82167,,,0,70,7,82168,,,0,30,9,82169,,,0,70,9,82170,,,0,30,8,82171,,,0,70,7,82172,,,0,30,7,82173,,,0,70,8,82174,,,0,30,8,82175,,,0,70,8,82176,,,0,30,9,82177,,,0,70,9,82178,,,0,30,9,82179,,,0,70,9,82180,,,0,30,9,82181,,,0,70,9,82182,,,0,30,9,82183,,,0,70,9,82184,,,0,30,10,82185,,,0,70,13,82186,,,0,30,13,82187,,,0,70,11,82188,,,0,30,9,82189,,,0,70,9,82190,,,0,30,7,82191,,,0,70,7,82192,,,0,23,,82193,4,,0,77,7,82194,,,0,23,,82195,4,,0,77,7,82196,,,0,23,,82197,4,,0,77,7,82198,,,0,23,,82199,4,,0,77,7,82200,,,0,24,,82201,4,,0,76,6,82202,,,0,30,6,82203,,,0
8000,'20260210',644,,82204,4,,0,8,6,82205,,,0,70,7,82206,,,0,30,9,82207,,,0,70,9,82208,,,0,30,8,82209,,,0,70,7,82210,,,0,30,7,82211,,,0,70,8,82212,,,0,30,8,82213,,,0,70,8,82214,,,0,30,9,82215,,,0,70,9,82216,,,0,30,9,82217,,,0,70,9,82218,,,0,30,9,82219,,,0,70,9,82220,,,0,30,9,82221,,,0,70,9,82222,,,0,30,10,82223,,,0,70,13,82224,,,0,30,13,82225,,,0,70,11,82226,,,0,30,9,82227,,,0,70,9,82228,,,0,30,7,82229,,,0,70,7,82230,,,0,23,,82231,4,,0,77,7,82232,,,0,23,,82233,4,,0,77,7,82234,,,0,23,,82235,4,,0,77,7,82236,,,0,23,,82237,4,,0,77,7,82238,,,0,24,,82239,4,,0,76,6,82240,,,0,30,6,82241,,,0
8000,'20260211',644,,82242,4,,0,8,6,82243,,,0,70,7,82244,,,0,30,9,82245,,,0,70,9,82246,,,0,30,8,82247,,,0,70,7,82248,,,0,30,7,82249,,,0,70,8,82250,,,0,30,8,82251,,,0,70,8,82252,,,0,30,9,82253,,,0,70,9,82254,,,0,30,9,82255,,,0,70,9,82256,,,0,30,9,82257,,,0,70,9,82258,,,0,30,9,82259,,,0,70,9,82260,,,0,30,10,82261,,,0,70,13,82262,,,0,30,13,82263,,,0,70,11,82264,,,0,30,9,82265,,,0,70,9,82266,,,0,30,7,82267,,,0,70,7,82268,,,0,23,,82269,4,,0,77,7,82270,,,0,23,,82271,4,,0,77,7,82272,,,0,23,,82273,4,,0,77,7,82274,,,0,23,,82275,4,,0,77,7,82276,,,0,24,,82277,4,,0,76,6,82278,,,0,30,6,82279,,,0
8000,'20260212',644,,82280,4,,0,8,6,82281,,,0,70,7,82282,,,0,30,9,82283,,,0,70,9,82284,,,0,30,8,82285,,,0,70,7,82286,,,0,30,7,82287,,,0,70,8,82288,,,0,30,8,82289,,,0,70,8,82290,,,0,30,9,82291,,,0,70,9,82292,,,0,30,9,82293,,,0,70,9,82294,,,0,30,9,82295,,,0,70,9,82296,,,0,30,9,82297,,,0,70,9,82298,,,0,30,10,82299,,,0,70,13,82300,,,0,30,13,82301,,,0,70,11,82302,,,0,30,9,82303,,,0,70,9,82304,,,0,30,7,82305,,,0,70,7,82306,,,0,23,,82307,4,,0,77,7,82308,,,0,23,,82309,4,,0,77,7,82310,,,0,23,,82311,4,,0,77,7,82312,,,0,23,,82313,4,,0,77,7,82314,,,0,24,,82315,4,,0,76,6,82316,,,0,30,6,82317,,,0
8000,'20260213',644,,82355,4,,0,8,6,82318,,,0,70,7,82319,,,0,30,9,82320,,,0,70,9,82321,,,0,30,8,82322,,,0,70,7,82323,,,0,30,7,82324,,,0,70,8,82325,,,0,30,8,82326,,,0,70,8,82327,,,0,30,9,82328,,,0,70,9,82329,,,0,30,9,82330,,,0,70,9,82331,,,0,30,9,82332,,,0,70,9,82333,,,0,30,9,82334,,,0,70,9,82335,,,0,30,10,82336,,,0,70,13,82337,,,0,30,13,82338,,,0,70,11,82339,,,0,30,9,82340,,,0,70,9,82341,,,0,30,7,82342,,,0,70,7,82349,,,0,23,,82343,4,,0,77,7,82350,,,0,23,,82344,4,,0,77,7,82351,,,0,23,,82345,4,,0,77,7,82352,,,0,23,,82346,4,,0,77,7,82353,,,0,24,,82347,4,,0,76,6,82354,,,0,30,6,82348,,,0
8000,'20260214',652,6,82356,,,0,70,6,82374,,,0,30,6,82357,,,0,70,6,82375,,,0,30,6,82358,,,0,70,6,82376,,,0,30,7,82359,,,0,70,7,82377,,,0,30,7,82360,,,0,70,7,82378,,,0,30,7,82361,,,0,70,7,82379,,,0,30,7,82362,,,0,70,7,82380,,,0,30,7,82363,,,0,70,7,82381,,,0,30,7,82364,,,0,70,7,82382,,,0,30,7,82365,,,0,70,7,82383,,,0,30,7,82366,,,0,70,7,82384,,,0,30,6,82367,,,0,70,6,82385,,,0,30,6,82368,,,0,70,6,82386,,,0,30,6,82369,,,0,64,,82387,4,,0,36,6,82370,,,0,64,,82388,4,,0,36,6,82371,,,0,64,,82389,4,,0,36,6,82372,,,0,64,,82390,4,,0,36,6,82373,,,0,64,,82392,4,,0,36,6,82391,,,0
8000,'20260215',652,6,82393,,,0,70,6,82411,,,0,30,6,82394,,,0,70,6,82412,,,0,30,6,82395,,,0,70,6,82413,,,0,30,7,82396,,,0,70,7,82414,,,0,30,7,82397,,,0,70,7,82415,,,0,30,7,82398,,,0,70,7,82416,,,0,30,7,82399,,,0,70,7,82417,,,0,30,7,82400,,,0,70,7,82418,,,0,30,7,82401,,,0,70,7,82419,,,0,30,7,82402,,,0,70,7,82420,,,0,30,7,82403,,,0,70,7,82421,,,0,30,6,82404,,,0,70,6,82422,,,0,30,6,82405,,,0,70,6,82423,,,0,30,6,82406,,,0,64,,82424,4,,0,36,6,82407,,,0,64,,82425,4,,0,36,6,82408,,,0,64,,82426,4,,0,36,6,82409,,,0,64,,82427,4,,0,36,6,82410,,,0,64,,82428,4,,0,36,6,82429,,,0
8000,'20260216',644,,82467,4,,0,8,6,82430,,,0,70,7,82431,,,0,30,9,82432,,,0,70,9,82433,,,0,30,8,82434,,,0,70,7,82435,,,0,30,7,82436,,,0,70,8,82437,,,0,30,8,82438,,,0,70,8,82439,,,0,30,9,82440,,,0,70,9,82441,,,0,30,9,82442,,,0,70,9,82443,,,0,30,9,82444,,,0,70,9,82445,,,0,30,9,82446,,,0,70,9,82447,,,0,30,10,82448,,,0,70,13,82449,,,0,30,13,82450,,,0,70,11,82451,,,0,30,9,82452,,,0,70,9,82453,,,0,30,7,82454,,,0,70,7,82461,,,0,23,,82455,4,,0,77,7,82462,,,0,23,,82456,4,,0,77,7,82463,,,0,23,,82457,4,,0,77,7,82464,,,0,23,,82458,4,,0,77,7,82465,,,0,24,,82459,4,,0,76,6,82466,,,0,30,6,82460,,,0
8000,'20260217',644,,82505,4,,0,8,6,82468,,,0,70,7,82469,,,0,30,9,82470,,,0,70,9,82471,,,0,30,8,82472,,,0,70,7,82473,,,0,30,7,82474,,,0,70,8,82475,,,0,30,8,82476,,,0,70,8,82477,,,0,30,9,82478,,,0,70,9,82479,,,0,30,9,82480,,,0,70,9,82481,,,0,30,9,82482,,,0,70,9,82483,,,0,30,9,82484,,,0,70,9,82485,,,0,30,10,82486,,,0,70,13,82487,,,0,30,13,82488,,,0,70,11,82489,,,0,30,9,82490,,,0,70,9,82491,,,0,30,7,82492,,,0,70,7,82499,,,0,23,,82493,4,,0,77,7,82500,,,0,23,,82494,4,,0,77,7,82501,,,0,23,,82495,4,,0,77,7,82502,,,0,23,,82496,4,,0,77,7,82503,,,0,24,,82497,4,,0,76,6,82504,,,0,30,6,82498,,,0
8000,'20260218',644,,82543,4,,0,8,6,82506,,,0,70,7,82507,,,0,30,9,82508,,,0,70,9,82509,,,0,30,8,82510,,,0,70,7,82511,,,0,30,7,82512,,,0,70,8,82513,,,0,30,8,82514,,,0,70,8,82515,,,0,30,9,82516,,,0,70,9,82517,,,0,30,9,82518,,,0,70,9,82519,,,0,30,9,82520,,,0,70,9,82521,,,0,30,9,82522,,,0,70,9,82523,,,0,30,10,82524,,,0,70,13,82525,,,0,30,13,82526,,,0,70,11,82527,,,0,30,9,82528,,,0,70,9,82529,,,0,30,7,82530,,,0,70,7,82537,,,0,23,,82531,4,,0,77,7,82538,,,0,23,,82532,4,,0,77,7,82539,,,0,23,,82533,4,,0,77,7,82540,,,0,23,,82534,4,,0,77,7,82541,,,0,24,,82535,4,,0,76,6,82542,,,0,30,6,82536,,,0
8000,'20260219',644,,82581,4,,0,8,6,82544,,,0,70,7,82545,,,0,30,9,82546,,,0,70,9,82547,,,0,30,8,82548,,,0,70,7,82549,,,0,30,7,82550,,,0,70,8,82551,,,0,30,8,82552,,,0,70,8,82553,,,0,30,9,82554,,,0,70,9,82555,,,0,30,9,82556,,,0,70,9,82557,,,0,30,9,82558,,,0,70,9,82559,,,0,30,9,82560,,,0,70,9,82561,,,0,30,10,82562,,,0,70,13,82563,,,0,30,13,82564,,,0,70,11,82565,,,0,30,9,82566,,,0,70,9,82567,,,0,30,7,82568,,,0,70,7,82575,,,0,23,,82569,4,,0,77,7,82576,,,0,23,,82570,4,,0,77,7,82577,,,0,23,,82571,4,,0,77,7,82578,,,0,23,,82572,4,,0,77,7,82579,,,0,24,,82573,4,,0,76,6,82580,,,0,30,6,82574,,,0
8000,'20260220',644,,82619,4,,0,8,6,82582,,,0,70,7,82583,,,0,30,9,82584,,,0,70,9,82585,,,0,30,8,82586,,,0,70,7,82587,,,0,30,7,82588,,,0,70,8,82589,,,0,30,8,82590,,,0,70,8,82591,,,0,30,9,82592,,,0,70,9,82593,,,0,30,9,82594,,,0,70,9,82595,,,0,30,9,82596,,,0,70,9,82597,,,0,30,9,82598,,,0,70,9,82599,,,0,30,10,82600,,,0,70,13,82601,,,0,30,13,82602,,,0,70,11,82603,,,0,30,9,82604,,,0,70,9,82605,,,0,30,7,82606,,,0,70,7,82613,,,0,23,,82607,4,,0,77,7,82614,,,0,23,,82608,4,,0,77,7,82615,,,0,23,,82609,4,,0,77,7,82616,,,0,23,,82610,4,,0,77,7,82617,,,0,24,,82611,4,,0,76,6,82618,,,0,30,6,82612,,,0
98000,'20260206',2600,45,111651,,,0
98000,'20260207',2600,45,111652,,,0
98000,'20260213',2600,45,111653,,,0
98000,'20260214',2600,45,111654,,,0
98000,'20260220',2600,45,111655,,,0
