1602,'20260309',825,,5105,10,,,0,100,,5106,10,,,0,99,,5107,10,,,0,101,,5108,10,,,0,102,,5109,10,,,0,98,,5110,10,,,0,100,,5111,10,,,0,96,,5112,10,,,0,104,,5113,10,,,0,206,,5116,10,,,0,93,,5117,10,,,0,101,,5118,10,,,0,100,,5119,10,,,0
1602,'20260310',825,,5122,10,,,0,100,,5123,10,,,0,99,,5124,10,,,0,101,,5125,10,,,0,102,,5126,10,,,0,98,,5127,10,,,0,100,,5128,10,,,0,96,,5129,10,,,0,104,,5130,10,,,0,206,,5133,10,,,0,93,,5134,10,,,0,101,,5135,10,,,0,100,,5136,10,,,0
1602,'20260311',825,,5139,10,,,0,100,,5140,10,,,0,99,,5141,10,,,0,101,,5142,10,,,0,102,,5143,10,,,0,98,,5144,10,,,0,100,,5145,10,,,0,96,,5146,10,,,0,104,,5147,10,,,0,206,,5150,10,,,0,93,,5151,10,,,0,101,,5152,10,,,0,100,,5153,10,,,0
1602,'20260312',825,,5156,10,,,0,100,,5157,10,,,0,99,,5158,10,,,0,101,,5159,10,,,0,102,,5160,10,,,0,98,,5161,10,,,0,100,,5162,10,,,0,96,,5163,10,,,0,104,,5164,10,,,0,206,,5167,10,,,0,93,,5168,10,,,0,101,,5169,10,,,0,100,,5170,10,,,0
1602,'20260313',825,,5173,10,,,0,100,,5174,10,,,0,99,,5175,10,,,0,101,,5176,10,,,0,102,,5177,10,,,0,98,,5178,10,,,0,100,,5179,10,,,0,96,,5180,10,,,0,104,,5181,10,,,0,206,,5184,10,,,0,93,,5185,10,,,0,101,,5186,10,,,0,100,,5187,10,,,0
1602,'20260316',825,,5200,10,,,0,100,,5201,10,,,0,99,,5202,10,,,0,101,,5203,10,,,0,102,,5204,10,,,0,98,,5205,10,,,0,100,,5206,10,,,0,96,,5207,10,,,0,104,,5208,10,,,0,206,,5209,10,,,0,93,,5210,10,,,0,101,,5211,10,,,0,100,,5212,10,,,0
1602,'20260317',825,,5217,10,,,0,100,,5218,10,,,0,99,,5219,10,,,0,101,,5220,10,,,0,102,,5221,10,,,0,98,,5222,10,,,0,100,,5223,10,,,0,96,,5224,10,,,0,104,,5225,10,,,0,206,,5226,10,,,0,93,,5227,10,,,0,101,,5228,10,,,0,100,,5229,10,,,0
1602,'20260318',825,,5234,10,,,0,100,,5235,10,,,0,99,,5236,10,,,0,101,,5237,10,,,0,102,,5238,10,,,0,98,,5239,10,,,0,100,,5240,10,,,0,96,,5241,10,,,0,104,,5242,10,,,0,206,,5243,10,,,0,93,,5244,10,,,0,101,,5245,10,,,0,100,,5246,10,,,0
1602,'20260319',825,,5251,10,,,0,100,,5252,10,,,0,99,,5253,10,,,0,101,,5254,10,,,0,102,,5255,10,,,0,98,,5256,10,,,0,100,,5257,10,,,0,96,,5258,10,,,0,104,,5259,10,,,0,206,,5260,10,,,0,93,,5261,10,,,0,101,,5262,10,,,0,100,,5263,10,,,0
1602,'20260320',825,,5268,10,,,0,100,,5269,10,,,0,99,,5270,10,,,0,101,,5271,10,,,0,102,,5272,10,,,0,98,,5273,10,,,0,100,,5274,10,,,0,96,,5275,10,,,0,104,,5276,10,,,0,206,,5277,10,,,0,93,,5278,10,,,0,101,,5279,10,,,0,100,,5280,10,,,0
2502,'20260308',650,,7236,36,,,0,99,,7237,36,,,0,100,,7238,36,,,0,101,,7239,36,,,0,101,,7240,36,,,0,99,,7241,36,,,0,100,,7242,36,,,0,100,,7243,36,,,0,100,,7244,36,,,0,103,,7245,36,,,0,99,,7246,36,,,0,103,,7247,36,,,0,97,,7248,36,,,0,98,,7249,36,,,0,100,,7250,36,,,0,100,,7251,36,,,0,100,,7252,36,,,0,99,,7253,36,,,0
2502,'20260309',640,,7255,36,,,0,18,,7256,36,,,0,54,,7257,36,,,0,9,,7258,36,,,0,9,,7259,36,,,0,8,,7260,36,,,0,8,,7261,36,,,0,10,,7262,36,,,0,47,,7263,36,,,0,15,,7264,36,,,0,18,,7265,36,,,0,71,,7266,36,,,0,31,,7267,36,,,0,70,,7268,36,,,0,30,,7269,36,,,0,68,,7270,36,,,0,32,,7271,36,,,0,70,,7272,36,,,0,30,,7273,36,,,0,71,,7274,36,,,0,29,,7275,36,,,0,70,,7276,36,,,0,30,,7277,36,,,0,66,,7278,36,,,0,24,,7279,36,,,0,10,,7280,36,,,0,9,,7281,36,,,0,10,,7282,36,,,0,56,,7283,36,,,0,14,,7284,36,,,0,15,,7285,36,,,0,15,,7254,36,,,0,55,,7287,36,,,0,29,,7288,36,,,0,69,,7289,36,,,0,100,,7290,36,,,0,98,,7291,36,,,0,100,,7292,36,,,0,100,,7293,36,,,0,99,,7294,36,,,0,100,,7295,36,,,0
2502,'20260310',640,,7297,36,,,0,18,,7298,36,,,0,54,,7299,36,,,0,9,,7300,36,,,0,9,,7301,36,,,0,8,,7302,36,,,0,8,,7303,36,,,0,10,,7304,36,,,0,47,,7305,36,,,0,15,,7306,36,,,0,18,,7307,36,,,0,71,,7308,36,,,0,31,,7309,36,,,0,70,,7310,36,,,0,30,,7311,36,,,0,68,,7312,36,,,0,32,,7313,36,,,0,70,,7314,36,,,0,30,,7315,36,,,0,71,,7316,36,,,0,29,,7317,36,,,0,70,,7318,36,,,0,30,,7319,36,,,0,66,,7320,36,,,0,24,,7321,36,,,0,10,,7322,36,,,0,9,,7323,36,,,0,10,,7324,36,,,0,56,,7325,36,,,0,14,,7326,36,,,0,15,,7327,36,,,0,15,,7296,36,,,0,55,,7329,36,,,0,29,,7330,36,,,0,69,,7331,36,,,0,100,,7332,36,,,0,98,,7333,36,,,0,100,,7334,36,,,0,100,,7335,36,,,0,99,,7336,36,,,0,100,,7337,36,,,0
2502,'20260311',640,,7339,36,,,0,18,,7340,36,,,0,54,,7341,36,,,0,9,,7342,36,,,0,9,,7343,36,,,0,8,,7344,36,,,0,8,,7345,36,,,0,10,,7346,36,,,0,47,,7347,36,,,0,15,,7348,36,,,0,18,,7349,36,,,0,71,,7350,36,,,0,31,,7351,36,,,0,70,,7352,36,,,0,30,,7353,36,,,0,68,,7354,36,,,0,32,,7355,36,,,0,70,,7356,36,,,0,30,,7357,36,,,0,71,,7358,36,,,0,29,,7359,36,,,0,70,,7360,36,,,0,30,,7361,36,,,0,66,,7362,36,,,0,24,,7363,36,,,0,10,,7364,36,,,0,9,,7365,36,,,0,10,,7366,36,,,0,56,,7367,36,,,0,14,,7368,36,,,0,15,,7369,36,,,0,15,,7338,36,,,0,55,,7371,36,,,0,29,,7372,36,,,0,69,,7373,36,,,0,100,,7374,36,,,0,98,,7375,36,,,0,100,,7376,36,,,0,100,,7377,36,,,0,99,,7378,36,,,0,100,,7379,36,,,0
2502,'20260312',640,,7381,36,,,0,18,,7382,36,,,0,54,,7383,36,,,0,9,,7384,36,,,0,9,,7385,36,,,0,8,,7386,36,,,0,8,,7387,36,,,0,10,,7388,36,,,0,47,,7389,36,,,0,15,,7390,36,,,0,18,,7391,36,,,0,71,,7392,36,,,0,31,,7393,36,,,0,70,,7394,36,,,0,30,,7395,36,,,0,68,,7396,36,,,0,32,,7397,36,,,0,70,,7398,36,,,0,30,,7399,36,,,0,71,,7400,36,,,0,29,,7401,36,,,0,70,,7402,36,,,0,30,,7403,36,,,0,66,,7404,36,,,0,24,,7405,36,,,0,10,,7406,36,,,0,9,,7407,36,,,0,10,,7408,36,,,0,56,,7409,36,,,0,14,,7410,36,,,0,15,,7411,36,,,0,15,,7380,36,,,0,55,,7413,36,,,0,29,,7414,36,,,0,69,,7415,36,,,0,100,,7416,36,,,0,98,,7417,36,,,0,100,,7418,36,,,0,100,,7419,36,,,0,99,,7420,36,,,0,100,,7421,36,,,0
2502,'20260313',640,,7423,36,,,0,18,,7424,36,,,0,54,,7425,36,,,0,9,,7426,36,,,0,9,,7427,36,,,0,8,,7428,36,,,0,8,,7429,36,,,0,10,,7430,36,,,0,47,,7431,36,,,0,15,,7432,36,,,0,18,,7433,36,,,0,71,,7434,36,,,0,31,,7435,36,,,0,70,,7436,36,,,0,30,,7437,36,,,0,68,,7438,36,,,0,32,,7439,36,,,0,70,,7440,36,,,0,30,,7441,36,,,0,71,,7442,36,,,0,29,,7443,36,,,0,70,,7444,36,,,0,30,,7445,36,,,0,66,,7446,36,,,0,24,,7447,36,,,0,10,,7448,36,,,0,9,,7449,36,,,0,10,,7450,36,,,0,56,,7451,36,,,0,14,,7452,36,,,0,15,,7453,36,,,0,15,,7422,36,,,0,55,,7455,36,,,0,29,,7456,36,,,0,69,,7457,36,,,0,100,,7458,36,,,0,98,,7459,36,,,0,100,,7460,36,,,0,100,,7461,36,,,0,99,,7462,36,,,0,100,,7463,36,,,0
2502,'20260314',650,,7464,36,,,0,99,,7465,36,,,0,100,,7466,36,,,0,101,,7467,36,,,0,101,,7468,36,,,0,99,,7469,36,,,0,100,,7470,36,,,0,100,,7471,36,,,0,100,,7472,36,,,0,103,,7473,36,,,0,99,,7474,36,,,0,103,,7475,36,,,0,97,,7476,36,,,0,98,,7477,36,,,0,100,,7478,36,,,0,100,,7479,36,,,0,100,,7480,36,,,0,99,,7481,36,,,0
2502,'20260315',650,,7482,36,,,0,99,,7483,36,,,0,100,,7484,36,,,0,101,,7485,36,,,0,101,,7486,36,,,0,99,,7487,36,,,0,100,,7488,36,,,0,100,,7489,36,,,0,100,,7490,36,,,0,103,,7491,36,,,0,99,,7492,36,,,0,103,,7493,36,,,0,97,,7494,36,,,0,98,,7495,36,,,0,100,,7496,36,,,0,100,,7497,36,,,0,100,,7498,36,,,0,99,,7499,36,,,0
2502,'20260316',640,,7500,36,,,0,18,,7501,36,,,0,54,,7502,36,,,0,9,,7539,36,,,0,9,,7536,36,,,0,8,,7538,36,,,0,8,,7503,36,,,0,10,,7537,36,,,0,47,,7504,36,,,0,15,,7505,36,,,0,18,,7506,36,,,0,71,,7507,36,,,0,31,,7508,36,,,0,70,,7509,36,,,0,30,,7510,36,,,0,68,,7511,36,,,0,32,,7512,36,,,0,70,,7513,36,,,0,30,,7514,36,,,0,71,,7515,36,,,0,29,,7516,36,,,0,70,,7517,36,,,0,30,,7518,36,,,0,66,,7519,36,,,0,24,,7520,36,,,0,10,,7540,36,,,0,9,,7521,36,,,0,10,,7522,36,,,0,56,,7523,36,,,0,14,,7524,36,,,0,15,,7525,36,,,0,15,,7526,36,,,0,55,,7527,36,,,0,29,,7528,36,,,0,69,,7529,36,,,0,100,,7530,36,,,0,98,,7531,36,,,0,100,,7532,36,,,0,100,,7533,36,,,0,99,,7534,36,,,0,100,,7535,36,,,0
2502,'20260317',640,,7541,36,,,0,18,,7542,36,,,0,54,,7543,36,,,0,9,,7580,36,,,0,9,,7577,36,,,0,8,,7579,36,,,0,8,,7544,36,,,0,10,,7578,36,,,0,47,,7545,36,,,0,15,,7546,36,,,0,18,,7547,36,,,0,71,,7548,36,,,0,31,,7549,36,,,0,70,,7550,36,,,0,30,,7551,36,,,0,68,,7552,36,,,0,32,,7553,36,,,0,70,,7554,36,,,0,30,,7555,36,,,0,71,,7556,36,,,0,29,,7557,36,,,0,70,,7558,36,,,0,30,,7559,36,,,0,66,,7560,36,,,0,24,,7561,36,,,0,10,,7581,36,,,0,9,,7562,36,,,0,10,,7563,36,,,0,56,,7564,36,,,0,14,,7565,36,,,0,15,,7566,36,,,0,15,,7567,36,,,0,55,,7568,36,,,0,29,,7569,36,,,0,69,,7570,36,,,0,100,,7571,36,,,0,98,,7572,36,,,0,100,,7573,36,,,0,100,,7574,36,,,0,99,,7575,36,,,0,100,,7576,36,,,0
2502,'20260318',640,,7582,36,,,0,18,,7583,36,,,0,54,,7584,36,,,0,9,,7621,36,,,0,9,,7618,36,,,0,8,,7620,36,,,0,8,,7585,36,,,0,10,,7619,36,,,0,47,,7586,36,,,0,15,,7587,36,,,0,18,,7588,36,,,0,71,,7589,36,,,0,31,,7590,36,,,0,70,,7591,36,,,0,30,,7592,36,,,0,68,,7593,36,,,0,32,,7594,36,,,0,70,,7595,36,,,0,30,,7596,36,,,0,71,,7597,36,,,0,29,,7598,36,,,0,70,,7599,36,,,0,30,,7600,36,,,0,66,,7601,36,,,0,24,,7602,36,,,0,10,,7622,36,,,0,9,,7603,36,,,0,10,,7604,36,,,0,56,,7605,36,,,0,14,,7606,36,,,0,15,,7607,36,,,0,15,,7608,36,,,0,55,,7609,36,,,0,29,,7610,36,,,0,69,,7611,36,,,0,100,,7612,36,,,0,98,,7613,36,,,0,100,,7614,36,,,0,100,,7615,36,,,0,99,,7616,36,,,0,100,,7617,36,,,0
2502,'20260319',640,,7623,36,,,0,18,,7624,36,,,0,54,,7625,36,,,0,9,,7662,36,,,0,9,,7659,36,,,0,8,,7661,36,,,0,8,,7626,36,,,0,10,,7660,36,,,0,47,,7627,36,,,0,15,,7628,36,,,0,18,,7629,36,,,0,71,,7630,36,,,0,31,,7631,36,,,0,70,,7632,36,,,0,30,,7633,36,,,0,68,,7634,36,,,0,32,,7635,36,,,0,70,,7636,36,,,0,30,,7637,36,,,0,71,,7638,36,,,0,29,,7639,36,,,0,70,,7640,36,,,0,30,,7641,36,,,0,66,,7642,36,,,0,24,,7643,36,,,0,10,,7663,36,,,0,9,,7644,36,,,0,10,,7645,36,,,0,56,,7646,36,,,0,14,,7647,36,,,0,15,,7648,36,,,0,15,,7649,36,,,0,55,,7650,36,,,0,29,,7651,36,,,0,69,,7652,36,,,0,100,,7653,36,,,0,98,,7654,36,,,0,100,,7655,36,,,0,100,,7656,36,,,0,99,,7657,36,,,0,100,,7658,36,,,0
2502,'20260320',640,,7664,36,,,0,18,,7665,36,,,0,54,,7666,36,,,0,9,,7703,36,,,0,9,,7700,36,,,0,8,,7702,36,,,0,8,,7667,36,,,0,10,,7701,36,,,0,47,,7668,36,,,0,15,,7669,36,,,0,18,,7670,36,,,0,71,,7671,36,,,0,31,,7672,36,,,0,70,,7673,36,,,0,30,,7674,36,,,0,68,,7675,36,,,0,32,,7676,36,,,0,70,,7677,36,,,0,30,,7678,36,,,0,71,,7679,36,,,0,29,,7680,36,,,0,70,,7681,36,,,0,30,,7682,36,,,0,66,,7683,36,,,0,24,,7684,36,,,0,10,,7704,36,,,0,9,,7685,36,,,0,10,,7686,36,,,0,56,,7687,36,,,0,14,,7688,36,,,0,15,,7689,36,,,0,15,,7690,36,,,0,55,,7691,36,,,0,29,,7692,36,,,0,69,,7693,36,,,0,100,,7694,36,,,0,98,,7695,36,,,0,100,,7696,36,,,0,100,,7697,36,,,0,99,,7698,36,,,0,100,,7699,36,,,0
