8200,'20260707',711,,878811,111,,,0,30,,878812,111,,,0,100,,878813,111,,,0,100,,878815,111,,,0,200,,878817,111,,,0,201,,878819,111,,,0,204,,878821,111,,,0,173,,878823,111,,,0,28,,878824,111,,,0,67,,878825,111,,,0,29,,878826,111,,,0,70,,878827,111,,,0,28,,878828,111,,,0,99,,878829,111,,,0,100,,878830,111,,,0,100,,878831,111,,,0,170,,878832,111,,,0
8200,'20260708',711,,878833,111,,,0,30,,878834,111,,,0,100,,878835,111,,,0,100,,878837,111,,,0,200,,878839,111,,,0,201,,878841,111,,,0,204,,878843,111,,,0,173,,878845,111,,,0,28,,878846,111,,,0,67,,878847,111,,,0,29,,878848,111,,,0,70,,878849,111,,,0,28,,878850,111,,,0,99,,878851,111,,,0,100,,878852,111,,,0,100,,878853,111,,,0,170,,878854,111,,,0
8200,'20260709',711,,878855,111,,,0,30,,878856,111,,,0,100,,878857,111,,,0,100,,878859,111,,,0,200,,878861,111,,,0,201,,878863,111,,,0,204,,878865,111,,,0,173,,878867,111,,,0,28,,878868,111,,,0,67,,878869,111,,,0,29,,878870,111,,,0,70,,878871,111,,,0,28,,878872,111,,,0,99,,878873,111,,,0,100,,878874,111,,,0,100,,878875,111,,,0,170,,878876,111,,,0
8200,'20260710',711,,907287,111,,,0,30,,907288,111,,,0,100,,907289,111,,,0,100,,907291,111,,,0,200,,907293,111,,,0,201,,907295,111,,,0,204,,907297,111,,,0,173,,907299,111,,,0,28,,907300,111,,,0,67,,907301,111,,,0,29,,907302,111,,,0,70,,907303,111,,,0,28,,907304,111,,,0,99,,907305,111,,,0,100,,907306,111,,,0,100,,907307,111,,,0,170,,907308,111,,,0
8200,'20260711',737,,852751,111,,,0,101,,852737,111,,,0,302,,852749,111,,,0,201,,852738,111,,,0,201,,852750,111,,,0,201,,852753,111,,,0,197,,852746,111,,,0,199,,852752,111,,,0,270,,852740,111,,,0,129,,852754,111,,,0
8200,'20260712',737,,852767,111,,,0,101,,852768,111,,,0,302,,852763,111,,,0,201,,852758,111,,,0,201,,852761,111,,,0,201,,852771,111,,,0,197,,852756,111,,,0,199,,852770,111,,,0,270,,852760,111,,,0,129,,852772,111,,,0
8200,'20260713',711,,852790,111,,,0,30,,852773,111,,,0,100,,852794,111,,,0,100,,852789,111,,,0,200,,852788,111,,,0,201,,852774,111,,,0,204,,852787,111,,,0,173,,852775,111,,,0,28,,852776,111,,,0,67,,852777,111,,,0,29,,852778,111,,,0,70,,852785,111,,,0,28,,852786,111,,,0,99,,852792,111,,,0,100,,852791,111,,,0,100,,852793,111,,,0,170,,852779,111,,,0
8200,'20260714',711,,852812,111,,,0,30,,852795,111,,,0,100,,852816,111,,,0,100,,852811,111,,,0,200,,852810,111,,,0,201,,852796,111,,,0,204,,852809,111,,,0,173,,852797,111,,,0,28,,852798,111,,,0,67,,852799,111,,,0,29,,852800,111,,,0,70,,852807,111,,,0,28,,852808,111,,,0,99,,852814,111,,,0,100,,852813,111,,,0,100,,852815,111,,,0,170,,852801,111,,,0
8200,'20260715',711,,878894,111,,,0,30,,878877,111,,,0,100,,878898,111,,,0,100,,878893,111,,,0,200,,878892,111,,,0,201,,878878,111,,,0,204,,878891,111,,,0,173,,878879,111,,,0,28,,878880,111,,,0,67,,878881,111,,,0,29,,878882,111,,,0,70,,878889,111,,,0,28,,878890,111,,,0,99,,878896,111,,,0,100,,878895,111,,,0,100,,878897,111,,,0,170,,878883,111,,,0
8200,'20260716',711,,878916,111,,,0,30,,878899,111,,,0,100,,878920,111,,,0,100,,878915,111,,,0,200,,878914,111,,,0,201,,878900,111,,,0,204,,878913,111,,,0,173,,878901,111,,,0,28,,878902,111,,,0,67,,878903,111,,,0,29,,878904,111,,,0,70,,878911,111,,,0,28,,878912,111,,,0,99,,878918,111,,,0,100,,878917,111,,,0,100,,878919,111,,,0,170,,878905,111,,,0
8200,'20260717',711,,878938,111,,,0,30,,878921,111,,,0,100,,878942,111,,,0,100,,878937,111,,,0,200,,878936,111,,,0,201,,878922,111,,,0,204,,878935,111,,,0,173,,878923,111,,,0,28,,878924,111,,,0,67,,878925,111,,,0,29,,878926,111,,,0,70,,878933,111,,,0,28,,878934,111,,,0,99,,878940,111,,,0,100,,878939,111,,,0,100,,878941,111,,,0,170,,878927,111,,,0
8200,'20260718',737,,907323,111,,,0,101,,907309,111,,,0,302,,907321,111,,,0,201,,907310,111,,,0,201,,907322,111,,,0,201,,907325,111,,,0,197,,907318,111,,,0,199,,907324,111,,,0,270,,907312,111,,,0,129,,907326,111,,,0
8200,'20260719',737,,907339,111,,,0,101,,907340,111,,,0,302,,907335,111,,,0,201,,907330,111,,,0,201,,907333,111,,,0,201,,907343,111,,,0,197,,907328,111,,,0,199,,907342,111,,,0,270,,907332,111,,,0,129,,907344,111,,,0
8200,'20260720',711,,907362,111,,,0,30,,907345,111,,,0,100,,907366,111,,,0,100,,907361,111,,,0,200,,907360,111,,,0,201,,907346,111,,,0,204,,907359,111,,,0,173,,907347,111,,,0,28,,907348,111,,,0,67,,907349,111,,,0,29,,907350,111,,,0,70,,907357,111,,,0,28,,907358,111,,,0,99,,907364,111,,,0,100,,907363,111,,,0,100,,907365,111,,,0,170,,907351,111,,,0
8200,'20260721',711,,907384,111,,,0,30,,907367,111,,,0,100,,907388,111,,,0,100,,907383,111,,,0,200,,907382,111,,,0,201,,907368,111,,,0,204,,907381,111,,,0,173,,907369,111,,,0,28,,907370,111,,,0,67,,907371,111,,,0,29,,907372,111,,,0,70,,907379,111,,,0,28,,907380,111,,,0,99,,907386,111,,,0,100,,907385,111,,,0,100,,907387,111,,,0,170,,907373,111,,,0
28200,'20260707',1612,,883974,51,4,,0,34,,883975,51,4,,0,75,,883976,51,4,,0,33,,883977,51,4,,0,84,,883978,51,4,,0
28200,'20260708',1612,,883979,51,4,,0,34,,883980,51,4,,0,75,,883981,51,4,,0,33,,883982,51,4,,0,84,,883983,51,4,,0
28200,'20260709',1612,,883984,51,4,,0,34,,883985,51,4,,0,75,,883986,51,4,,0,33,,883987,51,4,,0,84,,883988,51,4,,0
28200,'20260710',1612,,909601,51,4,,0,34,,909602,51,4,,0,75,,909603,51,4,,0,33,,909604,51,4,,0,84,,909605,51,4,,0
28200,'20260713',1612,,855038,51,4,,0,34,,855037,51,4,,0,75,,855035,51,4,,0,33,,855034,51,4,,0,84,,855036,51,4,,0
28200,'20260714',1612,,855043,51,4,,0,34,,855042,51,4,,0,75,,855040,51,4,,0,33,,855039,51,4,,0,84,,855041,51,4,,0
28200,'20260715',1612,,883993,51,4,,0,34,,883992,51,4,,0,75,,883990,51,4,,0,33,,883989,51,4,,0,84,,883991,51,4,,0
28200,'20260716',1612,,883998,51,4,,0,34,,883997,51,4,,0,75,,883995,51,4,,0,33,,883994,51,4,,0,84,,883996,51,4,,0
28200,'20260717',1612,,884003,51,4,,0,34,,884002,51,4,,0,75,,884000,51,4,,0,33,,883999,51,4,,0,84,,884001,51,4,,0
28200,'20260720',1612,,909610,51,4,,0,34,,909609,51,4,,0,75,,909607,51,4,,0,33,,909606,51,4,,0,84,,909608,51,4,,0
28200,'20260721',1612,,909615,51,4,,0,34,,909614,51,4,,0,75,,909612,51,4,,0,33,,909611,51,4,,0,84,,909613,51,4,,0
57200,'20260707',1722,,885337,67,4,,0,28,,885338,67,4,,0
57200,'20260708',1722,,885339,67,4,,0,28,,885340,67,4,,0
57200,'20260709',1722,,885341,67,4,,0,28,,885342,67,4,,0
57200,'20260710',1722,,910157,67,4,,0,28,,910158,67,4,,0
57200,'20260713',1722,,855447,67,4,,0,28,,855448,67,4,,0
57200,'20260714',1722,,855449,67,4,,0,28,,855450,67,4,,0
57200,'20260715',1722,,885343,67,4,,0,28,,885344,67,4,,0
57200,'20260716',1722,,885345,67,4,,0,28,,885346,67,4,,0
57200,'20260717',1722,,885347,67,4,,0,28,,885348,67,4,,0
57200,'20260720',1722,,910159,67,4,,0,28,,910160,67,4,,0
57200,'20260721',1722,,910161,67,4,,0,28,,910162,67,4,,0
