69003,'20260512',713,,452682,15,,,0,29,,452683,15,,,0
69003,'20260513',713,,480262,15,,,0,29,,480263,15,,,0
69003,'20260514',713,,480264,15,,,0,29,,480265,15,,,0
69003,'20260515',713,,480266,15,,,0,29,,480267,15,,,0
69003,'20260519',713,,432360,15,,,0,29,,432361,15,,,0
69003,'20260520',713,,452684,15,,,0,29,,452685,15,,,0
69003,'20260521',713,,452686,15,,,0,29,,452687,15,,,0
69003,'20260522',713,,480268,15,,,0,29,,480269,15,,,0
69003,'20260525',713,,480270,15,,,0,29,,480271,15,,,0
69003,'20260526',713,,480272,15,,,0,29,,480273,15,,,0
