23900,'20260709',1626,,883001,18,4,,0,33,,883002,18,4,,0,98,,883003,18,4,,0,66,,883004,18,4,,0
23900,'20260710',1626,,909181,18,4,,0,33,,909182,18,4,,0,98,,909183,18,4,,0,66,,909184,18,4,,0
23900,'20260713',1626,,928402,18,4,,0,33,,928403,18,4,,0,98,,928404,18,4,,0,66,,928405,18,4,,0
23900,'20260714',1626,,928406,18,4,,0,33,,928407,18,4,,0,98,,928408,18,4,,0,66,,928409,18,4,,0
23900,'20260715',1626,,883005,18,4,,0,33,,883006,18,4,,0,98,,883007,18,4,,0,66,,883008,18,4,,0
23900,'20260716',1626,,883009,18,4,,0,33,,883010,18,4,,0,98,,883011,18,4,,0,66,,883012,18,4,,0
23900,'20260717',1626,,883013,18,4,,0,33,,883014,18,4,,0,98,,883015,18,4,,0,66,,883016,18,4,,0
23900,'20260720',1626,,909185,18,4,,0,33,,909186,18,4,,0,98,,909187,18,4,,0,66,,909188,18,4,,0
23900,'20260721',1626,,909189,18,4,,0,33,,909190,18,4,,0,98,,909191,18,4,,0,66,,909192,18,4,,0
23900,'20260722',1626,,928410,18,4,,0,33,,928411,18,4,,0,98,,928412,18,4,,0,66,,928413,18,4,,0
23900,'20260723',1626,,928414,18,4,,0,33,,928415,18,4,,0,98,,928416,18,4,,0,66,,928417,18,4,,0
