1303,'20260423',706,,307024,42,,,0,105,,307025,42,,,0,30,,307026,42,,,0,97,,307027,42,,,0,99,,307028,42,,,0,101,,307029,42,,,0,100,,307030,42,,,0,99,,307031,42,,,0,101,,307032,42,,,0,99,,307033,42,,,0,74,,307034,42,,,0,32,,307035,42,,,0,70,,307036,42,,,0,35,,307037,42,,,0,64,,307038,42,,,0,30,,307039,42,,,0,66,,307040,42,,,0,27,,307041,42,,,0,99,,307042,42,,,0,100,,307043,42,,,0,102,,307044,42,,,0,97,,307045,42,,,0
1303,'20260424',706,,307048,42,,,0,105,,307049,42,,,0,30,,307050,42,,,0,97,,307051,42,,,0,99,,307052,42,,,0,101,,307053,42,,,0,100,,307054,42,,,0,99,,307055,42,,,0,101,,307056,42,,,0,99,,307057,42,,,0,74,,307058,42,,,0,32,,307059,42,,,0,70,,307060,42,,,0,35,,307061,42,,,0,64,,307062,42,,,0,30,,307063,42,,,0,66,,307064,42,,,0,27,,307065,42,,,0,99,,307066,42,,,0,100,,307067,42,,,0,102,,307068,42,,,0,97,,307069,42,,,0
1303,'20260425',816,,333358,42,,,0,100,,333359,42,,,0,101,,333360,42,,,0,101,,333361,42,,,0,101,,333362,42,,,0,102,,333363,42,,,0,97,,333364,42,,,0,105,,333365,42,,,0,100,,333366,42,,,0,102,,333367,42,,,0,96,,333368,42,,,0,98,,333369,42,,,0,99,,333370,42,,,0,99,,333371,42,,,0,99,,333372,42,,,0,100,,333373,42,,,0
1303,'20260426',816,,333374,42,,,0,100,,333375,42,,,0,101,,333376,42,,,0,101,,333377,42,,,0,101,,333378,42,,,0,102,,333379,42,,,0,97,,333380,42,,,0,105,,333381,42,,,0,100,,333382,42,,,0,102,,333383,42,,,0,96,,333384,42,,,0,98,,333385,42,,,0,99,,333386,42,,,0,99,,333387,42,,,0,99,,333388,42,,,0,100,,333389,42,,,0
1303,'20260427',706,,333392,42,,,0,105,,333393,42,,,0,30,,333394,42,,,0,97,,333395,42,,,0,99,,333396,42,,,0,101,,333397,42,,,0,100,,333398,42,,,0,99,,333399,42,,,0,101,,333400,42,,,0,99,,333401,42,,,0,74,,333402,42,,,0,32,,333403,42,,,0,70,,333404,42,,,0,35,,333405,42,,,0,64,,333406,42,,,0,30,,333407,42,,,0,66,,333408,42,,,0,27,,333409,42,,,0,99,,333410,42,,,0,100,,333411,42,,,0,102,,333412,42,,,0,97,,333413,42,,,0
1303,'20260428',706,,333416,42,,,0,105,,333417,42,,,0,30,,333418,42,,,0,97,,333419,42,,,0,99,,333420,42,,,0,101,,333421,42,,,0,100,,333422,42,,,0,99,,333423,42,,,0,101,,333424,42,,,0,99,,333425,42,,,0,74,,333426,42,,,0,32,,333427,42,,,0,70,,333428,42,,,0,35,,333429,42,,,0,64,,333430,42,,,0,30,,333431,42,,,0,66,,333432,42,,,0,27,,333433,42,,,0,99,,333434,42,,,0,100,,333435,42,,,0,102,,333436,42,,,0,97,,333437,42,,,0
1303,'20260429',706,,280818,42,,,0,105,,280819,42,,,0,30,,280820,42,,,0,97,,280821,42,,,0,99,,280822,42,,,0,101,,280823,42,,,0,100,,280824,42,,,0,99,,280825,42,,,0,101,,280826,42,,,0,99,,280827,42,,,0,74,,280836,42,,,0,32,,280828,42,,,0,70,,280837,42,,,0,35,,280829,42,,,0,64,,280838,42,,,0,30,,280830,42,,,0,66,,280839,42,,,0,27,,280831,42,,,0,99,,280832,42,,,0,100,,280833,42,,,0,102,,280834,42,,,0,97,,280835,42,,,0
1303,'20260430',706,,280840,42,,,0,105,,280841,42,,,0,30,,280842,42,,,0,97,,280843,42,,,0,99,,280844,42,,,0,101,,280845,42,,,0,100,,280846,42,,,0,99,,280847,42,,,0,101,,280848,42,,,0,99,,280849,42,,,0,74,,280858,42,,,0,32,,280850,42,,,0,70,,280859,42,,,0,35,,280851,42,,,0,64,,280860,42,,,0,30,,280852,42,,,0,66,,280861,42,,,0,27,,280853,42,,,0,99,,280854,42,,,0,100,,280855,42,,,0,102,,280856,42,,,0,97,,280857,42,,,0
1303,'20260501',706,,307070,42,,,0,105,,307071,42,,,0,30,,307072,42,,,0,97,,307073,42,,,0,99,,307074,42,,,0,101,,307075,42,,,0,100,,307076,42,,,0,99,,307077,42,,,0,101,,307078,42,,,0,99,,307079,42,,,0,74,,307088,42,,,0,32,,307080,42,,,0,70,,307089,42,,,0,35,,307081,42,,,0,64,,307090,42,,,0,30,,307082,42,,,0,66,,307091,42,,,0,27,,307083,42,,,0,99,,307084,42,,,0,100,,307085,42,,,0,102,,307086,42,,,0,97,,307087,42,,,0
1303,'20260502',816,,307093,42,,,0,100,,307094,42,,,0,101,,307095,42,,,0,101,,307096,42,,,0,101,,307097,42,,,0,102,,307098,42,,,0,97,,307099,42,,,0,105,,307100,42,,,0,100,,307101,42,,,0,102,,307102,42,,,0,96,,307103,42,,,0,98,,307104,42,,,0,99,,307105,42,,,0,99,,307106,42,,,0,99,,307107,42,,,0,100,,307092,42,,,0
1303,'20260503',816,,307108,42,,,0,100,,307109,42,,,0,101,,307110,42,,,0,101,,307111,42,,,0,101,,307112,42,,,0,102,,307113,42,,,0,97,,307114,42,,,0,105,,307115,42,,,0,100,,307116,42,,,0,102,,307117,42,,,0,96,,307118,42,,,0,98,,307119,42,,,0,99,,307120,42,,,0,99,,307121,42,,,0,99,,307122,42,,,0,100,,307123,42,,,0
1303,'20260504',706,,307124,42,,,0,105,,307125,42,,,0,30,,307126,42,,,0,97,,307127,42,,,0,99,,307128,42,,,0,101,,307129,42,,,0,100,,307130,42,,,0,99,,307131,42,,,0,101,,307132,42,,,0,99,,307133,42,,,0,74,,307142,42,,,0,32,,307134,42,,,0,70,,307143,42,,,0,35,,307135,42,,,0,64,,307144,42,,,0,30,,307136,42,,,0,66,,307145,42,,,0,27,,307137,42,,,0,99,,307138,42,,,0,100,,307139,42,,,0,102,,307140,42,,,0,97,,307141,42,,,0
1303,'20260505',706,,333438,42,,,0,105,,333439,42,,,0,30,,333440,42,,,0,97,,333441,42,,,0,99,,333442,42,,,0,101,,333443,42,,,0,100,,333444,42,,,0,99,,333445,42,,,0,101,,333446,42,,,0,99,,333447,42,,,0,74,,333456,42,,,0,32,,333448,42,,,0,70,,333457,42,,,0,35,,333449,42,,,0,64,,333458,42,,,0,30,,333450,42,,,0,66,,333459,42,,,0,27,,333451,42,,,0,99,,333452,42,,,0,100,,333453,42,,,0,102,,333454,42,,,0,97,,333455,42,,,0
1303,'20260506',706,,333460,42,,,0,105,,333461,42,,,0,30,,333462,42,,,0,97,,333463,42,,,0,99,,333464,42,,,0,101,,333465,42,,,0,100,,333466,42,,,0,99,,333467,42,,,0,101,,333468,42,,,0,99,,333469,42,,,0,74,,333478,42,,,0,32,,333470,42,,,0,70,,333479,42,,,0,35,,333471,42,,,0,64,,333480,42,,,0,30,,333472,42,,,0,66,,333481,42,,,0,27,,333473,42,,,0,99,,333474,42,,,0,100,,333475,42,,,0,102,,333476,42,,,0,97,,333477,42,,,0
1303,'20260507',706,,333482,42,,,0,105,,333483,42,,,0,30,,333484,42,,,0,97,,333485,42,,,0,99,,333486,42,,,0,101,,333487,42,,,0,100,,333488,42,,,0,99,,333489,42,,,0,101,,333490,42,,,0,99,,333491,42,,,0,74,,333500,42,,,0,32,,333492,42,,,0,70,,333501,42,,,0,35,,333493,42,,,0,64,,333502,42,,,0,30,,333494,42,,,0,66,,333503,42,,,0,27,,333495,42,,,0,99,,333496,42,,,0,100,,333497,42,,,0,102,,333498,42,,,0,97,,333499,42,,,0
80703,'20260423',545,,329935,32,,,1,55,,329936,32,,,1,17,,329937,32,,,1,15,,329938,32,,,1,17,,329939,32,,,1,56,,329940,32,,,1,16,,330028,32,,,1,8,,329941,32,,,1,11,,329942,32,,,1,11,,329943,32,,,1,51,,329944,32,,,1,4,,330026,31,,,1,5,,329945,32,,,1,10,,329946,32,,,1,6,,330027,31,,,1,4,,329947,32,,,1,10,,329948,32,,,1,9,,329949,32,,,1,9,,329950,32,,,1,49,,329951,32,,,1,8,,329952,32,,,1,10,,329953,32,,,1,13,,329954,32,,,1,15,,330029,32,,,1,55,,329955,32,,,1,15,,329956,32,,,1,14,,329957,32,,,1,15,,329958,32,,,1,55,,329959,32,,,1,15,,329960,32,,,1,15,,329961,32,,,1,17,,329962,32,,,1,54,,329963,32,,,1,14,,329964,32,,,1,12,,329965,32,,,1,12,,329966,32,,,1,12,,329967,32,,,1,52,,329968,32,,,1,13,,329969,32,,,1,13,,329970,32,,,1,13,,329971,32,,,1,53,,329972,32,,,1,12,,329973,32,,,1,12,,329974,32,,,1,12,,329975,32,,,1,12,,329976,32,,,1,52,,329977,32,,,1,13,,329978,32,,,1,14,,329979,32,,,1,8,,329980,32,,,1,10,,329981,32,,,1,9,,329982,32,,,1,50,,329983,32,,,1,10,,329984,32,,,1,11,,329985,32,,,1,12,,329986,32,,,1,9,,329987,32,,,1,10,,329988,32,,,1,50,,329989,32,,,1,11,,329990,32,,,1,9,,329991,32,,,1,8,,329992,32,,,1,9,,329993,32,,,1,8,,329994,32,,,1,48,,329995,32,,,1,10,,329996,32,,,1,14,,329997,32,,,1,13,,329998,32,,,1,14,,329999,32,,,1,55,,330000,32,,,1,15,,330001,32,,,1,14,,330002,32,,,1,13,,330003,32,,,1,55,,330004,32,,,1,16,,330005,32,,,1,15,,330006,32,,,1,15,,330007,32,,,1,55,,330008,32,,,1,15,,330009,32,,,1,15,,330010,32,,,1,14,,330011,32,,,1,54,,330012,32,,,1,15,,330013,32,,,1,14,,330014,32,,,1,15,,330015,32,,,1,54,,330016,32,,,1,15,,330017,32,,,1,14,,330018,32,,,1,14,,330019,32,,,1,55,,330020,32,,,1,14,,330021,32,,,1,14,,330022,32,,,1,14,,330023,32,,,1,15,,330024,32,,,1,54,,330025,32,,,1
80703,'20260424',545,,330030,32,,,1,55,,330031,32,,,1,17,,330032,32,,,1,15,,330033,32,,,1,17,,330034,32,,,1,56,,330035,32,,,1,16,,330123,32,,,1,8,,330036,32,,,1,11,,330037,32,,,1,11,,330038,32,,,1,51,,330039,32,,,1,4,,330121,31,,,1,5,,330040,32,,,1,10,,330041,32,,,1,6,,330122,31,,,1,4,,330042,32,,,1,10,,330043,32,,,1,9,,330044,32,,,1,9,,330045,32,,,1,49,,330046,32,,,1,8,,330047,32,,,1,10,,330048,32,,,1,13,,330049,32,,,1,15,,330124,32,,,1,55,,330050,32,,,1,15,,330051,32,,,1,14,,330052,32,,,1,15,,330053,32,,,1,55,,330054,32,,,1,15,,330055,32,,,1,15,,330056,32,,,1,17,,330057,32,,,1,54,,330058,32,,,1,14,,330059,32,,,1,12,,330060,32,,,1,12,,330061,32,,,1,12,,330062,32,,,1,52,,330063,32,,,1,13,,330064,32,,,1,13,,330065,32,,,1,13,,330066,32,,,1,53,,330067,32,,,1,12,,330068,32,,,1,12,,330069,32,,,1,12,,330070,32,,,1,12,,330071,32,,,1,52,,330072,32,,,1,13,,330073,32,,,1,14,,330074,32,,,1,8,,330075,32,,,1,10,,330076,32,,,1,9,,330077,32,,,1,50,,330078,32,,,1,10,,330079,32,,,1,11,,330080,32,,,1,12,,330081,32,,,1,9,,330082,32,,,1,10,,330083,32,,,1,50,,330084,32,,,1,11,,330085,32,,,1,9,,330086,32,,,1,8,,330087,32,,,1,9,,330088,32,,,1,8,,330089,32,,,1,48,,330090,32,,,1,10,,330091,32,,,1,14,,330092,32,,,1,13,,330093,32,,,1,14,,330094,32,,,1,55,,330095,32,,,1,15,,330096,32,,,1,14,,330097,32,,,1,13,,330098,32,,,1,55,,330099,32,,,1,16,,330100,32,,,1,15,,330101,32,,,1,15,,330102,32,,,1,55,,330103,32,,,1,15,,330104,32,,,1,15,,330105,32,,,1,14,,330106,32,,,1,54,,330107,32,,,1,15,,330108,32,,,1,14,,330109,32,,,1,15,,330110,32,,,1,54,,330111,32,,,1,15,,330112,32,,,1,14,,330113,32,,,1,14,,330114,32,,,1,55,,330115,32,,,1,14,,330116,32,,,1,14,,330117,32,,,1,14,,330118,32,,,1,15,,330119,32,,,1,54,,330120,32,,,1
80703,'20260425',558,,356165,32,,,1,56,,356166,32,,,1,16,,356167,32,,,1,16,,356168,32,,,1,56,,356169,32,,,1,15,,356170,32,,,1,15,,356171,32,,,1,14,,356172,32,,,1,57,,356173,32,,,1,15,,356174,32,,,1,15,,356175,32,,,1,15,,356176,32,,,1,55,,356177,32,,,1,16,,356178,32,,,1,17,,356179,32,,,1,14,,356180,32,,,1,56,,356181,32,,,1,16,,356182,32,,,1,15,,356183,32,,,1,15,,356184,32,,,1,55,,356185,32,,,1,15,,356186,32,,,1,14,,356187,32,,,1,16,,356188,32,,,1,56,,356189,32,,,1,15,,356190,32,,,1,16,,356191,32,,,1,15,,356192,32,,,1,55,,356193,32,,,1,15,,356194,32,,,1,16,,356195,32,,,1,15,,356196,32,,,1,55,,356197,32,,,1,15,,356198,32,,,1,15,,356199,32,,,1,16,,356200,32,,,1,56,,356201,32,,,1,15,,356202,32,,,1,15,,356203,32,,,1,15,,356204,32,,,1,55,,356205,32,,,1,15,,356206,32,,,1,15,,356207,32,,,1,14,,356208,32,,,1,56,,356209,32,,,1,14,,356210,32,,,1,15,,356211,32,,,1,15,,356212,32,,,1,54,,356213,32,,,1,14,,356214,32,,,1,15,,356215,32,,,1,16,,356216,32,,,1,54,,356217,32,,,1,14,,356218,32,,,1,14,,356219,32,,,1,15,,356220,32,,,1,54,,356221,32,,,1,15,,356222,32,,,1,15,,356223,32,,,1,16,,356224,32,,,1,54,,356225,32,,,1,15,,356226,32,,,1,15,,356227,32,,,1,15,,356228,32,,,1,55,,356229,32,,,1,15,,356230,32,,,1,15,,356231,32,,,1,14,,356232,32,,,1,54,,356233,32,,,1,14,,356234,32,,,1,15,,356235,32,,,1,15,,356236,32,,,1,54,,356237,32,,,1,14,,356238,32,,,1,15,,356239,32,,,1,13,,356240,32,,,1,15,,356241,32,,,1,55,,356242,32,,,1
80703,'20260426',558,,356243,32,,,1,56,,356244,32,,,1,16,,356245,32,,,1,16,,356246,32,,,1,56,,356247,32,,,1,15,,356248,32,,,1,15,,356249,32,,,1,14,,356250,32,,,1,57,,356251,32,,,1,15,,356252,32,,,1,15,,356253,32,,,1,15,,356254,32,,,1,55,,356255,32,,,1,16,,356256,32,,,1,17,,356257,32,,,1,14,,356258,32,,,1,56,,356259,32,,,1,16,,356260,32,,,1,15,,356261,32,,,1,15,,356262,32,,,1,55,,356263,32,,,1,15,,356264,32,,,1,14,,356265,32,,,1,16,,356266,32,,,1,56,,356267,32,,,1,15,,356268,32,,,1,16,,356269,32,,,1,15,,356270,32,,,1,55,,356271,32,,,1,15,,356272,32,,,1,16,,356273,32,,,1,15,,356274,32,,,1,55,,356275,32,,,1,15,,356276,32,,,1,15,,356277,32,,,1,16,,356278,32,,,1,56,,356279,32,,,1,15,,356280,32,,,1,15,,356281,32,,,1,15,,356282,32,,,1,55,,356283,32,,,1,15,,356284,32,,,1,15,,356285,32,,,1,14,,356286,32,,,1,56,,356287,32,,,1,14,,356288,32,,,1,15,,356289,32,,,1,15,,356290,32,,,1,54,,356291,32,,,1,14,,356292,32,,,1,15,,356293,32,,,1,16,,356294,32,,,1,54,,356295,32,,,1,14,,356296,32,,,1,14,,356297,32,,,1,15,,356298,32,,,1,54,,356299,32,,,1,15,,356300,32,,,1,15,,356301,32,,,1,16,,356302,32,,,1,54,,356303,32,,,1,15,,356304,32,,,1,15,,356305,32,,,1,15,,356306,32,,,1,55,,356307,32,,,1,15,,356308,32,,,1,15,,356309,32,,,1,14,,356310,32,,,1,54,,356311,32,,,1,14,,356312,32,,,1,15,,356313,32,,,1,15,,356314,32,,,1,54,,356315,32,,,1,14,,356316,32,,,1,15,,356317,32,,,1,13,,356318,32,,,1,15,,356319,32,,,1,55,,356320,32,,,1
80703,'20260427',545,,356326,32,,,1,55,,356327,32,,,1,17,,356328,32,,,1,15,,356329,32,,,1,17,,356330,32,,,1,56,,356331,32,,,1,16,,356323,32,,,1,8,,356332,32,,,1,11,,356333,32,,,1,11,,356334,32,,,1,51,,356335,32,,,1,4,,356321,31,,,1,5,,356336,32,,,1,10,,356337,32,,,1,6,,356322,31,,,1,4,,356338,32,,,1,10,,356339,32,,,1,9,,356340,32,,,1,9,,356341,32,,,1,49,,356342,32,,,1,8,,356343,32,,,1,10,,356344,32,,,1,13,,356345,32,,,1,15,,356324,32,,,1,55,,356346,32,,,1,15,,356347,32,,,1,14,,356348,32,,,1,15,,356349,32,,,1,55,,356350,32,,,1,15,,356325,32,,,1,15,,356351,32,,,1,17,,356352,32,,,1,54,,356353,32,,,1,14,,356354,32,,,1,12,,356355,32,,,1,12,,356356,32,,,1,12,,356357,32,,,1,52,,356358,32,,,1,13,,356359,32,,,1,13,,356360,32,,,1,13,,356361,32,,,1,53,,356362,32,,,1,12,,356363,32,,,1,12,,356364,32,,,1,12,,356365,32,,,1,12,,356366,32,,,1,52,,356367,32,,,1,13,,356368,32,,,1,14,,356369,32,,,1,8,,356370,32,,,1,10,,356371,32,,,1,9,,356372,32,,,1,50,,356373,32,,,1,10,,356374,32,,,1,11,,356375,32,,,1,12,,356376,32,,,1,9,,356377,32,,,1,10,,356378,32,,,1,50,,356379,32,,,1,11,,356380,32,,,1,9,,356381,32,,,1,8,,356382,32,,,1,9,,356383,32,,,1,8,,356384,32,,,1,48,,356385,32,,,1,10,,356386,32,,,1,14,,356387,32,,,1,13,,356388,32,,,1,14,,356389,32,,,1,55,,356390,32,,,1,15,,356391,32,,,1,14,,356392,32,,,1,13,,356393,32,,,1,55,,356394,32,,,1,16,,356395,32,,,1,15,,356396,32,,,1,15,,356397,32,,,1,55,,356398,32,,,1,15,,356399,32,,,1,15,,356400,32,,,1,14,,356401,32,,,1,54,,356402,32,,,1,15,,356403,32,,,1,14,,356404,32,,,1,15,,356405,32,,,1,54,,356406,32,,,1,15,,356407,32,,,1,14,,356408,32,,,1,14,,356409,32,,,1,55,,356410,32,,,1,14,,356411,32,,,1,14,,356412,32,,,1,14,,356413,32,,,1,15,,356414,32,,,1,54,,356415,32,,,1
80703,'20260428',545,,356421,32,,,1,55,,356422,32,,,1,17,,356423,32,,,1,15,,356424,32,,,1,17,,356425,32,,,1,56,,356426,32,,,1,16,,356418,32,,,1,8,,356427,32,,,1,11,,356428,32,,,1,11,,356429,32,,,1,51,,356430,32,,,1,4,,356416,31,,,1,5,,356431,32,,,1,10,,356432,32,,,1,6,,356417,31,,,1,4,,356433,32,,,1,10,,356434,32,,,1,9,,356435,32,,,1,9,,356436,32,,,1,49,,356437,32,,,1,8,,356438,32,,,1,10,,356439,32,,,1,13,,356440,32,,,1,15,,356419,32,,,1,55,,356441,32,,,1,15,,356442,32,,,1,14,,356443,32,,,1,15,,356444,32,,,1,55,,356445,32,,,1,15,,356420,32,,,1,15,,356446,32,,,1,17,,356447,32,,,1,54,,356448,32,,,1,14,,356449,32,,,1,12,,356450,32,,,1,12,,356451,32,,,1,12,,356452,32,,,1,52,,356453,32,,,1,13,,356454,32,,,1,13,,356455,32,,,1,13,,356456,32,,,1,53,,356457,32,,,1,12,,356458,32,,,1,12,,356459,32,,,1,12,,356460,32,,,1,12,,356461,32,,,1,52,,356462,32,,,1,13,,356463,32,,,1,14,,356464,32,,,1,8,,356465,32,,,1,10,,356466,32,,,1,9,,356467,32,,,1,50,,356468,32,,,1,10,,356469,32,,,1,11,,356470,32,,,1,12,,356471,32,,,1,9,,356472,32,,,1,10,,356473,32,,,1,50,,356474,32,,,1,11,,356475,32,,,1,9,,356476,32,,,1,8,,356477,32,,,1,9,,356478,32,,,1,8,,356479,32,,,1,48,,356480,32,,,1,10,,356481,32,,,1,14,,356482,32,,,1,13,,356483,32,,,1,14,,356484,32,,,1,55,,356485,32,,,1,15,,356486,32,,,1,14,,356487,32,,,1,13,,356488,32,,,1,55,,356489,32,,,1,16,,356490,32,,,1,15,,356491,32,,,1,15,,356492,32,,,1,55,,356493,32,,,1,15,,356494,32,,,1,15,,356495,32,,,1,14,,356496,32,,,1,54,,356497,32,,,1,15,,356498,32,,,1,14,,356499,32,,,1,15,,356500,32,,,1,54,,356501,32,,,1,15,,356502,32,,,1,14,,356503,32,,,1,14,,356504,32,,,1,55,,356505,32,,,1,14,,356506,32,,,1,14,,356507,32,,,1,14,,356508,32,,,1,15,,356509,32,,,1,54,,356510,32,,,1
80703,'20260429',545,,303963,32,,,1,55,,303986,32,,,1,17,,303964,32,,,1,15,,303965,32,,,1,17,,303966,32,,,1,56,,303967,32,,,1,16,,303968,32,,,1,8,,304048,32,,,1,11,,304049,32,,,1,11,,304050,32,,,1,51,,304051,32,,,1,9,,304052,32,,,1,10,,304053,32,,,1,10,,304029,32,,,1,10,,304030,32,,,1,9,,304032,32,,,1,9,,304007,32,,,1,49,,304006,32,,,1,8,,304027,32,,,1,10,,304005,32,,,1,13,,304028,32,,,1,15,,304026,32,,,1,55,,304003,32,,,1,15,,304002,32,,,1,14,,304025,32,,,1,15,,304024,32,,,1,55,,304001,32,,,1,15,,304023,32,,,1,15,,304022,32,,,1,17,,304000,32,,,1,54,,304021,32,,,1,14,,303999,32,,,1,12,,304020,32,,,1,12,,303998,32,,,1,12,,304019,32,,,1,52,,304009,32,,,1,13,,303997,32,,,1,13,,304008,32,,,1,13,,304018,32,,,1,53,,303987,32,,,1,12,,303996,32,,,1,12,,303995,32,,,1,12,,304017,32,,,1,12,,304016,32,,,1,52,,303994,32,,,1,13,,304015,32,,,1,14,,303993,32,,,1,8,,304014,32,,,1,10,,304055,32,,,1,9,,303969,32,,,1,50,,304013,32,,,1,10,,303992,32,,,1,11,,304012,32,,,1,12,,303991,32,,,1,9,,304011,32,,,1,10,,303976,32,,,1,50,,303977,32,,,1,11,,303989,32,,,1,9,,303978,32,,,1,8,,303988,32,,,1,9,,304010,32,,,1,8,,303979,32,,,1,48,,303990,32,,,1,10,,304004,32,,,1,14,,304054,32,,,1,13,,304031,32,,,1,14,,304035,32,,,1,55,,304034,32,,,1,15,,303970,32,,,1,14,,303980,32,,,1,13,,303971,32,,,1,55,,303981,32,,,1,16,,303972,32,,,1,15,,303982,32,,,1,15,,303973,32,,,1,55,,303983,32,,,1,15,,303974,32,,,1,15,,303984,32,,,1,14,,303975,32,,,1,54,,303985,32,,,1,15,,304036,32,,,1,14,,304037,32,,,1,15,,304038,32,,,1,54,,304039,32,,,1,15,,304040,32,,,1,14,,304041,32,,,1,14,,304042,32,,,1,55,,304043,32,,,1,14,,304044,32,,,1,14,,304045,32,,,1,14,,304046,32,,,1,15,,304047,32,,,1,54,,304033,32,,,1
80703,'20260430',545,,304056,32,,,1,55,,304079,32,,,1,17,,304057,32,,,1,15,,304058,32,,,1,17,,304059,32,,,1,56,,304060,32,,,1,16,,304061,32,,,1,8,,304141,32,,,1,11,,304142,32,,,1,11,,304143,32,,,1,51,,304144,32,,,1,9,,304145,32,,,1,10,,304146,32,,,1,10,,304122,32,,,1,10,,304123,32,,,1,9,,304125,32,,,1,9,,304100,32,,,1,49,,304099,32,,,1,8,,304120,32,,,1,10,,304098,32,,,1,13,,304121,32,,,1,15,,304119,32,,,1,55,,304096,32,,,1,15,,304095,32,,,1,14,,304118,32,,,1,15,,304117,32,,,1,55,,304094,32,,,1,15,,304116,32,,,1,15,,304115,32,,,1,17,,304093,32,,,1,54,,304114,32,,,1,14,,304092,32,,,1,12,,304113,32,,,1,12,,304091,32,,,1,12,,304112,32,,,1,52,,304102,32,,,1,13,,304090,32,,,1,13,,304101,32,,,1,13,,304111,32,,,1,53,,304080,32,,,1,12,,304089,32,,,1,12,,304088,32,,,1,12,,304110,32,,,1,12,,304109,32,,,1,52,,304087,32,,,1,13,,304108,32,,,1,14,,304086,32,,,1,8,,304107,32,,,1,10,,304148,32,,,1,9,,304062,32,,,1,50,,304106,32,,,1,10,,304085,32,,,1,11,,304105,32,,,1,12,,304084,32,,,1,9,,304104,32,,,1,10,,304069,32,,,1,50,,304070,32,,,1,11,,304082,32,,,1,9,,304071,32,,,1,8,,304081,32,,,1,9,,304103,32,,,1,8,,304072,32,,,1,48,,304083,32,,,1,10,,304097,32,,,1,14,,304147,32,,,1,13,,304124,32,,,1,14,,304128,32,,,1,55,,304127,32,,,1,15,,304063,32,,,1,14,,304073,32,,,1,13,,304064,32,,,1,55,,304074,32,,,1,16,,304065,32,,,1,15,,304075,32,,,1,15,,304066,32,,,1,55,,304076,32,,,1,15,,304067,32,,,1,15,,304077,32,,,1,14,,304068,32,,,1,54,,304078,32,,,1,15,,304129,32,,,1,14,,304130,32,,,1,15,,304131,32,,,1,54,,304132,32,,,1,15,,304133,32,,,1,14,,304134,32,,,1,14,,304135,32,,,1,55,,304136,32,,,1,14,,304137,32,,,1,14,,304138,32,,,1,14,,304139,32,,,1,15,,304140,32,,,1,54,,304126,32,,,1
80703,'20260501',545,,330125,32,,,1,55,,330148,32,,,1,17,,330126,32,,,1,15,,330127,32,,,1,17,,330128,32,,,1,56,,330129,32,,,1,16,,330130,32,,,1,8,,330210,32,,,1,11,,330211,32,,,1,11,,330212,32,,,1,51,,330213,32,,,1,9,,330214,32,,,1,10,,330215,32,,,1,10,,330191,32,,,1,10,,330192,32,,,1,9,,330194,32,,,1,9,,330169,32,,,1,49,,330168,32,,,1,8,,330189,32,,,1,10,,330167,32,,,1,13,,330190,32,,,1,15,,330188,32,,,1,55,,330165,32,,,1,15,,330164,32,,,1,14,,330187,32,,,1,15,,330186,32,,,1,55,,330163,32,,,1,15,,330185,32,,,1,15,,330184,32,,,1,17,,330162,32,,,1,54,,330183,32,,,1,14,,330161,32,,,1,12,,330182,32,,,1,12,,330160,32,,,1,12,,330181,32,,,1,52,,330171,32,,,1,13,,330159,32,,,1,13,,330170,32,,,1,13,,330180,32,,,1,53,,330149,32,,,1,12,,330158,32,,,1,12,,330157,32,,,1,12,,330179,32,,,1,12,,330178,32,,,1,52,,330156,32,,,1,13,,330177,32,,,1,14,,330155,32,,,1,8,,330176,32,,,1,10,,330217,32,,,1,9,,330131,32,,,1,50,,330175,32,,,1,10,,330154,32,,,1,11,,330174,32,,,1,12,,330153,32,,,1,9,,330173,32,,,1,10,,330138,32,,,1,50,,330139,32,,,1,11,,330151,32,,,1,9,,330140,32,,,1,8,,330150,32,,,1,9,,330172,32,,,1,8,,330141,32,,,1,48,,330152,32,,,1,10,,330166,32,,,1,14,,330216,32,,,1,13,,330193,32,,,1,14,,330197,32,,,1,55,,330196,32,,,1,15,,330132,32,,,1,14,,330142,32,,,1,13,,330133,32,,,1,55,,330143,32,,,1,16,,330134,32,,,1,15,,330144,32,,,1,15,,330135,32,,,1,55,,330145,32,,,1,15,,330136,32,,,1,15,,330146,32,,,1,14,,330137,32,,,1,54,,330147,32,,,1,15,,330198,32,,,1,14,,330199,32,,,1,15,,330200,32,,,1,54,,330201,32,,,1,15,,330202,32,,,1,14,,330203,32,,,1,14,,330204,32,,,1,55,,330205,32,,,1,14,,330206,32,,,1,14,,330207,32,,,1,14,,330208,32,,,1,15,,330209,32,,,1,54,,330195,32,,,1
80703,'20260502',558,,330218,32,,,1,56,,330219,32,,,1,16,,330220,32,,,1,16,,330294,32,,,1,56,,330221,32,,,1,15,,330222,32,,,1,15,,330223,32,,,1,14,,330295,32,,,1,57,,330224,32,,,1,15,,330225,32,,,1,15,,330226,32,,,1,15,,330227,32,,,1,55,,330228,32,,,1,16,,330229,32,,,1,17,,330230,32,,,1,14,,330231,32,,,1,56,,330232,32,,,1,16,,330233,32,,,1,15,,330234,32,,,1,15,,330235,32,,,1,55,,330236,32,,,1,15,,330237,32,,,1,14,,330238,32,,,1,16,,330239,32,,,1,56,,330240,32,,,1,15,,330241,32,,,1,16,,330242,32,,,1,15,,330243,32,,,1,55,,330244,32,,,1,15,,330245,32,,,1,16,,330246,32,,,1,15,,330247,32,,,1,55,,330248,32,,,1,15,,330249,32,,,1,15,,330250,32,,,1,16,,330251,32,,,1,56,,330252,32,,,1,15,,330253,32,,,1,15,,330254,32,,,1,15,,330255,32,,,1,55,,330256,32,,,1,15,,330257,32,,,1,15,,330258,32,,,1,14,,330259,32,,,1,56,,330260,32,,,1,14,,330261,32,,,1,15,,330262,32,,,1,15,,330263,32,,,1,54,,330264,32,,,1,14,,330265,32,,,1,15,,330266,32,,,1,16,,330267,32,,,1,54,,330268,32,,,1,14,,330269,32,,,1,14,,330270,32,,,1,15,,330271,32,,,1,54,,330272,32,,,1,15,,330273,32,,,1,15,,330274,32,,,1,16,,330275,32,,,1,54,,330276,32,,,1,15,,330277,32,,,1,15,,330278,32,,,1,15,,330279,32,,,1,55,,330280,32,,,1,15,,330281,32,,,1,15,,330282,32,,,1,14,,330283,32,,,1,54,,330284,32,,,1,14,,330285,32,,,1,15,,330286,32,,,1,15,,330287,32,,,1,54,,330288,32,,,1,14,,330289,32,,,1,15,,330290,32,,,1,13,,330291,32,,,1,15,,330292,32,,,1,55,,330293,32,,,1
80703,'20260503',558,,330296,32,,,1,56,,330297,32,,,1,16,,330298,32,,,1,16,,330299,32,,,1,56,,330372,32,,,1,15,,330300,32,,,1,15,,330301,32,,,1,14,,330302,32,,,1,57,,330373,32,,,1,15,,330303,32,,,1,15,,330304,32,,,1,15,,330305,32,,,1,55,,330306,32,,,1,16,,330307,32,,,1,17,,330308,32,,,1,14,,330309,32,,,1,56,,330310,32,,,1,16,,330311,32,,,1,15,,330312,32,,,1,15,,330313,32,,,1,55,,330314,32,,,1,15,,330315,32,,,1,14,,330316,32,,,1,16,,330317,32,,,1,56,,330318,32,,,1,15,,330319,32,,,1,16,,330320,32,,,1,15,,330321,32,,,1,55,,330322,32,,,1,15,,330323,32,,,1,16,,330324,32,,,1,15,,330325,32,,,1,55,,330326,32,,,1,15,,330327,32,,,1,15,,330328,32,,,1,16,,330329,32,,,1,56,,330330,32,,,1,15,,330331,32,,,1,15,,330332,32,,,1,15,,330333,32,,,1,55,,330334,32,,,1,15,,330335,32,,,1,15,,330336,32,,,1,14,,330337,32,,,1,56,,330338,32,,,1,14,,330339,32,,,1,15,,330340,32,,,1,15,,330341,32,,,1,54,,330342,32,,,1,14,,330343,32,,,1,15,,330344,32,,,1,16,,330345,32,,,1,54,,330346,32,,,1,14,,330347,32,,,1,14,,330348,32,,,1,15,,330349,32,,,1,54,,330350,32,,,1,15,,330351,32,,,1,15,,330352,32,,,1,16,,330353,32,,,1,54,,330354,32,,,1,15,,330355,32,,,1,15,,330356,32,,,1,15,,330357,32,,,1,55,,330358,32,,,1,15,,330359,32,,,1,15,,330360,32,,,1,14,,330361,32,,,1,54,,330362,32,,,1,14,,330363,32,,,1,15,,330364,32,,,1,15,,330365,32,,,1,54,,330366,32,,,1,14,,330367,32,,,1,15,,330368,32,,,1,13,,330369,32,,,1,15,,330370,32,,,1,55,,330371,32,,,1
80703,'20260504',545,,330374,32,,,1,55,,330397,32,,,1,17,,330375,32,,,1,15,,330376,32,,,1,17,,330377,32,,,1,56,,330378,32,,,1,16,,330379,32,,,1,8,,330459,32,,,1,11,,330460,32,,,1,11,,330461,32,,,1,51,,330462,32,,,1,9,,330463,32,,,1,10,,330464,32,,,1,10,,330440,32,,,1,10,,330441,32,,,1,9,,330443,32,,,1,9,,330418,32,,,1,49,,330417,32,,,1,8,,330438,32,,,1,10,,330416,32,,,1,13,,330439,32,,,1,15,,330437,32,,,1,55,,330414,32,,,1,15,,330413,32,,,1,14,,330436,32,,,1,15,,330435,32,,,1,55,,330412,32,,,1,15,,330434,32,,,1,15,,330433,32,,,1,17,,330411,32,,,1,54,,330432,32,,,1,14,,330410,32,,,1,12,,330431,32,,,1,12,,330409,32,,,1,12,,330430,32,,,1,52,,330420,32,,,1,13,,330408,32,,,1,13,,330419,32,,,1,13,,330429,32,,,1,53,,330398,32,,,1,12,,330407,32,,,1,12,,330406,32,,,1,12,,330428,32,,,1,12,,330427,32,,,1,52,,330405,32,,,1,13,,330426,32,,,1,14,,330404,32,,,1,8,,330425,32,,,1,10,,330466,32,,,1,9,,330380,32,,,1,50,,330424,32,,,1,10,,330403,32,,,1,11,,330423,32,,,1,12,,330402,32,,,1,9,,330422,32,,,1,10,,330387,32,,,1,50,,330388,32,,,1,11,,330400,32,,,1,9,,330389,32,,,1,8,,330399,32,,,1,9,,330421,32,,,1,8,,330390,32,,,1,48,,330401,32,,,1,10,,330415,32,,,1,14,,330465,32,,,1,13,,330442,32,,,1,14,,330446,32,,,1,55,,330445,32,,,1,15,,330381,32,,,1,14,,330391,32,,,1,13,,330382,32,,,1,55,,330392,32,,,1,16,,330383,32,,,1,15,,330393,32,,,1,15,,330384,32,,,1,55,,330394,32,,,1,15,,330385,32,,,1,15,,330395,32,,,1,14,,330386,32,,,1,54,,330396,32,,,1,15,,330447,32,,,1,14,,330448,32,,,1,15,,330449,32,,,1,54,,330450,32,,,1,15,,330451,32,,,1,14,,330452,32,,,1,14,,330453,32,,,1,55,,330454,32,,,1,14,,330455,32,,,1,14,,330456,32,,,1,14,,330457,32,,,1,15,,330458,32,,,1,54,,330444,32,,,1
80703,'20260505',545,,356511,32,,,1,55,,356534,32,,,1,17,,356512,32,,,1,15,,356513,32,,,1,17,,356514,32,,,1,56,,356515,32,,,1,16,,356516,32,,,1,8,,356596,32,,,1,11,,356597,32,,,1,11,,356598,32,,,1,51,,356599,32,,,1,9,,356600,32,,,1,10,,356601,32,,,1,10,,356577,32,,,1,10,,356578,32,,,1,9,,356580,32,,,1,9,,356555,32,,,1,49,,356554,32,,,1,8,,356575,32,,,1,10,,356553,32,,,1,13,,356576,32,,,1,15,,356574,32,,,1,55,,356551,32,,,1,15,,356550,32,,,1,14,,356573,32,,,1,15,,356572,32,,,1,55,,356549,32,,,1,15,,356571,32,,,1,15,,356570,32,,,1,17,,356548,32,,,1,54,,356569,32,,,1,14,,356547,32,,,1,12,,356568,32,,,1,12,,356546,32,,,1,12,,356567,32,,,1,52,,356557,32,,,1,13,,356545,32,,,1,13,,356556,32,,,1,13,,356566,32,,,1,53,,356535,32,,,1,12,,356544,32,,,1,12,,356543,32,,,1,12,,356565,32,,,1,12,,356564,32,,,1,52,,356542,32,,,1,13,,356563,32,,,1,14,,356541,32,,,1,8,,356562,32,,,1,10,,356603,32,,,1,9,,356517,32,,,1,50,,356561,32,,,1,10,,356540,32,,,1,11,,356560,32,,,1,12,,356539,32,,,1,9,,356559,32,,,1,10,,356524,32,,,1,50,,356525,32,,,1,11,,356537,32,,,1,9,,356526,32,,,1,8,,356536,32,,,1,9,,356558,32,,,1,8,,356527,32,,,1,48,,356538,32,,,1,10,,356552,32,,,1,14,,356602,32,,,1,13,,356579,32,,,1,14,,356583,32,,,1,55,,356582,32,,,1,15,,356518,32,,,1,14,,356528,32,,,1,13,,356519,32,,,1,55,,356529,32,,,1,16,,356520,32,,,1,15,,356530,32,,,1,15,,356521,32,,,1,55,,356531,32,,,1,15,,356522,32,,,1,15,,356532,32,,,1,14,,356523,32,,,1,54,,356533,32,,,1,15,,356584,32,,,1,14,,356585,32,,,1,15,,356586,32,,,1,54,,356587,32,,,1,15,,356588,32,,,1,14,,356589,32,,,1,14,,356590,32,,,1,55,,356591,32,,,1,14,,356592,32,,,1,14,,356593,32,,,1,14,,356594,32,,,1,15,,356595,32,,,1,54,,356581,32,,,1
80703,'20260506',545,,356604,32,,,1,55,,356627,32,,,1,17,,356605,32,,,1,15,,356606,32,,,1,17,,356607,32,,,1,56,,356608,32,,,1,16,,356609,32,,,1,8,,356689,32,,,1,11,,356690,32,,,1,11,,356691,32,,,1,51,,356692,32,,,1,9,,356693,32,,,1,10,,356694,32,,,1,10,,356670,32,,,1,10,,356671,32,,,1,9,,356673,32,,,1,9,,356648,32,,,1,49,,356647,32,,,1,8,,356668,32,,,1,10,,356646,32,,,1,13,,356669,32,,,1,15,,356667,32,,,1,55,,356644,32,,,1,15,,356643,32,,,1,14,,356666,32,,,1,15,,356665,32,,,1,55,,356642,32,,,1,15,,356664,32,,,1,15,,356663,32,,,1,17,,356641,32,,,1,54,,356662,32,,,1,14,,356640,32,,,1,12,,356661,32,,,1,12,,356639,32,,,1,12,,356660,32,,,1,52,,356650,32,,,1,13,,356638,32,,,1,13,,356649,32,,,1,13,,356659,32,,,1,53,,356628,32,,,1,12,,356637,32,,,1,12,,356636,32,,,1,12,,356658,32,,,1,12,,356657,32,,,1,52,,356635,32,,,1,13,,356656,32,,,1,14,,356634,32,,,1,8,,356655,32,,,1,10,,356696,32,,,1,9,,356610,32,,,1,50,,356654,32,,,1,10,,356633,32,,,1,11,,356653,32,,,1,12,,356632,32,,,1,9,,356652,32,,,1,10,,356617,32,,,1,50,,356618,32,,,1,11,,356630,32,,,1,9,,356619,32,,,1,8,,356629,32,,,1,9,,356651,32,,,1,8,,356620,32,,,1,48,,356631,32,,,1,10,,356645,32,,,1,14,,356695,32,,,1,13,,356672,32,,,1,14,,356676,32,,,1,55,,356675,32,,,1,15,,356611,32,,,1,14,,356621,32,,,1,13,,356612,32,,,1,55,,356622,32,,,1,16,,356613,32,,,1,15,,356623,32,,,1,15,,356614,32,,,1,55,,356624,32,,,1,15,,356615,32,,,1,15,,356625,32,,,1,14,,356616,32,,,1,54,,356626,32,,,1,15,,356677,32,,,1,14,,356678,32,,,1,15,,356679,32,,,1,54,,356680,32,,,1,15,,356681,32,,,1,14,,356682,32,,,1,14,,356683,32,,,1,55,,356684,32,,,1,14,,356685,32,,,1,14,,356686,32,,,1,14,,356687,32,,,1,15,,356688,32,,,1,54,,356674,32,,,1
80703,'20260507',545,,356697,32,,,1,55,,356720,32,,,1,17,,356698,32,,,1,15,,356699,32,,,1,17,,356700,32,,,1,56,,356701,32,,,1,16,,356702,32,,,1,8,,356782,32,,,1,11,,356783,32,,,1,11,,356784,32,,,1,51,,356785,32,,,1,9,,356786,32,,,1,10,,356787,32,,,1,10,,356763,32,,,1,10,,356764,32,,,1,9,,356766,32,,,1,9,,356741,32,,,1,49,,356740,32,,,1,8,,356761,32,,,1,10,,356739,32,,,1,13,,356762,32,,,1,15,,356760,32,,,1,55,,356737,32,,,1,15,,356736,32,,,1,14,,356759,32,,,1,15,,356758,32,,,1,55,,356735,32,,,1,15,,356757,32,,,1,15,,356756,32,,,1,17,,356734,32,,,1,54,,356755,32,,,1,14,,356733,32,,,1,12,,356754,32,,,1,12,,356732,32,,,1,12,,356753,32,,,1,52,,356743,32,,,1,13,,356731,32,,,1,13,,356742,32,,,1,13,,356752,32,,,1,53,,356721,32,,,1,12,,356730,32,,,1,12,,356729,32,,,1,12,,356751,32,,,1,12,,356750,32,,,1,52,,356728,32,,,1,13,,356749,32,,,1,14,,356727,32,,,1,8,,356748,32,,,1,10,,356789,32,,,1,9,,356703,32,,,1,50,,356747,32,,,1,10,,356726,32,,,1,11,,356746,32,,,1,12,,356725,32,,,1,9,,356745,32,,,1,10,,356710,32,,,1,50,,356711,32,,,1,11,,356723,32,,,1,9,,356712,32,,,1,8,,356722,32,,,1,9,,356744,32,,,1,8,,356713,32,,,1,48,,356724,32,,,1,10,,356738,32,,,1,14,,356788,32,,,1,13,,356765,32,,,1,14,,356769,32,,,1,55,,356768,32,,,1,15,,356704,32,,,1,14,,356714,32,,,1,13,,356705,32,,,1,55,,356715,32,,,1,16,,356706,32,,,1,15,,356716,32,,,1,15,,356707,32,,,1,55,,356717,32,,,1,15,,356708,32,,,1,15,,356718,32,,,1,14,,356709,32,,,1,54,,356719,32,,,1,15,,356770,32,,,1,14,,356771,32,,,1,15,,356772,32,,,1,54,,356773,32,,,1,15,,356774,32,,,1,14,,356775,32,,,1,14,,356776,32,,,1,55,,356777,32,,,1,14,,356778,32,,,1,14,,356779,32,,,1,14,,356780,32,,,1,15,,356781,32,,,1,54,,356767,32,,,1
90703,'20260424',2558,,330476,32,,,0,170,,330477,32,,,0
90703,'20260425',2558,,356793,32,,,0,170,,356794,32,,,0
90703,'20260501',2558,,330478,32,,,0,170,,330479,32,,,0
90703,'20260502',2558,,330480,32,,,0,170,,330481,32,,,0
