5103,'20260413',603,,241297,20,,,0,102,,241298,20,,,0,105,,241299,20,,,0,94,,241300,20,,,0,100,,241301,20,,,0,101,,241302,20,,,0,99,,241303,20,,,0,100,,241304,20,,,0,100,,241305,20,,,0,100,,241306,20,,,0,101,,241307,20,,,0,103,,241308,20,,,0,96,,241309,20,,,0,99,,241310,20,,,0,100,,241311,20,,,0,100,,241312,20,,,0,100,,241313,20,,,0,100,,241314,20,,,0
5103,'20260414',603,,241315,20,,,0,102,,241316,20,,,0,105,,241317,20,,,0,94,,241318,20,,,0,100,,241319,20,,,0,101,,241320,20,,,0,99,,241321,20,,,0,100,,241322,20,,,0,100,,241323,20,,,0,100,,241324,20,,,0,101,,241325,20,,,0,103,,241326,20,,,0,96,,241327,20,,,0,99,,241328,20,,,0,100,,241329,20,,,0,100,,241330,20,,,0,100,,241331,20,,,0,100,,241332,20,,,0
5103,'20260415',603,,241333,20,,,0,102,,241334,20,,,0,105,,241335,20,,,0,94,,241336,20,,,0,100,,241337,20,,,0,101,,241338,20,,,0,99,,241339,20,,,0,100,,241340,20,,,0,100,,241341,20,,,0,100,,241342,20,,,0,101,,241343,20,,,0,103,,241344,20,,,0,96,,241345,20,,,0,99,,241346,20,,,0,100,,241347,20,,,0,100,,241348,20,,,0,100,,241349,20,,,0,100,,241350,20,,,0
5103,'20260416',603,,241351,20,,,0,102,,241352,20,,,0,105,,241353,20,,,0,94,,241354,20,,,0,100,,241355,20,,,0,101,,241356,20,,,0,99,,241357,20,,,0,100,,241358,20,,,0,100,,241359,20,,,0,100,,241360,20,,,0,101,,241361,20,,,0,103,,241362,20,,,0,96,,241363,20,,,0,99,,241364,20,,,0,100,,241365,20,,,0,100,,241366,20,,,0,100,,241367,20,,,0,100,,241368,20,,,0
5103,'20260417',603,,241369,20,,,0,102,,241370,20,,,0,105,,241371,20,,,0,94,,241372,20,,,0,100,,241373,20,,,0,101,,241374,20,,,0,99,,241375,20,,,0,100,,241376,20,,,0,100,,241377,20,,,0,100,,241378,20,,,0,101,,241379,20,,,0,103,,241380,20,,,0,96,,241381,20,,,0,99,,241382,20,,,0,100,,241383,20,,,0,100,,241384,20,,,0,100,,241385,20,,,0,100,,241386,20,,,0
5103,'20260418',707,,198575,20,,,0,100,,198559,20,,,0,100,,198560,20,,,0,100,,198561,20,,,0,100,,198562,20,,,0,102,,198563,20,,,0,100,,198564,20,,,0,101,,198565,20,,,0,100,,198566,20,,,0,100,,198567,20,,,0,103,,198568,20,,,0,96,,198569,20,,,0,97,,198570,20,,,0,101,,198571,20,,,0,100,,198572,20,,,0,100,,198573,20,,,0,100,,198574,20,,,0
5103,'20260419',707,,198592,20,,,0,100,,198576,20,,,0,100,,198577,20,,,0,100,,198578,20,,,0,100,,198579,20,,,0,102,,198580,20,,,0,100,,198581,20,,,0,101,,198582,20,,,0,100,,198583,20,,,0,100,,198584,20,,,0,103,,198585,20,,,0,96,,198586,20,,,0,97,,198587,20,,,0,101,,198588,20,,,0,100,,198589,20,,,0,100,,198590,20,,,0,100,,198591,20,,,0
5103,'20260420',603,,198593,20,,,0,102,,198594,20,,,0,105,,198595,20,,,0,94,,198596,20,,,0,100,,198597,20,,,0,101,,198598,20,,,0,99,,198599,20,,,0,100,,198600,20,,,0,100,,198601,20,,,0,100,,198602,20,,,0,101,,198603,20,,,0,103,,198604,20,,,0,96,,198605,20,,,0,99,,198606,20,,,0,100,,198607,20,,,0,100,,198608,20,,,0,100,,198609,20,,,0,100,,198610,20,,,0
5103,'20260421',603,,241387,20,,,0,102,,241388,20,,,0,105,,241389,20,,,0,94,,241390,20,,,0,100,,241391,20,,,0,101,,241392,20,,,0,99,,241393,20,,,0,100,,241394,20,,,0,100,,241395,20,,,0,100,,241396,20,,,0,101,,241397,20,,,0,103,,241398,20,,,0,96,,241399,20,,,0,99,,241400,20,,,0,100,,241401,20,,,0,100,,241402,20,,,0,100,,241403,20,,,0,100,,241404,20,,,0
5103,'20260422',603,,241405,20,,,0,102,,241406,20,,,0,105,,241407,20,,,0,94,,241408,20,,,0,100,,241409,20,,,0,101,,241410,20,,,0,99,,241411,20,,,0,100,,241412,20,,,0,100,,241413,20,,,0,100,,241414,20,,,0,101,,241415,20,,,0,103,,241416,20,,,0,96,,241417,20,,,0,99,,241418,20,,,0,100,,241419,20,,,0,100,,241420,20,,,0,100,,241421,20,,,0,100,,241422,20,,,0
5103,'20260423',603,,241423,20,,,0,102,,241424,20,,,0,105,,241425,20,,,0,94,,241426,20,,,0,100,,241427,20,,,0,101,,241428,20,,,0,99,,241429,20,,,0,100,,241430,20,,,0,100,,241431,20,,,0,100,,241432,20,,,0,101,,241433,20,,,0,103,,241434,20,,,0,96,,241435,20,,,0,99,,241436,20,,,0,100,,241437,20,,,0,100,,241438,20,,,0,100,,241439,20,,,0,100,,241440,20,,,0
5103,'20260424',603,,241441,20,,,0,102,,241442,20,,,0,105,,241443,20,,,0,94,,241444,20,,,0,100,,241445,20,,,0,101,,241446,20,,,0,99,,241447,20,,,0,100,,241448,20,,,0,100,,241449,20,,,0,100,,241450,20,,,0,101,,241451,20,,,0,103,,241452,20,,,0,96,,241453,20,,,0,99,,241454,20,,,0,100,,241455,20,,,0,100,,241456,20,,,0,100,,241457,20,,,0,100,,241458,20,,,0
5103,'20260425',707,,241475,20,,,0,100,,241459,20,,,0,100,,241460,20,,,0,100,,241461,20,,,0,100,,241462,20,,,0,102,,241463,20,,,0,100,,241464,20,,,0,101,,241465,20,,,0,100,,241466,20,,,0,100,,241467,20,,,0,103,,241468,20,,,0,96,,241469,20,,,0,97,,241470,20,,,0,101,,241471,20,,,0,100,,241472,20,,,0,100,,241473,20,,,0,100,,241474,20,,,0
5103,'20260426',707,,241492,20,,,0,100,,241476,20,,,0,100,,241477,20,,,0,100,,241478,20,,,0,100,,241479,20,,,0,102,,241480,20,,,0,100,,241481,20,,,0,101,,241482,20,,,0,100,,241483,20,,,0,100,,241484,20,,,0,103,,241485,20,,,0,96,,241486,20,,,0,97,,241487,20,,,0,101,,241488,20,,,0,100,,241489,20,,,0,100,,241490,20,,,0,100,,241491,20,,,0
5103,'20260427',603,,241493,20,,,0,102,,241494,20,,,0,105,,241495,20,,,0,94,,241496,20,,,0,100,,241497,20,,,0,101,,241498,20,,,0,99,,241499,20,,,0,100,,241500,20,,,0,100,,241501,20,,,0,100,,241502,20,,,0,101,,241503,20,,,0,103,,241504,20,,,0,96,,241505,20,,,0,99,,241506,20,,,0,100,,241507,20,,,0,100,,241508,20,,,0,100,,241509,20,,,0,100,,241510,20,,,0
25101,'20260413',706,,256744,20,,,0,25,,256745,20,,,0,28,,256746,20,,,0
25101,'20260414',706,,256747,20,,,0,25,,256748,20,,,0,28,,256749,20,,,0
25101,'20260415',706,,256750,20,,,0,25,,256751,20,,,0,28,,256752,20,,,0
25101,'20260416',706,,256753,20,,,0,25,,256754,20,,,0,28,,256755,20,,,0
25101,'20260417',706,,256756,20,,,0,25,,256757,20,,,0,28,,256758,20,,,0
25101,'20260420',706,,212133,20,,,0,25,,212134,20,,,0,28,,212135,20,,,0
25101,'20260421',706,,256759,20,,,0,25,,256760,20,,,0,28,,256761,20,,,0
25101,'20260422',706,,256762,20,,,0,25,,256763,20,,,0,28,,256764,20,,,0
25101,'20260423',706,,256765,20,,,0,25,,256766,20,,,0,28,,256767,20,,,0
25101,'20260424',706,,256768,20,,,0,25,,256769,20,,,0,28,,256770,20,,,0
25101,'20260427',706,,256771,20,,,0,25,,256772,20,,,0,28,,256773,20,,,0
