7400,'20260427',629,,340615,17,,,1,71,,340616,17,,,1,30,,340598,53,,,1,70,,340617,17,,,1,30,,340599,53,,,1,29,,340618,17,,,1,71,,340600,53,,,1,99,,340601,53,,,1,101,,340602,53,,,1,100,,340603,53,,,1,100,,340604,53,,,1,100,,340605,53,,,1,100,,340606,53,,,1,101,,340607,53,,,1,99,,340608,53,,,1,100,,340609,53,,,1,99,,340610,53,,,1,100,,340611,53,,,1,100,,340612,53,,,1,100,,340613,53,,,1,100,,340614,53,,,1
7400,'20260428',629,,340636,17,,,1,71,,340637,17,,,1,30,,340619,53,,,1,70,,340638,17,,,1,30,,340620,53,,,1,29,,340639,17,,,1,71,,340621,53,,,1,99,,340622,53,,,1,101,,340623,53,,,1,100,,340624,53,,,1,100,,340625,53,,,1,100,,340626,53,,,1,100,,340627,53,,,1,101,,340628,53,,,1,99,,340629,53,,,1,100,,340630,53,,,1,99,,340631,53,,,1,100,,340632,53,,,1,100,,340633,53,,,1,100,,340634,53,,,1,100,,340635,53,,,1
7400,'20260429',629,,366882,17,,,1,71,,366883,17,,,1,30,,366865,53,,,1,70,,366884,17,,,1,30,,366866,53,,,1,29,,366885,17,,,1,71,,366867,53,,,1,99,,366868,53,,,1,101,,366869,53,,,1,100,,366870,53,,,1,100,,366871,53,,,1,100,,366872,53,,,1,100,,366873,53,,,1,101,,366874,53,,,1,99,,366875,53,,,1,100,,366876,53,,,1,99,,366877,53,,,1,100,,366878,53,,,1,100,,366879,53,,,1,100,,366880,53,,,1,100,,366881,53,,,1
7400,'20260430',629,,366903,17,,,1,71,,366904,17,,,1,30,,366886,53,,,1,70,,366905,17,,,1,30,,366887,53,,,1,29,,366906,17,,,1,71,,366888,53,,,1,99,,366889,53,,,1,101,,366890,53,,,1,100,,366891,53,,,1,100,,366892,53,,,1,100,,366893,53,,,1,100,,366894,53,,,1,101,,366895,53,,,1,99,,366896,53,,,1,100,,366897,53,,,1,99,,366898,53,,,1,100,,366899,53,,,1,100,,366900,53,,,1,100,,366901,53,,,1,100,,366902,53,,,1
7400,'20260501',629,,366924,17,,,1,71,,366925,17,,,1,30,,366907,53,,,1,70,,366926,17,,,1,30,,366908,53,,,1,29,,366927,17,,,1,71,,366909,53,,,1,99,,366910,53,,,1,101,,366911,53,,,1,100,,366912,53,,,1,100,,366913,53,,,1,100,,366914,53,,,1,100,,366915,53,,,1,101,,366916,53,,,1,99,,366917,53,,,1,100,,366918,53,,,1,99,,366919,53,,,1,100,,366920,53,,,1,100,,366921,53,,,1,100,,366922,53,,,1,100,,366923,53,,,1
7400,'20260502',829,,314293,53,,,1,100,,314307,53,,,1,100,,314308,53,,,1,100,,314294,53,,,1,100,,314295,53,,,1,100,,314296,53,,,1,100,,314297,53,,,1,101,,314298,53,,,1,100,,314299,53,,,1,100,,314300,53,,,1,99,,314301,53,,,1,100,,314302,53,,,1,100,,314303,53,,,1,99,,314304,53,,,1,100,,314305,53,,,1,100,,314306,53,,,1,130,,314309,53,,,1
7400,'20260503',829,,314310,53,,,1,100,,314324,53,,,1,100,,314311,53,,,1,100,,314325,53,,,1,100,,314318,53,,,1,100,,314319,53,,,1,100,,314320,53,,,1,101,,314321,53,,,1,100,,314322,53,,,1,100,,314323,53,,,1,99,,314312,53,,,1,100,,314316,53,,,1,100,,314317,53,,,1,99,,314313,53,,,1,100,,314314,53,,,1,100,,314315,53,,,1,130,,314326,53,,,1
7400,'20260504',629,,314346,17,,,1,71,,314347,17,,,1,30,,314340,53,,,1,70,,314345,17,,,1,30,,314327,53,,,1,29,,314344,17,,,1,71,,314328,53,,,1,99,,314329,53,,,1,101,,314330,53,,,1,100,,314331,53,,,1,100,,314332,53,,,1,100,,314333,53,,,1,100,,314334,53,,,1,101,,314335,53,,,1,99,,314336,53,,,1,100,,314337,53,,,1,99,,314341,53,,,1,100,,314342,53,,,1,100,,314338,53,,,1,100,,314343,53,,,1,100,,314339,53,,,1
7400,'20260505',629,,340659,17,,,1,71,,340660,17,,,1,30,,340653,53,,,1,70,,340658,17,,,1,30,,340640,53,,,1,29,,340657,17,,,1,71,,340641,53,,,1,99,,340642,53,,,1,101,,340643,53,,,1,100,,340644,53,,,1,100,,340645,53,,,1,100,,340646,53,,,1,100,,340647,53,,,1,101,,340648,53,,,1,99,,340649,53,,,1,100,,340650,53,,,1,99,,340654,53,,,1,100,,340655,53,,,1,100,,340651,53,,,1,100,,340656,53,,,1,100,,340652,53,,,1
7400,'20260506',629,,340680,17,,,1,71,,340681,17,,,1,30,,340674,53,,,1,70,,340679,17,,,1,30,,340661,53,,,1,29,,340678,17,,,1,71,,340662,53,,,1,99,,340663,53,,,1,101,,340664,53,,,1,100,,340665,53,,,1,100,,340666,53,,,1,100,,340667,53,,,1,100,,340668,53,,,1,101,,340669,53,,,1,99,,340670,53,,,1,100,,340671,53,,,1,99,,340675,53,,,1,100,,340676,53,,,1,100,,340672,53,,,1,100,,340677,53,,,1,100,,340673,53,,,1
7400,'20260507',629,,340701,17,,,1,71,,340702,17,,,1,30,,340695,53,,,1,70,,340700,17,,,1,30,,340682,53,,,1,29,,340699,17,,,1,71,,340683,53,,,1,99,,340684,53,,,1,101,,340685,53,,,1,100,,340686,53,,,1,100,,340687,53,,,1,100,,340688,53,,,1,100,,340689,53,,,1,101,,340690,53,,,1,99,,340691,53,,,1,100,,340692,53,,,1,99,,340696,53,,,1,100,,340697,53,,,1,100,,340693,53,,,1,100,,340698,53,,,1,100,,340694,53,,,1
7400,'20260508',629,,366947,17,,,1,71,,366948,17,,,1,30,,366941,53,,,1,70,,366946,17,,,1,30,,366928,53,,,1,29,,366945,17,,,1,71,,366929,53,,,1,99,,366930,53,,,1,101,,366931,53,,,1,100,,366932,53,,,1,100,,366933,53,,,1,100,,366934,53,,,1,100,,366935,53,,,1,101,,366936,53,,,1,99,,366937,53,,,1,100,,366938,53,,,1,99,,366942,53,,,1,100,,366943,53,,,1,100,,366939,53,,,1,100,,366944,53,,,1,100,,366940,53,,,1
7400,'20260509',829,,366949,53,,,1,100,,366963,53,,,1,100,,366964,53,,,1,100,,366950,53,,,1,100,,366951,53,,,1,100,,366952,53,,,1,100,,366953,53,,,1,101,,366954,53,,,1,100,,366955,53,,,1,100,,366956,53,,,1,99,,366957,53,,,1,100,,366958,53,,,1,100,,366959,53,,,1,99,,366960,53,,,1,100,,366961,53,,,1,100,,366962,53,,,1,130,,366965,53,,,1
7400,'20260510',829,,366966,53,,,1,100,,366980,53,,,1,100,,366967,53,,,1,100,,366981,53,,,1,100,,366974,53,,,1,100,,366975,53,,,1,100,,366976,53,,,1,101,,366977,53,,,1,100,,366978,53,,,1,100,,366979,53,,,1,99,,366968,53,,,1,100,,366972,53,,,1,100,,366973,53,,,1,99,,366969,53,,,1,100,,366970,53,,,1,100,,366971,53,,,1,130,,366982,53,,,1
7400,'20260511',629,,367002,17,,,1,71,,367003,17,,,1,30,,366996,53,,,1,70,,367001,17,,,1,30,,366983,53,,,1,29,,367000,17,,,1,71,,366984,53,,,1,99,,366985,53,,,1,101,,366986,53,,,1,100,,366987,53,,,1,100,,366988,53,,,1,100,,366989,53,,,1,100,,366990,53,,,1,101,,366991,53,,,1,99,,366992,53,,,1,100,,366993,53,,,1,99,,366997,53,,,1,100,,366998,53,,,1,100,,366994,53,,,1,100,,366999,53,,,1,100,,366995,53,,,1
