2503,'20260308',656,2,7705,10,,,0,98,2,7706,10,,,0,99,2,7707,10,,,0,100,2,7708,10,,,0,98,2,7709,10,,,0,98,2,7710,10,,,0,98,2,7711,10,,,0,98,2,7712,10,,,0,103,2,7713,10,,,0,99,2,7714,10,,,0,103,2,7715,10,,,0,101,2,7716,10,,,0,101,2,7717,10,,,0,102,2,7718,10,,,0,101,2,7719,10,,,0,100,2,7720,10,,,0,100,2,7721,10,,,0,151,2,7722,10,,,0
2503,'20260309',640,2,7723,10,,,0,70,2,7724,10,,,0,14,2,7725,10,,,0,18,2,7726,10,,,0,10,2,7727,10,,,0,55,2,7728,10,,,0,29,2,7729,10,,,0,72,2,7730,10,,,0,31,2,7731,10,,,0,68,2,7732,10,,,0,32,2,7733,10,,,0,69,2,7734,10,,,0,29,2,7735,10,,,0,71,2,7736,10,,,0,29,2,7737,10,,,0,70,2,7738,10,,,0,30,2,7739,10,,,0,69,2,7740,10,,,0,27,2,7741,10,,,0,68,42,7742,10,,,0,15,2,7743,10,,,0,14,2,7744,10,,,0,17,2,7745,10,,,0,56,2,7746,10,,,0,19,2,7747,10,,,0,20,2,7748,10,,,0,60,2,7749,10,,,0,22,2,7750,10,,,0,86,2,7751,10,,,0,100,2,7752,10,,,0,103,2,7753,10,,,0,100,2,7754,10,,,0,100,2,7755,10,,,0,100,2,7756,10,,,0,103,2,7757,10,,,0
2503,'20260310',640,2,7760,10,,,0,70,2,7761,10,,,0,14,2,7762,10,,,0,18,2,7763,10,,,0,10,2,7764,10,,,0,55,2,7765,10,,,0,29,2,7766,10,,,0,72,2,7767,10,,,0,31,2,7768,10,,,0,68,2,7769,10,,,0,32,2,7770,10,,,0,69,2,7771,10,,,0,29,2,7772,10,,,0,71,2,7773,10,,,0,29,2,7774,10,,,0,70,2,7775,10,,,0,30,2,7776,10,,,0,69,2,7777,10,,,0,27,2,7778,10,,,0,68,42,7779,10,,,0,15,2,7780,10,,,0,14,2,7781,10,,,0,17,2,7782,10,,,0,56,2,7783,10,,,0,19,2,7784,10,,,0,20,2,7785,10,,,0,60,2,7786,10,,,0,22,2,7787,10,,,0,86,2,7788,10,,,0,100,2,7789,10,,,0,103,2,7790,10,,,0,100,2,7791,10,,,0,100,2,7792,10,,,0,100,2,7793,10,,,0,103,2,7794,10,,,0
2503,'20260311',640,2,7797,10,,,0,70,2,7798,10,,,0,14,2,7799,10,,,0,18,2,7800,10,,,0,10,2,7801,10,,,0,55,2,7802,10,,,0,29,2,7803,10,,,0,72,2,7804,10,,,0,31,2,7805,10,,,0,68,2,7806,10,,,0,32,2,7807,10,,,0,69,2,7808,10,,,0,29,2,7809,10,,,0,71,2,7810,10,,,0,29,2,7811,10,,,0,70,2,7812,10,,,0,30,2,7813,10,,,0,69,2,7814,10,,,0,27,2,7815,10,,,0,68,42,7816,10,,,0,15,2,7817,10,,,0,14,2,7818,10,,,0,17,2,7819,10,,,0,56,2,7820,10,,,0,19,2,7821,10,,,0,20,2,7822,10,,,0,60,2,7823,10,,,0,22,2,7824,10,,,0,86,2,7825,10,,,0,100,2,7826,10,,,0,103,2,7827,10,,,0,100,2,7828,10,,,0,100,2,7829,10,,,0,100,2,7830,10,,,0,103,2,7831,10,,,0
2503,'20260312',640,2,7834,10,,,0,70,2,7835,10,,,0,14,2,7836,10,,,0,18,2,7837,10,,,0,10,2,7838,10,,,0,55,2,7839,10,,,0,29,2,7840,10,,,0,72,2,7841,10,,,0,31,2,7842,10,,,0,68,2,7843,10,,,0,32,2,7844,10,,,0,69,2,7845,10,,,0,29,2,7846,10,,,0,71,2,7847,10,,,0,29,2,7848,10,,,0,70,2,7849,10,,,0,30,2,7850,10,,,0,69,2,7851,10,,,0,27,2,7852,10,,,0,68,42,7853,10,,,0,15,2,7854,10,,,0,14,2,7855,10,,,0,17,2,7856,10,,,0,56,2,7857,10,,,0,19,2,7858,10,,,0,20,2,7859,10,,,0,60,2,7860,10,,,0,22,2,7861,10,,,0,86,2,7862,10,,,0,100,2,7863,10,,,0,103,2,7864,10,,,0,100,2,7865,10,,,0,100,2,7866,10,,,0,100,2,7867,10,,,0,103,2,7868,10,,,0
2503,'20260313',640,2,7871,10,,,0,70,2,7872,10,,,0,14,2,7873,10,,,0,18,2,7874,10,,,0,10,2,7875,10,,,0,55,2,7876,10,,,0,29,2,7877,10,,,0,72,2,7878,10,,,0,31,2,7879,10,,,0,68,2,7880,10,,,0,32,2,7881,10,,,0,69,2,7882,10,,,0,29,2,7883,10,,,0,71,2,7884,10,,,0,29,2,7885,10,,,0,70,2,7886,10,,,0,30,2,7887,10,,,0,69,2,7888,10,,,0,27,2,7889,10,,,0,68,42,7890,10,,,0,15,2,7891,10,,,0,14,2,7892,10,,,0,17,2,7893,10,,,0,56,2,7894,10,,,0,19,2,7895,10,,,0,20,2,7896,10,,,0,60,2,7897,10,,,0,22,2,7898,10,,,0,86,2,7899,10,,,0,100,2,7900,10,,,0,103,2,7901,10,,,0,100,2,7902,10,,,0,100,2,7903,10,,,0,100,2,7904,10,,,0,103,2,7905,10,,,0
2503,'20260314',656,2,7908,10,,,0,98,2,7909,10,,,0,99,2,7910,10,,,0,100,2,7911,10,,,0,98,2,7912,10,,,0,98,2,7913,10,,,0,98,2,7914,10,,,0,98,2,7915,10,,,0,103,2,7916,10,,,0,99,2,7917,10,,,0,103,2,7918,10,,,0,101,2,7919,10,,,0,101,2,7920,10,,,0,102,2,7921,10,,,0,101,2,7922,10,,,0,100,2,7923,10,,,0,100,2,7924,10,,,0,151,2,7925,10,,,0
2503,'20260315',656,2,7926,10,,,0,98,2,7927,10,,,0,99,2,7928,10,,,0,100,2,7929,10,,,0,98,2,7930,10,,,0,98,2,7931,10,,,0,98,2,7932,10,,,0,98,2,7933,10,,,0,103,2,7934,10,,,0,99,2,7935,10,,,0,103,2,7936,10,,,0,101,2,7937,10,,,0,101,2,7938,10,,,0,102,2,7939,10,,,0,101,2,7940,10,,,0,100,2,7941,10,,,0,100,2,7942,10,,,0,151,2,7943,10,,,0
2503,'20260316',640,2,7944,10,,,0,70,2,7945,10,,,0,14,2,7946,10,,,0,18,2,7947,10,,,0,10,2,7948,10,,,0,55,2,7949,10,,,0,29,2,7950,10,,,0,72,2,7958,10,,,0,31,2,7959,10,,,0,68,2,7960,10,,,0,32,2,7961,10,,,0,69,2,7962,10,,,0,29,2,7963,10,,,0,71,2,7964,10,,,0,29,2,7965,10,,,0,70,2,7966,10,,,0,30,2,7967,10,,,0,69,2,7968,10,,,0,27,2,7969,10,,,0,68,42,7951,10,,,0,15,2,7977,10,,,0,14,2,7952,10,,,0,17,2,7978,10,,,0,56,2,7953,10,,,0,19,2,7957,10,,,0,20,2,7954,10,,,0,60,2,7955,10,,,0,22,2,7956,10,,,0,86,2,7970,10,,,0,100,2,7971,10,,,0,103,2,7972,10,,,0,100,2,7973,10,,,0,100,2,7974,10,,,0,100,2,7975,10,,,0,103,2,7976,10,,,0
2503,'20260317',640,2,7981,10,,,0,70,2,7982,10,,,0,14,2,7983,10,,,0,18,2,7984,10,,,0,10,2,7985,10,,,0,55,2,7986,10,,,0,29,2,7987,10,,,0,72,2,7995,10,,,0,31,2,7996,10,,,0,68,2,7997,10,,,0,32,2,7998,10,,,0,69,2,7999,10,,,0,29,2,8000,10,,,0,71,2,8001,10,,,0,29,2,8002,10,,,0,70,2,8003,10,,,0,30,2,8004,10,,,0,69,2,8005,10,,,0,27,2,8006,10,,,0,68,42,7988,10,,,0,15,2,8014,10,,,0,14,2,7989,10,,,0,17,2,8015,10,,,0,56,2,7990,10,,,0,19,2,7994,10,,,0,20,2,7991,10,,,0,60,2,7992,10,,,0,22,2,7993,10,,,0,86,2,8007,10,,,0,100,2,8008,10,,,0,103,2,8009,10,,,0,100,2,8010,10,,,0,100,2,8011,10,,,0,100,2,8012,10,,,0,103,2,8013,10,,,0
2503,'20260318',640,2,8018,10,,,0,70,2,8019,10,,,0,14,2,8020,10,,,0,18,2,8021,10,,,0,10,2,8022,10,,,0,55,2,8023,10,,,0,29,2,8024,10,,,0,72,2,8032,10,,,0,31,2,8033,10,,,0,68,2,8034,10,,,0,32,2,8035,10,,,0,69,2,8036,10,,,0,29,2,8037,10,,,0,71,2,8038,10,,,0,29,2,8039,10,,,0,70,2,8040,10,,,0,30,2,8041,10,,,0,69,2,8042,10,,,0,27,2,8043,10,,,0,68,42,8025,10,,,0,15,2,8051,10,,,0,14,2,8026,10,,,0,17,2,8052,10,,,0,56,2,8027,10,,,0,19,2,8031,10,,,0,20,2,8028,10,,,0,60,2,8029,10,,,0,22,2,8030,10,,,0,86,2,8044,10,,,0,100,2,8045,10,,,0,103,2,8046,10,,,0,100,2,8047,10,,,0,100,2,8048,10,,,0,100,2,8049,10,,,0,103,2,8050,10,,,0
2503,'20260319',640,2,8055,10,,,0,70,2,8056,10,,,0,14,2,8057,10,,,0,18,2,8058,10,,,0,10,2,8059,10,,,0,55,2,8060,10,,,0,29,2,8061,10,,,0,72,2,8069,10,,,0,31,2,8070,10,,,0,68,2,8071,10,,,0,32,2,8072,10,,,0,69,2,8073,10,,,0,29,2,8074,10,,,0,71,2,8075,10,,,0,29,2,8076,10,,,0,70,2,8077,10,,,0,30,2,8078,10,,,0,69,2,8079,10,,,0,27,2,8080,10,,,0,68,42,8062,10,,,0,15,2,8088,10,,,0,14,2,8063,10,,,0,17,2,8089,10,,,0,56,2,8064,10,,,0,19,2,8068,10,,,0,20,2,8065,10,,,0,60,2,8066,10,,,0,22,2,8067,10,,,0,86,2,8081,10,,,0,100,2,8082,10,,,0,103,2,8083,10,,,0,100,2,8084,10,,,0,100,2,8085,10,,,0,100,2,8086,10,,,0,103,2,8087,10,,,0
2503,'20260320',640,2,8092,10,,,0,70,2,8093,10,,,0,14,2,8094,10,,,0,18,2,8095,10,,,0,10,2,8096,10,,,0,55,2,8097,10,,,0,29,2,8098,10,,,0,72,2,8106,10,,,0,31,2,8107,10,,,0,68,2,8108,10,,,0,32,2,8109,10,,,0,69,2,8110,10,,,0,29,2,8111,10,,,0,71,2,8112,10,,,0,29,2,8113,10,,,0,70,2,8114,10,,,0,30,2,8115,10,,,0,69,2,8116,10,,,0,27,2,8117,10,,,0,68,42,8099,10,,,0,15,2,8125,10,,,0,14,2,8100,10,,,0,17,2,8126,10,,,0,56,2,8101,10,,,0,19,2,8105,10,,,0,20,2,8102,10,,,0,60,2,8103,10,,,0,22,2,8104,10,,,0,86,2,8118,10,,,0,100,2,8119,10,,,0,103,2,8120,10,,,0,100,2,8121,10,,,0,100,2,8122,10,,,0,100,2,8123,10,,,0,103,2,8124,10,,,0
99203,'20260313',2530,,47100,1,,,0,170,,47101,1,,,0
99203,'20260314',2530,,47102,1,,,0,170,,47103,1,,,0
99203,'20260320',2530,,47104,1,,,0,170,,47105,1,,,0
