7900,'20260619',557,,749920,11,,,0,100,,749921,11,,,0,70,,749922,11,,,0,30,,749923,11,,,0,100,,749924,11,,,0,100,,749925,11,,,0,100,,749926,11,,,0,100,,749927,11,,,0,100,,749914,35,,,0,100,,749928,11,,,0,100,,749929,11,,,0,100,,749930,11,,,0,71,,749915,35,,,0,30,,749916,35,,,0,69,,749917,35,,,0,30,,749918,35,,,0,70,,749919,35,,,0,30,,749931,11,,,0,100,,749932,11,,,0,100,,749933,11,,,0,100,,749934,11,,,0,100,,749935,11,,,0
7900,'20260620',727,,778427,11,,,0,30,,778428,11,,,0,100,,778429,11,,,0,100,,778430,11,,,0,100,,778431,11,,,0,100,,778432,11,,,0,100,,778433,11,,,0,100,,778434,11,,,0,100,,778435,11,,,0,100,,778436,11,,,0,100,,778437,11,,,0,100,,778438,11,,,0,100,,778439,11,,,0,100,,778440,11,,,0,100,,778441,11,,,0,100,,778442,11,,,0,100,,778443,11,,,0
7900,'20260621',727,,778444,11,,,0,30,,778445,11,,,0,100,,778446,11,,,0,100,,778447,11,,,0,100,,778448,11,,,0,100,,778449,11,,,0,100,,778450,11,,,0,100,,778451,11,,,0,100,,778452,11,,,0,100,,778453,11,,,0,100,,778454,11,,,0,100,,778455,11,,,0,100,,778456,11,,,0,100,,778457,11,,,0,100,,778458,11,,,0,100,,778459,11,,,0,100,,778460,11,,,0
7900,'20260622',657,,778461,11,,,0,100,,778462,11,,,0,100,,778463,11,,,0,100,,778464,11,,,0,100,,778465,11,,,0,100,,778466,11,,,0,100,,778467,11,,,0,100,,778468,11,,,0,100,,778469,11,,,0,100,,778470,11,,,0,101,,778471,11,,,0,99,,778472,11,,,0,100,,778473,11,,,0,100,,778474,11,,,0,100,,778475,11,,,0,100,,778476,11,,,0,100,,778477,11,,,0
7900,'20260623',657,,778478,11,,,0,100,,778479,11,,,0,100,,778480,11,,,0,100,,778481,11,,,0,100,,778482,11,,,0,100,,778483,11,,,0,100,,778484,11,,,0,100,,778485,11,,,0,100,,778486,11,,,0,100,,778487,11,,,0,101,,778488,11,,,0,99,,778489,11,,,0,100,,778490,11,,,0,100,,778491,11,,,0,100,,778492,11,,,0,100,,778493,11,,,0,100,,778494,11,,,0
7900,'20260624',727,,778495,11,,,0,30,,778496,11,,,0,100,,778497,11,,,0,100,,778498,11,,,0,100,,778499,11,,,0,100,,778500,11,,,0,100,,778501,11,,,0,100,,778502,11,,,0,100,,778503,11,,,0,100,,778504,11,,,0,100,,778505,11,,,0,100,,778506,11,,,0,100,,778507,11,,,0,100,,778508,11,,,0,100,,778509,11,,,0,100,,778510,11,,,0,100,,778511,11,,,0
7900,'20260625',657,,716128,11,,,0,100,,716126,11,,,0,100,,716129,11,,,0,100,,716127,11,,,0,100,,716113,11,,,0,100,,716114,11,,,0,100,,716115,11,,,0,100,,716116,11,,,0,100,,716117,11,,,0,100,,716118,11,,,0,101,,716119,11,,,0,99,,716120,11,,,0,100,,716121,11,,,0,100,,716122,11,,,0,100,,716123,11,,,0,100,,716124,11,,,0,100,,716125,11,,,0
7900,'20260626',657,,716145,11,,,0,100,,716143,11,,,0,100,,716146,11,,,0,100,,716144,11,,,0,100,,716130,11,,,0,100,,716131,11,,,0,100,,716132,11,,,0,100,,716133,11,,,0,100,,716134,11,,,0,100,,716135,11,,,0,101,,716136,11,,,0,99,,716137,11,,,0,100,,716138,11,,,0,100,,716139,11,,,0,100,,716140,11,,,0,100,,716141,11,,,0,100,,716142,11,,,0
7900,'20260627',727,,750020,11,,,0,30,,750011,11,,,0,100,,750012,11,,,0,100,,750013,11,,,0,100,,750009,11,,,0,100,,750015,11,,,0,100,,750004,11,,,0,100,,750016,11,,,0,100,,750010,11,,,0,100,,750018,11,,,0,100,,750005,11,,,0,100,,750006,11,,,0,100,,750019,11,,,0,100,,750017,11,,,0,100,,750007,11,,,0,100,,750014,11,,,0,100,,750008,11,,,0
7900,'20260628',727,,750037,11,,,0,30,,750028,11,,,0,100,,750029,11,,,0,100,,750030,11,,,0,100,,750025,11,,,0,100,,750031,11,,,0,100,,750021,11,,,0,100,,750032,11,,,0,100,,750026,11,,,0,100,,750033,11,,,0,100,,750022,11,,,0,100,,750023,11,,,0,100,,750034,11,,,0,100,,750035,11,,,0,100,,750027,11,,,0,100,,750036,11,,,0,100,,750024,11,,,0
7900,'20260629',657,,750053,11,,,0,100,,750051,11,,,0,100,,750054,11,,,0,100,,750052,11,,,0,100,,750038,11,,,0,100,,750039,11,,,0,100,,750040,11,,,0,100,,750041,11,,,0,100,,750042,11,,,0,100,,750043,11,,,0,101,,750044,11,,,0,99,,750045,11,,,0,100,,750046,11,,,0,100,,750047,11,,,0,100,,750048,11,,,0,100,,750049,11,,,0,100,,750050,11,,,0
7900,'20260630',657,,750070,11,,,0,100,,750068,11,,,0,100,,750071,11,,,0,100,,750069,11,,,0,100,,750055,11,,,0,100,,750056,11,,,0,100,,750057,11,,,0,100,,750058,11,,,0,100,,750059,11,,,0,100,,750060,11,,,0,101,,750061,11,,,0,99,,750062,11,,,0,100,,750063,11,,,0,100,,750064,11,,,0,100,,750065,11,,,0,100,,750066,11,,,0,100,,750067,11,,,0
7900,'20260701',727,,778528,11,,,0,30,,778519,11,,,0,100,,778520,11,,,0,100,,778521,11,,,0,100,,778516,11,,,0,100,,778522,11,,,0,100,,778512,11,,,0,100,,778523,11,,,0,100,,778517,11,,,0,100,,778524,11,,,0,100,,778513,11,,,0,100,,778514,11,,,0,100,,778525,11,,,0,100,,778526,11,,,0,100,,778518,11,,,0,100,,778527,11,,,0,100,,778515,11,,,0
7900,'20260702',657,,778544,11,,,0,100,,778542,11,,,0,100,,778545,11,,,0,100,,778543,11,,,0,100,,778529,11,,,0,100,,778530,11,,,0,100,,778531,11,,,0,100,,778532,11,,,0,100,,778533,11,,,0,100,,778534,11,,,0,101,,778535,11,,,0,99,,778536,11,,,0,100,,778537,11,,,0,100,,778538,11,,,0,100,,778539,11,,,0,100,,778540,11,,,0,100,,778541,11,,,0
7900,'20260703',657,,778561,11,,,0,100,,778559,11,,,0,100,,778562,11,,,0,100,,778560,11,,,0,100,,778546,11,,,0,100,,778547,11,,,0,100,,778548,11,,,0,100,,778549,11,,,0,100,,778550,11,,,0,100,,778551,11,,,0,101,,778552,11,,,0,99,,778553,11,,,0,100,,778554,11,,,0,100,,778555,11,,,0,100,,778556,11,,,0,100,,778557,11,,,0,100,,778558,11,,,0
