1303,'20260317',622,,53134,32,0,7 8 1 9 10 1 11,0,28,,53129,13,0,7 8 1 9 10 1 11,0,71,,53128,13,0,7 8 1 9 10 1 11,0,2,,53135,32,0,7 8 1 9 10 1 11,0,12,,53130,13,0,7 8 1 9 10 1 11,0,12,,53131,13,0,7 8 1 9 10 1 11,0,4,,53136,32,0,7 8 1 9 10 1 11,0,63,,53132,13,0,7 8 1 9 10 1 11,0,21,,53133,13,0,7 8 1 9 10 1 11,0,21,,53137,32,0,7 8 1 9 10 1 11,0,96,,53138,32,0,7 8 1 9 10 1 11,0,100,,53139,32,0,7 8 1 9 10 1 11,0,100,,53140,32,0,7 8 1 9 10 1 11,0,101,,53141,32,0,7 8 1 9 10 1 11,0,100,,53142,32,0,7 8 1 9 10 1 11,0,100,,53143,32,0,7 8 1 9 10 1 11,0,99,,53144,32,0,7 8 1 9 10 1 11,0,105,,53145,32,0,7 8 1 9 10 1 11,0,101,,53146,32,0,7 8 1 9 10 1 11,0,100,,53147,32,0,7 8 1 9 10 1 11,0,99,,53148,32,0,7 8 1 9 10 1 11,0,100,,53149,32,0,7 8 1 9 10 1 11,0,100,,53150,32,0,7 8 1 9 10 1 11,0,101,,53151,32,0,7 8 1 9 10 1 11,0
1303,'20260318',622,,53158,32,0,7 8 1 9 10 1 11,0,28,,53153,13,0,7 8 1 9 10 1 11,0,71,,53152,13,0,7 8 1 9 10 1 11,0,2,,53159,32,0,7 8 1 9 10 1 11,0,12,,53154,13,0,7 8 1 9 10 1 11,0,12,,53155,13,0,7 8 1 9 10 1 11,0,4,,53160,32,0,7 8 1 9 10 1 11,0,63,,53156,13,0,7 8 1 9 10 1 11,0,21,,53157,13,0,7 8 1 9 10 1 11,0,21,,53161,32,0,7 8 1 9 10 1 11,0,96,,53162,32,0,7 8 1 9 10 1 11,0,100,,53163,32,0,7 8 1 9 10 1 11,0,100,,53164,32,0,7 8 1 9 10 1 11,0,101,,53165,32,0,7 8 1 9 10 1 11,0,100,,53166,32,0,7 8 1 9 10 1 11,0,100,,53167,32,0,7 8 1 9 10 1 11,0,99,,53168,32,0,7 8 1 9 10 1 11,0,105,,53169,32,0,7 8 1 9 10 1 11,0,101,,53170,32,0,7 8 1 9 10 1 11,0,100,,53171,32,0,7 8 1 9 10 1 11,0,99,,53172,32,0,7 8 1 9 10 1 11,0,100,,53173,32,0,7 8 1 9 10 1 11,0,100,,53174,32,0,7 8 1 9 10 1 11,0,101,,53175,32,0,7 8 1 9 10 1 11,0
1303,'20260319',622,,53182,32,0,7 8 1 9 10 1 11,0,28,,53177,13,0,7 8 1 9 10 1 11,0,71,,53176,13,0,7 8 1 9 10 1 11,0,2,,53183,32,0,7 8 1 9 10 1 11,0,12,,53178,13,0,7 8 1 9 10 1 11,0,12,,53179,13,0,7 8 1 9 10 1 11,0,4,,53184,32,0,7 8 1 9 10 1 11,0,63,,53180,13,0,7 8 1 9 10 1 11,0,21,,53181,13,0,7 8 1 9 10 1 11,0,21,,53185,32,0,7 8 1 9 10 1 11,0,96,,53186,32,0,7 8 1 9 10 1 11,0,100,,53187,32,0,7 8 1 9 10 1 11,0,100,,53188,32,0,7 8 1 9 10 1 11,0,101,,53189,32,0,7 8 1 9 10 1 11,0,100,,53190,32,0,7 8 1 9 10 1 11,0,100,,53191,32,0,7 8 1 9 10 1 11,0,99,,53192,32,0,7 8 1 9 10 1 11,0,105,,53193,32,0,7 8 1 9 10 1 11,0,101,,53194,32,0,7 8 1 9 10 1 11,0,100,,53195,32,0,7 8 1 9 10 1 11,0,99,,53196,32,0,7 8 1 9 10 1 11,0,100,,53197,32,0,7 8 1 9 10 1 11,0,100,,53198,32,0,7 8 1 9 10 1 11,0,101,,53199,32,0,7 8 1 9 10 1 11,0
1303,'20260320',622,,53206,32,0,7 8 1 9 10 1 11,0,28,,53201,13,0,7 8 1 9 10 1 11,0,71,,53200,13,0,7 8 1 9 10 1 11,0,2,,53207,32,0,7 8 1 9 10 1 11,0,12,,53202,13,0,7 8 1 9 10 1 11,0,12,,53203,13,0,7 8 1 9 10 1 11,0,4,,53208,32,0,7 8 1 9 10 1 11,0,63,,53204,13,0,7 8 1 9 10 1 11,0,21,,53205,13,0,7 8 1 9 10 1 11,0,21,,53209,32,0,7 8 1 9 10 1 11,0,96,,53210,32,0,7 8 1 9 10 1 11,0,100,,53211,32,0,7 8 1 9 10 1 11,0,100,,53212,32,0,7 8 1 9 10 1 11,0,101,,53213,32,0,7 8 1 9 10 1 11,0,100,,53214,32,0,7 8 1 9 10 1 11,0,100,,53215,32,0,7 8 1 9 10 1 11,0,99,,53216,32,0,7 8 1 9 10 1 11,0,105,,53217,32,0,7 8 1 9 10 1 11,0,101,,53218,32,0,7 8 1 9 10 1 11,0,100,,53219,32,0,7 8 1 9 10 1 11,0,99,,53220,32,0,7 8 1 9 10 1 11,0,100,,53221,32,0,7 8 1 9 10 1 11,0,100,,53222,32,0,7 8 1 9 10 1 11,0,101,,53223,32,0,7 8 1 9 10 1 11,0
1001302,'20260317',844,,103033,1,,,0
1001302,'20260318',844,,103035,1,,,0
1001302,'20260319',844,,103037,1,,,0
1001302,'20260320',844,,103039,1,,,0
2001302,'20260317',846,,103109,13,,,0
2001302,'20260318',846,,103111,13,,,0
2001302,'20260319',846,,103113,13,,,0
2001302,'20260320',846,,103115,13,,,0
