3601,'20260331',626,,152738,49,,,0,30,,152739,49,,,0,68,,152740,49,,,0,30,,152741,49,,,0,71,,152742,49,,,0,101,,152743,49,,,0,100,,152744,49,,,0,100,,152745,49,,,0,99,,152746,49,,,0,100,,152747,49,,,0,101,,152748,49,,,0,99,,152749,49,,,0,100,,152750,49,,,0,100,,152751,49,,,0,100,,152752,49,,,0,101,,152753,49,,,0,100,,152754,49,,,0,100,,152755,49,,,0,100,,152756,49,,,0,100,,152757,49,,,0
3601,'20260401',626,,152758,49,,,0,30,,152759,49,,,0,68,,152760,49,,,0,30,,152761,49,,,0,71,,152762,49,,,0,101,,152763,49,,,0,100,,152764,49,,,0,100,,152765,49,,,0,99,,152766,49,,,0,100,,152767,49,,,0,101,,152768,49,,,0,99,,152769,49,,,0,100,,152770,49,,,0,100,,152771,49,,,0,100,,152772,49,,,0,101,,152773,49,,,0,100,,152774,49,,,0,100,,152775,49,,,0,100,,152776,49,,,0,100,,152777,49,,,0
3601,'20260402',626,,152778,49,,,0,30,,152779,49,,,0,68,,152780,49,,,0,30,,152781,49,,,0,71,,152782,49,,,0,101,,152783,49,,,0,100,,152784,49,,,0,100,,152785,49,,,0,99,,152786,49,,,0,100,,152787,49,,,0,101,,152788,49,,,0,99,,152789,49,,,0,100,,152790,49,,,0,100,,152791,49,,,0,100,,152792,49,,,0,101,,152793,49,,,0,100,,152794,49,,,0,100,,152795,49,,,0,100,,152796,49,,,0,100,,152797,49,,,0
3601,'20260403',627,,152798,49,,,0,99,,152799,49,,,0,100,,152800,49,,,0,100,,152801,49,,,0,99,,152802,49,,,0,99,,152803,49,,,0,100,,152804,49,,,0,100,,152805,49,,,0,100,,152806,49,,,0,101,,152807,49,,,0,100,,152808,49,,,0,101,,152809,49,,,0,100,,152810,49,,,0,100,,152811,49,,,0,100,,152812,49,,,0,101,,152813,49,,,0,100,,152814,49,,,0,100,,152815,49,,,0
3601,'20260404',627,,111700,49,,,0,99,,111683,49,,,0,100,,111684,49,,,0,100,,111685,49,,,0,99,,111686,49,,,0,99,,111687,49,,,0,100,,111688,49,,,0,100,,111689,49,,,0,100,,111690,49,,,0,101,,111691,49,,,0,100,,111692,49,,,0,101,,111693,49,,,0,100,,111694,49,,,0,100,,111695,49,,,0,100,,111699,49,,,0,101,,111696,49,,,0,100,,111698,49,,,0,100,,111697,49,,,0
3601,'20260405',627,,111718,49,,,0,99,,111711,49,,,0,100,,111716,49,,,0,100,,111710,49,,,0,99,,111709,49,,,0,99,,111708,49,,,0,100,,111707,49,,,0,100,,111706,49,,,0,100,,111705,49,,,0,101,,111704,49,,,0,100,,111703,49,,,0,101,,111702,49,,,0,100,,111701,49,,,0,100,,111715,49,,,0,100,,111717,49,,,0,101,,111714,49,,,0,100,,111713,49,,,0,100,,111712,49,,,0
3601,'20260406',627,,111736,49,,,0,99,,111729,49,,,0,100,,111734,49,,,0,100,,111728,49,,,0,99,,111727,49,,,0,99,,111726,49,,,0,100,,111725,49,,,0,100,,111724,49,,,0,100,,111723,49,,,0,101,,111722,49,,,0,100,,111721,49,,,0,101,,111720,49,,,0,100,,111719,49,,,0,100,,111733,49,,,0,100,,111735,49,,,0,101,,111732,49,,,0,100,,111731,49,,,0,100,,111730,49,,,0
3601,'20260407',626,,152816,49,,,0,30,,152817,49,,,0,68,,152818,49,,,0,30,,152819,49,,,0,71,,152820,49,,,0,101,,152821,49,,,0,100,,152822,49,,,0,100,,152823,49,,,0,99,,152824,49,,,0,100,,152825,49,,,0,101,,152826,49,,,0,99,,152827,49,,,0,100,,152828,49,,,0,100,,152829,49,,,0,100,,152830,49,,,0,101,,152831,49,,,0,100,,152832,49,,,0,100,,152833,49,,,0,100,,152835,49,,,0,100,,152834,49,,,0
3601,'20260408',626,,152836,49,,,0,30,,152837,49,,,0,68,,152838,49,,,0,30,,152839,49,,,0,71,,152840,49,,,0,101,,152841,49,,,0,100,,152842,49,,,0,100,,152843,49,,,0,99,,152844,49,,,0,100,,152845,49,,,0,101,,152846,49,,,0,99,,152847,49,,,0,100,,152848,49,,,0,100,,152849,49,,,0,100,,152850,49,,,0,101,,152851,49,,,0,100,,152852,49,,,0,100,,152853,49,,,0,100,,152855,49,,,0,100,,152854,49,,,0
3601,'20260409',626,,152856,49,,,0,30,,152857,49,,,0,68,,152858,49,,,0,30,,152859,49,,,0,71,,152860,49,,,0,101,,152861,49,,,0,100,,152862,49,,,0,100,,152863,49,,,0,99,,152864,49,,,0,100,,152865,49,,,0,101,,152866,49,,,0,99,,152867,49,,,0,100,,152868,49,,,0,100,,152869,49,,,0,100,,152870,49,,,0,101,,152871,49,,,0,100,,152872,49,,,0,100,,152873,49,,,0,100,,152875,49,,,0,100,,152874,49,,,0
3601,'20260410',626,,152876,49,,,0,30,,152877,49,,,0,68,,152878,49,,,0,30,,152879,49,,,0,71,,152880,49,,,0,101,,152881,49,,,0,100,,152882,49,,,0,100,,152883,49,,,0,99,,152884,49,,,0,100,,152885,49,,,0,101,,152886,49,,,0,99,,152887,49,,,0,100,,152888,49,,,0,100,,152889,49,,,0,100,,152890,49,,,0,101,,152891,49,,,0,100,,152892,49,,,0,100,,152893,49,,,0,100,,152895,49,,,0,100,,152894,49,,,0
3601,'20260411',627,,152913,49,,,0,99,,152896,49,,,0,100,,152897,49,,,0,100,,152898,49,,,0,99,,152899,49,,,0,99,,152900,49,,,0,100,,152901,49,,,0,100,,152902,49,,,0,100,,152903,49,,,0,101,,152904,49,,,0,100,,152905,49,,,0,101,,152906,49,,,0,100,,152907,49,,,0,100,,152908,49,,,0,100,,152912,49,,,0,101,,152909,49,,,0,100,,152911,49,,,0,100,,152910,49,,,0
3601,'20260412',627,,152931,49,,,0,99,,152924,49,,,0,100,,152929,49,,,0,100,,152923,49,,,0,99,,152922,49,,,0,99,,152921,49,,,0,100,,152920,49,,,0,100,,152919,49,,,0,100,,152918,49,,,0,101,,152917,49,,,0,100,,152916,49,,,0,101,,152915,49,,,0,100,,152914,49,,,0,100,,152928,49,,,0,100,,152930,49,,,0,101,,152927,49,,,0,100,,152926,49,,,0,100,,152925,49,,,0
3601,'20260413',626,,152932,49,,,0,30,,152933,49,,,0,68,,152934,49,,,0,30,,152935,49,,,0,71,,152936,49,,,0,101,,152937,49,,,0,100,,152938,49,,,0,100,,152939,49,,,0,99,,152940,49,,,0,100,,152941,49,,,0,101,,152942,49,,,0,99,,152943,49,,,0,100,,152944,49,,,0,100,,152945,49,,,0,100,,152946,49,,,0,101,,152947,49,,,0,100,,152948,49,,,0,100,,152949,49,,,0,100,,152951,49,,,0,100,,152950,49,,,0
3601,'20260414',626,,152952,49,,,0,30,,152953,49,,,0,68,,152954,49,,,0,30,,152955,49,,,0,71,,152956,49,,,0,101,,152957,49,,,0,100,,152958,49,,,0,100,,152959,49,,,0,99,,152960,49,,,0,100,,152961,49,,,0,101,,152962,49,,,0,99,,152963,49,,,0,100,,152964,49,,,0,100,,152965,49,,,0,100,,152966,49,,,0,101,,152967,49,,,0,100,,152968,49,,,0,100,,152969,49,,,0,100,,152971,49,,,0,100,,152970,49,,,0
5903,'20260331',654,,157460,39,,,0,96,,157461,39,,,0,89,,157462,39,,,0,14,,157463,39,,,0,100,,157464,39,,,0,100,,157465,39,,,0,99,,157466,39,,,0,100,,157467,39,,,0,101,,157468,39,,,0,100,,157469,39,,,0,98,,157470,39,,,0,99,,157471,39,,,0,71,,157472,39,,,0,31,,157473,39,,,0,101,,157474,39,,,0,100,,157475,39,,,0,101,,157476,39,,,0,101,,157477,39,,,0,100,,157478,39,,,0
5903,'20260401',654,,157479,39,,,0,96,,157480,39,,,0,89,,157481,39,,,0,14,,157482,39,,,0,100,,157483,39,,,0,100,,157484,39,,,0,99,,157485,39,,,0,100,,157486,39,,,0,101,,157487,39,,,0,100,,157488,39,,,0,98,,157489,39,,,0,99,,157490,39,,,0,71,,157491,39,,,0,31,,157492,39,,,0,101,,157493,39,,,0,100,,157494,39,,,0,101,,157495,39,,,0,101,,157496,39,,,0,100,,157497,39,,,0
5903,'20260402',654,,157498,39,,,0,96,,157499,39,,,0,89,,157500,39,,,0,14,,157501,39,,,0,100,,157502,39,,,0,100,,157503,39,,,0,99,,157504,39,,,0,100,,157505,39,,,0,101,,157506,39,,,0,100,,157507,39,,,0,98,,157508,39,,,0,99,,157509,39,,,0,71,,157510,39,,,0,31,,157511,39,,,0,101,,157512,39,,,0,100,,157513,39,,,0,101,,157514,39,,,0,101,,157515,39,,,0,100,,157516,39,,,0
5903,'20260403',753,,157517,39,,,0,100,,157518,39,,,0,100,,157519,39,,,0,100,,157520,39,,,0,100,,157521,39,,,0,100,,157522,39,,,0,100,,157523,39,,,0,100,,157524,39,,,0,100,,157525,39,,,0,100,,157526,39,,,0,100,,157527,39,,,0,101,,157528,39,,,0,100,,157529,39,,,0,101,,157530,39,,,0,100,,157531,39,,,0
5903,'20260404',753,,115879,39,,,0,100,,115880,39,,,0,100,,115881,39,,,0,100,,115882,39,,,0,100,,115883,39,,,0,100,,115884,39,,,0,100,,115885,39,,,0,100,,115886,39,,,0,100,,115887,39,,,0,100,,115888,39,,,0,100,,115889,39,,,0,101,,115890,39,,,0,100,,115891,39,,,0,101,,115892,39,,,0,100,,115893,39,,,0
5903,'20260405',753,,115908,39,,,0,100,,115894,39,,,0,100,,115895,39,,,0,100,,115896,39,,,0,100,,115897,39,,,0,100,,115898,39,,,0,100,,115899,39,,,0,100,,115900,39,,,0,100,,115901,39,,,0,100,,115902,39,,,0,100,,115903,39,,,0,101,,115904,39,,,0,100,,115905,39,,,0,101,,115906,39,,,0,100,,115907,39,,,0
5903,'20260406',753,,115923,39,,,0,100,,115909,39,,,0,100,,115910,39,,,0,100,,115911,39,,,0,100,,115912,39,,,0,100,,115913,39,,,0,100,,115914,39,,,0,100,,115915,39,,,0,100,,115916,39,,,0,100,,115917,39,,,0,100,,115918,39,,,0,101,,115919,39,,,0,100,,115920,39,,,0,101,,115921,39,,,0,100,,115922,39,,,0
5903,'20260407',654,,157532,39,,,0,96,,157533,39,,,0,89,,157549,39,,,0,14,,157534,39,,,0,100,,157535,39,,,0,100,,157536,39,,,0,99,,157537,39,,,0,100,,157538,39,,,0,101,,157539,39,,,0,100,,157540,39,,,0,98,,157541,39,,,0,99,,157542,39,,,0,71,,157550,39,,,0,31,,157543,39,,,0,101,,157544,39,,,0,100,,157545,39,,,0,101,,157546,39,,,0,101,,157547,39,,,0,100,,157548,39,,,0
5903,'20260408',654,,157551,39,,,0,96,,157552,39,,,0,89,,157568,39,,,0,14,,157553,39,,,0,100,,157554,39,,,0,100,,157555,39,,,0,99,,157556,39,,,0,100,,157557,39,,,0,101,,157558,39,,,0,100,,157559,39,,,0,98,,157560,39,,,0,99,,157561,39,,,0,71,,157569,39,,,0,31,,157562,39,,,0,101,,157563,39,,,0,100,,157564,39,,,0,101,,157565,39,,,0,101,,157566,39,,,0,100,,157567,39,,,0
5903,'20260409',654,,157570,39,,,0,96,,157571,39,,,0,89,,157587,39,,,0,14,,157572,39,,,0,100,,157573,39,,,0,100,,157574,39,,,0,99,,157575,39,,,0,100,,157576,39,,,0,101,,157577,39,,,0,100,,157578,39,,,0,98,,157579,39,,,0,99,,157580,39,,,0,71,,157588,39,,,0,31,,157581,39,,,0,101,,157582,39,,,0,100,,157583,39,,,0,101,,157584,39,,,0,101,,157585,39,,,0,100,,157586,39,,,0
5903,'20260410',654,,157589,39,,,0,96,,157590,39,,,0,89,,157606,39,,,0,14,,157591,39,,,0,100,,157592,39,,,0,100,,157593,39,,,0,99,,157594,39,,,0,100,,157595,39,,,0,101,,157596,39,,,0,100,,157597,39,,,0,98,,157598,39,,,0,99,,157599,39,,,0,71,,157607,39,,,0,31,,157600,39,,,0,101,,157601,39,,,0,100,,157602,39,,,0,101,,157603,39,,,0,101,,157604,39,,,0,100,,157605,39,,,0
5903,'20260411',753,,157608,39,,,0,100,,157609,39,,,0,100,,157610,39,,,0,100,,157611,39,,,0,100,,157612,39,,,0,100,,157613,39,,,0,100,,157614,39,,,0,100,,157615,39,,,0,100,,157616,39,,,0,100,,157617,39,,,0,100,,157618,39,,,0,101,,157619,39,,,0,100,,157620,39,,,0,101,,157621,39,,,0,100,,157622,39,,,0
5903,'20260412',753,,157637,39,,,0,100,,157623,39,,,0,100,,157624,39,,,0,100,,157625,39,,,0,100,,157626,39,,,0,100,,157627,39,,,0,100,,157628,39,,,0,100,,157629,39,,,0,100,,157630,39,,,0,100,,157631,39,,,0,100,,157632,39,,,0,101,,157633,39,,,0,100,,157634,39,,,0,101,,157635,39,,,0,100,,157636,39,,,0
5903,'20260413',654,,157638,39,,,0,96,,157639,39,,,0,89,,157655,39,,,0,14,,157640,39,,,0,100,,157641,39,,,0,100,,157642,39,,,0,99,,157643,39,,,0,100,,157644,39,,,0,101,,157645,39,,,0,100,,157646,39,,,0,98,,157647,39,,,0,99,,157648,39,,,0,71,,157656,39,,,0,31,,157649,39,,,0,101,,157650,39,,,0,100,,157651,39,,,0,101,,157652,39,,,0,101,,157653,39,,,0,100,,157654,39,,,0
5903,'20260414',654,,157657,39,,,0,96,,157658,39,,,0,89,,157674,39,,,0,14,,157659,39,,,0,100,,157660,39,,,0,100,,157661,39,,,0,99,,157662,39,,,0,100,,157663,39,,,0,101,,157664,39,,,0,100,,157665,39,,,0,98,,157666,39,,,0,99,,157667,39,,,0,71,,157675,39,,,0,31,,157668,39,,,0,101,,157669,39,,,0,100,,157670,39,,,0,101,,157671,39,,,0,101,,157672,39,,,0,100,,157673,39,,,0
23800,'20260331',1606,,168368,21,4,,0,31,,168369,21,4,,0,84,,168370,21,4,,0,79,,168371,21,4,,0
23800,'20260401',1606,,168372,21,4,,0,31,,168373,21,4,,0,84,,168374,21,4,,0,79,,168375,21,4,,0
23800,'20260402',1606,,168376,21,4,,0,31,,168377,21,4,,0,84,,168378,21,4,,0,79,,168379,21,4,,0
23800,'20260407',1606,,168380,21,4,,0,31,,168381,21,4,,0,84,,168383,21,4,,0,79,,168382,21,4,,0
23800,'20260408',1606,,168384,21,4,,0,31,,168385,21,4,,0,84,,168387,21,4,,0,79,,168386,21,4,,0
23800,'20260409',1606,,168388,21,4,,0,31,,168389,21,4,,0,84,,168391,21,4,,0,79,,168390,21,4,,0
23800,'20260410',1606,,168392,21,4,,0,31,,168393,21,4,,0,84,,168395,21,4,,0,79,,168394,21,4,,0
23800,'20260413',1606,,168396,21,4,,0,31,,168397,21,4,,0,84,,168399,21,4,,0,79,,168398,21,4,,0
23800,'20260414',1606,,168400,21,4,,0,31,,168401,21,4,,0,84,,168403,21,4,,0,79,,168402,21,4,,0
1008201,'20260331',1601,,188861,10,,,0
1008201,'20260401',1601,,188862,10,,,0
1008201,'20260402',1601,,188863,10,,,0
1008201,'20260407',1601,,188864,10,,,0
1008201,'20260408',1601,,188865,10,,,0
1008201,'20260409',1601,,188866,10,,,0
1008201,'20260410',1601,,188867,10,,,0
1008201,'20260413',1601,,188868,10,,,0
1008201,'20260414',1601,,188869,10,,,0
