5801,'20260612',608,,691924,16,,,0,30,,691925,16,,,0,68,,691926,16,,,0,32,,691927,16,,,0,71,,691928,16,,,0,30,,691929,16,,,0,70,,691930,16,,,0,105,,691931,16,,,0,103,,691932,16,,,0,101,,691933,16,,,0,100,,691934,16,,,0,100,,691935,16,,,0,99,,691936,16,,,0,99,,691937,16,,,0,103,,691938,16,,,0,101,,691939,16,,,0,99,,691940,16,,,0,99,,691941,16,,,0,101,,691942,16,,,0,100,,691943,16,,,0,99,,691944,16,,,0
5801,'20260613',708,,712144,16,,,0,100,,712145,16,,,0,100,,712146,16,,,0,101,,712147,16,,,0,100,,712148,16,,,0,100,,712149,16,,,0,100,,712150,16,,,0,100,,712151,16,,,0,101,,712152,16,,,0,101,,712153,16,,,0,101,,712154,16,,,0,105,,712155,16,,,0,93,,712156,16,,,0,98,,712157,16,,,0,100,,712158,16,,,0,100,,712159,16,,,0,100,,712160,16,,,0
5801,'20260614',708,,712161,16,,,0,100,,712162,16,,,0,100,,712163,16,,,0,101,,712164,16,,,0,100,,712165,16,,,0,100,,712166,16,,,0,100,,712167,16,,,0,100,,712168,16,,,0,101,,712169,16,,,0,101,,712170,16,,,0,101,,712171,16,,,0,105,,712172,16,,,0,93,,712173,16,,,0,98,,712174,16,,,0,100,,712175,16,,,0,100,,712176,16,,,0,100,,712177,16,,,0
5801,'20260615',608,,712178,16,,,0,30,,712179,16,,,0,68,,712180,16,,,0,32,,712181,16,,,0,71,,712182,16,,,0,30,,712183,16,,,0,70,,712184,16,,,0,105,,712185,16,,,0,103,,712186,16,,,0,101,,712187,16,,,0,100,,712188,16,,,0,100,,712189,16,,,0,99,,712190,16,,,0,99,,712191,16,,,0,103,,712192,16,,,0,101,,712193,16,,,0,99,,712194,16,,,0,99,,712195,16,,,0,101,,712196,16,,,0,100,,712197,16,,,0,99,,712198,16,,,0
5801,'20260616',608,,712199,16,,,0,30,,712200,16,,,0,68,,712201,16,,,0,32,,712202,16,,,0,71,,712203,16,,,0,30,,712204,16,,,0,70,,712205,16,,,0,105,,712206,16,,,0,103,,712207,16,,,0,101,,712208,16,,,0,100,,712209,16,,,0,100,,712210,16,,,0,99,,712211,16,,,0,99,,712212,16,,,0,103,,712213,16,,,0,101,,712214,16,,,0,99,,712215,16,,,0,99,,712216,16,,,0,101,,712217,16,,,0,100,,712218,16,,,0,99,,712219,16,,,0
5801,'20260617',608,,712220,16,,,0,30,,712221,16,,,0,68,,712222,16,,,0,32,,712223,16,,,0,71,,712224,16,,,0,30,,712225,16,,,0,70,,712226,16,,,0,105,,712227,16,,,0,103,,712228,16,,,0,101,,712229,16,,,0,100,,712230,16,,,0,100,,712231,16,,,0,99,,712232,16,,,0,99,,712233,16,,,0,103,,712234,16,,,0,101,,712235,16,,,0,99,,712236,16,,,0,99,,712237,16,,,0,101,,712238,16,,,0,100,,712239,16,,,0,99,,712240,16,,,0
5801,'20260618',608,,712241,16,,,0,30,,712242,16,,,0,68,,712243,16,,,0,32,,712244,16,,,0,71,,712245,16,,,0,30,,712246,16,,,0,70,,712247,16,,,0,105,,712248,16,,,0,103,,712249,16,,,0,101,,712250,16,,,0,100,,712251,16,,,0,100,,712252,16,,,0,99,,712253,16,,,0,99,,712254,16,,,0,103,,712255,16,,,0,101,,712256,16,,,0,99,,712257,16,,,0,99,,712258,16,,,0,101,,712259,16,,,0,100,,712260,16,,,0,99,,712261,16,,,0
5801,'20260619',608,,663582,16,,,0,30,,663564,16,,,0,68,,663565,16,,,0,32,,663566,16,,,0,71,,663567,16,,,0,30,,663583,16,,,0,70,,663577,16,,,0,105,,663578,16,,,0,103,,663568,16,,,0,101,,663569,16,,,0,100,,663579,16,,,0,100,,663572,16,,,0,99,,663580,16,,,0,99,,663575,16,,,0,103,,663570,16,,,0,101,,663571,16,,,0,99,,663573,16,,,0,99,,663581,16,,,0,101,,663576,16,,,0,100,,663574,16,,,0,99,,663584,16,,,0
5801,'20260620',708,,691945,16,,,0,100,,691946,16,,,0,100,,691953,16,,,0,101,,691951,16,,,0,100,,691954,16,,,0,100,,691947,16,,,0,100,,691948,16,,,0,100,,691955,16,,,0,101,,691952,16,,,0,101,,691956,16,,,0,103,,691957,16,,,0,103,,691949,16,,,0,93,,691950,16,,,0,98,,691958,16,,,0,100,,691959,16,,,0,100,,691960,16,,,0,100,,691961,16,,,0
5801,'20260621',708,,691969,16,,,0,100,,691964,16,,,0,100,,691971,16,,,0,101,,691965,16,,,0,100,,691972,16,,,0,100,,691976,16,,,0,100,,691970,16,,,0,100,,691973,16,,,0,101,,691974,16,,,0,101,,691977,16,,,0,103,,691967,16,,,0,103,,691975,16,,,0,93,,691968,16,,,0,98,,691962,16,,,0,100,,691966,16,,,0,100,,691978,16,,,0,100,,691963,16,,,0
5801,'20260622',608,,691997,16,,,0,30,,691979,16,,,0,68,,691980,16,,,0,31,,691981,16,,,0,73,,691982,16,,,0,29,,691998,16,,,0,70,,691992,16,,,0,105,,691993,16,,,0,103,,691983,16,,,0,101,,691984,16,,,0,100,,691994,16,,,0,100,,691987,16,,,0,99,,691995,16,,,0,98,,691990,16,,,0,104,,691985,16,,,0,101,,691986,16,,,0,99,,691988,16,,,0,99,,691996,16,,,0,101,,691991,16,,,0,100,,691989,16,,,0,99,,691999,16,,,0
5801,'20260623',608,,712280,16,,,0,30,,712262,16,,,0,68,,712263,16,,,0,31,,712264,16,,,0,73,,712265,16,,,0,29,,712281,16,,,0,70,,712275,16,,,0,105,,712276,16,,,0,103,,712266,16,,,0,101,,712267,16,,,0,100,,712277,16,,,0,100,,712270,16,,,0,99,,712278,16,,,0,98,,712273,16,,,0,104,,712268,16,,,0,101,,712269,16,,,0,99,,712271,16,,,0,99,,712279,16,,,0,101,,712274,16,,,0,100,,712272,16,,,0,99,,712282,16,,,0
5801,'20260624',708,,712290,16,,,0,100,,712285,16,,,0,100,,712292,16,,,0,101,,712286,16,,,0,100,,712293,16,,,0,100,,712297,16,,,0,100,,712291,16,,,0,100,,712294,16,,,0,101,,712295,16,,,0,101,,712298,16,,,0,103,,712288,16,,,0,103,,712296,16,,,0,93,,712289,16,,,0,98,,712283,16,,,0,100,,712287,16,,,0,100,,712299,16,,,0,100,,712284,16,,,0
5801,'20260625',608,,712318,16,,,0,30,,712300,16,,,0,68,,712301,16,,,0,31,,712302,16,,,0,73,,712303,16,,,0,29,,712319,16,,,0,70,,712313,16,,,0,105,,712314,16,,,0,103,,712304,16,,,0,101,,712305,16,,,0,100,,712315,16,,,0,100,,712308,16,,,0,99,,712316,16,,,0,98,,712311,16,,,0,104,,712306,16,,,0,101,,712307,16,,,0,99,,712309,16,,,0,99,,712317,16,,,0,101,,712312,16,,,0,100,,712310,16,,,0,99,,712320,16,,,0
5801,'20260626',608,,712339,16,,,0,30,,712321,16,,,0,68,,712322,16,,,0,31,,712323,16,,,0,73,,712324,16,,,0,29,,712340,16,,,0,70,,712334,16,,,0,105,,712335,16,,,0,103,,712325,16,,,0,101,,712326,16,,,0,100,,712336,16,,,0,100,,712329,16,,,0,99,,712337,16,,,0,98,,712332,16,,,0,104,,712327,16,,,0,101,,712328,16,,,0,99,,712330,16,,,0,99,,712338,16,,,0,101,,712333,16,,,0,100,,712331,16,,,0,99,,712341,16,,,0
5903,'20260612',646,,692065,25,,,0,92,,692066,25,,,0,91,,692067,25,,,0,14,,692068,25,,,0,101,,692069,25,,,0,100,,692070,25,,,0,99,,692071,25,,,0,100,,692072,25,,,0,102,,692073,25,,,0,100,,692074,25,,,0,95,,692075,25,,,0,99,,692076,25,,,0,72,,692077,25,,,0,31,,692078,25,,,0,102,,692079,25,,,0,100,,692080,25,,,0,102,,692081,25,,,0,101,,692082,25,,,0,100,,692083,25,,,0
5903,'20260613',745,,712510,25,,,0,100,,712511,25,,,0,100,,712512,25,,,0,100,,712513,25,,,0,99,,712514,25,,,0,100,,712515,25,,,0,100,,712516,25,,,0,100,,712517,25,,,0,100,,712518,25,,,0,101,,712519,25,,,0,100,,712520,25,,,0,101,,712521,25,,,0,100,,712522,25,,,0,101,,712523,25,,,0,100,,712524,25,,,0
5903,'20260614',745,,712525,25,,,0,100,,712526,25,,,0,100,,712527,25,,,0,100,,712528,25,,,0,99,,712529,25,,,0,100,,712530,25,,,0,100,,712531,25,,,0,100,,712532,25,,,0,100,,712533,25,,,0,101,,712534,25,,,0,100,,712535,25,,,0,101,,712536,25,,,0,100,,712537,25,,,0,101,,712538,25,,,0,100,,712539,25,,,0
5903,'20260615',646,,712540,25,,,0,92,,712541,25,,,0,91,,712542,25,,,0,14,,712543,25,,,0,101,,712544,25,,,0,100,,712545,25,,,0,99,,712546,25,,,0,100,,712547,25,,,0,102,,712548,25,,,0,100,,712549,25,,,0,95,,712550,25,,,0,99,,712551,25,,,0,72,,712552,25,,,0,31,,712553,25,,,0,102,,712554,25,,,0,100,,712555,25,,,0,102,,712556,25,,,0,101,,712557,25,,,0,100,,712558,25,,,0
5903,'20260616',646,,712559,25,,,0,92,,712560,25,,,0,91,,712561,25,,,0,14,,712562,25,,,0,101,,712563,25,,,0,100,,712564,25,,,0,99,,712565,25,,,0,100,,712566,25,,,0,102,,712567,25,,,0,100,,712568,25,,,0,95,,712569,25,,,0,99,,712570,25,,,0,72,,712571,25,,,0,31,,712572,25,,,0,102,,712573,25,,,0,100,,712574,25,,,0,102,,712575,25,,,0,101,,712576,25,,,0,100,,712577,25,,,0
5903,'20260617',646,,712578,25,,,0,92,,712579,25,,,0,91,,712580,25,,,0,14,,712581,25,,,0,101,,712582,25,,,0,100,,712583,25,,,0,99,,712584,25,,,0,100,,712585,25,,,0,102,,712586,25,,,0,100,,712587,25,,,0,95,,712588,25,,,0,99,,712589,25,,,0,72,,712590,25,,,0,31,,712591,25,,,0,102,,712592,25,,,0,100,,712593,25,,,0,102,,712594,25,,,0,101,,712595,25,,,0,100,,712596,25,,,0
5903,'20260618',646,,712597,25,,,0,92,,712598,25,,,0,91,,712599,25,,,0,14,,712600,25,,,0,101,,712601,25,,,0,100,,712602,25,,,0,99,,712603,25,,,0,100,,712604,25,,,0,102,,712605,25,,,0,100,,712606,25,,,0,95,,712607,25,,,0,99,,712608,25,,,0,72,,712609,25,,,0,31,,712610,25,,,0,102,,712611,25,,,0,100,,712612,25,,,0,102,,712613,25,,,0,101,,712614,25,,,0,100,,712615,25,,,0
5903,'20260619',646,,663885,25,,,0,92,,663886,25,,,0,91,,663902,25,,,0,14,,663887,25,,,0,101,,663888,25,,,0,100,,663889,25,,,0,99,,663890,25,,,0,100,,663891,25,,,0,102,,663892,25,,,0,100,,663893,25,,,0,95,,663894,25,,,0,99,,663895,25,,,0,72,,663903,25,,,0,31,,663896,25,,,0,102,,663897,25,,,0,100,,663898,25,,,0,102,,663899,25,,,0,101,,663900,25,,,0,100,,663901,25,,,0
5903,'20260620',745,,692084,25,,,0,100,,692085,25,,,0,100,,692086,25,,,0,100,,692087,25,,,0,99,,692088,25,,,0,100,,692089,25,,,0,100,,692090,25,,,0,100,,692091,25,,,0,100,,692092,25,,,0,101,,692093,25,,,0,100,,692094,25,,,0,101,,692095,25,,,0,100,,692096,25,,,0,101,,692097,25,,,0,100,,692098,25,,,0
5903,'20260621',745,,692113,25,,,0,100,,692099,25,,,0,100,,692100,25,,,0,100,,692101,25,,,0,99,,692102,25,,,0,100,,692103,25,,,0,100,,692104,25,,,0,100,,692105,25,,,0,100,,692106,25,,,0,101,,692107,25,,,0,100,,692108,25,,,0,101,,692109,25,,,0,100,,692110,25,,,0,101,,692111,25,,,0,100,,692112,25,,,0
5903,'20260622',646,,692114,25,,,0,92,,692115,25,,,0,105,,692116,25,,,0,101,,692117,25,,,0,100,,692118,25,,,0,99,,692119,25,,,0,100,,692120,25,,,0,102,,692121,25,,,0,100,,692122,25,,,0,95,,692123,25,,,0,99,,692124,25,,,0,103,,692125,25,,,0,102,,692126,25,,,0,100,,692127,25,,,0,102,,692128,25,,,0,101,,692129,25,,,0,100,,692130,25,,,0
5903,'20260623',646,,712616,25,,,0,92,,712617,25,,,0,105,,712618,25,,,0,101,,712619,25,,,0,100,,712620,25,,,0,99,,712621,25,,,0,100,,712622,25,,,0,102,,712623,25,,,0,100,,712624,25,,,0,95,,712625,25,,,0,99,,712626,25,,,0,103,,712627,25,,,0,102,,712628,25,,,0,100,,712629,25,,,0,102,,712630,25,,,0,101,,712631,25,,,0,100,,712632,25,,,0
5903,'20260624',745,,712647,25,,,0,100,,712633,25,,,0,100,,712634,25,,,0,100,,712635,25,,,0,99,,712636,25,,,0,100,,712637,25,,,0,100,,712638,25,,,0,100,,712639,25,,,0,100,,712640,25,,,0,101,,712641,25,,,0,100,,712642,25,,,0,101,,712643,25,,,0,100,,712644,25,,,0,101,,712645,25,,,0,100,,712646,25,,,0
5903,'20260625',646,,712648,25,,,0,92,,712649,25,,,0,105,,712650,25,,,0,101,,712651,25,,,0,100,,712652,25,,,0,99,,712653,25,,,0,100,,712654,25,,,0,102,,712655,25,,,0,100,,712656,25,,,0,95,,712657,25,,,0,99,,712658,25,,,0,103,,712659,25,,,0,102,,712660,25,,,0,100,,712661,25,,,0,102,,712662,25,,,0,101,,712663,25,,,0,100,,712664,25,,,0
5903,'20260626',646,,712665,25,,,0,92,,712666,25,,,0,105,,712667,25,,,0,101,,712668,25,,,0,100,,712669,25,,,0,99,,712670,25,,,0,100,,712671,25,,,0,102,,712672,25,,,0,100,,712673,25,,,0,95,,712674,25,,,0,99,,712675,25,,,0,103,,712676,25,,,0,102,,712677,25,,,0,100,,712678,25,,,0,102,,712679,25,,,0,101,,712680,25,,,0,100,,712681,25,,,0
25801,'20260612',642,,695565,16,,,0,69,,695566,16,,,0,29,,695567,16,,,0,79,,695568,16,,,0
25801,'20260615',642,,721963,16,,,0,69,,721964,16,,,0,29,,721965,16,,,0,79,,721966,16,,,0
25801,'20260616',642,,721967,16,,,0,69,,721968,16,,,0,29,,721969,16,,,0,79,,721970,16,,,0
25801,'20260617',642,,721971,16,,,0,69,,721972,16,,,0,29,,721973,16,,,0,79,,721974,16,,,0
25801,'20260618',642,,721975,16,,,0,69,,721976,16,,,0,29,,721977,16,,,0,79,,721978,16,,,0
25801,'20260619',642,,672581,16,,,0,69,,672582,16,,,0,29,,672583,16,,,0,79,,672584,16,,,0
25801,'20260622',647,,695569,16,,,0,65,,695570,16,,,0,31,,695571,16,,,0,76,,695572,16,,,0
25801,'20260623',647,,721979,16,,,0,65,,721980,16,,,0,31,,721981,16,,,0,76,,721982,16,,,0
25801,'20260625',647,,721983,16,,,0,65,,721984,16,,,0,31,,721985,16,,,0,76,,721986,16,,,0
25801,'20260626',647,,721987,16,,,0,65,,721988,16,,,0,31,,721989,16,,,0,76,,721990,16,,,0
35801,'20260612',653,,695920,16,,,0,69,,695921,16,,,0
35801,'20260615',653,,723242,16,,,0,69,,723243,16,,,0
35801,'20260616',653,,723244,16,,,0,69,,723245,16,,,0
35801,'20260617',653,,723246,16,,,0,69,,723247,16,,,0
35801,'20260618',653,,723248,16,,,0,69,,723249,16,,,0
35801,'20260619',653,,674064,16,,,0,69,,674065,16,,,0
55801,'20260612',705,,696153,16,,,0,32,,696154,16,,,0
55801,'20260615',705,,723948,16,,,0,32,,723949,16,,,0
55801,'20260616',705,,723950,16,,,0,32,,723951,16,,,0
55801,'20260617',705,,723952,16,,,0,32,,723953,16,,,0
55801,'20260618',705,,723954,16,,,0,32,,723955,16,,,0
55801,'20260619',705,,674964,16,,,0,32,,674965,16,,,0
55801,'20260622',645,,696155,16,,,0,68,,696156,16,,,0
55801,'20260623',645,,723956,16,,,0,68,,723957,16,,,0
55801,'20260625',645,,723958,16,,,0,68,,723959,16,,,0
55801,'20260626',645,,723960,16,,,0,68,,723961,16,,,0
