5103,'20260724',557,,1002620,10,,,0,102,,1002621,10,,,0,145,,1002622,10,,,0,54,,1002623,10,,,0,100,,1002624,10,,,0,101,,1002625,10,,,0,99,,1002626,10,,,0,100,,1002627,10,,,0,100,,1002628,10,,,0,100,,1002629,10,,,0,101,,1002630,10,,,0,144,,1002631,10,,,0,55,,1002632,10,,,0,100,,1002633,10,,,0,100,,1002634,10,,,0,100,,1002635,10,,,0,100,,1002636,10,,,0,100,,1002637,10,,,0
5103,'20260725',701,,1020682,10,,,0,100,,1020683,10,,,0,100,,1020684,10,,,0,100,,1020685,10,,,0,100,,1020686,10,,,0,102,,1020687,10,,,0,100,,1020688,10,,,0,101,,1020689,10,,,0,100,,1020690,10,,,0,100,,1020691,10,,,0,103,,1020692,10,,,0,96,,1020693,10,,,0,97,,1020694,10,,,0,101,,1020695,10,,,0,100,,1020696,10,,,0,100,,1020697,10,,,0,100,,1020698,10,,,0
5103,'20260726',701,,1020699,10,,,0,100,,1020700,10,,,0,100,,1020701,10,,,0,100,,1020702,10,,,0,100,,1020703,10,,,0,102,,1020704,10,,,0,100,,1020705,10,,,0,101,,1020706,10,,,0,100,,1020707,10,,,0,100,,1020708,10,,,0,103,,1020709,10,,,0,96,,1020710,10,,,0,97,,1020711,10,,,0,101,,1020712,10,,,0,100,,1020713,10,,,0,100,,1020714,10,,,0,100,,1020715,10,,,0
5103,'20260727',557,,1020716,10,,,0,102,,1020717,10,,,0,145,,1020718,10,,,0,54,,1020719,10,,,0,100,,1020720,10,,,0,101,,1020721,10,,,0,99,,1020722,10,,,0,100,,1020723,10,,,0,100,,1020724,10,,,0,100,,1020725,10,,,0,101,,1020726,10,,,0,144,,1020727,10,,,0,55,,1020728,10,,,0,100,,1020729,10,,,0,100,,1020730,10,,,0,100,,1020731,10,,,0,100,,1020732,10,,,0,100,,1020733,10,,,0
5103,'20260728',557,,1020734,10,,,0,102,,1020735,10,,,0,145,,1020736,10,,,0,54,,1020737,10,,,0,100,,1020738,10,,,0,101,,1020739,10,,,0,99,,1020740,10,,,0,100,,1020741,10,,,0,100,,1020742,10,,,0,100,,1020743,10,,,0,101,,1020744,10,,,0,144,,1020745,10,,,0,55,,1020746,10,,,0,100,,1020747,10,,,0,100,,1020748,10,,,0,100,,1020749,10,,,0,100,,1020750,10,,,0,100,,1020751,10,,,0
5103,'20260729',557,,1020752,10,,,0,102,,1020753,10,,,0,145,,1020754,10,,,0,54,,1020755,10,,,0,100,,1020756,10,,,0,101,,1020757,10,,,0,99,,1020758,10,,,0,100,,1020759,10,,,0,100,,1020760,10,,,0,100,,1020761,10,,,0,101,,1020762,10,,,0,144,,1020763,10,,,0,55,,1020764,10,,,0,100,,1020765,10,,,0,100,,1020766,10,,,0,100,,1020767,10,,,0,100,,1020768,10,,,0,100,,1020769,10,,,0
5103,'20260730',557,,1020770,10,,,0,102,,1020771,10,,,0,145,,1020772,10,,,0,54,,1020773,10,,,0,100,,1020774,10,,,0,101,,1020775,10,,,0,99,,1020776,10,,,0,100,,1020777,10,,,0,100,,1020778,10,,,0,100,,1020779,10,,,0,101,,1020780,10,,,0,144,,1020781,10,,,0,55,,1020782,10,,,0,100,,1020783,10,,,0,100,,1020784,10,,,0,100,,1020785,10,,,0,100,,1020786,10,,,0,100,,1020787,10,,,0
5103,'20260731',557,,974600,10,,,0,102,,974601,10,,,0,145,,974602,10,,,0,54,,974603,10,,,0,100,,974604,10,,,0,101,,974605,10,,,0,99,,974606,10,,,0,100,,974607,10,,,0,100,,974608,10,,,0,100,,974609,10,,,0,101,,974610,10,,,0,144,,974611,10,,,0,55,,974612,10,,,0,100,,974613,10,,,0,100,,974614,10,,,0,100,,974615,10,,,0,100,,974616,10,,,0,100,,974617,10,,,0
5103,'20260801',701,,1002654,10,,,0,100,,1002638,10,,,0,100,,1002639,10,,,0,100,,1002640,10,,,0,100,,1002641,10,,,0,102,,1002642,10,,,0,100,,1002643,10,,,0,101,,1002644,10,,,0,100,,1002645,10,,,0,100,,1002646,10,,,0,103,,1002647,10,,,0,96,,1002648,10,,,0,97,,1002649,10,,,0,101,,1002650,10,,,0,100,,1002651,10,,,0,100,,1002652,10,,,0,100,,1002653,10,,,0
5103,'20260802',701,,1002671,10,,,0,100,,1002655,10,,,0,100,,1002656,10,,,0,100,,1002657,10,,,0,100,,1002658,10,,,0,102,,1002659,10,,,0,100,,1002660,10,,,0,101,,1002661,10,,,0,100,,1002662,10,,,0,100,,1002663,10,,,0,103,,1002664,10,,,0,96,,1002665,10,,,0,97,,1002666,10,,,0,101,,1002667,10,,,0,100,,1002668,10,,,0,100,,1002669,10,,,0,100,,1002670,10,,,0
5103,'20260803',557,,1002672,10,,,0,102,,1002673,10,,,0,145,,1002674,10,,,0,54,,1002675,10,,,0,100,,1002676,10,,,0,101,,1002677,10,,,0,99,,1002678,10,,,0,100,,1002679,10,,,0,100,,1002680,10,,,0,100,,1002681,10,,,0,101,,1002682,10,,,0,144,,1002683,10,,,0,55,,1002684,10,,,0,100,,1002685,10,,,0,100,,1002686,10,,,0,100,,1002687,10,,,0,100,,1002688,10,,,0,100,,1002689,10,,,0
5103,'20260804',557,,1020788,10,,,0,102,,1020789,10,,,0,145,,1020790,10,,,0,54,,1020791,10,,,0,100,,1020792,10,,,0,101,,1020793,10,,,0,99,,1020794,10,,,0,100,,1020795,10,,,0,100,,1020796,10,,,0,100,,1020797,10,,,0,101,,1020798,10,,,0,144,,1020799,10,,,0,55,,1020800,10,,,0,100,,1020801,10,,,0,100,,1020802,10,,,0,100,,1020803,10,,,0,100,,1020804,10,,,0,100,,1020805,10,,,0
5103,'20260805',557,,1020806,10,,,0,102,,1020807,10,,,0,145,,1020808,10,,,0,54,,1020809,10,,,0,100,,1020810,10,,,0,101,,1020811,10,,,0,99,,1020812,10,,,0,100,,1020813,10,,,0,100,,1020814,10,,,0,100,,1020815,10,,,0,101,,1020816,10,,,0,144,,1020817,10,,,0,55,,1020818,10,,,0,100,,1020819,10,,,0,100,,1020820,10,,,0,100,,1020821,10,,,0,100,,1020822,10,,,0,100,,1020823,10,,,0
5103,'20260806',557,,1020824,10,,,0,102,,1020825,10,,,0,145,,1020826,10,,,0,54,,1020827,10,,,0,100,,1020828,10,,,0,101,,1020829,10,,,0,99,,1020830,10,,,0,100,,1020831,10,,,0,100,,1020832,10,,,0,100,,1020833,10,,,0,101,,1020834,10,,,0,144,,1020835,10,,,0,55,,1020836,10,,,0,100,,1020837,10,,,0,100,,1020838,10,,,0,100,,1020839,10,,,0,100,,1020840,10,,,0,100,,1020841,10,,,0
5103,'20260807',557,,1020842,10,,,0,102,,1020843,10,,,0,145,,1020844,10,,,0,54,,1020845,10,,,0,100,,1020846,10,,,0,101,,1020847,10,,,0,99,,1020848,10,,,0,100,,1020849,10,,,0,100,,1020850,10,,,0,100,,1020851,10,,,0,101,,1020852,10,,,0,144,,1020853,10,,,0,55,,1020854,10,,,0,100,,1020855,10,,,0,100,,1020856,10,,,0,100,,1020857,10,,,0,100,,1020858,10,,,0,100,,1020859,10,,,0
25101,'20260724',659,,1007177,10,,,0,70,,1007178,10,,,0,30,,1007179,10,,,0
25101,'20260727',659,,1033174,10,,,0,70,,1033175,10,,,0,30,,1033176,10,,,0
25101,'20260728',659,,1033177,10,,,0,70,,1033178,10,,,0,30,,1033179,10,,,0
25101,'20260729',659,,1033180,10,,,0,70,,1033181,10,,,0,30,,1033182,10,,,0
25101,'20260730',659,,1033183,10,,,0,70,,1033184,10,,,0,30,,1033185,10,,,0
25101,'20260731',659,,985650,10,,,0,70,,985651,10,,,0,30,,985652,10,,,0
25101,'20260803',659,,1007180,10,,,0,70,,1007181,10,,,0,30,,1007182,10,,,0
25101,'20260804',659,,1033186,10,,,0,70,,1033187,10,,,0,30,,1033188,10,,,0
25101,'20260805',659,,1033189,10,,,0,70,,1033190,10,,,0,30,,1033191,10,,,0
25101,'20260806',659,,1033192,10,,,0,70,,1033193,10,,,0,30,,1033194,10,,,0
25101,'20260807',659,,1033195,10,,,0,70,,1033196,10,,,0,30,,1033197,10,,,0
