2801,'20260210',602,,68012,,,0,30,,68013,,,0,69,,68014,,,0,17,,68015,,,0,15,,68016,,,0,10,,68017,,,0,10,,68018,,,0,54,,68019,,,0,15,,68020,,,0,14,,68021,,,0,12,,68022,,,0,55,,68023,,,0,31,,68024,,,0,70,,68025,,,0,30,,68026,,,0,70,,68027,,,0,30,,68028,,,0,71,,68029,,,0,32,,68030,,,0,68,,68031,,,0,31,,68032,,,0,69,,68033,,,0,31,,68034,,,0,68,,68035,,,0,28,,68036,,,0,74,,68037,,,0,29,,68038,,,0,69,,68039,,,0,31,,68040,,,0,69,,68041,,,0,29,,68042,,,0,69,,68043,,,0,31,,68044,,,0,70,,68045,,,0,31,,68046,,,0,71,,68047,,,0,30,,68048,,,0,68,,68049,,,0,29,,68050,,,0,69,,68051,,,0,29,,68052,,,0,70,,68053,,,0
2801,'20260211',602,,68054,,,0,30,,68055,,,0,69,,68056,,,0,17,,68057,,,0,15,,68058,,,0,10,,68059,,,0,10,,68060,,,0,54,,68061,,,0,15,,68062,,,0,14,,68063,,,0,12,,68064,,,0,55,,68065,,,0,31,,68066,,,0,70,,68067,,,0,30,,68068,,,0,70,,68069,,,0,30,,68070,,,0,71,,68071,,,0,32,,68072,,,0,68,,68073,,,0,31,,68074,,,0,69,,68075,,,0,31,,68076,,,0,68,,68077,,,0,28,,68078,,,0,74,,68079,,,0,29,,68080,,,0,69,,68081,,,0,31,,68082,,,0,69,,68083,,,0,29,,68084,,,0,69,,68085,,,0,31,,68086,,,0,70,,68087,,,0,31,,68088,,,0,71,,68089,,,0,30,,68090,,,0,68,,68091,,,0,29,,68092,,,0,69,,68093,,,0,29,,68094,,,0,70,,68095,,,0
2801,'20260212',602,,68096,,,0,30,,68097,,,0,69,,68098,,,0,17,,68099,,,0,15,,68100,,,0,10,,68101,,,0,10,,68102,,,0,54,,68103,,,0,15,,68104,,,0,14,,68105,,,0,12,,68106,,,0,55,,68107,,,0,31,,68108,,,0,70,,68109,,,0,30,,68110,,,0,70,,68111,,,0,30,,68112,,,0,71,,68113,,,0,32,,68114,,,0,68,,68115,,,0,31,,68116,,,0,69,,68117,,,0,31,,68118,,,0,68,,68119,,,0,28,,68120,,,0,74,,68121,,,0,29,,68122,,,0,69,,68123,,,0,31,,68124,,,0,69,,68125,,,0,29,,68126,,,0,69,,68127,,,0,31,,68128,,,0,70,,68129,,,0,31,,68130,,,0,71,,68131,,,0,30,,68132,,,0,68,,68133,,,0,29,,68134,,,0,69,,68135,,,0,29,,68136,,,0,70,,68137,,,0
2801,'20260213',602,,115212,,,0,30,,115213,,,0,69,,115214,,,0,17,,115215,,,0,15,,115216,,,0,10,,115217,,,0,10,,115218,,,0,54,,115219,,,0,15,,115220,,,0,14,,115221,,,0,12,,115222,,,0,55,,115223,,,0,31,,115224,,,0,70,,115225,,,0,30,,115226,,,0,70,,115227,,,0,30,,115228,,,0,71,,115229,,,0,32,,115230,,,0,68,,115231,,,0,31,,115232,,,0,69,,115233,,,0,31,,115234,,,0,68,,115235,,,0,28,,115236,,,0,74,,115237,,,0,29,,115238,,,0,69,,115239,,,0,31,,115240,,,0,69,,115241,,,0,29,,115242,,,0,69,,115243,,,0,31,,115244,,,0,70,,115245,,,0,31,,115246,,,0,71,,115247,,,0,30,,115248,,,0,68,,115249,,,0,29,,115250,,,0,69,,115251,,,0,29,,115252,,,0,70,,115253,,,0
2801,'20260214',633,,68180,,,0,71,,68194,,,0,31,,68181,,,0,70,,68195,,,0,30,,68182,,,0,70,,68196,,,0,30,,68183,,,0,71,,68197,,,0,31,,68184,,,0,68,,68198,,,0,31,,68185,,,0,70,,68199,,,0,32,,68188,,,0,71,,68200,,,0,30,,68189,,,0,69,,68201,,,0,31,,68190,,,0,72,,68202,,,0,30,,68191,,,0,66,,68203,,,0,33,,68192,,,0,70,,68204,,,0,30,,68193,,,0,69,,68205,,,0,28,,68186,,,0,70,,68206,,,0,30,,68187,,,0,68,,68207,,,0,100,,68208,,,0,100,,68209,,,0,99,,68210,,,0,100,,68211,,,0
2801,'20260215',633,,68212,,,0,71,,68226,,,0,31,,68213,,,0,70,,68227,,,0,30,,68214,,,0,70,,68228,,,0,30,,68215,,,0,71,,68229,,,0,31,,68216,,,0,68,,68230,,,0,31,,68217,,,0,70,,68231,,,0,32,,68220,,,0,71,,68232,,,0,30,,68221,,,0,69,,68233,,,0,31,,68222,,,0,72,,68234,,,0,30,,68223,,,0,66,,68235,,,0,33,,68224,,,0,70,,68236,,,0,30,,68225,,,0,69,,68237,,,0,28,,68218,,,0,70,,68238,,,0,30,,68219,,,0,68,,68239,,,0,100,,68240,,,0,100,,68241,,,0,99,,68242,,,0,100,,68243,,,0
2801,'20260216',602,,68244,,,0,30,,68245,,,0,69,,68246,,,0,17,,68247,,,0,15,,68248,,,0,10,,68285,,,0,10,,68249,,,0,54,,68250,,,0,15,,68251,,,0,14,,68252,,,0,12,,68253,,,0,55,,68254,,,0,31,,68255,,,0,70,,68256,,,0,30,,68257,,,0,70,,68258,,,0,30,,68259,,,0,71,,68260,,,0,32,,68261,,,0,68,,68262,,,0,31,,68263,,,0,69,,68264,,,0,31,,68265,,,0,68,,68266,,,0,28,,68279,,,0,74,,68280,,,0,29,,68281,,,0,69,,68282,,,0,31,,68283,,,0,69,,68284,,,0,29,,68267,,,0,69,,68268,,,0,31,,68269,,,0,70,,68270,,,0,31,,68271,,,0,71,,68272,,,0,30,,68273,,,0,68,,68274,,,0,29,,68275,,,0,69,,68276,,,0,29,,68277,,,0,70,,68278,,,0
2801,'20260217',602,,68286,,,0,30,,68287,,,0,69,,68288,,,0,17,,68289,,,0,15,,68290,,,0,10,,68327,,,0,10,,68291,,,0,54,,68292,,,0,15,,68293,,,0,14,,68294,,,0,12,,68295,,,0,55,,68296,,,0,31,,68297,,,0,70,,68298,,,0,30,,68299,,,0,70,,68300,,,0,30,,68301,,,0,71,,68302,,,0,32,,68303,,,0,68,,68304,,,0,31,,68305,,,0,69,,68306,,,0,31,,68307,,,0,68,,68308,,,0,28,,68321,,,0,74,,68322,,,0,29,,68323,,,0,69,,68324,,,0,31,,68325,,,0,69,,68326,,,0,29,,68309,,,0,69,,68310,,,0,31,,68311,,,0,70,,68312,,,0,31,,68313,,,0,71,,68314,,,0,30,,68315,,,0,68,,68316,,,0,29,,68317,,,0,69,,68318,,,0,29,,68319,,,0,70,,68320,,,0
2801,'20260218',602,,68328,,,0,30,,68329,,,0,69,,68330,,,0,17,,68331,,,0,15,,68332,,,0,10,,68369,,,0,10,,68333,,,0,54,,68334,,,0,15,,68335,,,0,14,,68336,,,0,12,,68337,,,0,55,,68338,,,0,31,,68339,,,0,70,,68340,,,0,30,,68341,,,0,70,,68342,,,0,30,,68343,,,0,71,,68344,,,0,32,,68345,,,0,68,,68346,,,0,31,,68347,,,0,69,,68348,,,0,31,,68349,,,0,68,,68350,,,0,28,,68363,,,0,74,,68364,,,0,29,,68365,,,0,69,,68366,,,0,31,,68367,,,0,69,,68368,,,0,29,,68351,,,0,69,,68352,,,0,31,,68353,,,0,70,,68354,,,0,31,,68355,,,0,71,,68356,,,0,30,,68357,,,0,68,,68358,,,0,29,,68359,,,0,69,,68360,,,0,29,,68361,,,0,70,,68362,,,0
2801,'20260219',602,,68370,,,0,30,,68371,,,0,69,,68372,,,0,17,,68373,,,0,15,,68374,,,0,10,,68411,,,0,10,,68375,,,0,54,,68376,,,0,15,,68377,,,0,14,,68378,,,0,12,,68379,,,0,55,,68380,,,0,31,,68381,,,0,70,,68382,,,0,30,,68383,,,0,70,,68384,,,0,30,,68385,,,0,71,,68386,,,0,32,,68387,,,0,68,,68388,,,0,31,,68389,,,0,69,,68390,,,0,31,,68391,,,0,68,,68392,,,0,28,,68405,,,0,74,,68406,,,0,29,,68407,,,0,69,,68408,,,0,31,,68409,,,0,69,,68410,,,0,29,,68393,,,0,69,,68394,,,0,31,,68395,,,0,70,,68396,,,0,31,,68397,,,0,71,,68398,,,0,30,,68399,,,0,68,,68400,,,0,29,,68401,,,0,69,,68402,,,0,29,,68403,,,0,70,,68404,,,0
2801,'20260220',602,,68412,,,0,30,,68413,,,0,69,,68414,,,0,17,,68415,,,0,15,,68416,,,0,10,,68453,,,0,10,,68417,,,0,54,,68418,,,0,15,,68419,,,0,14,,68420,,,0,12,,68421,,,0,55,,68422,,,0,31,,68423,,,0,70,,68424,,,0,30,,68425,,,0,70,,68426,,,0,30,,68427,,,0,71,,68428,,,0,32,,68429,,,0,68,,68430,,,0,31,,68431,,,0,69,,68432,,,0,31,,68433,,,0,68,,68434,,,0,28,,68447,,,0,74,,68448,,,0,29,,68449,,,0,69,,68450,,,0,31,,68451,,,0,69,,68452,,,0,29,,68435,,,0,69,,68436,,,0,31,,68437,,,0,70,,68438,,,0,31,,68439,,,0,71,,68440,,,0,30,,68441,,,0,68,,68442,,,0,29,,68443,,,0,69,,68444,,,0,29,,68445,,,0,70,,68446,,,0
2801,'20260221',633,,115254,,,0,71,,115268,,,0,31,,115255,,,0,70,,115269,,,0,30,,115256,,,0,70,,115270,,,0,30,,115257,,,0,71,,115271,,,0,31,,115258,,,0,68,,115272,,,0,31,,115259,,,0,70,,115273,,,0,32,,115262,,,0,71,,115274,,,0,30,,115263,,,0,69,,115275,,,0,31,,115264,,,0,72,,115276,,,0,30,,115265,,,0,66,,115277,,,0,33,,115266,,,0,70,,115278,,,0,30,,115267,,,0,69,,115279,,,0,28,,115260,,,0,70,,115280,,,0,30,,115261,,,0,68,,115281,,,0,100,,115282,,,0,100,,115283,,,0,99,,115284,,,0,100,,115285,,,0
2801,'20260222',633,,115286,,,0,71,,115300,,,0,31,,115287,,,0,70,,115301,,,0,30,,115288,,,0,70,,115302,,,0,30,,115289,,,0,71,,115303,,,0,31,,115290,,,0,68,,115304,,,0,31,,115291,,,0,70,,115305,,,0,32,,115294,,,0,71,,115306,,,0,30,,115295,,,0,69,,115307,,,0,31,,115296,,,0,72,,115308,,,0,30,,115297,,,0,66,,115309,,,0,33,,115298,,,0,70,,115310,,,0,30,,115299,,,0,69,,115311,,,0,28,,115292,,,0,70,,115312,,,0,30,,115293,,,0,68,,115313,,,0,100,,115314,,,0,100,,115315,,,0,99,,115316,,,0,100,,115317,,,0
2801,'20260223',602,,115318,,,0,30,,115319,,,0,69,,115320,,,0,17,,115321,,,0,15,,115322,,,0,10,,115359,,,0,10,,115323,,,0,54,,115324,,,0,15,,115325,,,0,14,,115326,,,0,12,,115327,,,0,55,,115328,,,0,31,,115329,,,0,70,,115330,,,0,30,,115331,,,0,70,,115332,,,0,30,,115333,,,0,71,,115334,,,0,32,,115335,,,0,68,,115336,,,0,31,,115337,,,0,69,,115338,,,0,31,,115339,,,0,68,,115340,,,0,28,,115353,,,0,74,,115354,,,0,29,,115355,,,0,69,,115356,,,0,31,,115357,,,0,69,,115358,,,0,29,,115341,,,0,69,,115342,,,0,31,,115343,,,0,70,,115344,,,0,31,,115345,,,0,71,,115346,,,0,30,,115347,,,0,68,,115348,,,0,29,,115349,,,0,69,,115350,,,0,29,,115351,,,0,70,,115352,,,0
2801,'20260224',602,,115360,,,0,30,,115361,,,0,69,,115362,,,0,17,,115363,,,0,15,,115364,,,0,10,,115401,,,0,10,,115365,,,0,54,,115366,,,0,15,,115367,,,0,14,,115368,,,0,12,,115369,,,0,55,,115370,,,0,31,,115371,,,0,70,,115372,,,0,30,,115373,,,0,70,,115374,,,0,30,,115375,,,0,71,,115376,,,0,32,,115377,,,0,68,,115378,,,0,31,,115379,,,0,69,,115380,,,0,31,,115381,,,0,68,,115382,,,0,28,,115395,,,0,74,,115396,,,0,29,,115397,,,0,69,,115398,,,0,31,,115399,,,0,69,,115400,,,0,29,,115383,,,0,69,,115384,,,0,31,,115385,,,0,70,,115386,,,0,31,,115387,,,0,71,,115388,,,0,30,,115389,,,0,68,,115390,,,0,29,,115391,,,0,69,,115392,,,0,29,,115393,,,0,70,,115394,,,0
3601,'20260210',650,,70432,,,0,71,,70433,,,0,31,,70434,,,0,70,,70435,,,0,28,,70436,,,0,100,,70437,,,0,100,,70438,,,0,100,,70439,,,0,100,,70440,,,0,100,,70441,,,0,100,,70442,,,0,101,,70443,,,0,100,,70444,,,0,100,,70445,,,0,99,,70446,,,0,98,,70447,,,0,100,,70448,,,0,99,,70449,,,0,100,,70450,,,0,100,,70451,,,0
3601,'20260211',650,,70452,,,0,71,,70453,,,0,31,,70454,,,0,70,,70455,,,0,28,,70456,,,0,100,,70457,,,0,100,,70458,,,0,100,,70459,,,0,100,,70460,,,0,100,,70461,,,0,100,,70462,,,0,101,,70463,,,0,100,,70464,,,0,100,,70465,,,0,99,,70466,,,0,98,,70467,,,0,100,,70468,,,0,99,,70469,,,0,100,,70470,,,0,100,,70471,,,0
3601,'20260212',650,,70472,,,0,71,,70473,,,0,31,,70474,,,0,70,,70475,,,0,28,,70476,,,0,100,,70477,,,0,100,,70478,,,0,100,,70479,,,0,100,,70480,,,0,100,,70481,,,0,100,,70482,,,0,101,,70483,,,0,100,,70484,,,0,100,,70485,,,0,99,,70486,,,0,98,,70487,,,0,100,,70488,,,0,99,,70489,,,0,100,,70490,,,0,100,,70491,,,0
3601,'20260213',650,,115988,,,0,71,,115989,,,0,31,,115990,,,0,70,,115991,,,0,28,,115992,,,0,100,,115993,,,0,100,,115994,,,0,100,,115995,,,0,100,,115996,,,0,100,,115997,,,0,100,,115998,,,0,101,,115999,,,0,100,,116000,,,0,100,,116001,,,0,99,,116002,,,0,98,,116003,,,0,100,,116004,,,0,99,,116005,,,0,100,,116006,,,0,100,,116007,,,0
3601,'20260214',648,,70529,,,0,101,,70512,,,0,100,,70513,,,0,100,,70514,,,0,100,,70515,,,0,100,,70516,,,0,100,,70517,,,0,100,,70518,,,0,100,,70519,,,0,100,,70520,,,0,100,,70521,,,0,100,,70522,,,0,99,,70523,,,0,100,,70524,,,0,100,,70528,,,0,100,,70525,,,0,100,,70527,,,0,100,,70526,,,0
3601,'20260215',648,,70547,,,0,101,,70540,,,0,100,,70545,,,0,100,,70539,,,0,100,,70538,,,0,100,,70537,,,0,100,,70536,,,0,100,,70535,,,0,100,,70534,,,0,100,,70533,,,0,100,,70532,,,0,100,,70531,,,0,99,,70530,,,0,100,,70544,,,0,100,,70546,,,0,100,,70543,,,0,100,,70542,,,0,100,,70541,,,0
3601,'20260216',650,,70548,,,0,71,,70549,,,0,31,,70550,,,0,70,,70551,,,0,28,,70552,,,0,100,,70553,,,0,100,,70554,,,0,100,,70555,,,0,100,,70556,,,0,100,,70557,,,0,100,,70558,,,0,101,,70559,,,0,100,,70560,,,0,100,,70561,,,0,99,,70562,,,0,98,,70563,,,0,100,,70564,,,0,99,,70565,,,0,100,,70567,,,0,100,,70566,,,0
3601,'20260217',650,,70568,,,0,71,,70569,,,0,31,,70570,,,0,70,,70571,,,0,28,,70572,,,0,100,,70573,,,0,100,,70574,,,0,100,,70575,,,0,100,,70576,,,0,100,,70577,,,0,100,,70578,,,0,101,,70579,,,0,100,,70580,,,0,100,,70581,,,0,99,,70582,,,0,98,,70583,,,0,100,,70584,,,0,99,,70585,,,0,100,,70587,,,0,100,,70586,,,0
3601,'20260218',650,,70588,,,0,71,,70589,,,0,31,,70590,,,0,70,,70591,,,0,28,,70592,,,0,100,,70593,,,0,100,,70594,,,0,100,,70595,,,0,100,,70596,,,0,100,,70597,,,0,100,,70598,,,0,101,,70599,,,0,100,,70600,,,0,100,,70601,,,0,99,,70602,,,0,98,,70603,,,0,100,,70604,,,0,99,,70605,,,0,100,,70607,,,0,100,,70606,,,0
3601,'20260219',650,,70608,,,0,71,,70609,,,0,31,,70610,,,0,70,,70611,,,0,28,,70612,,,0,100,,70613,,,0,100,,70614,,,0,100,,70615,,,0,100,,70616,,,0,100,,70617,,,0,100,,70618,,,0,101,,70619,,,0,100,,70620,,,0,100,,70621,,,0,99,,70622,,,0,98,,70623,,,0,100,,70624,,,0,99,,70625,,,0,100,,70627,,,0,100,,70626,,,0
3601,'20260220',650,,70628,,,0,71,,70629,,,0,31,,70630,,,0,70,,70631,,,0,28,,70632,,,0,100,,70633,,,0,100,,70634,,,0,100,,70635,,,0,100,,70636,,,0,100,,70637,,,0,100,,70638,,,0,101,,70639,,,0,100,,70640,,,0,100,,70641,,,0,99,,70642,,,0,98,,70643,,,0,100,,70644,,,0,99,,70645,,,0,100,,70647,,,0,100,,70646,,,0
3601,'20260221',648,,116025,,,0,101,,116008,,,0,100,,116009,,,0,100,,116010,,,0,100,,116011,,,0,100,,116012,,,0,100,,116013,,,0,100,,116014,,,0,100,,116015,,,0,100,,116016,,,0,100,,116017,,,0,100,,116018,,,0,99,,116019,,,0,100,,116020,,,0,100,,116024,,,0,100,,116021,,,0,100,,116023,,,0,100,,116022,,,0
3601,'20260222',648,,116043,,,0,101,,116036,,,0,100,,116041,,,0,100,,116035,,,0,100,,116034,,,0,100,,116033,,,0,100,,116032,,,0,100,,116031,,,0,100,,116030,,,0,100,,116029,,,0,100,,116028,,,0,100,,116027,,,0,99,,116026,,,0,100,,116040,,,0,100,,116042,,,0,100,,116039,,,0,100,,116038,,,0,100,,116037,,,0
3601,'20260223',650,,116044,,,0,71,,116045,,,0,31,,116046,,,0,70,,116047,,,0,28,,116048,,,0,100,,116049,,,0,100,,116050,,,0,100,,116051,,,0,100,,116052,,,0,100,,116053,,,0,100,,116054,,,0,101,,116055,,,0,100,,116056,,,0,100,,116057,,,0,99,,116058,,,0,98,,116059,,,0,100,,116060,,,0,99,,116061,,,0,100,,116063,,,0,100,,116062,,,0
3601,'20260224',650,,116064,,,0,71,,116065,,,0,31,,116066,,,0,70,,116067,,,0,28,,116068,,,0,100,,116069,,,0,100,,116070,,,0,100,,116071,,,0,100,,116072,,,0,100,,116073,,,0,100,,116074,,,0,101,,116075,,,0,100,,116076,,,0,100,,116077,,,0,99,,116078,,,0,98,,116079,,,0,100,,116080,,,0,99,,116081,,,0,100,,116083,,,0,100,,116082,,,0
