8500,'20260616',650,,718317,20,,,0,70,,718318,20,,,0,28,,718319,20,,,0,70,,718320,20,,,0,32,,718321,20,,,0,370,,718322,20,,,0
8500,'20260617',650,,718323,20,,,0,70,,718324,20,,,0,28,,718325,20,,,0,70,,718326,20,,,0,32,,718327,20,,,0,370,,718328,20,,,0
8500,'20260618',650,,718329,20,,,0,70,,718330,20,,,0,28,,718331,20,,,0,70,,718332,20,,,0,32,,718333,20,,,0,370,,718334,20,,,0
8500,'20260619',650,,751968,20,,,0,70,,751969,20,,,0,28,,751970,20,,,0,70,,751971,20,,,0,32,,751972,20,,,0,370,,751973,20,,,0
8500,'20260620',820,,751974,20,,,0
8500,'20260621',820,,751975,20,,,0
8500,'20260622',650,,751976,20,,,0,70,,751977,20,,,0,28,,751978,20,,,0,70,,751979,20,,,0,32,,751980,20,,,0,370,,751981,20,,,0
8500,'20260623',650,,751982,20,,,0,70,,751983,20,,,0,28,,751984,20,,,0,70,,751985,20,,,0,32,,751986,20,,,0,370,,751987,20,,,0
8500,'20260624',820,,718341,20,,,0
8500,'20260625',650,,718342,20,,,0,70,,718343,20,,,0,28,,718344,20,,,0,70,,718345,20,,,0,32,,718346,20,,,0,370,,718347,20,,,0
8500,'20260626',650,,718348,20,,,0,70,,718349,20,,,0,28,,718350,20,,,0,70,,718351,20,,,0,32,,718352,20,,,0,370,,718353,20,,,0
8500,'20260627',820,,751988,20,,,0
8500,'20260628',820,,751989,20,,,0
8500,'20260629',650,,751990,20,,,0,70,,751991,20,,,0,28,,751992,20,,,0,70,,751993,20,,,0,32,,751994,20,,,0,370,,751995,20,,,0
8500,'20260630',650,,751996,20,,,0,70,,751997,20,,,0,28,,751998,20,,,0,70,,751999,20,,,0,32,,752000,20,,,0,370,,752001,20,,,0
