9402,'20260406',553,,210499,22,,,0,100,,210500,22,,,0,100,,210501,22,,,0,100,,210502,22,,,0,101,,210503,22,,,0,100,,210504,22,,,0,101,,210505,22,,,0,100,,210506,22,,,0,100,,210507,22,,,0,100,,210508,22,,,0,100,,210509,22,,,0,100,,210510,22,,,0,100,,210511,22,,,0,99,,210512,22,,,0,99,,210513,22,,,0,100,,210514,22,,,0,100,,210515,22,,,0,100,,210516,22,,,0
9402,'20260407',600,,210518,22,,,0,57,,210517,22,,,0,2,,210519,22,,,0,72,,210520,22,,,0,70,,210521,22,,,0,31,,210522,22,,,0,71,,210523,22,,,0,100,,210524,22,,,0,99,,210525,22,,,0,100,,210526,22,,,0,101,,210527,22,,,0,99,,210528,22,,,0,101,,210529,22,,,0,99,,210530,22,,,0,103,,210531,22,,,0,100,,210532,22,,,0,99,,210533,22,,,0,98,,210534,22,,,0,98,,210535,22,,,0,100,,210536,22,,,0,100,,210537,22,,,0
9402,'20260408',600,,210539,22,,,0,57,,210538,22,,,0,2,,210540,22,,,0,72,,210541,22,,,0,70,,210542,22,,,0,31,,210543,22,,,0,71,,210544,22,,,0,100,,210545,22,,,0,99,,210546,22,,,0,100,,210547,22,,,0,101,,210548,22,,,0,99,,210549,22,,,0,101,,210550,22,,,0,99,,210551,22,,,0,103,,210552,22,,,0,100,,210553,22,,,0,99,,210554,22,,,0,98,,210555,22,,,0,98,,210556,22,,,0,100,,210557,22,,,0,100,,210558,22,,,0
9402,'20260409',600,,210560,22,,,0,57,,210559,22,,,0,2,,210561,22,,,0,72,,210562,22,,,0,70,,210563,22,,,0,31,,210564,22,,,0,71,,210565,22,,,0,100,,210566,22,,,0,99,,210567,22,,,0,100,,210568,22,,,0,101,,210569,22,,,0,99,,210570,22,,,0,101,,210571,22,,,0,99,,210572,22,,,0,103,,210573,22,,,0,100,,210574,22,,,0,99,,210575,22,,,0,98,,210576,22,,,0,98,,210577,22,,,0,100,,210578,22,,,0,100,,210579,22,,,0
9402,'20260410',600,,210581,22,,,0,57,,210580,22,,,0,2,,210582,22,,,0,72,,210583,22,,,0,70,,210584,22,,,0,31,,210585,22,,,0,71,,210586,22,,,0,100,,210587,22,,,0,99,,210588,22,,,0,100,,210589,22,,,0,101,,210590,22,,,0,99,,210591,22,,,0,101,,210592,22,,,0,99,,210593,22,,,0,103,,210594,22,,,0,100,,210595,22,,,0,99,,210596,22,,,0,98,,210597,22,,,0,98,,210598,22,,,0,100,,210599,22,,,0,100,,210600,22,,,0
9402,'20260411',553,,167091,22,,,0,100,,167074,22,,,0,100,,167075,22,,,0,100,,167076,22,,,0,101,,167077,22,,,0,100,,167078,22,,,0,101,,167079,22,,,0,100,,167080,22,,,0,100,,167081,22,,,0,100,,167082,22,,,0,100,,167083,22,,,0,100,,167084,22,,,0,100,,167085,22,,,0,99,,167086,22,,,0,99,,167087,22,,,0,100,,167088,22,,,0,100,,167089,22,,,0,100,,167090,22,,,0
9402,'20260412',553,,167109,22,,,0,100,,167092,22,,,0,100,,167093,22,,,0,100,,167094,22,,,0,101,,167095,22,,,0,100,,167096,22,,,0,101,,167097,22,,,0,100,,167098,22,,,0,100,,167099,22,,,0,100,,167100,22,,,0,100,,167101,22,,,0,100,,167102,22,,,0,100,,167103,22,,,0,99,,167104,22,,,0,99,,167105,22,,,0,100,,167106,22,,,0,100,,167107,22,,,0,100,,167108,22,,,0
9402,'20260413',600,,167110,22,,,0,59,,167112,22,,,0,72,,167127,22,,,0,70,,167128,22,,,0,31,,167126,22,,,0,71,,167111,22,,,0,100,,167129,22,,,0,99,,167113,22,,,0,100,,167114,22,,,0,101,,167115,22,,,0,99,,167116,22,,,0,101,,167117,22,,,0,99,,167118,22,,,0,103,,167119,22,,,0,100,,167120,22,,,0,99,,167121,22,,,0,98,,167122,22,,,0,98,,167123,22,,,0,100,,167124,22,,,0,100,,167125,22,,,0
9402,'20260414',600,,167130,22,,,0,59,,167132,22,,,0,72,,167147,22,,,0,70,,167148,22,,,0,31,,167146,22,,,0,71,,167131,22,,,0,100,,167149,22,,,0,99,,167133,22,,,0,100,,167134,22,,,0,101,,167135,22,,,0,99,,167136,22,,,0,101,,167137,22,,,0,99,,167138,22,,,0,103,,167139,22,,,0,100,,167140,22,,,0,99,,167141,22,,,0,98,,167142,22,,,0,98,,167143,22,,,0,100,,167144,22,,,0,100,,167145,22,,,0
9402,'20260415',600,,210601,22,,,0,59,,210603,22,,,0,72,,210618,22,,,0,70,,210619,22,,,0,31,,210617,22,,,0,71,,210602,22,,,0,100,,210620,22,,,0,99,,210604,22,,,0,100,,210605,22,,,0,101,,210606,22,,,0,99,,210607,22,,,0,101,,210608,22,,,0,99,,210609,22,,,0,103,,210610,22,,,0,100,,210611,22,,,0,99,,210612,22,,,0,98,,210613,22,,,0,98,,210614,22,,,0,100,,210615,22,,,0,100,,210616,22,,,0
9402,'20260416',600,,210621,22,,,0,59,,210623,22,,,0,72,,210638,22,,,0,70,,210639,22,,,0,31,,210637,22,,,0,71,,210622,22,,,0,100,,210640,22,,,0,99,,210624,22,,,0,100,,210625,22,,,0,101,,210626,22,,,0,99,,210627,22,,,0,101,,210628,22,,,0,99,,210629,22,,,0,103,,210630,22,,,0,100,,210631,22,,,0,99,,210632,22,,,0,98,,210633,22,,,0,98,,210634,22,,,0,100,,210635,22,,,0,100,,210636,22,,,0
9402,'20260417',600,,210641,22,,,0,59,,210643,22,,,0,72,,210658,22,,,0,70,,210659,22,,,0,31,,210657,22,,,0,71,,210642,22,,,0,100,,210660,22,,,0,99,,210644,22,,,0,100,,210645,22,,,0,101,,210646,22,,,0,99,,210647,22,,,0,101,,210648,22,,,0,99,,210649,22,,,0,103,,210650,22,,,0,100,,210651,22,,,0,99,,210652,22,,,0,98,,210653,22,,,0,98,,210654,22,,,0,100,,210655,22,,,0,100,,210656,22,,,0
9402,'20260418',553,,210678,22,,,0,100,,210661,22,,,0,100,,210662,22,,,0,100,,210663,22,,,0,101,,210664,22,,,0,100,,210665,22,,,0,101,,210666,22,,,0,100,,210667,22,,,0,100,,210668,22,,,0,100,,210669,22,,,0,100,,210670,22,,,0,100,,210671,22,,,0,100,,210672,22,,,0,99,,210673,22,,,0,99,,210674,22,,,0,100,,210675,22,,,0,100,,210676,22,,,0,100,,210677,22,,,0
9402,'20260419',553,,210696,22,,,0,100,,210679,22,,,0,100,,210680,22,,,0,100,,210681,22,,,0,101,,210682,22,,,0,100,,210683,22,,,0,101,,210684,22,,,0,100,,210685,22,,,0,100,,210686,22,,,0,100,,210687,22,,,0,100,,210688,22,,,0,100,,210689,22,,,0,100,,210690,22,,,0,99,,210691,22,,,0,99,,210692,22,,,0,100,,210693,22,,,0,100,,210694,22,,,0,100,,210695,22,,,0
9402,'20260420',600,,210697,22,,,0,59,,210699,22,,,0,72,,210714,22,,,0,70,,210715,22,,,0,31,,210713,22,,,0,71,,210698,22,,,0,100,,210716,22,,,0,99,,210700,22,,,0,100,,210701,22,,,0,101,,210702,22,,,0,99,,210703,22,,,0,101,,210704,22,,,0,99,,210705,22,,,0,103,,210706,22,,,0,100,,210707,22,,,0,99,,210708,22,,,0,98,,210709,22,,,0,98,,210710,22,,,0,100,,210711,22,,,0,100,,210712,22,,,0
29402,'20260407',622,,213571,22,,,0,95,,213572,22,,,0,24,,213573,22,,,0
29402,'20260408',622,,213574,22,,,0,95,,213575,22,,,0,24,,213576,22,,,0
29402,'20260409',622,,213577,22,,,0,95,,213578,22,,,0,24,,213579,22,,,0
29402,'20260410',622,,213580,22,,,0,95,,213581,22,,,0,24,,213582,22,,,0
29402,'20260413',622,,170363,22,,,0,95,,170364,22,,,0,24,,170365,22,,,0
29402,'20260414',622,,170366,22,,,0,95,,170367,22,,,0,24,,170368,22,,,0
29402,'20260415',622,,213583,22,,,0,95,,213584,22,,,0,24,,213585,22,,,0
29402,'20260416',622,,213586,22,,,0,95,,213587,22,,,0,24,,213588,22,,,0
29402,'20260417',622,,213589,22,,,0,95,,213590,22,,,0,24,,213591,22,,,0
29402,'20260420',622,,213592,22,,,0,95,,213593,22,,,0,24,,213594,22,,,0
7009002,'20260407',719,,230725,1,,,0,2,,230724,32,,,0
7009002,'20260408',719,,230727,1,,,0,2,,230726,32,,,0
7009002,'20260409',719,,230729,1,,,0,2,,230728,32,,,0
7009002,'20260410',719,,230731,1,,,0,2,,230730,32,,,0
7009002,'20260413',719,,189159,1,,,0,2,,189158,32,,,0
7009002,'20260414',719,,189161,1,,,0,2,,189160,32,,,0
7009002,'20260415',719,,230733,1,,,0,2,,230732,32,,,0
7009002,'20260416',719,,230735,1,,,0,2,,230734,32,,,0
7009002,'20260417',719,,230737,1,,,0,2,,230736,32,,,0
7009002,'20260420',719,,230739,1,,,0,2,,230738,32,,,0
