1203,'20260331',634,,147548,11,,,0,68,,147549,11,,,0,32,,147550,11,,,0,71,,147551,11,,,0,30,,147552,11,,,0,70,,147553,11,,,0,99,,147554,11,,,0,97,,147555,11,,,0,101,,147556,11,,,0,100,,147557,11,,,0,100,,147558,11,,,0,99,,147559,11,,,0,58,,147560,11,,,0,149,,147561,11,,,0,97,,147562,11,,,0,98,,147563,11,,,0,99,,147564,11,,,0,99,,147565,11,,,0,100,,147566,11,,,0,100,,147567,11,,,0
1203,'20260401',634,,147568,11,,,0,68,,147569,11,,,0,32,,147570,11,,,0,71,,147571,11,,,0,30,,147572,11,,,0,70,,147573,11,,,0,99,,147574,11,,,0,97,,147575,11,,,0,101,,147576,11,,,0,100,,147577,11,,,0,100,,147578,11,,,0,99,,147579,11,,,0,58,,147580,11,,,0,149,,147581,11,,,0,97,,147582,11,,,0,98,,147583,11,,,0,99,,147584,11,,,0,99,,147585,11,,,0,100,,147586,11,,,0,100,,147587,11,,,0
1203,'20260402',634,,147588,11,,,0,68,,147589,11,,,0,32,,147590,11,,,0,71,,147591,11,,,0,30,,147592,11,,,0,70,,147593,11,,,0,99,,147594,11,,,0,97,,147595,11,,,0,101,,147596,11,,,0,100,,147597,11,,,0,100,,147598,11,,,0,99,,147599,11,,,0,58,,147600,11,,,0,149,,147601,11,,,0,97,,147602,11,,,0,98,,147603,11,,,0,99,,147604,11,,,0,99,,147605,11,,,0,100,,147606,11,,,0,100,,147607,11,,,0
1203,'20260403',745,,147608,11,,,0,100,,147609,11,,,0,99,,147610,11,,,0,100,,147611,11,,,0,100,,147612,11,,,0,96,,147613,11,,,0,107,,147614,11,,,0,98,,147615,11,,,0,99,,147616,11,,,0,100,,147617,11,,,0,102,,147618,11,,,0,99,,147619,11,,,0,100,,147620,11,,,0,99,,147621,11,,,0,100,,147622,11,,,0,100,,147623,11,,,0
1203,'20260404',745,,107192,11,,,0,100,,107193,11,,,0,99,,107194,11,,,0,100,,107195,11,,,0,100,,107196,11,,,0,96,,107197,11,,,0,107,,107198,11,,,0,98,,107199,11,,,0,99,,107200,11,,,0,100,,107201,11,,,0,102,,107202,11,,,0,99,,107203,11,,,0,100,,107204,11,,,0,99,,107205,11,,,0,100,,107206,11,,,0,100,,107207,11,,,0
1203,'20260405',745,,107208,11,,,0,100,,107209,11,,,0,99,,107210,11,,,0,100,,107211,11,,,0,100,,107212,11,,,0,96,,107213,11,,,0,107,,107214,11,,,0,98,,107215,11,,,0,99,,107216,11,,,0,100,,107217,11,,,0,102,,107218,11,,,0,99,,107219,11,,,0,100,,107220,11,,,0,99,,107221,11,,,0,100,,107222,11,,,0,100,,107223,11,,,0
1203,'20260406',745,,107224,11,,,0,100,,107225,11,,,0,99,,107226,11,,,0,100,,107227,11,,,0,100,,107228,11,,,0,96,,107229,11,,,0,107,,107230,11,,,0,98,,107231,11,,,0,99,,107232,11,,,0,100,,107233,11,,,0,102,,107234,11,,,0,99,,107235,11,,,0,100,,107236,11,,,0,99,,107237,11,,,0,100,,107238,11,,,0,100,,107239,11,,,0
1203,'20260407',634,,147624,11,,,0,68,,147642,11,,,0,32,,147625,11,,,0,71,,147626,11,,,0,30,,147643,11,,,0,70,,147627,11,,,0,99,,147628,11,,,0,97,,147629,11,,,0,101,,147630,11,,,0,100,,147631,11,,,0,100,,147632,11,,,0,99,,147633,11,,,0,58,,147634,11,,,0,149,,147635,11,,,0,97,,147636,11,,,0,98,,147637,11,,,0,99,,147638,11,,,0,99,,147639,11,,,0,100,,147640,11,,,0,100,,147641,11,,,0
1203,'20260408',634,,147644,11,,,0,68,,147662,11,,,0,32,,147645,11,,,0,71,,147646,11,,,0,30,,147663,11,,,0,70,,147647,11,,,0,99,,147648,11,,,0,97,,147649,11,,,0,101,,147650,11,,,0,100,,147651,11,,,0,100,,147652,11,,,0,99,,147653,11,,,0,58,,147654,11,,,0,149,,147655,11,,,0,97,,147656,11,,,0,98,,147657,11,,,0,99,,147658,11,,,0,99,,147659,11,,,0,100,,147660,11,,,0,100,,147661,11,,,0
1203,'20260409',634,,147664,11,,,0,68,,147682,11,,,0,32,,147665,11,,,0,71,,147666,11,,,0,30,,147683,11,,,0,70,,147667,11,,,0,99,,147668,11,,,0,97,,147669,11,,,0,101,,147670,11,,,0,100,,147671,11,,,0,100,,147672,11,,,0,99,,147673,11,,,0,58,,147674,11,,,0,149,,147675,11,,,0,97,,147676,11,,,0,98,,147677,11,,,0,99,,147678,11,,,0,99,,147679,11,,,0,100,,147680,11,,,0,100,,147681,11,,,0
1203,'20260410',634,,147684,11,,,0,68,,147702,11,,,0,32,,147685,11,,,0,71,,147686,11,,,0,30,,147703,11,,,0,70,,147687,11,,,0,99,,147688,11,,,0,97,,147689,11,,,0,101,,147690,11,,,0,100,,147691,11,,,0,100,,147692,11,,,0,99,,147693,11,,,0,58,,147694,11,,,0,149,,147695,11,,,0,97,,147696,11,,,0,98,,147697,11,,,0,99,,147698,11,,,0,99,,147699,11,,,0,100,,147700,11,,,0,100,,147701,11,,,0
1203,'20260411',745,,147704,11,,,0,100,,147705,11,,,0,99,,147706,11,,,0,100,,147707,11,,,0,100,,147708,11,,,0,96,,147709,11,,,0,107,,147710,11,,,0,98,,147711,11,,,0,99,,147712,11,,,0,100,,147713,11,,,0,102,,147714,11,,,0,99,,147715,11,,,0,100,,147716,11,,,0,99,,147717,11,,,0,100,,147718,11,,,0,100,,147719,11,,,0
1203,'20260412',745,,147720,11,,,0,100,,147721,11,,,0,99,,147722,11,,,0,100,,147723,11,,,0,100,,147724,11,,,0,96,,147725,11,,,0,107,,147726,11,,,0,98,,147727,11,,,0,99,,147728,11,,,0,100,,147729,11,,,0,102,,147730,11,,,0,99,,147731,11,,,0,100,,147732,11,,,0,99,,147733,11,,,0,100,,147734,11,,,0,100,,147735,11,,,0
1203,'20260413',634,,147736,11,,,0,68,,147754,11,,,0,32,,147737,11,,,0,71,,147738,11,,,0,30,,147755,11,,,0,70,,147739,11,,,0,99,,147740,11,,,0,97,,147741,11,,,0,101,,147742,11,,,0,100,,147743,11,,,0,100,,147744,11,,,0,99,,147745,11,,,0,58,,147746,11,,,0,149,,147747,11,,,0,97,,147748,11,,,0,98,,147749,11,,,0,99,,147750,11,,,0,99,,147751,11,,,0,100,,147752,11,,,0,100,,147753,11,,,0
1203,'20260414',634,,147756,11,,,0,68,,147774,11,,,0,32,,147757,11,,,0,71,,147758,11,,,0,30,,147775,11,,,0,70,,147759,11,,,0,99,,147760,11,,,0,97,,147761,11,,,0,101,,147762,11,,,0,100,,147763,11,,,0,100,,147764,11,,,0,99,,147765,11,,,0,58,,147766,11,,,0,149,,147767,11,,,0,97,,147768,11,,,0,98,,147769,11,,,0,99,,147770,11,,,0,99,,147771,11,,,0,100,,147772,11,,,0,100,,147773,11,,,0
