7203,'20260323',647,,118178,25,,,0,71,,118179,25,,,0,33,,118180,25,,,0,70,,118181,25,,,0,28,,118182,25,,,0,69,,118183,25,,,0,29,,118184,25,,,0,70,,118185,25,,,0,30,,118186,25,,,0,70,,118187,25,,,0,30,,118188,25,,,0,70,,118189,25,,,0,30,,118190,25,,,0,70,,118191,25,,,0,30,,118192,25,,,0,70,,118193,25,,,0,30,,118194,25,,,0,71,,118195,25,,,0,31,,118196,25,,,0,73,,118197,25,,,0,29,,118198,25,,,0,68,,118199,25,,,0,28,,118200,25,,,0,70,,118201,25,,,0,29,,118202,25,,,0,70,,118203,25,,,0,100,,118204,25,,,0,100,,118205,25,,,0,100,,118206,25,,,0,100,,118207,25,,,0,100,,118208,25,,,0
7203,'20260324',647,,118209,25,,,0,71,,118210,25,,,0,33,,118211,25,,,0,70,,118212,25,,,0,28,,118213,25,,,0,69,,118214,25,,,0,29,,118215,25,,,0,70,,118216,25,,,0,30,,118217,25,,,0,70,,118218,25,,,0,30,,118219,25,,,0,70,,118220,25,,,0,30,,118221,25,,,0,70,,118222,25,,,0,30,,118223,25,,,0,70,,118224,25,,,0,30,,118225,25,,,0,71,,118226,25,,,0,31,,118227,25,,,0,73,,118228,25,,,0,29,,118229,25,,,0,68,,118230,25,,,0,28,,118231,25,,,0,70,,118232,25,,,0,29,,118233,25,,,0,70,,118234,25,,,0,100,,118235,25,,,0,100,,118236,25,,,0,100,,118237,25,,,0,100,,118238,25,,,0,100,,118239,25,,,0
7203,'20260325',647,,118240,25,,,0,71,,118241,25,,,0,33,,118242,25,,,0,70,,118243,25,,,0,28,,118244,25,,,0,69,,118245,25,,,0,29,,118246,25,,,0,70,,118247,25,,,0,30,,118248,25,,,0,70,,118249,25,,,0,30,,118250,25,,,0,70,,118251,25,,,0,30,,118252,25,,,0,70,,118253,25,,,0,30,,118254,25,,,0,70,,118255,25,,,0,30,,118256,25,,,0,71,,118257,25,,,0,31,,118258,25,,,0,73,,118259,25,,,0,29,,118260,25,,,0,68,,118261,25,,,0,28,,118262,25,,,0,70,,118263,25,,,0,29,,118264,25,,,0,70,,118265,25,,,0,100,,118266,25,,,0,100,,118267,25,,,0,100,,118268,25,,,0,100,,118269,25,,,0,100,,118270,25,,,0
7203,'20260326',647,,118271,25,,,0,71,,118272,25,,,0,33,,118273,25,,,0,70,,118274,25,,,0,28,,118275,25,,,0,69,,118276,25,,,0,29,,118277,25,,,0,70,,118278,25,,,0,30,,118279,25,,,0,70,,118280,25,,,0,30,,118281,25,,,0,70,,118282,25,,,0,30,,118283,25,,,0,70,,118284,25,,,0,30,,118285,25,,,0,70,,118286,25,,,0,30,,118287,25,,,0,71,,118288,25,,,0,31,,118289,25,,,0,73,,118290,25,,,0,29,,118291,25,,,0,68,,118292,25,,,0,28,,118293,25,,,0,70,,118294,25,,,0,29,,118295,25,,,0,70,,118296,25,,,0,100,,118297,25,,,0,100,,118298,25,,,0,100,,118299,25,,,0,100,,118300,25,,,0,100,,118301,25,,,0
7203,'20260327',647,,118302,25,,,0,71,,118303,25,,,0,33,,118304,25,,,0,70,,118305,25,,,0,28,,118306,25,,,0,69,,118307,25,,,0,29,,118308,25,,,0,70,,118309,25,,,0,30,,118310,25,,,0,70,,118311,25,,,0,30,,118312,25,,,0,70,,118313,25,,,0,30,,118314,25,,,0,70,,118315,25,,,0,30,,118316,25,,,0,70,,118317,25,,,0,30,,118318,25,,,0,71,,118319,25,,,0,31,,118320,25,,,0,73,,118321,25,,,0,29,,118322,25,,,0,68,,118323,25,,,0,28,,118324,25,,,0,70,,118325,25,,,0,29,,118326,25,,,0,70,,118327,25,,,0,100,,118328,25,,,0,100,,118329,25,,,0,100,,118330,25,,,0,100,,118331,25,,,0,100,,118332,25,,,0
7203,'20260328',716,,68890,25,,,0,100,,68891,25,,,0,100,,68892,25,,,0,100,,68893,25,,,0,100,,68894,25,,,0,100,,68895,25,,,0,101,,68896,25,,,0,100,,68897,25,,,0,100,,68898,25,,,0,100,,68899,25,,,0,100,,68900,25,,,0,100,,68901,25,,,0,99,,68902,25,,,0,100,,68903,25,,,0,100,,68904,25,,,0,99,,68905,25,,,0,100,,68906,25,,,0,100,,68907,25,,,0,30,,68908,25,,,0
7203,'20260329',716,,68909,25,,,0,100,,68910,25,,,0,100,,68911,25,,,0,100,,68912,25,,,0,100,,68913,25,,,0,100,,68914,25,,,0,101,,68915,25,,,0,100,,68916,25,,,0,100,,68917,25,,,0,100,,68918,25,,,0,100,,68919,25,,,0,100,,68925,25,,,0,99,,68926,25,,,0,100,,68920,25,,,0,100,,68921,25,,,0,99,,68922,25,,,0,100,,68923,25,,,0,100,,68924,25,,,0,30,,68927,25,,,0
7203,'20260330',647,,68928,25,,,0,71,,68929,25,,,0,33,,68930,25,,,0,70,,68931,25,,,0,28,,68932,25,,,0,69,,68933,25,,,0,29,,68934,25,,,0,70,,68935,25,,,0,30,,68936,25,,,0,70,,68937,25,,,0,30,,68938,25,,,0,70,,68939,25,,,0,30,,68940,25,,,0,70,,68941,25,,,0,30,,68942,25,,,0,70,,68943,25,,,0,30,,68944,25,,,0,71,,68945,25,,,0,31,,68946,25,,,0,73,,68947,25,,,0,29,,68948,25,,,0,68,,68949,25,,,0,28,,68950,25,,,0,70,,68951,25,,,0,29,,68952,25,,,0,70,,68953,25,,,0,100,,68954,25,,,0,100,,68955,25,,,0,100,,68956,25,,,0,100,,68957,25,,,0,100,,68958,25,,,0
7203,'20260331',647,,68959,25,,,0,71,,68960,25,,,0,33,,68961,25,,,0,70,,68962,25,,,0,28,,68963,25,,,0,69,,68964,25,,,0,29,,68965,25,,,0,70,,68966,25,,,0,30,,68967,25,,,0,70,,68968,25,,,0,30,,68969,25,,,0,70,,68970,25,,,0,30,,68971,25,,,0,70,,68972,25,,,0,30,,68973,25,,,0,70,,68974,25,,,0,30,,68975,25,,,0,71,,68976,25,,,0,31,,68977,25,,,0,73,,68978,25,,,0,29,,68979,25,,,0,68,,68980,25,,,0,28,,68981,25,,,0,70,,68982,25,,,0,29,,68983,25,,,0,70,,68984,25,,,0,100,,68985,25,,,0,100,,68986,25,,,0,100,,68987,25,,,0,100,,68988,25,,,0,100,,68989,25,,,0
7203,'20260401',647,,118333,25,,,0,71,,118334,25,,,0,33,,118335,25,,,0,70,,118336,25,,,0,28,,118337,25,,,0,69,,118338,25,,,0,29,,118339,25,,,0,70,,118340,25,,,0,30,,118341,25,,,0,70,,118342,25,,,0,30,,118343,25,,,0,70,,118344,25,,,0,30,,118345,25,,,0,70,,118346,25,,,0,30,,118347,25,,,0,70,,118348,25,,,0,30,,118349,25,,,0,71,,118350,25,,,0,31,,118351,25,,,0,73,,118352,25,,,0,29,,118353,25,,,0,68,,118354,25,,,0,28,,118355,25,,,0,70,,118356,25,,,0,29,,118357,25,,,0,70,,118358,25,,,0,100,,118359,25,,,0,100,,118360,25,,,0,100,,118361,25,,,0,100,,118362,25,,,0,100,,118363,25,,,0
7203,'20260402',647,,118364,25,,,0,71,,118365,25,,,0,33,,118366,25,,,0,70,,118367,25,,,0,28,,118368,25,,,0,69,,118369,25,,,0,29,,118370,25,,,0,70,,118371,25,,,0,30,,118372,25,,,0,70,,118373,25,,,0,30,,118374,25,,,0,70,,118375,25,,,0,30,,118376,25,,,0,70,,118377,25,,,0,30,,118378,25,,,0,70,,118379,25,,,0,30,,118380,25,,,0,71,,118381,25,,,0,31,,118382,25,,,0,73,,118383,25,,,0,29,,118384,25,,,0,68,,118385,25,,,0,28,,118386,25,,,0,70,,118387,25,,,0,29,,118388,25,,,0,70,,118389,25,,,0,100,,118390,25,,,0,100,,118391,25,,,0,100,,118392,25,,,0,100,,118393,25,,,0,100,,118394,25,,,0
7203,'20260403',716,,118395,25,,,0,100,,118396,25,,,0,100,,118397,25,,,0,100,,118398,25,,,0,100,,118399,25,,,0,100,,118400,25,,,0,101,,118401,25,,,0,100,,118402,25,,,0,100,,118403,25,,,0,100,,118404,25,,,0,100,,118405,25,,,0,100,,118406,25,,,0,99,,118407,25,,,0,100,,118408,25,,,0,100,,118409,25,,,0,99,,118410,25,,,0,100,,118411,25,,,0,100,,118412,25,,,0,30,,118413,25,,,0
7203,'20260404',716,,118414,25,,,0,100,,118415,25,,,0,100,,118416,25,,,0,100,,118417,25,,,0,100,,118418,25,,,0,100,,118419,25,,,0,101,,118420,25,,,0,100,,118421,25,,,0,100,,118422,25,,,0,100,,118423,25,,,0,100,,118424,25,,,0,100,,118425,25,,,0,99,,118426,25,,,0,100,,118427,25,,,0,100,,118428,25,,,0,99,,118429,25,,,0,100,,118430,25,,,0,100,,118431,25,,,0,30,,118432,25,,,0
7203,'20260405',716,,118433,25,,,0,100,,118434,25,,,0,100,,118435,25,,,0,100,,118436,25,,,0,100,,118437,25,,,0,100,,118438,25,,,0,101,,118439,25,,,0,100,,118440,25,,,0,100,,118441,25,,,0,100,,118442,25,,,0,100,,118443,25,,,0,100,,118449,25,,,0,99,,118450,25,,,0,100,,118444,25,,,0,100,,118445,25,,,0,99,,118446,25,,,0,100,,118447,25,,,0,100,,118448,25,,,0,30,,118451,25,,,0
7203,'20260406',716,,118452,25,,,0,100,,118453,25,,,0,100,,118454,25,,,0,100,,118455,25,,,0,100,,118456,25,,,0,100,,118457,25,,,0,101,,118458,25,,,0,100,,118459,25,,,0,100,,118460,25,,,0,100,,118461,25,,,0,100,,118462,25,,,0,100,,118468,25,,,0,99,,118469,25,,,0,100,,118463,25,,,0,100,,118464,25,,,0,99,,118465,25,,,0,100,,118466,25,,,0,100,,118467,25,,,0,30,,118470,25,,,0
27300,'20260323',1610,,126173,25,4,,0,34,,126174,25,4,,0,69,,126175,25,4,,0,37,,126176,25,4,,0
27300,'20260324',1610,,126177,25,4,,0,34,,126178,25,4,,0,69,,126179,25,4,,0,37,,126180,25,4,,0
27300,'20260325',1610,,126181,25,4,,0,34,,126182,25,4,,0,69,,126183,25,4,,0,37,,126184,25,4,,0
27300,'20260326',1610,,126185,25,4,,0,34,,126186,25,4,,0,69,,126187,25,4,,0,37,,126188,25,4,,0
27300,'20260327',1610,,126189,25,4,,0,34,,126190,25,4,,0,69,,126191,25,4,,0,37,,126192,25,4,,0
27300,'20260330',1610,,80023,25,4,,0,34,,80024,25,4,,0,69,,80025,25,4,,0,37,,80026,25,4,,0
27300,'20260331',1610,,80027,25,4,,0,34,,80028,25,4,,0,69,,80029,25,4,,0,37,,80030,25,4,,0
27300,'20260401',1610,,126193,25,4,,0,34,,126194,25,4,,0,69,,126195,25,4,,0,37,,126196,25,4,,0
27300,'20260402',1610,,126197,25,4,,0,34,,126198,25,4,,0,69,,126199,25,4,,0,37,,126200,25,4,,0
37200,'20260323',1237,,127552,18,4,,0,407,,127553,18,4,,0,97,,127554,18,4,,0,102,,127555,18,4,,0
37200,'20260324',1237,,127556,18,4,,0,407,,127557,18,4,,0,97,,127558,18,4,,0,102,,127559,18,4,,0
37200,'20260325',1237,,127560,18,4,,0,407,,127561,18,4,,0,97,,127562,18,4,,0,102,,127563,18,4,,0
37200,'20260326',1237,,127564,18,4,,0,407,,127565,18,4,,0,97,,127566,18,4,,0,102,,127567,18,4,,0
37200,'20260327',1237,,127568,18,4,,0,407,,127569,18,4,,0,97,,127570,18,4,,0,102,,127571,18,4,,0
37200,'20260330',1237,,82214,18,4,,0,407,,82215,18,4,,0,97,,82216,18,4,,0,102,,82217,18,4,,0
37200,'20260331',1237,,82218,18,4,,0,407,,82219,18,4,,0,97,,82220,18,4,,0,102,,82221,18,4,,0
37200,'20260401',1237,,127572,18,4,,0,407,,127573,18,4,,0,97,,127574,18,4,,0,102,,127575,18,4,,0
37200,'20260402',1237,,127576,18,4,,0,407,,127577,18,4,,0,97,,127578,18,4,,0,102,,127579,18,4,,0
57200,'20260323',1605,,128355,16,4,,0,43,,128356,16,4,,0,76,,128357,16,4,,0,26,,128358,16,4,,0
57200,'20260324',1605,,128359,16,4,,0,43,,128360,16,4,,0,76,,128361,16,4,,0,26,,128362,16,4,,0
57200,'20260325',1605,,128363,16,4,,0,43,,128364,16,4,,0,76,,128365,16,4,,0,26,,128366,16,4,,0
57200,'20260326',1605,,128367,16,4,,0,43,,128368,16,4,,0,76,,128369,16,4,,0,26,,128370,16,4,,0
57200,'20260327',1605,,128371,16,4,,0,43,,128372,16,4,,0,76,,128373,16,4,,0,26,,128374,16,4,,0
57200,'20260330',1605,,83487,16,4,,0,43,,83484,16,4,,0,76,,83485,16,4,,0,26,,83486,16,4,,0
57200,'20260331',1605,,83491,16,4,,0,43,,83488,16,4,,0,76,,83489,16,4,,0,26,,83490,16,4,,0
57200,'20260401',1605,,128378,16,4,,0,43,,128375,16,4,,0,76,,128376,16,4,,0,26,,128377,16,4,,0
57200,'20260402',1605,,128382,16,4,,0,43,,128379,16,4,,0,76,,128380,16,4,,0,26,,128381,16,4,,0
97203,'20260327',2606,,143210,36,,,0
97203,'20260328',2606,,102984,36,,,0
97203,'20260403',2606,,143211,36,,,0
97203,'20260404',2606,,143212,36,,,0
