8600,'20260331',708,,164618,48,,,0,30,,164619,48,,,0,69,,164620,48,,,0,28,,164621,48,,,0,104,,164622,48,,,0,100,,164623,48,,,0,98,,164624,48,,,0,100,,164625,48,,,0,70,,164626,48,,,0,31,,164627,48,,,0,100,,164628,48,,,0,100,,164629,48,,,0,20,,164636,52,,,0,50,,164637,52,,,0,46,,164638,52,,,0,78,,164639,52,,,0,75,,164640,52,,,0,30,,164630,48,,,0,101,,164631,48,,,0,101,,164632,48,,,0,100,,164633,48,,,0,100,,164634,48,,,0,101,,164635,48,,,0
8600,'20260401',708,,164641,48,,,0,30,,164642,48,,,0,69,,164643,48,,,0,28,,164644,48,,,0,104,,164645,48,,,0,100,,164646,48,,,0,98,,164647,48,,,0,100,,164648,48,,,0,70,,164649,48,,,0,31,,164650,48,,,0,100,,164651,48,,,0,100,,164652,48,,,0,20,,164659,52,,,0,50,,164660,52,,,0,46,,164661,52,,,0,78,,164662,52,,,0,75,,164663,52,,,0,30,,164653,48,,,0,101,,164654,48,,,0,101,,164655,48,,,0,100,,164656,48,,,0,100,,164657,48,,,0,101,,164658,48,,,0
8600,'20260402',708,,164664,48,,,0,30,,164665,48,,,0,69,,164666,48,,,0,28,,164667,48,,,0,104,,164668,48,,,0,100,,164669,48,,,0,98,,164670,48,,,0,100,,164671,48,,,0,70,,164672,48,,,0,31,,164673,48,,,0,100,,164674,48,,,0,100,,164675,48,,,0,20,,164682,52,,,0,50,,164683,52,,,0,46,,164684,52,,,0,78,,164685,52,,,0,75,,164686,52,,,0,30,,164676,48,,,0,101,,164677,48,,,0,101,,164678,48,,,0,100,,164679,48,,,0,100,,164680,48,,,0,101,,164681,48,,,0
8600,'20260403',739,,164687,48,,,0,100,,164688,48,,,0,100,,164689,48,,,0,100,,164690,48,,,0,100,,164691,48,,,0,99,,164692,48,,,0,100,,164693,48,,,0,99,,164694,48,,,0,100,,164695,48,,,0,100,,164696,48,,,0,100,,164697,48,,,0,101,,164698,48,,,0,100,,164699,48,,,0,101,,164700,48,,,0,100,,164701,48,,,0,101,,164702,48,,,0,101,,164703,48,,,0,100,,164704,48,,,0
8600,'20260404',739,,122315,48,,,0,100,,122324,48,,,0,100,,122319,48,,,0,100,,122325,48,,,0,100,,122320,48,,,0,99,,122326,48,,,0,100,,122321,48,,,0,99,,122327,48,,,0,100,,122322,48,,,0,100,,122328,48,,,0,100,,122323,48,,,0,101,,122329,48,,,0,100,,122316,48,,,0,101,,122330,48,,,0,100,,122318,48,,,0,101,,122331,48,,,0,101,,122317,48,,,0,100,,122332,48,,,0
8600,'20260405',739,,122333,48,,,0,100,,122342,48,,,0,100,,122334,48,,,0,100,,122343,48,,,0,100,,122335,48,,,0,99,,122344,48,,,0,100,,122336,48,,,0,99,,122345,48,,,0,100,,122337,48,,,0,100,,122346,48,,,0,100,,122338,48,,,0,101,,122347,48,,,0,100,,122339,48,,,0,101,,122348,48,,,0,100,,122340,48,,,0,101,,122349,48,,,0,101,,122341,48,,,0,100,,122350,48,,,0
8600,'20260406',739,,122351,48,,,0,100,,122360,48,,,0,100,,122352,48,,,0,100,,122361,48,,,0,100,,122353,48,,,0,99,,122362,48,,,0,100,,122354,48,,,0,99,,122363,48,,,0,100,,122355,48,,,0,100,,122364,48,,,0,100,,122356,48,,,0,101,,122365,48,,,0,100,,122357,48,,,0,101,,122366,48,,,0,100,,122358,48,,,0,101,,122367,48,,,0,101,,122359,48,,,0,100,,122368,48,,,0
8600,'20260407',708,,164706,48,,,0,30,,164705,48,,,0,69,,164707,48,,,0,28,,164708,48,,,0,104,,164709,48,,,0,100,,164722,48,,,0,98,,164711,48,,,0,100,,164712,48,,,0,70,,164727,48,,,0,31,,164713,48,,,0,100,,164723,48,,,0,100,,164710,48,,,0,20,,164714,52,,,0,50,,164715,52,,,0,46,,164716,52,,,0,78,,164717,52,,,0,75,,164718,52,,,0,30,,164724,48,,,0,101,,164719,48,,,0,101,,164725,48,,,0,100,,164720,48,,,0,100,,164726,48,,,0,101,,164721,48,,,0
8600,'20260408',708,,164729,48,,,0,30,,164728,48,,,0,69,,164730,48,,,0,28,,164731,48,,,0,104,,164732,48,,,0,100,,164745,48,,,0,98,,164734,48,,,0,100,,164735,48,,,0,70,,164750,48,,,0,31,,164736,48,,,0,100,,164746,48,,,0,100,,164733,48,,,0,20,,164737,52,,,0,50,,164738,52,,,0,46,,164739,52,,,0,78,,164740,52,,,0,75,,164741,52,,,0,30,,164747,48,,,0,101,,164742,48,,,0,101,,164748,48,,,0,100,,164743,48,,,0,100,,164749,48,,,0,101,,164744,48,,,0
8600,'20260409',708,,164752,48,,,0,30,,164751,48,,,0,69,,164753,48,,,0,28,,164754,48,,,0,104,,164755,48,,,0,100,,164768,48,,,0,98,,164757,48,,,0,100,,164758,48,,,0,70,,164773,48,,,0,31,,164759,48,,,0,100,,164769,48,,,0,100,,164756,48,,,0,20,,164760,52,,,0,50,,164761,52,,,0,46,,164762,52,,,0,78,,164763,52,,,0,75,,164764,52,,,0,30,,164770,48,,,0,101,,164765,48,,,0,101,,164771,48,,,0,100,,164766,48,,,0,100,,164772,48,,,0,101,,164767,48,,,0
8600,'20260410',708,,164775,48,,,0,30,,164774,48,,,0,69,,164776,48,,,0,28,,164777,48,,,0,104,,164778,48,,,0,100,,164791,48,,,0,98,,164780,48,,,0,100,,164781,48,,,0,70,,164796,48,,,0,31,,164782,48,,,0,100,,164792,48,,,0,100,,164779,48,,,0,20,,164783,52,,,0,50,,164784,52,,,0,46,,164785,52,,,0,78,,164786,52,,,0,75,,164787,52,,,0,30,,164793,48,,,0,101,,164788,48,,,0,101,,164794,48,,,0,100,,164789,48,,,0,100,,164795,48,,,0,101,,164790,48,,,0
8600,'20260411',739,,164797,48,,,0,100,,164806,48,,,0,100,,164801,48,,,0,100,,164807,48,,,0,100,,164802,48,,,0,99,,164808,48,,,0,100,,164803,48,,,0,99,,164809,48,,,0,100,,164804,48,,,0,100,,164810,48,,,0,100,,164805,48,,,0,101,,164811,48,,,0,100,,164798,48,,,0,101,,164812,48,,,0,100,,164800,48,,,0,101,,164813,48,,,0,101,,164799,48,,,0,100,,164814,48,,,0
8600,'20260412',739,,164815,48,,,0,100,,164824,48,,,0,100,,164816,48,,,0,100,,164825,48,,,0,100,,164817,48,,,0,99,,164826,48,,,0,100,,164818,48,,,0,99,,164827,48,,,0,100,,164819,48,,,0,100,,164828,48,,,0,100,,164820,48,,,0,101,,164829,48,,,0,100,,164821,48,,,0,101,,164830,48,,,0,100,,164822,48,,,0,101,,164831,48,,,0,101,,164823,48,,,0,100,,164832,48,,,0
8600,'20260413',708,,164834,48,,,0,30,,164833,48,,,0,69,,164835,48,,,0,28,,164836,48,,,0,104,,164837,48,,,0,100,,164850,48,,,0,98,,164839,48,,,0,100,,164840,48,,,0,70,,164855,48,,,0,31,,164841,48,,,0,100,,164851,48,,,0,100,,164838,48,,,0,20,,164842,52,,,0,50,,164843,52,,,0,46,,164844,52,,,0,78,,164845,52,,,0,75,,164846,52,,,0,30,,164852,48,,,0,101,,164847,48,,,0,101,,164853,48,,,0,100,,164848,48,,,0,100,,164854,48,,,0,101,,164849,48,,,0
8600,'20260414',708,,164857,48,,,0,30,,164856,48,,,0,69,,164858,48,,,0,28,,164859,48,,,0,104,,164860,48,,,0,100,,164873,48,,,0,98,,164862,48,,,0,100,,164863,48,,,0,70,,164878,48,,,0,31,,164864,48,,,0,100,,164874,48,,,0,100,,164861,48,,,0,20,,164865,52,,,0,50,,164866,52,,,0,46,,164867,52,,,0,78,,164868,52,,,0,75,,164869,52,,,0,30,,164875,48,,,0,101,,164870,48,,,0,101,,164876,48,,,0,100,,164871,48,,,0,100,,164877,48,,,0,101,,164872,48,,,0
27901,'20260331',641,,169559,36,,,0,84,,169560,36,,,0,75,,169561,36,,,0,22,,169562,36,,,0
27901,'20260401',641,,169563,36,,,0,84,,169564,36,,,0,75,,169565,36,,,0,22,,169566,36,,,0
27901,'20260402',641,,169567,36,,,0,84,,169568,36,,,0,75,,169569,36,,,0,22,,169570,36,,,0
27901,'20260407',641,,169574,36,,,0,84,,169572,36,,,0,75,,169573,36,,,0,22,,169571,36,,,0
27901,'20260408',641,,169578,36,,,0,84,,169576,36,,,0,75,,169577,36,,,0,22,,169575,36,,,0
27901,'20260409',641,,169582,36,,,0,84,,169580,36,,,0,75,,169581,36,,,0,22,,169579,36,,,0
27901,'20260410',641,,169586,36,,,0,84,,169584,36,,,0,75,,169585,36,,,0,22,,169583,36,,,0
27901,'20260413',641,,169590,36,,,0,84,,169588,36,,,0,75,,169589,36,,,0,22,,169587,36,,,0
27901,'20260414',641,,169594,36,,,0,84,,169592,36,,,0,75,,169593,36,,,0,22,,169591,36,,,0
7008600,'20260331',834,,189122,27,,,0
7008600,'20260401',834,,189124,27,,,0
7008600,'20260402',834,,189126,27,,,0
7008600,'20260408',834,,189128,27,,,0
7008600,'20260409',834,,189129,27,,,0
7008600,'20260410',834,,189130,27,,,0
7008600,'20260413',834,,189131,27,,,0
7008600,'20260414',834,,189132,27,,,0
