2503,'20260308',720,,7705,50,,,0,100,,7706,50,,,0,99,,7707,50,,,0,100,,7708,50,,,0,99,,7709,50,,,0,100,,7710,50,,,0,98,,7711,50,,,0,100,,7712,50,,,0,103,,7713,50,,,0,99,,7714,50,,,0,103,,7715,50,,,0,98,,7716,50,,,0,100,,7717,50,,,0,101,,7718,50,,,0,101,,7719,50,,,0,100,,7720,50,,,0,100,,7721,50,,,0,108,,7722,50,,,0
2503,'20260309',709,,7723,50,,,0,33,,7724,50,,,0,16,,7725,50,,,0,61,,7726,50,,,0,8,,7727,50,,,0,13,,7728,50,,,0,67,,7729,50,,,0,30,,7730,50,,,0,70,,7731,50,,,0,28,,7732,50,,,0,72,,7733,50,,,0,30,,7734,50,,,0,70,,7735,50,,,0,31,,7736,50,,,0,69,,7737,50,,,0,30,,7738,50,,,0,70,,7739,50,,,0,29,,7740,50,,,0,68,,7741,50,,,0,32,,7742,50,,,0,11,,7758,31,,,0,4,,7759,31,,,0,3,,7743,50,,,0,54,,7744,50,,,0,16,,7745,50,,,0,16,,7746,50,,,0,18,,7747,50,,,0,60,,7748,50,,,0,18,,7749,50,,,0,20,,7750,50,,,0,84,,7751,50,,,0,98,,7752,50,,,0,101,,7753,50,,,0,100,,7754,50,,,0,100,,7755,50,,,0,100,,7756,50,,,0,101,,7757,50,,,0
2503,'20260310',709,,7760,50,,,0,33,,7761,50,,,0,16,,7762,50,,,0,61,,7763,50,,,0,8,,7764,50,,,0,13,,7765,50,,,0,67,,7766,50,,,0,30,,7767,50,,,0,70,,7768,50,,,0,28,,7769,50,,,0,72,,7770,50,,,0,30,,7771,50,,,0,70,,7772,50,,,0,31,,7773,50,,,0,69,,7774,50,,,0,30,,7775,50,,,0,70,,7776,50,,,0,29,,7777,50,,,0,68,,7778,50,,,0,32,,7779,50,,,0,11,,7795,31,,,0,4,,7796,31,,,0,3,,7780,50,,,0,54,,7781,50,,,0,16,,7782,50,,,0,16,,7783,50,,,0,18,,7784,50,,,0,60,,7785,50,,,0,18,,7786,50,,,0,20,,7787,50,,,0,84,,7788,50,,,0,98,,7789,50,,,0,101,,7790,50,,,0,100,,7791,50,,,0,100,,7792,50,,,0,100,,7793,50,,,0,101,,7794,50,,,0
2503,'20260311',709,,7797,50,,,0,33,,7798,50,,,0,16,,7799,50,,,0,61,,7800,50,,,0,8,,7801,50,,,0,13,,7802,50,,,0,67,,7803,50,,,0,30,,7804,50,,,0,70,,7805,50,,,0,28,,7806,50,,,0,72,,7807,50,,,0,30,,7808,50,,,0,70,,7809,50,,,0,31,,7810,50,,,0,69,,7811,50,,,0,30,,7812,50,,,0,70,,7813,50,,,0,29,,7814,50,,,0,68,,7815,50,,,0,32,,7816,50,,,0,11,,7832,31,,,0,4,,7833,31,,,0,3,,7817,50,,,0,54,,7818,50,,,0,16,,7819,50,,,0,16,,7820,50,,,0,18,,7821,50,,,0,60,,7822,50,,,0,18,,7823,50,,,0,20,,7824,50,,,0,84,,7825,50,,,0,98,,7826,50,,,0,101,,7827,50,,,0,100,,7828,50,,,0,100,,7829,50,,,0,100,,7830,50,,,0,101,,7831,50,,,0
2503,'20260312',709,,7834,50,,,0,33,,7835,50,,,0,16,,7836,50,,,0,61,,7837,50,,,0,8,,7838,50,,,0,13,,7839,50,,,0,67,,7840,50,,,0,30,,7841,50,,,0,70,,7842,50,,,0,28,,7843,50,,,0,72,,7844,50,,,0,30,,7845,50,,,0,70,,7846,50,,,0,31,,7847,50,,,0,69,,7848,50,,,0,30,,7849,50,,,0,70,,7850,50,,,0,29,,7851,50,,,0,68,,7852,50,,,0,32,,7853,50,,,0,11,,7869,31,,,0,4,,7870,31,,,0,3,,7854,50,,,0,54,,7855,50,,,0,16,,7856,50,,,0,16,,7857,50,,,0,18,,7858,50,,,0,60,,7859,50,,,0,18,,7860,50,,,0,20,,7861,50,,,0,84,,7862,50,,,0,98,,7863,50,,,0,101,,7864,50,,,0,100,,7865,50,,,0,100,,7866,50,,,0,100,,7867,50,,,0,101,,7868,50,,,0
2503,'20260313',709,,7871,50,,,0,33,,7872,50,,,0,16,,7873,50,,,0,61,,7874,50,,,0,8,,7875,50,,,0,13,,7876,50,,,0,67,,7877,50,,,0,30,,7878,50,,,0,70,,7879,50,,,0,28,,7880,50,,,0,72,,7881,50,,,0,30,,7882,50,,,0,70,,7883,50,,,0,31,,7884,50,,,0,69,,7885,50,,,0,30,,7886,50,,,0,70,,7887,50,,,0,29,,7888,50,,,0,68,,7889,50,,,0,32,,7890,50,,,0,11,,7906,31,,,0,4,,7907,31,,,0,3,,7891,50,,,0,54,,7892,50,,,0,16,,7893,50,,,0,16,,7894,50,,,0,18,,7895,50,,,0,60,,7896,50,,,0,18,,7897,50,,,0,20,,7898,50,,,0,84,,7899,50,,,0,98,,7900,50,,,0,101,,7901,50,,,0,100,,7902,50,,,0,100,,7903,50,,,0,100,,7904,50,,,0,101,,7905,50,,,0
2503,'20260314',720,,7908,50,,,0,100,,7909,50,,,0,99,,7910,50,,,0,100,,7911,50,,,0,99,,7912,50,,,0,100,,7913,50,,,0,98,,7914,50,,,0,100,,7915,50,,,0,103,,7916,50,,,0,99,,7917,50,,,0,103,,7918,50,,,0,98,,7919,50,,,0,100,,7920,50,,,0,101,,7921,50,,,0,101,,7922,50,,,0,100,,7923,50,,,0,100,,7924,50,,,0,108,,7925,50,,,0
2503,'20260315',720,,7926,50,,,0,100,,7927,50,,,0,99,,7928,50,,,0,100,,7929,50,,,0,99,,7930,50,,,0,100,,7931,50,,,0,98,,7932,50,,,0,100,,7933,50,,,0,103,,7934,50,,,0,99,,7935,50,,,0,103,,7936,50,,,0,98,,7937,50,,,0,100,,7938,50,,,0,101,,7939,50,,,0,101,,7940,50,,,0,100,,7941,50,,,0,100,,7942,50,,,0,108,,7943,50,,,0
2503,'20260316',709,,7944,50,,,0,33,,7945,50,,,0,16,,7946,50,,,0,61,,7947,50,,,0,8,,7948,50,,,0,13,,7949,50,,,0,67,,7950,50,,,0,30,,7958,50,,,0,70,,7959,50,,,0,28,,7960,50,,,0,72,,7961,50,,,0,30,,7962,50,,,0,70,,7963,50,,,0,31,,7964,50,,,0,69,,7965,50,,,0,30,,7966,50,,,0,70,,7967,50,,,0,29,,7968,50,,,0,68,,7969,50,,,0,32,,7951,50,,,0,11,,7980,31,,,0,4,,7979,31,,,0,3,,7977,50,,,0,54,,7952,50,,,0,16,,7978,50,,,0,16,,7953,50,,,0,18,,7957,50,,,0,60,,7954,50,,,0,18,,7955,50,,,0,20,,7956,50,,,0,84,,7970,50,,,0,98,,7971,50,,,0,101,,7972,50,,,0,100,,7973,50,,,0,100,,7974,50,,,0,100,,7975,50,,,0,101,,7976,50,,,0
2503,'20260317',709,,7981,50,,,0,33,,7982,50,,,0,16,,7983,50,,,0,61,,7984,50,,,0,8,,7985,50,,,0,13,,7986,50,,,0,67,,7987,50,,,0,30,,7995,50,,,0,70,,7996,50,,,0,28,,7997,50,,,0,72,,7998,50,,,0,30,,7999,50,,,0,70,,8000,50,,,0,31,,8001,50,,,0,69,,8002,50,,,0,30,,8003,50,,,0,70,,8004,50,,,0,29,,8005,50,,,0,68,,8006,50,,,0,32,,7988,50,,,0,11,,8017,31,,,0,4,,8016,31,,,0,3,,8014,50,,,0,54,,7989,50,,,0,16,,8015,50,,,0,16,,7990,50,,,0,18,,7994,50,,,0,60,,7991,50,,,0,18,,7992,50,,,0,20,,7993,50,,,0,84,,8007,50,,,0,98,,8008,50,,,0,101,,8009,50,,,0,100,,8010,50,,,0,100,,8011,50,,,0,100,,8012,50,,,0,101,,8013,50,,,0
2503,'20260318',709,,8018,50,,,0,33,,8019,50,,,0,16,,8020,50,,,0,61,,8021,50,,,0,8,,8022,50,,,0,13,,8023,50,,,0,67,,8024,50,,,0,30,,8032,50,,,0,70,,8033,50,,,0,28,,8034,50,,,0,72,,8035,50,,,0,30,,8036,50,,,0,70,,8037,50,,,0,31,,8038,50,,,0,69,,8039,50,,,0,30,,8040,50,,,0,70,,8041,50,,,0,29,,8042,50,,,0,68,,8043,50,,,0,32,,8025,50,,,0,11,,8054,31,,,0,4,,8053,31,,,0,3,,8051,50,,,0,54,,8026,50,,,0,16,,8052,50,,,0,16,,8027,50,,,0,18,,8031,50,,,0,60,,8028,50,,,0,18,,8029,50,,,0,20,,8030,50,,,0,84,,8044,50,,,0,98,,8045,50,,,0,101,,8046,50,,,0,100,,8047,50,,,0,100,,8048,50,,,0,100,,8049,50,,,0,101,,8050,50,,,0
2503,'20260319',709,,8055,50,,,0,33,,8056,50,,,0,16,,8057,50,,,0,61,,8058,50,,,0,8,,8059,50,,,0,13,,8060,50,,,0,67,,8061,50,,,0,30,,8069,50,,,0,70,,8070,50,,,0,28,,8071,50,,,0,72,,8072,50,,,0,30,,8073,50,,,0,70,,8074,50,,,0,31,,8075,50,,,0,69,,8076,50,,,0,30,,8077,50,,,0,70,,8078,50,,,0,29,,8079,50,,,0,68,,8080,50,,,0,32,,8062,50,,,0,11,,8091,31,,,0,4,,8090,31,,,0,3,,8088,50,,,0,54,,8063,50,,,0,16,,8089,50,,,0,16,,8064,50,,,0,18,,8068,50,,,0,60,,8065,50,,,0,18,,8066,50,,,0,20,,8067,50,,,0,84,,8081,50,,,0,98,,8082,50,,,0,101,,8083,50,,,0,100,,8084,50,,,0,100,,8085,50,,,0,100,,8086,50,,,0,101,,8087,50,,,0
2503,'20260320',709,,8092,50,,,0,33,,8093,50,,,0,16,,8094,50,,,0,61,,8095,50,,,0,8,,8096,50,,,0,13,,8097,50,,,0,67,,8098,50,,,0,30,,8106,50,,,0,70,,8107,50,,,0,28,,8108,50,,,0,72,,8109,50,,,0,30,,8110,50,,,0,70,,8111,50,,,0,31,,8112,50,,,0,69,,8113,50,,,0,30,,8114,50,,,0,70,,8115,50,,,0,29,,8116,50,,,0,68,,8117,50,,,0,32,,8099,50,,,0,11,,8128,31,,,0,4,,8127,31,,,0,3,,8125,50,,,0,54,,8100,50,,,0,16,,8126,50,,,0,16,,8101,50,,,0,18,,8105,50,,,0,60,,8102,50,,,0,18,,8103,50,,,0,20,,8104,50,,,0,84,,8118,50,,,0,98,,8119,50,,,0,101,,8120,50,,,0,100,,8121,50,,,0,100,,8122,50,,,0,100,,8123,50,,,0,101,,8124,50,,,0
92503,'20260313',2552,,47052,45,,,0,170,,47053,45,,,0
92503,'20260314',2552,,47055,45,,,0,170,,47054,45,,,0
92503,'20260320',2552,,47056,45,,,0,170,,47057,45,,,0
