7901,'20260317',611,,70652,29,,,0,25,,70653,29,,,0,73,,70654,29,,,0,30,,70655,29,,,0,70,,70656,29,,,0,30,,70657,29,,,0,101,,70658,29,,,0,99,,70659,29,,,0,100,,70660,29,,,0,100,,70661,29,,,0,100,,70662,29,,,0,100,,70663,29,,,0,100,,70664,29,,,0,100,,70665,29,,,0,70,,70666,29,,,0,30,,70667,29,,,0,100,,70668,29,,,0,100,,70669,29,,,0,100,,70670,29,,,0,101,,70671,29,,,0,100,,70672,29,,,0,100,,70673,29,,,0
7901,'20260318',611,,70674,29,,,0,25,,70675,29,,,0,73,,70676,29,,,0,30,,70677,29,,,0,70,,70678,29,,,0,30,,70679,29,,,0,101,,70680,29,,,0,99,,70681,29,,,0,100,,70682,29,,,0,100,,70683,29,,,0,100,,70684,29,,,0,100,,70685,29,,,0,100,,70686,29,,,0,100,,70687,29,,,0,70,,70688,29,,,0,30,,70689,29,,,0,100,,70690,29,,,0,100,,70691,29,,,0,100,,70692,29,,,0,101,,70693,29,,,0,100,,70694,29,,,0,100,,70695,29,,,0
7901,'20260319',611,,70696,29,,,0,25,,70697,29,,,0,73,,70698,29,,,0,30,,70699,29,,,0,70,,70700,29,,,0,30,,70701,29,,,0,101,,70702,29,,,0,99,,70703,29,,,0,100,,70704,29,,,0,100,,70705,29,,,0,100,,70706,29,,,0,100,,70707,29,,,0,100,,70708,29,,,0,100,,70709,29,,,0,70,,70710,29,,,0,30,,70711,29,,,0,100,,70712,29,,,0,100,,70713,29,,,0,100,,70714,29,,,0,101,,70715,29,,,0,100,,70716,29,,,0,100,,70717,29,,,0
7901,'20260320',611,,70718,29,,,0,25,,70719,29,,,0,73,,70720,29,,,0,30,,70721,29,,,0,70,,70722,29,,,0,30,,70723,29,,,0,101,,70724,29,,,0,99,,70725,29,,,0,100,,70726,29,,,0,100,,70727,29,,,0,100,,70728,29,,,0,100,,70729,29,,,0,100,,70730,29,,,0,100,,70731,29,,,0,70,,70732,29,,,0,30,,70733,29,,,0,100,,70734,29,,,0,100,,70735,29,,,0,100,,70736,29,,,0,101,,70737,29,,,0,100,,70738,29,,,0,100,,70739,29,,,0
7901,'20260321',740,,70743,29,,,0,100,,70744,29,,,0,100,,70745,29,,,0,100,,70749,29,,,0,100,,70750,29,,,0,100,,70740,29,,,0,100,,70751,29,,,0,100,,70748,29,,,0,100,,70752,29,,,0,100,,70746,29,,,0,70,,70757,29,,,0,30,,70753,29,,,0,100,,70741,29,,,0,100,,70754,29,,,0,100,,70747,29,,,0,100,,70755,29,,,0,100,,70742,29,,,0,100,,70756,29,,,0
7901,'20260322',740,,70763,29,,,0,100,,70762,29,,,0,100,,70758,29,,,0,100,,70767,29,,,0,100,,70768,29,,,0,100,,70760,29,,,0,100,,70769,29,,,0,100,,70766,29,,,0,100,,70771,29,,,0,100,,70764,29,,,0,70,,70775,29,,,0,30,,70772,29,,,0,100,,70759,29,,,0,100,,70773,29,,,0,100,,70765,29,,,0,100,,70774,29,,,0,100,,70761,29,,,0,100,,70770,29,,,0
7901,'20260323',611,,70776,29,,,0,25,,70777,29,,,0,73,,70778,29,,,0,30,,70779,29,,,0,70,,70780,29,,,0,30,,70781,29,,,0,101,,70782,29,,,0,99,,70783,29,,,0,100,,70784,29,,,0,100,,70785,29,,,0,100,,70786,29,,,0,100,,70787,29,,,0,100,,70794,29,,,0,100,,70788,29,,,0,70,,70797,29,,,0,30,,70795,29,,,0,100,,70789,29,,,0,100,,70790,29,,,0,100,,70791,29,,,0,101,,70796,29,,,0,100,,70792,29,,,0,100,,70793,29,,,0
7901,'20260324',611,,70798,29,,,0,25,,70799,29,,,0,73,,70800,29,,,0,30,,70801,29,,,0,70,,70802,29,,,0,30,,70803,29,,,0,101,,70804,29,,,0,99,,70805,29,,,0,100,,70806,29,,,0,100,,70807,29,,,0,100,,70808,29,,,0,100,,70809,29,,,0,100,,70816,29,,,0,100,,70810,29,,,0,70,,70819,29,,,0,30,,70817,29,,,0,100,,70811,29,,,0,100,,70812,29,,,0,100,,70813,29,,,0,101,,70818,29,,,0,100,,70814,29,,,0,100,,70815,29,,,0
7901,'20260325',611,,70820,29,,,0,25,,70821,29,,,0,73,,70822,29,,,0,30,,70823,29,,,0,70,,70824,29,,,0,30,,70825,29,,,0,101,,70826,29,,,0,99,,70827,29,,,0,100,,70828,29,,,0,100,,70829,29,,,0,100,,70830,29,,,0,100,,70831,29,,,0,100,,70838,29,,,0,100,,70832,29,,,0,70,,70841,29,,,0,30,,70839,29,,,0,100,,70833,29,,,0,100,,70834,29,,,0,100,,70835,29,,,0,101,,70840,29,,,0,100,,70836,29,,,0,100,,70837,29,,,0
7901,'20260326',611,,70842,29,,,0,25,,70843,29,,,0,73,,70844,29,,,0,30,,70845,29,,,0,70,,70846,29,,,0,30,,70847,29,,,0,101,,70848,29,,,0,99,,70849,29,,,0,100,,70850,29,,,0,100,,70851,29,,,0,100,,70852,29,,,0,100,,70853,29,,,0,100,,70860,29,,,0,100,,70854,29,,,0,70,,70863,29,,,0,30,,70861,29,,,0,100,,70855,29,,,0,100,,70856,29,,,0,100,,70857,29,,,0,101,,70862,29,,,0,100,,70858,29,,,0,100,,70859,29,,,0
7901,'20260327',611,,70864,29,,,0,25,,70865,29,,,0,73,,70866,29,,,0,30,,70867,29,,,0,70,,70868,29,,,0,30,,70869,29,,,0,101,,70870,29,,,0,99,,70871,29,,,0,100,,70872,29,,,0,100,,70873,29,,,0,100,,70874,29,,,0,100,,70875,29,,,0,100,,70882,29,,,0,100,,70876,29,,,0,70,,70885,29,,,0,30,,70883,29,,,0,100,,70877,29,,,0,100,,70878,29,,,0,100,,70879,29,,,0,101,,70884,29,,,0,100,,70880,29,,,0,100,,70881,29,,,0
7901,'20260328',740,,70889,29,,,0,100,,70890,29,,,0,100,,70891,29,,,0,100,,70895,29,,,0,100,,70896,29,,,0,100,,70886,29,,,0,100,,70897,29,,,0,100,,70894,29,,,0,100,,70898,29,,,0,100,,70892,29,,,0,70,,70903,29,,,0,30,,70899,29,,,0,100,,70887,29,,,0,100,,70900,29,,,0,100,,70893,29,,,0,100,,70901,29,,,0,100,,70888,29,,,0,100,,70902,29,,,0
7901,'20260329',740,,70909,29,,,0,100,,70908,29,,,0,100,,70904,29,,,0,100,,70913,29,,,0,100,,70914,29,,,0,100,,70906,29,,,0,100,,70915,29,,,0,100,,70912,29,,,0,100,,70917,29,,,0,100,,70910,29,,,0,70,,70921,29,,,0,30,,70918,29,,,0,100,,70905,29,,,0,100,,70919,29,,,0,100,,70911,29,,,0,100,,70920,29,,,0,100,,70907,29,,,0,100,,70916,29,,,0
7901,'20260330',611,,70922,29,,,0,25,,70923,29,,,0,73,,70924,29,,,0,30,,70925,29,,,0,70,,70926,29,,,0,30,,70927,29,,,0,101,,70928,29,,,0,99,,70929,29,,,0,100,,70930,29,,,0,100,,70931,29,,,0,100,,70932,29,,,0,100,,70933,29,,,0,100,,70940,29,,,0,100,,70934,29,,,0,70,,70943,29,,,0,30,,70941,29,,,0,100,,70935,29,,,0,100,,70936,29,,,0,100,,70937,29,,,0,101,,70942,29,,,0,100,,70938,29,,,0,100,,70939,29,,,0
7901,'20260331',611,,70944,29,,,0,25,,70945,29,,,0,73,,70946,29,,,0,30,,70947,29,,,0,70,,70948,29,,,0,30,,70949,29,,,0,101,,70950,29,,,0,99,,70951,29,,,0,100,,70952,29,,,0,100,,70953,29,,,0,100,,70954,29,,,0,100,,70955,29,,,0,100,,70962,29,,,0,100,,70956,29,,,0,70,,70965,29,,,0,30,,70963,29,,,0,100,,70957,29,,,0,100,,70958,29,,,0,100,,70959,29,,,0,101,,70964,29,,,0,100,,70960,29,,,0,100,,70961,29,,,0
2007901,'20260317',1635,,103135,6,,,0
2007901,'20260318',1635,,103136,6,,,0
2007901,'20260319',1635,,103137,6,,,0
2007901,'20260320',1635,,103138,6,,,0
2007901,'20260323',1635,,103139,6,,,0
2007901,'20260324',1635,,103140,6,,,0
2007901,'20260325',1635,,103141,6,,,0
2007901,'20260326',1635,,103142,6,,,0
2007901,'20260330',1635,,103143,6,,,0
2007901,'20260331',1635,,103144,6,,,0
