9301,'20260714',608,,927611,45,,,0,96,,927612,45,,,0,20,,927613,45,,,0,15,,927614,45,,,0,71,,927615,45,,,0,30,,927616,45,,,0,69,,927617,45,,,0,30,,927618,45,,,0,99,,927619,45,,,0,100,,927620,45,,,0,100,,927621,45,,,0,101,,927622,45,,,0,99,,927623,45,,,0,103,,927624,45,,,0,71,,927625,45,,,0,25,,927626,45,,,0,79,,927627,45,,,0,31,,927628,45,,,0,95,,927629,45,,,0,100,,927630,45,,,0,101,,927631,45,,,0,99,,927632,45,,,0,105,,927633,45,,,0
9301,'20260715',608,,953187,45,,,0,96,,953188,45,,,0,20,,953189,45,,,0,15,,953190,45,,,0,71,,953191,45,,,0,30,,953192,45,,,0,69,,953193,45,,,0,30,,953194,45,,,0,99,,953195,45,,,0,100,,953196,45,,,0,100,,953197,45,,,0,101,,953198,45,,,0,99,,953199,45,,,0,103,,953200,45,,,0,71,,953201,45,,,0,25,,953202,45,,,0,79,,953203,45,,,0,31,,953204,45,,,0,95,,953205,45,,,0,100,,953206,45,,,0,101,,953207,45,,,0,99,,953208,45,,,0,105,,953209,45,,,0
9301,'20260716',608,,953210,45,,,0,96,,953211,45,,,0,20,,953212,45,,,0,15,,953213,45,,,0,71,,953214,45,,,0,30,,953215,45,,,0,69,,953216,45,,,0,30,,953217,45,,,0,99,,953218,45,,,0,100,,953219,45,,,0,100,,953220,45,,,0,101,,953221,45,,,0,99,,953222,45,,,0,103,,953223,45,,,0,71,,953224,45,,,0,25,,953225,45,,,0,79,,953226,45,,,0,31,,953227,45,,,0,95,,953228,45,,,0,100,,953229,45,,,0,101,,953230,45,,,0,99,,953231,45,,,0,105,,953232,45,,,0
9301,'20260717',608,,953233,45,,,0,96,,953234,45,,,0,20,,953235,45,,,0,15,,953236,45,,,0,71,,953237,45,,,0,30,,953238,45,,,0,69,,953239,45,,,0,30,,953240,45,,,0,99,,953241,45,,,0,100,,953242,45,,,0,100,,953243,45,,,0,101,,953244,45,,,0,99,,953245,45,,,0,103,,953246,45,,,0,71,,953247,45,,,0,25,,953248,45,,,0,79,,953249,45,,,0,31,,953250,45,,,0,95,,953251,45,,,0,100,,953252,45,,,0,101,,953253,45,,,0,99,,953254,45,,,0,105,,953255,45,,,0
9301,'20260718',734,,908533,45,,,0,101,,908528,45,,,0,100,,908542,45,,,0,96,,908535,45,,,0,104,,908537,45,,,0,100,,908529,45,,,0,100,,908538,45,,,0,106,,908536,45,,,0,101,,908539,45,,,0,92,,908530,45,,,0,109,,908540,45,,,0,92,,908534,45,,,0,99,,908541,45,,,0,100,,908531,45,,,0,199,,908532,45,,,0,198,,908543,45,,,0
9301,'20260719',734,,908556,45,,,0,101,,908549,45,,,0,100,,908557,45,,,0,96,,908544,45,,,0,104,,908552,45,,,0,100,,908545,45,,,0,100,,908553,45,,,0,106,,908550,45,,,0,101,,908554,45,,,0,92,,908546,45,,,0,109,,908555,45,,,0,92,,908551,45,,,0,99,,908558,45,,,0,100,,908547,45,,,0,199,,908548,45,,,0,198,,908559,45,,,0
9301,'20260720',608,,908575,45,,,0,96,,908560,45,,,0,20,,908582,45,,,0,15,,908561,45,,,0,71,,908562,45,,,0,30,,908563,45,,,0,69,,908564,45,,,0,30,,908573,45,,,0,99,,908565,45,,,0,100,,908578,45,,,0,100,,908566,45,,,0,101,,908579,45,,,0,99,,908567,45,,,0,103,,908571,45,,,0,71,,908580,45,,,0,25,,908568,45,,,0,79,,908581,45,,,0,31,,908574,45,,,0,95,,908572,45,,,0,100,,908576,45,,,0,101,,908569,45,,,0,99,,908577,45,,,0,105,,908570,45,,,0
9301,'20260721',608,,908598,45,,,0,96,,908583,45,,,0,20,,908605,45,,,0,15,,908584,45,,,0,71,,908585,45,,,0,30,,908586,45,,,0,69,,908587,45,,,0,30,,908596,45,,,0,99,,908588,45,,,0,100,,908601,45,,,0,100,,908589,45,,,0,101,,908602,45,,,0,99,,908590,45,,,0,103,,908594,45,,,0,71,,908603,45,,,0,25,,908591,45,,,0,79,,908604,45,,,0,31,,908597,45,,,0,95,,908595,45,,,0,100,,908599,45,,,0,101,,908592,45,,,0,99,,908600,45,,,0,105,,908593,45,,,0
9301,'20260722',608,,927649,45,,,0,96,,927634,45,,,0,20,,927656,45,,,0,15,,927635,45,,,0,71,,927636,45,,,0,30,,927637,45,,,0,69,,927638,45,,,0,30,,927647,45,,,0,99,,927639,45,,,0,100,,927652,45,,,0,100,,927640,45,,,0,101,,927653,45,,,0,99,,927641,45,,,0,103,,927645,45,,,0,71,,927654,45,,,0,25,,927642,45,,,0,79,,927655,45,,,0,31,,927648,45,,,0,95,,927646,45,,,0,100,,927650,45,,,0,101,,927643,45,,,0,99,,927651,45,,,0,105,,927644,45,,,0
9301,'20260723',608,,927672,45,,,0,96,,927657,45,,,0,20,,927679,45,,,0,15,,927658,45,,,0,71,,927659,45,,,0,30,,927660,45,,,0,69,,927661,45,,,0,30,,927670,45,,,0,99,,927662,45,,,0,100,,927675,45,,,0,100,,927663,45,,,0,101,,927676,45,,,0,99,,927664,45,,,0,103,,927668,45,,,0,71,,927677,45,,,0,25,,927665,45,,,0,79,,927678,45,,,0,31,,927671,45,,,0,95,,927669,45,,,0,100,,927673,45,,,0,101,,927666,45,,,0,99,,927674,45,,,0,105,,927667,45,,,0
9301,'20260724',608,,953271,45,,,0,96,,953256,45,,,0,20,,953278,45,,,0,15,,953257,45,,,0,71,,953258,45,,,0,30,,953259,45,,,0,69,,953260,45,,,0,30,,953269,45,,,0,99,,953261,45,,,0,100,,953274,45,,,0,100,,953262,45,,,0,101,,953275,45,,,0,99,,953263,45,,,0,103,,953267,45,,,0,71,,953276,45,,,0,25,,953264,45,,,0,79,,953277,45,,,0,31,,953270,45,,,0,95,,953268,45,,,0,100,,953272,45,,,0,101,,953265,45,,,0,99,,953273,45,,,0,105,,953266,45,,,0
9301,'20260725',734,,953284,45,,,0,101,,953279,45,,,0,100,,953293,45,,,0,96,,953286,45,,,0,104,,953288,45,,,0,100,,953280,45,,,0,100,,953289,45,,,0,106,,953287,45,,,0,101,,953290,45,,,0,92,,953281,45,,,0,109,,953291,45,,,0,92,,953285,45,,,0,99,,953292,45,,,0,100,,953282,45,,,0,199,,953283,45,,,0,198,,953294,45,,,0
9301,'20260726',734,,953307,45,,,0,101,,953300,45,,,0,100,,953308,45,,,0,96,,953295,45,,,0,104,,953303,45,,,0,100,,953296,45,,,0,100,,953304,45,,,0,106,,953301,45,,,0,101,,953305,45,,,0,92,,953297,45,,,0,109,,953306,45,,,0,92,,953302,45,,,0,99,,953309,45,,,0,100,,953298,45,,,0,199,,953299,45,,,0,198,,953310,45,,,0
9301,'20260727',608,,953326,45,,,0,96,,953311,45,,,0,20,,953333,45,,,0,15,,953312,45,,,0,71,,953313,45,,,0,30,,953314,45,,,0,69,,953315,45,,,0,30,,953324,45,,,0,99,,953316,45,,,0,100,,953329,45,,,0,100,,953317,45,,,0,101,,953330,45,,,0,99,,953318,45,,,0,103,,953322,45,,,0,71,,953331,45,,,0,25,,953319,45,,,0,79,,953332,45,,,0,31,,953325,45,,,0,95,,953323,45,,,0,100,,953327,45,,,0,101,,953320,45,,,0,99,,953328,45,,,0,105,,953321,45,,,0
9301,'20260728',608,,953349,45,,,0,96,,953334,45,,,0,20,,953356,45,,,0,15,,953335,45,,,0,71,,953336,45,,,0,30,,953337,45,,,0,69,,953338,45,,,0,30,,953347,45,,,0,99,,953339,45,,,0,100,,953352,45,,,0,100,,953340,45,,,0,101,,953353,45,,,0,99,,953341,45,,,0,103,,953345,45,,,0,71,,953354,45,,,0,25,,953342,45,,,0,79,,953355,45,,,0,31,,953348,45,,,0,95,,953346,45,,,0,100,,953350,45,,,0,101,,953343,45,,,0,99,,953351,45,,,0,105,,953344,45,,,0
