28901,'20260519',640,,503231,10,,,0,64,,503232,10,,,0,16,,503233,10,,,0,18,,503234,10,,,0,70,,503235,10,,,0
28901,'20260520',640,,529694,10,,,0,64,,529695,10,,,0,16,,529696,10,,,0,18,,529697,10,,,0,70,,529698,10,,,0
28901,'20260521',640,,529699,10,,,0,64,,529700,10,,,0,16,,529701,10,,,0,18,,529702,10,,,0,70,,529703,10,,,0
28901,'20260522',640,,529704,10,,,0,64,,529705,10,,,0,16,,529706,10,,,0,18,,529707,10,,,0,70,,529708,10,,,0
28901,'20260525',640,,478546,10,,,0,64,,478545,10,,,0,16,,478547,10,,,0,18,,478549,10,,,0,70,,478548,10,,,0
28901,'20260526',640,,478551,10,,,0,64,,478550,10,,,0,16,,478552,10,,,0,18,,478554,10,,,0,70,,478553,10,,,0
28901,'20260527',640,,503237,10,,,0,64,,503236,10,,,0,16,,503238,10,,,0,18,,503240,10,,,0,70,,503239,10,,,0
28901,'20260528',640,,503242,10,,,0,64,,503241,10,,,0,16,,503243,10,,,0,18,,503245,10,,,0,70,,503244,10,,,0
28901,'20260529',640,,529710,10,,,0,64,,529709,10,,,0,16,,529711,10,,,0,18,,529713,10,,,0,70,,529712,10,,,0
28901,'20260601',640,,529715,10,,,0,64,,529714,10,,,0,16,,529716,10,,,0,18,,529718,10,,,0,70,,529717,10,,,0
28901,'20260602',640,,529720,10,,,0,64,,529719,10,,,0,16,,529721,10,,,0,18,,529723,10,,,0,70,,529722,10,,,0
38201,'20260519',621,,503681,10,,,0,12,,503682,10,,,0,10,,503683,10,,,0,12,,503684,10,,,0,66,,503685,10,,,0,136,,503686,10,,,0,200,,503687,10,,,0
38201,'20260520',621,,530594,10,,,0,12,,530595,10,,,0,10,,530596,10,,,0,12,,530597,10,,,0,66,,530598,10,,,0,136,,530599,10,,,0,200,,530600,10,,,0
38201,'20260521',621,,530601,10,,,0,12,,530602,10,,,0,10,,530603,10,,,0,12,,530604,10,,,0,66,,530605,10,,,0,136,,530606,10,,,0,200,,530607,10,,,0
38201,'20260522',621,,530608,10,,,0,12,,530609,10,,,0,10,,530610,10,,,0,12,,530611,10,,,0,66,,530612,10,,,0,136,,530613,10,,,0,200,,530614,10,,,0
38201,'20260525',621,,479457,10,,,0,12,,479461,10,,,0,10,,479460,10,,,0,12,,479458,10,,,0,66,,479462,10,,,0,136,,479459,10,,,0,200,,479456,10,,,0
38201,'20260526',621,,479464,10,,,0,12,,479468,10,,,0,10,,479467,10,,,0,12,,479465,10,,,0,66,,479469,10,,,0,136,,479466,10,,,0,200,,479463,10,,,0
38201,'20260527',621,,503689,10,,,0,12,,503693,10,,,0,10,,503692,10,,,0,12,,503690,10,,,0,66,,503694,10,,,0,136,,503691,10,,,0,200,,503688,10,,,0
38201,'20260528',621,,503696,10,,,0,12,,503700,10,,,0,10,,503699,10,,,0,12,,503697,10,,,0,66,,503701,10,,,0,136,,503698,10,,,0,200,,503695,10,,,0
38201,'20260529',621,,530616,10,,,0,12,,530620,10,,,0,10,,530619,10,,,0,12,,530617,10,,,0,66,,530621,10,,,0,136,,530618,10,,,0,200,,530615,10,,,0
38201,'20260601',621,,530623,10,,,0,12,,530627,10,,,0,10,,530626,10,,,0,12,,530624,10,,,0,66,,530628,10,,,0,136,,530625,10,,,0,200,,530622,10,,,0
38201,'20260602',621,,530630,10,,,0,12,,530634,10,,,0,10,,530633,10,,,0,12,,530631,10,,,0,66,,530635,10,,,0,136,,530632,10,,,0,200,,530629,10,,,0
58201,'20260519',630,,504128,10,,,0,15,,504129,10,,,0,11,,504130,10,,,0,54,,504131,10,,,0,13,,504132,10,,,0
58201,'20260520',630,,531270,10,,,0,15,,531271,10,,,0,11,,531272,10,,,0,54,,531273,10,,,0,13,,531274,10,,,0
58201,'20260521',630,,531275,10,,,0,15,,531276,10,,,0,11,,531277,10,,,0,54,,531278,10,,,0,13,,531279,10,,,0
58201,'20260522',630,,531280,10,,,0,15,,531281,10,,,0,11,,531282,10,,,0,54,,531283,10,,,0,13,,531284,10,,,0
58201,'20260525',630,,480122,10,,,0,15,,480120,10,,,0,11,,480123,10,,,0,54,,480121,10,,,0,13,,480124,10,,,0
58201,'20260526',630,,480127,10,,,0,15,,480125,10,,,0,11,,480128,10,,,0,54,,480126,10,,,0,13,,480129,10,,,0
58201,'20260527',630,,504135,10,,,0,15,,504133,10,,,0,11,,504136,10,,,0,54,,504134,10,,,0,13,,504137,10,,,0
58201,'20260528',630,,504140,10,,,0,15,,504138,10,,,0,11,,504141,10,,,0,54,,504139,10,,,0,13,,504142,10,,,0
58201,'20260529',630,,531287,10,,,0,15,,531285,10,,,0,11,,531288,10,,,0,54,,531286,10,,,0,13,,531289,10,,,0
58201,'20260601',630,,531292,10,,,0,15,,531290,10,,,0,11,,531293,10,,,0,54,,531291,10,,,0,13,,531294,10,,,0
58201,'20260602',630,,531297,10,,,0,15,,531295,10,,,0,11,,531298,10,,,0,54,,531296,10,,,0,13,,531299,10,,,0
4008200,'20260519',1642,,511876,11,,,0
4008200,'20260520',1642,,542308,11,,,0
4008200,'20260521',1642,,542311,11,,,0
4008200,'20260522',1642,,542314,11,,,0
4008200,'20260525',1642,,491153,11,,,0
4008200,'20260526',1642,,491156,11,,,0
4008200,'20260527',1642,,511877,11,,,0
4008200,'20260528',1642,,511880,11,,,0
4008200,'20260529',1642,,542315,11,,,0
4008200,'20260601',1642,,542318,11,,,0
4008200,'20260602',1642,,542321,11,,,0
13008200,'20260519',1642,,511957,11,,,0
13008200,'20260520',1642,,542467,11,,,0
13008200,'20260521',1642,,542469,11,,,0
13008200,'20260522',1642,,542471,11,,,0
13008200,'20260525',1642,,491306,11,,,0
13008200,'20260526',1642,,491308,11,,,0
13008200,'20260527',1642,,511959,11,,,0
13008200,'20260528',1642,,511961,11,,,0
13008200,'20260529',1642,,542473,11,,,0
13008200,'20260601',1642,,542475,11,,,0
13008200,'20260602',1642,,542477,11,,,0
