9300,'20260317',705,,76299,47,,,0,101,,76290,47,,,0,101,,76300,47,,,0,99,,76301,47,,,0,100,,76302,47,,,0,100,,76303,47,,,0,101,,76304,47,,,0,99,,76305,47,,,0,99,,76306,47,,,0,30,,76307,47,,,0,24,,76291,64,,,0,72,,76292,64,,,0,76,,76293,64,,,0,29,,76294,64,,,0,22,,76295,64,,,0,70,,76296,64,,,0,30,,76297,64,,,0,69,,76298,64,,,0,85,,76308,47,,,0,99,,76309,47,,,0,105,,76310,47,,,0,103,,76311,47,,,0
9300,'20260318',705,,76321,47,,,0,101,,76312,47,,,0,101,,76322,47,,,0,99,,76323,47,,,0,100,,76324,47,,,0,100,,76325,47,,,0,101,,76326,47,,,0,99,,76327,47,,,0,99,,76328,47,,,0,30,,76329,47,,,0,24,,76313,64,,,0,72,,76314,64,,,0,76,,76315,64,,,0,29,,76316,64,,,0,22,,76317,64,,,0,70,,76318,64,,,0,30,,76319,64,,,0,69,,76320,64,,,0,85,,76330,47,,,0,99,,76331,47,,,0,105,,76332,47,,,0,103,,76333,47,,,0
9300,'20260319',705,,76343,47,,,0,101,,76334,47,,,0,101,,76344,47,,,0,99,,76345,47,,,0,100,,76346,47,,,0,100,,76347,47,,,0,101,,76348,47,,,0,99,,76349,47,,,0,99,,76350,47,,,0,30,,76351,47,,,0,24,,76335,64,,,0,72,,76336,64,,,0,76,,76337,64,,,0,29,,76338,64,,,0,22,,76339,64,,,0,70,,76340,64,,,0,30,,76341,64,,,0,69,,76342,64,,,0,85,,76352,47,,,0,99,,76353,47,,,0,105,,76354,47,,,0,103,,76355,47,,,0
9300,'20260320',705,,76365,47,,,0,101,,76356,47,,,0,101,,76366,47,,,0,99,,76367,47,,,0,100,,76368,47,,,0,100,,76369,47,,,0,101,,76370,47,,,0,99,,76371,47,,,0,99,,76372,47,,,0,30,,76373,47,,,0,24,,76357,64,,,0,72,,76358,64,,,0,76,,76359,64,,,0,29,,76360,64,,,0,22,,76361,64,,,0,70,,76362,64,,,0,30,,76363,64,,,0,69,,76364,64,,,0,85,,76374,47,,,0,99,,76375,47,,,0,105,,76376,47,,,0,103,,76377,47,,,0
9300,'20260321',805,,76384,47,,,0,100,,76385,47,,,0,95,,76392,47,,,0,104,,76378,47,,,0,100,,76389,47,,,0,98,,76386,47,,,0,105,,76387,47,,,0,100,,76379,47,,,0,93,,76388,47,,,0,105,,76390,47,,,0,100,,76380,47,,,0,99,,76391,47,,,0,100,,76383,47,,,0,200,,76381,47,,,0,200,,76382,47,,,0,101,,76393,47,,,0
9300,'20260322',805,,76399,47,,,0,100,,76407,47,,,0,95,,76408,47,,,0,104,,76400,47,,,0,100,,76404,47,,,0,98,,76394,47,,,0,105,,76402,47,,,0,100,,76401,47,,,0,93,,76403,47,,,0,105,,76405,47,,,0,100,,76395,47,,,0,99,,76406,47,,,0,100,,76398,47,,,0,200,,76396,47,,,0,200,,76397,47,,,0,101,,76409,47,,,0
9300,'20260323',705,,76430,47,,,0,101,,76410,47,,,0,101,,76422,47,,,0,99,,76426,47,,,0,100,,76427,47,,,0,100,,76428,47,,,0,101,,76411,47,,,0,99,,76412,47,,,0,99,,76429,47,,,0,30,,76419,47,,,0,24,,76431,59,,,0,72,,76423,59,,,0,76,,76413,59,,,0,33,,76414,59,,,0,18,,76415,59,,,0,70,,76416,59,,,0,30,,76417,59,,,0,69,,76424,59,,,0,85,,76418,47,,,0,99,,76420,47,,,0,105,,76425,47,,,0,103,,76421,47,,,0
9300,'20260324',705,,76452,47,,,0,101,,76432,47,,,0,101,,76444,47,,,0,99,,76448,47,,,0,100,,76449,47,,,0,100,,76450,47,,,0,101,,76433,47,,,0,99,,76434,47,,,0,99,,76451,47,,,0,30,,76441,47,,,0,24,,76453,59,,,0,72,,76445,59,,,0,76,,76435,59,,,0,33,,76436,59,,,0,18,,76437,59,,,0,70,,76438,59,,,0,30,,76439,59,,,0,69,,76446,59,,,0,85,,76440,47,,,0,99,,76442,47,,,0,105,,76447,47,,,0,103,,76443,47,,,0
9300,'20260325',705,,76474,47,,,0,101,,76454,47,,,0,101,,76466,47,,,0,99,,76470,47,,,0,100,,76471,47,,,0,100,,76472,47,,,0,101,,76455,47,,,0,99,,76456,47,,,0,99,,76473,47,,,0,30,,76463,47,,,0,24,,76475,59,,,0,72,,76467,59,,,0,76,,76457,59,,,0,33,,76458,59,,,0,18,,76459,59,,,0,70,,76460,59,,,0,30,,76461,59,,,0,69,,76468,59,,,0,85,,76462,47,,,0,99,,76464,47,,,0,105,,76469,47,,,0,103,,76465,47,,,0
9300,'20260326',705,,76496,47,,,0,101,,76476,47,,,0,101,,76488,47,,,0,99,,76492,47,,,0,100,,76493,47,,,0,100,,76494,47,,,0,101,,76477,47,,,0,99,,76478,47,,,0,99,,76495,47,,,0,30,,76485,47,,,0,24,,76497,59,,,0,72,,76489,59,,,0,76,,76479,59,,,0,33,,76480,59,,,0,18,,76481,59,,,0,70,,76482,59,,,0,30,,76483,59,,,0,69,,76490,59,,,0,85,,76484,47,,,0,99,,76486,47,,,0,105,,76491,47,,,0,103,,76487,47,,,0
9300,'20260327',705,,76518,47,,,0,101,,76498,47,,,0,101,,76510,47,,,0,99,,76514,47,,,0,100,,76515,47,,,0,100,,76516,47,,,0,101,,76499,47,,,0,99,,76500,47,,,0,99,,76517,47,,,0,30,,76507,47,,,0,24,,76519,59,,,0,72,,76511,59,,,0,76,,76501,59,,,0,33,,76502,59,,,0,18,,76503,59,,,0,70,,76504,59,,,0,30,,76505,59,,,0,69,,76512,59,,,0,85,,76506,47,,,0,99,,76508,47,,,0,105,,76513,47,,,0,103,,76509,47,,,0
9300,'20260328',805,,76526,47,,,0,100,,76527,47,,,0,95,,76534,47,,,0,104,,76520,47,,,0,100,,76531,47,,,0,98,,76528,47,,,0,105,,76529,47,,,0,100,,76521,47,,,0,93,,76530,47,,,0,105,,76532,47,,,0,100,,76522,47,,,0,99,,76533,47,,,0,100,,76525,47,,,0,200,,76523,47,,,0,200,,76524,47,,,0,101,,76535,47,,,0
9300,'20260329',805,,76541,47,,,0,100,,76549,47,,,0,95,,76550,47,,,0,104,,76542,47,,,0,100,,76546,47,,,0,98,,76536,47,,,0,105,,76544,47,,,0,100,,76543,47,,,0,93,,76545,47,,,0,105,,76547,47,,,0,100,,76537,47,,,0,99,,76548,47,,,0,100,,76540,47,,,0,200,,76538,47,,,0,200,,76539,47,,,0,101,,76551,47,,,0
9300,'20260330',705,,76572,47,,,0,101,,76552,47,,,0,101,,76564,47,,,0,99,,76568,47,,,0,100,,76569,47,,,0,100,,76570,47,,,0,101,,76553,47,,,0,99,,76554,47,,,0,99,,76571,47,,,0,30,,76561,47,,,0,24,,76573,59,,,0,72,,76565,59,,,0,76,,76555,59,,,0,33,,76556,59,,,0,18,,76557,59,,,0,70,,76558,59,,,0,30,,76559,59,,,0,69,,76566,59,,,0,85,,76560,47,,,0,99,,76562,47,,,0,105,,76567,47,,,0,103,,76563,47,,,0
9300,'20260331',705,,76594,47,,,0,101,,76574,47,,,0,101,,76586,47,,,0,99,,76590,47,,,0,100,,76591,47,,,0,100,,76592,47,,,0,101,,76575,47,,,0,99,,76576,47,,,0,99,,76593,47,,,0,30,,76583,47,,,0,24,,76595,59,,,0,72,,76587,59,,,0,76,,76577,59,,,0,33,,76578,59,,,0,18,,76579,59,,,0,70,,76580,59,,,0,30,,76581,59,,,0,69,,76588,59,,,0,85,,76582,47,,,0,99,,76584,47,,,0,105,,76589,47,,,0,103,,76585,47,,,0
