9002,'20260407',633,,209062,1,,,0,26,,209063,1,,,0,74,,209064,1,,,0,76,,209065,1,,,0,22,,209066,1,,,0
9002,'20260408',633,,209068,1,,,0,26,,209069,1,,,0,74,,209070,1,,,0,76,,209071,1,,,0,22,,209072,1,,,0
9002,'20260409',633,,209074,1,,,0,26,,209075,1,,,0,74,,209076,1,,,0,76,,209077,1,,,0,22,,209078,1,,,0
9002,'20260410',633,,209080,1,,,0,26,,209081,1,,,0,74,,209082,1,,,0,76,,209083,1,,,0,22,,209084,1,,,0
9002,'20260413',633,,165383,1,,,0,26,,165384,1,,,0,74,,165387,1,,,0,76,,165385,1,,,0,22,,165386,1,,,0
9002,'20260414',633,,165389,1,,,0,26,,165390,1,,,0,74,,165393,1,,,0,76,,165391,1,,,0,22,,165392,1,,,0
9002,'20260415',633,,209085,1,,,0,26,,209086,1,,,0,74,,209089,1,,,0,76,,209087,1,,,0,22,,209088,1,,,0
9002,'20260416',633,,209091,1,,,0,26,,209092,1,,,0,74,,209095,1,,,0,76,,209093,1,,,0,22,,209094,1,,,0
9002,'20260417',633,,209097,1,,,0,26,,209098,1,,,0,74,,209101,1,,,0,76,,209099,1,,,0,22,,209100,1,,,0
9002,'20260420',633,,209103,1,,,0,26,,209104,1,,,0,74,,209107,1,,,0,76,,209105,1,,,0,22,,209106,1,,,0
9003,'20260407',1559,,209109,33,4,,0,65,,209110,33,4,,0,34,,209112,33,4,,0,69,,209113,33,4,,0,30,,209114,33,4,,0
9003,'20260408',1559,,209115,33,4,,0,65,,209116,33,4,,0,34,,209118,33,4,,0,69,,209119,33,4,,0,30,,209120,33,4,,0
9003,'20260409',1559,,209121,33,4,,0,65,,209122,33,4,,0,34,,209124,33,4,,0,69,,209125,33,4,,0,30,,209126,33,4,,0
9003,'20260410',1559,,209127,33,4,,0,65,,209128,33,4,,0,34,,209130,33,4,,0,69,,209131,33,4,,0,30,,209132,33,4,,0
9003,'20260413',1559,,165437,33,4,,0,65,,165438,33,4,,0,34,,165439,33,4,,0,69,,165440,33,4,,0,30,,165441,33,4,,0
9003,'20260414',1559,,165443,33,4,,0,65,,165444,33,4,,0,34,,165445,33,4,,0,69,,165446,33,4,,0,30,,165447,33,4,,0
9003,'20260415',1559,,209133,33,4,,0,65,,209134,33,4,,0,34,,209135,33,4,,0,69,,209136,33,4,,0,30,,209137,33,4,,0
9003,'20260416',1559,,209139,33,4,,0,65,,209140,33,4,,0,34,,209141,33,4,,0,69,,209142,33,4,,0,30,,209143,33,4,,0
9003,'20260417',1559,,209145,33,4,,0,65,,209146,33,4,,0,34,,209147,33,4,,0,69,,209148,33,4,,0,30,,209149,33,4,,0
9003,'20260420',1559,,209151,33,4,,0,65,,209152,33,4,,0,34,,209153,33,4,,0,69,,209154,33,4,,0,30,,209155,33,4,,0
7009002,'20260407',705,,230724,1,,,0
7009002,'20260408',705,,230726,1,,,0
7009002,'20260409',705,,230728,1,,,0
7009002,'20260410',705,,230730,1,,,0
7009002,'20260413',705,,189158,1,,,0
7009002,'20260414',705,,189160,1,,,0
7009002,'20260415',705,,230732,1,,,0
7009002,'20260416',705,,230734,1,,,0
7009002,'20260417',705,,230736,1,,,0
7009002,'20260420',705,,230738,1,,,0
7009003,'20260407',1619,,230741,52,4,,0
7009003,'20260408',1619,,230743,52,4,,0
7009003,'20260409',1619,,230745,52,4,,0
7009003,'20260410',1619,,230747,52,4,,0
7009003,'20260413',1619,,189177,52,4,,0
7009003,'20260414',1619,,189179,52,4,,0
7009003,'20260415',1619,,230749,52,4,,0
7009003,'20260416',1619,,230751,52,4,,0
7009003,'20260417',1619,,230753,52,4,,0
7009003,'20260420',1619,,230755,52,4,,0
