5103,'20260522',607,,518770,24,,,0,102,,518771,24,,,0,105,,518772,24,,,0,94,,518773,24,,,0,100,,518774,24,,,0,101,,518775,24,,,0,99,,518776,24,,,0,100,,518777,24,,,0,100,,518778,24,,,0,100,,518779,24,,,0,102,,518780,24,,,0,102,,518781,24,,,0,96,,518782,24,,,0,99,,518783,24,,,0,100,,518784,24,,,0,100,,518785,24,,,0,100,,518786,24,,,0,100,,518787,24,,,0
5103,'20260523',711,,550197,24,,,0,100,,550198,24,,,0,100,,550199,24,,,0,100,,550200,24,,,0,100,,550201,24,,,0,102,,550202,24,,,0,100,,550203,24,,,0,101,,550204,24,,,0,100,,550205,24,,,0,100,,550206,24,,,0,103,,550207,24,,,0,96,,550208,24,,,0,97,,550209,24,,,0,101,,550210,24,,,0,100,,550211,24,,,0,100,,550212,24,,,0,100,,550213,24,,,0
5103,'20260524',711,,550214,24,,,0,100,,550215,24,,,0,100,,550216,24,,,0,100,,550217,24,,,0,100,,550218,24,,,0,102,,550219,24,,,0,100,,550220,24,,,0,101,,550221,24,,,0,100,,550222,24,,,0,100,,550223,24,,,0,103,,550224,24,,,0,96,,550225,24,,,0,97,,550226,24,,,0,101,,550227,24,,,0,100,,550228,24,,,0,100,,550229,24,,,0,100,,550230,24,,,0
5103,'20260525',607,,550231,24,,,0,102,,550232,24,,,0,105,,550233,24,,,0,94,,550234,24,,,0,100,,550235,24,,,0,101,,550236,24,,,0,99,,550237,24,,,0,100,,550238,24,,,0,100,,550239,24,,,0,100,,550240,24,,,0,102,,550241,24,,,0,102,,550242,24,,,0,96,,550243,24,,,0,99,,550244,24,,,0,100,,550245,24,,,0,100,,550246,24,,,0,100,,550247,24,,,0,100,,550248,24,,,0
5103,'20260526',607,,550249,24,,,0,102,,550250,24,,,0,105,,550251,24,,,0,94,,550252,24,,,0,100,,550253,24,,,0,101,,550254,24,,,0,99,,550255,24,,,0,100,,550256,24,,,0,100,,550257,24,,,0,100,,550258,24,,,0,102,,550259,24,,,0,102,,550260,24,,,0,96,,550261,24,,,0,99,,550262,24,,,0,100,,550263,24,,,0,100,,550264,24,,,0,100,,550265,24,,,0,100,,550266,24,,,0
5103,'20260527',607,,550267,24,,,0,102,,550268,24,,,0,105,,550269,24,,,0,94,,550270,24,,,0,100,,550271,24,,,0,101,,550272,24,,,0,99,,550273,24,,,0,100,,550274,24,,,0,100,,550275,24,,,0,100,,550276,24,,,0,102,,550277,24,,,0,102,,550278,24,,,0,96,,550279,24,,,0,99,,550280,24,,,0,100,,550281,24,,,0,100,,550282,24,,,0,100,,550283,24,,,0,100,,550284,24,,,0
5103,'20260528',607,,550285,24,,,0,102,,550286,24,,,0,105,,550287,24,,,0,94,,550288,24,,,0,100,,550289,24,,,0,101,,550290,24,,,0,99,,550291,24,,,0,100,,550292,24,,,0,100,,550293,24,,,0,100,,550294,24,,,0,102,,550295,24,,,0,102,,550296,24,,,0,96,,550297,24,,,0,99,,550298,24,,,0,100,,550299,24,,,0,100,,550300,24,,,0,100,,550301,24,,,0,100,,550302,24,,,0
5103,'20260529',607,,518788,24,,,0,102,,518789,24,,,0,105,,518790,24,,,0,94,,518791,24,,,0,100,,518792,24,,,0,101,,518793,24,,,0,99,,518794,24,,,0,100,,518795,24,,,0,100,,518796,24,,,0,100,,518797,24,,,0,102,,518798,24,,,0,102,,518799,24,,,0,96,,518800,24,,,0,99,,518801,24,,,0,100,,518802,24,,,0,100,,518803,24,,,0,100,,518804,24,,,0,100,,518805,24,,,0
5103,'20260530',711,,518822,24,,,0,100,,518806,24,,,0,100,,518807,24,,,0,100,,518808,24,,,0,100,,518809,24,,,0,102,,518810,24,,,0,100,,518811,24,,,0,101,,518812,24,,,0,100,,518813,24,,,0,100,,518814,24,,,0,103,,518815,24,,,0,96,,518816,24,,,0,97,,518817,24,,,0,101,,518818,24,,,0,100,,518819,24,,,0,100,,518820,24,,,0,100,,518821,24,,,0
5103,'20260531',711,,518839,24,,,0,100,,518823,24,,,0,100,,518824,24,,,0,100,,518825,24,,,0,100,,518826,24,,,0,102,,518827,24,,,0,100,,518828,24,,,0,101,,518829,24,,,0,100,,518830,24,,,0,100,,518831,24,,,0,103,,518832,24,,,0,96,,518833,24,,,0,97,,518834,24,,,0,101,,518835,24,,,0,100,,518836,24,,,0,100,,518837,24,,,0,100,,518838,24,,,0
5103,'20260601',607,,518840,24,,,0,102,,518841,24,,,0,105,,518842,24,,,0,94,,518843,24,,,0,100,,518844,24,,,0,101,,518845,24,,,0,99,,518846,24,,,0,100,,518847,24,,,0,100,,518848,24,,,0,100,,518849,24,,,0,102,,518850,24,,,0,102,,518851,24,,,0,96,,518852,24,,,0,99,,518853,24,,,0,100,,518854,24,,,0,100,,518855,24,,,0,100,,518856,24,,,0,100,,518857,24,,,0
5103,'20260602',607,,518858,24,,,0,102,,518859,24,,,0,105,,518860,24,,,0,94,,518861,24,,,0,100,,518862,24,,,0,101,,518863,24,,,0,99,,518864,24,,,0,100,,518865,24,,,0,100,,518866,24,,,0,100,,518867,24,,,0,102,,518868,24,,,0,102,,518869,24,,,0,96,,518870,24,,,0,99,,518871,24,,,0,100,,518872,24,,,0,100,,518873,24,,,0,100,,518874,24,,,0,100,,518875,24,,,0
5103,'20260603',607,,550303,24,,,0,102,,550304,24,,,0,105,,550305,24,,,0,94,,550306,24,,,0,100,,550307,24,,,0,101,,550308,24,,,0,99,,550309,24,,,0,100,,550310,24,,,0,100,,550311,24,,,0,100,,550312,24,,,0,102,,550313,24,,,0,102,,550314,24,,,0,96,,550315,24,,,0,99,,550316,24,,,0,100,,550317,24,,,0,100,,550318,24,,,0,100,,550319,24,,,0,100,,550320,24,,,0
5103,'20260604',607,,550321,24,,,0,102,,550322,24,,,0,105,,550323,24,,,0,94,,550324,24,,,0,100,,550325,24,,,0,101,,550326,24,,,0,99,,550327,24,,,0,100,,550328,24,,,0,100,,550329,24,,,0,100,,550330,24,,,0,102,,550331,24,,,0,102,,550332,24,,,0,96,,550333,24,,,0,99,,550334,24,,,0,100,,550335,24,,,0,100,,550336,24,,,0,100,,550337,24,,,0,100,,550338,24,,,0
5103,'20260605',607,,550339,24,,,0,102,,550340,24,,,0,105,,550341,24,,,0,94,,550342,24,,,0,100,,550343,24,,,0,101,,550344,24,,,0,99,,550345,24,,,0,100,,550346,24,,,0,100,,550347,24,,,0,100,,550348,24,,,0,102,,550349,24,,,0,102,,550350,24,,,0,96,,550351,24,,,0,99,,550352,24,,,0,100,,550353,24,,,0,100,,550354,24,,,0,100,,550355,24,,,0,100,,550356,24,,,0
5601,'20260522',1628,,520484,34,,,0,29,,520485,34,,,0,69,,520486,34,,,0
5601,'20260525',1628,,552175,34,,,0,29,,552176,34,,,0,69,,552177,34,,,0
5601,'20260526',1628,,552178,34,,,0,29,,552179,34,,,0,69,,552180,34,,,0
5601,'20260527',1628,,552181,34,,,0,29,,552182,34,,,0,69,,552183,34,,,0
5601,'20260528',1628,,552184,34,,,0,29,,552185,34,,,0,69,,552186,34,,,0
5601,'20260529',1628,,520487,34,,,0,29,,520489,34,,,0,69,,520488,34,,,0
5601,'20260601',1628,,520490,34,,,0,29,,520492,34,,,0,69,,520491,34,,,0
5601,'20260602',1628,,520493,34,,,0,29,,520495,34,,,0,69,,520494,34,,,0
5601,'20260603',1628,,552187,34,,,0,29,,552189,34,,,0,69,,552188,34,,,0
5601,'20260604',1628,,552190,34,,,0,29,,552192,34,,,0,69,,552191,34,,,0
5601,'20260605',1628,,552193,34,,,0,29,,552195,34,,,0,69,,552194,34,,,0
5701,'20260522',618,,520684,32,,,0,28,,520685,32,,,0,69,,520686,32,,,0,31,,520687,32,,,0,73,,520688,32,,,0,28,,520689,32,,,0,71,,520690,32,,,0,30,,520691,32,,,0,101,,520692,32,,,0,101,,520693,32,,,0,101,,520694,32,,,0,101,,520695,32,,,0,101,,520696,32,,,0,102,,520697,32,,,0,272,,520698,32,,,0,97,,520699,32,,,0,98,,520700,32,,,0,101,,520701,32,,,0,101,,520702,32,,,0,100,,520703,32,,,0
5701,'20260523',750,,552363,32,,,0,101,,552364,32,,,0,101,,552365,32,,,0,101,,552366,32,,,0,100,,552367,32,,,0,98,,552368,32,,,0,101,,552369,32,,,0,99,,552370,32,,,0,105,,552371,32,,,0,94,,552372,32,,,0,103,,552373,32,,,0,98,,552374,32,,,0,100,,552375,32,,,0,99,,552376,32,,,0,99,,552377,32,,,0,101,,552378,32,,,0
5701,'20260524',750,,552379,32,,,0,101,,552380,32,,,0,101,,552381,32,,,0,101,,552382,32,,,0,100,,552383,32,,,0,98,,552384,32,,,0,101,,552385,32,,,0,99,,552386,32,,,0,105,,552387,32,,,0,94,,552388,32,,,0,103,,552389,32,,,0,98,,552390,32,,,0,100,,552391,32,,,0,99,,552392,32,,,0,99,,552393,32,,,0,101,,552394,32,,,0
5701,'20260525',618,,552395,32,,,0,28,,552396,32,,,0,69,,552397,32,,,0,31,,552398,32,,,0,73,,552399,32,,,0,28,,552400,32,,,0,71,,552401,32,,,0,30,,552402,32,,,0,101,,552403,32,,,0,101,,552404,32,,,0,101,,552405,32,,,0,101,,552406,32,,,0,101,,552407,32,,,0,102,,552408,32,,,0,272,,552409,32,,,0,97,,552410,32,,,0,98,,552411,32,,,0,101,,552412,32,,,0,101,,552413,32,,,0,100,,552414,32,,,0
5701,'20260526',618,,552415,32,,,0,28,,552416,32,,,0,69,,552417,32,,,0,31,,552418,32,,,0,73,,552419,32,,,0,28,,552420,32,,,0,71,,552421,32,,,0,30,,552422,32,,,0,101,,552423,32,,,0,101,,552424,32,,,0,101,,552425,32,,,0,101,,552426,32,,,0,101,,552427,32,,,0,102,,552428,32,,,0,272,,552429,32,,,0,97,,552430,32,,,0,98,,552431,32,,,0,101,,552432,32,,,0,101,,552433,32,,,0,100,,552434,32,,,0
5701,'20260527',618,,552435,32,,,0,28,,552436,32,,,0,69,,552437,32,,,0,31,,552438,32,,,0,73,,552439,32,,,0,28,,552440,32,,,0,71,,552441,32,,,0,30,,552442,32,,,0,101,,552443,32,,,0,101,,552444,32,,,0,101,,552445,32,,,0,101,,552446,32,,,0,101,,552447,32,,,0,102,,552448,32,,,0,272,,552449,32,,,0,97,,552450,32,,,0,98,,552451,32,,,0,101,,552452,32,,,0,101,,552453,32,,,0,100,,552454,32,,,0
5701,'20260528',618,,552455,32,,,0,28,,552456,32,,,0,69,,552457,32,,,0,31,,552458,32,,,0,73,,552459,32,,,0,28,,552460,32,,,0,71,,552461,32,,,0,30,,552462,32,,,0,101,,552463,32,,,0,101,,552464,32,,,0,101,,552465,32,,,0,101,,552466,32,,,0,101,,552467,32,,,0,102,,552468,32,,,0,272,,552469,32,,,0,97,,552470,32,,,0,98,,552471,32,,,0,101,,552472,32,,,0,101,,552473,32,,,0,100,,552474,32,,,0
5701,'20260529',618,,520704,32,,,0,28,,520705,32,,,0,69,,520706,32,,,0,31,,520707,32,,,0,73,,520708,32,,,0,28,,520709,32,,,0,71,,520710,32,,,0,30,,520711,32,,,0,101,,520712,32,,,0,101,,520713,32,,,0,101,,520714,32,,,0,101,,520715,32,,,0,101,,520723,32,,,0,102,,520716,32,,,0,272,,520717,32,,,0,97,,520718,32,,,0,98,,520719,32,,,0,101,,520720,32,,,0,101,,520721,32,,,0,100,,520722,32,,,0
5701,'20260530',750,,520724,32,,,0,101,,520725,32,,,0,101,,520726,32,,,0,101,,520727,32,,,0,100,,520728,32,,,0,98,,520729,32,,,0,101,,520730,32,,,0,99,,520731,32,,,0,105,,520732,32,,,0,94,,520733,32,,,0,103,,520734,32,,,0,98,,520735,32,,,0,100,,520736,32,,,0,99,,520737,32,,,0,99,,520738,32,,,0,101,,520739,32,,,0
5701,'20260531',750,,520743,32,,,0,101,,520745,32,,,0,101,,520742,32,,,0,101,,520740,32,,,0,100,,520744,32,,,0,98,,520748,32,,,0,101,,520749,32,,,0,99,,520750,32,,,0,105,,520746,32,,,0,94,,520747,32,,,0,103,,520741,32,,,0,98,,520751,32,,,0,100,,520752,32,,,0,99,,520755,32,,,0,99,,520753,32,,,0,101,,520754,32,,,0
5701,'20260601',618,,520756,32,,,0,28,,520757,32,,,0,69,,520758,32,,,0,31,,520759,32,,,0,73,,520760,32,,,0,28,,520761,32,,,0,71,,520762,32,,,0,30,,520763,32,,,0,101,,520764,32,,,0,101,,520765,32,,,0,101,,520766,32,,,0,101,,520767,32,,,0,101,,520775,32,,,0,102,,520768,32,,,0,272,,520769,32,,,0,97,,520770,32,,,0,98,,520771,32,,,0,101,,520772,32,,,0,101,,520773,32,,,0,100,,520774,32,,,0
5701,'20260602',618,,520776,32,,,0,28,,520777,32,,,0,69,,520778,32,,,0,31,,520779,32,,,0,73,,520780,32,,,0,28,,520781,32,,,0,71,,520782,32,,,0,30,,520783,32,,,0,101,,520784,32,,,0,101,,520785,32,,,0,101,,520786,32,,,0,101,,520787,32,,,0,101,,520795,32,,,0,102,,520788,32,,,0,272,,520789,32,,,0,97,,520790,32,,,0,98,,520791,32,,,0,101,,520792,32,,,0,101,,520793,32,,,0,100,,520794,32,,,0
5701,'20260603',618,,552475,32,,,0,28,,552476,32,,,0,69,,552477,32,,,0,31,,552478,32,,,0,73,,552479,32,,,0,28,,552480,32,,,0,71,,552481,32,,,0,30,,552482,32,,,0,101,,552483,32,,,0,101,,552484,32,,,0,101,,552485,32,,,0,101,,552486,32,,,0,101,,552494,32,,,0,102,,552487,32,,,0,272,,552488,32,,,0,97,,552489,32,,,0,98,,552490,32,,,0,101,,552491,32,,,0,101,,552492,32,,,0,100,,552493,32,,,0
5701,'20260604',618,,552495,32,,,0,28,,552496,32,,,0,69,,552497,32,,,0,31,,552498,32,,,0,73,,552499,32,,,0,28,,552500,32,,,0,71,,552501,32,,,0,30,,552502,32,,,0,101,,552503,32,,,0,101,,552504,32,,,0,101,,552505,32,,,0,101,,552506,32,,,0,101,,552514,32,,,0,102,,552507,32,,,0,272,,552508,32,,,0,97,,552509,32,,,0,98,,552510,32,,,0,101,,552511,32,,,0,101,,552512,32,,,0,100,,552513,32,,,0
5701,'20260605',618,,552515,32,,,0,28,,552516,32,,,0,69,,552517,32,,,0,31,,552518,32,,,0,73,,552519,32,,,0,28,,552520,32,,,0,71,,552521,32,,,0,30,,552522,32,,,0,101,,552523,32,,,0,101,,552524,32,,,0,101,,552525,32,,,0,101,,552526,32,,,0,101,,552534,32,,,0,102,,552527,32,,,0,272,,552528,32,,,0,97,,552529,32,,,0,98,,552530,32,,,0,101,,552531,32,,,0,101,,552532,32,,,0,100,,552533,32,,,0
80003,'20260522',518,,532369,19,,,1,16,,532370,19,,,1,14,,532371,19,,,1,54,,532372,19,,,1,12,,532373,19,,,1,10,,532374,19,,,1,10,,532375,19,,,1,11,,532376,19,,,1,9,,532377,19,,,1,4,,532362,13,,,1,45,,532378,19,,,1,5,,532363,13,,,1,5,,532379,19,,,1,4,,532364,13,,,1,5,,532380,19,,,1,11,,532381,19,,,1,11,,532382,19,,,1,10,,532383,19,,,1,49,,532384,19,,,1,10,,532385,19,,,1,10,,532386,19,,,1,10,,532387,19,,,1,10,,532388,19,,,1,11,,532389,19,,,1,52,,532390,19,,,1,12,,532391,19,,,1,14,,532392,19,,,1,16,,532393,19,,,1,54,,532394,19,,,1,16,,532395,19,,,1,14,,532396,19,,,1,15,,532397,19,,,1,57,,532398,19,,,1,14,,532399,19,,,1,15,,532400,19,,,1,15,,532401,19,,,1,55,,532402,19,,,1,15,,532403,19,,,1,16,,532404,19,,,1,17,,532405,19,,,1,54,,532406,19,,,1,15,,532407,19,,,1,15,,532408,19,,,1,15,,532409,19,,,1,56,,532410,19,,,1,16,,532411,19,,,1,11,,532412,19,,,1,12,,532413,19,,,1,55,,532414,19,,,1,13,,532415,19,,,1,10,,532416,19,,,1,10,,532417,19,,,1,10,,532418,19,,,1,10,,532419,19,,,1,50,,532420,19,,,1,10,,532421,19,,,1,8,,532422,19,,,1,11,,532423,19,,,1,10,,532424,19,,,1,10,,532425,19,,,1,51,,532426,19,,,1,11,,532427,19,,,1,10,,532428,19,,,1,10,,532429,19,,,1,10,,532430,19,,,1,10,,532431,19,,,1,51,,532432,19,,,1,14,,532433,19,,,1,13,,532434,19,,,1,16,,532435,19,,,1,54,,532436,19,,,1,15,,532437,19,,,1,14,,532438,19,,,1,16,,532439,19,,,1,56,,532440,19,,,1,13,,532441,19,,,1,15,,532442,19,,,1,15,,532443,19,,,1,55,,532444,19,,,1,14,,532445,19,,,1,15,,532446,19,,,1,15,,532447,19,,,1,55,,532448,19,,,1,14,,532449,19,,,1,15,,532450,19,,,1,15,,532451,19,,,1,14,,532452,19,,,1,56,,532453,19,,,1,16,,532454,19,,,1,17,,532455,19,,,1,55,,532456,19,,,1,15,,532457,19,,,1,18,,532458,19,,,1,16,,532459,19,,,1
80003,'20260523',543,,565591,19,,,1,16,,565592,19,,,1,55,,565593,19,,,1,15,,565594,19,,,1,14,,565595,19,,,1,15,,565596,19,,,1,54,,565597,19,,,1,16,,565598,19,,,1,15,,565599,19,,,1,15,,565600,19,,,1,55,,565601,19,,,1,15,,565602,19,,,1,15,,565603,19,,,1,15,,565604,19,,,1,55,,565605,19,,,1,15,,565606,19,,,1,15,,565607,19,,,1,15,,565608,19,,,1,55,,565609,19,,,1,16,,565610,19,,,1,15,,565611,19,,,1,15,,565612,19,,,1,55,,565613,19,,,1,15,,565614,19,,,1,15,,565615,19,,,1,15,,565616,19,,,1,56,,565617,19,,,1,15,,565618,19,,,1,15,,565619,19,,,1,14,,565620,19,,,1,55,,565621,19,,,1,15,,565622,19,,,1,15,,565623,19,,,1,57,,565624,19,,,1,15,,565625,19,,,1,16,,565626,19,,,1,16,,565627,19,,,1,55,,565628,19,,,1,15,,565629,19,,,1,15,,565630,19,,,1,15,,565631,19,,,1,55,,565632,19,,,1,14,,565633,19,,,1,15,,565634,19,,,1,16,,565635,19,,,1,54,,565636,19,,,1,14,,565637,19,,,1,16,,565638,19,,,1,14,,565639,19,,,1,55,,565640,19,,,1,15,,565641,19,,,1,16,,565642,19,,,1,15,,565643,19,,,1,55,,565644,19,,,1,14,,565645,19,,,1,15,,565646,19,,,1,15,,565647,19,,,1,55,,565648,19,,,1,15,,565649,19,,,1,15,,565650,19,,,1,15,,565651,19,,,1,55,,565652,19,,,1,15,,565653,19,,,1,15,,565654,19,,,1,14,,565655,19,,,1,55,,565656,19,,,1,15,,565657,19,,,1,15,,565658,19,,,1,15,,565659,19,,,1,55,,565660,19,,,1,14,,565661,19,,,1,14,,565662,19,,,1,16,,565663,19,,,1,15,,565664,19,,,1,54,,565665,19,,,1,15,,565666,19,,,1,14,,565667,19,,,1
80003,'20260524',543,,565668,19,,,1,16,,565669,19,,,1,55,,565670,19,,,1,15,,565671,19,,,1,14,,565672,19,,,1,15,,565673,19,,,1,54,,565674,19,,,1,16,,565675,19,,,1,15,,565676,19,,,1,15,,565677,19,,,1,55,,565678,19,,,1,15,,565679,19,,,1,15,,565680,19,,,1,15,,565681,19,,,1,55,,565682,19,,,1,15,,565683,19,,,1,15,,565684,19,,,1,15,,565685,19,,,1,55,,565686,19,,,1,16,,565687,19,,,1,15,,565688,19,,,1,15,,565689,19,,,1,55,,565690,19,,,1,15,,565691,19,,,1,15,,565692,19,,,1,15,,565693,19,,,1,56,,565694,19,,,1,15,,565695,19,,,1,15,,565696,19,,,1,14,,565697,19,,,1,55,,565698,19,,,1,15,,565699,19,,,1,15,,565700,19,,,1,57,,565701,19,,,1,15,,565702,19,,,1,16,,565703,19,,,1,16,,565704,19,,,1,55,,565705,19,,,1,15,,565706,19,,,1,15,,565707,19,,,1,15,,565708,19,,,1,55,,565709,19,,,1,14,,565710,19,,,1,15,,565711,19,,,1,16,,565712,19,,,1,54,,565713,19,,,1,14,,565714,19,,,1,16,,565715,19,,,1,14,,565716,19,,,1,55,,565717,19,,,1,15,,565718,19,,,1,16,,565719,19,,,1,15,,565720,19,,,1,55,,565721,19,,,1,14,,565722,19,,,1,15,,565723,19,,,1,15,,565724,19,,,1,55,,565725,19,,,1,15,,565726,19,,,1,15,,565727,19,,,1,15,,565728,19,,,1,55,,565729,19,,,1,15,,565730,19,,,1,15,,565731,19,,,1,14,,565732,19,,,1,55,,565733,19,,,1,15,,565734,19,,,1,15,,565735,19,,,1,15,,565736,19,,,1,55,,565737,19,,,1,14,,565738,19,,,1,14,,565739,19,,,1,16,,565740,19,,,1,15,,565741,19,,,1,54,,565742,19,,,1,15,,565743,19,,,1,14,,565744,19,,,1
80003,'20260525',518,,565752,19,,,1,16,,565753,19,,,1,14,,565754,19,,,1,54,,565755,19,,,1,12,,565756,19,,,1,10,,565757,19,,,1,10,,565758,19,,,1,11,,565759,19,,,1,9,,565760,19,,,1,4,,565745,13,,,1,45,,565761,19,,,1,5,,565746,13,,,1,5,,565762,19,,,1,4,,565747,13,,,1,5,,565763,19,,,1,11,,565764,19,,,1,11,,565765,19,,,1,10,,565766,19,,,1,49,,565767,19,,,1,10,,565768,19,,,1,10,,565769,19,,,1,10,,565770,19,,,1,10,,565771,19,,,1,11,,565772,19,,,1,52,,565773,19,,,1,12,,565774,19,,,1,14,,565775,19,,,1,16,,565776,19,,,1,54,,565777,19,,,1,16,,565778,19,,,1,14,,565779,19,,,1,15,,565780,19,,,1,57,,565781,19,,,1,14,,565782,19,,,1,15,,565783,19,,,1,15,,565784,19,,,1,55,,565785,19,,,1,15,,565786,19,,,1,16,,565787,19,,,1,17,,565788,19,,,1,54,,565789,19,,,1,15,,565790,19,,,1,15,,565791,19,,,1,15,,565792,19,,,1,56,,565793,19,,,1,16,,565794,19,,,1,11,,565795,19,,,1,12,,565796,19,,,1,55,,565797,19,,,1,13,,565798,19,,,1,10,,565799,19,,,1,10,,565800,19,,,1,10,,565801,19,,,1,10,,565802,19,,,1,50,,565803,19,,,1,10,,565804,19,,,1,8,,565805,19,,,1,11,,565806,19,,,1,10,,565807,19,,,1,10,,565808,19,,,1,51,,565809,19,,,1,11,,565810,19,,,1,10,,565811,19,,,1,10,,565812,19,,,1,10,,565813,19,,,1,10,,565814,19,,,1,51,,565815,19,,,1,14,,565816,19,,,1,13,,565817,19,,,1,16,,565818,19,,,1,54,,565819,19,,,1,15,,565820,19,,,1,14,,565821,19,,,1,16,,565822,19,,,1,56,,565823,19,,,1,13,,565824,19,,,1,15,,565825,19,,,1,15,,565826,19,,,1,55,,565827,19,,,1,14,,565828,19,,,1,15,,565829,19,,,1,15,,565830,19,,,1,55,,565831,19,,,1,14,,565832,19,,,1,15,,565833,19,,,1,15,,565834,19,,,1,14,,565835,19,,,1,56,,565836,19,,,1,16,,565837,19,,,1,17,,565838,19,,,1,55,,565839,19,,,1,15,,565840,19,,,1,18,,565841,19,,,1,16,,565842,19,,,1
80003,'20260526',518,,565850,19,,,1,16,,565851,19,,,1,14,,565852,19,,,1,54,,565853,19,,,1,12,,565854,19,,,1,10,,565855,19,,,1,10,,565856,19,,,1,11,,565857,19,,,1,9,,565858,19,,,1,4,,565843,13,,,1,45,,565859,19,,,1,5,,565844,13,,,1,5,,565860,19,,,1,4,,565845,13,,,1,5,,565861,19,,,1,11,,565862,19,,,1,11,,565863,19,,,1,10,,565864,19,,,1,49,,565865,19,,,1,10,,565866,19,,,1,10,,565867,19,,,1,10,,565868,19,,,1,10,,565869,19,,,1,11,,565870,19,,,1,52,,565871,19,,,1,12,,565872,19,,,1,14,,565873,19,,,1,16,,565874,19,,,1,54,,565875,19,,,1,16,,565876,19,,,1,14,,565877,19,,,1,15,,565878,19,,,1,57,,565879,19,,,1,14,,565880,19,,,1,15,,565881,19,,,1,15,,565882,19,,,1,55,,565883,19,,,1,15,,565884,19,,,1,16,,565885,19,,,1,17,,565886,19,,,1,54,,565887,19,,,1,15,,565888,19,,,1,15,,565889,19,,,1,15,,565890,19,,,1,56,,565891,19,,,1,16,,565892,19,,,1,11,,565893,19,,,1,12,,565894,19,,,1,55,,565895,19,,,1,13,,565896,19,,,1,10,,565897,19,,,1,10,,565898,19,,,1,10,,565899,19,,,1,10,,565900,19,,,1,50,,565901,19,,,1,10,,565902,19,,,1,8,,565903,19,,,1,11,,565904,19,,,1,10,,565905,19,,,1,10,,565906,19,,,1,51,,565907,19,,,1,11,,565908,19,,,1,10,,565909,19,,,1,10,,565910,19,,,1,10,,565911,19,,,1,10,,565912,19,,,1,51,,565913,19,,,1,14,,565914,19,,,1,13,,565915,19,,,1,16,,565916,19,,,1,54,,565917,19,,,1,15,,565918,19,,,1,14,,565919,19,,,1,16,,565920,19,,,1,56,,565921,19,,,1,13,,565922,19,,,1,15,,565923,19,,,1,15,,565924,19,,,1,55,,565925,19,,,1,14,,565926,19,,,1,15,,565927,19,,,1,15,,565928,19,,,1,55,,565929,19,,,1,14,,565930,19,,,1,15,,565931,19,,,1,15,,565932,19,,,1,14,,565933,19,,,1,56,,565934,19,,,1,16,,565935,19,,,1,17,,565936,19,,,1,55,,565937,19,,,1,15,,565938,19,,,1,18,,565939,19,,,1,16,,565940,19,,,1
80003,'20260527',518,,565948,19,,,1,16,,565949,19,,,1,14,,565950,19,,,1,54,,565951,19,,,1,12,,565952,19,,,1,10,,565953,19,,,1,10,,565954,19,,,1,11,,565955,19,,,1,9,,565956,19,,,1,4,,565941,13,,,1,45,,565957,19,,,1,5,,565942,13,,,1,5,,565958,19,,,1,4,,565943,13,,,1,5,,565959,19,,,1,11,,565960,19,,,1,11,,565961,19,,,1,10,,565962,19,,,1,49,,565963,19,,,1,10,,565964,19,,,1,10,,565965,19,,,1,10,,565966,19,,,1,10,,565967,19,,,1,11,,565968,19,,,1,52,,565969,19,,,1,12,,565970,19,,,1,14,,565971,19,,,1,16,,565972,19,,,1,54,,565973,19,,,1,16,,565974,19,,,1,14,,565975,19,,,1,15,,565976,19,,,1,57,,565977,19,,,1,14,,565978,19,,,1,15,,565979,19,,,1,15,,565980,19,,,1,55,,565981,19,,,1,15,,565982,19,,,1,16,,565983,19,,,1,17,,565984,19,,,1,54,,565985,19,,,1,15,,565986,19,,,1,15,,565987,19,,,1,15,,565988,19,,,1,56,,565989,19,,,1,16,,565990,19,,,1,11,,565991,19,,,1,12,,565992,19,,,1,55,,565993,19,,,1,13,,565994,19,,,1,10,,565995,19,,,1,10,,565996,19,,,1,10,,565997,19,,,1,10,,565998,19,,,1,50,,565999,19,,,1,10,,566000,19,,,1,8,,566001,19,,,1,11,,566002,19,,,1,10,,566003,19,,,1,10,,566004,19,,,1,51,,566005,19,,,1,11,,566006,19,,,1,10,,566007,19,,,1,10,,566008,19,,,1,10,,566009,19,,,1,10,,566010,19,,,1,51,,566011,19,,,1,14,,566012,19,,,1,13,,566013,19,,,1,16,,566014,19,,,1,54,,566015,19,,,1,15,,566016,19,,,1,14,,566017,19,,,1,16,,566018,19,,,1,56,,566019,19,,,1,13,,566020,19,,,1,15,,566021,19,,,1,15,,566022,19,,,1,55,,566023,19,,,1,14,,566024,19,,,1,15,,566025,19,,,1,15,,566026,19,,,1,55,,566027,19,,,1,14,,566028,19,,,1,15,,566029,19,,,1,15,,566030,19,,,1,14,,566031,19,,,1,56,,566032,19,,,1,16,,566033,19,,,1,17,,566034,19,,,1,55,,566035,19,,,1,15,,566036,19,,,1,18,,566037,19,,,1,16,,566038,19,,,1
80003,'20260528',518,,566046,19,,,1,16,,566047,19,,,1,14,,566048,19,,,1,54,,566049,19,,,1,12,,566050,19,,,1,10,,566051,19,,,1,10,,566052,19,,,1,11,,566053,19,,,1,9,,566054,19,,,1,4,,566039,13,,,1,45,,566055,19,,,1,5,,566040,13,,,1,5,,566056,19,,,1,4,,566041,13,,,1,5,,566057,19,,,1,11,,566058,19,,,1,11,,566059,19,,,1,10,,566060,19,,,1,49,,566061,19,,,1,10,,566062,19,,,1,10,,566063,19,,,1,10,,566064,19,,,1,10,,566065,19,,,1,11,,566066,19,,,1,52,,566067,19,,,1,12,,566068,19,,,1,14,,566069,19,,,1,16,,566070,19,,,1,54,,566071,19,,,1,16,,566072,19,,,1,14,,566073,19,,,1,15,,566074,19,,,1,57,,566075,19,,,1,14,,566076,19,,,1,15,,566077,19,,,1,15,,566078,19,,,1,55,,566079,19,,,1,15,,566080,19,,,1,16,,566081,19,,,1,17,,566082,19,,,1,54,,566083,19,,,1,15,,566084,19,,,1,15,,566085,19,,,1,15,,566086,19,,,1,56,,566087,19,,,1,16,,566088,19,,,1,11,,566089,19,,,1,12,,566090,19,,,1,55,,566091,19,,,1,13,,566092,19,,,1,10,,566093,19,,,1,10,,566094,19,,,1,10,,566095,19,,,1,10,,566096,19,,,1,50,,566097,19,,,1,10,,566098,19,,,1,8,,566099,19,,,1,11,,566100,19,,,1,10,,566101,19,,,1,10,,566102,19,,,1,51,,566103,19,,,1,11,,566104,19,,,1,10,,566105,19,,,1,10,,566106,19,,,1,10,,566107,19,,,1,10,,566108,19,,,1,51,,566109,19,,,1,14,,566110,19,,,1,13,,566111,19,,,1,16,,566112,19,,,1,54,,566113,19,,,1,15,,566114,19,,,1,14,,566115,19,,,1,16,,566116,19,,,1,56,,566117,19,,,1,13,,566118,19,,,1,15,,566119,19,,,1,15,,566120,19,,,1,55,,566121,19,,,1,14,,566122,19,,,1,15,,566123,19,,,1,15,,566124,19,,,1,55,,566125,19,,,1,14,,566126,19,,,1,15,,566127,19,,,1,15,,566128,19,,,1,14,,566129,19,,,1,56,,566130,19,,,1,16,,566131,19,,,1,17,,566132,19,,,1,55,,566133,19,,,1,15,,566134,19,,,1,18,,566135,19,,,1,16,,566136,19,,,1
80003,'20260529',518,,532463,19,,,1,16,,532490,19,,,1,14,,532486,19,,,1,54,,532468,19,,,1,12,,532489,19,,,1,10,,532465,19,,,1,10,,532476,19,,,1,11,,532546,19,,,1,9,,532545,19,,,1,49,,532544,19,,,1,10,,532543,19,,,1,9,,532542,19,,,1,11,,532541,19,,,1,11,,532540,19,,,1,10,,532539,19,,,1,49,,532538,19,,,1,10,,532537,19,,,1,10,,532536,19,,,1,10,,532535,19,,,1,10,,532534,19,,,1,11,,532533,19,,,1,52,,532532,19,,,1,12,,532531,19,,,1,14,,532530,19,,,1,16,,532529,19,,,1,54,,532528,19,,,1,16,,532527,19,,,1,14,,532526,19,,,1,15,,532525,19,,,1,57,,532524,19,,,1,14,,532523,19,,,1,15,,532522,19,,,1,15,,532521,19,,,1,55,,532520,19,,,1,15,,532519,19,,,1,16,,532518,19,,,1,17,,532517,19,,,1,54,,532516,19,,,1,15,,532515,19,,,1,15,,532514,19,,,1,15,,532513,19,,,1,56,,532512,19,,,1,16,,532478,19,,,1,11,,532511,19,,,1,12,,532488,19,,,1,55,,532487,19,,,1,13,,532484,19,,,1,10,,532510,19,,,1,10,,532492,19,,,1,10,,532548,19,,,1,10,,532491,19,,,1,50,,532473,19,,,1,10,,532493,19,,,1,8,,532509,19,,,1,11,,532467,19,,,1,10,,532460,19,,,1,10,,532481,19,,,1,51,,532508,19,,,1,11,,532462,19,,,1,10,,532461,19,,,1,10,,532507,19,,,1,10,,532506,19,,,1,10,,532549,19,,,1,51,,532464,19,,,1,14,,532466,19,,,1,13,,532505,19,,,1,16,,532482,19,,,1,54,,532550,19,,,1,15,,532504,19,,,1,14,,532470,19,,,1,16,,532469,19,,,1,56,,532503,19,,,1,13,,532471,19,,,1,15,,532502,19,,,1,15,,532501,19,,,1,55,,532472,19,,,1,14,,532500,19,,,1,15,,532475,19,,,1,15,,532474,19,,,1,55,,532499,19,,,1,14,,532477,19,,,1,15,,532498,19,,,1,15,,532479,19,,,1,14,,532497,19,,,1,56,,532480,19,,,1,16,,532496,19,,,1,17,,532483,19,,,1,55,,532495,19,,,1,15,,532485,19,,,1,18,,532494,19,,,1,16,,532547,19,,,1
80003,'20260530',543,,532551,19,,,1,16,,532552,19,,,1,55,,532553,19,,,1,15,,532554,19,,,1,14,,532555,19,,,1,15,,532556,19,,,1,54,,532557,19,,,1,16,,532558,19,,,1,15,,532559,19,,,1,15,,532560,19,,,1,55,,532561,19,,,1,15,,532562,19,,,1,15,,532563,19,,,1,15,,532564,19,,,1,55,,532565,19,,,1,15,,532566,19,,,1,15,,532567,19,,,1,15,,532568,19,,,1,55,,532569,19,,,1,16,,532570,19,,,1,15,,532571,19,,,1,15,,532572,19,,,1,55,,532573,19,,,1,15,,532574,19,,,1,15,,532575,19,,,1,15,,532576,19,,,1,56,,532577,19,,,1,15,,532578,19,,,1,15,,532579,19,,,1,14,,532580,19,,,1,55,,532581,19,,,1,15,,532582,19,,,1,15,,532583,19,,,1,57,,532584,19,,,1,15,,532585,19,,,1,16,,532586,19,,,1,16,,532587,19,,,1,55,,532588,19,,,1,15,,532589,19,,,1,15,,532590,19,,,1,15,,532591,19,,,1,55,,532592,19,,,1,14,,532593,19,,,1,15,,532594,19,,,1,16,,532595,19,,,1,54,,532596,19,,,1,14,,532597,19,,,1,16,,532598,19,,,1,14,,532599,19,,,1,55,,532600,19,,,1,15,,532601,19,,,1,16,,532602,19,,,1,15,,532603,19,,,1,55,,532604,19,,,1,14,,532605,19,,,1,15,,532606,19,,,1,15,,532607,19,,,1,55,,532608,19,,,1,15,,532609,19,,,1,15,,532610,19,,,1,15,,532611,19,,,1,55,,532612,19,,,1,15,,532613,19,,,1,15,,532614,19,,,1,14,,532615,19,,,1,55,,532616,19,,,1,15,,532617,19,,,1,15,,532618,19,,,1,15,,532619,19,,,1,55,,532620,19,,,1,14,,532621,19,,,1,14,,532622,19,,,1,16,,532623,19,,,1,15,,532624,19,,,1,54,,532625,19,,,1,15,,532626,19,,,1,14,,532627,19,,,1
80003,'20260531',543,,532651,19,,,1,16,,532652,19,,,1,55,,532643,19,,,1,15,,532634,19,,,1,14,,532640,19,,,1,15,,532639,19,,,1,54,,532635,19,,,1,16,,532636,19,,,1,15,,532631,19,,,1,15,,532650,19,,,1,55,,532644,19,,,1,15,,532646,19,,,1,15,,532642,19,,,1,15,,532645,19,,,1,55,,532629,19,,,1,15,,532632,19,,,1,15,,532647,19,,,1,15,,532637,19,,,1,55,,532638,19,,,1,16,,532648,19,,,1,15,,532633,19,,,1,15,,532641,19,,,1,55,,532628,19,,,1,15,,532630,19,,,1,15,,532673,19,,,1,15,,532675,19,,,1,56,,532655,19,,,1,15,,532654,19,,,1,15,,532677,19,,,1,14,,532662,19,,,1,55,,532656,19,,,1,15,,532671,19,,,1,15,,532660,19,,,1,57,,532657,19,,,1,15,,532661,19,,,1,16,,532653,19,,,1,16,,532674,19,,,1,55,,532669,19,,,1,15,,532658,19,,,1,15,,532659,19,,,1,15,,532663,19,,,1,55,,532664,19,,,1,14,,532665,19,,,1,15,,532670,19,,,1,16,,532666,19,,,1,54,,532667,19,,,1,14,,532678,19,,,1,16,,532676,19,,,1,14,,532668,19,,,1,55,,532672,19,,,1,15,,532649,19,,,1,16,,532679,19,,,1,15,,532691,19,,,1,55,,532683,19,,,1,14,,532695,19,,,1,15,,532680,19,,,1,15,,532690,19,,,1,55,,532689,19,,,1,15,,532686,19,,,1,15,,532699,19,,,1,15,,532694,19,,,1,55,,532703,19,,,1,15,,532688,19,,,1,15,,532684,19,,,1,14,,532692,19,,,1,55,,532685,19,,,1,15,,532693,19,,,1,15,,532700,19,,,1,15,,532681,19,,,1,55,,532682,19,,,1,14,,532697,19,,,1,14,,532696,19,,,1,16,,532698,19,,,1,15,,532701,19,,,1,54,,532687,19,,,1,15,,532702,19,,,1,14,,532704,19,,,1
80003,'20260601',518,,532708,19,,,1,16,,532735,19,,,1,14,,532731,19,,,1,54,,532713,19,,,1,12,,532734,19,,,1,10,,532710,19,,,1,10,,532721,19,,,1,11,,532791,19,,,1,9,,532790,19,,,1,49,,532789,19,,,1,10,,532788,19,,,1,9,,532787,19,,,1,11,,532786,19,,,1,11,,532785,19,,,1,10,,532784,19,,,1,49,,532783,19,,,1,10,,532782,19,,,1,10,,532781,19,,,1,10,,532780,19,,,1,10,,532779,19,,,1,11,,532778,19,,,1,52,,532777,19,,,1,12,,532776,19,,,1,14,,532775,19,,,1,16,,532774,19,,,1,54,,532773,19,,,1,16,,532772,19,,,1,14,,532771,19,,,1,15,,532770,19,,,1,57,,532769,19,,,1,14,,532768,19,,,1,15,,532767,19,,,1,15,,532766,19,,,1,55,,532765,19,,,1,15,,532764,19,,,1,16,,532763,19,,,1,17,,532762,19,,,1,54,,532761,19,,,1,15,,532760,19,,,1,15,,532759,19,,,1,15,,532758,19,,,1,56,,532757,19,,,1,16,,532723,19,,,1,11,,532756,19,,,1,12,,532733,19,,,1,55,,532732,19,,,1,13,,532729,19,,,1,10,,532755,19,,,1,10,,532737,19,,,1,10,,532793,19,,,1,10,,532736,19,,,1,50,,532718,19,,,1,10,,532738,19,,,1,8,,532754,19,,,1,11,,532712,19,,,1,10,,532705,19,,,1,10,,532726,19,,,1,51,,532753,19,,,1,11,,532707,19,,,1,10,,532706,19,,,1,10,,532752,19,,,1,10,,532751,19,,,1,10,,532794,19,,,1,51,,532709,19,,,1,14,,532711,19,,,1,13,,532750,19,,,1,16,,532727,19,,,1,54,,532795,19,,,1,15,,532749,19,,,1,14,,532715,19,,,1,16,,532714,19,,,1,56,,532748,19,,,1,13,,532716,19,,,1,15,,532747,19,,,1,15,,532746,19,,,1,55,,532717,19,,,1,14,,532745,19,,,1,15,,532720,19,,,1,15,,532719,19,,,1,55,,532744,19,,,1,14,,532722,19,,,1,15,,532743,19,,,1,15,,532724,19,,,1,14,,532742,19,,,1,56,,532725,19,,,1,16,,532741,19,,,1,17,,532728,19,,,1,55,,532740,19,,,1,15,,532730,19,,,1,18,,532739,19,,,1,16,,532792,19,,,1
80003,'20260602',518,,532799,19,,,1,16,,532826,19,,,1,14,,532822,19,,,1,54,,532804,19,,,1,12,,532825,19,,,1,10,,532801,19,,,1,10,,532812,19,,,1,11,,532882,19,,,1,9,,532881,19,,,1,49,,532880,19,,,1,10,,532879,19,,,1,9,,532878,19,,,1,11,,532877,19,,,1,11,,532876,19,,,1,10,,532875,19,,,1,49,,532874,19,,,1,10,,532873,19,,,1,10,,532872,19,,,1,10,,532871,19,,,1,10,,532870,19,,,1,11,,532869,19,,,1,52,,532868,19,,,1,12,,532867,19,,,1,14,,532866,19,,,1,16,,532865,19,,,1,54,,532864,19,,,1,16,,532863,19,,,1,14,,532862,19,,,1,15,,532861,19,,,1,57,,532860,19,,,1,14,,532859,19,,,1,15,,532858,19,,,1,15,,532857,19,,,1,55,,532856,19,,,1,15,,532855,19,,,1,16,,532854,19,,,1,17,,532853,19,,,1,54,,532852,19,,,1,15,,532851,19,,,1,15,,532850,19,,,1,15,,532849,19,,,1,56,,532848,19,,,1,16,,532814,19,,,1,11,,532847,19,,,1,12,,532824,19,,,1,55,,532823,19,,,1,13,,532820,19,,,1,10,,532846,19,,,1,10,,532828,19,,,1,10,,532884,19,,,1,10,,532827,19,,,1,50,,532809,19,,,1,10,,532829,19,,,1,8,,532845,19,,,1,11,,532803,19,,,1,10,,532796,19,,,1,10,,532817,19,,,1,51,,532844,19,,,1,11,,532798,19,,,1,10,,532797,19,,,1,10,,532843,19,,,1,10,,532842,19,,,1,10,,532885,19,,,1,51,,532800,19,,,1,14,,532802,19,,,1,13,,532841,19,,,1,16,,532818,19,,,1,54,,532886,19,,,1,15,,532840,19,,,1,14,,532806,19,,,1,16,,532805,19,,,1,56,,532839,19,,,1,13,,532807,19,,,1,15,,532838,19,,,1,15,,532837,19,,,1,55,,532808,19,,,1,14,,532836,19,,,1,15,,532811,19,,,1,15,,532810,19,,,1,55,,532835,19,,,1,14,,532813,19,,,1,15,,532834,19,,,1,15,,532815,19,,,1,14,,532833,19,,,1,56,,532816,19,,,1,16,,532832,19,,,1,17,,532819,19,,,1,55,,532831,19,,,1,15,,532821,19,,,1,18,,532830,19,,,1,16,,532883,19,,,1
80003,'20260603',518,,566140,19,,,1,16,,566167,19,,,1,14,,566163,19,,,1,54,,566145,19,,,1,12,,566166,19,,,1,10,,566142,19,,,1,10,,566153,19,,,1,11,,566223,19,,,1,9,,566222,19,,,1,49,,566221,19,,,1,10,,566220,19,,,1,9,,566219,19,,,1,11,,566218,19,,,1,11,,566217,19,,,1,10,,566216,19,,,1,49,,566215,19,,,1,10,,566214,19,,,1,10,,566213,19,,,1,10,,566212,19,,,1,10,,566211,19,,,1,11,,566210,19,,,1,52,,566209,19,,,1,12,,566208,19,,,1,14,,566207,19,,,1,16,,566206,19,,,1,54,,566205,19,,,1,16,,566204,19,,,1,14,,566203,19,,,1,15,,566202,19,,,1,57,,566201,19,,,1,14,,566200,19,,,1,15,,566199,19,,,1,15,,566198,19,,,1,55,,566197,19,,,1,15,,566196,19,,,1,16,,566195,19,,,1,17,,566194,19,,,1,54,,566193,19,,,1,15,,566192,19,,,1,15,,566191,19,,,1,15,,566190,19,,,1,56,,566189,19,,,1,16,,566155,19,,,1,11,,566188,19,,,1,12,,566165,19,,,1,55,,566164,19,,,1,13,,566161,19,,,1,10,,566187,19,,,1,10,,566169,19,,,1,10,,566225,19,,,1,10,,566168,19,,,1,50,,566150,19,,,1,10,,566170,19,,,1,8,,566186,19,,,1,11,,566144,19,,,1,10,,566137,19,,,1,10,,566158,19,,,1,51,,566185,19,,,1,11,,566139,19,,,1,10,,566138,19,,,1,10,,566184,19,,,1,10,,566183,19,,,1,10,,566226,19,,,1,51,,566141,19,,,1,14,,566143,19,,,1,13,,566182,19,,,1,16,,566159,19,,,1,54,,566227,19,,,1,15,,566181,19,,,1,14,,566147,19,,,1,16,,566146,19,,,1,56,,566180,19,,,1,13,,566148,19,,,1,15,,566179,19,,,1,15,,566178,19,,,1,55,,566149,19,,,1,14,,566177,19,,,1,15,,566152,19,,,1,15,,566151,19,,,1,55,,566176,19,,,1,14,,566154,19,,,1,15,,566175,19,,,1,15,,566156,19,,,1,14,,566174,19,,,1,56,,566157,19,,,1,16,,566173,19,,,1,17,,566160,19,,,1,55,,566172,19,,,1,15,,566162,19,,,1,18,,566171,19,,,1,16,,566224,19,,,1
80003,'20260604',518,,566231,19,,,1,16,,566258,19,,,1,14,,566254,19,,,1,54,,566236,19,,,1,12,,566257,19,,,1,10,,566233,19,,,1,10,,566244,19,,,1,11,,566314,19,,,1,9,,566313,19,,,1,49,,566312,19,,,1,10,,566311,19,,,1,9,,566310,19,,,1,11,,566309,19,,,1,11,,566308,19,,,1,10,,566307,19,,,1,49,,566306,19,,,1,10,,566305,19,,,1,10,,566304,19,,,1,10,,566303,19,,,1,10,,566302,19,,,1,11,,566301,19,,,1,52,,566300,19,,,1,12,,566299,19,,,1,14,,566298,19,,,1,16,,566297,19,,,1,54,,566296,19,,,1,16,,566295,19,,,1,14,,566294,19,,,1,15,,566293,19,,,1,57,,566292,19,,,1,14,,566291,19,,,1,15,,566290,19,,,1,15,,566289,19,,,1,55,,566288,19,,,1,15,,566287,19,,,1,16,,566286,19,,,1,17,,566285,19,,,1,54,,566284,19,,,1,15,,566283,19,,,1,15,,566282,19,,,1,15,,566281,19,,,1,56,,566280,19,,,1,16,,566246,19,,,1,11,,566279,19,,,1,12,,566256,19,,,1,55,,566255,19,,,1,13,,566252,19,,,1,10,,566278,19,,,1,10,,566260,19,,,1,10,,566316,19,,,1,10,,566259,19,,,1,50,,566241,19,,,1,10,,566261,19,,,1,8,,566277,19,,,1,11,,566235,19,,,1,10,,566228,19,,,1,10,,566249,19,,,1,51,,566276,19,,,1,11,,566230,19,,,1,10,,566229,19,,,1,10,,566275,19,,,1,10,,566274,19,,,1,10,,566317,19,,,1,51,,566232,19,,,1,14,,566234,19,,,1,13,,566273,19,,,1,16,,566250,19,,,1,54,,566318,19,,,1,15,,566272,19,,,1,14,,566238,19,,,1,16,,566237,19,,,1,56,,566271,19,,,1,13,,566239,19,,,1,15,,566270,19,,,1,15,,566269,19,,,1,55,,566240,19,,,1,14,,566268,19,,,1,15,,566243,19,,,1,15,,566242,19,,,1,55,,566267,19,,,1,14,,566245,19,,,1,15,,566266,19,,,1,15,,566247,19,,,1,14,,566265,19,,,1,56,,566248,19,,,1,16,,566264,19,,,1,17,,566251,19,,,1,55,,566263,19,,,1,15,,566253,19,,,1,18,,566262,19,,,1,16,,566315,19,,,1
80003,'20260605',518,,566322,19,,,1,16,,566349,19,,,1,14,,566345,19,,,1,54,,566327,19,,,1,12,,566348,19,,,1,10,,566324,19,,,1,10,,566335,19,,,1,11,,566405,19,,,1,9,,566404,19,,,1,49,,566403,19,,,1,10,,566402,19,,,1,9,,566401,19,,,1,11,,566400,19,,,1,11,,566399,19,,,1,10,,566398,19,,,1,49,,566397,19,,,1,10,,566396,19,,,1,10,,566395,19,,,1,10,,566394,19,,,1,10,,566393,19,,,1,11,,566392,19,,,1,52,,566391,19,,,1,12,,566390,19,,,1,14,,566389,19,,,1,16,,566388,19,,,1,54,,566387,19,,,1,16,,566386,19,,,1,14,,566385,19,,,1,15,,566384,19,,,1,57,,566383,19,,,1,14,,566382,19,,,1,15,,566381,19,,,1,15,,566380,19,,,1,55,,566379,19,,,1,15,,566378,19,,,1,16,,566377,19,,,1,17,,566376,19,,,1,54,,566375,19,,,1,15,,566374,19,,,1,15,,566373,19,,,1,15,,566372,19,,,1,56,,566371,19,,,1,16,,566337,19,,,1,11,,566370,19,,,1,12,,566347,19,,,1,55,,566346,19,,,1,13,,566343,19,,,1,10,,566369,19,,,1,10,,566351,19,,,1,10,,566407,19,,,1,10,,566350,19,,,1,50,,566332,19,,,1,10,,566352,19,,,1,8,,566368,19,,,1,11,,566326,19,,,1,10,,566319,19,,,1,10,,566340,19,,,1,51,,566367,19,,,1,11,,566321,19,,,1,10,,566320,19,,,1,10,,566366,19,,,1,10,,566365,19,,,1,10,,566408,19,,,1,51,,566323,19,,,1,14,,566325,19,,,1,13,,566364,19,,,1,16,,566341,19,,,1,54,,566409,19,,,1,15,,566363,19,,,1,14,,566329,19,,,1,16,,566328,19,,,1,56,,566362,19,,,1,13,,566330,19,,,1,15,,566361,19,,,1,15,,566360,19,,,1,55,,566331,19,,,1,14,,566359,19,,,1,15,,566334,19,,,1,15,,566333,19,,,1,55,,566358,19,,,1,14,,566336,19,,,1,15,,566357,19,,,1,15,,566338,19,,,1,14,,566356,19,,,1,56,,566339,19,,,1,16,,566355,19,,,1,17,,566342,19,,,1,55,,566354,19,,,1,15,,566344,19,,,1,18,,566353,19,,,1,16,,566406,19,,,1
