8801,'20260317',657,,74847,13,,,0,2,,74848,13,,,0,70,,74849,13,,,0,30,,74850,13,,,0,70,,74851,13,,,0,130,,74852,13,,,0,570,,74853,13,,,0,30,,74854,13,,,0,100,,74855,13,,,0,169,,74856,13,,,0
8801,'20260318',657,,74857,13,,,0,2,,74858,13,,,0,70,,74859,13,,,0,30,,74860,13,,,0,70,,74861,13,,,0,130,,74862,13,,,0,570,,74863,13,,,0,30,,74864,13,,,0,100,,74865,13,,,0,169,,74866,13,,,0
8801,'20260319',657,,74867,13,,,0,2,,74868,13,,,0,70,,74869,13,,,0,30,,74870,13,,,0,70,,74871,13,,,0,130,,74872,13,,,0,570,,74873,13,,,0,30,,74874,13,,,0,100,,74875,13,,,0,169,,74876,13,,,0
8801,'20260320',657,,74877,13,,,0,2,,74878,13,,,0,70,,74879,13,,,0,30,,74880,13,,,0,70,,74881,13,,,0,130,,74882,13,,,0,570,,74883,13,,,0,30,,74884,13,,,0,100,,74885,13,,,0,169,,74886,13,,,0
8801,'20260323',657,,74896,13,,,0,2,,74887,13,,,0,71,,74888,13,,,0,70,,74889,13,,,0,30,,74890,13,,,0,129,,74894,13,,,0,571,,74891,13,,,0,70,,74892,13,,,0,100,,74893,13,,,0,128,,74895,13,,,0
8801,'20260324',657,,74906,13,,,0,2,,74897,13,,,0,71,,74898,13,,,0,70,,74899,13,,,0,30,,74900,13,,,0,129,,74904,13,,,0,571,,74901,13,,,0,70,,74902,13,,,0,100,,74903,13,,,0,128,,74905,13,,,0
8801,'20260325',657,,74916,13,,,0,2,,74907,13,,,0,71,,74908,13,,,0,70,,74909,13,,,0,30,,74910,13,,,0,129,,74914,13,,,0,571,,74911,13,,,0,70,,74912,13,,,0,100,,74913,13,,,0,128,,74915,13,,,0
8801,'20260326',657,,74926,13,,,0,2,,74917,13,,,0,71,,74918,13,,,0,70,,74919,13,,,0,30,,74920,13,,,0,129,,74924,13,,,0,571,,74921,13,,,0,70,,74922,13,,,0,100,,74923,13,,,0,128,,74925,13,,,0
8801,'20260327',657,,74936,13,,,0,2,,74927,13,,,0,71,,74928,13,,,0,70,,74929,13,,,0,30,,74930,13,,,0,129,,74934,13,,,0,571,,74931,13,,,0,70,,74932,13,,,0,100,,74933,13,,,0,128,,74935,13,,,0
8801,'20260330',657,,74946,13,,,0,2,,74937,13,,,0,71,,74938,13,,,0,70,,74939,13,,,0,30,,74940,13,,,0,129,,74944,13,,,0,571,,74941,13,,,0,70,,74942,13,,,0,100,,74943,13,,,0,128,,74945,13,,,0
8801,'20260331',657,,74956,13,,,0,2,,74947,13,,,0,71,,74948,13,,,0,70,,74949,13,,,0,30,,74950,13,,,0,129,,74954,13,,,0,571,,74951,13,,,0,70,,74952,13,,,0,100,,74953,13,,,0,128,,74955,13,,,0
