7900,'20260323',604,,119461,25,,,0,101,,119462,25,,,0,30,,119463,25,,,0,70,,119464,25,,,0,100,,119465,25,,,0,100,,119466,25,,,0,100,,119467,25,,,0,100,,119468,25,,,0,101,,119455,49,,,0,99,,119469,25,,,0,100,,119470,25,,,0,101,,119471,25,,,0,32,,119456,49,,,0,70,,119457,49,,,0,28,,119458,49,,,0,70,,119459,49,,,0,30,,119460,49,,,0,69,,119472,25,,,0,100,,119473,25,,,0,100,,119474,25,,,0,99,,119475,25,,,0,100,,119476,25,,,0
7900,'20260324',604,,119483,25,,,0,101,,119484,25,,,0,30,,119485,25,,,0,70,,119486,25,,,0,100,,119487,25,,,0,100,,119488,25,,,0,100,,119489,25,,,0,100,,119490,25,,,0,101,,119477,49,,,0,99,,119491,25,,,0,100,,119492,25,,,0,101,,119493,25,,,0,32,,119478,49,,,0,70,,119479,49,,,0,28,,119480,49,,,0,70,,119481,49,,,0,30,,119482,49,,,0,69,,119494,25,,,0,100,,119495,25,,,0,100,,119496,25,,,0,99,,119497,25,,,0,100,,119498,25,,,0
7900,'20260325',604,,119505,25,,,0,101,,119506,25,,,0,30,,119507,25,,,0,70,,119508,25,,,0,100,,119509,25,,,0,100,,119510,25,,,0,100,,119511,25,,,0,100,,119512,25,,,0,101,,119499,49,,,0,99,,119513,25,,,0,100,,119514,25,,,0,101,,119515,25,,,0,32,,119500,49,,,0,70,,119501,49,,,0,28,,119502,49,,,0,70,,119503,49,,,0,30,,119504,49,,,0,69,,119516,25,,,0,100,,119517,25,,,0,100,,119518,25,,,0,99,,119519,25,,,0,100,,119520,25,,,0
7900,'20260326',604,,119527,25,,,0,101,,119528,25,,,0,30,,119529,25,,,0,70,,119530,25,,,0,100,,119531,25,,,0,100,,119532,25,,,0,100,,119533,25,,,0,100,,119534,25,,,0,101,,119521,49,,,0,99,,119535,25,,,0,100,,119536,25,,,0,101,,119537,25,,,0,32,,119522,49,,,0,70,,119523,49,,,0,28,,119524,49,,,0,70,,119525,49,,,0,30,,119526,49,,,0,69,,119538,25,,,0,100,,119539,25,,,0,100,,119540,25,,,0,99,,119541,25,,,0,100,,119542,25,,,0
7900,'20260327',604,,119549,25,,,0,101,,119550,25,,,0,30,,119551,25,,,0,70,,119552,25,,,0,100,,119553,25,,,0,100,,119554,25,,,0,100,,119555,25,,,0,100,,119556,25,,,0,101,,119543,49,,,0,99,,119557,25,,,0,100,,119558,25,,,0,101,,119559,25,,,0,32,,119544,49,,,0,70,,119545,49,,,0,28,,119546,49,,,0,70,,119547,49,,,0,30,,119548,49,,,0,69,,119560,25,,,0,100,,119561,25,,,0,100,,119562,25,,,0,99,,119563,25,,,0,100,,119564,25,,,0
7900,'20260328',734,,70590,25,,,0,70,,70581,25,,,0,100,,70582,25,,,0,100,,70583,25,,,0,100,,70579,25,,,0,100,,70585,25,,,0,100,,70574,25,,,0,101,,70586,25,,,0,100,,70580,25,,,0,100,,70588,25,,,0,100,,70575,25,,,0,100,,70576,25,,,0,99,,70589,25,,,0,100,,70587,25,,,0,100,,70577,25,,,0,100,,70584,25,,,0,100,,70578,25,,,0
7900,'20260329',734,,70607,25,,,0,70,,70598,25,,,0,100,,70599,25,,,0,100,,70600,25,,,0,100,,70595,25,,,0,100,,70601,25,,,0,100,,70591,25,,,0,101,,70602,25,,,0,100,,70596,25,,,0,100,,70603,25,,,0,100,,70592,25,,,0,100,,70593,25,,,0,99,,70604,25,,,0,100,,70605,25,,,0,100,,70597,25,,,0,100,,70606,25,,,0,100,,70594,25,,,0
7900,'20260330',604,,70628,25,,,0,101,,70626,25,,,0,30,,70629,25,,,0,70,,70624,25,,,0,100,,70627,25,,,0,100,,70625,25,,,0,100,,70608,25,,,0,100,,70609,25,,,0,101,,70610,49,,,0,99,,70611,25,,,0,100,,70612,25,,,0,101,,70613,25,,,0,32,,70614,49,,,0,70,,70615,49,,,0,28,,70616,49,,,0,70,,70617,49,,,0,30,,70618,49,,,0,69,,70619,25,,,0,100,,70620,25,,,0,100,,70621,25,,,0,99,,70622,25,,,0,100,,70623,25,,,0
7900,'20260331',604,,70650,25,,,0,101,,70648,25,,,0,30,,70651,25,,,0,70,,70646,25,,,0,100,,70649,25,,,0,100,,70647,25,,,0,100,,70630,25,,,0,100,,70631,25,,,0,101,,70632,49,,,0,99,,70633,25,,,0,100,,70634,25,,,0,101,,70635,25,,,0,32,,70636,49,,,0,70,,70637,49,,,0,28,,70638,49,,,0,70,,70639,49,,,0,30,,70640,49,,,0,69,,70641,25,,,0,100,,70642,25,,,0,100,,70643,25,,,0,99,,70644,25,,,0,100,,70645,25,,,0
7900,'20260401',604,,119585,25,,,0,101,,119583,25,,,0,30,,119586,25,,,0,70,,119581,25,,,0,100,,119584,25,,,0,100,,119582,25,,,0,100,,119565,25,,,0,100,,119566,25,,,0,101,,119567,49,,,0,99,,119568,25,,,0,100,,119569,25,,,0,101,,119570,25,,,0,32,,119571,49,,,0,70,,119572,49,,,0,28,,119573,49,,,0,70,,119574,49,,,0,30,,119575,49,,,0,69,,119576,25,,,0,100,,119577,25,,,0,100,,119578,25,,,0,99,,119579,25,,,0,100,,119580,25,,,0
7900,'20260402',604,,119607,25,,,0,101,,119605,25,,,0,30,,119608,25,,,0,70,,119603,25,,,0,100,,119606,25,,,0,100,,119604,25,,,0,100,,119587,25,,,0,100,,119588,25,,,0,101,,119589,49,,,0,99,,119590,25,,,0,100,,119591,25,,,0,101,,119592,25,,,0,32,,119593,49,,,0,70,,119594,49,,,0,28,,119595,49,,,0,70,,119596,49,,,0,30,,119597,49,,,0,69,,119598,25,,,0,100,,119599,25,,,0,100,,119600,25,,,0,99,,119601,25,,,0,100,,119602,25,,,0
7900,'20260403',734,,119625,25,,,0,70,,119616,25,,,0,100,,119617,25,,,0,100,,119618,25,,,0,100,,119614,25,,,0,100,,119620,25,,,0,100,,119609,25,,,0,101,,119621,25,,,0,100,,119615,25,,,0,100,,119623,25,,,0,100,,119610,25,,,0,100,,119611,25,,,0,99,,119624,25,,,0,100,,119622,25,,,0,100,,119612,25,,,0,100,,119619,25,,,0,100,,119613,25,,,0
7900,'20260404',734,,119642,25,,,0,70,,119633,25,,,0,100,,119634,25,,,0,100,,119635,25,,,0,100,,119631,25,,,0,100,,119637,25,,,0,100,,119626,25,,,0,101,,119638,25,,,0,100,,119632,25,,,0,100,,119640,25,,,0,100,,119627,25,,,0,100,,119628,25,,,0,99,,119641,25,,,0,100,,119639,25,,,0,100,,119629,25,,,0,100,,119636,25,,,0,100,,119630,25,,,0
7900,'20260405',734,,119659,25,,,0,70,,119650,25,,,0,100,,119651,25,,,0,100,,119652,25,,,0,100,,119647,25,,,0,100,,119653,25,,,0,100,,119643,25,,,0,101,,119654,25,,,0,100,,119648,25,,,0,100,,119655,25,,,0,100,,119644,25,,,0,100,,119645,25,,,0,99,,119656,25,,,0,100,,119657,25,,,0,100,,119649,25,,,0,100,,119658,25,,,0,100,,119646,25,,,0
7900,'20260406',734,,119676,25,,,0,70,,119667,25,,,0,100,,119668,25,,,0,100,,119669,25,,,0,100,,119664,25,,,0,100,,119670,25,,,0,100,,119660,25,,,0,101,,119671,25,,,0,100,,119665,25,,,0,100,,119672,25,,,0,100,,119661,25,,,0,100,,119662,25,,,0,99,,119673,25,,,0,100,,119674,25,,,0,100,,119666,25,,,0,100,,119675,25,,,0,100,,119663,25,,,0
27900,'20260323',1628,,126299,38,4,,0,72,,126300,38,4,,0,34,,126301,38,4,,0,79,,126302,38,4,,0
27900,'20260324',1628,,126303,38,4,,0,72,,126304,38,4,,0,34,,126305,38,4,,0,79,,126306,38,4,,0
27900,'20260325',1628,,126307,38,4,,0,72,,126308,38,4,,0,34,,126309,38,4,,0,79,,126310,38,4,,0
27900,'20260326',1628,,126311,38,4,,0,72,,126312,38,4,,0,34,,126313,38,4,,0,79,,126314,38,4,,0
27900,'20260327',1628,,126315,38,4,,0,72,,126316,38,4,,0,34,,126317,38,4,,0,79,,126318,38,4,,0
27900,'20260330',1628,,80221,38,4,,0,72,,80224,38,4,,0,34,,80223,38,4,,0,79,,80222,38,4,,0
27900,'20260331',1628,,80225,38,4,,0,72,,80228,38,4,,0,34,,80227,38,4,,0,79,,80226,38,4,,0
27900,'20260401',1628,,126319,38,4,,0,72,,126322,38,4,,0,34,,126321,38,4,,0,79,,126320,38,4,,0
27900,'20260402',1628,,126323,38,4,,0,72,,126326,38,4,,0,34,,126325,38,4,,0,79,,126324,38,4,,0
