5102,'20260616',643,,709290,18,,,0,105,,709291,18,,,0,95,,709292,18,,,0,100,,709293,18,,,0,101,,709294,18,,,0,99,,709295,18,,,0,99,,709296,18,,,0,100,,709297,18,,,0,99,,709298,18,,,0,101,,709299,18,,,0,104,,709300,18,,,0,96,,709301,18,,,0,100,,709302,18,,,0,100,,709303,18,,,0,100,,709304,18,,,0,101,,709305,18,,,0,100,,709306,18,,,0,100,,709307,18,,,0
5102,'20260617',643,,709308,18,,,0,105,,709309,18,,,0,95,,709310,18,,,0,100,,709311,18,,,0,101,,709312,18,,,0,99,,709313,18,,,0,99,,709314,18,,,0,100,,709315,18,,,0,99,,709316,18,,,0,101,,709317,18,,,0,104,,709318,18,,,0,96,,709319,18,,,0,100,,709320,18,,,0,100,,709321,18,,,0,100,,709322,18,,,0,101,,709323,18,,,0,100,,709324,18,,,0,100,,709325,18,,,0
5102,'20260618',643,,709326,18,,,0,105,,709327,18,,,0,95,,709328,18,,,0,100,,709329,18,,,0,101,,709330,18,,,0,99,,709331,18,,,0,99,,709332,18,,,0,100,,709333,18,,,0,99,,709334,18,,,0,101,,709335,18,,,0,104,,709336,18,,,0,96,,709337,18,,,0,100,,709338,18,,,0,100,,709339,18,,,0,100,,709340,18,,,0,101,,709341,18,,,0,100,,709342,18,,,0,100,,709343,18,,,0
5102,'20260619',643,,744110,18,,,0,105,,744111,18,,,0,95,,744112,18,,,0,100,,744113,18,,,0,101,,744114,18,,,0,99,,744115,18,,,0,99,,744116,18,,,0,100,,744117,18,,,0,99,,744118,18,,,0,101,,744119,18,,,0,104,,744120,18,,,0,96,,744121,18,,,0,100,,744122,18,,,0,100,,744123,18,,,0,100,,744124,18,,,0,101,,744125,18,,,0,100,,744126,18,,,0,100,,744127,18,,,0
5102,'20260620',746,,744128,18,,,0,100,,744129,18,,,0,100,,744130,18,,,0,100,,744131,18,,,0,100,,744132,18,,,0,100,,744133,18,,,0,101,,744134,18,,,0,100,,744135,18,,,0,100,,744136,18,,,0,104,,744137,18,,,0,104,,744138,18,,,0,90,,744139,18,,,0,101,,744140,18,,,0,100,,744141,18,,,0,100,,744142,18,,,0,100,,744143,18,,,0,100,,744144,18,,,0
5102,'20260621',746,,744161,18,,,0,100,,744160,18,,,0,100,,744145,18,,,0,100,,744146,18,,,0,100,,744147,18,,,0,100,,744148,18,,,0,101,,744149,18,,,0,100,,744150,18,,,0,100,,744151,18,,,0,104,,744152,18,,,0,104,,744153,18,,,0,90,,744154,18,,,0,101,,744155,18,,,0,100,,744156,18,,,0,100,,744157,18,,,0,100,,744158,18,,,0,100,,744159,18,,,0
5102,'20260622',643,,744162,18,,,0,105,,744163,18,,,0,95,,744164,18,,,0,100,,744165,18,,,0,101,,744166,18,,,0,99,,744167,18,,,0,99,,744168,18,,,0,100,,744169,18,,,0,99,,744170,18,,,0,101,,744176,18,,,0,104,,744177,18,,,0,96,,744178,18,,,0,100,,744171,18,,,0,100,,744172,18,,,0,100,,744173,18,,,0,101,,744174,18,,,0,100,,744175,18,,,0,100,,744179,18,,,0
5102,'20260623',643,,744180,18,,,0,105,,744181,18,,,0,95,,744182,18,,,0,100,,744183,18,,,0,101,,744184,18,,,0,99,,744185,18,,,0,99,,744186,18,,,0,100,,744187,18,,,0,99,,744188,18,,,0,101,,744194,18,,,0,104,,744195,18,,,0,96,,744196,18,,,0,100,,744189,18,,,0,100,,744190,18,,,0,100,,744191,18,,,0,101,,744192,18,,,0,100,,744193,18,,,0,100,,744197,18,,,0
5102,'20260624',746,,709378,18,,,0,100,,709377,18,,,0,100,,709362,18,,,0,100,,709363,18,,,0,100,,709364,18,,,0,100,,709365,18,,,0,101,,709366,18,,,0,100,,709367,18,,,0,100,,709368,18,,,0,104,,709369,18,,,0,104,,709370,18,,,0,90,,709371,18,,,0,101,,709372,18,,,0,100,,709373,18,,,0,100,,709374,18,,,0,100,,709375,18,,,0,100,,709376,18,,,0
5102,'20260625',643,,709379,18,,,0,105,,709380,18,,,0,95,,709381,18,,,0,100,,709382,18,,,0,101,,709383,18,,,0,99,,709384,18,,,0,99,,709385,18,,,0,100,,709386,18,,,0,99,,709387,18,,,0,101,,709393,18,,,0,104,,709394,18,,,0,96,,709395,18,,,0,100,,709388,18,,,0,100,,709389,18,,,0,100,,709390,18,,,0,101,,709391,18,,,0,100,,709392,18,,,0,100,,709396,18,,,0
5102,'20260626',643,,709397,18,,,0,105,,709398,18,,,0,95,,709399,18,,,0,100,,709400,18,,,0,101,,709401,18,,,0,99,,709402,18,,,0,99,,709403,18,,,0,100,,709404,18,,,0,99,,709405,18,,,0,101,,709411,18,,,0,104,,709412,18,,,0,96,,709413,18,,,0,100,,709406,18,,,0,100,,709407,18,,,0,100,,709408,18,,,0,101,,709409,18,,,0,100,,709410,18,,,0,100,,709414,18,,,0
5102,'20260627',746,,744198,18,,,0,100,,744199,18,,,0,100,,744200,18,,,0,100,,744201,18,,,0,100,,744202,18,,,0,100,,744203,18,,,0,101,,744204,18,,,0,100,,744205,18,,,0,100,,744206,18,,,0,104,,744207,18,,,0,104,,744208,18,,,0,90,,744209,18,,,0,101,,744210,18,,,0,100,,744211,18,,,0,100,,744212,18,,,0,100,,744213,18,,,0,100,,744214,18,,,0
5102,'20260628',746,,744231,18,,,0,100,,744230,18,,,0,100,,744215,18,,,0,100,,744216,18,,,0,100,,744217,18,,,0,100,,744218,18,,,0,101,,744219,18,,,0,100,,744220,18,,,0,100,,744221,18,,,0,104,,744222,18,,,0,104,,744223,18,,,0,90,,744224,18,,,0,101,,744225,18,,,0,100,,744226,18,,,0,100,,744227,18,,,0,100,,744228,18,,,0,100,,744229,18,,,0
5102,'20260629',643,,744232,18,,,0,105,,744233,18,,,0,95,,744234,18,,,0,100,,744235,18,,,0,101,,744236,18,,,0,99,,744237,18,,,0,99,,744238,18,,,0,100,,744239,18,,,0,99,,744240,18,,,0,101,,744246,18,,,0,104,,744247,18,,,0,96,,744248,18,,,0,100,,744241,18,,,0,100,,744242,18,,,0,100,,744243,18,,,0,101,,744244,18,,,0,100,,744245,18,,,0,100,,744249,18,,,0
5102,'20260630',643,,744250,18,,,0,105,,744251,18,,,0,95,,744252,18,,,0,100,,744253,18,,,0,101,,744254,18,,,0,99,,744255,18,,,0,99,,744256,18,,,0,100,,744257,18,,,0,99,,744258,18,,,0,101,,744264,18,,,0,104,,744265,18,,,0,96,,744266,18,,,0,100,,744259,18,,,0,100,,744260,18,,,0,100,,744261,18,,,0,101,,744262,18,,,0,100,,744263,18,,,0,100,,744267,18,,,0
25000,'20260616',1535,,721563,23,4,,0,71,,721564,23,4,,0,18,,721565,23,4,,0,14,,721566,23,4,,0,68,,721567,23,4,,0,29,,721568,23,4,,0,15,,721569,23,4,,0,55,,721570,23,4,,0
25000,'20260617',1535,,721571,23,4,,0,71,,721572,23,4,,0,18,,721573,23,4,,0,14,,721574,23,4,,0,68,,721575,23,4,,0,29,,721576,23,4,,0,15,,721577,23,4,,0,55,,721578,23,4,,0
25000,'20260618',1535,,721579,23,4,,0,71,,721580,23,4,,0,18,,721581,23,4,,0,14,,721582,23,4,,0,68,,721583,23,4,,0,29,,721584,23,4,,0,15,,721585,23,4,,0,55,,721586,23,4,,0
25000,'20260619',1535,,754655,23,4,,0,71,,754656,23,4,,0,18,,754657,23,4,,0,14,,754658,23,4,,0,68,,754659,23,4,,0,29,,754660,23,4,,0,15,,754661,23,4,,0,55,,754662,23,4,,0
25000,'20260622',1532,,754663,23,4,,0,72,,754664,23,4,,0,17,,754665,23,4,,0,14,,754666,23,4,,0,69,,754667,23,4,,0,28,,754668,23,4,,0,69,,754669,23,4,,0
25000,'20260623',1532,,754670,23,4,,0,72,,754671,23,4,,0,17,,754672,23,4,,0,14,,754673,23,4,,0,69,,754674,23,4,,0,28,,754675,23,4,,0,69,,754676,23,4,,0
25000,'20260625',1532,,721594,23,4,,0,72,,721595,23,4,,0,17,,721596,23,4,,0,14,,721597,23,4,,0,69,,721598,23,4,,0,28,,721599,23,4,,0,69,,721600,23,4,,0
25000,'20260626',1532,,721601,23,4,,0,72,,721602,23,4,,0,17,,721603,23,4,,0,14,,721604,23,4,,0,69,,721605,23,4,,0,28,,721606,23,4,,0,69,,721607,23,4,,0
25000,'20260629',1532,,754677,23,4,,0,72,,754678,23,4,,0,17,,754679,23,4,,0,14,,754680,23,4,,0,69,,754681,23,4,,0,28,,754682,23,4,,0,69,,754683,23,4,,0
25000,'20260630',1532,,754684,23,4,,0,72,,754685,23,4,,0,17,,754686,23,4,,0,14,,754687,23,4,,0,69,,754688,23,4,,0,28,,754689,23,4,,0,69,,754690,23,4,,0
35000,'20260616',1249,,723151,28,4,,0,304,,723152,28,4,,0,103,,723153,28,4,,0,93,,723154,28,4,,0,108,,723155,28,4,,0
35000,'20260617',1249,,723156,28,4,,0,304,,723157,28,4,,0,103,,723158,28,4,,0,93,,723159,28,4,,0,108,,723160,28,4,,0
35000,'20260618',1249,,723161,28,4,,0,304,,723162,28,4,,0,103,,723163,28,4,,0,93,,723164,28,4,,0,108,,723165,28,4,,0
35000,'20260619',1249,,755693,28,4,,0,304,,755694,28,4,,0,103,,755695,28,4,,0,93,,755696,28,4,,0,108,,755697,28,4,,0
55000,'20260616',1540,,723804,26,4,,0,71,,723805,26,4,,0,95,,723806,26,4,,0,19,,723807,26,4,,0,79,,723808,26,4,,0
55000,'20260617',1540,,723809,26,4,,0,71,,723810,26,4,,0,95,,723811,26,4,,0,19,,723812,26,4,,0,79,,723813,26,4,,0
55000,'20260618',1540,,723814,26,4,,0,71,,723815,26,4,,0,95,,723816,26,4,,0,19,,723817,26,4,,0,79,,723818,26,4,,0
55000,'20260619',1540,,756048,26,4,,0,71,,756049,26,4,,0,95,,756050,26,4,,0,19,,756051,26,4,,0,79,,756052,26,4,,0
55000,'20260622',1621,,756055,26,4,,0,87,,756054,26,4,,0,24,,756053,26,4,,0,70,,756056,26,4,,0
55000,'20260623',1621,,756059,26,4,,0,87,,756058,26,4,,0,24,,756057,26,4,,0,70,,756060,26,4,,0
55000,'20260625',1621,,723825,26,4,,0,87,,723824,26,4,,0,24,,723823,26,4,,0,70,,723826,26,4,,0
55000,'20260626',1621,,723829,26,4,,0,87,,723828,26,4,,0,24,,723827,26,4,,0,70,,723830,26,4,,0
55000,'20260629',1621,,756063,26,4,,0,87,,756062,26,4,,0,24,,756061,26,4,,0,70,,756064,26,4,,0
55000,'20260630',1621,,756067,26,4,,0,87,,756066,26,4,,0,24,,756065,26,4,,0,70,,756068,26,4,,0
80002,'20260616',616,,724670,28,,,1,16,,724671,28,,,1,10,,724672,28,,,1,9,,724673,28,,,1,51,,724674,28,,,1,10,,724675,28,,,1,10,,724676,28,,,1,12,,724677,28,,,1,12,,724678,28,,,1,9,,724679,28,,,1,50,,724680,28,,,1,11,,724681,28,,,1,9,,724682,28,,,1,10,,724683,28,,,1,9,,724684,28,,,1,12,,724685,28,,,1,49,,724686,28,,,1,9,,724687,28,,,1,10,,724688,28,,,1,9,,724689,28,,,1,11,,724690,28,,,1,14,,724691,28,,,1,56,,724692,28,,,1,17,,724693,28,,,1,14,,724694,28,,,1,55,,724695,28,,,1,15,,724696,28,,,1,15,,724697,28,,,1,15,,724698,28,,,1,56,,724699,28,,,1,17,,724700,28,,,1,14,,724701,28,,,1,15,,724702,28,,,1,55,,724703,28,,,1,15,,724704,28,,,1,16,,724705,28,,,1,16,,724706,28,,,1,57,,724707,28,,,1,16,,724708,28,,,1,15,,724709,28,,,1,15,,724710,28,,,1,55,,724711,28,,,1,12,,724712,28,,,1,12,,724713,28,,,1,13,,724714,28,,,1,11,,724715,28,,,1,52,,724716,28,,,1,12,,724717,28,,,1,11,,724718,28,,,1,10,,724719,28,,,1,10,,724720,28,,,1,50,,724721,28,,,1,9,,724722,28,,,1,8,,724723,28,,,1,11,,724724,28,,,1,8,,724725,28,,,1,9,,724726,28,,,1,10,,724727,28,,,1,51,,724728,28,,,1,9,,724729,28,,,1,10,,724730,28,,,1,9,,724731,28,,,1,11,,724732,28,,,1,55,,724733,28,,,1,16,,724734,28,,,1,16,,724735,28,,,1,13,,724736,28,,,1,55,,724737,28,,,1,15,,724738,28,,,1,15,,724739,28,,,1,15,,724740,28,,,1,55,,724741,28,,,1,15,,724742,28,,,1,15,,724743,28,,,1,13,,724744,28,,,1,15,,724745,28,,,1,55,,724746,28,,,1,15,,724747,28,,,1,16,,724748,28,,,1,56,,724749,28,,,1,17,,724750,28,,,1,15,,724751,28,,,1,14,,724752,28,,,1,55,,724753,28,,,1,15,,724754,28,,,1,14,,724755,28,,,1,15,,724756,28,,,1,14,,724757,28,,,1,55,,724758,28,,,1,16,,724759,28,,,1,16,,724760,28,,,1,55,,724761,28,,,1,15,,724669,28,,,1
80002,'20260617',616,,724768,28,,,1,16,,724769,28,,,1,10,,724770,28,,,1,9,,724771,28,,,1,51,,724772,28,,,1,10,,724773,28,,,1,10,,724774,28,,,1,12,,724775,28,,,1,12,,724776,28,,,1,9,,724777,28,,,1,50,,724778,28,,,1,11,,724779,28,,,1,9,,724780,28,,,1,10,,724781,28,,,1,9,,724782,28,,,1,12,,724783,28,,,1,49,,724784,28,,,1,9,,724785,28,,,1,10,,724786,28,,,1,9,,724787,28,,,1,11,,724788,28,,,1,14,,724789,28,,,1,56,,724790,28,,,1,17,,724791,28,,,1,14,,724792,28,,,1,55,,724793,28,,,1,15,,724794,28,,,1,15,,724795,28,,,1,15,,724796,28,,,1,56,,724797,28,,,1,17,,724798,28,,,1,14,,724799,28,,,1,15,,724800,28,,,1,55,,724801,28,,,1,15,,724802,28,,,1,16,,724803,28,,,1,16,,724804,28,,,1,57,,724805,28,,,1,16,,724806,28,,,1,15,,724807,28,,,1,15,,724808,28,,,1,55,,724809,28,,,1,12,,724810,28,,,1,12,,724811,28,,,1,13,,724812,28,,,1,11,,724813,28,,,1,52,,724814,28,,,1,12,,724815,28,,,1,11,,724816,28,,,1,10,,724817,28,,,1,10,,724818,28,,,1,50,,724819,28,,,1,9,,724820,28,,,1,8,,724821,28,,,1,11,,724822,28,,,1,8,,724823,28,,,1,9,,724824,28,,,1,10,,724825,28,,,1,51,,724826,28,,,1,9,,724827,28,,,1,10,,724828,28,,,1,9,,724829,28,,,1,11,,724830,28,,,1,55,,724831,28,,,1,16,,724832,28,,,1,16,,724833,28,,,1,13,,724834,28,,,1,55,,724835,28,,,1,15,,724836,28,,,1,15,,724837,28,,,1,15,,724838,28,,,1,55,,724839,28,,,1,15,,724840,28,,,1,15,,724841,28,,,1,13,,724842,28,,,1,15,,724843,28,,,1,55,,724844,28,,,1,15,,724845,28,,,1,16,,724846,28,,,1,56,,724847,28,,,1,17,,724848,28,,,1,15,,724849,28,,,1,14,,724850,28,,,1,55,,724851,28,,,1,15,,724852,28,,,1,14,,724853,28,,,1,15,,724854,28,,,1,14,,724855,28,,,1,55,,724856,28,,,1,16,,724857,28,,,1,16,,724858,28,,,1,55,,724859,28,,,1,15,,724767,28,,,1
80002,'20260618',616,,724866,28,,,1,16,,724867,28,,,1,10,,724868,28,,,1,9,,724869,28,,,1,51,,724870,28,,,1,10,,724871,28,,,1,10,,724872,28,,,1,12,,724873,28,,,1,12,,724874,28,,,1,9,,724875,28,,,1,50,,724876,28,,,1,11,,724877,28,,,1,9,,724878,28,,,1,10,,724879,28,,,1,9,,724880,28,,,1,12,,724881,28,,,1,49,,724882,28,,,1,9,,724883,28,,,1,10,,724884,28,,,1,9,,724885,28,,,1,11,,724886,28,,,1,14,,724887,28,,,1,56,,724888,28,,,1,17,,724889,28,,,1,14,,724890,28,,,1,55,,724891,28,,,1,15,,724892,28,,,1,15,,724893,28,,,1,15,,724894,28,,,1,56,,724895,28,,,1,17,,724896,28,,,1,14,,724897,28,,,1,15,,724898,28,,,1,55,,724899,28,,,1,15,,724900,28,,,1,16,,724901,28,,,1,16,,724902,28,,,1,57,,724903,28,,,1,16,,724904,28,,,1,15,,724905,28,,,1,15,,724906,28,,,1,55,,724907,28,,,1,12,,724908,28,,,1,12,,724909,28,,,1,13,,724910,28,,,1,11,,724911,28,,,1,52,,724912,28,,,1,12,,724913,28,,,1,11,,724914,28,,,1,10,,724915,28,,,1,10,,724916,28,,,1,50,,724917,28,,,1,9,,724918,28,,,1,8,,724919,28,,,1,11,,724920,28,,,1,8,,724921,28,,,1,9,,724922,28,,,1,10,,724923,28,,,1,51,,724924,28,,,1,9,,724925,28,,,1,10,,724926,28,,,1,9,,724927,28,,,1,11,,724928,28,,,1,55,,724929,28,,,1,16,,724930,28,,,1,16,,724931,28,,,1,13,,724932,28,,,1,55,,724933,28,,,1,15,,724934,28,,,1,15,,724935,28,,,1,15,,724936,28,,,1,55,,724937,28,,,1,15,,724938,28,,,1,15,,724939,28,,,1,13,,724940,28,,,1,15,,724941,28,,,1,55,,724942,28,,,1,15,,724943,28,,,1,16,,724944,28,,,1,56,,724945,28,,,1,17,,724946,28,,,1,15,,724947,28,,,1,14,,724948,28,,,1,55,,724949,28,,,1,15,,724950,28,,,1,14,,724951,28,,,1,15,,724952,28,,,1,14,,724953,28,,,1,55,,724954,28,,,1,16,,724955,28,,,1,16,,724956,28,,,1,55,,724957,28,,,1,15,,724865,28,,,1
80002,'20260619',616,,756464,28,,,1,16,,756465,28,,,1,10,,756466,28,,,1,9,,756467,28,,,1,51,,756468,28,,,1,10,,756469,28,,,1,10,,756470,28,,,1,12,,756471,28,,,1,12,,756472,28,,,1,9,,756473,28,,,1,50,,756474,28,,,1,11,,756475,28,,,1,9,,756476,28,,,1,10,,756477,28,,,1,9,,756478,28,,,1,12,,756479,28,,,1,49,,756480,28,,,1,9,,756481,28,,,1,10,,756482,28,,,1,9,,756483,28,,,1,11,,756484,28,,,1,14,,756485,28,,,1,56,,756486,28,,,1,17,,756487,28,,,1,14,,756488,28,,,1,55,,756489,28,,,1,15,,756490,28,,,1,15,,756491,28,,,1,15,,756492,28,,,1,56,,756493,28,,,1,17,,756494,28,,,1,14,,756495,28,,,1,15,,756496,28,,,1,55,,756497,28,,,1,15,,756498,28,,,1,16,,756499,28,,,1,16,,756500,28,,,1,57,,756501,28,,,1,16,,756502,28,,,1,15,,756503,28,,,1,15,,756504,28,,,1,55,,756505,28,,,1,12,,756506,28,,,1,12,,756507,28,,,1,13,,756508,28,,,1,11,,756509,28,,,1,52,,756510,28,,,1,12,,756511,28,,,1,11,,756512,28,,,1,10,,756513,28,,,1,10,,756514,28,,,1,50,,756515,28,,,1,9,,756516,28,,,1,8,,756517,28,,,1,11,,756518,28,,,1,8,,756519,28,,,1,9,,756520,28,,,1,10,,756521,28,,,1,51,,756522,28,,,1,9,,756523,28,,,1,10,,756524,28,,,1,9,,756525,28,,,1,11,,756526,28,,,1,55,,756527,28,,,1,16,,756528,28,,,1,16,,756529,28,,,1,13,,756530,28,,,1,55,,756531,28,,,1,15,,756532,28,,,1,15,,756533,28,,,1,15,,756534,28,,,1,55,,756535,28,,,1,15,,756536,28,,,1,15,,756537,28,,,1,13,,756538,28,,,1,15,,756539,28,,,1,55,,756540,28,,,1,15,,756541,28,,,1,16,,756542,28,,,1,56,,756543,28,,,1,17,,756544,28,,,1,15,,756545,28,,,1,14,,756546,28,,,1,55,,756547,28,,,1,15,,756548,28,,,1,14,,756549,28,,,1,15,,756550,28,,,1,14,,756551,28,,,1,55,,756552,28,,,1,16,,756553,28,,,1,16,,756554,28,,,1,55,,756555,28,,,1,15,,756463,28,,,1
80002,'20260620',630,,756634,28,,,1,10,,756556,28,,,1,15,,756557,28,,,1,55,,756558,28,,,1,15,,756559,28,,,1,15,,756560,28,,,1,16,,756561,28,,,1,54,,756562,28,,,1,15,,756563,28,,,1,15,,756564,28,,,1,15,,756565,28,,,1,54,,756566,28,,,1,15,,756567,28,,,1,15,,756568,28,,,1,16,,756569,28,,,1,55,,756570,28,,,1,15,,756571,28,,,1,15,,756572,28,,,1,14,,756573,28,,,1,56,,756574,28,,,1,16,,756575,28,,,1,17,,756576,28,,,1,57,,756577,28,,,1,15,,756578,28,,,1,15,,756579,28,,,1,15,,756580,28,,,1,56,,756581,28,,,1,16,,756582,28,,,1,13,,756583,28,,,1,15,,756584,28,,,1,56,,756585,28,,,1,15,,756586,28,,,1,15,,756587,28,,,1,15,,756588,28,,,1,56,,756626,28,,,1,15,,756628,28,,,1,15,,756589,28,,,1,15,,756590,28,,,1,54,,756591,28,,,1,11,,756592,28,,,1,13,,756593,28,,,1,12,,756594,28,,,1,14,,756595,28,,,1,53,,756596,28,,,1,13,,756598,28,,,1,14,,756599,28,,,1,12,,756600,28,,,1,12,,756597,28,,,1,53,,756601,28,,,1,14,,756632,28,,,1,13,,756633,28,,,1,14,,756602,28,,,1,55,,756603,28,,,1,14,,756604,28,,,1,14,,756605,28,,,1,12,,756606,28,,,1,13,,756607,28,,,1,54,,756609,28,,,1,15,,756610,28,,,1,16,,756608,28,,,1,15,,756612,28,,,1,55,,756613,28,,,1,16,,756611,28,,,1,15,,756614,28,,,1,15,,756616,28,,,1,55,,756617,28,,,1,15,,756618,28,,,1,15,,756619,28,,,1,15,,756620,28,,,1,55,,756621,28,,,1,14,,756615,28,,,1,16,,756622,28,,,1,16,,756623,28,,,1,55,,756624,28,,,1,15,,756625,28,,,1,17,,756630,28,,,1,57,,756629,28,,,1,14,,756627,28,,,1,15,,756631,28,,,1,15,,756635,28,,,1,55,,756636,28,,,1
80002,'20260621',630,,756715,28,,,1,10,,756685,28,,,1,15,,756682,28,,,1,55,,756686,28,,,1,15,,756676,28,,,1,15,,756671,28,,,1,16,,756683,28,,,1,54,,756677,28,,,1,15,,756684,28,,,1,15,,756669,28,,,1,15,,756687,28,,,1,54,,756679,28,,,1,15,,756680,28,,,1,15,,756673,28,,,1,16,,756670,28,,,1,55,,756674,28,,,1,15,,756675,28,,,1,15,,756672,28,,,1,14,,756681,28,,,1,56,,756678,28,,,1,16,,756696,28,,,1,17,,756707,28,,,1,57,,756708,28,,,1,15,,756698,28,,,1,15,,756709,28,,,1,15,,756697,28,,,1,56,,756705,28,,,1,16,,756706,28,,,1,13,,756699,28,,,1,15,,756700,28,,,1,56,,756701,28,,,1,15,,756702,28,,,1,15,,756703,28,,,1,15,,756704,28,,,1,56,,756658,28,,,1,15,,756660,28,,,1,15,,756663,28,,,1,15,,756665,28,,,1,54,,756668,28,,,1,11,,756664,28,,,1,13,,756662,28,,,1,12,,756666,28,,,1,14,,756667,28,,,1,53,,756661,28,,,1,13,,756654,28,,,1,14,,756656,28,,,1,12,,756650,28,,,1,12,,756640,28,,,1,53,,756655,28,,,1,14,,756714,28,,,1,13,,756716,28,,,1,14,,756649,28,,,1,55,,756651,28,,,1,14,,756652,28,,,1,14,,756643,28,,,1,12,,756653,28,,,1,13,,756637,28,,,1,54,,756641,28,,,1,15,,756657,28,,,1,16,,756648,28,,,1,15,,756645,28,,,1,55,,756644,28,,,1,16,,756638,28,,,1,15,,756639,28,,,1,15,,756646,28,,,1,55,,756647,28,,,1,15,,756691,28,,,1,15,,756694,28,,,1,15,,756689,28,,,1,55,,756690,28,,,1,14,,756642,28,,,1,16,,756693,28,,,1,16,,756695,28,,,1,55,,756692,28,,,1,15,,756688,28,,,1,17,,756712,28,,,1,57,,756711,28,,,1,14,,756659,28,,,1,15,,756710,28,,,1,15,,756713,28,,,1,55,,756717,28,,,1
80002,'20260622',616,,756804,28,,,1,16,,756718,28,,,1,10,,756719,28,,,1,9,,756720,28,,,1,51,,756721,28,,,1,10,,756722,28,,,1,9,,756723,28,,,1,10,,756724,28,,,1,12,,756805,28,,,1,11,,756725,28,,,1,50,,756808,28,,,1,12,,756726,28,,,1,10,,756727,28,,,1,8,,756728,28,,,1,10,,756729,28,,,1,11,,756730,28,,,1,51,,756731,28,,,1,9,,756732,28,,,1,9,,756733,28,,,1,11,,756734,28,,,1,10,,756735,28,,,1,14,,756736,28,,,1,55,,756737,28,,,1,16,,756738,28,,,1,15,,756739,28,,,1,55,,756740,28,,,1,15,,756741,28,,,1,14,,756742,28,,,1,15,,756743,28,,,1,56,,756744,28,,,1,16,,756745,28,,,1,15,,756746,28,,,1,15,,756747,28,,,1,54,,756748,28,,,1,15,,756749,28,,,1,17,,756750,28,,,1,15,,756751,28,,,1,57,,756752,28,,,1,16,,756753,28,,,1,15,,756754,28,,,1,17,,756755,28,,,1,55,,756756,28,,,1,12,,756757,28,,,1,12,,756758,28,,,1,13,,756759,28,,,1,10,,756760,28,,,1,51,,756761,28,,,1,12,,756762,28,,,1,11,,756764,28,,,1,10,,756763,28,,,1,11,,756806,28,,,1,51,,756765,28,,,1,9,,756766,28,,,1,8,,756767,28,,,1,11,,756768,28,,,1,9,,756769,28,,,1,8,,756770,28,,,1,9,,756771,28,,,1,51,,756772,28,,,1,11,,756809,28,,,1,9,,756773,28,,,1,10,,756774,28,,,1,10,,756775,28,,,1,55,,756776,28,,,1,13,,756777,28,,,1,15,,756778,28,,,1,15,,756779,28,,,1,15,,756780,28,,,1,55,,756781,28,,,1,15,,756782,28,,,1,15,,756783,28,,,1,15,,756784,28,,,1,55,,756785,28,,,1,14,,756786,28,,,1,13,,756787,28,,,1,15,,756788,28,,,1,56,,756789,28,,,1,14,,756790,28,,,1,16,,756791,28,,,1,16,,756792,28,,,1,55,,756793,28,,,1,16,,756794,28,,,1,15,,756795,28,,,1,16,,756796,28,,,1,55,,756797,28,,,1,15,,756798,28,,,1,15,,756799,28,,,1,14,,756800,28,,,1,54,,756801,28,,,1,15,,756802,28,,,1,16,,756803,28,,,1,57,,756807,28,,,1,13,,756810,28,,,1
80002,'20260623',616,,756897,28,,,1,16,,756811,28,,,1,10,,756812,28,,,1,9,,756813,28,,,1,51,,756814,28,,,1,10,,756815,28,,,1,9,,756816,28,,,1,10,,756817,28,,,1,12,,756898,28,,,1,11,,756818,28,,,1,50,,756901,28,,,1,12,,756819,28,,,1,10,,756820,28,,,1,8,,756821,28,,,1,10,,756822,28,,,1,11,,756823,28,,,1,51,,756824,28,,,1,9,,756825,28,,,1,9,,756826,28,,,1,11,,756827,28,,,1,10,,756828,28,,,1,14,,756829,28,,,1,55,,756830,28,,,1,16,,756831,28,,,1,15,,756832,28,,,1,55,,756833,28,,,1,15,,756834,28,,,1,14,,756835,28,,,1,15,,756836,28,,,1,56,,756837,28,,,1,16,,756838,28,,,1,15,,756839,28,,,1,15,,756840,28,,,1,54,,756841,28,,,1,15,,756842,28,,,1,17,,756843,28,,,1,15,,756844,28,,,1,57,,756845,28,,,1,16,,756846,28,,,1,15,,756847,28,,,1,17,,756848,28,,,1,55,,756849,28,,,1,12,,756850,28,,,1,12,,756851,28,,,1,13,,756852,28,,,1,10,,756853,28,,,1,51,,756854,28,,,1,12,,756855,28,,,1,11,,756857,28,,,1,10,,756856,28,,,1,11,,756899,28,,,1,51,,756858,28,,,1,9,,756859,28,,,1,8,,756860,28,,,1,11,,756861,28,,,1,9,,756862,28,,,1,8,,756863,28,,,1,9,,756864,28,,,1,51,,756865,28,,,1,11,,756902,28,,,1,9,,756866,28,,,1,10,,756867,28,,,1,10,,756868,28,,,1,55,,756869,28,,,1,13,,756870,28,,,1,15,,756871,28,,,1,15,,756872,28,,,1,15,,756873,28,,,1,55,,756874,28,,,1,15,,756875,28,,,1,15,,756876,28,,,1,15,,756877,28,,,1,55,,756878,28,,,1,14,,756879,28,,,1,13,,756880,28,,,1,15,,756881,28,,,1,56,,756882,28,,,1,14,,756883,28,,,1,16,,756884,28,,,1,16,,756885,28,,,1,55,,756886,28,,,1,16,,756887,28,,,1,15,,756888,28,,,1,16,,756889,28,,,1,55,,756890,28,,,1,15,,756891,28,,,1,15,,756892,28,,,1,14,,756893,28,,,1,54,,756894,28,,,1,15,,756895,28,,,1,16,,756896,28,,,1,57,,756900,28,,,1,13,,756903,28,,,1
80002,'20260624',630,,725129,28,,,1,10,,725099,28,,,1,15,,725096,28,,,1,55,,725100,28,,,1,15,,725090,28,,,1,15,,725085,28,,,1,16,,725097,28,,,1,54,,725091,28,,,1,15,,725098,28,,,1,15,,725083,28,,,1,15,,725101,28,,,1,54,,725093,28,,,1,15,,725094,28,,,1,15,,725087,28,,,1,16,,725084,28,,,1,55,,725088,28,,,1,15,,725089,28,,,1,15,,725086,28,,,1,14,,725095,28,,,1,56,,725092,28,,,1,16,,725110,28,,,1,17,,725121,28,,,1,57,,725122,28,,,1,15,,725112,28,,,1,15,,725123,28,,,1,15,,725111,28,,,1,56,,725119,28,,,1,16,,725120,28,,,1,13,,725113,28,,,1,15,,725114,28,,,1,56,,725115,28,,,1,15,,725116,28,,,1,15,,725117,28,,,1,15,,725118,28,,,1,56,,725072,28,,,1,15,,725074,28,,,1,15,,725077,28,,,1,15,,725079,28,,,1,54,,725082,28,,,1,11,,725078,28,,,1,13,,725076,28,,,1,12,,725080,28,,,1,14,,725081,28,,,1,53,,725075,28,,,1,13,,725068,28,,,1,14,,725070,28,,,1,12,,725064,28,,,1,12,,725054,28,,,1,53,,725069,28,,,1,14,,725128,28,,,1,13,,725130,28,,,1,14,,725063,28,,,1,55,,725065,28,,,1,14,,725066,28,,,1,14,,725057,28,,,1,12,,725067,28,,,1,13,,725051,28,,,1,54,,725055,28,,,1,15,,725071,28,,,1,16,,725062,28,,,1,15,,725059,28,,,1,55,,725058,28,,,1,16,,725052,28,,,1,15,,725053,28,,,1,15,,725060,28,,,1,55,,725061,28,,,1,15,,725105,28,,,1,15,,725108,28,,,1,15,,725103,28,,,1,55,,725104,28,,,1,14,,725056,28,,,1,16,,725107,28,,,1,16,,725109,28,,,1,55,,725106,28,,,1,15,,725102,28,,,1,17,,725126,28,,,1,57,,725125,28,,,1,14,,725073,28,,,1,15,,725124,28,,,1,15,,725127,28,,,1,55,,725131,28,,,1
80002,'20260625',616,,725218,28,,,1,16,,725132,28,,,1,10,,725133,28,,,1,9,,725134,28,,,1,51,,725135,28,,,1,10,,725136,28,,,1,9,,725137,28,,,1,10,,725138,28,,,1,12,,725219,28,,,1,11,,725139,28,,,1,50,,725222,28,,,1,12,,725140,28,,,1,10,,725141,28,,,1,8,,725142,28,,,1,10,,725143,28,,,1,11,,725144,28,,,1,51,,725145,28,,,1,9,,725146,28,,,1,9,,725147,28,,,1,11,,725148,28,,,1,10,,725149,28,,,1,14,,725150,28,,,1,55,,725151,28,,,1,16,,725152,28,,,1,15,,725153,28,,,1,55,,725154,28,,,1,15,,725155,28,,,1,14,,725156,28,,,1,15,,725157,28,,,1,56,,725158,28,,,1,16,,725159,28,,,1,15,,725160,28,,,1,15,,725161,28,,,1,54,,725162,28,,,1,15,,725163,28,,,1,17,,725164,28,,,1,15,,725165,28,,,1,57,,725166,28,,,1,16,,725167,28,,,1,15,,725168,28,,,1,17,,725169,28,,,1,55,,725170,28,,,1,12,,725171,28,,,1,12,,725172,28,,,1,13,,725173,28,,,1,10,,725174,28,,,1,51,,725175,28,,,1,12,,725176,28,,,1,11,,725178,28,,,1,10,,725177,28,,,1,11,,725220,28,,,1,51,,725179,28,,,1,9,,725180,28,,,1,8,,725181,28,,,1,11,,725182,28,,,1,9,,725183,28,,,1,8,,725184,28,,,1,9,,725185,28,,,1,51,,725186,28,,,1,11,,725223,28,,,1,9,,725187,28,,,1,10,,725188,28,,,1,10,,725189,28,,,1,55,,725190,28,,,1,13,,725191,28,,,1,15,,725192,28,,,1,15,,725193,28,,,1,15,,725194,28,,,1,55,,725195,28,,,1,15,,725196,28,,,1,15,,725197,28,,,1,15,,725198,28,,,1,55,,725199,28,,,1,14,,725200,28,,,1,13,,725201,28,,,1,15,,725202,28,,,1,56,,725203,28,,,1,14,,725204,28,,,1,16,,725205,28,,,1,16,,725206,28,,,1,55,,725207,28,,,1,16,,725208,28,,,1,15,,725209,28,,,1,16,,725210,28,,,1,55,,725211,28,,,1,15,,725212,28,,,1,15,,725213,28,,,1,14,,725214,28,,,1,54,,725215,28,,,1,15,,725216,28,,,1,16,,725217,28,,,1,57,,725221,28,,,1,13,,725224,28,,,1
80002,'20260626',616,,725311,28,,,1,16,,725225,28,,,1,10,,725226,28,,,1,9,,725227,28,,,1,51,,725228,28,,,1,10,,725229,28,,,1,9,,725230,28,,,1,10,,725231,28,,,1,12,,725312,28,,,1,11,,725232,28,,,1,50,,725315,28,,,1,12,,725233,28,,,1,10,,725234,28,,,1,8,,725235,28,,,1,10,,725236,28,,,1,11,,725237,28,,,1,51,,725238,28,,,1,9,,725239,28,,,1,9,,725240,28,,,1,11,,725241,28,,,1,10,,725242,28,,,1,14,,725243,28,,,1,55,,725244,28,,,1,16,,725245,28,,,1,15,,725246,28,,,1,55,,725247,28,,,1,15,,725248,28,,,1,14,,725249,28,,,1,15,,725250,28,,,1,56,,725251,28,,,1,16,,725252,28,,,1,15,,725253,28,,,1,15,,725254,28,,,1,54,,725255,28,,,1,15,,725256,28,,,1,17,,725257,28,,,1,15,,725258,28,,,1,57,,725259,28,,,1,16,,725260,28,,,1,15,,725261,28,,,1,17,,725262,28,,,1,55,,725263,28,,,1,12,,725264,28,,,1,12,,725265,28,,,1,13,,725266,28,,,1,10,,725267,28,,,1,51,,725268,28,,,1,12,,725269,28,,,1,11,,725271,28,,,1,10,,725270,28,,,1,11,,725313,28,,,1,51,,725272,28,,,1,9,,725273,28,,,1,8,,725274,28,,,1,11,,725275,28,,,1,9,,725276,28,,,1,8,,725277,28,,,1,9,,725278,28,,,1,51,,725279,28,,,1,11,,725316,28,,,1,9,,725280,28,,,1,10,,725281,28,,,1,10,,725282,28,,,1,55,,725283,28,,,1,13,,725284,28,,,1,15,,725285,28,,,1,15,,725286,28,,,1,15,,725287,28,,,1,55,,725288,28,,,1,15,,725289,28,,,1,15,,725290,28,,,1,15,,725291,28,,,1,55,,725292,28,,,1,14,,725293,28,,,1,13,,725294,28,,,1,15,,725295,28,,,1,56,,725296,28,,,1,14,,725297,28,,,1,16,,725298,28,,,1,16,,725299,28,,,1,55,,725300,28,,,1,16,,725301,28,,,1,15,,725302,28,,,1,16,,725303,28,,,1,55,,725304,28,,,1,15,,725305,28,,,1,15,,725306,28,,,1,14,,725307,28,,,1,54,,725308,28,,,1,15,,725309,28,,,1,16,,725310,28,,,1,57,,725314,28,,,1,13,,725317,28,,,1
80002,'20260627',630,,756982,28,,,1,10,,756904,28,,,1,15,,756905,28,,,1,55,,756906,28,,,1,15,,756907,28,,,1,15,,756908,28,,,1,16,,756909,28,,,1,54,,756910,28,,,1,15,,756911,28,,,1,15,,756912,28,,,1,15,,756913,28,,,1,54,,756914,28,,,1,15,,756915,28,,,1,15,,756916,28,,,1,16,,756917,28,,,1,55,,756918,28,,,1,15,,756919,28,,,1,15,,756920,28,,,1,14,,756921,28,,,1,56,,756922,28,,,1,16,,756923,28,,,1,17,,756924,28,,,1,57,,756925,28,,,1,15,,756926,28,,,1,15,,756927,28,,,1,15,,756928,28,,,1,56,,756929,28,,,1,16,,756930,28,,,1,13,,756931,28,,,1,15,,756932,28,,,1,56,,756933,28,,,1,15,,756934,28,,,1,15,,756935,28,,,1,15,,756936,28,,,1,56,,756974,28,,,1,15,,756976,28,,,1,15,,756937,28,,,1,15,,756938,28,,,1,54,,756939,28,,,1,11,,756940,28,,,1,13,,756941,28,,,1,12,,756942,28,,,1,14,,756943,28,,,1,53,,756944,28,,,1,13,,756946,28,,,1,14,,756947,28,,,1,12,,756948,28,,,1,12,,756945,28,,,1,53,,756949,28,,,1,14,,756980,28,,,1,13,,756981,28,,,1,14,,756950,28,,,1,55,,756951,28,,,1,14,,756952,28,,,1,14,,756953,28,,,1,12,,756954,28,,,1,13,,756955,28,,,1,54,,756957,28,,,1,15,,756958,28,,,1,16,,756956,28,,,1,15,,756960,28,,,1,55,,756961,28,,,1,16,,756959,28,,,1,15,,756962,28,,,1,15,,756964,28,,,1,55,,756965,28,,,1,15,,756966,28,,,1,15,,756967,28,,,1,15,,756968,28,,,1,55,,756969,28,,,1,14,,756963,28,,,1,16,,756970,28,,,1,16,,756971,28,,,1,55,,756972,28,,,1,15,,756973,28,,,1,17,,756978,28,,,1,57,,756977,28,,,1,14,,756975,28,,,1,15,,756979,28,,,1,15,,756983,28,,,1,55,,756984,28,,,1
80002,'20260628',630,,757063,28,,,1,10,,757033,28,,,1,15,,757030,28,,,1,55,,757034,28,,,1,15,,757024,28,,,1,15,,757019,28,,,1,16,,757031,28,,,1,54,,757025,28,,,1,15,,757032,28,,,1,15,,757017,28,,,1,15,,757035,28,,,1,54,,757027,28,,,1,15,,757028,28,,,1,15,,757021,28,,,1,16,,757018,28,,,1,55,,757022,28,,,1,15,,757023,28,,,1,15,,757020,28,,,1,14,,757029,28,,,1,56,,757026,28,,,1,16,,757044,28,,,1,17,,757055,28,,,1,57,,757056,28,,,1,15,,757046,28,,,1,15,,757057,28,,,1,15,,757045,28,,,1,56,,757053,28,,,1,16,,757054,28,,,1,13,,757047,28,,,1,15,,757048,28,,,1,56,,757049,28,,,1,15,,757050,28,,,1,15,,757051,28,,,1,15,,757052,28,,,1,56,,757006,28,,,1,15,,757008,28,,,1,15,,757011,28,,,1,15,,757013,28,,,1,54,,757016,28,,,1,11,,757012,28,,,1,13,,757010,28,,,1,12,,757014,28,,,1,14,,757015,28,,,1,53,,757009,28,,,1,13,,757002,28,,,1,14,,757004,28,,,1,12,,756998,28,,,1,12,,756988,28,,,1,53,,757003,28,,,1,14,,757062,28,,,1,13,,757064,28,,,1,14,,756997,28,,,1,55,,756999,28,,,1,14,,757000,28,,,1,14,,756991,28,,,1,12,,757001,28,,,1,13,,756985,28,,,1,54,,756989,28,,,1,15,,757005,28,,,1,16,,756996,28,,,1,15,,756993,28,,,1,55,,756992,28,,,1,16,,756986,28,,,1,15,,756987,28,,,1,15,,756994,28,,,1,55,,756995,28,,,1,15,,757039,28,,,1,15,,757042,28,,,1,15,,757037,28,,,1,55,,757038,28,,,1,14,,756990,28,,,1,16,,757041,28,,,1,16,,757043,28,,,1,55,,757040,28,,,1,15,,757036,28,,,1,17,,757060,28,,,1,57,,757059,28,,,1,14,,757007,28,,,1,15,,757058,28,,,1,15,,757061,28,,,1,55,,757065,28,,,1
80002,'20260629',616,,757152,28,,,1,16,,757066,28,,,1,10,,757067,28,,,1,9,,757068,28,,,1,51,,757069,28,,,1,10,,757070,28,,,1,9,,757071,28,,,1,10,,757072,28,,,1,12,,757153,28,,,1,11,,757073,28,,,1,50,,757156,28,,,1,12,,757074,28,,,1,10,,757075,28,,,1,8,,757076,28,,,1,10,,757077,28,,,1,11,,757078,28,,,1,51,,757079,28,,,1,9,,757080,28,,,1,9,,757081,28,,,1,11,,757082,28,,,1,10,,757083,28,,,1,14,,757084,28,,,1,55,,757085,28,,,1,16,,757086,28,,,1,15,,757087,28,,,1,55,,757088,28,,,1,15,,757089,28,,,1,14,,757090,28,,,1,15,,757091,28,,,1,56,,757092,28,,,1,16,,757093,28,,,1,15,,757094,28,,,1,15,,757095,28,,,1,54,,757096,28,,,1,15,,757097,28,,,1,17,,757098,28,,,1,15,,757099,28,,,1,57,,757100,28,,,1,16,,757101,28,,,1,15,,757102,28,,,1,17,,757103,28,,,1,55,,757104,28,,,1,12,,757105,28,,,1,12,,757106,28,,,1,13,,757107,28,,,1,10,,757108,28,,,1,51,,757109,28,,,1,12,,757110,28,,,1,11,,757112,28,,,1,10,,757111,28,,,1,11,,757154,28,,,1,51,,757113,28,,,1,9,,757114,28,,,1,8,,757115,28,,,1,11,,757116,28,,,1,9,,757117,28,,,1,8,,757118,28,,,1,9,,757119,28,,,1,51,,757120,28,,,1,11,,757157,28,,,1,9,,757121,28,,,1,10,,757122,28,,,1,10,,757123,28,,,1,55,,757124,28,,,1,13,,757125,28,,,1,15,,757126,28,,,1,15,,757127,28,,,1,15,,757128,28,,,1,55,,757129,28,,,1,15,,757130,28,,,1,15,,757131,28,,,1,15,,757132,28,,,1,55,,757133,28,,,1,14,,757134,28,,,1,13,,757135,28,,,1,15,,757136,28,,,1,56,,757137,28,,,1,14,,757138,28,,,1,16,,757139,28,,,1,16,,757140,28,,,1,55,,757141,28,,,1,16,,757142,28,,,1,15,,757143,28,,,1,16,,757144,28,,,1,55,,757145,28,,,1,15,,757146,28,,,1,15,,757147,28,,,1,14,,757148,28,,,1,54,,757149,28,,,1,15,,757150,28,,,1,16,,757151,28,,,1,57,,757155,28,,,1,13,,757158,28,,,1
80002,'20260630',616,,757245,28,,,1,16,,757159,28,,,1,10,,757160,28,,,1,9,,757161,28,,,1,51,,757162,28,,,1,10,,757163,28,,,1,9,,757164,28,,,1,10,,757165,28,,,1,12,,757246,28,,,1,11,,757166,28,,,1,50,,757249,28,,,1,12,,757167,28,,,1,10,,757168,28,,,1,8,,757169,28,,,1,10,,757170,28,,,1,11,,757171,28,,,1,51,,757172,28,,,1,9,,757173,28,,,1,9,,757174,28,,,1,11,,757175,28,,,1,10,,757176,28,,,1,14,,757177,28,,,1,55,,757178,28,,,1,16,,757179,28,,,1,15,,757180,28,,,1,55,,757181,28,,,1,15,,757182,28,,,1,14,,757183,28,,,1,15,,757184,28,,,1,56,,757185,28,,,1,16,,757186,28,,,1,15,,757187,28,,,1,15,,757188,28,,,1,54,,757189,28,,,1,15,,757190,28,,,1,17,,757191,28,,,1,15,,757192,28,,,1,57,,757193,28,,,1,16,,757194,28,,,1,15,,757195,28,,,1,17,,757196,28,,,1,55,,757197,28,,,1,12,,757198,28,,,1,12,,757199,28,,,1,13,,757200,28,,,1,10,,757201,28,,,1,51,,757202,28,,,1,12,,757203,28,,,1,11,,757205,28,,,1,10,,757204,28,,,1,11,,757247,28,,,1,51,,757206,28,,,1,9,,757207,28,,,1,8,,757208,28,,,1,11,,757209,28,,,1,9,,757210,28,,,1,8,,757211,28,,,1,9,,757212,28,,,1,51,,757213,28,,,1,11,,757250,28,,,1,9,,757214,28,,,1,10,,757215,28,,,1,10,,757216,28,,,1,55,,757217,28,,,1,13,,757218,28,,,1,15,,757219,28,,,1,15,,757220,28,,,1,15,,757221,28,,,1,55,,757222,28,,,1,15,,757223,28,,,1,15,,757224,28,,,1,15,,757225,28,,,1,55,,757226,28,,,1,14,,757227,28,,,1,13,,757228,28,,,1,15,,757229,28,,,1,56,,757230,28,,,1,14,,757231,28,,,1,16,,757232,28,,,1,16,,757233,28,,,1,55,,757234,28,,,1,16,,757235,28,,,1,15,,757236,28,,,1,16,,757237,28,,,1,55,,757238,28,,,1,15,,757239,28,,,1,15,,757240,28,,,1,14,,757241,28,,,1,54,,757242,28,,,1,15,,757243,28,,,1,16,,757244,28,,,1,57,,757248,28,,,1,13,,757251,28,,,1
95002,'20260619',2556,,767709,26,,,0,170,,767710,26,,,0
95002,'20260620',2556,,767712,26,,,0,170,,767711,26,,,0
95002,'20260626',2556,,737440,26,,,0,170,,737441,26,,,0
95002,'20260627',2556,,767714,26,,,0,170,,767713,26,,,0
