3100,'20260427',1535,,335258,45,4,,0,979,,335269,45,4,,0
3100,'20260428',1535,,335281,45,4,,0,979,,335292,45,4,,0
3100,'20260429',1535,,361539,45,4,,0,979,,361550,45,4,,0
3100,'20260430',1535,,361562,45,4,,0,979,,361573,45,4,,0
3100,'20260501',1535,,361585,45,4,,0,979,,361596,45,4,,0
3100,'20260502',2513,,308973,45,4,,0
3100,'20260503',2513,,308983,45,4,,0
3100,'20260504',1535,,308992,45,4,,0,979,,309006,45,4,,0
3100,'20260505',1535,,335301,45,4,,0,979,,335315,45,4,,0
3100,'20260506',1535,,335324,45,4,,0,979,,335338,45,4,,0
3100,'20260507',1535,,335347,45,4,,0,979,,335361,45,4,,0
3100,'20260508',1535,,361605,45,4,,0,979,,361619,45,4,,0
3100,'20260509',2513,,361629,45,4,,0
3100,'20260510',2513,,361639,45,4,,0
3100,'20260511',1535,,361648,45,4,,0,979,,361662,45,4,,0
3101,'20260427',625,,335382,23,,,0,30,,335383,23,,,0,84,,335384,23,,,0,71,,335385,23,,,0,29,,335386,23,,,0,79,,335387,23,,,0,96,,335388,23,,,0,99,,335389,23,,,0,100,,335390,23,,,0,101,,335391,23,,,0,99,,335392,23,,,0,101,,335393,23,,,0,105,,335394,23,,,0,85,,335395,23,,,0,27,,335396,23,,,0,28,,335397,23,,,0,67,,335398,23,,,0,26,,335399,23,,,0,69,,335400,23,,,0,29,,335401,23,,,0,76,,335402,23,,,0,95,,335403,23,,,0,100,,335404,23,,,0,100,,335405,23,,,0
3101,'20260428',625,,335406,23,,,0,30,,335407,23,,,0,84,,335408,23,,,0,71,,335409,23,,,0,29,,335410,23,,,0,79,,335411,23,,,0,96,,335412,23,,,0,99,,335413,23,,,0,100,,335414,23,,,0,101,,335415,23,,,0,99,,335416,23,,,0,101,,335417,23,,,0,105,,335418,23,,,0,85,,335419,23,,,0,27,,335420,23,,,0,28,,335421,23,,,0,67,,335422,23,,,0,26,,335423,23,,,0,69,,335424,23,,,0,29,,335425,23,,,0,76,,335426,23,,,0,95,,335427,23,,,0,100,,335428,23,,,0,100,,335429,23,,,0
3101,'20260429',625,,361663,23,,,0,30,,361664,23,,,0,84,,361665,23,,,0,71,,361666,23,,,0,29,,361667,23,,,0,79,,361668,23,,,0,96,,361669,23,,,0,99,,361670,23,,,0,100,,361671,23,,,0,101,,361672,23,,,0,99,,361673,23,,,0,101,,361674,23,,,0,105,,361675,23,,,0,85,,361676,23,,,0,27,,361677,23,,,0,28,,361678,23,,,0,67,,361679,23,,,0,26,,361680,23,,,0,69,,361681,23,,,0,29,,361682,23,,,0,76,,361683,23,,,0,95,,361684,23,,,0,100,,361685,23,,,0,100,,361686,23,,,0
3101,'20260430',625,,361687,23,,,0,30,,361688,23,,,0,84,,361689,23,,,0,71,,361690,23,,,0,29,,361691,23,,,0,79,,361692,23,,,0,96,,361693,23,,,0,99,,361694,23,,,0,100,,361695,23,,,0,101,,361696,23,,,0,99,,361697,23,,,0,101,,361698,23,,,0,105,,361699,23,,,0,85,,361700,23,,,0,27,,361701,23,,,0,28,,361702,23,,,0,67,,361703,23,,,0,26,,361704,23,,,0,69,,361705,23,,,0,29,,361706,23,,,0,76,,361707,23,,,0,95,,361708,23,,,0,100,,361709,23,,,0,100,,361710,23,,,0
3101,'20260501',625,,361711,23,,,0,30,,361712,23,,,0,84,,361713,23,,,0,71,,361714,23,,,0,29,,361715,23,,,0,79,,361716,23,,,0,96,,361717,23,,,0,99,,361718,23,,,0,100,,361719,23,,,0,101,,361720,23,,,0,99,,361721,23,,,0,101,,361722,23,,,0,105,,361723,23,,,0,85,,361724,23,,,0,27,,361725,23,,,0,28,,361726,23,,,0,67,,361727,23,,,0,26,,361728,23,,,0,69,,361729,23,,,0,29,,361730,23,,,0,76,,361731,23,,,0,95,,361732,23,,,0,100,,361733,23,,,0,100,,361734,23,,,0
3101,'20260502',602,,309111,23,,,0,154,,309103,23,,,0,202,,309104,23,,,0,200,,309105,23,,,0,200,,309106,23,,,0,199,,309107,23,,,0,198,,309108,23,,,0,246,,309109,23,,,0,202,,309110,23,,,0,198,,309112,23,,,0
3101,'20260503',602,,309121,23,,,0,154,,309113,23,,,0,202,,309114,23,,,0,200,,309115,23,,,0,200,,309116,23,,,0,199,,309117,23,,,0,198,,309118,23,,,0,246,,309119,23,,,0,202,,309120,23,,,0,198,,309122,23,,,0
3101,'20260504',625,,309123,23,,,0,30,,309124,23,,,0,84,,309125,23,,,0,71,,309126,23,,,0,29,,309127,23,,,0,79,,309128,23,,,0,96,,309129,23,,,0,99,,309130,23,,,0,100,,309131,23,,,0,101,,309132,23,,,0,99,,309133,23,,,0,101,,309134,23,,,0,105,,309135,23,,,0,85,,309143,23,,,0,27,,309136,23,,,0,28,,309145,23,,,0,67,,309137,23,,,0,26,,309144,23,,,0,69,,309138,23,,,0,29,,309146,23,,,0,76,,309139,23,,,0,95,,309140,23,,,0,100,,309141,23,,,0,100,,309142,23,,,0
3101,'20260505',625,,335430,23,,,0,30,,335431,23,,,0,84,,335432,23,,,0,71,,335433,23,,,0,29,,335434,23,,,0,79,,335435,23,,,0,96,,335436,23,,,0,99,,335437,23,,,0,100,,335438,23,,,0,101,,335439,23,,,0,99,,335440,23,,,0,101,,335441,23,,,0,105,,335442,23,,,0,85,,335450,23,,,0,27,,335443,23,,,0,28,,335452,23,,,0,67,,335444,23,,,0,26,,335451,23,,,0,69,,335445,23,,,0,29,,335453,23,,,0,76,,335446,23,,,0,95,,335447,23,,,0,100,,335448,23,,,0,100,,335449,23,,,0
3101,'20260506',625,,335454,23,,,0,30,,335455,23,,,0,84,,335456,23,,,0,71,,335457,23,,,0,29,,335458,23,,,0,79,,335459,23,,,0,96,,335460,23,,,0,99,,335461,23,,,0,100,,335462,23,,,0,101,,335463,23,,,0,99,,335464,23,,,0,101,,335465,23,,,0,105,,335466,23,,,0,85,,335474,23,,,0,27,,335467,23,,,0,28,,335476,23,,,0,67,,335468,23,,,0,26,,335475,23,,,0,69,,335469,23,,,0,29,,335477,23,,,0,76,,335470,23,,,0,95,,335471,23,,,0,100,,335472,23,,,0,100,,335473,23,,,0
3101,'20260507',625,,335478,23,,,0,30,,335479,23,,,0,84,,335480,23,,,0,71,,335481,23,,,0,29,,335482,23,,,0,79,,335483,23,,,0,96,,335484,23,,,0,99,,335485,23,,,0,100,,335486,23,,,0,101,,335487,23,,,0,99,,335488,23,,,0,101,,335489,23,,,0,105,,335490,23,,,0,85,,335498,23,,,0,27,,335491,23,,,0,28,,335500,23,,,0,67,,335492,23,,,0,26,,335499,23,,,0,69,,335493,23,,,0,29,,335501,23,,,0,76,,335494,23,,,0,95,,335495,23,,,0,100,,335496,23,,,0,100,,335497,23,,,0
3101,'20260508',625,,361735,23,,,0,30,,361736,23,,,0,84,,361737,23,,,0,71,,361738,23,,,0,29,,361739,23,,,0,79,,361740,23,,,0,96,,361741,23,,,0,99,,361742,23,,,0,100,,361743,23,,,0,101,,361744,23,,,0,99,,361745,23,,,0,101,,361746,23,,,0,105,,361747,23,,,0,85,,361755,23,,,0,27,,361748,23,,,0,28,,361757,23,,,0,67,,361749,23,,,0,26,,361756,23,,,0,69,,361750,23,,,0,29,,361758,23,,,0,76,,361751,23,,,0,95,,361752,23,,,0,100,,361753,23,,,0,100,,361754,23,,,0
3101,'20260509',602,,361767,23,,,0,154,,361759,23,,,0,202,,361760,23,,,0,200,,361761,23,,,0,200,,361762,23,,,0,199,,361763,23,,,0,198,,361764,23,,,0,246,,361765,23,,,0,202,,361766,23,,,0,198,,361768,23,,,0
3101,'20260510',602,,361777,23,,,0,154,,361769,23,,,0,202,,361770,23,,,0,200,,361771,23,,,0,200,,361772,23,,,0,199,,361773,23,,,0,198,,361774,23,,,0,246,,361775,23,,,0,202,,361776,23,,,0,198,,361778,23,,,0
3101,'20260511',625,,361779,23,,,0,30,,361780,23,,,0,84,,361781,23,,,0,71,,361782,23,,,0,29,,361783,23,,,0,79,,361784,23,,,0,96,,361785,23,,,0,99,,361786,23,,,0,100,,361787,23,,,0,101,,361788,23,,,0,99,,361789,23,,,0,101,,361790,23,,,0,105,,361791,23,,,0,85,,361799,23,,,0,27,,361792,23,,,0,28,,361801,23,,,0,67,,361793,23,,,0,26,,361800,23,,,0,69,,361794,23,,,0,29,,361802,23,,,0,76,,361795,23,,,0,95,,361796,23,,,0,100,,361797,23,,,0,100,,361798,23,,,0
93100,'20260501',2623,,383138,78,4,,0,125,,383139,99,4,,0
93100,'20260502',2623,,330492,78,4,,0,125,,330493,99,4,,0
93100,'20260508',2623,,383140,78,4,,0,125,,383141,99,4,,0
93100,'20260509',2623,,383142,78,4,,0,125,,383143,99,4,,0
