7401,'20260612',547,,693101,16,,,1,93,,693102,16,,,1,101,,693103,16,,,1,104,,693104,16,,,1,101,,693105,16,,,1,100,,693106,16,,,1,99,,693107,16,,,1,100,,693108,16,,,1,100,,693109,16,,,1,99,,693110,16,,,1,97,,693111,16,,,1,100,,693112,16,,,1,105,,693113,16,,,1,102,,693114,16,,,1,100,,693115,16,,,1,100,,693116,16,,,1,100,,693117,16,,,1,170,,693118,16,,,1
7401,'20260613',649,,715240,16,,,1,100,,715241,16,,,1,99,,715242,16,,,1,100,,715243,16,,,1,100,,715244,16,,,1,100,,715245,16,,,1,100,,715246,16,,,1,99,,715247,16,,,1,100,,715248,16,,,1,100,,715249,16,,,1,99,,715250,16,,,1,102,,715251,16,,,1,102,,715252,16,,,1,100,,715253,16,,,1,100,,715254,16,,,1,100,,715255,16,,,1,171,,715256,16,,,1
7401,'20260614',649,,715257,16,,,1,100,,715258,16,,,1,99,,715259,16,,,1,100,,715260,16,,,1,100,,715261,16,,,1,100,,715262,16,,,1,100,,715263,16,,,1,99,,715264,16,,,1,100,,715265,16,,,1,100,,715266,16,,,1,99,,715267,16,,,1,102,,715268,16,,,1,102,,715269,16,,,1,100,,715270,16,,,1,100,,715271,16,,,1,100,,715272,16,,,1,171,,715273,16,,,1
7401,'20260615',547,,715280,16,,,1,93,,715281,16,,,1,101,,715282,16,,,1,104,,715283,16,,,1,101,,715284,16,,,1,100,,715285,16,,,1,99,,715286,16,,,1,100,,715287,16,,,1,100,,715288,16,,,1,99,,715289,16,,,1,97,,715290,16,,,1,100,,715291,16,,,1,105,,715292,16,,,1,102,,715293,16,,,1,100,,715294,16,,,1,100,,715295,16,,,1,100,,715296,16,,,1,170,,715297,16,,,1
7401,'20260616',547,,715304,16,,,1,93,,715305,16,,,1,101,,715306,16,,,1,104,,715307,16,,,1,101,,715308,16,,,1,100,,715309,16,,,1,99,,715310,16,,,1,100,,715311,16,,,1,100,,715312,16,,,1,99,,715313,16,,,1,97,,715314,16,,,1,100,,715315,16,,,1,105,,715316,16,,,1,102,,715317,16,,,1,100,,715318,16,,,1,100,,715319,16,,,1,100,,715320,16,,,1,170,,715321,16,,,1
7401,'20260617',547,,715328,16,,,1,93,,715329,16,,,1,101,,715330,16,,,1,104,,715331,16,,,1,101,,715332,16,,,1,100,,715333,16,,,1,99,,715334,16,,,1,100,,715335,16,,,1,100,,715336,16,,,1,99,,715337,16,,,1,97,,715338,16,,,1,100,,715339,16,,,1,105,,715340,16,,,1,102,,715341,16,,,1,100,,715342,16,,,1,100,,715343,16,,,1,100,,715344,16,,,1,170,,715345,16,,,1
7401,'20260618',547,,715352,16,,,1,93,,715353,16,,,1,101,,715354,16,,,1,104,,715355,16,,,1,101,,715356,16,,,1,100,,715357,16,,,1,99,,715358,16,,,1,100,,715359,16,,,1,100,,715360,16,,,1,99,,715361,16,,,1,97,,715362,16,,,1,100,,715363,16,,,1,105,,715364,16,,,1,102,,715365,16,,,1,100,,715366,16,,,1,100,,715367,16,,,1,100,,715368,16,,,1,170,,715369,16,,,1
7401,'20260619',547,,666428,16,,,1,93,,666429,16,,,1,101,,666430,16,,,1,104,,666431,16,,,1,101,,666432,16,,,1,100,,666433,16,,,1,99,,666434,16,,,1,100,,666435,16,,,1,100,,666436,16,,,1,99,,666437,16,,,1,97,,666443,16,,,1,100,,666438,16,,,1,105,,666439,16,,,1,102,,666445,16,,,1,100,,666440,16,,,1,100,,666444,16,,,1,100,,666441,16,,,1,170,,666442,16,,,1
7401,'20260620',652,,693133,16,,,1,99,,693119,16,,,1,100,,693120,16,,,1,100,,693134,16,,,1,99,,693127,16,,,1,101,,693128,16,,,1,99,,693129,16,,,1,100,,693130,16,,,1,100,,693131,16,,,1,98,,693132,16,,,1,100,,693121,16,,,1,103,,693125,16,,,1,100,,693126,16,,,1,100,,693122,16,,,1,99,,693123,16,,,1,104,,693124,16,,,1,170,,693135,16,,,1
7401,'20260621',652,,693136,16,,,1,99,,693151,16,,,1,100,,693137,16,,,1,100,,693152,16,,,1,99,,693139,16,,,1,101,,693140,16,,,1,99,,693141,16,,,1,100,,693142,16,,,1,100,,693143,16,,,1,98,,693144,16,,,1,100,,693145,16,,,1,103,,693146,16,,,1,100,,693147,16,,,1,100,,693148,16,,,1,99,,693149,16,,,1,104,,693150,16,,,1,170,,693138,16,,,1
7401,'20260622',551,,693153,16,,,1,95,,693154,16,,,1,99,,693155,16,,,1,104,,693156,16,,,1,101,,693157,16,,,1,100,,693158,16,,,1,99,,693159,16,,,1,101,,693160,16,,,1,100,,693161,16,,,1,99,,693162,16,,,1,97,,693168,16,,,1,100,,693163,16,,,1,102,,693164,16,,,1,104,,693170,16,,,1,100,,693165,16,,,1,100,,693169,16,,,1,100,,693166,16,,,1,170,,693167,16,,,1
7401,'20260623',551,,715370,16,,,1,95,,715371,16,,,1,99,,715372,16,,,1,104,,715373,16,,,1,101,,715374,16,,,1,100,,715375,16,,,1,99,,715376,16,,,1,101,,715377,16,,,1,100,,715378,16,,,1,99,,715379,16,,,1,97,,715385,16,,,1,100,,715380,16,,,1,102,,715381,16,,,1,104,,715387,16,,,1,100,,715382,16,,,1,100,,715386,16,,,1,100,,715383,16,,,1,170,,715384,16,,,1
7401,'20260624',652,,715390,16,,,1,99,,715405,16,,,1,100,,715391,16,,,1,100,,715406,16,,,1,99,,715393,16,,,1,101,,715394,16,,,1,99,,715395,16,,,1,100,,715396,16,,,1,100,,715397,16,,,1,98,,715398,16,,,1,100,,715399,16,,,1,103,,715400,16,,,1,100,,715401,16,,,1,100,,715402,16,,,1,99,,715403,16,,,1,104,,715404,16,,,1,170,,715392,16,,,1
7401,'20260625',551,,715407,16,,,1,95,,715408,16,,,1,99,,715409,16,,,1,104,,715410,16,,,1,101,,715411,16,,,1,100,,715412,16,,,1,99,,715413,16,,,1,101,,715414,16,,,1,100,,715415,16,,,1,99,,715416,16,,,1,97,,715422,16,,,1,100,,715417,16,,,1,102,,715418,16,,,1,104,,715424,16,,,1,100,,715419,16,,,1,100,,715423,16,,,1,100,,715420,16,,,1,170,,715421,16,,,1
7401,'20260626',551,,715427,16,,,1,95,,715428,16,,,1,99,,715429,16,,,1,104,,715430,16,,,1,101,,715431,16,,,1,100,,715432,16,,,1,99,,715433,16,,,1,101,,715434,16,,,1,100,,715435,16,,,1,99,,715436,16,,,1,97,,715442,16,,,1,100,,715437,16,,,1,102,,715438,16,,,1,104,,715444,16,,,1,100,,715439,16,,,1,100,,715443,16,,,1,100,,715440,16,,,1,170,,715441,16,,,1
28400,'20260612',1627,,695755,47,4,,0,73,,695756,47,4,,0,27,,695757,47,4,,0,26,,695758,47,4,,0,64,,695759,47,4,,0
28400,'20260615',1627,,722631,47,4,,0,73,,722632,47,4,,0,27,,722633,47,4,,0,26,,722634,47,4,,0,64,,722635,47,4,,0
28400,'20260616',1627,,722636,47,4,,0,73,,722637,47,4,,0,27,,722638,47,4,,0,26,,722639,47,4,,0,64,,722640,47,4,,0
28400,'20260617',1627,,722641,47,4,,0,73,,722642,47,4,,0,27,,722643,47,4,,0,26,,722644,47,4,,0,64,,722645,47,4,,0
28400,'20260618',1627,,722646,47,4,,0,73,,722647,47,4,,0,27,,722648,47,4,,0,26,,722649,47,4,,0,64,,722650,47,4,,0
28400,'20260619',1627,,673270,47,4,,0,73,,673271,47,4,,0,27,,673272,47,4,,0,26,,673273,47,4,,0,64,,673274,47,4,,0
28400,'20260622',1636,,695760,41,4,,0,70,,695761,41,4,,0,30,,695762,41,4,,0,64,,695763,41,4,,0,29,,695764,41,4,,0
28400,'20260623',1636,,722651,41,4,,0,70,,722652,41,4,,0,30,,722653,41,4,,0,64,,722654,41,4,,0,29,,722655,41,4,,0
28400,'20260625',1636,,722656,41,4,,0,70,,722657,41,4,,0,30,,722658,41,4,,0,64,,722659,41,4,,0,29,,722660,41,4,,0
28400,'20260626',1636,,722661,41,4,,0,70,,722662,41,4,,0,30,,722663,41,4,,0,64,,722664,41,4,,0,29,,722665,41,4,,0
38400,'20260612',1652,,695975,37,4,,0,92,,695976,37,4,,0,115,,695977,37,4,,0
38400,'20260615',1652,,723462,37,4,,0,92,,723463,37,4,,0,115,,723464,37,4,,0
38400,'20260616',1652,,723465,37,4,,0,92,,723466,37,4,,0,115,,723467,37,4,,0
38400,'20260617',1652,,723468,37,4,,0,92,,723469,37,4,,0,115,,723470,37,4,,0
38400,'20260618',1652,,723471,37,4,,0,92,,723472,37,4,,0,115,,723473,37,4,,0
38400,'20260619',1652,,674455,37,4,,0,92,,674456,37,4,,0,115,,674457,37,4,,0
58400,'20260612',1618,,696237,35,4,,0,29,,696238,35,4,,0,70,,696239,35,4,,0,35,,696240,35,4,,0
58400,'20260615',1618,,724247,35,4,,0,29,,724248,35,4,,0,70,,724249,35,4,,0,35,,724250,35,4,,0
58400,'20260616',1618,,724251,35,4,,0,29,,724252,35,4,,0,70,,724253,35,4,,0,35,,724254,35,4,,0
58400,'20260617',1618,,724255,35,4,,0,29,,724256,35,4,,0,70,,724257,35,4,,0,35,,724258,35,4,,0
58400,'20260618',1618,,724259,35,4,,0,29,,724260,35,4,,0,70,,724261,35,4,,0,35,,724262,35,4,,0
58400,'20260619',1618,,675307,35,4,,0,29,,675305,35,4,,0,70,,675306,35,4,,0,35,,675308,35,4,,0
58400,'20260622',1633,,696242,35,4,,0,76,,696241,35,4,,0,91,,696243,35,4,,0
58400,'20260623',1633,,724264,35,4,,0,76,,724263,35,4,,0,91,,724265,35,4,,0
58400,'20260625',1633,,724267,35,4,,0,76,,724266,35,4,,0,91,,724268,35,4,,0
58400,'20260626',1633,,724270,35,4,,0,76,,724269,35,4,,0,91,,724271,35,4,,0
