6400,'20260714',913,,923597,20,,,0,99,,923598,20,,,0,100,,923599,20,,,0,100,,923600,20,,,0,100,,923601,20,,,0,100,,923602,20,,,0,99,,923603,20,,,0,304,,923604,20,,,0,100,,923605,20,,,0,100,,923606,20,,,0,100,,923607,20,,,0,101,,923608,20,,,0,102,,923609,20,,,0
6400,'20260715',913,,947745,20,,,0,99,,947746,20,,,0,100,,947747,20,,,0,100,,947748,20,,,0,100,,947749,20,,,0,100,,947750,20,,,0,99,,947751,20,,,0,304,,947752,20,,,0,100,,947753,20,,,0,100,,947754,20,,,0,100,,947755,20,,,0,101,,947756,20,,,0,102,,947757,20,,,0
6400,'20260716',913,,947758,20,,,0,99,,947759,20,,,0,100,,947760,20,,,0,100,,947761,20,,,0,100,,947762,20,,,0,100,,947763,20,,,0,99,,947764,20,,,0,304,,947765,20,,,0,100,,947766,20,,,0,100,,947767,20,,,0,100,,947768,20,,,0,101,,947769,20,,,0,102,,947770,20,,,0
6400,'20260717',913,,947771,20,,,0,99,,947772,20,,,0,100,,947773,20,,,0,100,,947774,20,,,0,100,,947775,20,,,0,100,,947776,20,,,0,99,,947777,20,,,0,304,,947778,20,,,0,100,,947779,20,,,0,100,,947780,20,,,0,100,,947781,20,,,0,101,,947782,20,,,0,102,,947783,20,,,0
6400,'20260718',816,,905240,20,,,0,99,,905241,20,,,0,99,,905242,20,,,0,99,,905243,20,,,0,101,,905244,20,,,0,97,,905245,20,,,0,100,,905246,20,,,0,100,,905247,20,,,0,100,,905248,20,,,0,100,,905249,20,,,0,103,,905250,20,,,0,101,,905251,20,,,0,100,,905252,20,,,0,101,,905253,20,,,0,100,,905254,20,,,0,100,,905255,20,,,0
6400,'20260719',816,,905256,20,,,0,99,,905257,20,,,0,99,,905258,20,,,0,99,,905259,20,,,0,101,,905260,20,,,0,97,,905261,20,,,0,100,,905262,20,,,0,100,,905263,20,,,0,100,,905264,20,,,0,100,,905265,20,,,0,103,,905266,20,,,0,101,,905267,20,,,0,100,,905268,20,,,0,101,,905269,20,,,0,100,,905270,20,,,0,100,,905271,20,,,0
6400,'20260720',913,,905272,20,,,0,99,,905273,20,,,0,100,,905274,20,,,0,100,,905275,20,,,0,100,,905276,20,,,0,100,,905277,20,,,0,99,,905278,20,,,0,304,,905279,20,,,0,100,,905280,20,,,0,100,,905281,20,,,0,100,,905282,20,,,0,101,,905283,20,,,0,102,,905284,20,,,0
6400,'20260721',913,,905285,20,,,0,99,,905286,20,,,0,100,,905287,20,,,0,100,,905288,20,,,0,100,,905289,20,,,0,100,,905290,20,,,0,99,,905291,20,,,0,304,,905292,20,,,0,100,,905293,20,,,0,100,,905294,20,,,0,100,,905295,20,,,0,101,,905296,20,,,0,102,,905297,20,,,0
6400,'20260722',913,,923610,20,,,0,99,,923611,20,,,0,100,,923612,20,,,0,100,,923613,20,,,0,100,,923614,20,,,0,100,,923615,20,,,0,99,,923616,20,,,0,304,,923617,20,,,0,100,,923618,20,,,0,100,,923619,20,,,0,100,,923620,20,,,0,101,,923621,20,,,0,102,,923622,20,,,0
6400,'20260723',913,,923623,20,,,0,99,,923624,20,,,0,100,,923625,20,,,0,100,,923626,20,,,0,100,,923627,20,,,0,100,,923628,20,,,0,99,,923629,20,,,0,304,,923630,20,,,0,100,,923631,20,,,0,100,,923632,20,,,0,100,,923633,20,,,0,101,,923634,20,,,0,102,,923635,20,,,0
6400,'20260724',913,,947784,20,,,0,99,,947785,20,,,0,100,,947786,20,,,0,100,,947787,20,,,0,100,,947788,20,,,0,100,,947789,20,,,0,99,,947790,20,,,0,304,,947791,20,,,0,100,,947792,20,,,0,100,,947793,20,,,0,100,,947794,20,,,0,101,,947795,20,,,0,102,,947796,20,,,0
6400,'20260725',816,,947797,20,,,0,99,,947798,20,,,0,99,,947799,20,,,0,99,,947800,20,,,0,101,,947801,20,,,0,97,,947802,20,,,0,100,,947803,20,,,0,100,,947804,20,,,0,100,,947805,20,,,0,100,,947806,20,,,0,103,,947807,20,,,0,101,,947808,20,,,0,100,,947809,20,,,0,101,,947810,20,,,0,100,,947811,20,,,0,100,,947812,20,,,0
6400,'20260726',816,,947813,20,,,0,99,,947814,20,,,0,99,,947815,20,,,0,99,,947816,20,,,0,101,,947817,20,,,0,97,,947818,20,,,0,100,,947819,20,,,0,100,,947820,20,,,0,100,,947821,20,,,0,100,,947822,20,,,0,103,,947823,20,,,0,101,,947824,20,,,0,100,,947825,20,,,0,101,,947826,20,,,0,100,,947827,20,,,0,100,,947828,20,,,0
6400,'20260727',913,,947829,20,,,0,99,,947830,20,,,0,100,,947831,20,,,0,100,,947832,20,,,0,100,,947833,20,,,0,100,,947834,20,,,0,99,,947835,20,,,0,304,,947836,20,,,0,100,,947837,20,,,0,100,,947838,20,,,0,100,,947839,20,,,0,101,,947840,20,,,0,102,,947841,20,,,0
6400,'20260728',913,,947842,20,,,0,99,,947843,20,,,0,100,,947844,20,,,0,100,,947845,20,,,0,100,,947846,20,,,0,100,,947847,20,,,0,99,,947848,20,,,0,304,,947849,20,,,0,100,,947850,20,,,0,100,,947851,20,,,0,100,,947852,20,,,0,101,,947853,20,,,0,102,,947854,20,,,0
6500,'20260714',1606,,923733,11,,,0,33,,923734,11,,,0,81,,923735,11,,,0,32,,923736,11,,,0,56,,923737,11,,,0
6500,'20260715',1606,,947975,11,,,0,33,,947976,11,,,0,81,,947977,11,,,0,32,,947978,11,,,0,56,,947979,11,,,0
6500,'20260716',1606,,947980,11,,,0,33,,947981,11,,,0,81,,947982,11,,,0,32,,947983,11,,,0,56,,947984,11,,,0
6500,'20260717',1606,,947985,11,,,0,33,,947986,11,,,0,81,,947987,11,,,0,32,,947988,11,,,0,56,,947989,11,,,0
6500,'20260720',1606,,905381,11,,,0,33,,905382,11,,,0,81,,905383,11,,,0,32,,905384,11,,,0,56,,905385,11,,,0
6500,'20260721',1606,,905386,11,,,0,33,,905387,11,,,0,81,,905388,11,,,0,32,,905389,11,,,0,56,,905390,11,,,0
6500,'20260722',1606,,923738,11,,,0,33,,923739,11,,,0,81,,923740,11,,,0,32,,923741,11,,,0,56,,923742,11,,,0
6500,'20260723',1606,,923743,11,,,0,33,,923744,11,,,0,81,,923745,11,,,0,32,,923746,11,,,0,56,,923747,11,,,0
6500,'20260724',1606,,947990,11,,,0,33,,947991,11,,,0,81,,947992,11,,,0,32,,947993,11,,,0,56,,947994,11,,,0
6500,'20260727',1606,,947995,11,,,0,33,,947996,11,,,0,81,,947997,11,,,0,32,,947998,11,,,0,56,,947999,11,,,0
6500,'20260728',1606,,948000,11,,,0,33,,948001,11,,,0,81,,948002,11,,,0,32,,948003,11,,,0,56,,948004,11,,,0
