9300,'20260505',653,,402882,19,,,0,100,,402883,19,,,0,101,,402884,19,,,0,100,,402885,19,,,0,100,,402886,19,,,0,100,,402887,19,,,0,100,,402888,19,,,0,99,,402889,19,,,0,99,,402890,19,,,0,70,,402891,19,,,0,23,,402874,31,,,0,71,,402875,31,,,0,35,,402876,31,,,0,75,,402877,31,,,0,19,,402878,31,,,0,70,,402879,31,,,0,30,,402880,31,,,0,70,,402881,31,,,0,85,,402892,19,,,0,59,,402893,19,,,0,145,,402894,19,,,0,103,,402895,19,,,0
9300,'20260506',653,,402904,19,,,0,100,,402905,19,,,0,101,,402906,19,,,0,100,,402907,19,,,0,100,,402908,19,,,0,100,,402909,19,,,0,100,,402910,19,,,0,99,,402911,19,,,0,99,,402912,19,,,0,70,,402913,19,,,0,23,,402896,31,,,0,71,,402897,31,,,0,35,,402898,31,,,0,75,,402899,31,,,0,19,,402900,31,,,0,70,,402901,31,,,0,30,,402902,31,,,0,70,,402903,31,,,0,85,,402914,19,,,0,59,,402915,19,,,0,145,,402916,19,,,0,103,,402917,19,,,0
9300,'20260507',653,,402926,19,,,0,100,,402927,19,,,0,101,,402928,19,,,0,100,,402929,19,,,0,100,,402930,19,,,0,100,,402931,19,,,0,100,,402932,19,,,0,99,,402933,19,,,0,99,,402934,19,,,0,70,,402935,19,,,0,23,,402918,31,,,0,71,,402919,31,,,0,35,,402920,31,,,0,75,,402921,31,,,0,19,,402922,31,,,0,70,,402923,31,,,0,30,,402924,31,,,0,70,,402925,31,,,0,85,,402936,19,,,0,59,,402937,19,,,0,145,,402938,19,,,0,103,,402939,19,,,0
9300,'20260508',653,,430738,19,,,0,100,,430739,19,,,0,101,,430740,19,,,0,100,,430741,19,,,0,100,,430742,19,,,0,100,,430743,19,,,0,100,,430744,19,,,0,99,,430745,19,,,0,99,,430746,19,,,0,70,,430747,19,,,0,23,,430730,31,,,0,71,,430731,31,,,0,35,,430732,31,,,0,75,,430733,31,,,0,19,,430734,31,,,0,70,,430735,31,,,0,30,,430736,31,,,0,70,,430737,31,,,0,85,,430748,19,,,0,59,,430749,19,,,0,145,,430750,19,,,0,103,,430751,19,,,0
9300,'20260509',753,,370357,19,,,0,100,,370358,19,,,0,95,,370365,19,,,0,104,,370351,19,,,0,100,,370362,19,,,0,98,,370359,19,,,0,105,,370360,19,,,0,100,,370352,19,,,0,93,,370361,19,,,0,105,,370363,19,,,0,100,,370353,19,,,0,99,,370364,19,,,0,100,,370356,19,,,0,200,,370354,19,,,0,200,,370355,19,,,0,101,,370366,19,,,0
9300,'20260510',753,,370372,19,,,0,100,,370380,19,,,0,95,,370381,19,,,0,104,,370373,19,,,0,100,,370377,19,,,0,98,,370367,19,,,0,105,,370375,19,,,0,100,,370374,19,,,0,93,,370376,19,,,0,105,,370378,19,,,0,100,,370368,19,,,0,99,,370379,19,,,0,100,,370371,19,,,0,200,,370369,19,,,0,200,,370370,19,,,0,101,,370382,19,,,0
9300,'20260511',653,,370403,19,,,0,100,,370383,19,,,0,101,,370395,19,,,0,100,,370399,19,,,0,100,,370400,19,,,0,100,,370401,19,,,0,100,,370384,19,,,0,99,,370385,19,,,0,99,,370402,19,,,0,70,,370392,19,,,0,23,,370404,31,,,0,71,,370396,31,,,0,35,,370386,31,,,0,75,,370387,31,,,0,19,,370388,31,,,0,70,,370389,31,,,0,30,,370390,31,,,0,70,,370397,31,,,0,85,,370391,19,,,0,59,,370393,19,,,0,145,,370398,19,,,0,103,,370394,19,,,0
9300,'20260512',653,,402960,19,,,0,100,,402940,19,,,0,101,,402952,19,,,0,100,,402956,19,,,0,100,,402957,19,,,0,100,,402958,19,,,0,100,,402941,19,,,0,99,,402942,19,,,0,99,,402959,19,,,0,70,,402949,19,,,0,23,,402961,31,,,0,71,,402953,31,,,0,35,,402943,31,,,0,75,,402944,31,,,0,19,,402945,31,,,0,70,,402946,31,,,0,30,,402947,31,,,0,70,,402954,31,,,0,85,,402948,19,,,0,59,,402950,19,,,0,145,,402955,19,,,0,103,,402951,19,,,0
9300,'20260513',653,,402982,19,,,0,100,,402962,19,,,0,101,,402974,19,,,0,100,,402978,19,,,0,100,,402979,19,,,0,100,,402980,19,,,0,100,,402963,19,,,0,99,,402964,19,,,0,99,,402981,19,,,0,70,,402971,19,,,0,23,,402983,31,,,0,71,,402975,31,,,0,35,,402965,31,,,0,75,,402966,31,,,0,19,,402967,31,,,0,70,,402968,31,,,0,30,,402969,31,,,0,70,,402976,31,,,0,85,,402970,19,,,0,59,,402972,19,,,0,145,,402977,19,,,0,103,,402973,19,,,0
9300,'20260514',653,,403004,19,,,0,100,,402984,19,,,0,101,,402996,19,,,0,100,,403000,19,,,0,100,,403001,19,,,0,100,,403002,19,,,0,100,,402985,19,,,0,99,,402986,19,,,0,99,,403003,19,,,0,70,,402993,19,,,0,23,,403005,31,,,0,71,,402997,31,,,0,35,,402987,31,,,0,75,,402988,31,,,0,19,,402989,31,,,0,70,,402990,31,,,0,30,,402991,31,,,0,70,,402998,31,,,0,85,,402992,19,,,0,59,,402994,19,,,0,145,,402999,19,,,0,103,,402995,19,,,0
9300,'20260515',653,,403026,19,,,0,100,,403006,19,,,0,101,,403018,19,,,0,100,,403022,19,,,0,100,,403023,19,,,0,100,,403024,19,,,0,100,,403007,19,,,0,99,,403008,19,,,0,99,,403025,19,,,0,70,,403015,19,,,0,23,,403027,31,,,0,71,,403019,31,,,0,35,,403009,31,,,0,75,,403010,31,,,0,19,,403011,31,,,0,70,,403012,31,,,0,30,,403013,31,,,0,70,,403020,31,,,0,85,,403014,19,,,0,59,,403016,19,,,0,145,,403021,19,,,0,103,,403017,19,,,0
9300,'20260516',753,,430758,19,,,0,100,,430759,19,,,0,95,,430766,19,,,0,104,,430752,19,,,0,100,,430763,19,,,0,98,,430760,19,,,0,105,,430761,19,,,0,100,,430753,19,,,0,93,,430762,19,,,0,105,,430764,19,,,0,100,,430754,19,,,0,99,,430765,19,,,0,100,,430757,19,,,0,200,,430755,19,,,0,200,,430756,19,,,0,101,,430767,19,,,0
9300,'20260517',753,,430773,19,,,0,100,,430781,19,,,0,95,,430782,19,,,0,104,,430774,19,,,0,100,,430778,19,,,0,98,,430768,19,,,0,105,,430776,19,,,0,100,,430775,19,,,0,93,,430777,19,,,0,105,,430779,19,,,0,100,,430769,19,,,0,99,,430780,19,,,0,100,,430772,19,,,0,200,,430770,19,,,0,200,,430771,19,,,0,101,,430783,19,,,0
9300,'20260518',753,,430789,19,,,0,100,,430797,19,,,0,95,,430798,19,,,0,104,,430790,19,,,0,100,,430794,19,,,0,98,,430784,19,,,0,105,,430792,19,,,0,100,,430791,19,,,0,93,,430793,19,,,0,105,,430795,19,,,0,100,,430785,19,,,0,99,,430796,19,,,0,100,,430788,19,,,0,200,,430786,19,,,0,200,,430787,19,,,0,101,,430799,19,,,0
9300,'20260519',653,,430820,19,,,0,100,,430800,19,,,0,101,,430812,19,,,0,100,,430816,19,,,0,100,,430817,19,,,0,100,,430818,19,,,0,100,,430801,19,,,0,99,,430802,19,,,0,99,,430819,19,,,0,70,,430809,19,,,0,23,,430821,31,,,0,71,,430813,31,,,0,35,,430803,31,,,0,75,,430804,31,,,0,19,,430805,31,,,0,70,,430806,31,,,0,30,,430807,31,,,0,70,,430814,31,,,0,85,,430808,19,,,0,59,,430810,19,,,0,145,,430815,19,,,0,103,,430811,19,,,0
9601,'20260505',609,,403873,9,,,0,93,,403874,9,,,0,41,,403875,9,,,0,66,,403876,9,,,0,99,,403877,9,,,0,99,,403878,9,,,0,101,,403879,9,,,0,100,,403880,9,,,0,101,,403881,9,,,0,100,,403882,9,,,0,100,,403883,9,,,0,99,,403884,9,,,0,104,,403885,9,,,0,99,,403886,9,,,0,98,,403887,9,,,0,99,,403888,9,,,0,100,,403889,9,,,0,100,,403890,9,,,0,100,,403891,9,,,0
9601,'20260506',609,,403892,9,,,0,93,,403893,9,,,0,41,,403894,9,,,0,66,,403895,9,,,0,99,,403896,9,,,0,99,,403897,9,,,0,101,,403898,9,,,0,100,,403899,9,,,0,101,,403900,9,,,0,100,,403901,9,,,0,100,,403902,9,,,0,99,,403903,9,,,0,104,,403904,9,,,0,99,,403905,9,,,0,98,,403906,9,,,0,99,,403907,9,,,0,100,,403908,9,,,0,100,,403909,9,,,0,100,,403910,9,,,0
9601,'20260507',609,,403911,9,,,0,93,,403912,9,,,0,41,,403913,9,,,0,66,,403914,9,,,0,99,,403915,9,,,0,99,,403916,9,,,0,101,,403917,9,,,0,100,,403918,9,,,0,101,,403919,9,,,0,100,,403920,9,,,0,100,,403921,9,,,0,99,,403922,9,,,0,104,,403923,9,,,0,99,,403924,9,,,0,98,,403925,9,,,0,99,,403926,9,,,0,100,,403927,9,,,0,100,,403928,9,,,0,100,,403929,9,,,0
9601,'20260508',609,,431188,9,,,0,93,,431189,9,,,0,41,,431190,9,,,0,66,,431191,9,,,0,99,,431192,9,,,0,99,,431193,9,,,0,101,,431194,9,,,0,100,,431195,9,,,0,101,,431196,9,,,0,100,,431197,9,,,0,100,,431198,9,,,0,99,,431199,9,,,0,104,,431200,9,,,0,99,,431201,9,,,0,98,,431202,9,,,0,99,,431203,9,,,0,100,,431204,9,,,0,100,,431205,9,,,0,100,,431206,9,,,0
9601,'20260509',737,,371028,9,,,0,100,,371029,9,,,0,100,,371030,9,,,0,99,,371031,9,,,0,107,,371032,9,,,0,95,,371033,9,,,0,96,,371034,9,,,0,104,,371035,9,,,0,103,,371036,9,,,0,97,,371037,9,,,0,106,,371038,9,,,0,94,,371039,9,,,0,99,,371040,9,,,0,101,,371041,9,,,0,99,,371042,9,,,0,100,,371043,9,,,0
9601,'20260510',737,,371044,9,,,0,100,,371045,9,,,0,100,,371046,9,,,0,99,,371047,9,,,0,107,,371048,9,,,0,95,,371049,9,,,0,96,,371050,9,,,0,104,,371051,9,,,0,103,,371052,9,,,0,97,,371053,9,,,0,106,,371054,9,,,0,94,,371055,9,,,0,99,,371056,9,,,0,101,,371057,9,,,0,99,,371058,9,,,0,100,,371059,9,,,0
9601,'20260511',609,,371060,9,,,0,93,,371061,9,,,0,41,,371062,9,,,0,66,,371063,9,,,0,99,,371078,9,,,0,99,,371064,9,,,0,101,,371065,9,,,0,100,,371066,9,,,0,101,,371067,9,,,0,100,,371068,9,,,0,100,,371069,9,,,0,99,,371070,9,,,0,104,,371071,9,,,0,99,,371072,9,,,0,98,,371073,9,,,0,99,,371074,9,,,0,100,,371075,9,,,0,100,,371076,9,,,0,100,,371077,9,,,0
9601,'20260512',609,,403930,9,,,0,93,,403931,9,,,0,41,,403932,9,,,0,66,,403933,9,,,0,99,,403948,9,,,0,99,,403934,9,,,0,101,,403935,9,,,0,100,,403936,9,,,0,101,,403937,9,,,0,100,,403938,9,,,0,100,,403939,9,,,0,99,,403940,9,,,0,104,,403941,9,,,0,99,,403942,9,,,0,98,,403943,9,,,0,99,,403944,9,,,0,100,,403945,9,,,0,100,,403946,9,,,0,100,,403947,9,,,0
9601,'20260513',609,,403949,9,,,0,93,,403950,9,,,0,41,,403951,9,,,0,66,,403952,9,,,0,99,,403967,9,,,0,99,,403953,9,,,0,101,,403954,9,,,0,100,,403955,9,,,0,101,,403956,9,,,0,100,,403957,9,,,0,100,,403958,9,,,0,99,,403959,9,,,0,104,,403960,9,,,0,99,,403961,9,,,0,98,,403962,9,,,0,99,,403963,9,,,0,100,,403964,9,,,0,100,,403965,9,,,0,100,,403966,9,,,0
9601,'20260514',609,,403968,9,,,0,93,,403969,9,,,0,41,,403970,9,,,0,66,,403971,9,,,0,99,,403986,9,,,0,99,,403972,9,,,0,101,,403973,9,,,0,100,,403974,9,,,0,101,,403975,9,,,0,100,,403976,9,,,0,100,,403977,9,,,0,99,,403978,9,,,0,104,,403979,9,,,0,99,,403980,9,,,0,98,,403981,9,,,0,99,,403982,9,,,0,100,,403983,9,,,0,100,,403984,9,,,0,100,,403985,9,,,0
9601,'20260515',609,,403987,9,,,0,93,,403988,9,,,0,41,,403989,9,,,0,66,,403990,9,,,0,99,,404005,9,,,0,99,,403991,9,,,0,101,,403992,9,,,0,100,,403993,9,,,0,101,,403994,9,,,0,100,,403995,9,,,0,100,,403996,9,,,0,99,,403997,9,,,0,104,,403998,9,,,0,99,,403999,9,,,0,98,,404000,9,,,0,99,,404001,9,,,0,100,,404002,9,,,0,100,,404003,9,,,0,100,,404004,9,,,0
9601,'20260516',737,,431207,9,,,0,100,,431208,9,,,0,100,,431209,9,,,0,99,,431210,9,,,0,107,,431211,9,,,0,95,,431212,9,,,0,96,,431213,9,,,0,104,,431214,9,,,0,103,,431215,9,,,0,97,,431216,9,,,0,106,,431217,9,,,0,94,,431218,9,,,0,99,,431219,9,,,0,101,,431220,9,,,0,99,,431221,9,,,0,100,,431222,9,,,0
9601,'20260517',737,,431223,9,,,0,100,,431224,9,,,0,100,,431225,9,,,0,99,,431226,9,,,0,107,,431227,9,,,0,95,,431228,9,,,0,96,,431229,9,,,0,104,,431230,9,,,0,103,,431231,9,,,0,97,,431232,9,,,0,106,,431233,9,,,0,94,,431234,9,,,0,99,,431235,9,,,0,101,,431236,9,,,0,99,,431237,9,,,0,100,,431238,9,,,0
9601,'20260518',737,,431239,9,,,0,100,,431240,9,,,0,100,,431241,9,,,0,99,,431242,9,,,0,107,,431243,9,,,0,95,,431244,9,,,0,96,,431245,9,,,0,104,,431246,9,,,0,103,,431247,9,,,0,97,,431248,9,,,0,106,,431249,9,,,0,94,,431250,9,,,0,99,,431251,9,,,0,101,,431252,9,,,0,99,,431253,9,,,0,100,,431254,9,,,0
9601,'20260519',609,,431255,9,,,0,93,,431256,9,,,0,41,,431257,9,,,0,66,,431258,9,,,0,99,,431273,9,,,0,99,,431259,9,,,0,101,,431260,9,,,0,100,,431261,9,,,0,101,,431262,9,,,0,100,,431263,9,,,0,100,,431264,9,,,0,99,,431265,9,,,0,104,,431266,9,,,0,99,,431267,9,,,0,98,,431268,9,,,0,99,,431269,9,,,0,100,,431270,9,,,0,100,,431271,9,,,0,100,,431272,9,,,0
28303,'20260505',1623,,405877,27,4,,0,31,,405878,27,4,,0,92,,405879,27,4,,0,70,,405880,27,4,,0
28303,'20260506',1623,,405881,27,4,,0,31,,405882,27,4,,0,92,,405883,27,4,,0,70,,405884,27,4,,0
28303,'20260507',1623,,405885,27,4,,0,31,,405886,27,4,,0,92,,405887,27,4,,0,70,,405888,27,4,,0
28303,'20260508',1623,,431741,27,4,,0,31,,431742,27,4,,0,92,,431743,27,4,,0,70,,431744,27,4,,0
28303,'20260511',1623,,372265,27,4,,0,31,,372262,27,4,,0,92,,372263,27,4,,0,70,,372264,27,4,,0
28303,'20260512',1623,,405892,27,4,,0,31,,405889,27,4,,0,92,,405890,27,4,,0,70,,405891,27,4,,0
28303,'20260513',1623,,405896,27,4,,0,31,,405893,27,4,,0,92,,405894,27,4,,0,70,,405895,27,4,,0
28303,'20260514',1623,,405900,27,4,,0,31,,405897,27,4,,0,92,,405898,27,4,,0,70,,405899,27,4,,0
28303,'20260515',1623,,405904,27,4,,0,31,,405901,27,4,,0,92,,405902,27,4,,0,70,,405903,27,4,,0
28303,'20260519',1623,,431748,27,4,,0,31,,431745,27,4,,0,92,,431746,27,4,,0,70,,431747,27,4,,0
99203,'20260508',2600,,438588,29,,,0,130,,438589,29,,,0
99203,'20260509',2600,,383184,29,,,0,130,,383185,29,,,0
99203,'20260515',2600,,421943,29,,,0,130,,421944,29,,,0
99203,'20260516',2600,,438590,29,,,0,130,,438591,29,,,0
