5201,'20260720',614,,974854,22,,,0,30,,974855,22,,,0,71,,974856,22,,,0,36,,974857,22,,,0,65,,974858,22,,,0,29,,974859,22,,,0,70,,974860,22,,,0,100,,974861,22,,,0,100,,974862,22,,,0,100,,974863,22,,,0,100,,974864,22,,,0,100,,974865,22,,,0,100,,974866,22,,,0,30,,974867,22,,,0,71,,974868,22,,,0,36,,974869,22,,,0,63,,974870,22,,,0,30,,974871,22,,,0,70,,974872,22,,,0,99,,974873,22,,,0,100,,974874,22,,,0,100,,974875,22,,,0,100,,974876,22,,,0,100,,974877,22,,,0
5201,'20260721',614,,974878,22,,,0,30,,974879,22,,,0,71,,974880,22,,,0,36,,974881,22,,,0,65,,974882,22,,,0,29,,974883,22,,,0,70,,974884,22,,,0,100,,974885,22,,,0,100,,974886,22,,,0,100,,974887,22,,,0,100,,974888,22,,,0,100,,974889,22,,,0,100,,974890,22,,,0,30,,974891,22,,,0,71,,974892,22,,,0,36,,974893,22,,,0,63,,974894,22,,,0,30,,974895,22,,,0,70,,974896,22,,,0,99,,974897,22,,,0,100,,974898,22,,,0,100,,974899,22,,,0,100,,974900,22,,,0,100,,974901,22,,,0
5201,'20260722',614,,974902,22,,,0,30,,974903,22,,,0,71,,974904,22,,,0,36,,974905,22,,,0,65,,974906,22,,,0,29,,974907,22,,,0,70,,974908,22,,,0,100,,974909,22,,,0,100,,974910,22,,,0,100,,974911,22,,,0,100,,974912,22,,,0,100,,974913,22,,,0,100,,974914,22,,,0,30,,974915,22,,,0,71,,974916,22,,,0,36,,974917,22,,,0,63,,974918,22,,,0,30,,974919,22,,,0,70,,974920,22,,,0,99,,974921,22,,,0,100,,974922,22,,,0,100,,974923,22,,,0,100,,974924,22,,,0,100,,974925,22,,,0
5201,'20260723',614,,974926,22,,,0,30,,974927,22,,,0,71,,974928,22,,,0,36,,974929,22,,,0,65,,974930,22,,,0,29,,974931,22,,,0,70,,974932,22,,,0,100,,974933,22,,,0,100,,974934,22,,,0,100,,974935,22,,,0,100,,974936,22,,,0,100,,974937,22,,,0,100,,974938,22,,,0,30,,974939,22,,,0,71,,974940,22,,,0,36,,974941,22,,,0,63,,974942,22,,,0,30,,974943,22,,,0,70,,974944,22,,,0,99,,974945,22,,,0,100,,974946,22,,,0,100,,974947,22,,,0,100,,974948,22,,,0,100,,974949,22,,,0
5201,'20260724',614,,1002772,22,,,0,30,,1002773,22,,,0,71,,1002774,22,,,0,36,,1002775,22,,,0,65,,1002776,22,,,0,29,,1002777,22,,,0,70,,1002778,22,,,0,100,,1002779,22,,,0,100,,1002780,22,,,0,100,,1002781,22,,,0,100,,1002782,22,,,0,100,,1002783,22,,,0,100,,1002784,22,,,0,30,,1002785,22,,,0,71,,1002786,22,,,0,36,,1002787,22,,,0,63,,1002788,22,,,0,30,,1002789,22,,,0,70,,1002790,22,,,0,99,,1002791,22,,,0,100,,1002792,22,,,0,100,,1002793,22,,,0,100,,1002794,22,,,0,100,,1002795,22,,,0
5201,'20260725',713,,945083,22,,,0,100,,945084,22,,,0,100,,945085,22,,,0,100,,945086,22,,,0,101,,945087,22,,,0,100,,945088,22,,,0,100,,945089,22,,,0,100,,945090,22,,,0,96,,945091,22,,,0,104,,945092,22,,,0,100,,945093,22,,,0,100,,945094,22,,,0,99,,945095,22,,,0,100,,945098,22,,,0,100,,945096,22,,,0,100,,945099,22,,,0,100,,945097,22,,,0
5201,'20260726',713,,945116,22,,,0,100,,945112,22,,,0,100,,945111,22,,,0,100,,945100,22,,,0,101,,945101,22,,,0,100,,945102,22,,,0,100,,945103,22,,,0,100,,945104,22,,,0,96,,945105,22,,,0,104,,945106,22,,,0,100,,945107,22,,,0,100,,945108,22,,,0,99,,945113,22,,,0,100,,945109,22,,,0,100,,945114,22,,,0,100,,945110,22,,,0,100,,945115,22,,,0
5201,'20260727',614,,945140,22,,,0,30,,945117,22,,,0,71,,945118,22,,,0,36,,945119,22,,,0,65,,945120,22,,,0,29,,945121,22,,,0,70,,945122,22,,,0,100,,945139,22,,,0,100,,945123,22,,,0,100,,945124,22,,,0,100,,945125,22,,,0,100,,945126,22,,,0,100,,945127,22,,,0,30,,945128,22,,,0,71,,945129,22,,,0,36,,945130,22,,,0,63,,945131,22,,,0,30,,945132,22,,,0,70,,945133,22,,,0,99,,945134,22,,,0,100,,945135,22,,,0,100,,945136,22,,,0,100,,945137,22,,,0,100,,945138,22,,,0
5201,'20260728',614,,945164,22,,,0,30,,945141,22,,,0,71,,945142,22,,,0,36,,945143,22,,,0,65,,945144,22,,,0,29,,945145,22,,,0,70,,945146,22,,,0,100,,945163,22,,,0,100,,945147,22,,,0,100,,945148,22,,,0,100,,945149,22,,,0,100,,945150,22,,,0,100,,945151,22,,,0,30,,945152,22,,,0,71,,945153,22,,,0,36,,945154,22,,,0,63,,945155,22,,,0,30,,945156,22,,,0,70,,945157,22,,,0,99,,945158,22,,,0,100,,945159,22,,,0,100,,945160,22,,,0,100,,945161,22,,,0,100,,945162,22,,,0
5201,'20260729',614,,974973,22,,,0,30,,974950,22,,,0,71,,974951,22,,,0,36,,974952,22,,,0,65,,974953,22,,,0,29,,974954,22,,,0,70,,974955,22,,,0,100,,974972,22,,,0,100,,974956,22,,,0,100,,974957,22,,,0,100,,974958,22,,,0,100,,974959,22,,,0,100,,974960,22,,,0,30,,974961,22,,,0,71,,974962,22,,,0,36,,974963,22,,,0,63,,974964,22,,,0,30,,974965,22,,,0,70,,974966,22,,,0,99,,974967,22,,,0,100,,974968,22,,,0,100,,974969,22,,,0,100,,974970,22,,,0,100,,974971,22,,,0
5201,'20260730',614,,974997,22,,,0,30,,974974,22,,,0,71,,974975,22,,,0,36,,974976,22,,,0,65,,974977,22,,,0,29,,974978,22,,,0,70,,974979,22,,,0,100,,974996,22,,,0,100,,974980,22,,,0,100,,974981,22,,,0,100,,974982,22,,,0,100,,974983,22,,,0,100,,974984,22,,,0,30,,974985,22,,,0,71,,974986,22,,,0,36,,974987,22,,,0,63,,974988,22,,,0,30,,974989,22,,,0,70,,974990,22,,,0,99,,974991,22,,,0,100,,974992,22,,,0,100,,974993,22,,,0,100,,974994,22,,,0,100,,974995,22,,,0
5201,'20260731',614,,975021,22,,,0,30,,974998,22,,,0,71,,974999,22,,,0,36,,975000,22,,,0,65,,975001,22,,,0,29,,975002,22,,,0,70,,975003,22,,,0,100,,975020,22,,,0,100,,975004,22,,,0,100,,975005,22,,,0,100,,975006,22,,,0,100,,975007,22,,,0,100,,975008,22,,,0,30,,975009,22,,,0,71,,975010,22,,,0,36,,975011,22,,,0,63,,975012,22,,,0,30,,975013,22,,,0,70,,975014,22,,,0,99,,975015,22,,,0,100,,975016,22,,,0,100,,975017,22,,,0,100,,975018,22,,,0,100,,975019,22,,,0
5201,'20260801',713,,1002796,22,,,0,100,,1002797,22,,,0,100,,1002798,22,,,0,100,,1002799,22,,,0,101,,1002800,22,,,0,100,,1002801,22,,,0,100,,1002802,22,,,0,100,,1002803,22,,,0,96,,1002804,22,,,0,104,,1002805,22,,,0,100,,1002806,22,,,0,100,,1002807,22,,,0,99,,1002808,22,,,0,100,,1002811,22,,,0,100,,1002809,22,,,0,100,,1002812,22,,,0,100,,1002810,22,,,0
5201,'20260802',713,,1002829,22,,,0,100,,1002825,22,,,0,100,,1002824,22,,,0,100,,1002813,22,,,0,101,,1002814,22,,,0,100,,1002815,22,,,0,100,,1002816,22,,,0,100,,1002817,22,,,0,96,,1002818,22,,,0,104,,1002819,22,,,0,100,,1002820,22,,,0,100,,1002821,22,,,0,99,,1002826,22,,,0,100,,1002822,22,,,0,100,,1002827,22,,,0,100,,1002823,22,,,0,100,,1002828,22,,,0
5201,'20260803',614,,1002853,22,,,0,30,,1002830,22,,,0,71,,1002831,22,,,0,36,,1002832,22,,,0,65,,1002833,22,,,0,29,,1002834,22,,,0,70,,1002835,22,,,0,100,,1002852,22,,,0,100,,1002836,22,,,0,100,,1002837,22,,,0,100,,1002838,22,,,0,100,,1002839,22,,,0,100,,1002840,22,,,0,30,,1002841,22,,,0,71,,1002842,22,,,0,36,,1002843,22,,,0,63,,1002844,22,,,0,30,,1002845,22,,,0,70,,1002846,22,,,0,99,,1002847,22,,,0,100,,1002848,22,,,0,100,,1002849,22,,,0,100,,1002850,22,,,0,100,,1002851,22,,,0
