8001,'20260210',632,,82767,,,0,71,,82768,,,0,31,,82769,,,0,70,,82770,,,0,29,,82771,,,0,70,,82772,,,0,29,,82773,,,0,70,,82774,,,0,30,,82775,,,0,70,,82776,,,0,30,,82777,,,0,70,,82778,,,0,30,,82779,,,0,71,,82780,,,0,29,,82781,,,0,70,,82782,,,0,31,,82783,,,0,71,,82784,,,0,30,,82785,,,0,68,,82766,,,0,2,,82786,,,0,31,,82787,,,0,70,,82788,,,0,29,,82789,,,0,69,,82790,,,0,29,,82791,,,0,70,,82792,,,0,30,,82793,,,0,70,,82799,,,0,29,,82794,,,0,70,,82800,,,0,30,,82795,,,0,70,,82801,,,0,30,,82796,,,0,70,,82802,,,0,30,,82797,,,0,70,,82798,,,0
8001,'20260211',632,,82804,,,0,71,,82805,,,0,31,,82806,,,0,70,,82807,,,0,29,,82808,,,0,70,,82809,,,0,29,,82810,,,0,70,,82811,,,0,30,,82812,,,0,70,,82813,,,0,30,,82814,,,0,70,,82815,,,0,30,,82816,,,0,71,,82817,,,0,29,,82818,,,0,70,,82819,,,0,31,,82820,,,0,71,,82821,,,0,30,,82822,,,0,68,,82803,,,0,2,,82823,,,0,31,,82824,,,0,70,,82825,,,0,29,,82826,,,0,69,,82827,,,0,29,,82828,,,0,70,,82829,,,0,30,,82830,,,0,70,,82836,,,0,29,,82831,,,0,70,,82837,,,0,30,,82832,,,0,70,,82838,,,0,30,,82833,,,0,70,,82839,,,0,30,,82834,,,0,70,,82835,,,0
8001,'20260212',632,,82841,,,0,71,,82842,,,0,31,,82843,,,0,70,,82844,,,0,29,,82845,,,0,70,,82846,,,0,29,,82847,,,0,70,,82848,,,0,30,,82849,,,0,70,,82850,,,0,30,,82851,,,0,70,,82852,,,0,30,,82853,,,0,71,,82854,,,0,29,,82855,,,0,70,,82856,,,0,31,,82857,,,0,71,,82858,,,0,30,,82859,,,0,68,,82840,,,0,2,,82860,,,0,31,,82861,,,0,70,,82862,,,0,29,,82863,,,0,69,,82864,,,0,29,,82865,,,0,70,,82866,,,0,30,,82867,,,0,70,,82873,,,0,29,,82868,,,0,70,,82874,,,0,30,,82869,,,0,70,,82875,,,0,30,,82870,,,0,70,,82876,,,0,30,,82871,,,0,70,,82872,,,0
8001,'20260213',632,,119950,,,0,71,,119951,,,0,31,,119952,,,0,70,,119953,,,0,29,,119954,,,0,70,,119955,,,0,29,,119956,,,0,70,,119957,,,0,30,,119958,,,0,70,,119959,,,0,30,,119960,,,0,70,,119961,,,0,30,,119962,,,0,71,,119963,,,0,29,,119964,,,0,70,,119965,,,0,31,,119966,,,0,71,,119967,,,0,30,,119968,,,0,70,,119969,,,0,31,,119970,,,0,70,,119971,,,0,29,,119972,,,0,69,,119973,,,0,29,,119974,,,0,70,,119975,,,0,30,,119976,,,0,70,,119982,,,0,29,,119977,,,0,70,,119983,,,0,30,,119978,,,0,70,,119984,,,0,30,,119979,,,0,70,,119985,,,0,30,,119980,,,0,70,,119981,,,0
8001,'20260214',632,,82944,,,0,70,,82913,,,0,30,,82931,,,0,70,,82914,,,0,30,,82932,,,0,70,,82915,,,0,30,,82933,,,0,70,,82916,,,0,30,,82934,,,0,71,,82917,,,0,30,,82935,,,0,70,,82918,,,0,30,,82936,,,0,70,,82919,,,0,30,,82937,,,0,70,,82920,,,0,30,,82938,,,0,70,,82921,,,0,30,,82939,,,0,70,,82922,,,0,30,,82940,,,0,70,,82923,,,0,30,,82941,,,0,70,,82924,,,0,29,,82942,,,0,70,,82925,,,0,30,,82943,,,0,70,,82926,,,0,30,,82948,,,0,70,,82927,,,0,30,,82947,,,0,70,,82928,,,0,30,,82946,,,0,70,,82929,,,0,30,,82945,,,0,70,,82930,,,0
8001,'20260215',632,,82980,,,0,70,,82949,,,0,30,,82967,,,0,70,,82950,,,0,30,,82968,,,0,70,,82951,,,0,30,,82969,,,0,70,,82952,,,0,30,,82970,,,0,71,,82953,,,0,30,,82971,,,0,70,,82954,,,0,30,,82972,,,0,70,,82955,,,0,30,,82973,,,0,70,,82956,,,0,30,,82974,,,0,70,,82957,,,0,30,,82975,,,0,70,,82958,,,0,30,,82976,,,0,70,,82959,,,0,30,,82977,,,0,70,,82960,,,0,29,,82978,,,0,70,,82961,,,0,30,,82979,,,0,70,,82962,,,0,30,,82981,,,0,70,,82963,,,0,30,,82982,,,0,70,,82964,,,0,30,,82983,,,0,70,,82965,,,0,30,,82984,,,0,70,,82966,,,0
8001,'20260216',632,,82985,,,0,71,,82986,,,0,31,,82987,,,0,70,,82988,,,0,29,,82989,,,0,70,,82990,,,0,29,,82991,,,0,70,,82992,,,0,30,,82993,,,0,70,,82994,,,0,30,,82995,,,0,70,,82996,,,0,30,,82997,,,0,71,,82998,,,0,29,,82999,,,0,70,,83000,,,0,31,,83001,,,0,71,,83002,,,0,30,,83003,,,0,70,,83004,,,0,31,,83005,,,0,70,,83006,,,0,29,,83007,,,0,69,,83008,,,0,29,,83009,,,0,70,,83010,,,0,30,,83016,,,0,70,,83011,,,0,29,,83017,,,0,70,,83012,,,0,30,,83018,,,0,70,,83013,,,0,30,,83019,,,0,70,,83014,,,0,30,,83020,,,0,70,,83015,,,0
8001,'20260217',632,,83021,,,0,71,,83022,,,0,31,,83023,,,0,70,,83024,,,0,29,,83025,,,0,70,,83026,,,0,29,,83027,,,0,70,,83028,,,0,30,,83029,,,0,70,,83030,,,0,30,,83031,,,0,70,,83032,,,0,30,,83033,,,0,71,,83034,,,0,29,,83035,,,0,70,,83036,,,0,31,,83037,,,0,71,,83038,,,0,30,,83039,,,0,70,,83040,,,0,31,,83041,,,0,70,,83042,,,0,29,,83043,,,0,69,,83044,,,0,29,,83045,,,0,70,,83046,,,0,30,,83052,,,0,70,,83047,,,0,29,,83053,,,0,70,,83048,,,0,30,,83054,,,0,70,,83049,,,0,30,,83055,,,0,70,,83050,,,0,30,,83056,,,0,70,,83051,,,0
8001,'20260218',632,,83057,,,0,71,,83058,,,0,31,,83059,,,0,70,,83060,,,0,29,,83061,,,0,70,,83062,,,0,29,,83063,,,0,70,,83064,,,0,30,,83065,,,0,70,,83066,,,0,30,,83067,,,0,70,,83068,,,0,30,,83069,,,0,71,,83070,,,0,29,,83071,,,0,70,,83072,,,0,31,,83073,,,0,71,,83074,,,0,30,,83075,,,0,70,,83076,,,0,31,,83077,,,0,70,,83078,,,0,29,,83079,,,0,69,,83080,,,0,29,,83081,,,0,70,,83082,,,0,30,,83088,,,0,70,,83083,,,0,29,,83089,,,0,70,,83084,,,0,30,,83090,,,0,70,,83085,,,0,30,,83091,,,0,70,,83086,,,0,30,,83092,,,0,70,,83087,,,0
8001,'20260219',632,,83093,,,0,71,,83094,,,0,31,,83095,,,0,70,,83096,,,0,29,,83097,,,0,70,,83098,,,0,29,,83099,,,0,70,,83100,,,0,30,,83101,,,0,70,,83102,,,0,30,,83103,,,0,70,,83104,,,0,30,,83105,,,0,71,,83106,,,0,29,,83107,,,0,70,,83108,,,0,31,,83109,,,0,71,,83110,,,0,30,,83111,,,0,70,,83112,,,0,31,,83113,,,0,70,,83114,,,0,29,,83115,,,0,69,,83116,,,0,29,,83117,,,0,70,,83118,,,0,30,,83124,,,0,70,,83119,,,0,29,,83125,,,0,70,,83120,,,0,30,,83126,,,0,70,,83121,,,0,30,,83127,,,0,70,,83122,,,0,30,,83128,,,0,70,,83123,,,0
8001,'20260220',632,,83129,,,0,71,,83130,,,0,31,,83131,,,0,70,,83132,,,0,29,,83133,,,0,70,,83134,,,0,29,,83135,,,0,70,,83136,,,0,30,,83137,,,0,70,,83138,,,0,30,,83139,,,0,70,,83140,,,0,30,,83141,,,0,71,,83142,,,0,29,,83143,,,0,70,,83144,,,0,31,,83145,,,0,71,,83146,,,0,30,,83147,,,0,70,,83148,,,0,31,,83149,,,0,70,,83150,,,0,29,,83151,,,0,69,,83152,,,0,29,,83153,,,0,70,,83154,,,0,30,,83160,,,0,70,,83155,,,0,29,,83161,,,0,70,,83156,,,0,30,,83162,,,0,70,,83157,,,0,30,,83163,,,0,70,,83158,,,0,30,,83164,,,0,70,,83159,,,0
8001,'20260221',632,,120017,,,0,70,,119986,,,0,30,,120004,,,0,70,,119987,,,0,30,,120005,,,0,70,,119988,,,0,30,,120006,,,0,70,,119989,,,0,30,,120007,,,0,71,,119990,,,0,30,,120008,,,0,70,,119991,,,0,30,,120009,,,0,70,,119992,,,0,30,,120010,,,0,70,,119993,,,0,30,,120011,,,0,70,,119994,,,0,30,,120012,,,0,70,,119995,,,0,30,,120013,,,0,70,,119996,,,0,30,,120014,,,0,70,,119997,,,0,29,,120015,,,0,70,,119998,,,0,30,,120016,,,0,70,,119999,,,0,30,,120021,,,0,70,,120000,,,0,30,,120020,,,0,70,,120001,,,0,30,,120019,,,0,70,,120002,,,0,30,,120018,,,0,70,,120003,,,0
8001,'20260222',632,,120053,,,0,70,,120022,,,0,30,,120040,,,0,70,,120023,,,0,30,,120041,,,0,70,,120024,,,0,30,,120042,,,0,70,,120025,,,0,30,,120043,,,0,71,,120026,,,0,30,,120044,,,0,70,,120027,,,0,30,,120045,,,0,70,,120028,,,0,30,,120046,,,0,70,,120029,,,0,30,,120047,,,0,70,,120030,,,0,30,,120048,,,0,70,,120031,,,0,30,,120049,,,0,70,,120032,,,0,30,,120050,,,0,70,,120033,,,0,29,,120051,,,0,70,,120034,,,0,30,,120052,,,0,70,,120035,,,0,30,,120054,,,0,70,,120036,,,0,30,,120055,,,0,70,,120037,,,0,30,,120056,,,0,70,,120038,,,0,30,,120057,,,0,70,,120039,,,0
8001,'20260223',632,,120058,,,0,71,,120059,,,0,31,,120060,,,0,70,,120061,,,0,29,,120062,,,0,70,,120063,,,0,29,,120064,,,0,70,,120065,,,0,30,,120066,,,0,70,,120067,,,0,30,,120068,,,0,70,,120069,,,0,30,,120070,,,0,71,,120071,,,0,29,,120072,,,0,70,,120073,,,0,31,,120074,,,0,71,,120075,,,0,30,,120076,,,0,70,,120077,,,0,31,,120078,,,0,70,,120079,,,0,29,,120080,,,0,69,,120081,,,0,29,,120082,,,0,70,,120083,,,0,30,,120089,,,0,70,,120084,,,0,29,,120090,,,0,70,,120085,,,0,30,,120091,,,0,70,,120086,,,0,30,,120092,,,0,70,,120087,,,0,30,,120093,,,0,70,,120088,,,0
8001,'20260224',632,,120094,,,0,71,,120095,,,0,31,,120096,,,0,70,,120097,,,0,29,,120098,,,0,70,,120099,,,0,29,,120100,,,0,70,,120101,,,0,30,,120102,,,0,70,,120103,,,0,30,,120104,,,0,70,,120105,,,0,30,,120106,,,0,71,,120107,,,0,29,,120108,,,0,70,,120109,,,0,31,,120110,,,0,71,,120111,,,0,30,,120112,,,0,70,,120113,,,0,31,,120114,,,0,70,,120115,,,0,29,,120116,,,0,69,,120117,,,0,29,,120118,,,0,70,,120119,,,0,30,,120125,,,0,70,,120120,,,0,29,,120126,,,0,70,,120121,,,0,30,,120127,,,0,70,,120122,,,0,30,,120128,,,0,70,,120123,,,0,30,,120129,,,0,70,,120124,,,0
38001,'20260210',714,,93626,,,0,16,,93627,,,0,24,,93628,,,0,368,,93629,,,0
38001,'20260211',714,,93630,,,0,16,,93631,,,0,24,,93632,,,0,368,,93633,,,0
38001,'20260212',714,,93634,,,0,16,,93635,,,0,24,,93636,,,0,368,,93637,,,0
38001,'20260213',714,,123253,,,0,16,,123254,,,0,24,,123255,,,0,368,,123256,,,0
38001,'20260216',714,,93642,,,0,16,,93644,,,0,24,,93643,,,0,368,,93645,,,0
38001,'20260217',714,,93646,,,0,16,,93648,,,0,24,,93647,,,0,368,,93649,,,0
38001,'20260218',714,,93650,,,0,16,,93652,,,0,24,,93651,,,0,368,,93653,,,0
38001,'20260219',714,,93654,,,0,16,,93656,,,0,24,,93655,,,0,368,,93657,,,0
38001,'20260220',714,,93658,,,0,16,,93660,,,0,24,,93659,,,0,368,,93661,,,0
38001,'20260223',714,,123257,,,0,16,,123259,,,0,24,,123258,,,0,368,,123260,,,0
38001,'20260224',714,,123261,,,0,16,,123263,,,0,24,,123262,,,0,368,,123264,,,0
58001,'20260210',719,,94891,,,0,32,,94892,,,0,76,,94893,,,0
58001,'20260211',719,,94894,,,0,32,,94895,,,0,76,,94896,,,0
58001,'20260212',719,,94897,,,0,32,,94898,,,0,76,,94899,,,0
58001,'20260213',719,,123593,,,0,32,,123594,,,0,76,,123595,,,0
58001,'20260216',719,,94904,,,0,32,,94903,,,0,76,,94905,,,0
58001,'20260217',719,,94907,,,0,32,,94906,,,0,76,,94908,,,0
58001,'20260218',719,,94910,,,0,32,,94909,,,0,76,,94911,,,0
58001,'20260219',719,,94913,,,0,32,,94912,,,0,76,,94914,,,0
58001,'20260220',719,,94916,,,0,32,,94915,,,0,76,,94917,,,0
58001,'20260223',719,,123597,,,0,32,,123596,,,0,76,,123598,,,0
58001,'20260224',719,,123600,,,0,32,,123599,,,0,76,,123601,,,0
