1202,'20260501',644,,359282,31,,,0,71,,359283,31,,,0,30,,359284,31,,,0,72,,359285,31,,,0,31,,359286,31,,,0,99,,359287,31,,,0,99,,359288,31,,,0,100,,359289,31,,,0,101,,359290,31,,,0,100,,359291,31,,,0,100,,359292,31,,,0,100,,359293,31,,,0,101,,359281,31,,,0,2,,359294,31,,,0,106,,359295,31,,,0,94,,359296,31,,,0,94,,359297,31,,,0,97,,359298,31,,,0,98,,359299,31,,,0,99,,359300,31,,,0
1202,'20260502',825,,386640,31,,,0,101,,386641,31,,,0,102,,386642,31,,,0,105,,386643,32,,,0,102,,386644,32,,,0,96,,386645,32,,,0,108,,386646,32,,,0,98,,386647,32,,,0,100,,386648,32,,,0,99,,386649,32,,,0,96,,386650,32,,,0,94,,386651,31,,,0,99,,386652,31,,,0,100,,386653,31,,,0,100,,386654,31,,,0,100,,386655,31,,,0
1202,'20260503',825,,386656,31,,,0,101,,386657,31,,,0,102,,386658,31,,,0,105,,386659,32,,,0,102,,386660,32,,,0,96,,386661,32,,,0,108,,386662,32,,,0,98,,386663,32,,,0,100,,386664,32,,,0,99,,386665,32,,,0,96,,386666,32,,,0,94,,386667,31,,,0,99,,386668,31,,,0,100,,386669,31,,,0,100,,386670,31,,,0,100,,386671,31,,,0
1202,'20260504',644,,386673,31,,,0,71,,386674,31,,,0,30,,386675,31,,,0,72,,386676,31,,,0,31,,386677,31,,,0,99,,386678,31,,,0,99,,386679,31,,,0,100,,386680,31,,,0,101,,386681,31,,,0,100,,386682,31,,,0,100,,386683,31,,,0,100,,386684,31,,,0,101,,386672,31,,,0,2,,386685,31,,,0,106,,386686,31,,,0,94,,386687,31,,,0,94,,386688,31,,,0,97,,386689,31,,,0,98,,386690,31,,,0,99,,386691,31,,,0
1202,'20260505',644,,386693,31,,,0,71,,386694,31,,,0,30,,386695,31,,,0,72,,386696,31,,,0,31,,386697,31,,,0,99,,386698,31,,,0,99,,386699,31,,,0,100,,386700,31,,,0,101,,386701,31,,,0,100,,386702,31,,,0,100,,386703,31,,,0,100,,386704,31,,,0,101,,386692,31,,,0,2,,386705,31,,,0,106,,386706,31,,,0,94,,386707,31,,,0,94,,386708,31,,,0,97,,386709,31,,,0,98,,386710,31,,,0,99,,386711,31,,,0
1202,'20260506',644,,386713,31,,,0,71,,386714,31,,,0,30,,386715,31,,,0,72,,386716,31,,,0,31,,386717,31,,,0,99,,386718,31,,,0,99,,386719,31,,,0,100,,386720,31,,,0,101,,386721,31,,,0,100,,386722,31,,,0,100,,386723,31,,,0,100,,386724,31,,,0,101,,386712,31,,,0,2,,386725,31,,,0,106,,386726,31,,,0,94,,386727,31,,,0,94,,386728,31,,,0,97,,386729,31,,,0,98,,386730,31,,,0,99,,386731,31,,,0
1202,'20260507',644,,386733,31,,,0,71,,386734,31,,,0,30,,386735,31,,,0,72,,386736,31,,,0,31,,386737,31,,,0,99,,386738,31,,,0,99,,386739,31,,,0,100,,386740,31,,,0,101,,386741,31,,,0,100,,386742,31,,,0,100,,386743,31,,,0,100,,386744,31,,,0,101,,386732,31,,,0,2,,386745,31,,,0,106,,386746,31,,,0,94,,386747,31,,,0,94,,386748,31,,,0,97,,386749,31,,,0,98,,386750,31,,,0,99,,386751,31,,,0
1202,'20260508',644,,359319,31,,,0,71,,359301,31,,,0,30,,359302,31,,,0,72,,359303,31,,,0,31,,359304,31,,,0,99,,359305,31,,,0,99,,359306,31,,,0,100,,359307,31,,,0,101,,359308,31,,,0,100,,359309,31,,,0,100,,359310,31,,,0,100,,359311,31,,,0,103,,359312,31,,,0,106,,359313,31,,,0,94,,359314,31,,,0,94,,359315,31,,,0,97,,359316,31,,,0,98,,359317,31,,,0,99,,359318,31,,,0
1202,'20260509',825,,359320,31,,,0,101,,359321,31,,,0,102,,359322,31,,,0,105,,359329,32,,,0,102,,359330,32,,,0,96,,359331,32,,,0,108,,359332,32,,,0,98,,359333,32,,,0,100,,359334,32,,,0,99,,359335,32,,,0,96,,359323,32,,,0,94,,359324,31,,,0,99,,359325,31,,,0,100,,359326,31,,,0,100,,359327,31,,,0,100,,359328,31,,,0
1202,'20260510',825,,359336,31,,,0,101,,359337,31,,,0,102,,359338,31,,,0,105,,359339,32,,,0,102,,359340,32,,,0,96,,359341,32,,,0,108,,359342,32,,,0,98,,359343,32,,,0,100,,359344,32,,,0,99,,359345,32,,,0,96,,359346,32,,,0,94,,359347,31,,,0,99,,359348,31,,,0,100,,359349,31,,,0,100,,359350,31,,,0,100,,359351,31,,,0
1202,'20260511',644,,359370,31,,,0,71,,359352,31,,,0,30,,359353,31,,,0,72,,359354,31,,,0,31,,359355,31,,,0,99,,359356,31,,,0,99,,359357,31,,,0,100,,359358,31,,,0,101,,359359,31,,,0,100,,359360,31,,,0,100,,359361,31,,,0,100,,359362,31,,,0,103,,359363,31,,,0,106,,359364,31,,,0,94,,359365,31,,,0,94,,359366,31,,,0,97,,359367,31,,,0,98,,359368,31,,,0,99,,359369,31,,,0
1202,'20260512',644,,386770,31,,,0,71,,386752,31,,,0,30,,386753,31,,,0,72,,386754,31,,,0,31,,386755,31,,,0,99,,386756,31,,,0,99,,386757,31,,,0,100,,386758,31,,,0,101,,386759,31,,,0,100,,386760,31,,,0,100,,386761,31,,,0,100,,386762,31,,,0,103,,386763,31,,,0,106,,386764,31,,,0,94,,386765,31,,,0,94,,386766,31,,,0,97,,386767,31,,,0,98,,386768,31,,,0,99,,386769,31,,,0
1202,'20260513',644,,386789,31,,,0,71,,386771,31,,,0,30,,386772,31,,,0,72,,386773,31,,,0,31,,386774,31,,,0,99,,386775,31,,,0,99,,386776,31,,,0,100,,386777,31,,,0,101,,386778,31,,,0,100,,386779,31,,,0,100,,386780,31,,,0,100,,386781,31,,,0,103,,386782,31,,,0,106,,386783,31,,,0,94,,386784,31,,,0,94,,386785,31,,,0,97,,386786,31,,,0,98,,386787,31,,,0,99,,386788,31,,,0
1202,'20260514',644,,386808,31,,,0,71,,386790,31,,,0,30,,386791,31,,,0,72,,386792,31,,,0,31,,386793,31,,,0,99,,386794,31,,,0,99,,386795,31,,,0,100,,386796,31,,,0,101,,386797,31,,,0,100,,386798,31,,,0,100,,386799,31,,,0,100,,386800,31,,,0,103,,386801,31,,,0,106,,386802,31,,,0,94,,386803,31,,,0,94,,386804,31,,,0,97,,386805,31,,,0,98,,386806,31,,,0,99,,386807,31,,,0
1202,'20260515',644,,386827,31,,,0,71,,386809,31,,,0,30,,386810,31,,,0,72,,386811,31,,,0,31,,386812,31,,,0,99,,386813,31,,,0,99,,386814,31,,,0,100,,386815,31,,,0,101,,386816,31,,,0,100,,386817,31,,,0,100,,386818,31,,,0,100,,386819,31,,,0,103,,386820,31,,,0,106,,386821,31,,,0,94,,386822,31,,,0,94,,386823,31,,,0,97,,386824,31,,,0,98,,386825,31,,,0,99,,386826,31,,,0
