3600,'20260526',734,6,549369,35,,,0,70,46,549370,35,,,0,30,6,549371,35,,,0,100,6,549372,35,,,0,100,6,549373,35,,,0,100,6,549374,35,,,0,100,6,549375,35,,,0,100,6,549376,35,,,0,100,6,549377,35,,,0,100,7,549378,35,,,0,70,48,549379,35,,,0,30,8,549380,35,,,0,70,47,549381,35,,,0,30,6,549382,35,,,0,70,46,549383,35,,,0,30,6,549384,35,,,0,100,6,549385,35,,,0,100,6,549386,35,,,0,100,5,549387,35,,,0,100,5,549388,35,,,0,100,5,549389,35,,,0,100,5,549390,35,,,0
3600,'20260527',734,6,549391,35,,,0,70,46,549392,35,,,0,30,6,549393,35,,,0,100,6,549394,35,,,0,100,6,549395,35,,,0,100,6,549396,35,,,0,100,6,549397,35,,,0,100,6,549398,35,,,0,100,6,549399,35,,,0,100,7,549400,35,,,0,70,48,549401,35,,,0,30,8,549402,35,,,0,70,47,549403,35,,,0,30,6,549404,35,,,0,70,46,549405,35,,,0,30,6,549406,35,,,0,100,6,549407,35,,,0,100,6,549408,35,,,0,100,5,549409,35,,,0,100,5,549410,35,,,0,100,5,549411,35,,,0,100,5,549412,35,,,0
3600,'20260528',734,6,549413,35,,,0,70,46,549414,35,,,0,30,6,549415,35,,,0,100,6,549416,35,,,0,100,6,549417,35,,,0,100,6,549418,35,,,0,100,6,549419,35,,,0,100,6,549420,35,,,0,100,6,549421,35,,,0,100,7,549422,35,,,0,70,48,549423,35,,,0,30,8,549424,35,,,0,70,47,549425,35,,,0,30,6,549426,35,,,0,70,46,549427,35,,,0,30,6,549428,35,,,0,100,6,549429,35,,,0,100,6,549430,35,,,0,100,5,549431,35,,,0,100,5,549432,35,,,0,100,5,549433,35,,,0,100,5,549434,35,,,0
3600,'20260529',734,6,580746,35,,,0,70,46,580747,35,,,0,30,6,580748,35,,,0,100,6,580749,35,,,0,100,6,580750,35,,,0,100,6,580751,35,,,0,100,6,580752,35,,,0,100,6,580753,35,,,0,100,6,580754,35,,,0,100,7,580755,35,,,0,70,48,580756,35,,,0,30,8,580757,35,,,0,70,47,580758,35,,,0,30,6,580759,35,,,0,70,46,580760,35,,,0,30,6,580761,35,,,0,100,6,580762,35,,,0,100,6,580763,35,,,0,100,5,580764,35,,,0,100,5,580765,35,,,0,100,5,580766,35,,,0,100,5,580767,35,,,0
3600,'20260530',734,6,518040,35,,,0,100,6,518041,35,,,0,100,6,518042,35,,,0,100,6,518043,35,,,0,100,6,518044,35,,,0,100,6,518045,35,,,0,100,6,518046,35,,,0,100,6,518047,35,,,0,100,6,518048,35,,,0,100,6,518049,35,,,0,100,6,518050,35,,,0,100,6,518051,35,,,0,100,6,518053,35,,,0,100,6,518038,35,,,0,100,5,518054,35,,,0,100,5,518039,35,,,0,100,5,518052,35,,,0,100,5,518055,35,,,0
3600,'20260531',734,6,518073,35,,,0,100,6,518071,35,,,0,100,6,518065,35,,,0,100,6,518068,35,,,0,100,6,518057,35,,,0,100,6,518056,35,,,0,100,6,518064,35,,,0,100,6,518063,35,,,0,100,6,518062,35,,,0,100,6,518061,35,,,0,100,6,518060,35,,,0,100,6,518059,35,,,0,100,6,518069,35,,,0,100,6,518058,35,,,0,100,5,518070,35,,,0,100,5,518067,35,,,0,100,5,518066,35,,,0,100,5,518072,35,,,0
3600,'20260601',734,6,518074,35,,,0,70,46,518095,35,,,0,30,6,518075,35,,,0,100,6,518076,35,,,0,100,6,518077,35,,,0,100,6,518078,35,,,0,100,6,518079,35,,,0,100,6,518080,35,,,0,100,6,518081,35,,,0,100,7,518082,35,,,0,70,48,518083,35,,,0,30,8,518084,35,,,0,70,47,518085,35,,,0,30,6,518086,35,,,0,70,46,518087,35,,,0,30,6,518089,35,,,0,100,6,518090,35,,,0,100,6,518091,35,,,0,100,5,518092,35,,,0,100,5,518093,35,,,0,100,5,518094,35,,,0,100,5,518088,35,,,0
3600,'20260602',734,6,518096,35,,,0,70,46,518117,35,,,0,30,6,518097,35,,,0,100,6,518098,35,,,0,100,6,518099,35,,,0,100,6,518100,35,,,0,100,6,518101,35,,,0,100,6,518102,35,,,0,100,6,518103,35,,,0,100,7,518104,35,,,0,70,48,518105,35,,,0,30,8,518106,35,,,0,70,47,518107,35,,,0,30,6,518108,35,,,0,70,46,518109,35,,,0,30,6,518111,35,,,0,100,6,518112,35,,,0,100,6,518113,35,,,0,100,5,518114,35,,,0,100,5,518115,35,,,0,100,5,518116,35,,,0,100,5,518110,35,,,0
3600,'20260603',734,6,549435,35,,,0,70,46,549456,35,,,0,30,6,549436,35,,,0,100,6,549437,35,,,0,100,6,549438,35,,,0,100,6,549439,35,,,0,100,6,549440,35,,,0,100,6,549441,35,,,0,100,6,549442,35,,,0,100,7,549443,35,,,0,70,48,549444,35,,,0,30,8,549445,35,,,0,70,47,549446,35,,,0,30,6,549447,35,,,0,70,46,549448,35,,,0,30,6,549450,35,,,0,100,6,549451,35,,,0,100,6,549452,35,,,0,100,5,549453,35,,,0,100,5,549454,35,,,0,100,5,549455,35,,,0,100,5,549449,35,,,0
3600,'20260604',734,6,549457,35,,,0,70,46,549478,35,,,0,30,6,549458,35,,,0,100,6,549459,35,,,0,100,6,549460,35,,,0,100,6,549461,35,,,0,100,6,549462,35,,,0,100,6,549463,35,,,0,100,6,549464,35,,,0,100,7,549465,35,,,0,70,48,549466,35,,,0,30,8,549467,35,,,0,70,47,549468,35,,,0,30,6,549469,35,,,0,70,46,549470,35,,,0,30,6,549472,35,,,0,100,6,549473,35,,,0,100,6,549474,35,,,0,100,5,549475,35,,,0,100,5,549476,35,,,0,100,5,549477,35,,,0,100,5,549471,35,,,0
3600,'20260605',734,6,549479,35,,,0,70,46,549500,35,,,0,30,6,549480,35,,,0,100,6,549481,35,,,0,100,6,549482,35,,,0,100,6,549483,35,,,0,100,6,549484,35,,,0,100,6,549485,35,,,0,100,6,549486,35,,,0,100,7,549487,35,,,0,70,48,549488,35,,,0,30,8,549489,35,,,0,70,47,549490,35,,,0,30,6,549491,35,,,0,70,46,549492,35,,,0,30,6,549494,35,,,0,100,6,549495,35,,,0,100,6,549496,35,,,0,100,5,549497,35,,,0,100,5,549498,35,,,0,100,5,549499,35,,,0,100,5,549493,35,,,0
3600,'20260606',734,6,580770,35,,,0,100,6,580771,35,,,0,100,6,580772,35,,,0,100,6,580773,35,,,0,100,6,580774,35,,,0,100,6,580775,35,,,0,100,6,580776,35,,,0,100,6,580777,35,,,0,100,6,580778,35,,,0,100,6,580779,35,,,0,100,6,580780,35,,,0,100,6,580781,35,,,0,100,6,580783,35,,,0,100,6,580768,35,,,0,100,5,580784,35,,,0,100,5,580769,35,,,0,100,5,580782,35,,,0,100,5,580785,35,,,0
3600,'20260607',734,6,580803,35,,,0,100,6,580801,35,,,0,100,6,580795,35,,,0,100,6,580798,35,,,0,100,6,580787,35,,,0,100,6,580786,35,,,0,100,6,580794,35,,,0,100,6,580793,35,,,0,100,6,580792,35,,,0,100,6,580791,35,,,0,100,6,580790,35,,,0,100,6,580789,35,,,0,100,6,580799,35,,,0,100,6,580788,35,,,0,100,5,580800,35,,,0,100,5,580797,35,,,0,100,5,580796,35,,,0,100,5,580802,35,,,0
3600,'20260608',734,6,580804,35,,,0,70,46,580825,35,,,0,30,6,580805,35,,,0,100,6,580806,35,,,0,100,6,580807,35,,,0,100,6,580808,35,,,0,100,6,580809,35,,,0,100,6,580810,35,,,0,100,6,580811,35,,,0,100,7,580812,35,,,0,70,48,580813,35,,,0,30,8,580814,35,,,0,70,47,580815,35,,,0,30,6,580816,35,,,0,70,46,580817,35,,,0,30,6,580819,35,,,0,100,6,580820,35,,,0,100,6,580821,35,,,0,100,5,580822,35,,,0,100,5,580823,35,,,0,100,5,580824,35,,,0,100,5,580818,35,,,0
3600,'20260609',734,6,580826,35,,,0,70,46,580847,35,,,0,30,6,580827,35,,,0,100,6,580828,35,,,0,100,6,580829,35,,,0,100,6,580830,35,,,0,100,6,580831,35,,,0,100,6,580832,35,,,0,100,6,580833,35,,,0,100,7,580834,35,,,0,70,48,580835,35,,,0,30,8,580836,35,,,0,70,47,580837,35,,,0,30,6,580838,35,,,0,70,46,580839,35,,,0,30,6,580841,35,,,0,100,6,580842,35,,,0,100,6,580843,35,,,0,100,5,580844,35,,,0,100,5,580845,35,,,0,100,5,580846,35,,,0,100,5,580840,35,,,0
93600,'20260529',2557,4,594997,38,,,0
93600,'20260530',2557,4,542173,38,,,0
93600,'20260605',2557,4,576919,38,,,0
93600,'20260606',2557,4,594998,38,,,0
