5801,'20260612',603,,691924,6,,,0,30,,691925,6,,,0,68,,691926,6,,,0,32,,691927,6,,,0,71,,691928,6,,,0,30,,691929,6,,,0,70,,691930,6,,,0,105,,691931,6,,,0,103,,691932,6,,,0,101,,691933,6,,,0,100,,691934,6,,,0,100,,691935,6,,,0,99,,691936,6,,,0,99,,691937,6,,,0,103,,691938,6,,,0,101,,691939,6,,,0,99,,691940,6,,,0,99,,691941,6,,,0,101,,691942,6,,,0,100,,691943,6,,,0,99,,691944,6,,,0
5801,'20260613',703,,712144,6,,,0,100,,712145,6,,,0,100,,712146,6,,,0,101,,712147,6,,,0,100,,712148,6,,,0,100,,712149,6,,,0,100,,712150,6,,,0,100,,712151,6,,,0,101,,712152,6,,,0,101,,712153,6,,,0,101,,712154,6,,,0,105,,712155,6,,,0,93,,712156,6,,,0,98,,712157,6,,,0,100,,712158,6,,,0,100,,712159,6,,,0,100,,712160,6,,,0
5801,'20260614',703,,712161,6,,,0,100,,712162,6,,,0,100,,712163,6,,,0,101,,712164,6,,,0,100,,712165,6,,,0,100,,712166,6,,,0,100,,712167,6,,,0,100,,712168,6,,,0,101,,712169,6,,,0,101,,712170,6,,,0,101,,712171,6,,,0,105,,712172,6,,,0,93,,712173,6,,,0,98,,712174,6,,,0,100,,712175,6,,,0,100,,712176,6,,,0,100,,712177,6,,,0
5801,'20260615',603,,712178,6,,,0,30,,712179,6,,,0,68,,712180,6,,,0,32,,712181,6,,,0,71,,712182,6,,,0,30,,712183,6,,,0,70,,712184,6,,,0,105,,712185,6,,,0,103,,712186,6,,,0,101,,712187,6,,,0,100,,712188,6,,,0,100,,712189,6,,,0,99,,712190,6,,,0,99,,712191,6,,,0,103,,712192,6,,,0,101,,712193,6,,,0,99,,712194,6,,,0,99,,712195,6,,,0,101,,712196,6,,,0,100,,712197,6,,,0,99,,712198,6,,,0
5801,'20260616',603,,712199,6,,,0,30,,712200,6,,,0,68,,712201,6,,,0,32,,712202,6,,,0,71,,712203,6,,,0,30,,712204,6,,,0,70,,712205,6,,,0,105,,712206,6,,,0,103,,712207,6,,,0,101,,712208,6,,,0,100,,712209,6,,,0,100,,712210,6,,,0,99,,712211,6,,,0,99,,712212,6,,,0,103,,712213,6,,,0,101,,712214,6,,,0,99,,712215,6,,,0,99,,712216,6,,,0,101,,712217,6,,,0,100,,712218,6,,,0,99,,712219,6,,,0
5801,'20260617',603,,712220,6,,,0,30,,712221,6,,,0,68,,712222,6,,,0,32,,712223,6,,,0,71,,712224,6,,,0,30,,712225,6,,,0,70,,712226,6,,,0,105,,712227,6,,,0,103,,712228,6,,,0,101,,712229,6,,,0,100,,712230,6,,,0,100,,712231,6,,,0,99,,712232,6,,,0,99,,712233,6,,,0,103,,712234,6,,,0,101,,712235,6,,,0,99,,712236,6,,,0,99,,712237,6,,,0,101,,712238,6,,,0,100,,712239,6,,,0,99,,712240,6,,,0
5801,'20260618',603,,712241,6,,,0,30,,712242,6,,,0,68,,712243,6,,,0,32,,712244,6,,,0,71,,712245,6,,,0,30,,712246,6,,,0,70,,712247,6,,,0,105,,712248,6,,,0,103,,712249,6,,,0,101,,712250,6,,,0,100,,712251,6,,,0,100,,712252,6,,,0,99,,712253,6,,,0,99,,712254,6,,,0,103,,712255,6,,,0,101,,712256,6,,,0,99,,712257,6,,,0,99,,712258,6,,,0,101,,712259,6,,,0,100,,712260,6,,,0,99,,712261,6,,,0
5801,'20260619',603,,663582,6,,,0,30,,663564,6,,,0,68,,663565,6,,,0,32,,663566,6,,,0,71,,663567,6,,,0,30,,663583,6,,,0,70,,663577,6,,,0,105,,663578,6,,,0,103,,663568,6,,,0,101,,663569,6,,,0,100,,663579,6,,,0,100,,663572,6,,,0,99,,663580,6,,,0,99,,663575,6,,,0,103,,663570,6,,,0,101,,663571,6,,,0,99,,663573,6,,,0,99,,663581,6,,,0,101,,663576,6,,,0,100,,663574,6,,,0,99,,663584,6,,,0
5801,'20260620',703,,691945,6,,,0,100,,691946,6,,,0,100,,691953,6,,,0,101,,691951,6,,,0,100,,691954,6,,,0,100,,691947,6,,,0,100,,691948,6,,,0,100,,691955,6,,,0,101,,691952,6,,,0,101,,691956,6,,,0,103,,691957,6,,,0,103,,691949,6,,,0,93,,691950,6,,,0,98,,691958,6,,,0,100,,691959,6,,,0,100,,691960,6,,,0,100,,691961,6,,,0
5801,'20260621',703,,691969,6,,,0,100,,691964,6,,,0,100,,691971,6,,,0,101,,691965,6,,,0,100,,691972,6,,,0,100,,691976,6,,,0,100,,691970,6,,,0,100,,691973,6,,,0,101,,691974,6,,,0,101,,691977,6,,,0,103,,691967,6,,,0,103,,691975,6,,,0,93,,691968,6,,,0,98,,691962,6,,,0,100,,691966,6,,,0,100,,691978,6,,,0,100,,691963,6,,,0
5801,'20260622',603,,691997,6,,,0,30,,691979,6,,,0,68,,691980,6,,,0,31,,691981,6,,,0,73,,691982,6,,,0,29,,691998,6,,,0,70,,691992,6,,,0,105,,691993,6,,,0,103,,691983,6,,,0,101,,691984,6,,,0,100,,691994,6,,,0,100,,691987,6,,,0,99,,691995,6,,,0,98,,691990,6,,,0,104,,691985,6,,,0,101,,691986,6,,,0,99,,691988,6,,,0,99,,691996,6,,,0,101,,691991,6,,,0,100,,691989,6,,,0,99,,691999,6,,,0
5801,'20260623',603,,712280,6,,,0,30,,712262,6,,,0,68,,712263,6,,,0,31,,712264,6,,,0,73,,712265,6,,,0,29,,712281,6,,,0,70,,712275,6,,,0,105,,712276,6,,,0,103,,712266,6,,,0,101,,712267,6,,,0,100,,712277,6,,,0,100,,712270,6,,,0,99,,712278,6,,,0,98,,712273,6,,,0,104,,712268,6,,,0,101,,712269,6,,,0,99,,712271,6,,,0,99,,712279,6,,,0,101,,712274,6,,,0,100,,712272,6,,,0,99,,712282,6,,,0
5801,'20260624',703,,712290,6,,,0,100,,712285,6,,,0,100,,712292,6,,,0,101,,712286,6,,,0,100,,712293,6,,,0,100,,712297,6,,,0,100,,712291,6,,,0,100,,712294,6,,,0,101,,712295,6,,,0,101,,712298,6,,,0,103,,712288,6,,,0,103,,712296,6,,,0,93,,712289,6,,,0,98,,712283,6,,,0,100,,712287,6,,,0,100,,712299,6,,,0,100,,712284,6,,,0
5801,'20260625',603,,712318,6,,,0,30,,712300,6,,,0,68,,712301,6,,,0,31,,712302,6,,,0,73,,712303,6,,,0,29,,712319,6,,,0,70,,712313,6,,,0,105,,712314,6,,,0,103,,712304,6,,,0,101,,712305,6,,,0,100,,712315,6,,,0,100,,712308,6,,,0,99,,712316,6,,,0,98,,712311,6,,,0,104,,712306,6,,,0,101,,712307,6,,,0,99,,712309,6,,,0,99,,712317,6,,,0,101,,712312,6,,,0,100,,712310,6,,,0,99,,712320,6,,,0
5801,'20260626',603,,712339,6,,,0,30,,712321,6,,,0,68,,712322,6,,,0,31,,712323,6,,,0,73,,712324,6,,,0,29,,712340,6,,,0,70,,712334,6,,,0,105,,712335,6,,,0,103,,712325,6,,,0,101,,712326,6,,,0,100,,712336,6,,,0,100,,712329,6,,,0,99,,712337,6,,,0,98,,712332,6,,,0,104,,712327,6,,,0,101,,712328,6,,,0,99,,712330,6,,,0,99,,712338,6,,,0,101,,712333,6,,,0,100,,712331,6,,,0,99,,712341,6,,,0
25801,'20260612',636,,695565,6,,,0,69,,695566,6,,,0,29,,695567,6,,,0,79,,695568,6,,,0
25801,'20260615',636,,721963,6,,,0,69,,721964,6,,,0,29,,721965,6,,,0,79,,721966,6,,,0
25801,'20260616',636,,721967,6,,,0,69,,721968,6,,,0,29,,721969,6,,,0,79,,721970,6,,,0
25801,'20260617',636,,721971,6,,,0,69,,721972,6,,,0,29,,721973,6,,,0,79,,721974,6,,,0
25801,'20260618',636,,721975,6,,,0,69,,721976,6,,,0,29,,721977,6,,,0,79,,721978,6,,,0
25801,'20260619',636,,672581,6,,,0,69,,672582,6,,,0,29,,672583,6,,,0,79,,672584,6,,,0
25801,'20260622',641,,695569,6,,,0,65,,695570,6,,,0,31,,695571,6,,,0,77,,695572,6,,,0
25801,'20260623',641,,721979,6,,,0,65,,721980,6,,,0,31,,721981,6,,,0,77,,721982,6,,,0
25801,'20260625',641,,721983,6,,,0,65,,721984,6,,,0,31,,721985,6,,,0,77,,721986,6,,,0
25801,'20260626',641,,721987,6,,,0,65,,721988,6,,,0,31,,721989,6,,,0,77,,721990,6,,,0
35801,'20260612',648,,695920,6,,,0,69,,695921,6,,,0
35801,'20260615',648,,723242,6,,,0,69,,723243,6,,,0
35801,'20260616',648,,723244,6,,,0,69,,723245,6,,,0
35801,'20260617',648,,723246,6,,,0,69,,723247,6,,,0
35801,'20260618',648,,723248,6,,,0,69,,723249,6,,,0
35801,'20260619',648,,674064,6,,,0,69,,674065,6,,,0
55801,'20260612',700,,696153,6,,,0,32,,696154,6,,,0
55801,'20260615',700,,723948,6,,,0,32,,723949,6,,,0
55801,'20260616',700,,723950,6,,,0,32,,723951,6,,,0
55801,'20260617',700,,723952,6,,,0,32,,723953,6,,,0
55801,'20260618',700,,723954,6,,,0,32,,723955,6,,,0
55801,'20260619',700,,674964,6,,,0,32,,674965,6,,,0
55801,'20260622',640,,696155,6,,,0,68,,696156,6,,,0
55801,'20260623',640,,723956,6,,,0,68,,723957,6,,,0
55801,'20260625',640,,723958,6,,,0,68,,723959,6,,,0
55801,'20260626',640,,723960,6,,,0,68,,723961,6,,,0
