9402,'20260529',553,,586529,8,,,0,99,,586530,8,,,0,72,,586531,8,,,0,30,,586532,8,,,0,71,,586533,8,,,0,31,,586534,8,,,0,100,,586535,8,,,0,99,,586536,8,,,0,100,,586537,8,,,0,101,,586538,8,,,0,99,,586539,8,,,0,101,,586540,8,,,0,99,,586541,8,,,0,103,,586542,8,,,0,100,,586543,8,,,0,99,,586544,8,,,0,98,,586545,8,,,0,98,,586546,8,,,0,100,,586547,8,,,0,100,,586548,8,,,0
9402,'20260530',546,,615778,8,,,0,100,,615779,8,,,0,100,,615780,8,,,0,100,,615781,8,,,0,101,,615782,8,,,0,100,,615783,8,,,0,101,,615784,8,,,0,100,,615785,8,,,0,100,,615786,8,,,0,100,,615787,8,,,0,100,,615788,8,,,0,100,,615789,8,,,0,100,,615790,8,,,0,99,,615791,8,,,0,99,,615792,8,,,0,100,,615793,8,,,0,100,,615794,8,,,0,100,,615795,8,,,0
9402,'20260531',546,,615796,8,,,0,100,,615797,8,,,0,100,,615798,8,,,0,100,,615799,8,,,0,101,,615800,8,,,0,100,,615801,8,,,0,101,,615802,8,,,0,100,,615803,8,,,0,100,,615804,8,,,0,100,,615805,8,,,0,100,,615806,8,,,0,100,,615807,8,,,0,100,,615808,8,,,0,99,,615809,8,,,0,99,,615810,8,,,0,100,,615811,8,,,0,100,,615812,8,,,0,100,,615813,8,,,0
9402,'20260601',553,,615814,8,,,0,99,,615815,8,,,0,72,,615816,8,,,0,30,,615817,8,,,0,71,,615818,8,,,0,31,,615819,8,,,0,100,,615820,8,,,0,99,,615821,8,,,0,100,,615822,8,,,0,101,,615823,8,,,0,99,,615824,8,,,0,101,,615825,8,,,0,99,,615826,8,,,0,103,,615827,8,,,0,100,,615828,8,,,0,99,,615829,8,,,0,98,,615830,8,,,0,98,,615831,8,,,0,100,,615832,8,,,0,100,,615833,8,,,0
9402,'20260602',553,,615834,8,,,0,99,,615835,8,,,0,72,,615836,8,,,0,30,,615837,8,,,0,71,,615838,8,,,0,31,,615839,8,,,0,100,,615840,8,,,0,99,,615841,8,,,0,100,,615842,8,,,0,101,,615843,8,,,0,99,,615844,8,,,0,101,,615845,8,,,0,99,,615846,8,,,0,103,,615847,8,,,0,100,,615848,8,,,0,99,,615849,8,,,0,98,,615850,8,,,0,98,,615851,8,,,0,100,,615852,8,,,0,100,,615853,8,,,0
9402,'20260603',553,,615854,8,,,0,99,,615855,8,,,0,72,,615856,8,,,0,30,,615857,8,,,0,71,,615858,8,,,0,31,,615859,8,,,0,100,,615860,8,,,0,99,,615861,8,,,0,100,,615862,8,,,0,101,,615863,8,,,0,99,,615864,8,,,0,101,,615865,8,,,0,99,,615866,8,,,0,103,,615867,8,,,0,100,,615868,8,,,0,99,,615869,8,,,0,98,,615870,8,,,0,98,,615871,8,,,0,100,,615872,8,,,0,100,,615873,8,,,0
9402,'20260604',553,,615874,8,,,0,99,,615875,8,,,0,72,,615876,8,,,0,30,,615877,8,,,0,71,,615878,8,,,0,31,,615879,8,,,0,100,,615880,8,,,0,99,,615881,8,,,0,100,,615882,8,,,0,101,,615883,8,,,0,99,,615884,8,,,0,101,,615885,8,,,0,99,,615886,8,,,0,103,,615887,8,,,0,100,,615888,8,,,0,99,,615889,8,,,0,98,,615890,8,,,0,98,,615891,8,,,0,100,,615892,8,,,0,100,,615893,8,,,0
9402,'20260605',553,,560367,8,,,0,99,,560369,8,,,0,72,,560384,8,,,0,30,,560385,8,,,0,71,,560383,8,,,0,31,,560368,8,,,0,100,,560386,8,,,0,99,,560370,8,,,0,100,,560371,8,,,0,101,,560372,8,,,0,99,,560373,8,,,0,101,,560374,8,,,0,99,,560375,8,,,0,103,,560376,8,,,0,100,,560377,8,,,0,99,,560378,8,,,0,98,,560379,8,,,0,98,,560380,8,,,0,100,,560381,8,,,0,100,,560382,8,,,0
9402,'20260606',546,,586566,8,,,0,100,,586549,8,,,0,100,,586550,8,,,0,100,,586551,8,,,0,101,,586552,8,,,0,100,,586553,8,,,0,101,,586554,8,,,0,100,,586555,8,,,0,100,,586556,8,,,0,100,,586557,8,,,0,100,,586558,8,,,0,100,,586559,8,,,0,100,,586560,8,,,0,99,,586561,8,,,0,99,,586562,8,,,0,100,,586563,8,,,0,100,,586564,8,,,0,100,,586565,8,,,0
9402,'20260607',546,,586584,8,,,0,100,,586567,8,,,0,100,,586568,8,,,0,100,,586569,8,,,0,101,,586570,8,,,0,100,,586571,8,,,0,101,,586572,8,,,0,100,,586573,8,,,0,100,,586574,8,,,0,100,,586575,8,,,0,100,,586576,8,,,0,100,,586577,8,,,0,100,,586578,8,,,0,99,,586579,8,,,0,99,,586580,8,,,0,100,,586581,8,,,0,100,,586582,8,,,0,100,,586583,8,,,0
9402,'20260608',553,,586585,8,,,0,99,,586587,8,,,0,72,,586602,8,,,0,30,,586603,8,,,0,71,,586601,8,,,0,31,,586586,8,,,0,100,,586604,8,,,0,99,,586588,8,,,0,100,,586589,8,,,0,101,,586590,8,,,0,99,,586591,8,,,0,101,,586592,8,,,0,99,,586593,8,,,0,103,,586594,8,,,0,100,,586595,8,,,0,99,,586596,8,,,0,98,,586597,8,,,0,98,,586598,8,,,0,100,,586599,8,,,0,100,,586600,8,,,0
9402,'20260609',553,,586605,8,,,0,99,,586607,8,,,0,72,,586622,8,,,0,30,,586623,8,,,0,71,,586621,8,,,0,31,,586606,8,,,0,100,,586624,8,,,0,99,,586608,8,,,0,100,,586609,8,,,0,101,,586610,8,,,0,99,,586611,8,,,0,101,,586612,8,,,0,99,,586613,8,,,0,103,,586614,8,,,0,100,,586615,8,,,0,99,,586616,8,,,0,98,,586617,8,,,0,98,,586618,8,,,0,100,,586619,8,,,0,100,,586620,8,,,0
9402,'20260610',553,,615894,8,,,0,99,,615896,8,,,0,72,,615911,8,,,0,30,,615912,8,,,0,71,,615910,8,,,0,31,,615895,8,,,0,100,,615913,8,,,0,99,,615897,8,,,0,100,,615898,8,,,0,101,,615899,8,,,0,99,,615900,8,,,0,101,,615901,8,,,0,99,,615902,8,,,0,103,,615903,8,,,0,100,,615904,8,,,0,99,,615905,8,,,0,98,,615906,8,,,0,98,,615907,8,,,0,100,,615908,8,,,0,100,,615909,8,,,0
9402,'20260611',553,,615914,8,,,0,99,,615916,8,,,0,72,,615931,8,,,0,30,,615932,8,,,0,71,,615930,8,,,0,31,,615915,8,,,0,100,,615933,8,,,0,99,,615917,8,,,0,100,,615918,8,,,0,101,,615919,8,,,0,99,,615920,8,,,0,101,,615921,8,,,0,99,,615922,8,,,0,103,,615923,8,,,0,100,,615924,8,,,0,99,,615925,8,,,0,98,,615926,8,,,0,98,,615927,8,,,0,100,,615928,8,,,0,100,,615929,8,,,0
9402,'20260612',553,,615934,8,,,0,99,,615936,8,,,0,72,,615951,8,,,0,30,,615952,8,,,0,71,,615950,8,,,0,31,,615935,8,,,0,100,,615953,8,,,0,99,,615937,8,,,0,100,,615938,8,,,0,101,,615939,8,,,0,99,,615940,8,,,0,101,,615941,8,,,0,99,,615942,8,,,0,103,,615943,8,,,0,100,,615944,8,,,0,99,,615945,8,,,0,98,,615946,8,,,0,98,,615947,8,,,0,100,,615948,8,,,0,100,,615949,8,,,0
9402,'20261511',546,,615971,8,,,0,100,,615954,8,,,0,100,,615955,8,,,0,100,,615956,8,,,0,101,,615957,8,,,0,100,,615958,8,,,0,101,,615959,8,,,0,100,,615960,8,,,0,100,,615961,8,,,0,100,,615962,8,,,0,100,,615963,8,,,0,100,,615964,8,,,0,100,,615965,8,,,0,99,,615966,8,,,0,99,,615967,8,,,0,100,,615968,8,,,0,100,,615969,8,,,0,100,,615970,8,,,0
9402,'20261611',546,,615989,8,,,0,100,,615972,8,,,0,100,,615973,8,,,0,100,,615974,8,,,0,101,,615975,8,,,0,100,,615976,8,,,0,101,,615977,8,,,0,100,,615978,8,,,0,100,,615979,8,,,0,100,,615980,8,,,0,100,,615981,8,,,0,100,,615982,8,,,0,100,,615983,8,,,0,99,,615984,8,,,0,99,,615985,8,,,0,100,,615986,8,,,0,100,,615987,8,,,0,100,,615988,8,,,0
29402,'20260529',615,,587738,8,,,0,95,,587739,8,,,0,24,,587740,8,,,0
29402,'20260601',615,,618556,8,,,0,95,,618557,8,,,0,24,,618558,8,,,0
29402,'20260602',615,,618559,8,,,0,95,,618560,8,,,0,24,,618561,8,,,0
29402,'20260603',615,,618562,8,,,0,95,,618563,8,,,0,24,,618564,8,,,0
29402,'20260604',615,,618565,8,,,0,95,,618566,8,,,0,24,,618567,8,,,0
29402,'20260605',615,,562873,8,,,0,95,,562874,8,,,0,24,,562875,8,,,0
29402,'20260608',615,,587741,8,,,0,95,,587742,8,,,0,24,,587743,8,,,0
29402,'20260609',615,,587744,8,,,0,95,,587745,8,,,0,24,,587746,8,,,0
29402,'20260610',615,,618568,8,,,0,95,,618569,8,,,0,24,,618570,8,,,0
29402,'20260611',615,,618571,8,,,0,95,,618572,8,,,0,24,,618573,8,,,0
29402,'20260612',615,,618574,8,,,0,95,,618575,8,,,0,24,,618576,8,,,0
99103,'20260529',2638,,595015,98,,,0,170,,595016,98,,,0
99103,'20260530',2638,,634966,98,,,0,170,,634967,98,,,0
99103,'20260605',2638,,576938,98,,,0,170,,576939,98,,,0
99103,'20260606',2638,,595017,98,,,0,170,,595018,98,,,0
99103,'20260612',2638,,634968,98,,,0,170,,634969,98,,,0
99103,'20261511',2638,,634970,98,,,0,170,,634971,98,,,0
