3600,'20260616',719,,708511,21,,,0,30,,708512,21,,,0,70,,708513,21,,,0,100,,708514,21,,,0,100,,708515,21,,,0,100,,708516,21,,,0,100,,708517,21,,,0,100,,708518,21,,,0,100,,708519,21,,,0,99,,708520,21,,,0,29,,708521,21,,,0,70,,708522,21,,,0,31,,708523,21,,,0,71,,708524,21,,,0,30,,708525,21,,,0,71,,708526,21,,,0,100,,708527,21,,,0,100,,708528,21,,,0,102,,708529,21,,,0,100,,708530,21,,,0,100,,708531,21,,,0,100,,708532,21,,,0
3600,'20260617',719,,708534,21,,,0,30,,708535,21,,,0,70,,708536,21,,,0,100,,708537,21,,,0,100,,708538,21,,,0,100,,708539,21,,,0,100,,708540,21,,,0,100,,708541,21,,,0,100,,708542,21,,,0,99,,708543,21,,,0,29,,708544,21,,,0,70,,708545,21,,,0,31,,708546,21,,,0,71,,708547,21,,,0,30,,708548,21,,,0,71,,708549,21,,,0,100,,708550,21,,,0,100,,708551,21,,,0,102,,708552,21,,,0,100,,708553,21,,,0,100,,708554,21,,,0,100,,708555,21,,,0
3600,'20260618',719,,708557,21,,,0,30,,708558,21,,,0,70,,708559,21,,,0,100,,708560,21,,,0,100,,708561,21,,,0,100,,708562,21,,,0,100,,708563,21,,,0,100,,708564,21,,,0,100,,708565,21,,,0,99,,708566,21,,,0,29,,708567,21,,,0,70,,708568,21,,,0,31,,708569,21,,,0,71,,708570,21,,,0,30,,708571,21,,,0,71,,708572,21,,,0,100,,708573,21,,,0,100,,708574,21,,,0,102,,708575,21,,,0,100,,708576,21,,,0,100,,708577,21,,,0,100,,708578,21,,,0
3600,'20260619',719,,743430,21,,,0,30,,743431,21,,,0,70,,743432,21,,,0,100,,743433,21,,,0,100,,743434,21,,,0,100,,743435,21,,,0,100,,743436,21,,,0,100,,743437,21,,,0,100,,743438,21,,,0,99,,743439,21,,,0,29,,743440,21,,,0,70,,743441,21,,,0,31,,743442,21,,,0,71,,743443,21,,,0,30,,743444,21,,,0,71,,743445,21,,,0,100,,743446,21,,,0,100,,743447,21,,,0,102,,743448,21,,,0,100,,743449,21,,,0,100,,743450,21,,,0,100,,743451,21,,,0
3600,'20260620',719,,743454,21,,,0,100,,743455,21,,,0,100,,743456,21,,,0,100,,743457,21,,,0,100,,743458,21,,,0,100,,743459,21,,,0,100,,743460,21,,,0,100,,743461,21,,,0,100,,743462,21,,,0,100,,743463,21,,,0,100,,743464,21,,,0,100,,743465,21,,,0,101,,743467,21,,,0,100,,743452,21,,,0,101,,743468,21,,,0,101,,743453,21,,,0,100,,743466,21,,,0,100,,743469,21,,,0
3600,'20260621',719,,743487,21,,,0,100,,743485,21,,,0,100,,743479,21,,,0,100,,743482,21,,,0,100,,743471,21,,,0,100,,743470,21,,,0,100,,743478,21,,,0,100,,743477,21,,,0,100,,743476,21,,,0,100,,743475,21,,,0,100,,743474,21,,,0,100,,743473,21,,,0,101,,743483,21,,,0,100,,743472,21,,,0,101,,743484,21,,,0,101,,743481,21,,,0,100,,743480,21,,,0,100,,743486,21,,,0
3600,'20260622',719,,743488,21,,,0,30,,743509,21,,,0,70,,743489,21,,,0,100,,743490,21,,,0,100,,743491,21,,,0,100,,743492,21,,,0,100,,743493,21,,,0,100,,743494,21,,,0,100,,743495,21,,,0,99,,743496,21,,,0,29,,743497,21,,,0,70,,743498,21,,,0,31,,743499,21,,,0,71,,743500,21,,,0,30,,743501,21,,,0,71,,743503,21,,,0,100,,743504,21,,,0,100,,743505,21,,,0,102,,743506,21,,,0,100,,743507,21,,,0,100,,743508,21,,,0,100,,743502,21,,,0
3600,'20260623',719,,743510,21,,,0,30,,743531,21,,,0,70,,743511,21,,,0,100,,743512,21,,,0,100,,743513,21,,,0,100,,743514,21,,,0,100,,743515,21,,,0,100,,743516,21,,,0,100,,743517,21,,,0,99,,743518,21,,,0,29,,743519,21,,,0,70,,743520,21,,,0,31,,743521,21,,,0,71,,743522,21,,,0,30,,743523,21,,,0,71,,743525,21,,,0,100,,743526,21,,,0,100,,743527,21,,,0,102,,743528,21,,,0,100,,743529,21,,,0,100,,743530,21,,,0,100,,743524,21,,,0
3600,'20260624',719,,708618,21,,,0,100,,708616,21,,,0,100,,708610,21,,,0,100,,708613,21,,,0,100,,708602,21,,,0,100,,708601,21,,,0,100,,708609,21,,,0,100,,708608,21,,,0,100,,708607,21,,,0,100,,708606,21,,,0,100,,708605,21,,,0,100,,708604,21,,,0,101,,708614,21,,,0,100,,708603,21,,,0,101,,708615,21,,,0,101,,708612,21,,,0,100,,708611,21,,,0,100,,708617,21,,,0
3600,'20260625',719,,708619,21,,,0,30,,708640,21,,,0,70,,708620,21,,,0,100,,708621,21,,,0,100,,708622,21,,,0,100,,708623,21,,,0,100,,708624,21,,,0,100,,708625,21,,,0,100,,708626,21,,,0,99,,708627,21,,,0,29,,708628,21,,,0,70,,708629,21,,,0,31,,708630,21,,,0,71,,708631,21,,,0,30,,708632,21,,,0,71,,708634,21,,,0,100,,708635,21,,,0,100,,708636,21,,,0,102,,708637,21,,,0,100,,708638,21,,,0,100,,708639,21,,,0,100,,708633,21,,,0
3600,'20260626',719,,708641,21,,,0,30,,708662,21,,,0,70,,708642,21,,,0,100,,708643,21,,,0,100,,708644,21,,,0,100,,708645,21,,,0,100,,708646,21,,,0,100,,708647,21,,,0,100,,708648,21,,,0,99,,708649,21,,,0,29,,708650,21,,,0,70,,708651,21,,,0,31,,708652,21,,,0,71,,708653,21,,,0,30,,708654,21,,,0,71,,708656,21,,,0,100,,708657,21,,,0,100,,708658,21,,,0,102,,708659,21,,,0,100,,708660,21,,,0,100,,708661,21,,,0,100,,708655,21,,,0
3600,'20260627',719,,743534,21,,,0,100,,743535,21,,,0,100,,743536,21,,,0,100,,743537,21,,,0,100,,743538,21,,,0,100,,743539,21,,,0,100,,743540,21,,,0,100,,743541,21,,,0,100,,743542,21,,,0,100,,743543,21,,,0,100,,743544,21,,,0,100,,743545,21,,,0,101,,743547,21,,,0,100,,743532,21,,,0,101,,743548,21,,,0,101,,743533,21,,,0,100,,743546,21,,,0,100,,743549,21,,,0
3600,'20260628',719,,743567,21,,,0,100,,743565,21,,,0,100,,743559,21,,,0,100,,743562,21,,,0,100,,743551,21,,,0,100,,743550,21,,,0,100,,743558,21,,,0,100,,743557,21,,,0,100,,743556,21,,,0,100,,743555,21,,,0,100,,743554,21,,,0,100,,743553,21,,,0,101,,743563,21,,,0,100,,743552,21,,,0,101,,743564,21,,,0,101,,743561,21,,,0,100,,743560,21,,,0,100,,743566,21,,,0
3600,'20260629',719,,743568,21,,,0,30,,743589,21,,,0,70,,743569,21,,,0,100,,743570,21,,,0,100,,743571,21,,,0,100,,743572,21,,,0,100,,743573,21,,,0,100,,743574,21,,,0,100,,743575,21,,,0,99,,743576,21,,,0,29,,743577,21,,,0,70,,743578,21,,,0,31,,743579,21,,,0,71,,743580,21,,,0,30,,743581,21,,,0,71,,743583,21,,,0,100,,743584,21,,,0,100,,743585,21,,,0,102,,743586,21,,,0,100,,743587,21,,,0,100,,743588,21,,,0,100,,743582,21,,,0
3600,'20260630',719,,743590,21,,,0,30,,743611,21,,,0,70,,743591,21,,,0,100,,743592,21,,,0,100,,743593,21,,,0,100,,743594,21,,,0,100,,743595,21,,,0,100,,743596,21,,,0,100,,743597,21,,,0,99,,743598,21,,,0,29,,743599,21,,,0,70,,743600,21,,,0,31,,743601,21,,,0,71,,743602,21,,,0,30,,743603,21,,,0,71,,743605,21,,,0,100,,743606,21,,,0,100,,743607,21,,,0,102,,743608,21,,,0,100,,743609,21,,,0,100,,743610,21,,,0,100,,743604,21,,,0
33800,'20260616',1233,,723114,9,4,,0,408,,723115,9,4,,0,95,,723116,9,4,,0,104,,723117,9,4,,0
33800,'20260617',1233,,723118,9,4,,0,408,,723119,9,4,,0,95,,723120,9,4,,0,104,,723121,9,4,,0
33800,'20260618',1233,,723122,9,4,,0,408,,723123,9,4,,0,95,,723124,9,4,,0,104,,723125,9,4,,0
33800,'20260619',1233,,755684,9,4,,0,408,,755685,9,4,,0,95,,755686,9,4,,0,104,,755687,9,4,,0
53800,'20260616',1645,,723766,7,4,,0,70,,723767,7,4,,0,32,,723768,7,4,,0
53800,'20260617',1645,,723769,7,4,,0,70,,723770,7,4,,0,32,,723771,7,4,,0
53800,'20260618',1645,,723772,7,4,,0,70,,723773,7,4,,0,32,,723774,7,4,,0
53800,'20260619',1645,,756026,7,4,,0,70,,756027,7,4,,0,32,,756028,7,4,,0
53800,'20260622',1650,,756030,7,4,,0,70,,756029,7,4,,0
53800,'20260623',1650,,756032,7,4,,0,70,,756031,7,4,,0
53800,'20260625',1650,,723778,7,4,,0,70,,723777,7,4,,0
53800,'20260626',1650,,723780,7,4,,0,70,,723779,7,4,,0
53800,'20260629',1650,,756034,7,4,,0,70,,756033,7,4,,0
53800,'20260630',1650,,756036,7,4,,0,70,,756035,7,4,,0
93600,'20260619',2547,,767706,24,,,0
93600,'20260620',2547,,767707,24,,,0
93600,'20260626',2547,,737437,24,,,0
93600,'20260627',2547,,767708,24,,,0
