7202,'20260626',532,,801419,3,,,0,70,,801420,3,,,0,28,,801421,3,,,0,26,,801422,3,,,0,66,,801423,3,,,0,30,,801424,3,,,0,74,,801425,3,,,0,33,,801426,3,,,0,70,,801427,3,,,0,71,,801428,3,,,0,30,,801429,3,,,0,70,,801430,3,,,0,30,,801431,3,,,0,70,,801432,3,,,0,29,,801433,3,,,0,30,,801434,3,,,0,70,,801435,3,,,0,30,,801436,3,,,0,68,,801437,3,,,0,29,,801438,3,,,0,66,,801439,3,,,0,28,,801440,3,,,0,66,,801441,3,,,0,34,,801442,3,,,0,73,,801443,3,,,0,34,,801444,3,,,0,72,,801445,3,,,0,100,,801446,3,,,0,100,,801447,3,,,0,101,,801448,3,,,0,102,,801449,3,,,0,100,,801450,3,,,0
7202,'20260627',632,,825655,3,,,0,100,,825656,3,,,0,100,,825657,3,,,0,99,,825658,3,,,0,100,,825659,3,,,0,98,,825660,3,,,0,100,,825661,3,,,0,100,,825662,3,,,0,98,,825663,3,,,0,102,,825664,3,,,0,100,,825665,3,,,0,101,,825666,3,,,0,100,,825667,3,,,0,102,,825668,3,,,0,100,,825669,3,,,0,100,,825670,3,,,0,101,,825671,3,,,0,100,,825672,3,,,0
7202,'20260628',632,,825673,3,,,0,100,,825674,3,,,0,100,,825675,3,,,0,99,,825676,3,,,0,100,,825677,3,,,0,98,,825678,3,,,0,100,,825679,3,,,0,100,,825680,3,,,0,98,,825681,3,,,0,102,,825682,3,,,0,100,,825683,3,,,0,101,,825684,3,,,0,100,,825685,3,,,0,102,,825686,3,,,0,100,,825687,3,,,0,100,,825688,3,,,0,101,,825689,3,,,0,100,,825690,3,,,0
7202,'20260629',532,,825691,3,,,0,70,,825692,3,,,0,28,,825693,3,,,0,26,,825694,3,,,0,66,,825695,3,,,0,30,,825696,3,,,0,74,,825697,3,,,0,33,,825698,3,,,0,70,,825699,3,,,0,71,,825700,3,,,0,30,,825701,3,,,0,70,,825702,3,,,0,30,,825703,3,,,0,70,,825704,3,,,0,29,,825705,3,,,0,30,,825706,3,,,0,70,,825707,3,,,0,30,,825708,3,,,0,68,,825709,3,,,0,29,,825710,3,,,0,66,,825711,3,,,0,28,,825712,3,,,0,66,,825713,3,,,0,34,,825714,3,,,0,73,,825715,3,,,0,34,,825716,3,,,0,72,,825717,3,,,0,100,,825718,3,,,0,100,,825719,3,,,0,101,,825720,3,,,0,102,,825721,3,,,0,100,,825722,3,,,0
7202,'20260630',532,,825723,3,,,0,70,,825724,3,,,0,28,,825725,3,,,0,26,,825726,3,,,0,66,,825727,3,,,0,30,,825728,3,,,0,74,,825729,3,,,0,33,,825730,3,,,0,70,,825731,3,,,0,71,,825732,3,,,0,30,,825733,3,,,0,70,,825734,3,,,0,30,,825735,3,,,0,70,,825736,3,,,0,29,,825737,3,,,0,30,,825738,3,,,0,70,,825739,3,,,0,30,,825740,3,,,0,68,,825741,3,,,0,29,,825742,3,,,0,66,,825743,3,,,0,28,,825744,3,,,0,66,,825745,3,,,0,34,,825746,3,,,0,73,,825747,3,,,0,34,,825748,3,,,0,72,,825749,3,,,0,100,,825750,3,,,0,100,,825751,3,,,0,101,,825752,3,,,0,102,,825753,3,,,0,100,,825754,3,,,0
7202,'20260701',632,,825755,3,,,0,100,,825756,3,,,0,100,,825757,3,,,0,99,,825758,3,,,0,100,,825759,3,,,0,98,,825760,3,,,0,100,,825761,3,,,0,100,,825762,3,,,0,98,,825763,3,,,0,102,,825764,3,,,0,100,,825765,3,,,0,101,,825766,3,,,0,100,,825767,3,,,0,102,,825768,3,,,0,100,,825769,3,,,0,100,,825770,3,,,0,101,,825771,3,,,0,100,,825772,3,,,0
7202,'20260702',532,,825773,3,,,0,70,,825774,3,,,0,28,,825775,3,,,0,26,,825776,3,,,0,66,,825777,3,,,0,30,,825778,3,,,0,74,,825779,3,,,0,33,,825780,3,,,0,70,,825781,3,,,0,71,,825782,3,,,0,30,,825783,3,,,0,70,,825784,3,,,0,30,,825785,3,,,0,70,,825786,3,,,0,29,,825787,3,,,0,30,,825788,3,,,0,70,,825789,3,,,0,30,,825790,3,,,0,68,,825791,3,,,0,29,,825792,3,,,0,66,,825793,3,,,0,28,,825794,3,,,0,66,,825795,3,,,0,34,,825796,3,,,0,73,,825797,3,,,0,34,,825798,3,,,0,72,,825799,3,,,0,100,,825800,3,,,0,100,,825801,3,,,0,101,,825802,3,,,0,102,,825803,3,,,0,100,,825804,3,,,0
7202,'20260703',532,,777479,3,,,0,70,,777480,3,,,0,28,,777481,3,,,0,26,,777482,3,,,0,66,,777483,3,,,0,30,,777484,3,,,0,74,,777485,3,,,0,33,,777501,3,,,0,70,,777486,3,,,0,71,,777502,3,,,0,30,,777487,3,,,0,70,,777503,3,,,0,30,,777488,3,,,0,70,,777504,3,,,0,29,,777489,3,,,0,30,,777505,3,,,0,70,,777490,3,,,0,30,,777506,3,,,0,68,,777491,3,,,0,29,,777507,3,,,0,66,,777492,3,,,0,28,,777508,3,,,0,66,,777493,3,,,0,34,,777509,3,,,0,73,,777494,3,,,0,34,,777510,3,,,0,72,,777495,3,,,0,100,,777496,3,,,0,100,,777497,3,,,0,101,,777498,3,,,0,102,,777499,3,,,0,100,,777500,3,,,0
7202,'20260704',632,,801451,3,,,0,100,,801452,3,,,0,100,,801453,3,,,0,99,,801454,3,,,0,100,,801455,3,,,0,98,,801456,3,,,0,100,,801457,3,,,0,100,,801458,3,,,0,98,,801459,3,,,0,102,,801460,3,,,0,100,,801461,3,,,0,101,,801462,3,,,0,100,,801463,3,,,0,102,,801464,3,,,0,100,,801465,3,,,0,100,,801466,3,,,0,101,,801467,3,,,0,100,,801468,3,,,0
7202,'20260705',632,,801469,3,,,0,100,,801470,3,,,0,100,,801471,3,,,0,99,,801472,3,,,0,100,,801473,3,,,0,98,,801474,3,,,0,100,,801475,3,,,0,100,,801476,3,,,0,98,,801477,3,,,0,102,,801478,3,,,0,100,,801479,3,,,0,101,,801480,3,,,0,100,,801481,3,,,0,102,,801482,3,,,0,100,,801483,3,,,0,100,,801484,3,,,0,101,,801485,3,,,0,100,,801486,3,,,0
7202,'20260706',532,,801487,3,,,0,70,,801488,3,,,0,28,,801489,3,,,0,26,,801490,3,,,0,66,,801491,3,,,0,30,,801492,3,,,0,74,,801493,3,,,0,33,,801509,3,,,0,70,,801494,3,,,0,71,,801510,3,,,0,30,,801495,3,,,0,70,,801511,3,,,0,30,,801496,3,,,0,70,,801512,3,,,0,29,,801497,3,,,0,30,,801513,3,,,0,70,,801498,3,,,0,30,,801514,3,,,0,68,,801499,3,,,0,29,,801515,3,,,0,66,,801500,3,,,0,28,,801516,3,,,0,66,,801501,3,,,0,34,,801517,3,,,0,73,,801502,3,,,0,34,,801518,3,,,0,72,,801503,3,,,0,100,,801504,3,,,0,100,,801505,3,,,0,101,,801506,3,,,0,102,,801507,3,,,0,100,,801508,3,,,0
7202,'20260707',532,,801519,3,,,0,70,,801520,3,,,0,28,,801521,3,,,0,26,,801522,3,,,0,66,,801523,3,,,0,30,,801524,3,,,0,74,,801525,3,,,0,33,,801541,3,,,0,70,,801526,3,,,0,71,,801542,3,,,0,30,,801527,3,,,0,70,,801543,3,,,0,30,,801528,3,,,0,70,,801544,3,,,0,29,,801529,3,,,0,30,,801545,3,,,0,70,,801530,3,,,0,30,,801546,3,,,0,68,,801531,3,,,0,29,,801547,3,,,0,66,,801532,3,,,0,28,,801548,3,,,0,66,,801533,3,,,0,34,,801549,3,,,0,73,,801534,3,,,0,34,,801550,3,,,0,72,,801535,3,,,0,100,,801536,3,,,0,100,,801537,3,,,0,101,,801538,3,,,0,102,,801539,3,,,0,100,,801540,3,,,0
7202,'20260708',532,,825805,3,,,0,70,,825806,3,,,0,28,,825807,3,,,0,26,,825808,3,,,0,66,,825809,3,,,0,30,,825810,3,,,0,74,,825811,3,,,0,33,,825827,3,,,0,70,,825812,3,,,0,71,,825828,3,,,0,30,,825813,3,,,0,70,,825829,3,,,0,30,,825814,3,,,0,70,,825830,3,,,0,29,,825815,3,,,0,30,,825831,3,,,0,70,,825816,3,,,0,30,,825832,3,,,0,68,,825817,3,,,0,29,,825833,3,,,0,66,,825818,3,,,0,28,,825834,3,,,0,66,,825819,3,,,0,34,,825835,3,,,0,73,,825820,3,,,0,34,,825836,3,,,0,72,,825821,3,,,0,100,,825822,3,,,0,100,,825823,3,,,0,101,,825824,3,,,0,102,,825825,3,,,0,100,,825826,3,,,0
7202,'20260709',532,,825837,3,,,0,70,,825838,3,,,0,28,,825839,3,,,0,26,,825840,3,,,0,66,,825841,3,,,0,30,,825842,3,,,0,74,,825843,3,,,0,33,,825859,3,,,0,70,,825844,3,,,0,71,,825860,3,,,0,30,,825845,3,,,0,70,,825861,3,,,0,30,,825846,3,,,0,70,,825862,3,,,0,29,,825847,3,,,0,30,,825863,3,,,0,70,,825848,3,,,0,30,,825864,3,,,0,68,,825849,3,,,0,29,,825865,3,,,0,66,,825850,3,,,0,28,,825866,3,,,0,66,,825851,3,,,0,34,,825867,3,,,0,73,,825852,3,,,0,34,,825868,3,,,0,72,,825853,3,,,0,100,,825854,3,,,0,100,,825855,3,,,0,101,,825856,3,,,0,102,,825857,3,,,0,100,,825858,3,,,0
7202,'20260710',532,,825869,3,,,0,70,,825870,3,,,0,28,,825871,3,,,0,26,,825872,3,,,0,66,,825873,3,,,0,30,,825874,3,,,0,74,,825875,3,,,0,33,,825891,3,,,0,70,,825876,3,,,0,71,,825892,3,,,0,30,,825877,3,,,0,70,,825893,3,,,0,30,,825878,3,,,0,70,,825894,3,,,0,29,,825879,3,,,0,30,,825895,3,,,0,70,,825880,3,,,0,30,,825896,3,,,0,68,,825881,3,,,0,29,,825897,3,,,0,66,,825882,3,,,0,28,,825898,3,,,0,66,,825883,3,,,0,34,,825899,3,,,0,73,,825884,3,,,0,34,,825900,3,,,0,72,,825885,3,,,0,100,,825886,3,,,0,100,,825887,3,,,0,101,,825888,3,,,0,102,,825889,3,,,0,100,,825890,3,,,0
