301,'20260507',554,,384801,8,,,0,70,,384802,8,,,0,29,,384803,8,,,0,68,,384804,8,,,0,30,,384805,8,,,0,70,,384806,8,,,0,32,,384807,8,,,0,100,,384808,8,,,0,100,,384809,8,,,0,100,,384810,8,,,0,100,,384811,8,,,0,100,,384812,8,,,0,100,,384813,8,,,0,99,,384814,8,,,0,99,,384815,8,,,0,101,,384816,8,,,0,100,,384817,8,,,0,100,,384818,8,,,0,100,,384819,8,,,0,102,,384820,8,,,0,100,,384821,8,,,0
301,'20260508',554,,422835,8,,,0,70,,422836,8,,,0,29,,422837,8,,,0,68,,422838,8,,,0,30,,422839,8,,,0,70,,422840,8,,,0,32,,422841,8,,,0,100,,422842,8,,,0,100,,422843,8,,,0,100,,422844,8,,,0,100,,422845,8,,,0,100,,422846,8,,,0,100,,422847,8,,,0,99,,422848,8,,,0,99,,422849,8,,,0,101,,422850,8,,,0,100,,422851,8,,,0,100,,422852,8,,,0,100,,422853,8,,,0,102,,422854,8,,,0,100,,422855,8,,,0
301,'20260509',654,,439371,8,,,0,100,,439372,8,,,0,99,,439373,8,,,0,100,,439374,8,,,0,100,,439375,8,,,0,100,,439376,8,,,0,100,,439377,8,,,0,100,,439378,8,,,0,100,,439379,8,,,0,100,,439380,8,,,0,100,,439381,8,,,0,100,,439382,8,,,0,100,,439383,8,,,0,100,,439384,8,,,0,100,,439385,8,,,0,100,,439386,8,,,0,100,,439387,8,,,0,101,,439388,8,,,0
301,'20260510',654,,439410,8,,,0,100,,439411,8,,,0,99,,439412,8,,,0,100,,439413,8,,,0,100,,439414,8,,,0,100,,439415,8,,,0,100,,439416,8,,,0,100,,439417,8,,,0,100,,439418,8,,,0,100,,439419,8,,,0,100,,439420,8,,,0,100,,439421,8,,,0,100,,439422,8,,,0,100,,439423,8,,,0,100,,439424,8,,,0,100,,439425,8,,,0,100,,439426,8,,,0,101,,439427,8,,,0
301,'20260511',554,,439451,8,,,0,70,,439452,8,,,0,29,,439453,8,,,0,68,,439454,8,,,0,30,,439455,8,,,0,70,,439456,8,,,0,32,,439457,8,,,0,100,,439458,8,,,0,100,,439459,8,,,0,100,,439460,8,,,0,100,,439461,8,,,0,100,,439462,8,,,0,100,,439463,8,,,0,99,,439464,8,,,0,99,,439465,8,,,0,101,,439466,8,,,0,100,,439467,8,,,0,100,,439468,8,,,0,100,,439469,8,,,0,102,,439470,8,,,0,100,,439471,8,,,0
301,'20260512',554,,439495,8,,,0,70,,439496,8,,,0,29,,439497,8,,,0,68,,439498,8,,,0,30,,439499,8,,,0,70,,439500,8,,,0,32,,439501,8,,,0,100,,439502,8,,,0,100,,439503,8,,,0,100,,439504,8,,,0,100,,439505,8,,,0,100,,439506,8,,,0,100,,439507,8,,,0,99,,439508,8,,,0,99,,439509,8,,,0,101,,439510,8,,,0,100,,439511,8,,,0,100,,439512,8,,,0,100,,439513,8,,,0,102,,439514,8,,,0,100,,439515,8,,,0
301,'20260513',554,,384866,8,,,0,70,,384867,8,,,0,29,,384868,8,,,0,68,,384869,8,,,0,30,,384870,8,,,0,70,,384871,8,,,0,32,,384872,8,,,0,100,,384873,8,,,0,100,,384874,8,,,0,100,,384875,8,,,0,100,,384876,8,,,0,100,,384877,8,,,0,100,,384878,8,,,0,99,,384879,8,,,0,99,,384880,8,,,0,101,,384881,8,,,0,100,,384882,8,,,0,100,,384883,8,,,0,100,,384884,8,,,0,102,,384885,8,,,0,100,,384886,8,,,0
301,'20260514',554,,384910,8,,,0,70,,384911,8,,,0,29,,384912,8,,,0,68,,384913,8,,,0,30,,384914,8,,,0,70,,384915,8,,,0,32,,384916,8,,,0,100,,384917,8,,,0,100,,384918,8,,,0,100,,384919,8,,,0,100,,384920,8,,,0,100,,384921,8,,,0,100,,384922,8,,,0,99,,384923,8,,,0,99,,384924,8,,,0,101,,384925,8,,,0,100,,384926,8,,,0,100,,384927,8,,,0,100,,384928,8,,,0,102,,384929,8,,,0,100,,384930,8,,,0
301,'20260515',554,,384954,8,,,0,70,,384955,8,,,0,29,,384956,8,,,0,68,,384957,8,,,0,30,,384958,8,,,0,70,,384959,8,,,0,32,,384960,8,,,0,100,,384961,8,,,0,100,,384962,8,,,0,100,,384963,8,,,0,100,,384964,8,,,0,100,,384965,8,,,0,100,,384966,8,,,0,99,,384967,8,,,0,99,,384968,8,,,0,101,,384969,8,,,0,100,,384970,8,,,0,100,,384971,8,,,0,100,,384972,8,,,0,102,,384973,8,,,0,100,,384974,8,,,0
301,'20260516',654,,422856,8,,,0,100,,422857,8,,,0,99,,422858,8,,,0,100,,422859,8,,,0,100,,422860,8,,,0,100,,422861,8,,,0,100,,422862,8,,,0,100,,422863,8,,,0,100,,422864,8,,,0,100,,422865,8,,,0,100,,422866,8,,,0,100,,422867,8,,,0,100,,422868,8,,,0,100,,422869,8,,,0,100,,422870,8,,,0,100,,422871,8,,,0,100,,422872,8,,,0,101,,422873,8,,,0
301,'20260517',654,,422895,8,,,0,100,,422896,8,,,0,99,,422897,8,,,0,100,,422898,8,,,0,100,,422899,8,,,0,100,,422900,8,,,0,100,,422901,8,,,0,100,,422902,8,,,0,100,,422903,8,,,0,100,,422904,8,,,0,100,,422905,8,,,0,100,,422906,8,,,0,100,,422907,8,,,0,100,,422908,8,,,0,100,,422909,8,,,0,100,,422910,8,,,0,100,,422911,8,,,0,101,,422912,8,,,0
301,'20260518',654,,422934,8,,,0,100,,422935,8,,,0,99,,422936,8,,,0,100,,422937,8,,,0,100,,422938,8,,,0,100,,422939,8,,,0,100,,422940,8,,,0,100,,422941,8,,,0,100,,422942,8,,,0,100,,422943,8,,,0,100,,422944,8,,,0,100,,422945,8,,,0,100,,422946,8,,,0,100,,422947,8,,,0,100,,422948,8,,,0,100,,422949,8,,,0,100,,422950,8,,,0,101,,422951,8,,,0
301,'20260519',554,,422973,8,,,0,70,,422974,8,,,0,29,,422975,8,,,0,68,,422976,8,,,0,30,,422977,8,,,0,70,,422978,8,,,0,32,,422979,8,,,0,100,,422980,8,,,0,100,,422981,8,,,0,100,,422982,8,,,0,100,,422983,8,,,0,100,,422984,8,,,0,100,,422985,8,,,0,99,,422986,8,,,0,99,,422987,8,,,0,101,,422988,8,,,0,100,,422989,8,,,0,100,,422990,8,,,0,100,,422991,8,,,0,102,,422992,8,,,0,100,,422993,8,,,0
301,'20260520',554,,439516,8,,,0,70,,439517,8,,,0,29,,439518,8,,,0,68,,439519,8,,,0,30,,439520,8,,,0,70,,439521,8,,,0,32,,439522,8,,,0,100,,439523,8,,,0,100,,439524,8,,,0,100,,439525,8,,,0,100,,439526,8,,,0,100,,439527,8,,,0,100,,439528,8,,,0,99,,439529,8,,,0,99,,439530,8,,,0,101,,439531,8,,,0,100,,439532,8,,,0,100,,439533,8,,,0,100,,439534,8,,,0,102,,439535,8,,,0,100,,439536,8,,,0
301,'20260521',554,,439560,8,,,0,70,,439561,8,,,0,29,,439562,8,,,0,68,,439563,8,,,0,30,,439564,8,,,0,70,,439565,8,,,0,32,,439566,8,,,0,100,,439567,8,,,0,100,,439568,8,,,0,100,,439569,8,,,0,100,,439570,8,,,0,100,,439571,8,,,0,100,,439572,8,,,0,99,,439573,8,,,0,99,,439574,8,,,0,101,,439575,8,,,0,100,,439576,8,,,0,100,,439577,8,,,0,100,,439578,8,,,0,102,,439579,8,,,0,100,,439580,8,,,0
23901,'20260507',701,,404621,36,,,0,18,,404622,36,,,0,18,,404623,36,,,0,68,,404624,36,,,0,17,,404625,36,,,0
23901,'20260508',701,,431424,36,,,0,18,,431425,36,,,0,18,,431426,36,,,0,68,,431427,36,,,0,17,,431428,36,,,0
23901,'20260511',701,,450812,36,,,0,18,,450813,36,,,0,18,,450814,36,,,0,68,,450815,36,,,0,17,,450816,36,,,0
23901,'20260512',701,,450817,36,,,0,18,,450818,36,,,0,18,,450819,36,,,0,68,,450820,36,,,0,17,,450821,36,,,0
23901,'20260513',701,,404631,36,,,0,18,,404632,36,,,0,18,,404635,36,,,0,68,,404633,36,,,0,17,,404634,36,,,0
23901,'20260514',701,,404636,36,,,0,18,,404637,36,,,0,18,,404640,36,,,0,68,,404638,36,,,0,17,,404639,36,,,0
23901,'20260515',701,,404641,36,,,0,18,,404642,36,,,0,18,,404645,36,,,0,68,,404643,36,,,0,17,,404644,36,,,0
23901,'20260519',701,,431429,36,,,0,18,,431430,36,,,0,18,,431433,36,,,0,68,,431431,36,,,0,17,,431432,36,,,0
23901,'20260520',701,,450822,36,,,0,18,,450823,36,,,0,18,,450826,36,,,0,68,,450824,36,,,0,17,,450825,36,,,0
23901,'20260521',701,,450827,36,,,0,18,,450828,36,,,0,18,,450831,36,,,0,68,,450829,36,,,0,17,,450830,36,,,0
33701,'20260507',644,,406534,20,,,0,9,,406535,20,,,0,49,,406536,20,,,0,30,,406537,20,,,0,72,,406538,20,,,0,106,,406539,20,,,0,201,,406540,20,,,0
33701,'20260508',644,,431901,20,,,0,9,,431902,20,,,0,49,,431903,20,,,0,30,,431904,20,,,0,72,,431905,20,,,0,106,,431906,20,,,0,201,,431907,20,,,0
33701,'20260511',644,,451766,20,,,0,9,,451767,20,,,0,49,,451768,20,,,0,30,,451769,20,,,0,72,,451770,20,,,0,106,,451771,20,,,0,201,,451772,20,,,0
33701,'20260512',644,,451773,20,,,0,9,,451774,20,,,0,49,,451775,20,,,0,30,,451776,20,,,0,72,,451777,20,,,0,106,,451778,20,,,0,201,,451779,20,,,0
33701,'20260513',644,,406548,20,,,0,9,,406552,20,,,0,49,,406549,20,,,0,30,,406553,20,,,0,72,,406554,20,,,0,106,,406550,20,,,0,201,,406551,20,,,0
33701,'20260514',644,,406555,20,,,0,9,,406559,20,,,0,49,,406556,20,,,0,30,,406560,20,,,0,72,,406561,20,,,0,106,,406557,20,,,0,201,,406558,20,,,0
33701,'20260515',644,,406562,20,,,0,9,,406566,20,,,0,49,,406563,20,,,0,30,,406567,20,,,0,72,,406568,20,,,0,106,,406564,20,,,0,201,,406565,20,,,0
33701,'20260519',644,,431908,20,,,0,9,,431912,20,,,0,49,,431909,20,,,0,30,,431913,20,,,0,72,,431914,20,,,0,106,,431910,20,,,0,201,,431911,20,,,0
33701,'20260520',644,,451780,20,,,0,9,,451784,20,,,0,49,,451781,20,,,0,30,,451785,20,,,0,72,,451786,20,,,0,106,,451782,20,,,0,201,,451783,20,,,0
33701,'20260521',644,,451787,20,,,0,9,,451791,20,,,0,49,,451788,20,,,0,30,,451792,20,,,0,72,,451793,20,,,0,106,,451789,20,,,0,201,,451790,20,,,0
53701,'20260507',716,,407547,20,,,0,30,,407548,20,,,0
53701,'20260508',716,,432158,20,,,0,30,,432159,20,,,0
53701,'20260511',716,,452280,20,,,0,30,,452281,20,,,0
53701,'20260512',716,,452282,20,,,0,30,,452283,20,,,0
53701,'20260513',716,,407551,20,,,0,30,,407552,20,,,0
53701,'20260514',716,,407553,20,,,0,30,,407554,20,,,0
53701,'20260515',716,,407555,20,,,0,30,,407556,20,,,0
53701,'20260519',716,,432160,20,,,0,30,,432161,20,,,0
53701,'20260520',716,,452284,20,,,0,30,,452285,20,,,0
53701,'20260521',716,,452286,20,,,0,30,,452287,20,,,0
1008201,'20260507',1617,,422000,26,,,0
1008201,'20260511',1617,,460633,26,,,0
1008201,'20260512',1617,,460634,26,,,0
1008201,'20260513',1617,,422002,26,,,0
1008201,'20260514',1617,,422003,26,,,0
1008201,'20260515',1617,,422004,26,,,0
1008201,'20260519',1617,,438603,26,,,0
1008201,'20260520',1617,,460635,26,,,0
1008201,'20260521',1617,,460636,26,,,0
