1302,'20260220',724,,151450,,,0,105,,151451,,,0,98,,151453,,,0,100,,151454,,,0,100,,151455,,,0,101,,151456,,,0,100,,151457,,,0,99,,151458,,,0,99,,151459,,,0,27,,151468,,,0,59,,151469,,,0,12,,151460,,,0,31,,151470,,,0,82,,151461,,,0,63,,151471,,,0,31,,151462,,,0,28,,151472,,,0,70,,151463,,,0,104,,151464,,,0,99,,151465,,,0,101,,151466,,,0,96,,151467,,,0
1302,'20260221',826,,151473,,,0,101,,151474,,,0,109,,151475,,,0,113,,151476,,,0,151,,151477,,,0,112,,151478,,,0,112,,151479,,,0,112,,151480,,,0,112,,151481,,,0,107,,151482,,,0,100,,151483,,,0,102,,151484,,,0,244,,151485,,,0
1302,'20260222',826,,151486,,,0,101,,151487,,,0,109,,151488,,,0,113,,151489,,,0,151,,151490,,,0,112,,151491,,,0,112,,151492,,,0,112,,151493,,,0,112,,151494,,,0,107,,151495,,,0,100,,151496,,,0,102,,151497,,,0,244,,151498,,,0
1302,'20260223',724,,151500,,,0,105,,151501,,,0,98,,151503,,,0,100,,151504,,,0,100,,151505,,,0,101,,151506,,,0,100,,151507,,,0,99,,151508,,,0,99,,151509,,,0,27,,151518,,,0,59,,151519,,,0,12,,151510,,,0,31,,151520,,,0,82,,151511,,,0,63,,151521,,,0,31,,151512,,,0,28,,151522,,,0,70,,151513,,,0,104,,151514,,,0,99,,151515,,,0,101,,151516,,,0,96,,151517,,,0
1302,'20260224',724,,151524,,,0,105,,151525,,,0,98,,151527,,,0,100,,151528,,,0,100,,151529,,,0,101,,151530,,,0,100,,151531,,,0,99,,151532,,,0,99,,151533,,,0,27,,151542,,,0,59,,151543,,,0,12,,151534,,,0,31,,151544,,,0,82,,151535,,,0,63,,151545,,,0,31,,151536,,,0,28,,151546,,,0,70,,151537,,,0,104,,151538,,,0,99,,151539,,,0,101,,151540,,,0,96,,151541,,,0
1302,'20260225',724,,151548,,,0,105,,151549,,,0,98,,151551,,,0,100,,151552,,,0,100,,151553,,,0,101,,151554,,,0,100,,151555,,,0,99,,151556,,,0,99,,151557,,,0,27,,151566,,,0,59,,151567,,,0,12,,151558,,,0,31,,151568,,,0,82,,151559,,,0,63,,151569,,,0,31,,151560,,,0,28,,151570,,,0,70,,151561,,,0,104,,151562,,,0,99,,151563,,,0,101,,151564,,,0,96,,151565,,,0
1302,'20260226',724,,151572,,,0,105,,151573,,,0,98,,151575,,,0,100,,151576,,,0,100,,151577,,,0,101,,151578,,,0,100,,151579,,,0,99,,151580,,,0,99,,151581,,,0,27,,151590,,,0,59,,151591,,,0,12,,151582,,,0,31,,151592,,,0,82,,151583,,,0,63,,151593,,,0,31,,151584,,,0,28,,151594,,,0,70,,151585,,,0,104,,151586,,,0,99,,151587,,,0,101,,151588,,,0,96,,151589,,,0
1302,'20260227',724,,151595,,,0,105,,151596,,,0,98,,151597,,,0,100,,151600,,,0,100,,151601,,,0,101,,151602,,,0,100,,151603,,,0,99,,151604,,,0,99,,151605,,,0,27,,151606,,,0,59,,151618,,,0,12,,151616,,,0,31,,151607,,,0,82,,151617,,,0,63,,151608,,,0,31,,151609,,,0,28,,151610,,,0,70,,151611,,,0,104,,151612,,,0,99,,151613,,,0,101,,151614,,,0,96,,151615,,,0
1302,'20260228',826,,151619,,,0,101,,151628,,,0,109,,151630,,,0,113,,151623,,,0,151,,151624,,,0,112,,151625,,,0,112,,151626,,,0,112,,151627,,,0,112,,151631,,,0,107,,151629,,,0,100,,151620,,,0,102,,151621,,,0,244,,151622,,,0
1302,'20260301',826,,151638,,,0,101,,151640,,,0,109,,151639,,,0,113,,151641,,,0,151,,151635,,,0,112,,151642,,,0,112,,151636,,,0,112,,151643,,,0,112,,151637,,,0,107,,151644,,,0,100,,151632,,,0,102,,151633,,,0,244,,151634,,,0
1302,'20260302',724,,151645,,,0,105,,151646,,,0,98,,151647,,,0,100,,151650,,,0,100,,151651,,,0,101,,151652,,,0,100,,151653,,,0,99,,151654,,,0,99,,151655,,,0,27,,151656,,,0,59,,151668,,,0,12,,151666,,,0,31,,151657,,,0,82,,151667,,,0,63,,151658,,,0,31,,151659,,,0,28,,151660,,,0,70,,151661,,,0,104,,151662,,,0,99,,151663,,,0,101,,151664,,,0,96,,151665,,,0
1302,'20260303',724,,151669,,,0,105,,151670,,,0,98,,151671,,,0,100,,151674,,,0,100,,151675,,,0,101,,151676,,,0,100,,151677,,,0,99,,151678,,,0,99,,151679,,,0,27,,151680,,,0,59,,151692,,,0,12,,151690,,,0,31,,151681,,,0,82,,151691,,,0,63,,151682,,,0,31,,151683,,,0,28,,151684,,,0,70,,151685,,,0,104,,151686,,,0,99,,151687,,,0,101,,151688,,,0,96,,151689,,,0
1302,'20260304',724,,151693,,,0,105,,151694,,,0,98,,151695,,,0,100,,151698,,,0,100,,151699,,,0,101,,151700,,,0,100,,151701,,,0,99,,151702,,,0,99,,151703,,,0,27,,151704,,,0,59,,151716,,,0,12,,151714,,,0,31,,151705,,,0,82,,151715,,,0,63,,151706,,,0,31,,151707,,,0,28,,151708,,,0,70,,151709,,,0,104,,151710,,,0,99,,151711,,,0,101,,151712,,,0,96,,151713,,,0
1302,'20260305',724,,151717,,,0,105,,151718,,,0,98,,151719,,,0,100,,151722,,,0,100,,151723,,,0,101,,151724,,,0,100,,151725,,,0,99,,151726,,,0,99,,151727,,,0,27,,151728,,,0,59,,151740,,,0,12,,151738,,,0,31,,151729,,,0,82,,151739,,,0,63,,151730,,,0,31,,151731,,,0,28,,151732,,,0,70,,151733,,,0,104,,151734,,,0,99,,151735,,,0,101,,151736,,,0,96,,151737,,,0
1302,'20260306',724,,151741,,,0,105,,151742,,,0,98,,151743,,,0,100,,151746,,,0,100,,151747,,,0,101,,151748,,,0,100,,151749,,,0,99,,151750,,,0,99,,151751,,,0,27,,151752,,,0,59,,151764,,,0,12,,151762,,,0,31,,151753,,,0,82,,151763,,,0,63,,151754,,,0,31,,151755,,,0,28,,151756,,,0,70,,151757,,,0,104,,151758,,,0,99,,151759,,,0,101,,151760,,,0,96,,151761,,,0
10702,'20260220',640,,177360,,,0,18,,177361,,,0,61,,177362,,,0,15,,177363,,,0,14,,177364,,,0,61,,177365,,,0,16,,177359,,,0
10702,'20260223',640,,177367,,,0,18,,177368,,,0,61,,177369,,,0,15,,177370,,,0,14,,177371,,,0,61,,177372,,,0,16,,177366,,,0
10702,'20260224',640,,177374,,,0,18,,177375,,,0,61,,177376,,,0,15,,177377,,,0,14,,177378,,,0,61,,177379,,,0,16,,177373,,,0
10702,'20260225',640,,177381,,,0,18,,177382,,,0,61,,177383,,,0,15,,177384,,,0,14,,177385,,,0,61,,177386,,,0,16,,177380,,,0
10702,'20260226',640,,177388,,,0,18,,177389,,,0,61,,177390,,,0,15,,177391,,,0,14,,177392,,,0,61,,177393,,,0,16,,177387,,,0
10702,'20260227',640,,177394,,,0,18,,177395,,,0,61,,177396,,,0,15,,177397,,,0,14,,177398,,,0,61,,177400,,,0,16,,177399,,,0
10702,'20260302',640,,177401,,,0,18,,177402,,,0,61,,177403,,,0,15,,177404,,,0,14,,177405,,,0,61,,177407,,,0,16,,177406,,,0
10702,'20260303',640,,177408,,,0,18,,177409,,,0,61,,177410,,,0,15,,177411,,,0,14,,177412,,,0,61,,177414,,,0,16,,177413,,,0
10702,'20260304',640,,177415,,,0,18,,177416,,,0,61,,177417,,,0,15,,177418,,,0,14,,177419,,,0,61,,177421,,,0,16,,177420,,,0
10702,'20260305',640,,177422,,,0,18,,177423,,,0,61,,177424,,,0,15,,177425,,,0,14,,177426,,,0,61,,177428,,,0,16,,177427,,,0
10702,'20260306',640,,177429,,,0,18,,177430,,,0,61,,177431,,,0,15,,177432,,,0,14,,177433,,,0,61,,177435,,,0,16,,177434,,,0
