10703,'20260309',1623,,27337,31,,,0,32,,27338,31,,,0,60,,27339,31,,,0,26,,27340,31,,,0,60,,27341,31,,,0,17,,27342,31,,,0,29,,27343,31,,,0
10703,'20260310',1623,,27344,31,,,0,32,,27345,31,,,0,60,,27346,31,,,0,26,,27347,31,,,0,60,,27348,31,,,0,17,,27349,31,,,0,29,,27350,31,,,0
10703,'20260311',1623,,27351,31,,,0,32,,27352,31,,,0,60,,27353,31,,,0,26,,27354,31,,,0,60,,27355,31,,,0,17,,27356,31,,,0,29,,27357,31,,,0
10703,'20260312',1623,,27358,31,,,0,32,,27359,31,,,0,60,,27360,31,,,0,26,,27361,31,,,0,60,,27362,31,,,0,17,,27363,31,,,0,29,,27364,31,,,0
10703,'20260313',1623,,27365,31,,,0,32,,27366,31,,,0,60,,27367,31,,,0,26,,27368,31,,,0,60,,27369,31,,,0,17,,27370,31,,,0,29,,27371,31,,,0
10703,'20260316',1623,,27372,31,,,0,32,,27373,31,,,0,60,,27374,31,,,0,26,,27375,31,,,0,60,,27376,31,,,0,17,,27377,31,,,0,29,,27378,31,,,0
10703,'20260317',1623,,27379,31,,,0,32,,27380,31,,,0,60,,27381,31,,,0,26,,27382,31,,,0,60,,27383,31,,,0,17,,27384,31,,,0,29,,27385,31,,,0
10703,'20260318',1623,,27386,31,,,0,32,,27387,31,,,0,60,,27388,31,,,0,26,,27389,31,,,0,60,,27390,31,,,0,17,,27391,31,,,0,29,,27392,31,,,0
10703,'20260319',1623,,27393,31,,,0,32,,27394,31,,,0,60,,27395,31,,,0,26,,27396,31,,,0,60,,27397,31,,,0,17,,27398,31,,,0,29,,27399,31,,,0
10703,'20260320',1623,,27400,31,,,0,32,,27401,31,,,0,60,,27402,31,,,0,26,,27403,31,,,0,60,,27404,31,,,0,17,,27405,31,,,0,29,,27406,31,,,0
