23901,'20260331',658,,168494,31,,,0,58,,168495,31,,,0,18,,168496,31,,,0,68,,168497,31,,,0,17,,168498,31,,,0
23901,'20260401',658,,168499,31,,,0,58,,168500,31,,,0,18,,168501,31,,,0,68,,168502,31,,,0,17,,168503,31,,,0
23901,'20260402',658,,168504,31,,,0,58,,168505,31,,,0,18,,168506,31,,,0,68,,168507,31,,,0,17,,168508,31,,,0
23901,'20260407',658,,168509,31,,,0,58,,168510,31,,,0,18,,168513,31,,,0,68,,168511,31,,,0,17,,168512,31,,,0
23901,'20260408',658,,168514,31,,,0,58,,168515,31,,,0,18,,168518,31,,,0,68,,168516,31,,,0,17,,168517,31,,,0
23901,'20260409',658,,168519,31,,,0,58,,168520,31,,,0,18,,168523,31,,,0,68,,168521,31,,,0,17,,168522,31,,,0
23901,'20260410',658,,168524,31,,,0,58,,168525,31,,,0,18,,168528,31,,,0,68,,168526,31,,,0,17,,168527,31,,,0
23901,'20260413',658,,168529,31,,,0,58,,168530,31,,,0,18,,168533,31,,,0,68,,168531,31,,,0,17,,168532,31,,,0
23901,'20260414',658,,168534,31,,,0,58,,168535,31,,,0,18,,168538,31,,,0,68,,168536,31,,,0,17,,168537,31,,,0
33701,'20260331',641,,170639,15,,,0,9,,170640,15,,,0,9,,170641,15,,,0,70,,170642,15,,,0,72,,170643,15,,,0,106,,170644,15,,,0,201,,170645,15,,,0
33701,'20260401',641,,170646,15,,,0,9,,170647,15,,,0,9,,170648,15,,,0,70,,170649,15,,,0,72,,170650,15,,,0,106,,170651,15,,,0,201,,170652,15,,,0
33701,'20260402',641,,170653,15,,,0,9,,170654,15,,,0,9,,170655,15,,,0,70,,170656,15,,,0,72,,170657,15,,,0,106,,170658,15,,,0,201,,170659,15,,,0
33701,'20260407',641,,170660,15,,,0,9,,170664,15,,,0,9,,170661,15,,,0,70,,170665,15,,,0,72,,170666,15,,,0,106,,170662,15,,,0,201,,170663,15,,,0
33701,'20260408',641,,170667,15,,,0,9,,170671,15,,,0,9,,170668,15,,,0,70,,170672,15,,,0,72,,170673,15,,,0,106,,170669,15,,,0,201,,170670,15,,,0
33701,'20260409',641,,170674,15,,,0,9,,170678,15,,,0,9,,170675,15,,,0,70,,170679,15,,,0,72,,170680,15,,,0,106,,170676,15,,,0,201,,170677,15,,,0
33701,'20260410',641,,170681,15,,,0,9,,170685,15,,,0,9,,170682,15,,,0,70,,170686,15,,,0,72,,170687,15,,,0,106,,170683,15,,,0,201,,170684,15,,,0
33701,'20260413',641,,170688,15,,,0,9,,170692,15,,,0,9,,170689,15,,,0,70,,170693,15,,,0,72,,170694,15,,,0,106,,170690,15,,,0,201,,170691,15,,,0
33701,'20260414',641,,170695,15,,,0,9,,170699,15,,,0,9,,170696,15,,,0,70,,170700,15,,,0,72,,170701,15,,,0,106,,170697,15,,,0,201,,170698,15,,,0
53701,'20260331',713,,171802,15,,,0,30,,171803,15,,,0
53701,'20260401',713,,171804,15,,,0,30,,171805,15,,,0
53701,'20260402',713,,171806,15,,,0,30,,171807,15,,,0
53701,'20260407',713,,171808,15,,,0,30,,171809,15,,,0
53701,'20260408',713,,171810,15,,,0,30,,171811,15,,,0
53701,'20260409',713,,171812,15,,,0,30,,171813,15,,,0
53701,'20260410',713,,171814,15,,,0,30,,171815,15,,,0
53701,'20260413',713,,171816,15,,,0,30,,171817,15,,,0
53701,'20260414',713,,171818,15,,,0,30,,171819,15,,,0
1008201,'20260331',1614,,188861,21,,,0
1008201,'20260401',1614,,188862,21,,,0
1008201,'20260402',1614,,188863,21,,,0
1008201,'20260407',1614,,188864,21,,,0
1008201,'20260408',1614,,188865,21,,,0
1008201,'20260409',1614,,188866,21,,,0
1008201,'20260410',1614,,188867,21,,,0
1008201,'20260413',1614,,188868,21,,,0
1008201,'20260414',1614,,188869,21,,,0
