8801,'20260512',655,,449262,8,,,0,2,,449263,8,,,0,71,,449264,8,,,0,30,,449265,8,,,0,70,,449266,8,,,0,129,,449267,8,,,0,571,,449268,8,,,0,30,,449269,8,,,0,100,,449270,8,,,0,168,,449271,8,,,0
8801,'20260513',655,,475290,8,,,0,2,,475291,8,,,0,71,,475292,8,,,0,30,,475293,8,,,0,70,,475294,8,,,0,129,,475295,8,,,0,571,,475296,8,,,0,30,,475297,8,,,0,100,,475298,8,,,0,168,,475299,8,,,0
8801,'20260514',655,,475300,8,,,0,2,,475301,8,,,0,71,,475302,8,,,0,30,,475303,8,,,0,70,,475304,8,,,0,129,,475305,8,,,0,571,,475306,8,,,0,30,,475307,8,,,0,100,,475308,8,,,0,168,,475309,8,,,0
8801,'20260515',655,,475310,8,,,0,2,,475311,8,,,0,71,,475312,8,,,0,30,,475313,8,,,0,70,,475314,8,,,0,129,,475315,8,,,0,571,,475316,8,,,0,30,,475317,8,,,0,100,,475318,8,,,0,168,,475319,8,,,0
8801,'20260519',655,,430326,8,,,0,2,,430317,8,,,0,71,,430318,8,,,0,30,,430319,8,,,0,70,,430320,8,,,0,129,,430324,8,,,0,571,,430321,8,,,0,30,,430322,8,,,0,100,,430323,8,,,0,168,,430325,8,,,0
8801,'20260520',655,,449281,8,,,0,2,,449272,8,,,0,71,,449273,8,,,0,30,,449274,8,,,0,70,,449275,8,,,0,129,,449279,8,,,0,571,,449276,8,,,0,30,,449277,8,,,0,100,,449278,8,,,0,168,,449280,8,,,0
8801,'20260521',655,,449291,8,,,0,2,,449282,8,,,0,71,,449283,8,,,0,30,,449284,8,,,0,70,,449285,8,,,0,129,,449289,8,,,0,571,,449286,8,,,0,30,,449287,8,,,0,100,,449288,8,,,0,168,,449290,8,,,0
8801,'20260522',655,,475329,8,,,0,2,,475320,8,,,0,71,,475321,8,,,0,30,,475322,8,,,0,70,,475323,8,,,0,129,,475327,8,,,0,571,,475324,8,,,0,30,,475325,8,,,0,100,,475326,8,,,0,168,,475328,8,,,0
8801,'20260525',655,,475339,8,,,0,2,,475330,8,,,0,71,,475331,8,,,0,30,,475332,8,,,0,70,,475333,8,,,0,129,,475337,8,,,0,571,,475334,8,,,0,30,,475335,8,,,0,100,,475336,8,,,0,168,,475338,8,,,0
8801,'20260526',655,,475349,8,,,0,2,,475340,8,,,0,71,,475341,8,,,0,30,,475342,8,,,0,70,,475343,8,,,0,129,,475347,8,,,0,571,,475344,8,,,0,30,,475345,8,,,0,100,,475346,8,,,0,168,,475348,8,,,0
