25701,'20260507',704,,405079,29,,,0,23,,405080,29,,,0,29,,405081,29,,,0
25701,'20260508',704,,431540,29,,,0,23,,431541,29,,,0,29,,431542,29,,,0
25701,'20260511',704,,451044,29,,,0,23,,451045,29,,,0,29,,451046,29,,,0
25701,'20260512',704,,451047,29,,,0,23,,451048,29,,,0,29,,451049,29,,,0
25701,'20260513',704,,405085,29,,,0,23,,405086,29,,,0,29,,405087,29,,,0
25701,'20260514',704,,405088,29,,,0,23,,405089,29,,,0,29,,405090,29,,,0
25701,'20260515',704,,405091,29,,,0,23,,405092,29,,,0,29,,405093,29,,,0
25701,'20260519',704,,431543,29,,,0,23,,431544,29,,,0,29,,431545,29,,,0
25701,'20260520',704,,451050,29,,,0,23,,451051,29,,,0,29,,451052,29,,,0
25701,'20260521',704,,451053,29,,,0,23,,451054,29,,,0,29,,451055,29,,,0
