1802,'20260626',632,,796156,14,,,0,19,,796157,14,,,0,62,,796158,14,,,0,15,,796159,14,,,0,31,,796160,14,,,0,70,,796161,14,,,0,29,,796162,14,,,0,70,,796163,14,,,0,28,,796164,14,,,0,70,,796165,14,,,0,30,,796166,14,,,0,70,,796167,14,,,0,20,,796168,14,,,0,60,,796169,14,,,0,20,,796170,14,,,0,31,,796171,14,,,0,70,,796172,14,,,0,30,,796173,14,,,0,70,,796174,14,,,0,30,,796175,14,,,0,72,,796176,14,,,0,30,,796177,14,,,0,71,,796178,14,,,0,70,,796179,14,,,0,15,,796180,14,,,0,16,,796181,14,,,0,69,,796182,14,,,0,27,,796183,14,,,0,29,,796184,14,,,0,70,,796185,14,,,0,99,,796186,14,,,0,100,,796187,14,,,0,99,,796188,14,,,0,100,,796189,14,,,0,99,,796190,14,,,0
1802,'20260627',709,,817756,14,,,0,100,,817757,14,,,0,101,,817758,14,,,0,100,,817759,14,,,0,101,,817760,14,,,0,96,,817761,14,,,0,97,,817762,14,,,0,104,,817763,14,,,0,104,,817764,14,,,0,94,,817765,14,,,0,110,,817766,14,,,0,96,,817767,14,,,0,100,,817768,14,,,0,96,,817769,14,,,0,101,,817770,14,,,0,100,,817771,14,,,0,100,,817772,14,,,0
1802,'20260628',709,,817773,14,,,0,100,,817774,14,,,0,101,,817775,14,,,0,100,,817776,14,,,0,101,,817777,14,,,0,96,,817778,14,,,0,97,,817779,14,,,0,104,,817780,14,,,0,104,,817781,14,,,0,94,,817782,14,,,0,110,,817783,14,,,0,96,,817784,14,,,0,100,,817785,14,,,0,96,,817786,14,,,0,101,,817787,14,,,0,100,,817788,14,,,0,100,,817789,14,,,0
1802,'20260629',632,,817790,14,,,0,19,,817791,14,,,0,62,,817792,14,,,0,15,,817793,14,,,0,31,,817794,14,,,0,70,,817795,14,,,0,29,,817796,14,,,0,70,,817797,14,,,0,28,,817798,14,,,0,70,,817799,14,,,0,30,,817800,14,,,0,70,,817801,14,,,0,20,,817802,14,,,0,60,,817803,14,,,0,20,,817804,14,,,0,31,,817805,14,,,0,70,,817806,14,,,0,30,,817807,14,,,0,70,,817808,14,,,0,30,,817809,14,,,0,72,,817810,14,,,0,30,,817811,14,,,0,71,,817812,14,,,0,70,,817813,14,,,0,15,,817814,14,,,0,16,,817815,14,,,0,69,,817816,14,,,0,27,,817817,14,,,0,29,,817818,14,,,0,70,,817819,14,,,0,99,,817820,14,,,0,100,,817821,14,,,0,99,,817822,14,,,0,100,,817823,14,,,0,99,,817824,14,,,0
1802,'20260630',632,,817825,14,,,0,19,,817826,14,,,0,62,,817827,14,,,0,15,,817828,14,,,0,31,,817829,14,,,0,70,,817830,14,,,0,29,,817831,14,,,0,70,,817832,14,,,0,28,,817833,14,,,0,70,,817834,14,,,0,30,,817835,14,,,0,70,,817836,14,,,0,20,,817837,14,,,0,60,,817838,14,,,0,20,,817839,14,,,0,31,,817840,14,,,0,70,,817841,14,,,0,30,,817842,14,,,0,70,,817843,14,,,0,30,,817844,14,,,0,72,,817845,14,,,0,30,,817846,14,,,0,71,,817847,14,,,0,70,,817848,14,,,0,15,,817849,14,,,0,16,,817850,14,,,0,69,,817851,14,,,0,27,,817852,14,,,0,29,,817853,14,,,0,70,,817854,14,,,0,99,,817855,14,,,0,100,,817856,14,,,0,99,,817857,14,,,0,100,,817858,14,,,0,99,,817859,14,,,0
1802,'20260701',709,,817860,14,,,0,100,,817861,14,,,0,101,,817862,14,,,0,100,,817863,14,,,0,101,,817864,14,,,0,96,,817865,14,,,0,97,,817866,14,,,0,104,,817867,14,,,0,104,,817868,14,,,0,94,,817869,14,,,0,110,,817870,14,,,0,96,,817871,14,,,0,100,,817872,14,,,0,96,,817873,14,,,0,101,,817874,14,,,0,100,,817875,14,,,0,100,,817876,14,,,0
1802,'20260702',632,,817877,14,,,0,19,,817878,14,,,0,62,,817879,14,,,0,15,,817880,14,,,0,31,,817881,14,,,0,70,,817882,14,,,0,29,,817883,14,,,0,70,,817884,14,,,0,28,,817885,14,,,0,70,,817886,14,,,0,30,,817887,14,,,0,70,,817888,14,,,0,20,,817889,14,,,0,60,,817890,14,,,0,20,,817891,14,,,0,31,,817892,14,,,0,70,,817893,14,,,0,30,,817894,14,,,0,70,,817895,14,,,0,30,,817896,14,,,0,72,,817897,14,,,0,30,,817898,14,,,0,71,,817899,14,,,0,70,,817900,14,,,0,15,,817901,14,,,0,16,,817902,14,,,0,69,,817903,14,,,0,27,,817904,14,,,0,29,,817905,14,,,0,70,,817906,14,,,0,99,,817907,14,,,0,100,,817908,14,,,0,99,,817909,14,,,0,100,,817910,14,,,0,99,,817911,14,,,0
1802,'20260703',632,,770824,14,,,0,19,,770825,14,,,0,62,,770855,14,,,0,15,,770826,14,,,0,31,,770827,14,,,0,70,,770828,14,,,0,29,,770829,14,,,0,70,,770830,14,,,0,28,,770831,14,,,0,70,,770832,14,,,0,30,,770833,14,,,0,70,,770857,14,,,0,20,,770834,14,,,0,60,,770835,14,,,0,20,,770836,14,,,0,31,,770837,14,,,0,70,,770838,14,,,0,30,,770839,14,,,0,70,,770840,14,,,0,30,,770841,14,,,0,72,,770842,14,,,0,30,,770843,14,,,0,71,,770844,14,,,0,70,,770845,14,,,0,15,,770846,14,,,0,16,,770847,14,,,0,69,,770848,14,,,0,27,,770849,14,,,0,29,,770856,14,,,0,70,,770858,14,,,0,99,,770853,14,,,0,100,,770851,14,,,0,99,,770854,14,,,0,100,,770850,14,,,0,99,,770852,14,,,0
1802,'20260704',709,,796206,14,,,0,100,,796192,14,,,0,101,,796193,14,,,0,100,,796194,14,,,0,101,,796195,14,,,0,96,,796196,14,,,0,97,,796197,14,,,0,104,,796198,14,,,0,104,,796199,14,,,0,94,,796200,14,,,0,110,,796201,14,,,0,96,,796202,14,,,0,100,,796203,14,,,0,96,,796204,14,,,0,101,,796205,14,,,0,100,,796191,14,,,0,100,,796207,14,,,0
1802,'20260705',709,,796223,14,,,0,100,,796209,14,,,0,101,,796210,14,,,0,100,,796211,14,,,0,101,,796212,14,,,0,96,,796213,14,,,0,97,,796214,14,,,0,104,,796215,14,,,0,104,,796216,14,,,0,94,,796217,14,,,0,110,,796218,14,,,0,96,,796219,14,,,0,100,,796220,14,,,0,96,,796221,14,,,0,101,,796222,14,,,0,100,,796208,14,,,0,100,,796224,14,,,0
1802,'20260706',632,,796225,14,,,0,19,,796226,14,,,0,62,,796256,14,,,0,15,,796227,14,,,0,31,,796228,14,,,0,70,,796229,14,,,0,29,,796230,14,,,0,70,,796231,14,,,0,28,,796232,14,,,0,70,,796233,14,,,0,30,,796234,14,,,0,70,,796258,14,,,0,20,,796235,14,,,0,60,,796236,14,,,0,20,,796237,14,,,0,31,,796238,14,,,0,70,,796239,14,,,0,30,,796240,14,,,0,70,,796241,14,,,0,30,,796242,14,,,0,72,,796243,14,,,0,30,,796244,14,,,0,71,,796245,14,,,0,70,,796246,14,,,0,15,,796247,14,,,0,16,,796248,14,,,0,69,,796249,14,,,0,27,,796250,14,,,0,29,,796257,14,,,0,70,,796259,14,,,0,99,,796254,14,,,0,100,,796252,14,,,0,99,,796255,14,,,0,100,,796251,14,,,0,99,,796253,14,,,0
1802,'20260707',632,,796260,14,,,0,19,,796261,14,,,0,62,,796291,14,,,0,15,,796262,14,,,0,31,,796263,14,,,0,70,,796264,14,,,0,29,,796265,14,,,0,70,,796266,14,,,0,28,,796267,14,,,0,70,,796268,14,,,0,30,,796269,14,,,0,70,,796293,14,,,0,20,,796270,14,,,0,60,,796271,14,,,0,20,,796272,14,,,0,31,,796273,14,,,0,70,,796274,14,,,0,30,,796275,14,,,0,70,,796276,14,,,0,30,,796277,14,,,0,72,,796278,14,,,0,30,,796279,14,,,0,71,,796280,14,,,0,70,,796281,14,,,0,15,,796282,14,,,0,16,,796283,14,,,0,69,,796284,14,,,0,27,,796285,14,,,0,29,,796292,14,,,0,70,,796294,14,,,0,99,,796289,14,,,0,100,,796287,14,,,0,99,,796290,14,,,0,100,,796286,14,,,0,99,,796288,14,,,0
1802,'20260708',632,,817912,14,,,0,19,,817913,14,,,0,62,,817943,14,,,0,15,,817914,14,,,0,31,,817915,14,,,0,70,,817916,14,,,0,29,,817917,14,,,0,70,,817918,14,,,0,28,,817919,14,,,0,70,,817920,14,,,0,30,,817921,14,,,0,70,,817945,14,,,0,20,,817922,14,,,0,60,,817923,14,,,0,20,,817924,14,,,0,31,,817925,14,,,0,70,,817926,14,,,0,30,,817927,14,,,0,70,,817928,14,,,0,30,,817929,14,,,0,72,,817930,14,,,0,30,,817931,14,,,0,71,,817932,14,,,0,70,,817933,14,,,0,15,,817934,14,,,0,16,,817935,14,,,0,69,,817936,14,,,0,27,,817937,14,,,0,29,,817944,14,,,0,70,,817946,14,,,0,99,,817941,14,,,0,100,,817939,14,,,0,99,,817942,14,,,0,100,,817938,14,,,0,99,,817940,14,,,0
1802,'20260709',632,,817947,14,,,0,19,,817948,14,,,0,62,,817978,14,,,0,15,,817949,14,,,0,31,,817950,14,,,0,70,,817951,14,,,0,29,,817952,14,,,0,70,,817953,14,,,0,28,,817954,14,,,0,70,,817955,14,,,0,30,,817956,14,,,0,70,,817980,14,,,0,20,,817957,14,,,0,60,,817958,14,,,0,20,,817959,14,,,0,31,,817960,14,,,0,70,,817961,14,,,0,30,,817962,14,,,0,70,,817963,14,,,0,30,,817964,14,,,0,72,,817965,14,,,0,30,,817966,14,,,0,71,,817967,14,,,0,70,,817968,14,,,0,15,,817969,14,,,0,16,,817970,14,,,0,69,,817971,14,,,0,27,,817972,14,,,0,29,,817979,14,,,0,70,,817981,14,,,0,99,,817976,14,,,0,100,,817974,14,,,0,99,,817977,14,,,0,100,,817973,14,,,0,99,,817975,14,,,0
1802,'20260710',632,,817982,14,,,0,19,,817983,14,,,0,62,,818013,14,,,0,15,,817984,14,,,0,31,,817985,14,,,0,70,,817986,14,,,0,29,,817987,14,,,0,70,,817988,14,,,0,28,,817989,14,,,0,70,,817990,14,,,0,30,,817991,14,,,0,70,,818015,14,,,0,20,,817992,14,,,0,60,,817993,14,,,0,20,,817994,14,,,0,31,,817995,14,,,0,70,,817996,14,,,0,30,,817997,14,,,0,70,,817998,14,,,0,30,,817999,14,,,0,72,,818000,14,,,0,30,,818001,14,,,0,71,,818002,14,,,0,70,,818003,14,,,0,15,,818004,14,,,0,16,,818005,14,,,0,69,,818006,14,,,0,27,,818007,14,,,0,29,,818014,14,,,0,70,,818016,14,,,0,99,,818011,14,,,0,100,,818009,14,,,0,99,,818012,14,,,0,100,,818008,14,,,0,99,,818010,14,,,0
