8200,'20260630',655,,828368,69,,,0,70,,828369,69,,,0,100,,828370,69,,,0,30,,828371,69,,,0,70,,828372,69,,,0,100,,828373,69,,,0,100,,828374,69,,,0,101,,828375,69,,,0,100,,828376,69,,,0,100,,828377,69,,,0,102,,828378,69,,,0,102,,828379,69,,,0,70,,828380,69,,,0,29,,828381,69,,,0,28,,828382,69,,,0,69,,828383,69,,,0,30,,828384,69,,,0,70,,828385,69,,,0,99,,828386,69,,,0,100,,828387,69,,,0,100,,828388,69,,,0,130,,828389,69,,,0
8200,'20260701',723,,828390,69,,,0,101,,828391,69,,,0,100,,828392,69,,,0,101,,828393,69,,,0,100,,828394,69,,,0,100,,828395,69,,,0,101,,828396,69,,,0,100,,828397,69,,,0,101,,828398,69,,,0,100,,828399,69,,,0,100,,828400,69,,,0,100,,828401,69,,,0,98,,828402,69,,,0,100,,828403,69,,,0,100,,828404,69,,,0,100,,828405,69,,,0,130,,828406,69,,,0,169,,828407,69,,,0
8200,'20260702',655,,828408,69,,,0,70,,828409,69,,,0,100,,828410,69,,,0,30,,828411,69,,,0,70,,828412,69,,,0,100,,828413,69,,,0,100,,828414,69,,,0,101,,828415,69,,,0,100,,828416,69,,,0,100,,828417,69,,,0,102,,828418,69,,,0,102,,828419,69,,,0,70,,828420,69,,,0,29,,828421,69,,,0,28,,828422,69,,,0,69,,828423,69,,,0,30,,828424,69,,,0,70,,828425,69,,,0,99,,828426,69,,,0,100,,828427,69,,,0,100,,828428,69,,,0,130,,828429,69,,,0
8200,'20260703',655,,852715,69,,,0,70,,852716,69,,,0,100,,852717,69,,,0,30,,852718,69,,,0,70,,852719,69,,,0,100,,852720,69,,,0,100,,852721,69,,,0,101,,852722,69,,,0,100,,852723,69,,,0,100,,852724,69,,,0,102,,852725,69,,,0,102,,852726,69,,,0,70,,852727,69,,,0,29,,852728,69,,,0,28,,852729,69,,,0,69,,852730,69,,,0,30,,852731,69,,,0,70,,852732,69,,,0,99,,852733,69,,,0,100,,852734,69,,,0,100,,852735,69,,,0,130,,852736,69,,,0
8200,'20260704',723,,803219,69,,,0,101,,803205,69,,,0,100,,803209,69,,,0,101,,803210,69,,,0,100,,803217,69,,,0,100,,803211,69,,,0,101,,803206,69,,,0,100,,803212,69,,,0,101,,803218,69,,,0,100,,803213,69,,,0,100,,803221,69,,,0,100,,803207,69,,,0,98,,803214,69,,,0,100,,803216,69,,,0,100,,803220,69,,,0,100,,803215,69,,,0,130,,803208,69,,,0,169,,803222,69,,,0
8200,'20260705',723,,803235,69,,,0,101,,803236,69,,,0,100,,803232,69,,,0,101,,803237,69,,,0,100,,803231,69,,,0,100,,803233,69,,,0,101,,803226,69,,,0,100,,803223,69,,,0,101,,803229,69,,,0,100,,803230,69,,,0,100,,803239,69,,,0,100,,803227,69,,,0,98,,803224,69,,,0,100,,803234,69,,,0,100,,803238,69,,,0,100,,803225,69,,,0,130,,803228,69,,,0,169,,803240,69,,,0
8200,'20260706',655,,803258,69,,,0,70,,803241,69,,,0,100,,803262,69,,,0,30,,803248,69,,,0,70,,803257,69,,,0,100,,803249,69,,,0,100,,803256,69,,,0,101,,803250,69,,,0,100,,803242,69,,,0,100,,803251,69,,,0,102,,803255,69,,,0,102,,803252,69,,,0,70,,803243,69,,,0,29,,803244,69,,,0,28,,803245,69,,,0,69,,803246,69,,,0,30,,803253,69,,,0,70,,803254,69,,,0,99,,803260,69,,,0,100,,803259,69,,,0,100,,803261,69,,,0,130,,803247,69,,,0
8200,'20260707',655,,803280,69,,,0,70,,803263,69,,,0,100,,803284,69,,,0,30,,803270,69,,,0,70,,803279,69,,,0,100,,803271,69,,,0,100,,803278,69,,,0,101,,803272,69,,,0,100,,803264,69,,,0,100,,803273,69,,,0,102,,803277,69,,,0,102,,803274,69,,,0,70,,803265,69,,,0,29,,803266,69,,,0,28,,803267,69,,,0,69,,803268,69,,,0,30,,803275,69,,,0,70,,803276,69,,,0,99,,803282,69,,,0,100,,803281,69,,,0,100,,803283,69,,,0,130,,803269,69,,,0
8200,'20260708',655,,828447,69,,,0,70,,828430,69,,,0,100,,828451,69,,,0,30,,828437,69,,,0,70,,828446,69,,,0,100,,828438,69,,,0,100,,828445,69,,,0,101,,828439,69,,,0,100,,828431,69,,,0,100,,828440,69,,,0,102,,828444,69,,,0,102,,828441,69,,,0,70,,828432,69,,,0,29,,828433,69,,,0,28,,828434,69,,,0,69,,828435,69,,,0,30,,828442,69,,,0,70,,828443,69,,,0,99,,828449,69,,,0,100,,828448,69,,,0,100,,828450,69,,,0,130,,828436,69,,,0
8200,'20260709',655,,828469,69,,,0,70,,828452,69,,,0,100,,828473,69,,,0,30,,828459,69,,,0,70,,828468,69,,,0,100,,828460,69,,,0,100,,828467,69,,,0,101,,828461,69,,,0,100,,828453,69,,,0,100,,828462,69,,,0,102,,828466,69,,,0,102,,828463,69,,,0,70,,828454,69,,,0,29,,828455,69,,,0,28,,828456,69,,,0,69,,828457,69,,,0,30,,828464,69,,,0,70,,828465,69,,,0,99,,828471,69,,,0,100,,828470,69,,,0,100,,828472,69,,,0,130,,828458,69,,,0
8200,'20260710',655,,828491,69,,,0,70,,828474,69,,,0,100,,828495,69,,,0,30,,828481,69,,,0,70,,828490,69,,,0,100,,828482,69,,,0,100,,828489,69,,,0,101,,828483,69,,,0,100,,828475,69,,,0,100,,828484,69,,,0,102,,828488,69,,,0,102,,828485,69,,,0,70,,828476,69,,,0,29,,828477,69,,,0,28,,828478,69,,,0,69,,828479,69,,,0,30,,828486,69,,,0,70,,828487,69,,,0,99,,828493,69,,,0,100,,828492,69,,,0,100,,828494,69,,,0,130,,828480,69,,,0
8200,'20260711',723,,852751,69,,,0,101,,852737,69,,,0,100,,852741,69,,,0,101,,852742,69,,,0,100,,852749,69,,,0,100,,852743,69,,,0,101,,852738,69,,,0,100,,852744,69,,,0,101,,852750,69,,,0,100,,852745,69,,,0,100,,852753,69,,,0,100,,852739,69,,,0,98,,852746,69,,,0,100,,852748,69,,,0,100,,852752,69,,,0,100,,852747,69,,,0,130,,852740,69,,,0,169,,852754,69,,,0
8200,'20260712',723,,852767,69,,,0,101,,852768,69,,,0,100,,852764,69,,,0,101,,852769,69,,,0,100,,852763,69,,,0,100,,852765,69,,,0,101,,852758,69,,,0,100,,852755,69,,,0,101,,852761,69,,,0,100,,852762,69,,,0,100,,852771,69,,,0,100,,852759,69,,,0,98,,852756,69,,,0,100,,852766,69,,,0,100,,852770,69,,,0,100,,852757,69,,,0,130,,852760,69,,,0,169,,852772,69,,,0
8200,'20260713',655,,852790,69,,,0,70,,852773,69,,,0,100,,852794,69,,,0,30,,852780,69,,,0,70,,852789,69,,,0,100,,852781,69,,,0,100,,852788,69,,,0,101,,852782,69,,,0,100,,852774,69,,,0,100,,852783,69,,,0,102,,852787,69,,,0,102,,852784,69,,,0,70,,852775,69,,,0,29,,852776,69,,,0,28,,852777,69,,,0,69,,852778,69,,,0,30,,852785,69,,,0,70,,852786,69,,,0,99,,852792,69,,,0,100,,852791,69,,,0,100,,852793,69,,,0,130,,852779,69,,,0
8200,'20260714',655,,852812,69,,,0,70,,852795,69,,,0,100,,852816,69,,,0,30,,852802,69,,,0,70,,852811,69,,,0,100,,852803,69,,,0,100,,852810,69,,,0,101,,852804,69,,,0,100,,852796,69,,,0,100,,852805,69,,,0,102,,852809,69,,,0,102,,852806,69,,,0,70,,852797,69,,,0,29,,852798,69,,,0,28,,852799,69,,,0,69,,852800,69,,,0,30,,852807,69,,,0,70,,852808,69,,,0,99,,852814,69,,,0,100,,852813,69,,,0,100,,852815,69,,,0,130,,852801,69,,,0
28900,'20260630',1624,,832824,18,4,,0,14,,832825,18,4,,0,21,,832826,18,4,,0,91,,832827,18,4,,0,75,,832828,18,4,,0
28900,'20260702',1624,,832829,18,4,,0,14,,832830,18,4,,0,21,,832831,18,4,,0,91,,832832,18,4,,0,75,,832833,18,4,,0
28900,'20260703',1624,,855107,18,4,,0,14,,855108,18,4,,0,21,,855109,18,4,,0,91,,855110,18,4,,0,75,,855111,18,4,,0
28900,'20260706',1624,,806179,18,4,,0,14,,806180,18,4,,0,21,,806178,18,4,,0,91,,806177,18,4,,0,75,,806181,18,4,,0
28900,'20260707',1624,,806184,18,4,,0,14,,806185,18,4,,0,21,,806183,18,4,,0,91,,806182,18,4,,0,75,,806186,18,4,,0
28900,'20260708',1624,,832836,18,4,,0,14,,832837,18,4,,0,21,,832835,18,4,,0,91,,832834,18,4,,0,75,,832838,18,4,,0
28900,'20260709',1624,,832841,18,4,,0,14,,832842,18,4,,0,21,,832840,18,4,,0,91,,832839,18,4,,0,75,,832843,18,4,,0
28900,'20260710',1624,,832846,18,4,,0,14,,832847,18,4,,0,21,,832845,18,4,,0,91,,832844,18,4,,0,75,,832848,18,4,,0
28900,'20260713',1624,,855114,18,4,,0,14,,855115,18,4,,0,21,,855113,18,4,,0,91,,855112,18,4,,0,75,,855116,18,4,,0
28900,'20260714',1624,,855119,18,4,,0,14,,855120,18,4,,0,21,,855118,18,4,,0,91,,855117,18,4,,0,75,,855121,18,4,,0
58200,'20260630',1625,,833597,42,4,,0,92,,833598,42,4,,0,92,,833599,42,4,,0
58200,'20260702',1625,,833600,42,4,,0,92,,833601,42,4,,0,92,,833602,42,4,,0
58200,'20260703',1625,,855511,42,4,,0,92,,855512,42,4,,0,92,,855513,42,4,,0
58200,'20260706',1625,,806689,42,4,,0,92,,806688,42,4,,0,92,,806687,42,4,,0
58200,'20260707',1625,,806692,42,4,,0,92,,806691,42,4,,0,92,,806690,42,4,,0
58200,'20260708',1625,,833605,42,4,,0,92,,833604,42,4,,0,92,,833603,42,4,,0
58200,'20260709',1625,,833608,42,4,,0,92,,833607,42,4,,0,92,,833606,42,4,,0
58200,'20260710',1625,,833611,42,4,,0,92,,833610,42,4,,0,92,,833609,42,4,,0
58200,'20260713',1625,,855516,42,4,,0,92,,855515,42,4,,0,92,,855514,42,4,,0
58200,'20260714',1625,,855519,42,4,,0,92,,855518,42,4,,0,92,,855517,42,4,,0
98200,'20260703',2616,,861849,72,,,0
98200,'20260704',2616,,814369,72,,,0
98200,'20260710',2616,,845111,72,,,0
98200,'20260711',2616,,861850,72,,,0
