1203,'20260514',635,,463502,14,,,0,68,,463503,14,,,0,32,,463504,14,,,0,71,,463505,14,,,0,30,,463506,14,,,0,70,,463507,14,,,0,99,,463508,14,,,0,97,,463509,14,,,0,101,,463510,14,,,0,100,,463511,14,,,0,100,,463512,14,,,0,99,,463513,14,,,0,98,,463514,14,,,0,109,,463515,14,,,0,97,,463516,14,,,0,98,,463517,14,,,0,99,,463518,14,,,0,99,,463519,14,,,0,100,,463520,14,,,0,100,,463521,14,,,0
1203,'20260515',635,,463523,14,,,0,68,,463524,14,,,0,32,,463525,14,,,0,71,,463526,14,,,0,30,,463527,14,,,0,70,,463528,14,,,0,99,,463529,14,,,0,97,,463530,14,,,0,101,,463531,14,,,0,100,,463532,14,,,0,100,,463533,14,,,0,99,,463534,14,,,0,98,,463535,14,,,0,109,,463536,14,,,0,97,,463537,14,,,0,98,,463538,14,,,0,99,,463539,14,,,0,99,,463540,14,,,0,100,,463541,14,,,0,100,,463542,14,,,0
1203,'20260516',746,,493136,14,,,0,100,,493137,14,,,0,99,,493138,14,,,0,100,,493139,14,,,0,100,,493140,14,,,0,96,,493141,14,,,0,107,,493142,14,,,0,98,,493143,14,,,0,99,,493144,14,,,0,100,,493145,14,,,0,102,,493146,14,,,0,99,,493147,14,,,0,100,,493148,14,,,0,99,,493149,14,,,0,100,,493150,14,,,0,100,,493151,14,,,0
1203,'20260517',746,,493152,14,,,0,100,,493153,14,,,0,99,,493154,14,,,0,100,,493155,14,,,0,100,,493156,14,,,0,96,,493157,14,,,0,107,,493158,14,,,0,98,,493159,14,,,0,99,,493160,14,,,0,100,,493161,14,,,0,102,,493162,14,,,0,99,,493163,14,,,0,100,,493164,14,,,0,99,,493165,14,,,0,100,,493166,14,,,0,100,,493167,14,,,0
1203,'20260518',746,,493168,14,,,0,100,,493169,14,,,0,99,,493170,14,,,0,100,,493171,14,,,0,100,,493172,14,,,0,96,,493173,14,,,0,107,,493174,14,,,0,98,,493175,14,,,0,99,,493176,14,,,0,100,,493177,14,,,0,102,,493178,14,,,0,99,,493179,14,,,0,100,,493180,14,,,0,99,,493181,14,,,0,100,,493182,14,,,0,100,,493183,14,,,0
1203,'20260519',635,,493185,14,,,0,68,,493186,14,,,0,32,,493187,14,,,0,71,,493188,14,,,0,30,,493189,14,,,0,70,,493190,14,,,0,99,,493191,14,,,0,97,,493192,14,,,0,101,,493193,14,,,0,100,,493194,14,,,0,100,,493195,14,,,0,99,,493196,14,,,0,98,,493197,14,,,0,109,,493198,14,,,0,97,,493199,14,,,0,98,,493200,14,,,0,99,,493201,14,,,0,99,,493202,14,,,0,100,,493203,14,,,0,100,,493204,14,,,0
1203,'20260520',635,,440706,14,,,0,68,,440724,14,,,0,32,,440707,14,,,0,71,,440708,14,,,0,30,,440725,14,,,0,70,,440709,14,,,0,99,,440710,14,,,0,97,,440711,14,,,0,101,,440712,14,,,0,100,,440713,14,,,0,100,,440714,14,,,0,99,,440715,14,,,0,98,,440716,14,,,0,109,,440717,14,,,0,97,,440718,14,,,0,98,,440719,14,,,0,99,,440720,14,,,0,99,,440721,14,,,0,100,,440722,14,,,0,100,,440723,14,,,0
1203,'20260521',635,,440726,14,,,0,68,,440744,14,,,0,32,,440727,14,,,0,71,,440728,14,,,0,30,,440745,14,,,0,70,,440729,14,,,0,99,,440730,14,,,0,97,,440731,14,,,0,101,,440732,14,,,0,100,,440733,14,,,0,100,,440734,14,,,0,99,,440735,14,,,0,98,,440736,14,,,0,109,,440737,14,,,0,97,,440738,14,,,0,98,,440739,14,,,0,99,,440740,14,,,0,99,,440741,14,,,0,100,,440742,14,,,0,100,,440743,14,,,0
1203,'20260522',635,,463543,14,,,0,68,,463561,14,,,0,32,,463544,14,,,0,71,,463545,14,,,0,30,,463562,14,,,0,70,,463546,14,,,0,99,,463547,14,,,0,97,,463548,14,,,0,101,,463549,14,,,0,100,,463550,14,,,0,100,,463551,14,,,0,99,,463552,14,,,0,98,,463553,14,,,0,109,,463554,14,,,0,97,,463555,14,,,0,98,,463556,14,,,0,99,,463557,14,,,0,99,,463558,14,,,0,100,,463559,14,,,0,100,,463560,14,,,0
1203,'20260523',746,,463563,14,,,0,100,,463564,14,,,0,99,,463565,14,,,0,100,,463566,14,,,0,100,,463567,14,,,0,96,,463568,14,,,0,107,,463569,14,,,0,98,,463570,14,,,0,99,,463571,14,,,0,100,,463572,14,,,0,102,,463573,14,,,0,99,,463574,14,,,0,100,,463575,14,,,0,99,,463576,14,,,0,100,,463577,14,,,0,100,,463578,14,,,0
1203,'20260524',746,,463579,14,,,0,100,,463580,14,,,0,99,,463581,14,,,0,100,,463582,14,,,0,100,,463583,14,,,0,96,,463584,14,,,0,107,,463585,14,,,0,98,,463586,14,,,0,99,,463587,14,,,0,100,,463588,14,,,0,102,,463589,14,,,0,99,,463590,14,,,0,100,,463591,14,,,0,99,,463592,14,,,0,100,,463593,14,,,0,100,,463594,14,,,0
1203,'20260525',635,,463595,14,,,0,68,,463613,14,,,0,32,,463596,14,,,0,71,,463597,14,,,0,30,,463614,14,,,0,70,,463598,14,,,0,99,,463599,14,,,0,97,,463600,14,,,0,101,,463601,14,,,0,100,,463602,14,,,0,100,,463603,14,,,0,99,,463604,14,,,0,98,,463605,14,,,0,109,,463606,14,,,0,97,,463607,14,,,0,98,,463608,14,,,0,99,,463609,14,,,0,99,,463610,14,,,0,100,,463611,14,,,0,100,,463612,14,,,0
1203,'20260526',635,,463615,14,,,0,68,,463633,14,,,0,32,,463616,14,,,0,71,,463617,14,,,0,30,,463634,14,,,0,70,,463618,14,,,0,99,,463619,14,,,0,97,,463620,14,,,0,101,,463621,14,,,0,100,,463622,14,,,0,100,,463623,14,,,0,99,,463624,14,,,0,98,,463625,14,,,0,109,,463626,14,,,0,97,,463627,14,,,0,98,,463628,14,,,0,99,,463629,14,,,0,99,,463630,14,,,0,100,,463631,14,,,0,100,,463632,14,,,0
1203,'20260527',635,,493205,14,,,0,68,,493223,14,,,0,32,,493206,14,,,0,71,,493207,14,,,0,30,,493224,14,,,0,70,,493208,14,,,0,99,,493209,14,,,0,97,,493210,14,,,0,101,,493211,14,,,0,100,,493212,14,,,0,100,,493213,14,,,0,99,,493214,14,,,0,98,,493215,14,,,0,109,,493216,14,,,0,97,,493217,14,,,0,98,,493218,14,,,0,99,,493219,14,,,0,99,,493220,14,,,0,100,,493221,14,,,0,100,,493222,14,,,0
1203,'20260528',635,,493225,14,,,0,68,,493243,14,,,0,32,,493226,14,,,0,71,,493227,14,,,0,30,,493244,14,,,0,70,,493228,14,,,0,99,,493229,14,,,0,97,,493230,14,,,0,101,,493231,14,,,0,100,,493232,14,,,0,100,,493233,14,,,0,99,,493234,14,,,0,98,,493235,14,,,0,109,,493236,14,,,0,97,,493237,14,,,0,98,,493238,14,,,0,99,,493239,14,,,0,99,,493240,14,,,0,100,,493241,14,,,0,100,,493242,14,,,0
