101,'20260308',606,,466,20,,,1,100,,467,20,,,1,100,,468,20,,,1,99,,469,20,,,1,100,,470,20,,,1,99,,471,20,,,1,30,,472,20,,,1,70,,473,20,,,1,30,,474,20,,,1,70,,475,20,,,1,29,,476,20,,,1,70,,477,20,,,1,30,,478,20,,,1,70,,479,20,,,1,30,,480,20,,,1,70,,481,20,,,1,30,,482,20,,,1,70,,483,20,,,1,101,,484,20,,,1,101,,485,20,,,1,100,,486,20,,,1,101,,487,20,,,1,100,,488,20,,,1,100,,489,20,,,1,100,,490,20,,,1
101,'20260309',558,,491,20,,,1,60,,492,20,,,1,20,,493,20,,,1,19,,494,20,,,1,54,,495,20,,,1,15,,496,20,,,1,15,,497,20,,,1,16,,498,20,,,1,54,,499,20,,,1,15,,500,20,,,1,15,,501,20,,,1,17,,502,20,,,1,55,,503,20,,,1,29,,504,20,,,1,70,,505,20,,,1,29,,506,20,,,1,70,,507,20,,,1,30,,508,20,,,1,69,,509,20,,,1,30,,510,20,,,1,71,,511,20,,,1,29,,512,20,,,1,70,,513,20,,,1,31,,514,20,,,1,66,,515,20,,,1,18,,516,20,,,1,16,,517,20,,,1,15,,518,20,,,1,54,,519,20,,,1,16,,520,20,,,1,19,,521,20,,,1,62,,522,20,,,1,21,,523,20,,,1,31,,524,20,,,1,72,,525,20,,,1,71,,526,20,,,1,31,,527,20,,,1,70,,528,20,,,1,100,,529,20,,,1,100,,530,20,,,1,101,,531,20,,,1,100,,532,20,,,1
101,'20260310',558,,533,20,,,1,60,,534,20,,,1,20,,535,20,,,1,19,,536,20,,,1,54,,537,20,,,1,15,,538,20,,,1,15,,539,20,,,1,16,,540,20,,,1,54,,541,20,,,1,15,,542,20,,,1,15,,543,20,,,1,17,,544,20,,,1,55,,545,20,,,1,29,,546,20,,,1,70,,547,20,,,1,29,,548,20,,,1,70,,549,20,,,1,30,,550,20,,,1,69,,551,20,,,1,30,,552,20,,,1,71,,553,20,,,1,29,,554,20,,,1,70,,555,20,,,1,31,,556,20,,,1,66,,557,20,,,1,18,,558,20,,,1,16,,559,20,,,1,15,,560,20,,,1,54,,561,20,,,1,16,,562,20,,,1,19,,563,20,,,1,62,,564,20,,,1,21,,565,20,,,1,31,,566,20,,,1,72,,567,20,,,1,71,,568,20,,,1,31,,569,20,,,1,70,,570,20,,,1,100,,571,20,,,1,100,,572,20,,,1,101,,573,20,,,1,100,,574,20,,,1
101,'20260311',558,,575,20,,,1,60,,576,20,,,1,20,,577,20,,,1,19,,578,20,,,1,54,,579,20,,,1,15,,580,20,,,1,15,,581,20,,,1,16,,582,20,,,1,54,,583,20,,,1,15,,584,20,,,1,15,,585,20,,,1,17,,586,20,,,1,55,,587,20,,,1,29,,588,20,,,1,70,,589,20,,,1,29,,590,20,,,1,70,,591,20,,,1,30,,592,20,,,1,69,,593,20,,,1,30,,594,20,,,1,71,,595,20,,,1,29,,596,20,,,1,70,,597,20,,,1,31,,598,20,,,1,66,,599,20,,,1,18,,600,20,,,1,16,,601,20,,,1,15,,602,20,,,1,54,,603,20,,,1,16,,604,20,,,1,19,,605,20,,,1,62,,606,20,,,1,21,,607,20,,,1,31,,608,20,,,1,72,,609,20,,,1,71,,610,20,,,1,31,,611,20,,,1,70,,612,20,,,1,100,,613,20,,,1,100,,614,20,,,1,101,,615,20,,,1,100,,616,20,,,1
101,'20260312',558,,617,20,,,1,60,,618,20,,,1,20,,619,20,,,1,19,,620,20,,,1,54,,621,20,,,1,15,,622,20,,,1,15,,623,20,,,1,16,,624,20,,,1,54,,625,20,,,1,15,,626,20,,,1,15,,627,20,,,1,17,,628,20,,,1,55,,629,20,,,1,29,,630,20,,,1,70,,631,20,,,1,29,,632,20,,,1,70,,633,20,,,1,30,,634,20,,,1,69,,635,20,,,1,30,,636,20,,,1,71,,637,20,,,1,29,,638,20,,,1,70,,639,20,,,1,31,,640,20,,,1,66,,641,20,,,1,18,,642,20,,,1,16,,643,20,,,1,15,,644,20,,,1,54,,645,20,,,1,16,,646,20,,,1,19,,647,20,,,1,62,,648,20,,,1,21,,649,20,,,1,31,,650,20,,,1,72,,651,20,,,1,71,,652,20,,,1,31,,653,20,,,1,70,,654,20,,,1,100,,655,20,,,1,100,,656,20,,,1,101,,657,20,,,1,100,,658,20,,,1
101,'20260313',558,,659,20,,,1,60,,660,20,,,1,20,,661,20,,,1,19,,662,20,,,1,54,,663,20,,,1,15,,664,20,,,1,15,,665,20,,,1,16,,666,20,,,1,54,,667,20,,,1,15,,668,20,,,1,15,,669,20,,,1,17,,670,20,,,1,55,,671,20,,,1,29,,672,20,,,1,70,,673,20,,,1,29,,674,20,,,1,70,,675,20,,,1,30,,676,20,,,1,69,,677,20,,,1,30,,678,20,,,1,71,,679,20,,,1,29,,680,20,,,1,70,,681,20,,,1,31,,682,20,,,1,66,,683,20,,,1,18,,684,20,,,1,16,,685,20,,,1,15,,686,20,,,1,54,,687,20,,,1,16,,688,20,,,1,19,,689,20,,,1,62,,690,20,,,1,21,,691,20,,,1,31,,692,20,,,1,72,,693,20,,,1,71,,694,20,,,1,31,,695,20,,,1,70,,696,20,,,1,100,,697,20,,,1,100,,698,20,,,1,101,,699,20,,,1,100,,700,20,,,1
101,'20260314',606,,724,20,,,1,100,,701,20,,,1,100,,702,20,,,1,99,,703,20,,,1,100,,704,20,,,1,99,,705,20,,,1,30,,723,20,,,1,70,,706,20,,,1,30,,707,20,,,1,70,,708,20,,,1,29,,709,20,,,1,70,,710,20,,,1,30,,711,20,,,1,70,,712,20,,,1,30,,713,20,,,1,70,,714,20,,,1,30,,715,20,,,1,70,,716,20,,,1,101,,717,20,,,1,101,,718,20,,,1,100,,719,20,,,1,101,,720,20,,,1,100,,721,20,,,1,100,,722,20,,,1,100,,725,20,,,1
101,'20260315',606,,749,20,,,1,100,,726,20,,,1,100,,727,20,,,1,99,,728,20,,,1,100,,729,20,,,1,99,,730,20,,,1,30,,748,20,,,1,70,,731,20,,,1,30,,732,20,,,1,70,,733,20,,,1,29,,734,20,,,1,70,,735,20,,,1,30,,736,20,,,1,70,,737,20,,,1,30,,738,20,,,1,70,,739,20,,,1,30,,740,20,,,1,70,,741,20,,,1,101,,742,20,,,1,101,,743,20,,,1,100,,744,20,,,1,101,,745,20,,,1,100,,746,20,,,1,100,,747,20,,,1,100,,750,20,,,1
101,'20260316',558,,751,20,,,1,60,,752,20,,,1,20,,789,20,,,1,19,,753,20,,,1,54,,790,20,,,1,15,,754,20,,,1,15,,791,20,,,1,16,,755,20,,,1,54,,781,20,,,1,15,,756,20,,,1,15,,787,20,,,1,17,,757,20,,,1,55,,758,20,,,1,29,,759,20,,,1,70,,760,20,,,1,29,,761,20,,,1,70,,762,20,,,1,30,,763,20,,,1,69,,764,20,,,1,30,,765,20,,,1,71,,766,20,,,1,29,,767,20,,,1,70,,768,20,,,1,31,,769,20,,,1,66,,770,20,,,1,18,,771,20,,,1,16,,772,20,,,1,15,,792,20,,,1,54,,788,20,,,1,16,,773,20,,,1,19,,774,20,,,1,62,,786,20,,,1,21,,775,20,,,1,31,,776,20,,,1,72,,777,20,,,1,71,,778,20,,,1,31,,779,20,,,1,70,,780,20,,,1,100,,785,20,,,1,100,,782,20,,,1,101,,783,20,,,1,100,,784,20,,,1
101,'20260317',558,,793,20,,,1,60,,794,20,,,1,20,,831,20,,,1,19,,795,20,,,1,54,,832,20,,,1,15,,796,20,,,1,15,,833,20,,,1,16,,797,20,,,1,54,,823,20,,,1,15,,798,20,,,1,15,,829,20,,,1,17,,799,20,,,1,55,,800,20,,,1,29,,801,20,,,1,70,,802,20,,,1,29,,803,20,,,1,70,,804,20,,,1,30,,805,20,,,1,69,,806,20,,,1,30,,807,20,,,1,71,,808,20,,,1,29,,809,20,,,1,70,,810,20,,,1,31,,811,20,,,1,66,,812,20,,,1,18,,813,20,,,1,16,,814,20,,,1,15,,834,20,,,1,54,,830,20,,,1,16,,815,20,,,1,19,,816,20,,,1,62,,828,20,,,1,21,,817,20,,,1,31,,818,20,,,1,72,,819,20,,,1,71,,820,20,,,1,31,,821,20,,,1,70,,822,20,,,1,100,,827,20,,,1,100,,824,20,,,1,101,,825,20,,,1,100,,826,20,,,1
101,'20260318',558,,835,20,,,1,60,,836,20,,,1,20,,873,20,,,1,19,,837,20,,,1,54,,874,20,,,1,15,,838,20,,,1,15,,875,20,,,1,16,,839,20,,,1,54,,865,20,,,1,15,,840,20,,,1,15,,871,20,,,1,17,,841,20,,,1,55,,842,20,,,1,29,,843,20,,,1,70,,844,20,,,1,29,,845,20,,,1,70,,846,20,,,1,30,,847,20,,,1,69,,848,20,,,1,30,,849,20,,,1,71,,850,20,,,1,29,,851,20,,,1,70,,852,20,,,1,31,,853,20,,,1,66,,854,20,,,1,18,,855,20,,,1,16,,856,20,,,1,15,,876,20,,,1,54,,872,20,,,1,16,,857,20,,,1,19,,858,20,,,1,62,,870,20,,,1,21,,859,20,,,1,31,,860,20,,,1,72,,861,20,,,1,71,,862,20,,,1,31,,863,20,,,1,70,,864,20,,,1,100,,869,20,,,1,100,,866,20,,,1,101,,867,20,,,1,100,,868,20,,,1
101,'20260319',558,,877,20,,,1,60,,878,20,,,1,20,,915,20,,,1,19,,879,20,,,1,54,,916,20,,,1,15,,880,20,,,1,15,,917,20,,,1,16,,881,20,,,1,54,,907,20,,,1,15,,882,20,,,1,15,,913,20,,,1,17,,883,20,,,1,55,,884,20,,,1,29,,885,20,,,1,70,,886,20,,,1,29,,887,20,,,1,70,,888,20,,,1,30,,889,20,,,1,69,,890,20,,,1,30,,891,20,,,1,71,,892,20,,,1,29,,893,20,,,1,70,,894,20,,,1,31,,895,20,,,1,66,,896,20,,,1,18,,897,20,,,1,16,,898,20,,,1,15,,918,20,,,1,54,,914,20,,,1,16,,899,20,,,1,19,,900,20,,,1,62,,912,20,,,1,21,,901,20,,,1,31,,902,20,,,1,72,,903,20,,,1,71,,904,20,,,1,31,,905,20,,,1,70,,906,20,,,1,100,,911,20,,,1,100,,908,20,,,1,101,,909,20,,,1,100,,910,20,,,1
101,'20260320',558,,919,20,,,1,60,,920,20,,,1,20,,957,20,,,1,19,,921,20,,,1,54,,958,20,,,1,15,,922,20,,,1,15,,959,20,,,1,16,,923,20,,,1,54,,949,20,,,1,15,,924,20,,,1,15,,955,20,,,1,17,,925,20,,,1,55,,926,20,,,1,29,,927,20,,,1,70,,928,20,,,1,29,,929,20,,,1,70,,930,20,,,1,30,,931,20,,,1,69,,932,20,,,1,30,,933,20,,,1,71,,934,20,,,1,29,,935,20,,,1,70,,936,20,,,1,31,,937,20,,,1,66,,938,20,,,1,18,,939,20,,,1,16,,940,20,,,1,15,,960,20,,,1,54,,956,20,,,1,16,,941,20,,,1,19,,942,20,,,1,62,,954,20,,,1,21,,943,20,,,1,31,,944,20,,,1,72,,945,20,,,1,71,,946,20,,,1,31,,947,20,,,1,70,,948,20,,,1,100,,953,20,,,1,100,,950,20,,,1,101,,951,20,,,1,100,,952,20,,,1
1802,'20260308',719,,5473,29,,,0,101,,5474,29,,,0,101,,5475,29,,,0,100,,5476,29,,,0,101,,5477,29,,,0,101,,5478,29,,,0,99,,5479,29,,,0,101,,5480,29,,,0,100,,5481,29,,,0,102,,5482,29,,,0,99,,5483,29,,,0,100,,5484,29,,,0,101,,5485,29,,,0,95,,5486,29,,,0,100,,5487,29,,,0,100,,5488,29,,,0,98,,5489,29,,,0
1802,'20260309',643,,5490,29,,,0,64,,5491,29,,,0,16,,5492,29,,,0,18,,5493,29,,,0,16,,5494,29,,,0,53,,5495,29,,,0,33,,5496,29,,,0,69,,5497,29,,,0,31,,5498,29,,,0,72,,5499,29,,,0,29,,5500,29,,,0,69,,5501,29,,,0,31,,5502,29,,,0,60,,5503,29,,,0,20,,5504,29,,,0,21,,5505,29,,,0,71,,5506,29,,,0,30,,5507,29,,,0,70,,5508,29,,,0,30,,5509,29,,,0,72,,5510,29,,,0,9,,5511,29,,,0,9,,5512,29,,,0,14,,5513,29,,,0,9,,5514,29,,,0,50,,5515,29,,,0,15,,5516,29,,,0,13,,5517,29,,,0,18,,5518,29,,,0,52,,5519,29,,,0,14,,5520,29,,,0,14,,5521,29,,,0,13,,5522,29,,,0,54,,5523,29,,,0,15,,5524,29,,,0,15,,5525,29,,,0,14,,5526,29,,,0,68,,5527,29,,,0,31,,5528,29,,,0,99,,5529,29,,,0,97,,5530,29,,,0,97,,5531,29,,,0,98,,5532,29,,,0,98,,5533,29,,,0
1802,'20260310',643,,5534,29,,,0,64,,5535,29,,,0,16,,5536,29,,,0,18,,5537,29,,,0,16,,5538,29,,,0,53,,5539,29,,,0,33,,5540,29,,,0,69,,5541,29,,,0,31,,5542,29,,,0,72,,5543,29,,,0,29,,5544,29,,,0,69,,5545,29,,,0,31,,5546,29,,,0,60,,5547,29,,,0,20,,5548,29,,,0,21,,5549,29,,,0,71,,5550,29,,,0,30,,5551,29,,,0,70,,5552,29,,,0,30,,5553,29,,,0,72,,5554,29,,,0,9,,5555,29,,,0,9,,5556,29,,,0,14,,5557,29,,,0,9,,5558,29,,,0,50,,5559,29,,,0,15,,5560,29,,,0,13,,5561,29,,,0,18,,5562,29,,,0,52,,5563,29,,,0,14,,5564,29,,,0,14,,5565,29,,,0,13,,5566,29,,,0,54,,5567,29,,,0,15,,5568,29,,,0,15,,5569,29,,,0,14,,5570,29,,,0,68,,5571,29,,,0,31,,5572,29,,,0,99,,5573,29,,,0,97,,5574,29,,,0,97,,5575,29,,,0,98,,5576,29,,,0,98,,5577,29,,,0
1802,'20260311',643,,5578,29,,,0,64,,5579,29,,,0,16,,5580,29,,,0,18,,5581,29,,,0,16,,5582,29,,,0,53,,5583,29,,,0,33,,5584,29,,,0,69,,5585,29,,,0,31,,5586,29,,,0,72,,5587,29,,,0,29,,5588,29,,,0,69,,5589,29,,,0,31,,5590,29,,,0,60,,5591,29,,,0,20,,5592,29,,,0,21,,5593,29,,,0,71,,5594,29,,,0,30,,5595,29,,,0,70,,5596,29,,,0,30,,5597,29,,,0,72,,5598,29,,,0,9,,5599,29,,,0,9,,5600,29,,,0,14,,5601,29,,,0,9,,5602,29,,,0,50,,5603,29,,,0,15,,5604,29,,,0,13,,5605,29,,,0,18,,5606,29,,,0,52,,5607,29,,,0,14,,5608,29,,,0,14,,5609,29,,,0,13,,5610,29,,,0,54,,5611,29,,,0,15,,5612,29,,,0,15,,5613,29,,,0,14,,5614,29,,,0,68,,5615,29,,,0,31,,5616,29,,,0,99,,5617,29,,,0,97,,5618,29,,,0,97,,5619,29,,,0,98,,5620,29,,,0,98,,5621,29,,,0
1802,'20260312',643,,5622,29,,,0,64,,5623,29,,,0,16,,5624,29,,,0,18,,5625,29,,,0,16,,5626,29,,,0,53,,5627,29,,,0,33,,5628,29,,,0,69,,5629,29,,,0,31,,5630,29,,,0,72,,5631,29,,,0,29,,5632,29,,,0,69,,5633,29,,,0,31,,5634,29,,,0,60,,5635,29,,,0,20,,5636,29,,,0,21,,5637,29,,,0,71,,5638,29,,,0,30,,5639,29,,,0,70,,5640,29,,,0,30,,5641,29,,,0,72,,5642,29,,,0,9,,5643,29,,,0,9,,5644,29,,,0,14,,5645,29,,,0,9,,5646,29,,,0,50,,5647,29,,,0,15,,5648,29,,,0,13,,5649,29,,,0,18,,5650,29,,,0,52,,5651,29,,,0,14,,5652,29,,,0,14,,5653,29,,,0,13,,5654,29,,,0,54,,5655,29,,,0,15,,5656,29,,,0,15,,5657,29,,,0,14,,5658,29,,,0,68,,5659,29,,,0,31,,5660,29,,,0,99,,5661,29,,,0,97,,5662,29,,,0,97,,5663,29,,,0,98,,5664,29,,,0,98,,5665,29,,,0
1802,'20260313',643,,5666,29,,,0,64,,5667,29,,,0,16,,5668,29,,,0,18,,5669,29,,,0,16,,5670,29,,,0,53,,5671,29,,,0,33,,5672,29,,,0,69,,5673,29,,,0,31,,5674,29,,,0,72,,5675,29,,,0,29,,5676,29,,,0,69,,5677,29,,,0,31,,5678,29,,,0,60,,5679,29,,,0,20,,5680,29,,,0,21,,5681,29,,,0,71,,5682,29,,,0,30,,5683,29,,,0,70,,5684,29,,,0,30,,5685,29,,,0,72,,5686,29,,,0,9,,5687,29,,,0,9,,5688,29,,,0,14,,5689,29,,,0,9,,5690,29,,,0,50,,5691,29,,,0,15,,5692,29,,,0,13,,5693,29,,,0,18,,5694,29,,,0,52,,5695,29,,,0,14,,5696,29,,,0,14,,5697,29,,,0,13,,5698,29,,,0,54,,5699,29,,,0,15,,5700,29,,,0,15,,5701,29,,,0,14,,5702,29,,,0,68,,5703,29,,,0,31,,5704,29,,,0,99,,5705,29,,,0,97,,5706,29,,,0,97,,5707,29,,,0,98,,5708,29,,,0,98,,5709,29,,,0
1802,'20260314',719,,5725,29,,,0,101,,5711,29,,,0,101,,5712,29,,,0,100,,5713,29,,,0,101,,5714,29,,,0,101,,5715,29,,,0,99,,5716,29,,,0,101,,5717,29,,,0,100,,5718,29,,,0,102,,5719,29,,,0,99,,5720,29,,,0,100,,5721,29,,,0,101,,5722,29,,,0,95,,5723,29,,,0,100,,5724,29,,,0,100,,5710,29,,,0,98,,5726,29,,,0
1802,'20260315',719,,5742,29,,,0,101,,5728,29,,,0,101,,5729,29,,,0,100,,5730,29,,,0,101,,5731,29,,,0,101,,5732,29,,,0,99,,5733,29,,,0,101,,5734,29,,,0,100,,5735,29,,,0,102,,5736,29,,,0,99,,5737,29,,,0,100,,5738,29,,,0,101,,5739,29,,,0,95,,5740,29,,,0,100,,5741,29,,,0,100,,5727,29,,,0,98,,5743,29,,,0
1802,'20260316',643,,5744,29,,,0,64,,5745,29,,,0,16,,5777,29,,,0,18,,5746,29,,,0,16,,5778,29,,,0,53,,5747,29,,,0,33,,5748,29,,,0,69,,5749,29,,,0,31,,5750,29,,,0,72,,5751,29,,,0,29,,5752,29,,,0,69,,5753,29,,,0,31,,5784,29,,,0,60,,5754,29,,,0,20,,5755,29,,,0,21,,5756,29,,,0,71,,5757,29,,,0,30,,5758,29,,,0,70,,5759,29,,,0,30,,5760,29,,,0,72,,5761,29,,,0,9,,5780,29,,,0,9,,5785,29,,,0,14,,5762,29,,,0,9,,5781,29,,,0,50,,5786,29,,,0,15,,5763,29,,,0,13,,5782,29,,,0,18,,5764,29,,,0,52,,5783,29,,,0,14,,5765,29,,,0,14,,5766,29,,,0,13,,5767,29,,,0,54,,5768,29,,,0,15,,5769,29,,,0,15,,5770,29,,,0,14,,5771,29,,,0,68,,5779,29,,,0,31,,5787,29,,,0,99,,5775,29,,,0,97,,5773,29,,,0,97,,5776,29,,,0,98,,5772,29,,,0,98,,5774,29,,,0
1802,'20260317',643,,5788,29,,,0,64,,5789,29,,,0,16,,5821,29,,,0,18,,5790,29,,,0,16,,5822,29,,,0,53,,5791,29,,,0,33,,5792,29,,,0,69,,5793,29,,,0,31,,5794,29,,,0,72,,5795,29,,,0,29,,5796,29,,,0,69,,5797,29,,,0,31,,5828,29,,,0,60,,5798,29,,,0,20,,5799,29,,,0,21,,5800,29,,,0,71,,5801,29,,,0,30,,5802,29,,,0,70,,5803,29,,,0,30,,5804,29,,,0,72,,5805,29,,,0,9,,5824,29,,,0,9,,5829,29,,,0,14,,5806,29,,,0,9,,5825,29,,,0,50,,5830,29,,,0,15,,5807,29,,,0,13,,5826,29,,,0,18,,5808,29,,,0,52,,5827,29,,,0,14,,5809,29,,,0,14,,5810,29,,,0,13,,5811,29,,,0,54,,5812,29,,,0,15,,5813,29,,,0,15,,5814,29,,,0,14,,5815,29,,,0,68,,5823,29,,,0,31,,5831,29,,,0,99,,5819,29,,,0,97,,5817,29,,,0,97,,5820,29,,,0,98,,5816,29,,,0,98,,5818,29,,,0
1802,'20260318',643,,5832,29,,,0,64,,5833,29,,,0,16,,5865,29,,,0,18,,5834,29,,,0,16,,5866,29,,,0,53,,5835,29,,,0,33,,5836,29,,,0,69,,5837,29,,,0,31,,5838,29,,,0,72,,5839,29,,,0,29,,5840,29,,,0,69,,5841,29,,,0,31,,5872,29,,,0,60,,5842,29,,,0,20,,5843,29,,,0,21,,5844,29,,,0,71,,5845,29,,,0,30,,5846,29,,,0,70,,5847,29,,,0,30,,5848,29,,,0,72,,5849,29,,,0,9,,5868,29,,,0,9,,5873,29,,,0,14,,5850,29,,,0,9,,5869,29,,,0,50,,5874,29,,,0,15,,5851,29,,,0,13,,5870,29,,,0,18,,5852,29,,,0,52,,5871,29,,,0,14,,5853,29,,,0,14,,5854,29,,,0,13,,5855,29,,,0,54,,5856,29,,,0,15,,5857,29,,,0,15,,5858,29,,,0,14,,5859,29,,,0,68,,5867,29,,,0,31,,5875,29,,,0,99,,5863,29,,,0,97,,5861,29,,,0,97,,5864,29,,,0,98,,5860,29,,,0,98,,5862,29,,,0
1802,'20260319',643,,5876,29,,,0,64,,5877,29,,,0,16,,5909,29,,,0,18,,5878,29,,,0,16,,5910,29,,,0,53,,5879,29,,,0,33,,5880,29,,,0,69,,5881,29,,,0,31,,5882,29,,,0,72,,5883,29,,,0,29,,5884,29,,,0,69,,5885,29,,,0,31,,5916,29,,,0,60,,5886,29,,,0,20,,5887,29,,,0,21,,5888,29,,,0,71,,5889,29,,,0,30,,5890,29,,,0,70,,5891,29,,,0,30,,5892,29,,,0,72,,5893,29,,,0,9,,5912,29,,,0,9,,5917,29,,,0,14,,5894,29,,,0,9,,5913,29,,,0,50,,5918,29,,,0,15,,5895,29,,,0,13,,5914,29,,,0,18,,5896,29,,,0,52,,5915,29,,,0,14,,5897,29,,,0,14,,5898,29,,,0,13,,5899,29,,,0,54,,5900,29,,,0,15,,5901,29,,,0,15,,5902,29,,,0,14,,5903,29,,,0,68,,5911,29,,,0,31,,5919,29,,,0,99,,5907,29,,,0,97,,5905,29,,,0,97,,5908,29,,,0,98,,5904,29,,,0,98,,5906,29,,,0
1802,'20260320',643,,5920,29,,,0,64,,5921,29,,,0,16,,5953,29,,,0,18,,5922,29,,,0,16,,5954,29,,,0,53,,5923,29,,,0,33,,5924,29,,,0,69,,5925,29,,,0,31,,5926,29,,,0,72,,5927,29,,,0,29,,5928,29,,,0,69,,5929,29,,,0,31,,5960,29,,,0,60,,5930,29,,,0,20,,5931,29,,,0,21,,5932,29,,,0,71,,5933,29,,,0,30,,5934,29,,,0,70,,5935,29,,,0,30,,5936,29,,,0,72,,5937,29,,,0,9,,5956,29,,,0,9,,5961,29,,,0,14,,5938,29,,,0,9,,5957,29,,,0,50,,5962,29,,,0,15,,5939,29,,,0,13,,5958,29,,,0,18,,5940,29,,,0,52,,5959,29,,,0,14,,5941,29,,,0,14,,5942,29,,,0,13,,5943,29,,,0,54,,5944,29,,,0,15,,5945,29,,,0,15,,5946,29,,,0,14,,5947,29,,,0,68,,5955,29,,,0,31,,5963,29,,,0,99,,5951,29,,,0,97,,5949,29,,,0,97,,5952,29,,,0,98,,5948,29,,,0,98,,5950,29,,,0
