902,'20260703',1551,,846079,23,,,0,70,,846080,23,,,0,35,,846081,23,,,0,92,,846082,23,,,0,699,,846083,23,,,0
902,'20260706',1551,,863980,23,,,0,70,,863981,23,,,0,35,,863982,23,,,0,92,,863983,23,,,0,699,,863984,23,,,0
902,'20260707',1551,,863985,23,,,0,70,,863986,23,,,0,35,,863987,23,,,0,92,,863988,23,,,0,699,,863989,23,,,0
902,'20260708',1551,,863990,23,,,0,70,,863991,23,,,0,35,,863992,23,,,0,92,,863993,23,,,0,699,,863994,23,,,0
902,'20260709',1551,,863995,23,,,0,70,,863996,23,,,0,35,,863997,23,,,0,92,,863998,23,,,0,699,,863999,23,,,0
902,'20260710',1551,,816155,23,,,0,70,,816152,23,,,0,35,,816153,23,,,0,92,,816154,23,,,0,699,,816156,23,,,0
902,'20260713',1551,,846087,23,,,0,70,,846084,23,,,0,35,,846085,23,,,0,92,,846086,23,,,0,699,,846088,23,,,0
902,'20260714',1551,,846092,23,,,0,70,,846089,23,,,0,35,,846090,23,,,0,92,,846091,23,,,0,699,,846093,23,,,0
902,'20260715',1551,,864003,23,,,0,70,,864000,23,,,0,35,,864001,23,,,0,92,,864002,23,,,0,699,,864004,23,,,0
902,'20260716',1551,,864008,23,,,0,70,,864005,23,,,0,35,,864006,23,,,0,92,,864007,23,,,0,699,,864009,23,,,0
902,'20260717',1551,,864013,23,,,0,70,,864010,23,,,0,35,,864011,23,,,0,92,,864012,23,,,0,699,,864014,23,,,0
