8601,'20260423',627,,316745,12,,,0,31,,316746,12,,,0,71,,316747,12,,,0,30,,316748,12,,,0,69,,316749,12,,,0,30,,316750,12,,,0,100,,316751,12,,,0,100,,316752,12,,,0,100,,316753,12,,,0,100,,316754,12,,,0,100,,316755,12,,,0,100,,316756,12,,,0,101,,316757,12,,,0,70,,316758,12,,,0,30,,316759,12,,,0,70,,316760,12,,,0,29,,316761,12,,,0,100,,316762,12,,,0,99,,316763,12,,,0,100,,316764,12,,,0,100,,316765,12,,,0,100,,316766,12,,,0
8601,'20260424',627,,316768,12,,,0,31,,316769,12,,,0,71,,316770,12,,,0,30,,316771,12,,,0,69,,316772,12,,,0,30,,316773,12,,,0,100,,316774,12,,,0,100,,316775,12,,,0,100,,316776,12,,,0,100,,316777,12,,,0,100,,316778,12,,,0,100,,316779,12,,,0,101,,316780,12,,,0,70,,316781,12,,,0,30,,316782,12,,,0,70,,316783,12,,,0,29,,316784,12,,,0,100,,316785,12,,,0,99,,316786,12,,,0,100,,316787,12,,,0,100,,316788,12,,,0,100,,316789,12,,,0
8601,'20260425',757,,343075,12,,,0,100,,343076,12,,,0,100,,343077,12,,,0,100,,343078,12,,,0,101,,343079,12,,,0,100,,343080,12,,,0,100,,343081,12,,,0,100,,343082,12,,,0,100,,343083,12,,,0,100,,343084,12,,,0,100,,343085,12,,,0,99,,343086,12,,,0,100,,343087,12,,,0,100,,343088,12,,,0,100,,343089,12,,,0,100,,343090,12,,,0
8601,'20260426',757,,343091,12,,,0,100,,343092,12,,,0,100,,343093,12,,,0,100,,343094,12,,,0,101,,343095,12,,,0,100,,343096,12,,,0,100,,343097,12,,,0,100,,343098,12,,,0,100,,343099,12,,,0,100,,343100,12,,,0,100,,343101,12,,,0,99,,343102,12,,,0,100,,343103,12,,,0,100,,343104,12,,,0,100,,343105,12,,,0,100,,343106,12,,,0
8601,'20260427',627,,343108,12,,,0,31,,343109,12,,,0,71,,343110,12,,,0,30,,343111,12,,,0,69,,343112,12,,,0,30,,343113,12,,,0,100,,343114,12,,,0,100,,343115,12,,,0,100,,343116,12,,,0,100,,343117,12,,,0,100,,343118,12,,,0,100,,343119,12,,,0,101,,343120,12,,,0,70,,343121,12,,,0,30,,343122,12,,,0,70,,343123,12,,,0,29,,343124,12,,,0,100,,343125,12,,,0,99,,343126,12,,,0,100,,343127,12,,,0,100,,343128,12,,,0,100,,343129,12,,,0
8601,'20260428',627,,343131,12,,,0,31,,343132,12,,,0,71,,343133,12,,,0,30,,343134,12,,,0,69,,343135,12,,,0,30,,343136,12,,,0,100,,343137,12,,,0,100,,343138,12,,,0,100,,343139,12,,,0,100,,343140,12,,,0,100,,343141,12,,,0,100,,343142,12,,,0,101,,343143,12,,,0,70,,343144,12,,,0,30,,343145,12,,,0,70,,343146,12,,,0,29,,343147,12,,,0,100,,343148,12,,,0,99,,343149,12,,,0,100,,343150,12,,,0,100,,343151,12,,,0,100,,343152,12,,,0
8601,'20260429',627,,290548,12,,,0,31,,290536,12,,,0,71,,290537,12,,,0,30,,290538,12,,,0,69,,290549,12,,,0,30,,290552,12,,,0,100,,290550,12,,,0,100,,290553,12,,,0,100,,290547,12,,,0,100,,290554,12,,,0,100,,290546,12,,,0,100,,290555,12,,,0,101,,290542,12,,,0,70,,290545,12,,,0,30,,290541,12,,,0,70,,290544,12,,,0,29,,290539,12,,,0,100,,290556,12,,,0,99,,290543,12,,,0,100,,290557,12,,,0,100,,290540,12,,,0,100,,290551,12,,,0
8601,'20260430',627,,290571,12,,,0,31,,290559,12,,,0,71,,290560,12,,,0,30,,290561,12,,,0,69,,290572,12,,,0,30,,290575,12,,,0,100,,290573,12,,,0,100,,290576,12,,,0,100,,290570,12,,,0,100,,290577,12,,,0,100,,290569,12,,,0,100,,290578,12,,,0,101,,290565,12,,,0,70,,290568,12,,,0,30,,290564,12,,,0,70,,290567,12,,,0,29,,290562,12,,,0,100,,290579,12,,,0,99,,290566,12,,,0,100,,290580,12,,,0,100,,290563,12,,,0,100,,290574,12,,,0
8601,'20260501',627,,316802,12,,,0,31,,316790,12,,,0,71,,316791,12,,,0,30,,316792,12,,,0,69,,316803,12,,,0,30,,316806,12,,,0,100,,316804,12,,,0,100,,316807,12,,,0,100,,316801,12,,,0,100,,316808,12,,,0,100,,316800,12,,,0,100,,316809,12,,,0,101,,316796,12,,,0,70,,316799,12,,,0,30,,316795,12,,,0,70,,316798,12,,,0,29,,316793,12,,,0,100,,316810,12,,,0,99,,316797,12,,,0,100,,316811,12,,,0,100,,316794,12,,,0,100,,316805,12,,,0
8601,'20260502',757,,316813,12,,,0,100,,316821,12,,,0,100,,316817,12,,,0,100,,316822,12,,,0,101,,316814,12,,,0,100,,316823,12,,,0,100,,316818,12,,,0,100,,316824,12,,,0,100,,316819,12,,,0,100,,316825,12,,,0,100,,316815,12,,,0,99,,316826,12,,,0,100,,316820,12,,,0,100,,316827,12,,,0,100,,316816,12,,,0,100,,316828,12,,,0
8601,'20260503',757,,316832,12,,,0,100,,316837,12,,,0,100,,316833,12,,,0,100,,316838,12,,,0,101,,316829,12,,,0,100,,316839,12,,,0,100,,316834,12,,,0,100,,316840,12,,,0,100,,316835,12,,,0,100,,316841,12,,,0,100,,316830,12,,,0,99,,316842,12,,,0,100,,316836,12,,,0,100,,316843,12,,,0,100,,316831,12,,,0,100,,316844,12,,,0
8601,'20260504',627,,316857,12,,,0,31,,316845,12,,,0,71,,316846,12,,,0,30,,316847,12,,,0,69,,316858,12,,,0,30,,316861,12,,,0,100,,316859,12,,,0,100,,316862,12,,,0,100,,316856,12,,,0,100,,316863,12,,,0,100,,316855,12,,,0,100,,316864,12,,,0,101,,316851,12,,,0,70,,316854,12,,,0,30,,316850,12,,,0,70,,316853,12,,,0,29,,316848,12,,,0,100,,316865,12,,,0,99,,316852,12,,,0,100,,316866,12,,,0,100,,316849,12,,,0,100,,316860,12,,,0
8601,'20260505',627,,343165,12,,,0,31,,343153,12,,,0,71,,343154,12,,,0,30,,343155,12,,,0,69,,343166,12,,,0,30,,343169,12,,,0,100,,343167,12,,,0,100,,343170,12,,,0,100,,343164,12,,,0,100,,343171,12,,,0,100,,343163,12,,,0,100,,343172,12,,,0,101,,343159,12,,,0,70,,343162,12,,,0,30,,343158,12,,,0,70,,343161,12,,,0,29,,343156,12,,,0,100,,343173,12,,,0,99,,343160,12,,,0,100,,343174,12,,,0,100,,343157,12,,,0,100,,343168,12,,,0
8601,'20260506',627,,343188,12,,,0,31,,343176,12,,,0,71,,343177,12,,,0,30,,343178,12,,,0,69,,343189,12,,,0,30,,343192,12,,,0,100,,343190,12,,,0,100,,343193,12,,,0,100,,343187,12,,,0,100,,343194,12,,,0,100,,343186,12,,,0,100,,343195,12,,,0,101,,343182,12,,,0,70,,343185,12,,,0,30,,343181,12,,,0,70,,343184,12,,,0,29,,343179,12,,,0,100,,343196,12,,,0,99,,343183,12,,,0,100,,343197,12,,,0,100,,343180,12,,,0,100,,343191,12,,,0
8601,'20260507',627,,343211,12,,,0,31,,343199,12,,,0,71,,343200,12,,,0,30,,343201,12,,,0,69,,343212,12,,,0,30,,343215,12,,,0,100,,343213,12,,,0,100,,343216,12,,,0,100,,343210,12,,,0,100,,343217,12,,,0,100,,343209,12,,,0,100,,343218,12,,,0,101,,343205,12,,,0,70,,343208,12,,,0,30,,343204,12,,,0,70,,343207,12,,,0,29,,343202,12,,,0,100,,343219,12,,,0,99,,343206,12,,,0,100,,343220,12,,,0,100,,343203,12,,,0,100,,343214,12,,,0
7008601,'20260423',1614,,330719,9,,,0
7008601,'20260424',1614,,330721,9,,,0
7008601,'20260427',1614,,357004,9,,,0
7008601,'20260428',1614,,357006,9,,,0
7008601,'20260429',1614,,304350,9,,,0
7008601,'20260430',1614,,304351,9,,,0
7008601,'20260504',1614,,330723,9,,,0
7008601,'20260505',1614,,357008,9,,,0
7008601,'20260506',1614,,357009,9,,,0
7008601,'20260507',1614,,357010,9,,,0
