1302,'20260317',653,,52812,40,,,0,66,,52811,40,,,0,34,,52813,40,,,0,77,,52814,40,,,0,27,,52815,40,,,0,100,,52816,40,,,0,99,,52817,40,,,0,100,,52818,40,,,0,100,,52819,40,,,0,99,,52820,40,,,0,98,,52821,40,,,0,65,,52830,2,,,0,18,,52831,2,,,0,8,,52822,40,,,0,73,,52832,2,,,0,83,,52823,40,,,0,27,,52833,2,,,0,30,,52824,40,,,0,71,,52834,2,,,0,30,,52825,40,,,0,144,,52826,40,,,0,100,,52827,40,,,0,99,,52828,40,,,0,99,,52829,40,,,0
1302,'20260318',653,,52836,40,,,0,66,,52835,40,,,0,34,,52837,40,,,0,77,,52838,40,,,0,27,,52839,40,,,0,100,,52840,40,,,0,99,,52841,40,,,0,100,,52842,40,,,0,100,,52843,40,,,0,99,,52844,40,,,0,98,,52845,40,,,0,65,,52854,2,,,0,18,,52855,2,,,0,8,,52846,40,,,0,73,,52856,2,,,0,83,,52847,40,,,0,27,,52857,2,,,0,30,,52848,40,,,0,71,,52858,2,,,0,30,,52849,40,,,0,144,,52850,40,,,0,100,,52851,40,,,0,99,,52852,40,,,0,99,,52853,40,,,0
1302,'20260319',653,,52860,40,,,0,66,,52859,40,,,0,34,,52861,40,,,0,77,,52862,40,,,0,27,,52863,40,,,0,100,,52864,40,,,0,99,,52865,40,,,0,100,,52866,40,,,0,100,,52867,40,,,0,99,,52868,40,,,0,98,,52869,40,,,0,65,,52878,2,,,0,18,,52879,2,,,0,8,,52870,40,,,0,73,,52880,2,,,0,83,,52871,40,,,0,27,,52881,2,,,0,30,,52872,40,,,0,71,,52882,2,,,0,30,,52873,40,,,0,144,,52874,40,,,0,100,,52875,40,,,0,99,,52876,40,,,0,99,,52877,40,,,0
1302,'20260320',653,,52884,40,,,0,66,,52883,40,,,0,34,,52885,40,,,0,77,,52886,40,,,0,27,,52887,40,,,0,100,,52888,40,,,0,99,,52889,40,,,0,100,,52890,40,,,0,100,,52891,40,,,0,99,,52892,40,,,0,98,,52893,40,,,0,65,,52902,2,,,0,18,,52903,2,,,0,8,,52894,40,,,0,73,,52904,2,,,0,83,,52895,40,,,0,27,,52905,2,,,0,30,,52896,40,,,0,71,,52906,2,,,0,30,,52897,40,,,0,144,,52898,40,,,0,100,,52899,40,,,0,99,,52900,40,,,0,99,,52901,40,,,0
1602,'20260317',709,,53442,31,,,0,32,,53443,31,,,0,97,,53444,26,,,0,99,,53445,26,,,0,99,,53446,26,,,0,101,,53447,26,,,0,102,,53448,26,,,0,98,,53449,26,,,0,100,,53450,26,,,0,100,,53451,26,,,0,101,,53452,26,,,0,76,,53453,31,,,0,44,,53454,31,,,0,85,,53455,26,,,0,92,,53456,26,,,0,101,,53457,26,,,0,100,,53458,26,,,0
1602,'20260318',709,,53459,31,,,0,32,,53460,31,,,0,97,,53461,26,,,0,99,,53462,26,,,0,99,,53463,26,,,0,101,,53464,26,,,0,102,,53465,26,,,0,98,,53466,26,,,0,100,,53467,26,,,0,100,,53468,26,,,0,101,,53469,26,,,0,76,,53470,31,,,0,44,,53471,31,,,0,85,,53472,26,,,0,92,,53473,26,,,0,101,,53474,26,,,0,100,,53475,26,,,0
1602,'20260319',709,,53476,31,,,0,32,,53477,31,,,0,97,,53478,26,,,0,99,,53479,26,,,0,99,,53480,26,,,0,101,,53481,26,,,0,102,,53482,26,,,0,98,,53483,26,,,0,100,,53484,26,,,0,100,,53485,26,,,0,101,,53486,26,,,0,76,,53487,31,,,0,44,,53488,31,,,0,85,,53489,26,,,0,92,,53490,26,,,0,101,,53491,26,,,0,100,,53492,26,,,0
1602,'20260320',709,,53493,31,,,0,32,,53494,31,,,0,97,,53495,26,,,0,99,,53496,26,,,0,99,,53497,26,,,0,101,,53498,26,,,0,102,,53499,26,,,0,98,,53500,26,,,0,100,,53501,26,,,0,100,,53502,26,,,0,101,,53503,26,,,0,76,,53504,31,,,0,44,,53505,31,,,0,85,,53506,26,,,0,92,,53507,26,,,0,101,,53508,26,,,0,100,,53509,26,,,0
80400,'20260317',607,,95021,7,,,1,14,,95022,7,,,1,15,,95023,7,,,1,12,,95024,7,,,1,56,,95025,7,,,1,14,,95026,7,,,1,15,,95027,7,,,1,13,,95028,7,,,1,56,,95029,7,,,1,15,,95030,7,,,1,18,,95031,7,,,1,14,,95032,7,,,1,56,,95033,7,,,1,15,,95034,7,,,1,15,,95035,7,,,1,15,,95036,7,,,1,55,,95037,7,,,1,15,,95038,7,,,1,15,,95039,7,,,1,15,,95040,7,,,1,54,,95041,7,,,1,14,,95042,7,,,1,15,,95043,7,,,1,15,,95044,7,,,1,55,,95045,7,,,1,15,,95046,7,,,1,16,,95047,7,,,1,15,,95048,7,,,1,54,,95049,7,,,1,16,,95050,7,,,1,14,,95051,7,,,1,15,,95052,7,,,1,55,,95053,7,,,1,15,,95054,7,,,1,15,,95055,7,,,1,14,,95056,7,,,1,55,,95057,7,,,1,14,,95058,7,,,1,16,,95059,7,,,1,11,,95060,7,,,1,11,,95061,7,,,1,51,,95062,7,,,1,14,,95063,7,,,1,10,,95064,7,,,1,13,,95065,7,,,1,12,,95066,7,,,1,53,,95067,7,,,1,10,,95068,7,,,1,15,,95069,7,,,1,15,,95070,7,,,1,54,,95071,7,,,1,16,,95072,7,,,1,16,,95073,7,,,1,20,,95074,7,,,1,58,,95075,7,,,1,18,,95076,7,,,1,18,,95077,7,,,1,59,,95078,7,,,1,17,,95079,7,,,1,19,,95080,7,,,1,58,,95081,7,,,1,18,,95082,7,,,1,18,,95083,7,,,1,18,,95084,7,,,1,59,,95085,7,,,1,18,,95086,7,,,1,19,,95087,7,,,1,58,,95088,7,,,1,18,,95089,7,,,1,19,,95090,7,,,1,58,,95091,7,,,1,18,,95092,7,,,1
80400,'20260318',607,,95093,7,,,1,14,,95094,7,,,1,15,,95095,7,,,1,12,,95096,7,,,1,56,,95097,7,,,1,14,,95098,7,,,1,15,,95099,7,,,1,13,,95100,7,,,1,56,,95101,7,,,1,15,,95102,7,,,1,18,,95103,7,,,1,14,,95104,7,,,1,56,,95105,7,,,1,15,,95106,7,,,1,15,,95107,7,,,1,15,,95108,7,,,1,55,,95109,7,,,1,15,,95110,7,,,1,15,,95111,7,,,1,15,,95112,7,,,1,54,,95113,7,,,1,14,,95114,7,,,1,15,,95115,7,,,1,15,,95116,7,,,1,55,,95117,7,,,1,15,,95118,7,,,1,16,,95119,7,,,1,15,,95120,7,,,1,54,,95121,7,,,1,16,,95122,7,,,1,14,,95123,7,,,1,15,,95124,7,,,1,55,,95125,7,,,1,15,,95126,7,,,1,15,,95127,7,,,1,14,,95128,7,,,1,55,,95129,7,,,1,14,,95130,7,,,1,16,,95131,7,,,1,11,,95132,7,,,1,11,,95133,7,,,1,51,,95134,7,,,1,14,,95135,7,,,1,10,,95136,7,,,1,13,,95137,7,,,1,12,,95138,7,,,1,53,,95139,7,,,1,10,,95140,7,,,1,15,,95141,7,,,1,15,,95142,7,,,1,54,,95143,7,,,1,16,,95144,7,,,1,16,,95145,7,,,1,20,,95146,7,,,1,58,,95147,7,,,1,18,,95148,7,,,1,18,,95149,7,,,1,59,,95150,7,,,1,17,,95151,7,,,1,19,,95152,7,,,1,58,,95153,7,,,1,18,,95154,7,,,1,18,,95155,7,,,1,18,,95156,7,,,1,59,,95157,7,,,1,18,,95158,7,,,1,19,,95159,7,,,1,58,,95160,7,,,1,18,,95161,7,,,1,19,,95162,7,,,1,58,,95163,7,,,1,18,,95164,7,,,1
80400,'20260319',607,,95165,7,,,1,14,,95166,7,,,1,15,,95167,7,,,1,12,,95168,7,,,1,56,,95169,7,,,1,14,,95170,7,,,1,15,,95171,7,,,1,13,,95172,7,,,1,56,,95173,7,,,1,15,,95174,7,,,1,18,,95175,7,,,1,14,,95176,7,,,1,56,,95177,7,,,1,15,,95178,7,,,1,15,,95179,7,,,1,15,,95180,7,,,1,55,,95181,7,,,1,15,,95182,7,,,1,15,,95183,7,,,1,15,,95184,7,,,1,54,,95185,7,,,1,14,,95186,7,,,1,15,,95187,7,,,1,15,,95188,7,,,1,55,,95189,7,,,1,15,,95190,7,,,1,16,,95191,7,,,1,15,,95192,7,,,1,54,,95193,7,,,1,16,,95194,7,,,1,14,,95195,7,,,1,15,,95196,7,,,1,55,,95197,7,,,1,15,,95198,7,,,1,15,,95199,7,,,1,14,,95200,7,,,1,55,,95201,7,,,1,14,,95202,7,,,1,16,,95203,7,,,1,11,,95204,7,,,1,11,,95205,7,,,1,51,,95206,7,,,1,14,,95207,7,,,1,10,,95208,7,,,1,13,,95209,7,,,1,12,,95210,7,,,1,53,,95211,7,,,1,10,,95212,7,,,1,15,,95213,7,,,1,15,,95214,7,,,1,54,,95215,7,,,1,16,,95216,7,,,1,16,,95217,7,,,1,20,,95218,7,,,1,58,,95219,7,,,1,18,,95220,7,,,1,18,,95221,7,,,1,59,,95222,7,,,1,17,,95223,7,,,1,19,,95224,7,,,1,58,,95225,7,,,1,18,,95226,7,,,1,18,,95227,7,,,1,18,,95228,7,,,1,59,,95229,7,,,1,18,,95230,7,,,1,19,,95231,7,,,1,58,,95232,7,,,1,18,,95233,7,,,1,19,,95234,7,,,1,58,,95235,7,,,1,18,,95236,7,,,1
80400,'20260320',607,,95237,7,,,1,14,,95238,7,,,1,15,,95239,7,,,1,12,,95240,7,,,1,56,,95241,7,,,1,14,,95242,7,,,1,15,,95243,7,,,1,13,,95244,7,,,1,56,,95245,7,,,1,15,,95246,7,,,1,18,,95247,7,,,1,14,,95248,7,,,1,56,,95249,7,,,1,15,,95250,7,,,1,15,,95251,7,,,1,15,,95252,7,,,1,55,,95253,7,,,1,15,,95254,7,,,1,15,,95255,7,,,1,15,,95256,7,,,1,54,,95257,7,,,1,14,,95258,7,,,1,15,,95259,7,,,1,15,,95260,7,,,1,55,,95261,7,,,1,15,,95262,7,,,1,16,,95263,7,,,1,15,,95264,7,,,1,54,,95265,7,,,1,16,,95266,7,,,1,14,,95267,7,,,1,15,,95268,7,,,1,55,,95269,7,,,1,15,,95270,7,,,1,15,,95271,7,,,1,14,,95272,7,,,1,55,,95273,7,,,1,14,,95274,7,,,1,16,,95275,7,,,1,11,,95276,7,,,1,11,,95277,7,,,1,51,,95278,7,,,1,14,,95279,7,,,1,10,,95280,7,,,1,13,,95281,7,,,1,12,,95282,7,,,1,53,,95283,7,,,1,10,,95284,7,,,1,15,,95285,7,,,1,15,,95286,7,,,1,54,,95287,7,,,1,16,,95288,7,,,1,16,,95289,7,,,1,20,,95290,7,,,1,58,,95291,7,,,1,18,,95292,7,,,1,18,,95293,7,,,1,59,,95294,7,,,1,17,,95295,7,,,1,19,,95296,7,,,1,58,,95297,7,,,1,18,,95298,7,,,1,18,,95299,7,,,1,18,,95300,7,,,1,59,,95301,7,,,1,18,,95302,7,,,1,19,,95303,7,,,1,58,,95304,7,,,1,18,,95305,7,,,1,19,,95306,7,,,1,58,,95307,7,,,1,18,,95308,7,,,1
80400,'20260321',650,,95356,6,,,1,59,,95309,6,,,1,19,,95310,6,,,1,18,,95311,6,,,1,58,,95357,6,,,1,18,,95361,6,,,1,19,,95312,6,,,1,17,,95313,6,,,1,57,,95352,6,,,1,18,,95362,6,,,1,17,,95358,6,,,1,58,,95353,6,,,1,18,,95360,6,,,1,19,,95314,6,,,1,57,,95354,6,,,1,17,,95315,6,,,1,19,,95355,6,,,1,15,,95316,6,,,1,55,,95363,6,,,1,15,,95317,6,,,1,15,,95318,6,,,1,15,,95319,6,,,1,55,,95320,6,,,1,15,,95321,6,,,1,15,,95322,6,,,1,15,,95323,6,,,1,55,,95324,6,,,1,15,,95325,6,,,1,15,,95326,6,,,1,15,,95327,6,,,1,55,,95328,6,,,1,15,,95329,6,,,1,15,,95330,6,,,1,15,,95331,6,,,1,55,,95332,6,,,1,15,,95333,6,,,1,15,,95334,6,,,1,14,,95335,6,,,1,56,,95336,6,,,1,15,,95337,6,,,1,14,,95338,6,,,1,15,,95339,6,,,1,59,,95340,6,,,1,19,,95364,6,,,1,20,,95359,6,,,1,58,,95365,6,,,1,18,,95341,6,,,1,19,,95366,6,,,1,59,,95342,6,,,1,18,,95343,6,,,1,18,,95367,6,,,1,18,,95344,6,,,1,58,,95368,6,,,1,18,,95345,6,,,1,18,,95346,6,,,1,59,,95369,6,,,1,18,,95347,6,,,1,18,,95370,6,,,1,58,,95348,6,,,1,18,,95349,6,,,1,17,,95371,6,,,1,19,,95350,6,,,1,58,,95351,6,,,1
80400,'20260322',650,,95420,6,,,1,59,,95372,6,,,1,19,,95424,6,,,1,18,,95373,6,,,1,58,,95374,6,,,1,18,,95422,6,,,1,19,,95375,6,,,1,17,,95376,6,,,1,57,,95377,6,,,1,18,,95418,6,,,1,17,,95425,6,,,1,58,,95421,6,,,1,18,,95378,6,,,1,19,,95426,6,,,1,57,,95379,6,,,1,17,,95380,6,,,1,19,,95381,6,,,1,15,,95419,6,,,1,55,,95382,6,,,1,15,,95383,6,,,1,15,,95384,6,,,1,15,,95385,6,,,1,55,,95386,6,,,1,15,,95387,6,,,1,15,,95388,6,,,1,15,,95389,6,,,1,55,,95390,6,,,1,15,,95391,6,,,1,15,,95392,6,,,1,15,,95393,6,,,1,55,,95394,6,,,1,15,,95395,6,,,1,15,,95396,6,,,1,15,,95397,6,,,1,55,,95398,6,,,1,15,,95399,6,,,1,15,,95400,6,,,1,14,,95401,6,,,1,56,,95402,6,,,1,15,,95403,6,,,1,14,,95404,6,,,1,15,,95405,6,,,1,59,,95427,6,,,1,19,,95406,6,,,1,20,,95423,6,,,1,58,,95428,6,,,1,18,,95407,6,,,1,19,,95429,6,,,1,59,,95408,6,,,1,18,,95409,6,,,1,18,,95430,6,,,1,18,,95410,6,,,1,58,,95431,6,,,1,18,,95411,6,,,1,18,,95412,6,,,1,59,,95432,6,,,1,18,,95413,6,,,1,18,,95433,6,,,1,58,,95414,6,,,1,18,,95415,6,,,1,17,,95434,6,,,1,19,,95416,6,,,1,58,,95417,6,,,1
80400,'20260323',608,,95502,6,,,1,14,,95435,6,,,1,16,,95436,6,,,1,14,,95498,6,,,1,56,,95447,6,,,1,15,,95449,6,,,1,14,,95450,6,,,1,14,,95503,6,,,1,54,,95451,6,,,1,14,,95452,6,,,1,14,,95453,6,,,1,16,,95454,6,,,1,57,,95455,6,,,1,15,,95491,6,,,1,15,,95495,6,,,1,15,,95456,6,,,1,55,,95457,6,,,1,15,,95458,6,,,1,15,,95492,6,,,1,15,,95459,6,,,1,56,,95460,6,,,1,14,,95496,6,,,1,15,,95461,6,,,1,15,,95462,6,,,1,55,,95463,6,,,1,15,,95464,6,,,1,15,,95465,6,,,1,15,,95493,6,,,1,56,,95466,6,,,1,14,,95467,6,,,1,15,,95468,6,,,1,15,,95469,6,,,1,55,,95500,6,,,1,15,,95470,6,,,1,14,,95471,6,,,1,14,,95472,6,,,1,55,,95473,6,,,1,14,,95474,6,,,1,13,,95475,6,,,1,11,,95476,6,,,1,12,,95477,6,,,1,52,,95478,6,,,1,12,,95479,6,,,1,11,,95480,6,,,1,11,,95497,6,,,1,11,,95481,6,,,1,53,,95482,6,,,1,13,,95483,6,,,1,12,,95484,6,,,1,15,,95485,6,,,1,15,,95448,6,,,1,54,,95446,6,,,1,19,,95445,6,,,1,19,,95486,6,,,1,58,,95487,6,,,1,19,,95488,6,,,1,18,,95490,6,,,1,58,,95437,6,,,1,19,,95494,6,,,1,19,,95438,6,,,1,58,,95499,6,,,1,18,,95439,6,,,1,18,,95501,6,,,1,18,,95440,6,,,1,58,,95441,6,,,1,19,,95504,6,,,1,18,,95442,6,,,1,58,,95505,6,,,1,18,,95443,6,,,1,19,,95444,6,,,1,58,,95506,6,,,1,18,,95489,6,,,1
80400,'20260324',608,,95574,6,,,1,14,,95507,6,,,1,16,,95508,6,,,1,14,,95570,6,,,1,56,,95519,6,,,1,15,,95521,6,,,1,14,,95522,6,,,1,14,,95575,6,,,1,54,,95523,6,,,1,14,,95524,6,,,1,14,,95525,6,,,1,16,,95526,6,,,1,57,,95527,6,,,1,15,,95563,6,,,1,15,,95567,6,,,1,15,,95528,6,,,1,55,,95529,6,,,1,15,,95530,6,,,1,15,,95564,6,,,1,15,,95531,6,,,1,56,,95532,6,,,1,14,,95568,6,,,1,15,,95533,6,,,1,15,,95534,6,,,1,55,,95535,6,,,1,15,,95536,6,,,1,15,,95537,6,,,1,15,,95565,6,,,1,56,,95538,6,,,1,14,,95539,6,,,1,15,,95540,6,,,1,15,,95541,6,,,1,55,,95572,6,,,1,15,,95542,6,,,1,14,,95543,6,,,1,14,,95544,6,,,1,55,,95545,6,,,1,14,,95546,6,,,1,13,,95547,6,,,1,11,,95548,6,,,1,12,,95549,6,,,1,52,,95550,6,,,1,12,,95551,6,,,1,11,,95552,6,,,1,11,,95569,6,,,1,11,,95553,6,,,1,53,,95554,6,,,1,13,,95555,6,,,1,12,,95556,6,,,1,15,,95557,6,,,1,15,,95520,6,,,1,54,,95518,6,,,1,19,,95517,6,,,1,19,,95558,6,,,1,58,,95559,6,,,1,19,,95560,6,,,1,18,,95562,6,,,1,58,,95509,6,,,1,19,,95566,6,,,1,19,,95510,6,,,1,58,,95571,6,,,1,18,,95511,6,,,1,18,,95573,6,,,1,18,,95512,6,,,1,58,,95513,6,,,1,19,,95576,6,,,1,18,,95514,6,,,1,58,,95577,6,,,1,18,,95515,6,,,1,19,,95516,6,,,1,58,,95578,6,,,1,18,,95561,6,,,1
80400,'20260325',608,,95646,6,,,1,14,,95579,6,,,1,16,,95580,6,,,1,14,,95642,6,,,1,56,,95591,6,,,1,15,,95593,6,,,1,14,,95594,6,,,1,14,,95647,6,,,1,54,,95595,6,,,1,14,,95596,6,,,1,14,,95597,6,,,1,16,,95598,6,,,1,57,,95599,6,,,1,15,,95635,6,,,1,15,,95639,6,,,1,15,,95600,6,,,1,55,,95601,6,,,1,15,,95602,6,,,1,15,,95636,6,,,1,15,,95603,6,,,1,56,,95604,6,,,1,14,,95640,6,,,1,15,,95605,6,,,1,15,,95606,6,,,1,55,,95607,6,,,1,15,,95608,6,,,1,15,,95609,6,,,1,15,,95637,6,,,1,56,,95610,6,,,1,14,,95611,6,,,1,15,,95612,6,,,1,15,,95613,6,,,1,55,,95644,6,,,1,15,,95614,6,,,1,14,,95615,6,,,1,14,,95616,6,,,1,55,,95617,6,,,1,14,,95618,6,,,1,13,,95619,6,,,1,11,,95620,6,,,1,12,,95621,6,,,1,52,,95622,6,,,1,12,,95623,6,,,1,11,,95624,6,,,1,11,,95641,6,,,1,11,,95625,6,,,1,53,,95626,6,,,1,13,,95627,6,,,1,12,,95628,6,,,1,15,,95629,6,,,1,15,,95592,6,,,1,54,,95590,6,,,1,19,,95589,6,,,1,19,,95630,6,,,1,58,,95631,6,,,1,19,,95632,6,,,1,18,,95634,6,,,1,58,,95581,6,,,1,19,,95638,6,,,1,19,,95582,6,,,1,58,,95643,6,,,1,18,,95583,6,,,1,18,,95645,6,,,1,18,,95584,6,,,1,58,,95585,6,,,1,19,,95648,6,,,1,18,,95586,6,,,1,58,,95649,6,,,1,18,,95587,6,,,1,19,,95588,6,,,1,58,,95650,6,,,1,18,,95633,6,,,1
80400,'20260326',608,,95718,6,,,1,14,,95651,6,,,1,16,,95652,6,,,1,14,,95714,6,,,1,56,,95663,6,,,1,15,,95665,6,,,1,14,,95666,6,,,1,14,,95719,6,,,1,54,,95667,6,,,1,14,,95668,6,,,1,14,,95669,6,,,1,16,,95670,6,,,1,57,,95671,6,,,1,15,,95707,6,,,1,15,,95711,6,,,1,15,,95672,6,,,1,55,,95673,6,,,1,15,,95674,6,,,1,15,,95708,6,,,1,15,,95675,6,,,1,56,,95676,6,,,1,14,,95712,6,,,1,15,,95677,6,,,1,15,,95678,6,,,1,55,,95679,6,,,1,15,,95680,6,,,1,15,,95681,6,,,1,15,,95709,6,,,1,56,,95682,6,,,1,14,,95683,6,,,1,15,,95684,6,,,1,15,,95685,6,,,1,55,,95716,6,,,1,15,,95686,6,,,1,14,,95687,6,,,1,14,,95688,6,,,1,55,,95689,6,,,1,14,,95690,6,,,1,13,,95691,6,,,1,11,,95692,6,,,1,12,,95693,6,,,1,52,,95694,6,,,1,12,,95695,6,,,1,11,,95696,6,,,1,11,,95713,6,,,1,11,,95697,6,,,1,53,,95698,6,,,1,13,,95699,6,,,1,12,,95700,6,,,1,15,,95701,6,,,1,15,,95664,6,,,1,54,,95662,6,,,1,19,,95661,6,,,1,19,,95702,6,,,1,58,,95703,6,,,1,19,,95704,6,,,1,18,,95706,6,,,1,58,,95653,6,,,1,19,,95710,6,,,1,19,,95654,6,,,1,58,,95715,6,,,1,18,,95655,6,,,1,18,,95717,6,,,1,18,,95656,6,,,1,58,,95657,6,,,1,19,,95720,6,,,1,18,,95658,6,,,1,58,,95721,6,,,1,18,,95659,6,,,1,19,,95660,6,,,1,58,,95722,6,,,1,18,,95705,6,,,1
80400,'20260327',608,,95790,6,,,1,14,,95723,6,,,1,16,,95724,6,,,1,14,,95786,6,,,1,56,,95735,6,,,1,15,,95737,6,,,1,14,,95738,6,,,1,14,,95791,6,,,1,54,,95739,6,,,1,14,,95740,6,,,1,14,,95741,6,,,1,16,,95742,6,,,1,57,,95743,6,,,1,15,,95779,6,,,1,15,,95783,6,,,1,15,,95744,6,,,1,55,,95745,6,,,1,15,,95746,6,,,1,15,,95780,6,,,1,15,,95747,6,,,1,56,,95748,6,,,1,14,,95784,6,,,1,15,,95749,6,,,1,15,,95750,6,,,1,55,,95751,6,,,1,15,,95752,6,,,1,15,,95753,6,,,1,15,,95781,6,,,1,56,,95754,6,,,1,14,,95755,6,,,1,15,,95756,6,,,1,15,,95757,6,,,1,55,,95788,6,,,1,15,,95758,6,,,1,14,,95759,6,,,1,14,,95760,6,,,1,55,,95761,6,,,1,14,,95762,6,,,1,13,,95763,6,,,1,11,,95764,6,,,1,12,,95765,6,,,1,52,,95766,6,,,1,12,,95767,6,,,1,11,,95768,6,,,1,11,,95785,6,,,1,11,,95769,6,,,1,53,,95770,6,,,1,13,,95771,6,,,1,12,,95772,6,,,1,15,,95773,6,,,1,15,,95736,6,,,1,54,,95734,6,,,1,19,,95733,6,,,1,19,,95774,6,,,1,58,,95775,6,,,1,19,,95776,6,,,1,18,,95778,6,,,1,58,,95725,6,,,1,19,,95782,6,,,1,19,,95726,6,,,1,58,,95787,6,,,1,18,,95727,6,,,1,18,,95789,6,,,1,18,,95728,6,,,1,58,,95729,6,,,1,19,,95792,6,,,1,18,,95730,6,,,1,58,,95793,6,,,1,18,,95731,6,,,1,19,,95732,6,,,1,58,,95794,6,,,1,18,,95777,6,,,1
80400,'20260328',650,,95842,6,,,1,59,,95795,6,,,1,19,,95796,6,,,1,18,,95797,6,,,1,58,,95843,6,,,1,18,,95847,6,,,1,19,,95798,6,,,1,17,,95799,6,,,1,57,,95838,6,,,1,18,,95848,6,,,1,17,,95844,6,,,1,58,,95839,6,,,1,18,,95846,6,,,1,19,,95800,6,,,1,57,,95840,6,,,1,17,,95801,6,,,1,19,,95841,6,,,1,15,,95802,6,,,1,55,,95849,6,,,1,15,,95803,6,,,1,15,,95804,6,,,1,15,,95805,6,,,1,55,,95806,6,,,1,15,,95807,6,,,1,15,,95808,6,,,1,15,,95809,6,,,1,55,,95810,6,,,1,15,,95811,6,,,1,15,,95812,6,,,1,15,,95813,6,,,1,55,,95814,6,,,1,15,,95815,6,,,1,15,,95816,6,,,1,15,,95817,6,,,1,55,,95818,6,,,1,15,,95819,6,,,1,15,,95820,6,,,1,14,,95821,6,,,1,56,,95822,6,,,1,15,,95823,6,,,1,14,,95824,6,,,1,15,,95825,6,,,1,59,,95826,6,,,1,19,,95850,6,,,1,20,,95845,6,,,1,58,,95851,6,,,1,18,,95827,6,,,1,19,,95852,6,,,1,59,,95828,6,,,1,18,,95829,6,,,1,18,,95853,6,,,1,18,,95830,6,,,1,58,,95854,6,,,1,18,,95831,6,,,1,18,,95832,6,,,1,59,,95855,6,,,1,18,,95833,6,,,1,18,,95856,6,,,1,58,,95834,6,,,1,18,,95835,6,,,1,17,,95857,6,,,1,19,,95836,6,,,1,58,,95837,6,,,1
80400,'20260329',650,,95906,6,,,1,59,,95858,6,,,1,19,,95910,6,,,1,18,,95859,6,,,1,58,,95860,6,,,1,18,,95908,6,,,1,19,,95861,6,,,1,17,,95862,6,,,1,57,,95863,6,,,1,18,,95904,6,,,1,17,,95911,6,,,1,58,,95907,6,,,1,18,,95864,6,,,1,19,,95912,6,,,1,57,,95865,6,,,1,17,,95866,6,,,1,19,,95867,6,,,1,15,,95905,6,,,1,55,,95868,6,,,1,15,,95869,6,,,1,15,,95870,6,,,1,15,,95871,6,,,1,55,,95872,6,,,1,15,,95873,6,,,1,15,,95874,6,,,1,15,,95875,6,,,1,55,,95876,6,,,1,15,,95877,6,,,1,15,,95878,6,,,1,15,,95879,6,,,1,55,,95880,6,,,1,15,,95881,6,,,1,15,,95882,6,,,1,15,,95883,6,,,1,55,,95884,6,,,1,15,,95885,6,,,1,15,,95886,6,,,1,14,,95887,6,,,1,56,,95888,6,,,1,15,,95889,6,,,1,14,,95890,6,,,1,15,,95891,6,,,1,59,,95913,6,,,1,19,,95892,6,,,1,20,,95909,6,,,1,58,,95914,6,,,1,18,,95893,6,,,1,19,,95915,6,,,1,59,,95894,6,,,1,18,,95895,6,,,1,18,,95916,6,,,1,18,,95896,6,,,1,58,,95917,6,,,1,18,,95897,6,,,1,18,,95898,6,,,1,59,,95918,6,,,1,18,,95899,6,,,1,18,,95919,6,,,1,58,,95900,6,,,1,18,,95901,6,,,1,17,,95920,6,,,1,19,,95902,6,,,1,58,,95903,6,,,1
80400,'20260330',608,,95988,6,,,1,14,,95921,6,,,1,16,,95922,6,,,1,14,,95984,6,,,1,56,,95933,6,,,1,15,,95935,6,,,1,14,,95936,6,,,1,14,,95989,6,,,1,54,,95937,6,,,1,14,,95938,6,,,1,14,,95939,6,,,1,16,,95940,6,,,1,57,,95941,6,,,1,15,,95977,6,,,1,15,,95981,6,,,1,15,,95942,6,,,1,55,,95943,6,,,1,15,,95944,6,,,1,15,,95978,6,,,1,15,,95945,6,,,1,56,,95946,6,,,1,14,,95982,6,,,1,15,,95947,6,,,1,15,,95948,6,,,1,55,,95949,6,,,1,15,,95950,6,,,1,15,,95951,6,,,1,15,,95979,6,,,1,56,,95952,6,,,1,14,,95953,6,,,1,15,,95954,6,,,1,15,,95955,6,,,1,55,,95986,6,,,1,15,,95956,6,,,1,14,,95957,6,,,1,14,,95958,6,,,1,55,,95959,6,,,1,14,,95960,6,,,1,13,,95961,6,,,1,11,,95962,6,,,1,12,,95963,6,,,1,52,,95964,6,,,1,12,,95965,6,,,1,11,,95966,6,,,1,11,,95983,6,,,1,11,,95967,6,,,1,53,,95968,6,,,1,13,,95969,6,,,1,12,,95970,6,,,1,15,,95971,6,,,1,15,,95934,6,,,1,54,,95932,6,,,1,19,,95931,6,,,1,19,,95972,6,,,1,58,,95973,6,,,1,19,,95974,6,,,1,18,,95976,6,,,1,58,,95923,6,,,1,19,,95980,6,,,1,19,,95924,6,,,1,58,,95985,6,,,1,18,,95925,6,,,1,18,,95987,6,,,1,18,,95926,6,,,1,58,,95927,6,,,1,19,,95990,6,,,1,18,,95928,6,,,1,58,,95991,6,,,1,18,,95929,6,,,1,19,,95930,6,,,1,58,,95992,6,,,1,18,,95975,6,,,1
80400,'20260331',608,,96060,6,,,1,14,,95993,6,,,1,16,,95994,6,,,1,14,,96056,6,,,1,56,,96005,6,,,1,15,,96007,6,,,1,14,,96008,6,,,1,14,,96061,6,,,1,54,,96009,6,,,1,14,,96010,6,,,1,14,,96011,6,,,1,16,,96012,6,,,1,57,,96013,6,,,1,15,,96049,6,,,1,15,,96053,6,,,1,15,,96014,6,,,1,55,,96015,6,,,1,15,,96016,6,,,1,15,,96050,6,,,1,15,,96017,6,,,1,56,,96018,6,,,1,14,,96054,6,,,1,15,,96019,6,,,1,15,,96020,6,,,1,55,,96021,6,,,1,15,,96022,6,,,1,15,,96023,6,,,1,15,,96051,6,,,1,56,,96024,6,,,1,14,,96025,6,,,1,15,,96026,6,,,1,15,,96027,6,,,1,55,,96058,6,,,1,15,,96028,6,,,1,14,,96029,6,,,1,14,,96030,6,,,1,55,,96031,6,,,1,14,,96032,6,,,1,13,,96033,6,,,1,11,,96034,6,,,1,12,,96035,6,,,1,52,,96036,6,,,1,12,,96037,6,,,1,11,,96038,6,,,1,11,,96055,6,,,1,11,,96039,6,,,1,53,,96040,6,,,1,13,,96041,6,,,1,12,,96042,6,,,1,15,,96043,6,,,1,15,,96006,6,,,1,54,,96004,6,,,1,19,,96003,6,,,1,19,,96044,6,,,1,58,,96045,6,,,1,19,,96046,6,,,1,18,,96048,6,,,1,58,,95995,6,,,1,19,,96052,6,,,1,19,,95996,6,,,1,58,,96057,6,,,1,18,,95997,6,,,1,18,,96059,6,,,1,18,,95998,6,,,1,58,,95999,6,,,1,19,,96062,6,,,1,18,,96000,6,,,1,58,,96063,6,,,1,18,,96001,6,,,1,19,,96002,6,,,1,58,,96064,6,,,1,18,,96047,6,,,1
90400,'20260320',2538,,102921,7,,,0
90400,'20260321',2538,,102922,6,,,0
90400,'20260327',2538,,102923,6,,,0
90400,'20260328',2538,,102924,6,,,0
