23800,'20260709',1605,,882945,25,4,,0,30,,882946,25,4,,0,81,,882947,25,4,,0,84,,882948,25,4,,0
23800,'20260710',1605,,909157,25,4,,0,30,,909158,25,4,,0,81,,909159,25,4,,0,84,,909160,25,4,,0
23800,'20260713',1605,,928370,25,4,,0,30,,928371,25,4,,0,81,,928372,25,4,,0,84,,928373,25,4,,0
23800,'20260714',1605,,928374,25,4,,0,30,,928375,25,4,,0,81,,928376,25,4,,0,84,,928377,25,4,,0
23800,'20260715',1605,,882949,25,4,,0,30,,882950,25,4,,0,81,,882952,25,4,,0,84,,882951,25,4,,0
23800,'20260716',1605,,882953,25,4,,0,30,,882954,25,4,,0,81,,882956,25,4,,0,84,,882955,25,4,,0
23800,'20260717',1605,,882957,25,4,,0,30,,882958,25,4,,0,81,,882960,25,4,,0,84,,882959,25,4,,0
23800,'20260720',1605,,909161,25,4,,0,30,,909162,25,4,,0,81,,909164,25,4,,0,84,,909163,25,4,,0
23800,'20260721',1605,,909165,25,4,,0,30,,909166,25,4,,0,81,,909168,25,4,,0,84,,909167,25,4,,0
23800,'20260722',1605,,928378,25,4,,0,30,,928379,25,4,,0,81,,928381,25,4,,0,84,,928380,25,4,,0
23800,'20260723',1605,,928382,25,4,,0,30,,928383,25,4,,0,81,,928385,25,4,,0,84,,928384,25,4,,0
