5601,'20260331',1621,,156278,28,,,0,31,,156279,28,,,0,69,,156280,28,,,0
5601,'20260401',1621,,156281,28,,,0,31,,156282,28,,,0,69,,156283,28,,,0
5601,'20260402',1621,,156284,28,,,0,31,,156285,28,,,0,69,,156286,28,,,0
5601,'20260407',1621,,156287,28,,,0,31,,156289,28,,,0,69,,156288,28,,,0
5601,'20260408',1621,,156290,28,,,0,31,,156292,28,,,0,69,,156291,28,,,0
5601,'20260409',1621,,156293,28,,,0,31,,156295,28,,,0,69,,156294,28,,,0
5601,'20260410',1621,,156296,28,,,0,31,,156298,28,,,0,69,,156297,28,,,0
5601,'20260413',1621,,156299,28,,,0,31,,156301,28,,,0,69,,156300,28,,,0
5601,'20260414',1621,,156302,28,,,0,31,,156304,28,,,0,69,,156303,28,,,0
5701,'20260331',613,,156527,26,,,0,28,,156528,26,,,0,69,,156529,26,,,0,30,,156530,26,,,0,74,,156531,26,,,0,28,,156532,26,,,0,71,,156533,26,,,0,30,,156534,26,,,0,101,,156535,26,,,0,101,,156536,26,,,0,101,,156537,26,,,0,101,,156538,26,,,0,101,,156539,26,,,0,102,,156540,26,,,0,272,,156541,26,,,0,97,,156542,26,,,0,98,,156543,26,,,0,101,,156544,26,,,0,101,,156545,26,,,0,100,,156546,26,,,0
5701,'20260401',613,,156547,26,,,0,28,,156548,26,,,0,69,,156549,26,,,0,30,,156550,26,,,0,74,,156551,26,,,0,28,,156552,26,,,0,71,,156553,26,,,0,30,,156554,26,,,0,101,,156555,26,,,0,101,,156556,26,,,0,101,,156557,26,,,0,101,,156558,26,,,0,101,,156559,26,,,0,102,,156560,26,,,0,272,,156561,26,,,0,97,,156562,26,,,0,98,,156563,26,,,0,101,,156564,26,,,0,101,,156565,26,,,0,100,,156566,26,,,0
5701,'20260402',613,,156567,26,,,0,28,,156568,26,,,0,69,,156569,26,,,0,30,,156570,26,,,0,74,,156571,26,,,0,28,,156572,26,,,0,71,,156573,26,,,0,30,,156574,26,,,0,101,,156575,26,,,0,101,,156576,26,,,0,101,,156577,26,,,0,101,,156578,26,,,0,101,,156579,26,,,0,102,,156580,26,,,0,272,,156581,26,,,0,97,,156582,26,,,0,98,,156583,26,,,0,101,,156584,26,,,0,101,,156585,26,,,0,100,,156586,26,,,0
5701,'20260403',745,,156587,26,,,0,101,,156588,26,,,0,101,,156589,26,,,0,101,,156590,26,,,0,100,,156591,26,,,0,98,,156592,26,,,0,101,,156593,26,,,0,99,,156594,26,,,0,105,,156595,26,,,0,94,,156596,26,,,0,103,,156597,26,,,0,98,,156598,26,,,0,100,,156599,26,,,0,99,,156600,26,,,0,100,,156601,26,,,0,101,,156602,26,,,0
5701,'20260404',745,,115053,26,,,0,101,,115054,26,,,0,101,,115055,26,,,0,101,,115056,26,,,0,100,,115057,26,,,0,98,,115058,26,,,0,101,,115059,26,,,0,99,,115060,26,,,0,105,,115061,26,,,0,94,,115062,26,,,0,103,,115063,26,,,0,98,,115064,26,,,0,100,,115065,26,,,0,99,,115066,26,,,0,100,,115067,26,,,0,101,,115068,26,,,0
5701,'20260405',745,,115072,26,,,0,101,,115074,26,,,0,101,,115071,26,,,0,101,,115069,26,,,0,100,,115073,26,,,0,98,,115077,26,,,0,101,,115078,26,,,0,99,,115079,26,,,0,105,,115075,26,,,0,94,,115076,26,,,0,103,,115070,26,,,0,98,,115080,26,,,0,100,,115081,26,,,0,99,,115084,26,,,0,100,,115082,26,,,0,101,,115083,26,,,0
5701,'20260406',745,,115088,26,,,0,101,,115090,26,,,0,101,,115087,26,,,0,101,,115085,26,,,0,100,,115089,26,,,0,98,,115093,26,,,0,101,,115094,26,,,0,99,,115095,26,,,0,105,,115091,26,,,0,94,,115092,26,,,0,103,,115086,26,,,0,98,,115096,26,,,0,100,,115097,26,,,0,99,,115100,26,,,0,100,,115098,26,,,0,101,,115099,26,,,0
5701,'20260407',613,,156603,26,,,0,28,,156604,26,,,0,69,,156605,26,,,0,30,,156606,26,,,0,74,,156607,26,,,0,28,,156608,26,,,0,71,,156609,26,,,0,30,,156610,26,,,0,101,,156611,26,,,0,101,,156612,26,,,0,101,,156613,26,,,0,101,,156614,26,,,0,101,,156622,26,,,0,102,,156615,26,,,0,272,,156616,26,,,0,97,,156617,26,,,0,98,,156618,26,,,0,101,,156619,26,,,0,101,,156620,26,,,0,100,,156621,26,,,0
5701,'20260408',613,,156623,26,,,0,28,,156624,26,,,0,69,,156625,26,,,0,30,,156626,26,,,0,74,,156627,26,,,0,28,,156628,26,,,0,71,,156629,26,,,0,30,,156630,26,,,0,101,,156631,26,,,0,101,,156632,26,,,0,101,,156633,26,,,0,101,,156634,26,,,0,101,,156642,26,,,0,102,,156635,26,,,0,272,,156636,26,,,0,97,,156637,26,,,0,98,,156638,26,,,0,101,,156639,26,,,0,101,,156640,26,,,0,100,,156641,26,,,0
5701,'20260409',613,,156643,26,,,0,28,,156644,26,,,0,69,,156645,26,,,0,30,,156646,26,,,0,74,,156647,26,,,0,28,,156648,26,,,0,71,,156649,26,,,0,30,,156650,26,,,0,101,,156651,26,,,0,101,,156652,26,,,0,101,,156653,26,,,0,101,,156654,26,,,0,101,,156662,26,,,0,102,,156655,26,,,0,272,,156656,26,,,0,97,,156657,26,,,0,98,,156658,26,,,0,101,,156659,26,,,0,101,,156660,26,,,0,100,,156661,26,,,0
5701,'20260410',613,,156663,26,,,0,28,,156664,26,,,0,69,,156665,26,,,0,30,,156666,26,,,0,74,,156667,26,,,0,28,,156668,26,,,0,71,,156669,26,,,0,30,,156670,26,,,0,101,,156671,26,,,0,101,,156672,26,,,0,101,,156673,26,,,0,101,,156674,26,,,0,101,,156682,26,,,0,102,,156675,26,,,0,272,,156676,26,,,0,97,,156677,26,,,0,98,,156678,26,,,0,101,,156679,26,,,0,101,,156680,26,,,0,100,,156681,26,,,0
5701,'20260411',745,,156683,26,,,0,101,,156684,26,,,0,101,,156685,26,,,0,101,,156686,26,,,0,100,,156687,26,,,0,98,,156688,26,,,0,101,,156689,26,,,0,99,,156690,26,,,0,105,,156691,26,,,0,94,,156692,26,,,0,103,,156693,26,,,0,98,,156694,26,,,0,100,,156695,26,,,0,99,,156696,26,,,0,100,,156697,26,,,0,101,,156698,26,,,0
5701,'20260412',745,,156702,26,,,0,101,,156704,26,,,0,101,,156701,26,,,0,101,,156699,26,,,0,100,,156703,26,,,0,98,,156707,26,,,0,101,,156708,26,,,0,99,,156709,26,,,0,105,,156705,26,,,0,94,,156706,26,,,0,103,,156700,26,,,0,98,,156710,26,,,0,100,,156711,26,,,0,99,,156714,26,,,0,100,,156712,26,,,0,101,,156713,26,,,0
5701,'20260413',613,,156715,26,,,0,28,,156716,26,,,0,69,,156717,26,,,0,30,,156718,26,,,0,74,,156719,26,,,0,28,,156720,26,,,0,71,,156721,26,,,0,30,,156722,26,,,0,101,,156723,26,,,0,101,,156724,26,,,0,101,,156725,26,,,0,101,,156726,26,,,0,101,,156734,26,,,0,102,,156727,26,,,0,272,,156728,26,,,0,97,,156729,26,,,0,98,,156730,26,,,0,101,,156731,26,,,0,101,,156732,26,,,0,100,,156733,26,,,0
5701,'20260414',613,,156735,26,,,0,28,,156736,26,,,0,69,,156737,26,,,0,30,,156738,26,,,0,74,,156739,26,,,0,28,,156740,26,,,0,71,,156741,26,,,0,30,,156742,26,,,0,101,,156743,26,,,0,101,,156744,26,,,0,101,,156745,26,,,0,101,,156746,26,,,0,101,,156754,26,,,0,102,,156747,26,,,0,272,,156748,26,,,0,97,,156749,26,,,0,98,,156750,26,,,0,101,,156751,26,,,0,101,,156752,26,,,0,100,,156753,26,,,0
25001,'20260331',629,,168611,13,,,0,27,,168612,13,,,0,60,,168613,13,,,0,34,,168614,13,,,0,58,,168615,13,,,0,18,,168616,13,,,0
25001,'20260401',629,,168617,13,,,0,27,,168618,13,,,0,60,,168619,13,,,0,34,,168620,13,,,0,58,,168621,13,,,0,18,,168622,13,,,0
25001,'20260402',629,,168623,13,,,0,27,,168624,13,,,0,60,,168625,13,,,0,34,,168626,13,,,0,58,,168627,13,,,0,18,,168628,13,,,0
25001,'20260407',629,,168629,13,,,0,27,,168630,13,,,0,60,,168631,13,,,0,34,,168632,13,,,0,58,,168633,13,,,0,18,,168634,13,,,0
25001,'20260408',629,,168635,13,,,0,27,,168636,13,,,0,60,,168637,13,,,0,34,,168638,13,,,0,58,,168639,13,,,0,18,,168640,13,,,0
25001,'20260409',629,,168641,13,,,0,27,,168642,13,,,0,60,,168643,13,,,0,34,,168644,13,,,0,58,,168645,13,,,0,18,,168646,13,,,0
25001,'20260410',629,,168647,13,,,0,27,,168648,13,,,0,60,,168649,13,,,0,34,,168650,13,,,0,58,,168651,13,,,0,18,,168652,13,,,0
25001,'20260413',629,,168653,13,,,0,27,,168654,13,,,0,60,,168655,13,,,0,34,,168656,13,,,0,58,,168657,13,,,0,18,,168658,13,,,0
25001,'20260414',629,,168659,13,,,0,27,,168660,13,,,0,60,,168661,13,,,0,34,,168662,13,,,0,58,,168663,13,,,0,18,,168664,13,,,0
35001,'20260331',635,,170828,27,,,0,19,,170829,27,,,0,69,,170830,27,,,0,31,,170831,27,,,0,150,,170832,27,,,0,205,,170833,27,,,0
35001,'20260401',635,,170834,27,,,0,19,,170835,27,,,0,69,,170836,27,,,0,31,,170837,27,,,0,150,,170838,27,,,0,205,,170839,27,,,0
35001,'20260402',635,,170840,27,,,0,19,,170841,27,,,0,69,,170842,27,,,0,31,,170843,27,,,0,150,,170844,27,,,0,205,,170845,27,,,0
35001,'20260407',635,,170846,27,,,0,19,,170847,27,,,0,69,,170850,27,,,0,31,,170851,27,,,0,150,,170848,27,,,0,205,,170849,27,,,0
35001,'20260408',635,,170852,27,,,0,19,,170853,27,,,0,69,,170856,27,,,0,31,,170857,27,,,0,150,,170854,27,,,0,205,,170855,27,,,0
35001,'20260409',635,,170858,27,,,0,19,,170859,27,,,0,69,,170862,27,,,0,31,,170863,27,,,0,150,,170860,27,,,0,205,,170861,27,,,0
35001,'20260410',635,,170864,27,,,0,19,,170865,27,,,0,69,,170868,27,,,0,31,,170869,27,,,0,150,,170866,27,,,0,205,,170867,27,,,0
35001,'20260413',635,,170870,27,,,0,19,,170871,27,,,0,69,,170874,27,,,0,31,,170875,27,,,0,150,,170872,27,,,0,205,,170873,27,,,0
35001,'20260414',635,,170876,27,,,0,19,,170877,27,,,0,69,,170880,27,,,0,31,,170881,27,,,0,150,,170878,27,,,0,205,,170879,27,,,0
55001,'20260331',642,,171919,27,,,0,67,,171920,27,,,0,25,,171921,27,,,0,107,,171922,27,,,0
55001,'20260401',642,,171923,27,,,0,67,,171924,27,,,0,25,,171925,27,,,0,107,,171926,27,,,0
55001,'20260402',642,,171927,27,,,0,67,,171928,27,,,0,25,,171929,27,,,0,107,,171930,27,,,0
55001,'20260407',642,,171932,27,,,0,67,,171931,27,,,0,25,,171933,27,,,0,107,,171934,27,,,0
55001,'20260408',642,,171936,27,,,0,67,,171935,27,,,0,25,,171937,27,,,0,107,,171938,27,,,0
55001,'20260409',642,,171940,27,,,0,67,,171939,27,,,0,25,,171941,27,,,0,107,,171942,27,,,0
55001,'20260410',642,,171944,27,,,0,67,,171943,27,,,0,25,,171945,27,,,0,107,,171946,27,,,0
55001,'20260413',642,,171948,27,,,0,67,,171947,27,,,0,25,,171949,27,,,0,107,,171950,27,,,0
55001,'20260414',642,,171952,27,,,0,67,,171951,27,,,0,25,,171953,27,,,0,107,,171954,27,,,0
80003,'20260331',512,,173801,13,,,1,16,,173802,13,,,1,14,,173803,13,,,1,14,,173804,13,,,1,52,,173805,13,,,1,10,,173806,13,,,1,9,,173807,13,,,1,11,,173808,13,,,1,9,,173809,13,,,1,4,,173794,7,,,1,5,,173810,13,,,1,45,,173795,7,,,1,5,,173811,13,,,1,4,,173796,7,,,1,4,,173812,13,,,1,11,,173813,13,,,1,11,,173814,13,,,1,10,,173815,13,,,1,9,,173816,13,,,1,50,,173817,13,,,1,11,,173818,13,,,1,10,,173819,13,,,1,10,,173820,13,,,1,11,,173821,13,,,1,12,,173822,13,,,1,52,,173823,13,,,1,14,,173824,13,,,1,16,,173825,13,,,1,14,,173826,13,,,1,56,,173827,13,,,1,14,,173828,13,,,1,15,,173829,13,,,1,17,,173830,13,,,1,54,,173831,13,,,1,15,,173832,13,,,1,15,,173833,13,,,1,15,,173834,13,,,1,55,,173835,13,,,1,16,,173836,13,,,1,17,,173837,13,,,1,14,,173838,13,,,1,55,,173839,13,,,1,15,,173840,13,,,1,15,,173841,13,,,1,16,,173842,13,,,1,56,,173843,13,,,1,11,,173844,13,,,1,12,,173845,13,,,1,15,,173846,13,,,1,53,,173847,13,,,1,10,,173848,13,,,1,10,,173849,13,,,1,9,,173850,13,,,1,10,,173851,13,,,1,10,,173852,13,,,1,50,,173853,13,,,1,8,,173854,13,,,1,11,,173855,13,,,1,10,,173856,13,,,1,10,,173857,13,,,1,11,,173858,13,,,1,51,,173859,13,,,1,10,,173860,13,,,1,10,,173861,13,,,1,11,,173862,13,,,1,10,,173863,13,,,1,11,,173864,13,,,1,54,,173865,13,,,1,13,,173866,13,,,1,16,,173867,13,,,1,14,,173868,13,,,1,55,,173869,13,,,1,14,,173870,13,,,1,16,,173871,13,,,1,16,,173872,13,,,1,53,,173873,13,,,1,15,,173874,13,,,1,15,,173875,13,,,1,15,,173876,13,,,1,55,,173877,13,,,1,15,,173878,13,,,1,15,,173879,13,,,1,15,,173880,13,,,1,54,,173881,13,,,1,15,,173882,13,,,1,15,,173883,13,,,1,14,,173884,13,,,1,56,,173885,13,,,1,16,,173886,13,,,1,17,,173887,13,,,1,15,,173888,13,,,1,55,,173889,13,,,1,18,,173890,13,,,1,16,,173891,13,,,1
80003,'20260401',512,,173899,13,,,1,16,,173900,13,,,1,14,,173901,13,,,1,14,,173902,13,,,1,52,,173903,13,,,1,10,,173904,13,,,1,9,,173905,13,,,1,11,,173906,13,,,1,9,,173907,13,,,1,4,,173892,7,,,1,5,,173908,13,,,1,45,,173893,7,,,1,5,,173909,13,,,1,4,,173894,7,,,1,4,,173910,13,,,1,11,,173911,13,,,1,11,,173912,13,,,1,10,,173913,13,,,1,9,,173914,13,,,1,50,,173915,13,,,1,11,,173916,13,,,1,10,,173917,13,,,1,10,,173918,13,,,1,11,,173919,13,,,1,12,,173920,13,,,1,52,,173921,13,,,1,14,,173922,13,,,1,16,,173923,13,,,1,14,,173924,13,,,1,56,,173925,13,,,1,14,,173926,13,,,1,15,,173927,13,,,1,17,,173928,13,,,1,54,,173929,13,,,1,15,,173930,13,,,1,15,,173931,13,,,1,15,,173932,13,,,1,55,,173933,13,,,1,16,,173934,13,,,1,17,,173935,13,,,1,14,,173936,13,,,1,55,,173937,13,,,1,15,,173938,13,,,1,15,,173939,13,,,1,16,,173940,13,,,1,56,,173941,13,,,1,11,,173942,13,,,1,12,,173943,13,,,1,15,,173944,13,,,1,53,,173945,13,,,1,10,,173946,13,,,1,10,,173947,13,,,1,9,,173948,13,,,1,10,,173949,13,,,1,10,,173950,13,,,1,50,,173951,13,,,1,8,,173952,13,,,1,11,,173953,13,,,1,10,,173954,13,,,1,10,,173955,13,,,1,11,,173956,13,,,1,51,,173957,13,,,1,10,,173958,13,,,1,10,,173959,13,,,1,11,,173960,13,,,1,10,,173961,13,,,1,11,,173962,13,,,1,54,,173963,13,,,1,13,,173964,13,,,1,16,,173965,13,,,1,14,,173966,13,,,1,55,,173967,13,,,1,14,,173968,13,,,1,16,,173969,13,,,1,16,,173970,13,,,1,53,,173971,13,,,1,15,,173972,13,,,1,15,,173973,13,,,1,15,,173974,13,,,1,55,,173975,13,,,1,15,,173976,13,,,1,15,,173977,13,,,1,15,,173978,13,,,1,54,,173979,13,,,1,15,,173980,13,,,1,15,,173981,13,,,1,14,,173982,13,,,1,56,,173983,13,,,1,16,,173984,13,,,1,17,,173985,13,,,1,15,,173986,13,,,1,55,,173987,13,,,1,18,,173988,13,,,1,16,,173989,13,,,1
80003,'20260402',512,,173997,13,,,1,16,,173998,13,,,1,14,,173999,13,,,1,14,,174000,13,,,1,52,,174001,13,,,1,10,,174002,13,,,1,9,,174003,13,,,1,11,,174004,13,,,1,9,,174005,13,,,1,4,,173990,7,,,1,5,,174006,13,,,1,45,,173991,7,,,1,5,,174007,13,,,1,4,,173992,7,,,1,4,,174008,13,,,1,11,,174009,13,,,1,11,,174010,13,,,1,10,,174011,13,,,1,9,,174012,13,,,1,50,,174013,13,,,1,11,,174014,13,,,1,10,,174015,13,,,1,10,,174016,13,,,1,11,,174017,13,,,1,12,,174018,13,,,1,52,,174019,13,,,1,14,,174020,13,,,1,16,,174021,13,,,1,14,,174022,13,,,1,56,,174023,13,,,1,14,,174024,13,,,1,15,,174025,13,,,1,17,,174026,13,,,1,54,,174027,13,,,1,15,,174028,13,,,1,15,,174029,13,,,1,15,,174030,13,,,1,55,,174031,13,,,1,16,,174032,13,,,1,17,,174033,13,,,1,14,,174034,13,,,1,55,,174035,13,,,1,15,,174036,13,,,1,15,,174037,13,,,1,16,,174038,13,,,1,56,,174039,13,,,1,11,,174040,13,,,1,12,,174041,13,,,1,15,,174042,13,,,1,53,,174043,13,,,1,10,,174044,13,,,1,10,,174045,13,,,1,9,,174046,13,,,1,10,,174047,13,,,1,10,,174048,13,,,1,50,,174049,13,,,1,8,,174050,13,,,1,11,,174051,13,,,1,10,,174052,13,,,1,10,,174053,13,,,1,11,,174054,13,,,1,51,,174055,13,,,1,10,,174056,13,,,1,10,,174057,13,,,1,11,,174058,13,,,1,10,,174059,13,,,1,11,,174060,13,,,1,54,,174061,13,,,1,13,,174062,13,,,1,16,,174063,13,,,1,14,,174064,13,,,1,55,,174065,13,,,1,14,,174066,13,,,1,16,,174067,13,,,1,16,,174068,13,,,1,53,,174069,13,,,1,15,,174070,13,,,1,15,,174071,13,,,1,15,,174072,13,,,1,55,,174073,13,,,1,15,,174074,13,,,1,15,,174075,13,,,1,15,,174076,13,,,1,54,,174077,13,,,1,15,,174078,13,,,1,15,,174079,13,,,1,14,,174080,13,,,1,56,,174081,13,,,1,16,,174082,13,,,1,17,,174083,13,,,1,15,,174084,13,,,1,55,,174085,13,,,1,18,,174086,13,,,1,16,,174087,13,,,1
80003,'20260403',537,,174088,13,,,1,16,,174089,13,,,1,55,,174090,13,,,1,15,,174091,13,,,1,14,,174092,13,,,1,14,,174093,13,,,1,54,,174094,13,,,1,16,,174095,13,,,1,15,,174096,13,,,1,15,,174097,13,,,1,55,,174098,13,,,1,15,,174099,13,,,1,15,,174100,13,,,1,15,,174101,13,,,1,55,,174102,13,,,1,15,,174103,13,,,1,15,,174104,13,,,1,15,,174105,13,,,1,55,,174106,13,,,1,16,,174107,13,,,1,15,,174108,13,,,1,15,,174109,13,,,1,55,,174110,13,,,1,15,,174111,13,,,1,15,,174112,13,,,1,15,,174113,13,,,1,56,,174114,13,,,1,15,,174115,13,,,1,15,,174116,13,,,1,14,,174117,13,,,1,55,,174118,13,,,1,15,,174119,13,,,1,15,,174120,13,,,1,17,,174121,13,,,1,55,,174122,13,,,1,16,,174123,13,,,1,16,,174124,13,,,1,15,,174125,13,,,1,55,,174126,13,,,1,15,,174127,13,,,1,15,,174128,13,,,1,15,,174129,13,,,1,54,,174130,13,,,1,15,,174131,13,,,1,16,,174132,13,,,1,14,,174133,13,,,1,54,,174134,13,,,1,16,,174135,13,,,1,14,,174136,13,,,1,15,,174137,13,,,1,55,,174138,13,,,1,16,,174139,13,,,1,15,,174140,13,,,1,15,,174141,13,,,1,54,,174142,13,,,1,15,,174143,13,,,1,15,,174144,13,,,1,15,,174145,13,,,1,55,,174146,13,,,1,15,,174147,13,,,1,15,,174148,13,,,1,15,,174149,13,,,1,56,,174150,13,,,1,15,,174151,13,,,1,14,,174152,13,,,1,15,,174153,13,,,1,55,,174154,13,,,1,15,,174155,13,,,1,15,,174156,13,,,1,15,,174157,13,,,1,54,,174158,13,,,1,14,,174159,13,,,1,16,,174160,13,,,1,15,,174161,13,,,1,54,,174162,13,,,1,15,,174163,13,,,1,14,,174164,13,,,1
80003,'20260404',537,,130504,13,,,1,16,,130505,13,,,1,55,,130506,13,,,1,15,,130507,13,,,1,14,,130508,13,,,1,14,,130509,13,,,1,54,,130510,13,,,1,16,,130511,13,,,1,15,,130512,13,,,1,15,,130513,13,,,1,55,,130514,13,,,1,15,,130515,13,,,1,15,,130516,13,,,1,15,,130517,13,,,1,55,,130518,13,,,1,15,,130519,13,,,1,15,,130520,13,,,1,15,,130521,13,,,1,55,,130522,13,,,1,16,,130523,13,,,1,15,,130524,13,,,1,15,,130525,13,,,1,55,,130526,13,,,1,15,,130527,13,,,1,15,,130528,13,,,1,15,,130529,13,,,1,56,,130530,13,,,1,15,,130531,13,,,1,15,,130532,13,,,1,14,,130533,13,,,1,55,,130534,13,,,1,15,,130535,13,,,1,15,,130536,13,,,1,17,,130537,13,,,1,55,,130538,13,,,1,16,,130539,13,,,1,16,,130540,13,,,1,15,,130541,13,,,1,55,,130542,13,,,1,15,,130543,13,,,1,15,,130544,13,,,1,15,,130545,13,,,1,54,,130546,13,,,1,15,,130547,13,,,1,16,,130548,13,,,1,14,,130549,13,,,1,54,,130550,13,,,1,16,,130551,13,,,1,14,,130552,13,,,1,15,,130553,13,,,1,55,,130554,13,,,1,16,,130555,13,,,1,15,,130556,13,,,1,15,,130557,13,,,1,54,,130558,13,,,1,15,,130559,13,,,1,15,,130560,13,,,1,15,,130561,13,,,1,55,,130562,13,,,1,15,,130563,13,,,1,15,,130564,13,,,1,15,,130565,13,,,1,56,,130566,13,,,1,15,,130567,13,,,1,14,,130568,13,,,1,15,,130569,13,,,1,55,,130570,13,,,1,15,,130571,13,,,1,15,,130572,13,,,1,15,,130573,13,,,1,54,,130574,13,,,1,14,,130575,13,,,1,16,,130576,13,,,1,15,,130577,13,,,1,54,,130578,13,,,1,15,,130579,13,,,1,14,,130580,13,,,1
80003,'20260405',537,,130604,13,,,1,16,,130605,13,,,1,55,,130596,13,,,1,15,,130587,13,,,1,14,,130593,13,,,1,14,,130592,13,,,1,54,,130588,13,,,1,16,,130589,13,,,1,15,,130584,13,,,1,15,,130603,13,,,1,55,,130597,13,,,1,15,,130599,13,,,1,15,,130595,13,,,1,15,,130598,13,,,1,55,,130582,13,,,1,15,,130585,13,,,1,15,,130600,13,,,1,15,,130590,13,,,1,55,,130591,13,,,1,16,,130601,13,,,1,15,,130586,13,,,1,15,,130594,13,,,1,55,,130581,13,,,1,15,,130583,13,,,1,15,,130626,13,,,1,15,,130628,13,,,1,56,,130608,13,,,1,15,,130607,13,,,1,15,,130630,13,,,1,14,,130615,13,,,1,55,,130609,13,,,1,15,,130624,13,,,1,15,,130613,13,,,1,17,,130610,13,,,1,55,,130614,13,,,1,16,,130606,13,,,1,16,,130627,13,,,1,15,,130622,13,,,1,55,,130611,13,,,1,15,,130612,13,,,1,15,,130616,13,,,1,15,,130617,13,,,1,54,,130618,13,,,1,15,,130623,13,,,1,16,,130619,13,,,1,14,,130620,13,,,1,54,,130631,13,,,1,16,,130629,13,,,1,14,,130621,13,,,1,15,,130625,13,,,1,55,,130602,13,,,1,16,,130632,13,,,1,15,,130644,13,,,1,15,,130636,13,,,1,54,,130648,13,,,1,15,,130633,13,,,1,15,,130643,13,,,1,15,,130642,13,,,1,55,,130639,13,,,1,15,,130652,13,,,1,15,,130647,13,,,1,15,,130656,13,,,1,56,,130641,13,,,1,15,,130637,13,,,1,14,,130645,13,,,1,15,,130638,13,,,1,55,,130646,13,,,1,15,,130653,13,,,1,15,,130634,13,,,1,15,,130635,13,,,1,54,,130650,13,,,1,14,,130649,13,,,1,16,,130651,13,,,1,15,,130654,13,,,1,54,,130640,13,,,1,15,,130655,13,,,1,14,,130657,13,,,1
80003,'20260406',537,,130681,13,,,1,16,,130682,13,,,1,55,,130673,13,,,1,15,,130664,13,,,1,14,,130670,13,,,1,14,,130669,13,,,1,54,,130665,13,,,1,16,,130666,13,,,1,15,,130661,13,,,1,15,,130680,13,,,1,55,,130674,13,,,1,15,,130676,13,,,1,15,,130672,13,,,1,15,,130675,13,,,1,55,,130659,13,,,1,15,,130662,13,,,1,15,,130677,13,,,1,15,,130667,13,,,1,55,,130668,13,,,1,16,,130678,13,,,1,15,,130663,13,,,1,15,,130671,13,,,1,55,,130658,13,,,1,15,,130660,13,,,1,15,,130703,13,,,1,15,,130705,13,,,1,56,,130685,13,,,1,15,,130684,13,,,1,15,,130707,13,,,1,14,,130692,13,,,1,55,,130686,13,,,1,15,,130701,13,,,1,15,,130690,13,,,1,17,,130687,13,,,1,55,,130691,13,,,1,16,,130683,13,,,1,16,,130704,13,,,1,15,,130699,13,,,1,55,,130688,13,,,1,15,,130689,13,,,1,15,,130693,13,,,1,15,,130694,13,,,1,54,,130695,13,,,1,15,,130700,13,,,1,16,,130696,13,,,1,14,,130697,13,,,1,54,,130708,13,,,1,16,,130706,13,,,1,14,,130698,13,,,1,15,,130702,13,,,1,55,,130679,13,,,1,16,,130709,13,,,1,15,,130721,13,,,1,15,,130713,13,,,1,54,,130725,13,,,1,15,,130710,13,,,1,15,,130720,13,,,1,15,,130719,13,,,1,55,,130716,13,,,1,15,,130729,13,,,1,15,,130724,13,,,1,15,,130733,13,,,1,56,,130718,13,,,1,15,,130714,13,,,1,14,,130722,13,,,1,15,,130715,13,,,1,55,,130723,13,,,1,15,,130730,13,,,1,15,,130711,13,,,1,15,,130712,13,,,1,54,,130727,13,,,1,14,,130726,13,,,1,16,,130728,13,,,1,15,,130731,13,,,1,54,,130717,13,,,1,15,,130732,13,,,1,14,,130734,13,,,1
80003,'20260407',512,,174168,13,,,1,16,,174195,13,,,1,14,,174191,13,,,1,14,,174173,13,,,1,52,,174194,13,,,1,10,,174170,13,,,1,9,,174181,13,,,1,11,,174251,13,,,1,9,,174250,13,,,1,9,,174249,13,,,1,50,,174248,13,,,1,8,,174247,13,,,1,11,,174246,13,,,1,11,,174245,13,,,1,10,,174244,13,,,1,9,,174243,13,,,1,50,,174242,13,,,1,11,,174241,13,,,1,10,,174240,13,,,1,10,,174239,13,,,1,11,,174238,13,,,1,12,,174237,13,,,1,52,,174236,13,,,1,14,,174235,13,,,1,16,,174234,13,,,1,14,,174233,13,,,1,56,,174232,13,,,1,14,,174231,13,,,1,15,,174230,13,,,1,17,,174229,13,,,1,54,,174228,13,,,1,15,,174227,13,,,1,15,,174226,13,,,1,15,,174225,13,,,1,55,,174224,13,,,1,16,,174223,13,,,1,17,,174222,13,,,1,14,,174221,13,,,1,55,,174220,13,,,1,15,,174219,13,,,1,15,,174218,13,,,1,16,,174217,13,,,1,56,,174183,13,,,1,11,,174216,13,,,1,12,,174193,13,,,1,15,,174192,13,,,1,53,,174189,13,,,1,10,,174215,13,,,1,10,,174197,13,,,1,9,,174253,13,,,1,10,,174196,13,,,1,10,,174178,13,,,1,50,,174198,13,,,1,8,,174214,13,,,1,11,,174172,13,,,1,10,,174165,13,,,1,10,,174186,13,,,1,11,,174213,13,,,1,51,,174167,13,,,1,10,,174166,13,,,1,10,,174212,13,,,1,11,,174211,13,,,1,10,,174254,13,,,1,11,,174169,13,,,1,54,,174171,13,,,1,13,,174210,13,,,1,16,,174187,13,,,1,14,,174255,13,,,1,55,,174209,13,,,1,14,,174175,13,,,1,16,,174174,13,,,1,16,,174208,13,,,1,53,,174176,13,,,1,15,,174207,13,,,1,15,,174206,13,,,1,15,,174177,13,,,1,55,,174205,13,,,1,15,,174180,13,,,1,15,,174179,13,,,1,15,,174204,13,,,1,54,,174182,13,,,1,15,,174203,13,,,1,15,,174184,13,,,1,14,,174202,13,,,1,56,,174185,13,,,1,16,,174201,13,,,1,17,,174188,13,,,1,15,,174200,13,,,1,55,,174190,13,,,1,18,,174199,13,,,1,16,,174252,13,,,1
80003,'20260408',512,,174259,13,,,1,16,,174286,13,,,1,14,,174282,13,,,1,14,,174264,13,,,1,52,,174285,13,,,1,10,,174261,13,,,1,9,,174272,13,,,1,11,,174342,13,,,1,9,,174341,13,,,1,9,,174340,13,,,1,50,,174339,13,,,1,8,,174338,13,,,1,11,,174337,13,,,1,11,,174336,13,,,1,10,,174335,13,,,1,9,,174334,13,,,1,50,,174333,13,,,1,11,,174332,13,,,1,10,,174331,13,,,1,10,,174330,13,,,1,11,,174329,13,,,1,12,,174328,13,,,1,52,,174327,13,,,1,14,,174326,13,,,1,16,,174325,13,,,1,14,,174324,13,,,1,56,,174323,13,,,1,14,,174322,13,,,1,15,,174321,13,,,1,17,,174320,13,,,1,54,,174319,13,,,1,15,,174318,13,,,1,15,,174317,13,,,1,15,,174316,13,,,1,55,,174315,13,,,1,16,,174314,13,,,1,17,,174313,13,,,1,14,,174312,13,,,1,55,,174311,13,,,1,15,,174310,13,,,1,15,,174309,13,,,1,16,,174308,13,,,1,56,,174274,13,,,1,11,,174307,13,,,1,12,,174284,13,,,1,15,,174283,13,,,1,53,,174280,13,,,1,10,,174306,13,,,1,10,,174288,13,,,1,9,,174344,13,,,1,10,,174287,13,,,1,10,,174269,13,,,1,50,,174289,13,,,1,8,,174305,13,,,1,11,,174263,13,,,1,10,,174256,13,,,1,10,,174277,13,,,1,11,,174304,13,,,1,51,,174258,13,,,1,10,,174257,13,,,1,10,,174303,13,,,1,11,,174302,13,,,1,10,,174345,13,,,1,11,,174260,13,,,1,54,,174262,13,,,1,13,,174301,13,,,1,16,,174278,13,,,1,14,,174346,13,,,1,55,,174300,13,,,1,14,,174266,13,,,1,16,,174265,13,,,1,16,,174299,13,,,1,53,,174267,13,,,1,15,,174298,13,,,1,15,,174297,13,,,1,15,,174268,13,,,1,55,,174296,13,,,1,15,,174271,13,,,1,15,,174270,13,,,1,15,,174295,13,,,1,54,,174273,13,,,1,15,,174294,13,,,1,15,,174275,13,,,1,14,,174293,13,,,1,56,,174276,13,,,1,16,,174292,13,,,1,17,,174279,13,,,1,15,,174291,13,,,1,55,,174281,13,,,1,18,,174290,13,,,1,16,,174343,13,,,1
80003,'20260409',512,,174350,13,,,1,16,,174377,13,,,1,14,,174373,13,,,1,14,,174355,13,,,1,52,,174376,13,,,1,10,,174352,13,,,1,9,,174363,13,,,1,11,,174433,13,,,1,9,,174432,13,,,1,9,,174431,13,,,1,50,,174430,13,,,1,8,,174429,13,,,1,11,,174428,13,,,1,11,,174427,13,,,1,10,,174426,13,,,1,9,,174425,13,,,1,50,,174424,13,,,1,11,,174423,13,,,1,10,,174422,13,,,1,10,,174421,13,,,1,11,,174420,13,,,1,12,,174419,13,,,1,52,,174418,13,,,1,14,,174417,13,,,1,16,,174416,13,,,1,14,,174415,13,,,1,56,,174414,13,,,1,14,,174413,13,,,1,15,,174412,13,,,1,17,,174411,13,,,1,54,,174410,13,,,1,15,,174409,13,,,1,15,,174408,13,,,1,15,,174407,13,,,1,55,,174406,13,,,1,16,,174405,13,,,1,17,,174404,13,,,1,14,,174403,13,,,1,55,,174402,13,,,1,15,,174401,13,,,1,15,,174400,13,,,1,16,,174399,13,,,1,56,,174365,13,,,1,11,,174398,13,,,1,12,,174375,13,,,1,15,,174374,13,,,1,53,,174371,13,,,1,10,,174397,13,,,1,10,,174379,13,,,1,9,,174435,13,,,1,10,,174378,13,,,1,10,,174360,13,,,1,50,,174380,13,,,1,8,,174396,13,,,1,11,,174354,13,,,1,10,,174347,13,,,1,10,,174368,13,,,1,11,,174395,13,,,1,51,,174349,13,,,1,10,,174348,13,,,1,10,,174394,13,,,1,11,,174393,13,,,1,10,,174436,13,,,1,11,,174351,13,,,1,54,,174353,13,,,1,13,,174392,13,,,1,16,,174369,13,,,1,14,,174437,13,,,1,55,,174391,13,,,1,14,,174357,13,,,1,16,,174356,13,,,1,16,,174390,13,,,1,53,,174358,13,,,1,15,,174389,13,,,1,15,,174388,13,,,1,15,,174359,13,,,1,55,,174387,13,,,1,15,,174362,13,,,1,15,,174361,13,,,1,15,,174386,13,,,1,54,,174364,13,,,1,15,,174385,13,,,1,15,,174366,13,,,1,14,,174384,13,,,1,56,,174367,13,,,1,16,,174383,13,,,1,17,,174370,13,,,1,15,,174382,13,,,1,55,,174372,13,,,1,18,,174381,13,,,1,16,,174434,13,,,1
80003,'20260410',512,,174441,13,,,1,16,,174468,13,,,1,14,,174464,13,,,1,14,,174446,13,,,1,52,,174467,13,,,1,10,,174443,13,,,1,9,,174454,13,,,1,11,,174524,13,,,1,9,,174523,13,,,1,9,,174522,13,,,1,50,,174521,13,,,1,8,,174520,13,,,1,11,,174519,13,,,1,11,,174518,13,,,1,10,,174517,13,,,1,9,,174516,13,,,1,50,,174515,13,,,1,11,,174514,13,,,1,10,,174513,13,,,1,10,,174512,13,,,1,11,,174511,13,,,1,12,,174510,13,,,1,52,,174509,13,,,1,14,,174508,13,,,1,16,,174507,13,,,1,14,,174506,13,,,1,56,,174505,13,,,1,14,,174504,13,,,1,15,,174503,13,,,1,17,,174502,13,,,1,54,,174501,13,,,1,15,,174500,13,,,1,15,,174499,13,,,1,15,,174498,13,,,1,55,,174497,13,,,1,16,,174496,13,,,1,17,,174495,13,,,1,14,,174494,13,,,1,55,,174493,13,,,1,15,,174492,13,,,1,15,,174491,13,,,1,16,,174490,13,,,1,56,,174456,13,,,1,11,,174489,13,,,1,12,,174466,13,,,1,15,,174465,13,,,1,53,,174462,13,,,1,10,,174488,13,,,1,10,,174470,13,,,1,9,,174526,13,,,1,10,,174469,13,,,1,10,,174451,13,,,1,50,,174471,13,,,1,8,,174487,13,,,1,11,,174445,13,,,1,10,,174438,13,,,1,10,,174459,13,,,1,11,,174486,13,,,1,51,,174440,13,,,1,10,,174439,13,,,1,10,,174485,13,,,1,11,,174484,13,,,1,10,,174527,13,,,1,11,,174442,13,,,1,54,,174444,13,,,1,13,,174483,13,,,1,16,,174460,13,,,1,14,,174528,13,,,1,55,,174482,13,,,1,14,,174448,13,,,1,16,,174447,13,,,1,16,,174481,13,,,1,53,,174449,13,,,1,15,,174480,13,,,1,15,,174479,13,,,1,15,,174450,13,,,1,55,,174478,13,,,1,15,,174453,13,,,1,15,,174452,13,,,1,15,,174477,13,,,1,54,,174455,13,,,1,15,,174476,13,,,1,15,,174457,13,,,1,14,,174475,13,,,1,56,,174458,13,,,1,16,,174474,13,,,1,17,,174461,13,,,1,15,,174473,13,,,1,55,,174463,13,,,1,18,,174472,13,,,1,16,,174525,13,,,1
80003,'20260411',537,,174529,13,,,1,16,,174530,13,,,1,55,,174531,13,,,1,15,,174532,13,,,1,14,,174533,13,,,1,14,,174534,13,,,1,54,,174535,13,,,1,16,,174536,13,,,1,15,,174537,13,,,1,15,,174538,13,,,1,55,,174539,13,,,1,15,,174540,13,,,1,15,,174541,13,,,1,15,,174542,13,,,1,55,,174543,13,,,1,15,,174544,13,,,1,15,,174545,13,,,1,15,,174546,13,,,1,55,,174547,13,,,1,16,,174548,13,,,1,15,,174549,13,,,1,15,,174550,13,,,1,55,,174551,13,,,1,15,,174552,13,,,1,15,,174553,13,,,1,15,,174554,13,,,1,56,,174555,13,,,1,15,,174556,13,,,1,15,,174557,13,,,1,14,,174558,13,,,1,55,,174559,13,,,1,15,,174560,13,,,1,15,,174561,13,,,1,17,,174562,13,,,1,55,,174563,13,,,1,16,,174564,13,,,1,16,,174565,13,,,1,15,,174566,13,,,1,55,,174567,13,,,1,15,,174568,13,,,1,15,,174569,13,,,1,15,,174570,13,,,1,54,,174571,13,,,1,15,,174572,13,,,1,16,,174573,13,,,1,14,,174574,13,,,1,54,,174575,13,,,1,16,,174576,13,,,1,14,,174577,13,,,1,15,,174578,13,,,1,55,,174579,13,,,1,16,,174580,13,,,1,15,,174581,13,,,1,15,,174582,13,,,1,54,,174583,13,,,1,15,,174584,13,,,1,15,,174585,13,,,1,15,,174586,13,,,1,55,,174587,13,,,1,15,,174588,13,,,1,15,,174589,13,,,1,15,,174590,13,,,1,56,,174591,13,,,1,15,,174592,13,,,1,14,,174593,13,,,1,15,,174594,13,,,1,55,,174595,13,,,1,15,,174596,13,,,1,15,,174597,13,,,1,15,,174598,13,,,1,54,,174599,13,,,1,14,,174600,13,,,1,16,,174601,13,,,1,15,,174602,13,,,1,54,,174603,13,,,1,15,,174604,13,,,1,14,,174605,13,,,1
80003,'20260412',537,,174629,13,,,1,16,,174630,13,,,1,55,,174621,13,,,1,15,,174612,13,,,1,14,,174618,13,,,1,14,,174617,13,,,1,54,,174613,13,,,1,16,,174614,13,,,1,15,,174609,13,,,1,15,,174628,13,,,1,55,,174622,13,,,1,15,,174624,13,,,1,15,,174620,13,,,1,15,,174623,13,,,1,55,,174607,13,,,1,15,,174610,13,,,1,15,,174625,13,,,1,15,,174615,13,,,1,55,,174616,13,,,1,16,,174626,13,,,1,15,,174611,13,,,1,15,,174619,13,,,1,55,,174606,13,,,1,15,,174608,13,,,1,15,,174651,13,,,1,15,,174653,13,,,1,56,,174633,13,,,1,15,,174632,13,,,1,15,,174655,13,,,1,14,,174640,13,,,1,55,,174634,13,,,1,15,,174649,13,,,1,15,,174638,13,,,1,17,,174635,13,,,1,55,,174639,13,,,1,16,,174631,13,,,1,16,,174652,13,,,1,15,,174647,13,,,1,55,,174636,13,,,1,15,,174637,13,,,1,15,,174641,13,,,1,15,,174642,13,,,1,54,,174643,13,,,1,15,,174648,13,,,1,16,,174644,13,,,1,14,,174645,13,,,1,54,,174656,13,,,1,16,,174654,13,,,1,14,,174646,13,,,1,15,,174650,13,,,1,55,,174627,13,,,1,16,,174657,13,,,1,15,,174669,13,,,1,15,,174661,13,,,1,54,,174673,13,,,1,15,,174658,13,,,1,15,,174668,13,,,1,15,,174667,13,,,1,55,,174664,13,,,1,15,,174677,13,,,1,15,,174672,13,,,1,15,,174681,13,,,1,56,,174666,13,,,1,15,,174662,13,,,1,14,,174670,13,,,1,15,,174663,13,,,1,55,,174671,13,,,1,15,,174678,13,,,1,15,,174659,13,,,1,15,,174660,13,,,1,54,,174675,13,,,1,14,,174674,13,,,1,16,,174676,13,,,1,15,,174679,13,,,1,54,,174665,13,,,1,15,,174680,13,,,1,14,,174682,13,,,1
80003,'20260413',512,,174686,13,,,1,16,,174713,13,,,1,14,,174709,13,,,1,14,,174691,13,,,1,52,,174712,13,,,1,10,,174688,13,,,1,9,,174699,13,,,1,11,,174769,13,,,1,9,,174768,13,,,1,9,,174767,13,,,1,50,,174766,13,,,1,8,,174765,13,,,1,11,,174764,13,,,1,11,,174763,13,,,1,10,,174762,13,,,1,9,,174761,13,,,1,50,,174760,13,,,1,11,,174759,13,,,1,10,,174758,13,,,1,10,,174757,13,,,1,11,,174756,13,,,1,12,,174755,13,,,1,52,,174754,13,,,1,14,,174753,13,,,1,16,,174752,13,,,1,14,,174751,13,,,1,56,,174750,13,,,1,14,,174749,13,,,1,15,,174748,13,,,1,17,,174747,13,,,1,54,,174746,13,,,1,15,,174745,13,,,1,15,,174744,13,,,1,15,,174743,13,,,1,55,,174742,13,,,1,16,,174741,13,,,1,17,,174740,13,,,1,14,,174739,13,,,1,55,,174738,13,,,1,15,,174737,13,,,1,15,,174736,13,,,1,16,,174735,13,,,1,56,,174701,13,,,1,11,,174734,13,,,1,12,,174711,13,,,1,15,,174710,13,,,1,53,,174707,13,,,1,10,,174733,13,,,1,10,,174715,13,,,1,9,,174771,13,,,1,10,,174714,13,,,1,10,,174696,13,,,1,50,,174716,13,,,1,8,,174732,13,,,1,11,,174690,13,,,1,10,,174683,13,,,1,10,,174704,13,,,1,11,,174731,13,,,1,51,,174685,13,,,1,10,,174684,13,,,1,10,,174730,13,,,1,11,,174729,13,,,1,10,,174772,13,,,1,11,,174687,13,,,1,54,,174689,13,,,1,13,,174728,13,,,1,16,,174705,13,,,1,14,,174773,13,,,1,55,,174727,13,,,1,14,,174693,13,,,1,16,,174692,13,,,1,16,,174726,13,,,1,53,,174694,13,,,1,15,,174725,13,,,1,15,,174724,13,,,1,15,,174695,13,,,1,55,,174723,13,,,1,15,,174698,13,,,1,15,,174697,13,,,1,15,,174722,13,,,1,54,,174700,13,,,1,15,,174721,13,,,1,15,,174702,13,,,1,14,,174720,13,,,1,56,,174703,13,,,1,16,,174719,13,,,1,17,,174706,13,,,1,15,,174718,13,,,1,55,,174708,13,,,1,18,,174717,13,,,1,16,,174770,13,,,1
80003,'20260414',512,,174777,13,,,1,16,,174804,13,,,1,14,,174800,13,,,1,14,,174782,13,,,1,52,,174803,13,,,1,10,,174779,13,,,1,9,,174790,13,,,1,11,,174860,13,,,1,9,,174859,13,,,1,9,,174858,13,,,1,50,,174857,13,,,1,8,,174856,13,,,1,11,,174855,13,,,1,11,,174854,13,,,1,10,,174853,13,,,1,9,,174852,13,,,1,50,,174851,13,,,1,11,,174850,13,,,1,10,,174849,13,,,1,10,,174848,13,,,1,11,,174847,13,,,1,12,,174846,13,,,1,52,,174845,13,,,1,14,,174844,13,,,1,16,,174843,13,,,1,14,,174842,13,,,1,56,,174841,13,,,1,14,,174840,13,,,1,15,,174839,13,,,1,17,,174838,13,,,1,54,,174837,13,,,1,15,,174836,13,,,1,15,,174835,13,,,1,15,,174834,13,,,1,55,,174833,13,,,1,16,,174832,13,,,1,17,,174831,13,,,1,14,,174830,13,,,1,55,,174829,13,,,1,15,,174828,13,,,1,15,,174827,13,,,1,16,,174826,13,,,1,56,,174792,13,,,1,11,,174825,13,,,1,12,,174802,13,,,1,15,,174801,13,,,1,53,,174798,13,,,1,10,,174824,13,,,1,10,,174806,13,,,1,9,,174862,13,,,1,10,,174805,13,,,1,10,,174787,13,,,1,50,,174807,13,,,1,8,,174823,13,,,1,11,,174781,13,,,1,10,,174774,13,,,1,10,,174795,13,,,1,11,,174822,13,,,1,51,,174776,13,,,1,10,,174775,13,,,1,10,,174821,13,,,1,11,,174820,13,,,1,10,,174863,13,,,1,11,,174778,13,,,1,54,,174780,13,,,1,13,,174819,13,,,1,16,,174796,13,,,1,14,,174864,13,,,1,55,,174818,13,,,1,14,,174784,13,,,1,16,,174783,13,,,1,16,,174817,13,,,1,53,,174785,13,,,1,15,,174816,13,,,1,15,,174815,13,,,1,15,,174786,13,,,1,55,,174814,13,,,1,15,,174789,13,,,1,15,,174788,13,,,1,15,,174813,13,,,1,54,,174791,13,,,1,15,,174812,13,,,1,15,,174793,13,,,1,14,,174811,13,,,1,56,,174794,13,,,1,16,,174810,13,,,1,17,,174797,13,,,1,15,,174809,13,,,1,55,,174799,13,,,1,18,,174808,13,,,1,16,,174861,13,,,1
