33800,'20260616',1233,,723114,8,4,,0,407,,723115,8,4,,0,96,,723116,8,4,,0,104,,723117,8,4,,0
33800,'20260617',1233,,723118,8,4,,0,407,,723119,8,4,,0,96,,723120,8,4,,0,104,,723121,8,4,,0
33800,'20260618',1233,,723122,8,4,,0,407,,723123,8,4,,0,96,,723124,8,4,,0,104,,723125,8,4,,0
33800,'20260619',1233,,755684,8,4,,0,407,,755685,8,4,,0,96,,755686,8,4,,0,104,,755687,8,4,,0
53800,'20260616',1644,,723766,6,4,,0,70,,723767,6,4,,0,33,,723768,6,4,,0
53800,'20260617',1644,,723769,6,4,,0,70,,723770,6,4,,0,33,,723771,6,4,,0
53800,'20260618',1644,,723772,6,4,,0,70,,723773,6,4,,0,33,,723774,6,4,,0
53800,'20260619',1644,,756026,6,4,,0,70,,756027,6,4,,0,33,,756028,6,4,,0
53800,'20260622',1649,,756030,6,4,,0,71,,756029,6,4,,0
53800,'20260623',1649,,756032,6,4,,0,71,,756031,6,4,,0
53800,'20260625',1649,,723778,6,4,,0,71,,723777,6,4,,0
53800,'20260626',1649,,723780,6,4,,0,71,,723779,6,4,,0
53800,'20260629',1649,,756034,6,4,,0,71,,756033,6,4,,0
53800,'20260630',1649,,756036,6,4,,0,71,,756035,6,4,,0
