400,'20260717',656,,939691,4,,,0,71,,939692,4,,,0,26,,939693,4,,,0,73,,939694,4,,,0,88,,939695,4,,,0,100,,939696,4,,,0,100,,939697,4,,,0,102,,939698,4,,,0,93,,939699,4,,,0,104,,939700,4,,,0,97,,939701,4,,,0,27,,939702,4,,,0,68,,939703,4,,,0,34,,939704,4,,,0,67,,939705,4,,,0,30,,939706,4,,,0,96,,939707,4,,,0,99,,939708,4,,,0,100,,939709,4,,,0,103,,939710,4,,,0,99,,939711,4,,,0,100,,939712,4,,,0
400,'20260718',721,,968765,4,,,0,99,,968766,4,,,0,98,,968767,4,,,0,100,,968768,4,,,0,101,,968769,4,,,0,98,,968770,4,,,0,99,,968771,4,,,0,100,,968772,4,,,0,101,,968773,4,,,0,98,,968774,4,,,0,109,,968775,4,,,0,94,,968776,4,,,0,99,,968777,4,,,0,99,,968778,4,,,0,100,,968779,4,,,0,99,,968780,4,,,0,98,,968781,4,,,0
400,'20260719',721,,968782,4,,,0,99,,968783,4,,,0,98,,968784,4,,,0,100,,968785,4,,,0,101,,968786,4,,,0,98,,968787,4,,,0,99,,968788,4,,,0,100,,968789,4,,,0,101,,968790,4,,,0,98,,968791,4,,,0,109,,968792,4,,,0,94,,968793,4,,,0,99,,968794,4,,,0,99,,968795,4,,,0,100,,968796,4,,,0,99,,968797,4,,,0,98,,968798,4,,,0
400,'20260720',656,,968799,4,,,0,71,,968800,4,,,0,26,,968801,4,,,0,73,,968802,4,,,0,88,,968803,4,,,0,100,,968804,4,,,0,100,,968805,4,,,0,102,,968806,4,,,0,93,,968807,4,,,0,104,,968808,4,,,0,97,,968809,4,,,0,27,,968810,4,,,0,68,,968811,4,,,0,34,,968812,4,,,0,67,,968813,4,,,0,30,,968814,4,,,0,96,,968815,4,,,0,99,,968816,4,,,0,100,,968817,4,,,0,103,,968818,4,,,0,99,,968819,4,,,0,100,,968820,4,,,0
400,'20260721',656,,968821,4,,,0,71,,968822,4,,,0,26,,968823,4,,,0,73,,968824,4,,,0,88,,968825,4,,,0,100,,968826,4,,,0,100,,968827,4,,,0,102,,968828,4,,,0,93,,968829,4,,,0,104,,968830,4,,,0,97,,968831,4,,,0,27,,968832,4,,,0,68,,968833,4,,,0,34,,968834,4,,,0,67,,968835,4,,,0,30,,968836,4,,,0,96,,968837,4,,,0,99,,968838,4,,,0,100,,968839,4,,,0,103,,968840,4,,,0,99,,968841,4,,,0,100,,968842,4,,,0
400,'20260722',656,,968843,4,,,0,71,,968844,4,,,0,26,,968845,4,,,0,73,,968846,4,,,0,88,,968847,4,,,0,100,,968848,4,,,0,100,,968849,4,,,0,102,,968850,4,,,0,93,,968851,4,,,0,104,,968852,4,,,0,97,,968853,4,,,0,27,,968854,4,,,0,68,,968855,4,,,0,34,,968856,4,,,0,67,,968857,4,,,0,30,,968858,4,,,0,96,,968859,4,,,0,99,,968860,4,,,0,100,,968861,4,,,0,103,,968862,4,,,0,99,,968863,4,,,0,100,,968864,4,,,0
400,'20260723',656,,968865,4,,,0,71,,968866,4,,,0,26,,968867,4,,,0,73,,968868,4,,,0,88,,968869,4,,,0,100,,968870,4,,,0,100,,968871,4,,,0,102,,968872,4,,,0,93,,968873,4,,,0,104,,968874,4,,,0,97,,968875,4,,,0,27,,968876,4,,,0,68,,968877,4,,,0,34,,968878,4,,,0,67,,968879,4,,,0,30,,968880,4,,,0,96,,968881,4,,,0,99,,968882,4,,,0,100,,968883,4,,,0,103,,968884,4,,,0,99,,968885,4,,,0,100,,968886,4,,,0
400,'20260724',656,,939713,4,,,0,71,,939714,4,,,0,26,,939715,4,,,0,73,,939716,4,,,0,88,,939717,4,,,0,100,,939718,4,,,0,100,,939719,4,,,0,102,,939720,4,,,0,93,,939721,4,,,0,104,,939722,4,,,0,97,,939723,4,,,0,27,,939724,4,,,0,68,,939725,4,,,0,34,,939726,4,,,0,67,,939727,4,,,0,30,,939728,4,,,0,96,,939729,4,,,0,99,,939730,4,,,0,100,,939731,4,,,0,103,,939732,4,,,0,99,,939733,4,,,0,100,,939734,4,,,0
400,'20260725',721,,939735,4,,,0,99,,939736,4,,,0,98,,939737,4,,,0,100,,939738,4,,,0,101,,939739,4,,,0,98,,939740,4,,,0,99,,939741,4,,,0,100,,939742,4,,,0,101,,939743,4,,,0,98,,939744,4,,,0,109,,939745,4,,,0,94,,939746,4,,,0,99,,939747,4,,,0,99,,939748,4,,,0,100,,939749,4,,,0,99,,939750,4,,,0,98,,939751,4,,,0
400,'20260726',721,,939752,4,,,0,99,,939753,4,,,0,98,,939754,4,,,0,100,,939755,4,,,0,101,,939756,4,,,0,98,,939757,4,,,0,99,,939758,4,,,0,100,,939759,4,,,0,101,,939760,4,,,0,98,,939761,4,,,0,109,,939762,4,,,0,94,,939763,4,,,0,99,,939764,4,,,0,99,,939765,4,,,0,100,,939766,4,,,0,99,,939767,4,,,0,98,,939768,4,,,0
400,'20260727',656,,939769,4,,,0,71,,939770,4,,,0,26,,939771,4,,,0,73,,939772,4,,,0,88,,939773,4,,,0,100,,939774,4,,,0,100,,939775,4,,,0,102,,939776,4,,,0,93,,939777,4,,,0,104,,939778,4,,,0,97,,939779,4,,,0,27,,939780,4,,,0,68,,939781,4,,,0,34,,939782,4,,,0,67,,939783,4,,,0,30,,939784,4,,,0,96,,939785,4,,,0,99,,939786,4,,,0,100,,939787,4,,,0,103,,939788,4,,,0,99,,939789,4,,,0,100,,939790,4,,,0
400,'20260728',656,,939791,4,,,0,71,,939792,4,,,0,26,,939793,4,,,0,73,,939794,4,,,0,88,,939795,4,,,0,100,,939796,4,,,0,100,,939797,4,,,0,102,,939798,4,,,0,93,,939799,4,,,0,104,,939800,4,,,0,97,,939801,4,,,0,27,,939802,4,,,0,68,,939803,4,,,0,34,,939804,4,,,0,67,,939805,4,,,0,30,,939806,4,,,0,96,,939807,4,,,0,99,,939808,4,,,0,100,,939809,4,,,0,103,,939810,4,,,0,99,,939811,4,,,0,100,,939812,4,,,0
400,'20260729',656,,968887,4,,,0,71,,968888,4,,,0,26,,968889,4,,,0,73,,968890,4,,,0,88,,968891,4,,,0,100,,968892,4,,,0,100,,968893,4,,,0,102,,968894,4,,,0,93,,968895,4,,,0,104,,968896,4,,,0,97,,968897,4,,,0,27,,968898,4,,,0,68,,968899,4,,,0,34,,968900,4,,,0,67,,968901,4,,,0,30,,968902,4,,,0,96,,968903,4,,,0,99,,968904,4,,,0,100,,968905,4,,,0,103,,968906,4,,,0,99,,968907,4,,,0,100,,968908,4,,,0
400,'20260730',656,,968909,4,,,0,71,,968910,4,,,0,26,,968911,4,,,0,73,,968912,4,,,0,88,,968913,4,,,0,100,,968914,4,,,0,100,,968915,4,,,0,102,,968916,4,,,0,93,,968917,4,,,0,104,,968918,4,,,0,97,,968919,4,,,0,27,,968920,4,,,0,68,,968921,4,,,0,34,,968922,4,,,0,67,,968923,4,,,0,30,,968924,4,,,0,96,,968925,4,,,0,99,,968926,4,,,0,100,,968927,4,,,0,103,,968928,4,,,0,99,,968929,4,,,0,100,,968930,4,,,0
400,'20260731',656,,968931,4,,,0,71,,968932,4,,,0,26,,968933,4,,,0,73,,968934,4,,,0,88,,968935,4,,,0,100,,968936,4,,,0,100,,968937,4,,,0,102,,968938,4,,,0,93,,968939,4,,,0,104,,968940,4,,,0,97,,968941,4,,,0,27,,968942,4,,,0,68,,968943,4,,,0,34,,968944,4,,,0,67,,968945,4,,,0,30,,968946,4,,,0,96,,968947,4,,,0,99,,968948,4,,,0,100,,968949,4,,,0,103,,968950,4,,,0,99,,968951,4,,,0,100,,968952,4,,,0
