7401,'20260623',622,5,777927,52,,,1,100,6,777928,52,,,1,100,6,777929,52,,,1,100,5,777930,52,,,1,100,5,777931,52,,,1,100,5,777932,52,,,1,100,5,777933,52,,,1,100,5,777934,52,,,1,100,5,777935,52,,,1,100,5,777936,52,,,1,25,,777925,24,4,,1,75,6,777937,52,,,1,24,,777926,24,4,,1,76,6,777938,52,,,1,100,5,777939,52,,,1,100,5,777940,52,,,1,100,5,777941,52,,,1,100,5,777942,52,,,1,100,5,777943,52,,,1,130,5,777944,52,,,1
7401,'20260624',722,5,777945,52,,,1,100,5,777946,52,,,1,100,5,777947,52,,,1,100,5,777948,52,,,1,100,5,777949,52,,,1,100,5,777950,52,,,1,100,5,777951,52,,,1,100,5,777952,52,,,1,100,5,777953,52,,,1,100,6,777954,52,,,1,100,6,777955,52,,,1,100,5,777956,52,,,1,100,5,777957,52,,,1,100,5,777958,52,,,1,100,6,777959,52,,,1,100,5,777960,52,,,1,125,,777961,52,4,,1
7401,'20260625',622,5,801837,52,,,1,100,6,801838,52,,,1,100,6,801839,52,,,1,100,5,801840,52,,,1,100,5,801841,52,,,1,100,5,801842,52,,,1,100,5,801843,52,,,1,100,5,801844,52,,,1,100,5,801845,52,,,1,95,,801831,24,4,,1,5,5,801846,52,,,1,25,,801835,24,4,,1,69,,801832,24,4,,1,6,6,801847,52,,,1,24,,801836,24,4,,1,70,,801833,24,4,,1,6,6,801848,52,,,1,94,,801834,24,4,,1,6,5,801849,52,,,1,100,5,801850,52,,,1,100,5,801851,52,,,1,100,5,801852,52,,,1,100,5,801853,52,,,1,130,5,801854,52,,,1
7401,'20260626',622,5,801857,52,,,1,100,6,801858,52,,,1,100,6,801859,52,,,1,100,5,801860,52,,,1,100,5,801861,52,,,1,100,5,801862,52,,,1,100,5,801863,52,,,1,100,5,801864,52,,,1,100,5,801865,52,,,1,100,5,801866,52,,,1,25,,801855,24,4,,1,75,6,801867,52,,,1,24,,801856,24,4,,1,76,6,801868,52,,,1,100,5,801869,52,,,1,100,5,801870,52,,,1,100,5,801871,52,,,1,100,5,801872,52,,,1,100,5,801873,52,,,1,130,5,801874,52,,,1
7401,'20260627',722,5,749395,52,,,1,100,5,749381,52,,,1,100,5,749382,52,,,1,100,5,749396,52,,,1,100,5,749389,52,,,1,100,5,749390,52,,,1,100,5,749391,52,,,1,100,5,749392,52,,,1,100,5,749393,52,,,1,100,6,749394,52,,,1,100,6,749383,52,,,1,100,5,749387,52,,,1,100,5,749388,52,,,1,100,5,749384,52,,,1,100,6,749385,52,,,1,100,5,749386,52,,,1,125,,749397,52,4,,1
7401,'20260628',722,5,749398,52,,,1,100,5,749413,52,,,1,100,5,749399,52,,,1,100,5,749414,52,,,1,100,5,749401,52,,,1,100,5,749402,52,,,1,100,5,749403,52,,,1,100,5,749404,52,,,1,100,5,749405,52,,,1,100,6,749406,52,,,1,100,6,749407,52,,,1,100,5,749408,52,,,1,100,5,749409,52,,,1,100,5,749410,52,,,1,100,6,749411,52,,,1,100,5,749412,52,,,1,125,,749400,52,4,,1
7401,'20260629',622,5,749415,52,,,1,100,6,749416,52,,,1,100,6,749417,52,,,1,100,5,749418,52,,,1,100,5,749419,52,,,1,100,5,749420,52,,,1,100,5,749421,52,,,1,100,5,749422,52,,,1,100,5,749423,52,,,1,100,5,749424,52,,,1,25,,749434,24,4,,1,75,6,749430,52,,,1,24,,749433,24,4,,1,76,6,749425,52,,,1,100,5,749426,52,,,1,100,5,749432,52,,,1,100,5,749427,52,,,1,100,5,749431,52,,,1,100,5,749428,52,,,1,130,5,749429,52,,,1
7401,'20260630',622,5,749435,52,,,1,100,6,749436,52,,,1,100,6,749437,52,,,1,100,5,749438,52,,,1,100,5,749439,52,,,1,100,5,749440,52,,,1,100,5,749441,52,,,1,100,5,749442,52,,,1,100,5,749443,52,,,1,100,5,749444,52,,,1,25,,749454,24,4,,1,75,6,749450,52,,,1,24,,749453,24,4,,1,76,6,749445,52,,,1,100,5,749446,52,,,1,100,5,749452,52,,,1,100,5,749447,52,,,1,100,5,749451,52,,,1,100,5,749448,52,,,1,130,5,749449,52,,,1
7401,'20260701',722,5,777962,52,,,1,100,5,777977,52,,,1,100,5,777963,52,,,1,100,5,777978,52,,,1,100,5,777965,52,,,1,100,5,777966,52,,,1,100,5,777967,52,,,1,100,5,777968,52,,,1,100,5,777969,52,,,1,100,6,777970,52,,,1,100,6,777971,52,,,1,100,5,777972,52,,,1,100,5,777973,52,,,1,100,5,777974,52,,,1,100,6,777975,52,,,1,100,5,777976,52,,,1,125,,777964,52,4,,1
7401,'20260702',622,5,777979,52,,,1,100,6,777980,52,,,1,100,6,777981,52,,,1,100,5,777982,52,,,1,100,5,777983,52,,,1,100,5,777984,52,,,1,100,5,777985,52,,,1,100,5,777986,52,,,1,100,5,777987,52,,,1,100,5,777988,52,,,1,25,,777998,24,4,,1,75,6,777994,52,,,1,24,,777997,24,4,,1,76,6,777989,52,,,1,100,5,777990,52,,,1,100,5,777996,52,,,1,100,5,777991,52,,,1,100,5,777995,52,,,1,100,5,777992,52,,,1,130,5,777993,52,,,1
7401,'20260703',622,5,777999,52,,,1,100,6,778000,52,,,1,100,6,778001,52,,,1,100,5,778002,52,,,1,100,5,778003,52,,,1,100,5,778004,52,,,1,100,5,778005,52,,,1,100,5,778006,52,,,1,100,5,778007,52,,,1,100,5,778008,52,,,1,25,,778018,24,4,,1,75,6,778014,52,,,1,24,,778017,24,4,,1,76,6,778009,52,,,1,100,5,778010,52,,,1,100,5,778016,52,,,1,100,5,778011,52,,,1,100,5,778015,52,,,1,100,5,778012,52,,,1,130,5,778013,52,,,1
7401,'20260704',722,5,801889,52,,,1,100,5,801875,52,,,1,100,5,801876,52,,,1,100,5,801890,52,,,1,100,5,801883,52,,,1,100,5,801884,52,,,1,100,5,801885,52,,,1,100,5,801886,52,,,1,100,5,801887,52,,,1,100,6,801888,52,,,1,100,6,801877,52,,,1,100,5,801881,52,,,1,100,5,801882,52,,,1,100,5,801878,52,,,1,100,6,801879,52,,,1,100,5,801880,52,,,1,125,,801891,52,4,,1
7401,'20260705',722,5,801892,52,,,1,100,5,801907,52,,,1,100,5,801893,52,,,1,100,5,801908,52,,,1,100,5,801895,52,,,1,100,5,801896,52,,,1,100,5,801897,52,,,1,100,5,801898,52,,,1,100,5,801899,52,,,1,100,6,801900,52,,,1,100,6,801901,52,,,1,100,5,801902,52,,,1,100,5,801903,52,,,1,100,5,801904,52,,,1,100,6,801905,52,,,1,100,5,801906,52,,,1,125,,801894,52,4,,1
7401,'20260706',622,5,801909,52,,,1,100,6,801910,52,,,1,100,6,801911,52,,,1,100,5,801912,52,,,1,100,5,801913,52,,,1,100,5,801914,52,,,1,100,5,801915,52,,,1,100,5,801916,52,,,1,100,5,801917,52,,,1,100,5,801918,52,,,1,25,,801928,24,4,,1,75,6,801924,52,,,1,24,,801927,24,4,,1,76,6,801919,52,,,1,100,5,801920,52,,,1,100,5,801926,52,,,1,100,5,801921,52,,,1,100,5,801925,52,,,1,100,5,801922,52,,,1,130,5,801923,52,,,1
7401,'20260707',622,5,801929,52,,,1,100,6,801930,52,,,1,100,6,801931,52,,,1,100,5,801932,52,,,1,100,5,801933,52,,,1,100,5,801934,52,,,1,100,5,801935,52,,,1,100,5,801936,52,,,1,100,5,801937,52,,,1,100,5,801938,52,,,1,25,,801948,24,4,,1,75,6,801944,52,,,1,24,,801947,24,4,,1,76,6,801939,52,,,1,100,5,801940,52,,,1,100,5,801946,52,,,1,100,5,801941,52,,,1,100,5,801945,52,,,1,100,5,801942,52,,,1,130,5,801943,52,,,1
8401,'20260623',652,5,780134,66,,,1,63,,780135,66,4,,1,37,7,780136,66,,,1,63,,780137,66,4,,1,37,7,780138,66,,,1,64,,780139,66,4,,1,36,6,780140,66,,,1,100,7,780141,66,,,1,100,7,780142,66,,,1,100,7,780143,66,,,1,100,7,780144,66,,,1,100,8,780145,66,,,1,100,8,780146,66,,,1,100,11,780147,66,,,1,100,7,780148,66,,,1,100,6,780149,66,,,1,100,7,780150,66,,,1,100,7,780151,66,,,1,100,6,780152,66,,,1,100,6,780153,66,,,1,100,6,780154,66,,,1
8401,'20260624',652,5,780155,66,,,1,100,5,780156,66,,,1,100,6,780157,66,,,1,100,6,780158,66,,,1,100,6,780159,66,,,1,100,6,780160,66,,,1,100,6,780161,66,,,1,100,7,780162,66,,,1,100,7,780163,66,,,1,100,8,780164,66,,,1,100,6,780165,66,,,1,100,6,780166,66,,,1,100,6,780167,66,,,1,100,6,780168,66,,,1,100,6,780169,66,,,1,100,6,780170,66,,,1,100,4,780171,66,,,1,100,4,780172,66,,,1
8401,'20260625',652,5,803517,66,,,1,63,,803518,66,4,,1,37,7,803519,66,,,1,63,,803520,66,4,,1,37,7,803521,66,,,1,64,,803522,66,4,,1,36,6,803523,66,,,1,100,7,803524,66,,,1,100,7,803525,66,,,1,100,7,803526,66,,,1,100,7,803527,66,,,1,100,8,803528,66,,,1,100,8,803529,66,,,1,100,11,803530,66,,,1,100,7,803531,66,,,1,100,6,803532,66,,,1,100,7,803533,66,,,1,100,7,803534,66,,,1,100,6,803535,66,,,1,100,6,803536,66,,,1,100,6,803537,66,,,1
8401,'20260626',652,5,803538,66,,,1,63,,803539,66,4,,1,37,7,803540,66,,,1,63,,803541,66,4,,1,37,7,803542,66,,,1,64,,803543,66,4,,1,36,6,803544,66,,,1,100,7,803545,66,,,1,100,7,803546,66,,,1,100,7,803547,66,,,1,100,7,803548,66,,,1,100,8,803549,66,,,1,100,8,803550,66,,,1,100,11,803551,66,,,1,100,7,803552,66,,,1,100,6,803553,66,,,1,100,7,803554,66,,,1,100,7,803555,66,,,1,100,6,803556,66,,,1,100,6,803557,66,,,1,100,6,803558,66,,,1
8401,'20260627',652,5,751890,66,,,1,100,5,751905,66,,,1,100,6,751891,66,,,1,100,6,751904,66,,,1,100,6,751892,66,,,1,100,6,751899,66,,,1,100,6,751900,66,,,1,100,7,751901,66,,,1,100,7,751902,66,,,1,100,8,751903,66,,,1,100,6,751894,66,,,1,100,6,751893,66,,,1,100,6,751895,66,,,1,100,6,751898,66,,,1,100,6,751897,66,,,1,100,6,751896,66,,,1,100,4,751906,66,,,1,100,4,751907,66,,,1
8401,'20260628',652,5,751920,66,,,1,100,5,751924,66,,,1,100,6,751923,66,,,1,100,6,751921,66,,,1,100,6,751908,66,,,1,100,6,751914,66,,,1,100,6,751909,66,,,1,100,7,751915,66,,,1,100,7,751910,66,,,1,100,8,751916,66,,,1,100,6,751911,66,,,1,100,6,751917,66,,,1,100,6,751912,66,,,1,100,6,751918,66,,,1,100,6,751913,66,,,1,100,6,751919,66,,,1,100,4,751922,66,,,1,100,4,751925,66,,,1
8401,'20260629',652,5,751926,66,,,1,63,,751945,66,4,,1,37,7,751927,66,,,1,63,,751946,66,4,,1,37,7,751928,66,,,1,64,,751943,66,4,,1,36,6,751929,66,,,1,100,7,751930,66,,,1,100,7,751931,66,,,1,100,7,751932,66,,,1,100,7,751933,66,,,1,100,8,751934,66,,,1,100,8,751935,66,,,1,100,11,751936,66,,,1,100,7,751937,66,,,1,100,6,751938,66,,,1,100,7,751939,66,,,1,100,7,751940,66,,,1,100,6,751941,66,,,1,100,6,751942,66,,,1,100,6,751944,66,,,1
8401,'20260630',652,5,751947,66,,,1,63,,751966,66,4,,1,37,7,751948,66,,,1,63,,751967,66,4,,1,37,7,751949,66,,,1,64,,751964,66,4,,1,36,6,751950,66,,,1,100,7,751951,66,,,1,100,7,751952,66,,,1,100,7,751953,66,,,1,100,7,751954,66,,,1,100,8,751955,66,,,1,100,8,751956,66,,,1,100,11,751957,66,,,1,100,7,751958,66,,,1,100,6,751959,66,,,1,100,7,751960,66,,,1,100,7,751961,66,,,1,100,6,751962,66,,,1,100,6,751963,66,,,1,100,6,751965,66,,,1
8401,'20260701',652,5,780185,66,,,1,100,5,780189,66,,,1,100,6,780188,66,,,1,100,6,780186,66,,,1,100,6,780173,66,,,1,100,6,780179,66,,,1,100,6,780174,66,,,1,100,7,780180,66,,,1,100,7,780175,66,,,1,100,8,780181,66,,,1,100,6,780176,66,,,1,100,6,780182,66,,,1,100,6,780177,66,,,1,100,6,780183,66,,,1,100,6,780178,66,,,1,100,6,780184,66,,,1,100,4,780187,66,,,1,100,4,780190,66,,,1
8401,'20260702',652,5,780191,66,,,1,63,,780210,66,4,,1,37,7,780192,66,,,1,63,,780211,66,4,,1,37,7,780193,66,,,1,64,,780208,66,4,,1,36,6,780194,66,,,1,100,7,780195,66,,,1,100,7,780196,66,,,1,100,7,780197,66,,,1,100,7,780198,66,,,1,100,8,780199,66,,,1,100,8,780200,66,,,1,100,11,780201,66,,,1,100,7,780202,66,,,1,100,6,780203,66,,,1,100,7,780204,66,,,1,100,7,780205,66,,,1,100,6,780206,66,,,1,100,6,780207,66,,,1,100,6,780209,66,,,1
8401,'20260703',652,5,780212,66,,,1,63,,780231,66,4,,1,37,7,780213,66,,,1,63,,780232,66,4,,1,37,7,780214,66,,,1,64,,780229,66,4,,1,36,6,780215,66,,,1,100,7,780216,66,,,1,100,7,780217,66,,,1,100,7,780218,66,,,1,100,7,780219,66,,,1,100,8,780220,66,,,1,100,8,780221,66,,,1,100,11,780222,66,,,1,100,7,780223,66,,,1,100,6,780224,66,,,1,100,7,780225,66,,,1,100,7,780226,66,,,1,100,6,780227,66,,,1,100,6,780228,66,,,1,100,6,780230,66,,,1
8401,'20260704',652,5,803559,66,,,1,100,5,803574,66,,,1,100,6,803560,66,,,1,100,6,803573,66,,,1,100,6,803561,66,,,1,100,6,803568,66,,,1,100,6,803569,66,,,1,100,7,803570,66,,,1,100,7,803571,66,,,1,100,8,803572,66,,,1,100,6,803563,66,,,1,100,6,803562,66,,,1,100,6,803564,66,,,1,100,6,803567,66,,,1,100,6,803566,66,,,1,100,6,803565,66,,,1,100,4,803575,66,,,1,100,4,803576,66,,,1
8401,'20260705',652,5,803589,66,,,1,100,5,803593,66,,,1,100,6,803592,66,,,1,100,6,803590,66,,,1,100,6,803577,66,,,1,100,6,803583,66,,,1,100,6,803578,66,,,1,100,7,803584,66,,,1,100,7,803579,66,,,1,100,8,803585,66,,,1,100,6,803580,66,,,1,100,6,803586,66,,,1,100,6,803581,66,,,1,100,6,803587,66,,,1,100,6,803582,66,,,1,100,6,803588,66,,,1,100,4,803591,66,,,1,100,4,803594,66,,,1
8401,'20260706',652,5,803595,66,,,1,63,,803614,66,4,,1,37,7,803596,66,,,1,63,,803615,66,4,,1,37,7,803597,66,,,1,64,,803612,66,4,,1,36,6,803598,66,,,1,100,7,803599,66,,,1,100,7,803600,66,,,1,100,7,803601,66,,,1,100,7,803602,66,,,1,100,8,803603,66,,,1,100,8,803604,66,,,1,100,11,803605,66,,,1,100,7,803606,66,,,1,100,6,803607,66,,,1,100,7,803608,66,,,1,100,7,803609,66,,,1,100,6,803610,66,,,1,100,6,803611,66,,,1,100,6,803613,66,,,1
8401,'20260707',652,5,803616,66,,,1,63,,803635,66,4,,1,37,7,803617,66,,,1,63,,803636,66,4,,1,37,7,803618,66,,,1,64,,803633,66,4,,1,36,6,803619,66,,,1,100,7,803620,66,,,1,100,7,803621,66,,,1,100,7,803622,66,,,1,100,7,803623,66,,,1,100,8,803624,66,,,1,100,8,803625,66,,,1,100,11,803626,66,,,1,100,7,803627,66,,,1,100,6,803628,66,,,1,100,7,803629,66,,,1,100,7,803630,66,,,1,100,6,803631,66,,,1,100,6,803632,66,,,1,100,6,803634,66,,,1
80401,'20260623',537,,790110,34,,,1,15,,790111,34,,,1,55,,790112,34,,,1,15,,790113,34,,,1,15,,790114,34,,,1,14,,790115,34,,,1,56,,790116,34,,,1,15,,790117,34,,,1,12,,790118,34,,,1,10,,790119,34,,,1,8,,790120,34,,,1,49,,790121,34,,,1,10,,790122,34,,,1,12,,790123,34,,,1,14,,790124,34,,,1,15,,790125,34,,,1,54,,790126,34,,,1,15,,790127,34,,,1,15,,790128,34,,,1,15,,790129,34,,,1,54,,790130,34,,,1,15,,790131,34,,,1,14,,790132,34,,,1,15,,790133,34,,,1,56,,790134,34,,,1,15,,790135,34,,,1,15,,790136,34,,,1,14,,790137,34,,,1,55,,790138,34,,,1,16,,790139,34,,,1,15,,790140,34,,,1,16,,790141,34,,,1,53,,790142,34,,,1,15,,790143,34,,,1,18,,790144,34,,,1,16,,790145,34,,,1,54,,790146,34,,,1,15,,790147,34,,,1,16,,790148,34,,,1,15,,790149,34,,,1,55,,790150,34,,,1,16,,790151,34,,,1,15,,790152,34,,,1,14,,790153,34,,,1,52,,790154,34,,,1,15,,790155,34,,,1,15,,790156,34,,,1,13,,790157,34,,,1,52,,790158,34,,,1,12,,790159,34,,,1,12,,790160,34,,,1,16,,790161,34,,,1,13,,790162,34,,,1,53,,790163,34,,,1,17,,790164,34,,,1,18,,790165,34,,,1,16,,790166,34,,,1,55,,790167,34,,,1,15,,790168,34,,,1,14,,790169,34,,,1,17,,790170,34,,,1,57,,790171,34,,,1,15,,790172,34,,,1,17,,790173,34,,,1,58,,790174,34,,,1,18,,790175,34,,,1,19,,790176,34,,,1,16,,790177,34,,,1,58,,790178,34,,,1,17,,790179,34,,,1,15,,790180,34,,,1,58,,790181,34,,,1,18,,790182,34,,,1,18,,790183,34,,,1,58,,790184,34,,,1,18,,790185,34,,,1,18,,790186,34,,,1
80401,'20260624',648,,790187,34,,,1,58,,790188,34,,,1,18,,790189,34,,,1,18,,790190,34,,,1,17,,790191,34,,,1,57,,790192,34,,,1,16,,790193,34,,,1,15,,790194,34,,,1,55,,790195,34,,,1,15,,790196,34,,,1,16,,790197,34,,,1,16,,790198,34,,,1,54,,790199,34,,,1,13,,790200,34,,,1,15,,790201,34,,,1,13,,790202,34,,,1,56,,790203,34,,,1,14,,790204,34,,,1,15,,790205,34,,,1,15,,790206,34,,,1,15,,790207,34,,,1,55,,790208,34,,,1,16,,790209,34,,,1,15,,790210,34,,,1,56,,790211,34,,,1,16,,790212,34,,,1,15,,790213,34,,,1,15,,790214,34,,,1,57,,790215,34,,,1,15,,790216,34,,,1,16,,790217,34,,,1,15,,790218,34,,,1,56,,790219,34,,,1,16,,790220,34,,,1,14,,790221,34,,,1,14,,790222,34,,,1,55,,790223,34,,,1,15,,790224,34,,,1,15,,790225,34,,,1,14,,790226,34,,,1,55,,790227,34,,,1,15,,790228,34,,,1,16,,790229,34,,,1,15,,790230,34,,,1,57,,790231,34,,,1,19,,790232,34,,,1,19,,790233,34,,,1,59,,790234,34,,,1,19,,790235,34,,,1,18,,790236,34,,,1,59,,790237,34,,,1,18,,790238,34,,,1,19,,790239,34,,,1,16,,790240,34,,,1,57,,790241,34,,,1,18,,790242,34,,,1,19,,790243,34,,,1,57,,790244,34,,,1,19,,790245,34,,,1,17,,790246,34,,,1,18,,790247,34,,,1,58,,790248,34,,,1,18,,790249,34,,,1,18,,790250,34,,,1,58,,790251,34,,,1
80401,'20260625',537,,811397,34,,,1,15,,811398,34,,,1,55,,811399,34,,,1,15,,811400,34,,,1,15,,811401,34,,,1,14,,811402,34,,,1,56,,811403,34,,,1,15,,811404,34,,,1,12,,811405,34,,,1,10,,811406,34,,,1,8,,811407,34,,,1,49,,811408,34,,,1,10,,811409,34,,,1,12,,811410,34,,,1,14,,811411,34,,,1,15,,811412,34,,,1,54,,811413,34,,,1,15,,811414,34,,,1,15,,811415,34,,,1,15,,811416,34,,,1,54,,811417,34,,,1,15,,811418,34,,,1,14,,811419,34,,,1,15,,811420,34,,,1,56,,811421,34,,,1,15,,811422,34,,,1,15,,811423,34,,,1,14,,811424,34,,,1,55,,811425,34,,,1,16,,811426,34,,,1,15,,811427,34,,,1,16,,811428,34,,,1,53,,811429,34,,,1,15,,811430,34,,,1,18,,811431,34,,,1,16,,811432,34,,,1,54,,811433,34,,,1,15,,811434,34,,,1,16,,811435,34,,,1,15,,811436,34,,,1,55,,811437,34,,,1,16,,811438,34,,,1,15,,811439,34,,,1,14,,811440,34,,,1,52,,811441,34,,,1,15,,811442,34,,,1,15,,811443,34,,,1,13,,811444,34,,,1,52,,811445,34,,,1,12,,811446,34,,,1,12,,811447,34,,,1,16,,811448,34,,,1,13,,811449,34,,,1,53,,811450,34,,,1,17,,811451,34,,,1,18,,811452,34,,,1,16,,811453,34,,,1,55,,811454,34,,,1,15,,811455,34,,,1,14,,811456,34,,,1,17,,811457,34,,,1,57,,811458,34,,,1,15,,811459,34,,,1,17,,811460,34,,,1,58,,811461,34,,,1,18,,811462,34,,,1,19,,811463,34,,,1,16,,811464,34,,,1,58,,811465,34,,,1,17,,811466,34,,,1,15,,811467,34,,,1,58,,811468,34,,,1,18,,811469,34,,,1,18,,811470,34,,,1,58,,811471,34,,,1,18,,811472,34,,,1,18,,811473,34,,,1
80401,'20260626',537,,811474,34,,,1,15,,811475,34,,,1,55,,811476,34,,,1,15,,811477,34,,,1,15,,811478,34,,,1,14,,811479,34,,,1,56,,811480,34,,,1,15,,811481,34,,,1,12,,811482,34,,,1,10,,811483,34,,,1,8,,811484,34,,,1,49,,811485,34,,,1,10,,811486,34,,,1,12,,811487,34,,,1,14,,811488,34,,,1,15,,811489,34,,,1,54,,811490,34,,,1,15,,811491,34,,,1,15,,811492,34,,,1,15,,811493,34,,,1,54,,811494,34,,,1,15,,811495,34,,,1,14,,811496,34,,,1,15,,811497,34,,,1,56,,811498,34,,,1,15,,811499,34,,,1,15,,811500,34,,,1,14,,811501,34,,,1,55,,811502,34,,,1,16,,811503,34,,,1,15,,811504,34,,,1,16,,811505,34,,,1,53,,811506,34,,,1,15,,811507,34,,,1,18,,811508,34,,,1,16,,811509,34,,,1,54,,811510,34,,,1,15,,811511,34,,,1,16,,811512,34,,,1,15,,811513,34,,,1,55,,811514,34,,,1,16,,811515,34,,,1,15,,811516,34,,,1,14,,811517,34,,,1,52,,811518,34,,,1,15,,811519,34,,,1,15,,811520,34,,,1,13,,811521,34,,,1,52,,811522,34,,,1,12,,811523,34,,,1,12,,811524,34,,,1,16,,811525,34,,,1,13,,811526,34,,,1,53,,811527,34,,,1,17,,811528,34,,,1,18,,811529,34,,,1,16,,811530,34,,,1,55,,811531,34,,,1,15,,811532,34,,,1,14,,811533,34,,,1,17,,811534,34,,,1,57,,811535,34,,,1,15,,811536,34,,,1,17,,811537,34,,,1,58,,811538,34,,,1,18,,811539,34,,,1,19,,811540,34,,,1,16,,811541,34,,,1,58,,811542,34,,,1,17,,811543,34,,,1,15,,811544,34,,,1,58,,811545,34,,,1,18,,811546,34,,,1,18,,811547,34,,,1,58,,811548,34,,,1,18,,811549,34,,,1,18,,811550,34,,,1
80401,'20260627',648,,763602,34,,,1,58,,763654,34,,,1,18,,763653,34,,,1,18,,763603,34,,,1,17,,763604,34,,,1,57,,763655,34,,,1,16,,763642,34,,,1,15,,763643,34,,,1,55,,763644,34,,,1,15,,763656,34,,,1,16,,763605,34,,,1,16,,763645,34,,,1,54,,763646,34,,,1,13,,763657,34,,,1,15,,763606,34,,,1,13,,763647,34,,,1,56,,763648,34,,,1,14,,763658,34,,,1,15,,763607,34,,,1,15,,763649,34,,,1,15,,763650,34,,,1,55,,763608,34,,,1,16,,763651,34,,,1,15,,763609,34,,,1,56,,763610,34,,,1,16,,763611,34,,,1,15,,763612,34,,,1,15,,763613,34,,,1,57,,763614,34,,,1,15,,763615,34,,,1,16,,763616,34,,,1,15,,763617,34,,,1,56,,763618,34,,,1,16,,763619,34,,,1,14,,763620,34,,,1,14,,763621,34,,,1,55,,763622,34,,,1,15,,763623,34,,,1,15,,763624,34,,,1,14,,763625,34,,,1,55,,763626,34,,,1,15,,763627,34,,,1,16,,763628,34,,,1,15,,763629,34,,,1,57,,763652,34,,,1,19,,763663,34,,,1,19,,763630,34,,,1,59,,763631,34,,,1,19,,763664,34,,,1,18,,763632,34,,,1,59,,763665,34,,,1,18,,763633,34,,,1,19,,763634,34,,,1,16,,763666,34,,,1,57,,763635,34,,,1,18,,763661,34,,,1,19,,763636,34,,,1,57,,763637,34,,,1,19,,763660,34,,,1,17,,763638,34,,,1,18,,763659,34,,,1,58,,763639,34,,,1,18,,763640,34,,,1,18,,763662,34,,,1,58,,763641,34,,,1
80401,'20260628',648,,763667,34,,,1,58,,763668,34,,,1,18,,763719,34,,,1,18,,763718,34,,,1,17,,763669,34,,,1,57,,763720,34,,,1,16,,763707,34,,,1,15,,763708,34,,,1,55,,763709,34,,,1,15,,763721,34,,,1,16,,763671,34,,,1,16,,763710,34,,,1,54,,763711,34,,,1,13,,763722,34,,,1,15,,763670,34,,,1,13,,763712,34,,,1,56,,763713,34,,,1,14,,763723,34,,,1,15,,763672,34,,,1,15,,763714,34,,,1,15,,763715,34,,,1,55,,763673,34,,,1,16,,763716,34,,,1,15,,763674,34,,,1,56,,763675,34,,,1,16,,763676,34,,,1,15,,763677,34,,,1,15,,763678,34,,,1,57,,763679,34,,,1,15,,763680,34,,,1,16,,763681,34,,,1,15,,763682,34,,,1,56,,763683,34,,,1,16,,763684,34,,,1,14,,763685,34,,,1,14,,763686,34,,,1,55,,763687,34,,,1,15,,763688,34,,,1,15,,763689,34,,,1,14,,763690,34,,,1,55,,763691,34,,,1,15,,763692,34,,,1,16,,763693,34,,,1,15,,763694,34,,,1,57,,763695,34,,,1,19,,763717,34,,,1,19,,763724,34,,,1,59,,763696,34,,,1,19,,763697,34,,,1,18,,763725,34,,,1,59,,763698,34,,,1,18,,763726,34,,,1,19,,763699,34,,,1,16,,763700,34,,,1,57,,763727,34,,,1,18,,763701,34,,,1,19,,763728,34,,,1,57,,763702,34,,,1,19,,763703,34,,,1,17,,763729,34,,,1,18,,763704,34,,,1,58,,763730,34,,,1,18,,763705,34,,,1,18,,763731,34,,,1,58,,763706,34,,,1
80401,'20260629',537,,763808,34,,,1,15,,763797,34,,,1,55,,763732,34,,,1,15,,763796,34,,,1,15,,763779,34,,,1,14,,763733,34,,,1,56,,763734,34,,,1,15,,763735,34,,,1,12,,763736,34,,,1,10,,763792,34,,,1,8,,763786,34,,,1,49,,763737,34,,,1,10,,763738,34,,,1,12,,763739,34,,,1,14,,763740,34,,,1,15,,763753,34,,,1,54,,763754,34,,,1,15,,763755,34,,,1,15,,763793,34,,,1,15,,763741,34,,,1,54,,763742,34,,,1,15,,763743,34,,,1,14,,763744,34,,,1,15,,763745,34,,,1,56,,763794,34,,,1,15,,763787,34,,,1,15,,763746,34,,,1,14,,763747,34,,,1,55,,763748,34,,,1,16,,763749,34,,,1,15,,763750,34,,,1,16,,763791,34,,,1,53,,763751,34,,,1,15,,763756,34,,,1,18,,763757,34,,,1,16,,763788,34,,,1,54,,763752,34,,,1,15,,763758,34,,,1,16,,763759,34,,,1,15,,763760,34,,,1,55,,763761,34,,,1,16,,763762,34,,,1,15,,763790,34,,,1,14,,763763,34,,,1,52,,763764,34,,,1,15,,763766,34,,,1,15,,763795,34,,,1,13,,763767,34,,,1,52,,763768,34,,,1,12,,763765,34,,,1,12,,763769,34,,,1,16,,763778,34,,,1,13,,763803,34,,,1,53,,763780,34,,,1,17,,763770,34,,,1,18,,763806,34,,,1,16,,763789,34,,,1,55,,763781,34,,,1,15,,763782,34,,,1,14,,763771,34,,,1,17,,763772,34,,,1,57,,763800,34,,,1,15,,763783,34,,,1,17,,763801,34,,,1,58,,763802,34,,,1,18,,763799,34,,,1,19,,763798,34,,,1,16,,763785,34,,,1,58,,763784,34,,,1,17,,763773,34,,,1,15,,763774,34,,,1,58,,763805,34,,,1,18,,763775,34,,,1,18,,763804,34,,,1,58,,763776,34,,,1,18,,763777,34,,,1,18,,763807,34,,,1
80401,'20260630',537,,763885,34,,,1,15,,763874,34,,,1,55,,763809,34,,,1,15,,763873,34,,,1,15,,763856,34,,,1,14,,763810,34,,,1,56,,763811,34,,,1,15,,763812,34,,,1,12,,763813,34,,,1,10,,763869,34,,,1,8,,763863,34,,,1,49,,763814,34,,,1,10,,763815,34,,,1,12,,763816,34,,,1,14,,763817,34,,,1,15,,763830,34,,,1,54,,763831,34,,,1,15,,763832,34,,,1,15,,763870,34,,,1,15,,763818,34,,,1,54,,763819,34,,,1,15,,763820,34,,,1,14,,763821,34,,,1,15,,763822,34,,,1,56,,763871,34,,,1,15,,763864,34,,,1,15,,763823,34,,,1,14,,763824,34,,,1,55,,763825,34,,,1,16,,763826,34,,,1,15,,763827,34,,,1,16,,763868,34,,,1,53,,763828,34,,,1,15,,763833,34,,,1,18,,763834,34,,,1,16,,763865,34,,,1,54,,763829,34,,,1,15,,763835,34,,,1,16,,763836,34,,,1,15,,763837,34,,,1,55,,763838,34,,,1,16,,763839,34,,,1,15,,763867,34,,,1,14,,763840,34,,,1,52,,763841,34,,,1,15,,763843,34,,,1,15,,763872,34,,,1,13,,763844,34,,,1,52,,763845,34,,,1,12,,763842,34,,,1,12,,763846,34,,,1,16,,763855,34,,,1,13,,763880,34,,,1,53,,763857,34,,,1,17,,763847,34,,,1,18,,763883,34,,,1,16,,763866,34,,,1,55,,763858,34,,,1,15,,763859,34,,,1,14,,763848,34,,,1,17,,763849,34,,,1,57,,763877,34,,,1,15,,763860,34,,,1,17,,763878,34,,,1,58,,763879,34,,,1,18,,763876,34,,,1,19,,763875,34,,,1,16,,763862,34,,,1,58,,763861,34,,,1,17,,763850,34,,,1,15,,763851,34,,,1,58,,763882,34,,,1,18,,763852,34,,,1,18,,763881,34,,,1,58,,763853,34,,,1,18,,763854,34,,,1,18,,763884,34,,,1
80401,'20260701',648,,790252,34,,,1,58,,790253,34,,,1,18,,790304,34,,,1,18,,790303,34,,,1,17,,790254,34,,,1,57,,790305,34,,,1,16,,790292,34,,,1,15,,790293,34,,,1,55,,790294,34,,,1,15,,790306,34,,,1,16,,790256,34,,,1,16,,790295,34,,,1,54,,790296,34,,,1,13,,790307,34,,,1,15,,790255,34,,,1,13,,790297,34,,,1,56,,790298,34,,,1,14,,790308,34,,,1,15,,790257,34,,,1,15,,790299,34,,,1,15,,790300,34,,,1,55,,790258,34,,,1,16,,790301,34,,,1,15,,790259,34,,,1,56,,790260,34,,,1,16,,790261,34,,,1,15,,790262,34,,,1,15,,790263,34,,,1,57,,790264,34,,,1,15,,790265,34,,,1,16,,790266,34,,,1,15,,790267,34,,,1,56,,790268,34,,,1,16,,790269,34,,,1,14,,790270,34,,,1,14,,790271,34,,,1,55,,790272,34,,,1,15,,790273,34,,,1,15,,790274,34,,,1,14,,790275,34,,,1,55,,790276,34,,,1,15,,790277,34,,,1,16,,790278,34,,,1,15,,790279,34,,,1,57,,790280,34,,,1,19,,790302,34,,,1,19,,790309,34,,,1,59,,790281,34,,,1,19,,790282,34,,,1,18,,790310,34,,,1,59,,790283,34,,,1,18,,790311,34,,,1,19,,790284,34,,,1,16,,790285,34,,,1,57,,790312,34,,,1,18,,790286,34,,,1,19,,790313,34,,,1,57,,790287,34,,,1,19,,790288,34,,,1,17,,790314,34,,,1,18,,790289,34,,,1,58,,790315,34,,,1,18,,790290,34,,,1,18,,790316,34,,,1,58,,790291,34,,,1
80401,'20260702',537,,790393,34,,,1,15,,790382,34,,,1,55,,790317,34,,,1,15,,790381,34,,,1,15,,790364,34,,,1,14,,790318,34,,,1,56,,790319,34,,,1,15,,790320,34,,,1,12,,790321,34,,,1,10,,790377,34,,,1,8,,790371,34,,,1,49,,790322,34,,,1,10,,790323,34,,,1,12,,790324,34,,,1,14,,790325,34,,,1,15,,790338,34,,,1,54,,790339,34,,,1,15,,790340,34,,,1,15,,790378,34,,,1,15,,790326,34,,,1,54,,790327,34,,,1,15,,790328,34,,,1,14,,790329,34,,,1,15,,790330,34,,,1,56,,790379,34,,,1,15,,790372,34,,,1,15,,790331,34,,,1,14,,790332,34,,,1,55,,790333,34,,,1,16,,790334,34,,,1,15,,790335,34,,,1,16,,790376,34,,,1,53,,790336,34,,,1,15,,790341,34,,,1,18,,790342,34,,,1,16,,790373,34,,,1,54,,790337,34,,,1,15,,790343,34,,,1,16,,790344,34,,,1,15,,790345,34,,,1,55,,790346,34,,,1,16,,790347,34,,,1,15,,790375,34,,,1,14,,790348,34,,,1,52,,790349,34,,,1,15,,790351,34,,,1,15,,790380,34,,,1,13,,790352,34,,,1,52,,790353,34,,,1,12,,790350,34,,,1,12,,790354,34,,,1,16,,790363,34,,,1,13,,790388,34,,,1,53,,790365,34,,,1,17,,790355,34,,,1,18,,790391,34,,,1,16,,790374,34,,,1,55,,790366,34,,,1,15,,790367,34,,,1,14,,790356,34,,,1,17,,790357,34,,,1,57,,790385,34,,,1,15,,790368,34,,,1,17,,790386,34,,,1,58,,790387,34,,,1,18,,790384,34,,,1,19,,790383,34,,,1,16,,790370,34,,,1,58,,790369,34,,,1,17,,790358,34,,,1,15,,790359,34,,,1,58,,790390,34,,,1,18,,790360,34,,,1,18,,790389,34,,,1,58,,790361,34,,,1,18,,790362,34,,,1,18,,790392,34,,,1
80401,'20260703',537,,790470,34,,,1,15,,790459,34,,,1,55,,790394,34,,,1,15,,790458,34,,,1,15,,790441,34,,,1,14,,790395,34,,,1,56,,790396,34,,,1,15,,790397,34,,,1,12,,790398,34,,,1,10,,790454,34,,,1,8,,790448,34,,,1,49,,790399,34,,,1,10,,790400,34,,,1,12,,790401,34,,,1,14,,790402,34,,,1,15,,790415,34,,,1,54,,790416,34,,,1,15,,790417,34,,,1,15,,790455,34,,,1,15,,790403,34,,,1,54,,790404,34,,,1,15,,790405,34,,,1,14,,790406,34,,,1,15,,790407,34,,,1,56,,790456,34,,,1,15,,790449,34,,,1,15,,790408,34,,,1,14,,790409,34,,,1,55,,790410,34,,,1,16,,790411,34,,,1,15,,790412,34,,,1,16,,790453,34,,,1,53,,790413,34,,,1,15,,790418,34,,,1,18,,790419,34,,,1,16,,790450,34,,,1,54,,790414,34,,,1,15,,790420,34,,,1,16,,790421,34,,,1,15,,790422,34,,,1,55,,790423,34,,,1,16,,790424,34,,,1,15,,790452,34,,,1,14,,790425,34,,,1,52,,790426,34,,,1,15,,790428,34,,,1,15,,790457,34,,,1,13,,790429,34,,,1,52,,790430,34,,,1,12,,790427,34,,,1,12,,790431,34,,,1,16,,790440,34,,,1,13,,790465,34,,,1,53,,790442,34,,,1,17,,790432,34,,,1,18,,790468,34,,,1,16,,790451,34,,,1,55,,790443,34,,,1,15,,790444,34,,,1,14,,790433,34,,,1,17,,790434,34,,,1,57,,790462,34,,,1,15,,790445,34,,,1,17,,790463,34,,,1,58,,790464,34,,,1,18,,790461,34,,,1,19,,790460,34,,,1,16,,790447,34,,,1,58,,790446,34,,,1,17,,790435,34,,,1,15,,790436,34,,,1,58,,790467,34,,,1,18,,790437,34,,,1,18,,790466,34,,,1,58,,790438,34,,,1,18,,790439,34,,,1,18,,790469,34,,,1
80401,'20260704',648,,811551,34,,,1,58,,811603,34,,,1,18,,811602,34,,,1,18,,811552,34,,,1,17,,811553,34,,,1,57,,811604,34,,,1,16,,811591,34,,,1,15,,811592,34,,,1,55,,811593,34,,,1,15,,811605,34,,,1,16,,811554,34,,,1,16,,811594,34,,,1,54,,811595,34,,,1,13,,811606,34,,,1,15,,811555,34,,,1,13,,811596,34,,,1,56,,811597,34,,,1,14,,811607,34,,,1,15,,811556,34,,,1,15,,811598,34,,,1,15,,811599,34,,,1,55,,811557,34,,,1,16,,811600,34,,,1,15,,811558,34,,,1,56,,811559,34,,,1,16,,811560,34,,,1,15,,811561,34,,,1,15,,811562,34,,,1,57,,811563,34,,,1,15,,811564,34,,,1,16,,811565,34,,,1,15,,811566,34,,,1,56,,811567,34,,,1,16,,811568,34,,,1,14,,811569,34,,,1,14,,811570,34,,,1,55,,811571,34,,,1,15,,811572,34,,,1,15,,811573,34,,,1,14,,811574,34,,,1,55,,811575,34,,,1,15,,811576,34,,,1,16,,811577,34,,,1,15,,811578,34,,,1,57,,811601,34,,,1,19,,811612,34,,,1,19,,811579,34,,,1,59,,811580,34,,,1,19,,811613,34,,,1,18,,811581,34,,,1,59,,811614,34,,,1,18,,811582,34,,,1,19,,811583,34,,,1,16,,811615,34,,,1,57,,811584,34,,,1,18,,811610,34,,,1,19,,811585,34,,,1,57,,811586,34,,,1,19,,811609,34,,,1,17,,811587,34,,,1,18,,811608,34,,,1,58,,811588,34,,,1,18,,811589,34,,,1,18,,811611,34,,,1,58,,811590,34,,,1
80401,'20260705',648,,811616,34,,,1,58,,811617,34,,,1,18,,811668,34,,,1,18,,811667,34,,,1,17,,811618,34,,,1,57,,811669,34,,,1,16,,811656,34,,,1,15,,811657,34,,,1,55,,811658,34,,,1,15,,811670,34,,,1,16,,811620,34,,,1,16,,811659,34,,,1,54,,811660,34,,,1,13,,811671,34,,,1,15,,811619,34,,,1,13,,811661,34,,,1,56,,811662,34,,,1,14,,811672,34,,,1,15,,811621,34,,,1,15,,811663,34,,,1,15,,811664,34,,,1,55,,811622,34,,,1,16,,811665,34,,,1,15,,811623,34,,,1,56,,811624,34,,,1,16,,811625,34,,,1,15,,811626,34,,,1,15,,811627,34,,,1,57,,811628,34,,,1,15,,811629,34,,,1,16,,811630,34,,,1,15,,811631,34,,,1,56,,811632,34,,,1,16,,811633,34,,,1,14,,811634,34,,,1,14,,811635,34,,,1,55,,811636,34,,,1,15,,811637,34,,,1,15,,811638,34,,,1,14,,811639,34,,,1,55,,811640,34,,,1,15,,811641,34,,,1,16,,811642,34,,,1,15,,811643,34,,,1,57,,811644,34,,,1,19,,811666,34,,,1,19,,811673,34,,,1,59,,811645,34,,,1,19,,811646,34,,,1,18,,811674,34,,,1,59,,811647,34,,,1,18,,811675,34,,,1,19,,811648,34,,,1,16,,811649,34,,,1,57,,811676,34,,,1,18,,811650,34,,,1,19,,811677,34,,,1,57,,811651,34,,,1,19,,811652,34,,,1,17,,811678,34,,,1,18,,811653,34,,,1,58,,811679,34,,,1,18,,811654,34,,,1,18,,811680,34,,,1,58,,811655,34,,,1
80401,'20260706',537,,811757,34,,,1,15,,811746,34,,,1,55,,811681,34,,,1,15,,811745,34,,,1,15,,811728,34,,,1,14,,811682,34,,,1,56,,811683,34,,,1,15,,811684,34,,,1,12,,811685,34,,,1,10,,811741,34,,,1,8,,811735,34,,,1,49,,811686,34,,,1,10,,811687,34,,,1,12,,811688,34,,,1,14,,811689,34,,,1,15,,811702,34,,,1,54,,811703,34,,,1,15,,811704,34,,,1,15,,811742,34,,,1,15,,811690,34,,,1,54,,811691,34,,,1,15,,811692,34,,,1,14,,811693,34,,,1,15,,811694,34,,,1,56,,811743,34,,,1,15,,811736,34,,,1,15,,811695,34,,,1,14,,811696,34,,,1,55,,811697,34,,,1,16,,811698,34,,,1,15,,811699,34,,,1,16,,811740,34,,,1,53,,811700,34,,,1,15,,811705,34,,,1,18,,811706,34,,,1,16,,811737,34,,,1,54,,811701,34,,,1,15,,811707,34,,,1,16,,811708,34,,,1,15,,811709,34,,,1,55,,811710,34,,,1,16,,811711,34,,,1,15,,811739,34,,,1,14,,811712,34,,,1,52,,811713,34,,,1,15,,811715,34,,,1,15,,811744,34,,,1,13,,811716,34,,,1,52,,811717,34,,,1,12,,811714,34,,,1,12,,811718,34,,,1,16,,811727,34,,,1,13,,811752,34,,,1,53,,811729,34,,,1,17,,811719,34,,,1,18,,811755,34,,,1,16,,811738,34,,,1,55,,811730,34,,,1,15,,811731,34,,,1,14,,811720,34,,,1,17,,811721,34,,,1,57,,811749,34,,,1,15,,811732,34,,,1,17,,811750,34,,,1,58,,811751,34,,,1,18,,811748,34,,,1,19,,811747,34,,,1,16,,811734,34,,,1,58,,811733,34,,,1,17,,811722,34,,,1,15,,811723,34,,,1,58,,811754,34,,,1,18,,811724,34,,,1,18,,811753,34,,,1,58,,811725,34,,,1,18,,811726,34,,,1,18,,811756,34,,,1
80401,'20260707',537,,811834,34,,,1,15,,811823,34,,,1,55,,811758,34,,,1,15,,811822,34,,,1,15,,811805,34,,,1,14,,811759,34,,,1,56,,811760,34,,,1,15,,811761,34,,,1,12,,811762,34,,,1,10,,811818,34,,,1,8,,811812,34,,,1,49,,811763,34,,,1,10,,811764,34,,,1,12,,811765,34,,,1,14,,811766,34,,,1,15,,811779,34,,,1,54,,811780,34,,,1,15,,811781,34,,,1,15,,811819,34,,,1,15,,811767,34,,,1,54,,811768,34,,,1,15,,811769,34,,,1,14,,811770,34,,,1,15,,811771,34,,,1,56,,811820,34,,,1,15,,811813,34,,,1,15,,811772,34,,,1,14,,811773,34,,,1,55,,811774,34,,,1,16,,811775,34,,,1,15,,811776,34,,,1,16,,811817,34,,,1,53,,811777,34,,,1,15,,811782,34,,,1,18,,811783,34,,,1,16,,811814,34,,,1,54,,811778,34,,,1,15,,811784,34,,,1,16,,811785,34,,,1,15,,811786,34,,,1,55,,811787,34,,,1,16,,811788,34,,,1,15,,811816,34,,,1,14,,811789,34,,,1,52,,811790,34,,,1,15,,811792,34,,,1,15,,811821,34,,,1,13,,811793,34,,,1,52,,811794,34,,,1,12,,811791,34,,,1,12,,811795,34,,,1,16,,811804,34,,,1,13,,811829,34,,,1,53,,811806,34,,,1,17,,811796,34,,,1,18,,811832,34,,,1,16,,811815,34,,,1,55,,811807,34,,,1,15,,811808,34,,,1,14,,811797,34,,,1,17,,811798,34,,,1,57,,811826,34,,,1,15,,811809,34,,,1,17,,811827,34,,,1,58,,811828,34,,,1,18,,811825,34,,,1,19,,811824,34,,,1,16,,811811,34,,,1,58,,811810,34,,,1,17,,811799,34,,,1,15,,811800,34,,,1,58,,811831,34,,,1,18,,811801,34,,,1,18,,811830,34,,,1,58,,811802,34,,,1,18,,811803,34,,,1,18,,811833,34,,,1
