1303,'20260416',656,,235512,23,,,0,145,,235513,23,,,0,30,,235514,23,,,0,99,,235515,23,,,0,99,,235516,23,,,0,101,,235517,23,,,0,100,,235518,23,,,0,99,,235519,23,,,0,100,,235520,23,,,0,96,,235510,23,,,0,2,,235521,23,,,0,31,,235511,23,,,0,42,,235522,23,,,0,32,,235523,23,,,0,71,,235524,23,,,0,35,,235525,23,,,0,65,,235526,23,,,0,30,,235527,23,,,0,26,,235528,23,,,0,68,,235529,23,,,0,99,,235530,23,,,0,100,,235531,23,,,0,101,,235532,23,,,0,98,,235533,23,,,0
1303,'20260417',656,,235536,23,,,0,145,,235537,23,,,0,30,,235538,23,,,0,99,,235539,23,,,0,99,,235540,23,,,0,101,,235541,23,,,0,100,,235542,23,,,0,99,,235543,23,,,0,100,,235544,23,,,0,96,,235534,23,,,0,2,,235545,23,,,0,31,,235535,23,,,0,42,,235546,23,,,0,32,,235547,23,,,0,71,,235548,23,,,0,35,,235549,23,,,0,65,,235550,23,,,0,30,,235551,23,,,0,26,,235552,23,,,0,68,,235553,23,,,0,99,,235554,23,,,0,100,,235555,23,,,0,101,,235556,23,,,0,98,,235557,23,,,0
1303,'20260418',808,,280716,23,,,0,100,,280717,23,,,0,101,,280718,23,,,0,101,,280719,23,,,0,101,,280720,23,,,0,102,,280721,23,,,0,97,,280722,23,,,0,104,,280723,23,,,0,100,,280724,23,,,0,102,,280725,23,,,0,96,,280726,23,,,0,99,,280727,23,,,0,99,,280728,23,,,0,99,,280729,23,,,0,99,,280730,23,,,0,100,,280731,23,,,0
1303,'20260419',808,,280732,23,,,0,100,,280733,23,,,0,101,,280734,23,,,0,101,,280735,23,,,0,101,,280736,23,,,0,102,,280737,23,,,0,97,,280738,23,,,0,104,,280739,23,,,0,100,,280740,23,,,0,102,,280741,23,,,0,96,,280742,23,,,0,99,,280743,23,,,0,99,,280744,23,,,0,99,,280745,23,,,0,99,,280746,23,,,0,100,,280747,23,,,0
1303,'20260420',656,,280750,23,,,0,145,,280751,23,,,0,30,,280752,23,,,0,99,,280753,23,,,0,99,,280754,23,,,0,101,,280755,23,,,0,100,,280756,23,,,0,99,,280757,23,,,0,100,,280758,23,,,0,96,,280748,23,,,0,2,,280759,23,,,0,31,,280749,23,,,0,42,,280760,23,,,0,32,,280761,23,,,0,71,,280762,23,,,0,35,,280763,23,,,0,65,,280764,23,,,0,30,,280765,23,,,0,26,,280766,23,,,0,68,,280767,23,,,0,99,,280768,23,,,0,100,,280769,23,,,0,101,,280770,23,,,0,98,,280771,23,,,0
1303,'20260421',656,,280774,23,,,0,145,,280775,23,,,0,30,,280776,23,,,0,99,,280777,23,,,0,99,,280778,23,,,0,101,,280779,23,,,0,100,,280780,23,,,0,99,,280781,23,,,0,100,,280782,23,,,0,96,,280772,23,,,0,2,,280783,23,,,0,31,,280773,23,,,0,42,,280784,23,,,0,32,,280785,23,,,0,71,,280786,23,,,0,35,,280787,23,,,0,65,,280788,23,,,0,30,,280789,23,,,0,26,,280790,23,,,0,68,,280791,23,,,0,99,,280792,23,,,0,100,,280793,23,,,0,101,,280794,23,,,0,98,,280795,23,,,0
1303,'20260422',656,,235580,23,,,0,145,,235581,23,,,0,30,,235582,23,,,0,99,,235583,23,,,0,99,,235584,23,,,0,101,,235585,23,,,0,100,,235586,23,,,0,99,,235587,23,,,0,100,,235588,23,,,0,98,,235589,23,,,0,73,,235598,23,,,0,32,,235590,23,,,0,71,,235599,23,,,0,35,,235591,23,,,0,65,,235600,23,,,0,30,,235592,23,,,0,26,,235601,23,,,0,68,,235593,23,,,0,99,,235594,23,,,0,100,,235595,23,,,0,101,,235596,23,,,0,98,,235597,23,,,0
1303,'20260423',656,,235602,23,,,0,145,,235603,23,,,0,30,,235604,23,,,0,99,,235605,23,,,0,99,,235606,23,,,0,101,,235607,23,,,0,100,,235608,23,,,0,99,,235609,23,,,0,100,,235610,23,,,0,98,,235611,23,,,0,73,,235620,23,,,0,32,,235612,23,,,0,71,,235621,23,,,0,35,,235613,23,,,0,65,,235622,23,,,0,30,,235614,23,,,0,26,,235623,23,,,0,68,,235615,23,,,0,99,,235616,23,,,0,100,,235617,23,,,0,101,,235618,23,,,0,98,,235619,23,,,0
1303,'20260424',656,,235624,23,,,0,145,,235625,23,,,0,30,,235626,23,,,0,99,,235627,23,,,0,99,,235628,23,,,0,101,,235629,23,,,0,100,,235630,23,,,0,99,,235631,23,,,0,100,,235632,23,,,0,98,,235633,23,,,0,73,,235642,23,,,0,32,,235634,23,,,0,71,,235643,23,,,0,35,,235635,23,,,0,65,,235644,23,,,0,30,,235636,23,,,0,26,,235645,23,,,0,68,,235637,23,,,0,99,,235638,23,,,0,100,,235639,23,,,0,101,,235640,23,,,0,98,,235641,23,,,0
1303,'20260425',808,,235647,23,,,0,100,,235648,23,,,0,101,,235649,23,,,0,101,,235650,23,,,0,101,,235651,23,,,0,102,,235652,23,,,0,97,,235653,23,,,0,104,,235654,23,,,0,100,,235655,23,,,0,102,,235656,23,,,0,96,,235657,23,,,0,99,,235658,23,,,0,99,,235659,23,,,0,99,,235660,23,,,0,99,,235661,23,,,0,100,,235646,23,,,0
1303,'20260426',808,,235662,23,,,0,100,,235663,23,,,0,101,,235664,23,,,0,101,,235665,23,,,0,101,,235666,23,,,0,102,,235667,23,,,0,97,,235668,23,,,0,104,,235669,23,,,0,100,,235670,23,,,0,102,,235671,23,,,0,96,,235672,23,,,0,99,,235673,23,,,0,99,,235674,23,,,0,99,,235675,23,,,0,99,,235676,23,,,0,100,,235677,23,,,0
1303,'20260427',656,,235678,23,,,0,145,,235679,23,,,0,30,,235680,23,,,0,99,,235681,23,,,0,99,,235682,23,,,0,101,,235683,23,,,0,100,,235684,23,,,0,99,,235685,23,,,0,100,,235686,23,,,0,98,,235687,23,,,0,73,,235696,23,,,0,32,,235688,23,,,0,71,,235697,23,,,0,35,,235689,23,,,0,65,,235698,23,,,0,30,,235690,23,,,0,26,,235699,23,,,0,68,,235691,23,,,0,99,,235692,23,,,0,100,,235693,23,,,0,101,,235694,23,,,0,98,,235695,23,,,0
1303,'20260428',656,,280796,23,,,0,145,,280797,23,,,0,30,,280798,23,,,0,99,,280799,23,,,0,99,,280800,23,,,0,101,,280801,23,,,0,100,,280802,23,,,0,99,,280803,23,,,0,100,,280804,23,,,0,98,,280805,23,,,0,73,,280814,23,,,0,32,,280806,23,,,0,71,,280815,23,,,0,35,,280807,23,,,0,65,,280816,23,,,0,30,,280808,23,,,0,26,,280817,23,,,0,68,,280809,23,,,0,99,,280810,23,,,0,100,,280811,23,,,0,101,,280812,23,,,0,98,,280813,23,,,0
1303,'20260429',656,,280818,23,,,0,145,,280819,23,,,0,30,,280820,23,,,0,99,,280821,23,,,0,99,,280822,23,,,0,101,,280823,23,,,0,100,,280824,23,,,0,99,,280825,23,,,0,100,,280826,23,,,0,98,,280827,23,,,0,73,,280836,23,,,0,32,,280828,23,,,0,71,,280837,23,,,0,35,,280829,23,,,0,65,,280838,23,,,0,30,,280830,23,,,0,26,,280839,23,,,0,68,,280831,23,,,0,99,,280832,23,,,0,100,,280833,23,,,0,101,,280834,23,,,0,98,,280835,23,,,0
1303,'20260430',656,,280840,23,,,0,145,,280841,23,,,0,30,,280842,23,,,0,99,,280843,23,,,0,99,,280844,23,,,0,101,,280845,23,,,0,100,,280846,23,,,0,99,,280847,23,,,0,100,,280848,23,,,0,98,,280849,23,,,0,73,,280858,23,,,0,32,,280850,23,,,0,71,,280859,23,,,0,35,,280851,23,,,0,65,,280860,23,,,0,30,,280852,23,,,0,26,,280861,23,,,0,68,,280853,23,,,0,99,,280854,23,,,0,100,,280855,23,,,0,101,,280856,23,,,0,98,,280857,23,,,0
4001303,'20260416',1637,,277786,12,,,0
4001303,'20260417',1637,,277789,12,,,0
4001303,'20260420',1637,,304232,12,,,0
4001303,'20260421',1637,,304235,12,,,0
4001303,'20260422',1637,,277795,12,,,0
4001303,'20260423',1637,,277798,12,,,0
4001303,'20260424',1637,,277801,12,,,0
4001303,'20260427',1637,,277804,12,,,0
4001303,'20260428',1637,,304238,12,,,0
4001303,'20260429',1637,,304241,12,,,0
4001303,'20260430',1637,,304244,12,,,0
