8000,'20260522',657,,524459,53,,,0,70,,524460,53,,,0,30,,524461,53,,,0,70,,524462,53,,,0,30,,524463,53,,,0,69,,524464,53,,,0,30,,524465,53,,,0,70,,524466,53,,,0,30,,524467,53,,,0,70,,524468,53,,,0,30,,524469,53,,,0,70,,524470,53,,,0,30,,524471,53,,,0,70,,524472,53,,,0,30,,524473,53,,,0,70,,524474,53,,,0,31,,524475,53,,,0,70,,524476,53,,,0,30,,524477,53,,,0,70,,524478,53,,,0,30,,524479,53,,,0,70,,524480,53,,,0,31,,524481,53,,,0,69,,524482,53,,,0,29,,524483,53,,,0,70,,524484,53,,,0,100,,524486,53,,,0,100,,524488,53,,,0,100,,524490,53,,,0,100,,524492,53,,,0,100,,524494,53,,,0,30,,524495,53,,,0
8000,'20260523',656,,556595,53,,,0,70,,556596,53,,,0,30,,556597,53,,,0,70,,556598,53,,,0,30,,556599,53,,,0,70,,556600,53,,,0,30,,556601,53,,,0,70,,556602,53,,,0,30,,556603,53,,,0,70,,556604,53,,,0,30,,556605,53,,,0,70,,556606,53,,,0,31,,556607,53,,,0,70,,556608,53,,,0,30,,556609,53,,,0,70,,556610,53,,,0,30,,556611,53,,,0,70,,556612,53,,,0,30,,556613,53,,,0,70,,556614,53,,,0,30,,556615,53,,,0,70,,556616,53,,,0,30,,556617,53,,,0,69,,556618,53,,,0,30,,556619,53,,,0,70,,556620,53,,,0,30,,556621,53,,,0,100,,556623,53,,,0,100,,556625,53,,,0,100,,556627,53,,,0,100,,556629,53,,,0,100,,556631,53,,,0
8000,'20260524',656,,556632,53,,,0,70,,556633,53,,,0,30,,556634,53,,,0,70,,556635,53,,,0,30,,556636,53,,,0,70,,556637,53,,,0,30,,556638,53,,,0,70,,556639,53,,,0,30,,556640,53,,,0,70,,556641,53,,,0,30,,556642,53,,,0,70,,556643,53,,,0,31,,556644,53,,,0,70,,556645,53,,,0,30,,556646,53,,,0,70,,556647,53,,,0,30,,556648,53,,,0,70,,556649,53,,,0,30,,556650,53,,,0,70,,556651,53,,,0,30,,556652,53,,,0,70,,556653,53,,,0,30,,556654,53,,,0,69,,556655,53,,,0,30,,556656,53,,,0,70,,556657,53,,,0,30,,556658,53,,,0,100,,556660,53,,,0,100,,556662,53,,,0,100,,556664,53,,,0,100,,556666,53,,,0,100,,556668,53,,,0
8000,'20260525',657,,556670,53,,,0,70,,556671,53,,,0,30,,556672,53,,,0,70,,556673,53,,,0,30,,556674,53,,,0,69,,556675,53,,,0,30,,556676,53,,,0,70,,556677,53,,,0,30,,556678,53,,,0,70,,556679,53,,,0,30,,556680,53,,,0,70,,556681,53,,,0,30,,556682,53,,,0,70,,556683,53,,,0,30,,556684,53,,,0,70,,556685,53,,,0,31,,556686,53,,,0,70,,556687,53,,,0,30,,556688,53,,,0,70,,556689,53,,,0,30,,556690,53,,,0,70,,556691,53,,,0,31,,556692,53,,,0,69,,556693,53,,,0,29,,556694,53,,,0,70,,556695,53,,,0,100,,556697,53,,,0,100,,556699,53,,,0,100,,556701,53,,,0,100,,556703,53,,,0,100,,556705,53,,,0,30,,556706,53,,,0
8000,'20260526',657,,556708,53,,,0,70,,556709,53,,,0,30,,556710,53,,,0,70,,556711,53,,,0,30,,556712,53,,,0,69,,556713,53,,,0,30,,556714,53,,,0,70,,556715,53,,,0,30,,556716,53,,,0,70,,556717,53,,,0,30,,556718,53,,,0,70,,556719,53,,,0,30,,556720,53,,,0,70,,556721,53,,,0,30,,556722,53,,,0,70,,556723,53,,,0,31,,556724,53,,,0,70,,556725,53,,,0,30,,556726,53,,,0,70,,556727,53,,,0,30,,556728,53,,,0,70,,556729,53,,,0,31,,556730,53,,,0,69,,556731,53,,,0,29,,556732,53,,,0,70,,556733,53,,,0,100,,556735,53,,,0,100,,556737,53,,,0,100,,556739,53,,,0,100,,556741,53,,,0,100,,556743,53,,,0,30,,556744,53,,,0
8000,'20260527',657,,556746,53,,,0,70,,556747,53,,,0,30,,556748,53,,,0,70,,556749,53,,,0,30,,556750,53,,,0,69,,556751,53,,,0,30,,556752,53,,,0,70,,556753,53,,,0,30,,556754,53,,,0,70,,556755,53,,,0,30,,556756,53,,,0,70,,556757,53,,,0,30,,556758,53,,,0,70,,556759,53,,,0,30,,556760,53,,,0,70,,556761,53,,,0,31,,556762,53,,,0,70,,556763,53,,,0,30,,556764,53,,,0,70,,556765,53,,,0,30,,556766,53,,,0,70,,556767,53,,,0,31,,556768,53,,,0,69,,556769,53,,,0,29,,556770,53,,,0,70,,556771,53,,,0,100,,556773,53,,,0,100,,556775,53,,,0,100,,556777,53,,,0,100,,556779,53,,,0,100,,556781,53,,,0,30,,556782,53,,,0
8000,'20260528',657,,556784,53,,,0,70,,556785,53,,,0,30,,556786,53,,,0,70,,556787,53,,,0,30,,556788,53,,,0,69,,556789,53,,,0,30,,556790,53,,,0,70,,556791,53,,,0,30,,556792,53,,,0,70,,556793,53,,,0,30,,556794,53,,,0,70,,556795,53,,,0,30,,556796,53,,,0,70,,556797,53,,,0,30,,556798,53,,,0,70,,556799,53,,,0,31,,556800,53,,,0,70,,556801,53,,,0,30,,556802,53,,,0,70,,556803,53,,,0,30,,556804,53,,,0,70,,556805,53,,,0,31,,556806,53,,,0,69,,556807,53,,,0,29,,556808,53,,,0,70,,556809,53,,,0,100,,556811,53,,,0,100,,556813,53,,,0,100,,556815,53,,,0,100,,556817,53,,,0,100,,556819,53,,,0,30,,556820,53,,,0
8000,'20260529',657,,524496,53,,,0,70,,524497,53,,,0,30,,524498,53,,,0,70,,524499,53,,,0,30,,524500,53,,,0,69,,524501,53,,,0,30,,524502,53,,,0,70,,524503,53,,,0,30,,524504,53,,,0,70,,524505,53,,,0,30,,524506,53,,,0,70,,524507,53,,,0,30,,524508,53,,,0,70,,524509,53,,,0,30,,524510,53,,,0,70,,524511,53,,,0,31,,524512,53,,,0,70,,524513,53,,,0,30,,524514,53,,,0,70,,524515,53,,,0,30,,524516,53,,,0,70,,524517,53,,,0,31,,524518,53,,,0,69,,524519,53,,,0,29,,524520,53,,,0,70,,524527,53,,,0,100,,524528,53,,,0,100,,524529,53,,,0,100,,524530,53,,,0,100,,524531,53,,,0,100,,524532,53,,,0,30,,524526,53,,,0
8000,'20260530',656,,524534,53,,,0,70,,524552,53,,,0,30,,524535,53,,,0,70,,524553,53,,,0,30,,524536,53,,,0,70,,524554,53,,,0,30,,524537,53,,,0,70,,524555,53,,,0,30,,524538,53,,,0,70,,524556,53,,,0,30,,524539,53,,,0,70,,524557,53,,,0,31,,524540,53,,,0,70,,524558,53,,,0,30,,524541,53,,,0,70,,524559,53,,,0,30,,524542,53,,,0,70,,524560,53,,,0,30,,524543,53,,,0,70,,524561,53,,,0,30,,524544,53,,,0,70,,524562,53,,,0,30,,524545,53,,,0,69,,524563,53,,,0,30,,524546,53,,,0,70,,524564,53,,,0,30,,524547,53,,,0,100,,524548,53,,,0,100,,524549,53,,,0,100,,524550,53,,,0,100,,524551,53,,,0,100,,524569,53,,,0
8000,'20260531',656,,524571,53,,,0,70,,524589,53,,,0,30,,524572,53,,,0,70,,524590,53,,,0,30,,524573,53,,,0,70,,524591,53,,,0,30,,524574,53,,,0,70,,524592,53,,,0,30,,524575,53,,,0,70,,524593,53,,,0,30,,524576,53,,,0,70,,524594,53,,,0,31,,524577,53,,,0,70,,524595,53,,,0,30,,524578,53,,,0,70,,524596,53,,,0,30,,524579,53,,,0,70,,524597,53,,,0,30,,524580,53,,,0,70,,524598,53,,,0,30,,524581,53,,,0,70,,524599,53,,,0,30,,524582,53,,,0,69,,524600,53,,,0,30,,524583,53,,,0,70,,524601,53,,,0,30,,524584,53,,,0,100,,524585,53,,,0,100,,524586,53,,,0,100,,524587,53,,,0,100,,524588,53,,,0,100,,524607,53,,,0
8000,'20260601',657,,524608,53,,,0,70,,524609,53,,,0,30,,524610,53,,,0,70,,524611,53,,,0,30,,524612,53,,,0,69,,524613,53,,,0,30,,524614,53,,,0,70,,524615,53,,,0,30,,524616,53,,,0,70,,524617,53,,,0,30,,524618,53,,,0,70,,524619,53,,,0,30,,524620,53,,,0,70,,524621,53,,,0,30,,524622,53,,,0,70,,524623,53,,,0,31,,524624,53,,,0,70,,524625,53,,,0,30,,524626,53,,,0,70,,524627,53,,,0,30,,524628,53,,,0,70,,524629,53,,,0,31,,524630,53,,,0,69,,524631,53,,,0,29,,524632,53,,,0,70,,524639,53,,,0,100,,524640,53,,,0,100,,524641,53,,,0,100,,524642,53,,,0,100,,524643,53,,,0,100,,524644,53,,,0,30,,524638,53,,,0
8000,'20260602',657,,524646,53,,,0,70,,524647,53,,,0,30,,524648,53,,,0,70,,524649,53,,,0,30,,524650,53,,,0,69,,524651,53,,,0,30,,524652,53,,,0,70,,524653,53,,,0,30,,524654,53,,,0,70,,524655,53,,,0,30,,524656,53,,,0,70,,524657,53,,,0,30,,524658,53,,,0,70,,524659,53,,,0,30,,524660,53,,,0,70,,524661,53,,,0,31,,524662,53,,,0,70,,524663,53,,,0,30,,524664,53,,,0,70,,524665,53,,,0,30,,524666,53,,,0,70,,524667,53,,,0,31,,524668,53,,,0,69,,524669,53,,,0,29,,524670,53,,,0,70,,524677,53,,,0,100,,524678,53,,,0,100,,524679,53,,,0,100,,524680,53,,,0,100,,524681,53,,,0,100,,524682,53,,,0,30,,524676,53,,,0
8000,'20260603',657,,556821,53,,,0,70,,556822,53,,,0,30,,556823,53,,,0,70,,556824,53,,,0,30,,556825,53,,,0,69,,556826,53,,,0,30,,556827,53,,,0,70,,556828,53,,,0,30,,556829,53,,,0,70,,556830,53,,,0,30,,556831,53,,,0,70,,556832,53,,,0,30,,556833,53,,,0,70,,556834,53,,,0,30,,556835,53,,,0,70,,556836,53,,,0,31,,556837,53,,,0,70,,556838,53,,,0,30,,556839,53,,,0,70,,556840,53,,,0,30,,556841,53,,,0,70,,556842,53,,,0,31,,556843,53,,,0,69,,556844,53,,,0,29,,556845,53,,,0,70,,556852,53,,,0,100,,556853,53,,,0,100,,556854,53,,,0,100,,556855,53,,,0,100,,556856,53,,,0,100,,556857,53,,,0,30,,556851,53,,,0
8000,'20260604',657,,556859,53,,,0,70,,556860,53,,,0,30,,556861,53,,,0,70,,556862,53,,,0,30,,556863,53,,,0,69,,556864,53,,,0,30,,556865,53,,,0,70,,556866,53,,,0,30,,556867,53,,,0,70,,556868,53,,,0,30,,556869,53,,,0,70,,556870,53,,,0,30,,556871,53,,,0,70,,556872,53,,,0,30,,556873,53,,,0,70,,556874,53,,,0,31,,556875,53,,,0,70,,556876,53,,,0,30,,556877,53,,,0,70,,556878,53,,,0,30,,556879,53,,,0,70,,556880,53,,,0,31,,556881,53,,,0,69,,556882,53,,,0,29,,556883,53,,,0,70,,556890,53,,,0,100,,556891,53,,,0,100,,556892,53,,,0,100,,556893,53,,,0,100,,556894,53,,,0,100,,556895,53,,,0,30,,556889,53,,,0
8000,'20260605',657,,556897,53,,,0,70,,556898,53,,,0,30,,556899,53,,,0,70,,556900,53,,,0,30,,556901,53,,,0,69,,556902,53,,,0,30,,556903,53,,,0,70,,556904,53,,,0,30,,556905,53,,,0,70,,556906,53,,,0,30,,556907,53,,,0,70,,556908,53,,,0,30,,556909,53,,,0,70,,556910,53,,,0,30,,556911,53,,,0,70,,556912,53,,,0,31,,556913,53,,,0,70,,556914,53,,,0,30,,556915,53,,,0,70,,556916,53,,,0,30,,556917,53,,,0,70,,556918,53,,,0,31,,556919,53,,,0,69,,556920,53,,,0,29,,556921,53,,,0,70,,556928,53,,,0,100,,556929,53,,,0,100,,556930,53,,,0,100,,556931,53,,,0,100,,556932,53,,,0,100,,556933,53,,,0,30,,556927,53,,,0
28000,'20260522',1550,,529376,21,4,,0,69,,529377,21,4,,0,8,,529378,21,4,,0,25,,529379,21,4,,0,78,,529380,21,4,,0,71,,529381,21,4,,0
28000,'20260525',1550,,562274,21,4,,0,69,,562275,21,4,,0,8,,562276,21,4,,0,25,,562277,21,4,,0,78,,562278,21,4,,0,71,,562279,21,4,,0
28000,'20260526',1550,,562280,21,4,,0,69,,562281,21,4,,0,8,,562282,21,4,,0,25,,562283,21,4,,0,78,,562284,21,4,,0,71,,562285,21,4,,0
28000,'20260527',1550,,562286,21,4,,0,69,,562287,21,4,,0,8,,562288,21,4,,0,25,,562289,21,4,,0,78,,562290,21,4,,0,71,,562291,21,4,,0
28000,'20260528',1550,,562292,21,4,,0,69,,562293,21,4,,0,8,,562294,21,4,,0,25,,562295,21,4,,0,78,,562296,21,4,,0,71,,562297,21,4,,0
28000,'20260529',1550,,529387,21,4,,0,69,,529386,21,4,,0,8,,529382,21,4,,0,25,,529383,21,4,,0,78,,529384,21,4,,0,71,,529385,21,4,,0
28000,'20260601',1550,,529393,21,4,,0,69,,529392,21,4,,0,8,,529388,21,4,,0,25,,529389,21,4,,0,78,,529390,21,4,,0,71,,529391,21,4,,0
28000,'20260602',1550,,529399,21,4,,0,69,,529398,21,4,,0,8,,529394,21,4,,0,25,,529395,21,4,,0,78,,529396,21,4,,0,71,,529397,21,4,,0
28000,'20260603',1550,,562303,21,4,,0,69,,562302,21,4,,0,8,,562298,21,4,,0,25,,562299,21,4,,0,78,,562300,21,4,,0,71,,562301,21,4,,0
28000,'20260604',1550,,562309,21,4,,0,69,,562308,21,4,,0,8,,562304,21,4,,0,25,,562305,21,4,,0,78,,562306,21,4,,0,71,,562307,21,4,,0
28000,'20260605',1550,,562315,21,4,,0,69,,562314,21,4,,0,8,,562310,21,4,,0,25,,562311,21,4,,0,78,,562312,21,4,,0,71,,562313,21,4,,0
38000,'20260522',1232,,530485,30,4,,0,406,,530486,30,4,,0,102,,530487,30,4,,0,111,,530488,30,4,,0
38000,'20260525',1232,,563572,30,4,,0,406,,563573,30,4,,0,102,,563574,30,4,,0,111,,563575,30,4,,0
38000,'20260526',1232,,563576,30,4,,0,406,,563577,30,4,,0,102,,563578,30,4,,0,111,,563579,30,4,,0
38000,'20260527',1232,,563580,30,4,,0,406,,563581,30,4,,0,102,,563582,30,4,,0,111,,563583,30,4,,0
38000,'20260528',1232,,563584,30,4,,0,406,,563585,30,4,,0,102,,563586,30,4,,0,111,,563587,30,4,,0
38000,'20260529',1232,,530492,30,4,,0,406,,530489,30,4,,0,102,,530490,30,4,,0,111,,530491,30,4,,0
38000,'20260601',1232,,530496,30,4,,0,406,,530493,30,4,,0,102,,530494,30,4,,0,111,,530495,30,4,,0
38000,'20260602',1232,,530500,30,4,,0,406,,530497,30,4,,0,102,,530498,30,4,,0,111,,530499,30,4,,0
38000,'20260603',1232,,563591,30,4,,0,406,,563588,30,4,,0,102,,563589,30,4,,0,111,,563590,30,4,,0
38000,'20260604',1232,,563595,30,4,,0,406,,563592,30,4,,0,102,,563593,30,4,,0,111,,563594,30,4,,0
38000,'20260605',1232,,563599,30,4,,0,406,,563596,30,4,,0,102,,563597,30,4,,0,111,,563598,30,4,,0
58000,'20260522',1612,,531170,28,4,,0,32,,531171,28,4,,0,62,,531172,28,4,,0,37,,531173,28,4,,0
58000,'20260525',1612,,564440,28,4,,0,32,,564441,28,4,,0,62,,564442,28,4,,0,37,,564443,28,4,,0
58000,'20260526',1612,,564444,28,4,,0,32,,564445,28,4,,0,62,,564446,28,4,,0,37,,564447,28,4,,0
58000,'20260527',1612,,564448,28,4,,0,32,,564449,28,4,,0,62,,564450,28,4,,0,37,,564451,28,4,,0
58000,'20260528',1612,,564452,28,4,,0,32,,564453,28,4,,0,62,,564454,28,4,,0,37,,564455,28,4,,0
58000,'20260529',1612,,531176,28,4,,0,32,,531175,28,4,,0,62,,531174,28,4,,0,37,,531177,28,4,,0
58000,'20260601',1612,,531180,28,4,,0,32,,531179,28,4,,0,62,,531178,28,4,,0,37,,531181,28,4,,0
58000,'20260602',1612,,531184,28,4,,0,32,,531183,28,4,,0,62,,531182,28,4,,0,37,,531185,28,4,,0
58000,'20260603',1612,,564458,28,4,,0,32,,564457,28,4,,0,62,,564456,28,4,,0,37,,564459,28,4,,0
58000,'20260604',1612,,564462,28,4,,0,32,,564461,28,4,,0,62,,564460,28,4,,0,37,,564463,28,4,,0
58000,'20260605',1612,,564466,28,4,,0,32,,564465,28,4,,0,62,,564464,28,4,,0,37,,564467,28,4,,0
98000,'20260522',2605,,542189,55,,,0
98000,'20260523',2605,,576930,55,,,0
98000,'20260529',2605,,542190,55,,,0
98000,'20260530',2605,,542191,55,,,0
98000,'20260605',2605,,576931,55,,,0
1008000,'20260522',856,,542227,9,,,0
1008000,'20260525',856,,576959,9,,,0
1008000,'20260526',856,,576961,9,,,0
1008000,'20260527',856,,576963,9,,,0
1008000,'20260528',856,,576965,9,,,0
1008000,'20260529',856,,542228,9,,,0
1008000,'20260601',856,,542230,9,,,0
1008000,'20260602',856,,542232,9,,,0
1008000,'20260603',856,,576966,9,,,0
1008000,'20260604',856,,576968,9,,,0
1008000,'20260605',856,,576970,9,,,0
