28303,'20260724',1634,,1007435,46,4,,0,71,,1007436,46,4,,0,54,,1007437,46,4,,0
28303,'20260727',1634,,1034206,46,4,,0,71,,1034207,46,4,,0,54,,1034208,46,4,,0
28303,'20260728',1634,,1034209,46,4,,0,71,,1034210,46,4,,0,54,,1034211,46,4,,0
28303,'20260729',1634,,1034212,46,4,,0,71,,1034213,46,4,,0,54,,1034214,46,4,,0
28303,'20260730',1634,,1034215,46,4,,0,71,,1034216,46,4,,0,54,,1034217,46,4,,0
28303,'20260731',1634,,986555,46,4,,0,71,,986553,46,4,,0,54,,986554,46,4,,0
28303,'20260803',1634,,1007440,46,4,,0,71,,1007438,46,4,,0,54,,1007439,46,4,,0
28303,'20260804',1634,,1034220,46,4,,0,71,,1034218,46,4,,0,54,,1034219,46,4,,0
28303,'20260805',1634,,1034223,46,4,,0,71,,1034221,46,4,,0,54,,1034222,46,4,,0
28303,'20260806',1634,,1034226,46,4,,0,71,,1034224,46,4,,0,54,,1034225,46,4,,0
28303,'20260807',1634,,1034229,46,4,,0,71,,1034227,46,4,,0,54,,1034228,46,4,,0
99203,'20260724',2606,,1012769,43,,,0,130,,1012770,43,,,0
99203,'20260725',2606,,1048324,43,,,0,130,,1048325,43,,,0
99203,'20260731',2606,,999783,43,,,0,130,,999784,43,,,0
99203,'20260801',2606,,1012771,43,,,0,130,,1012772,43,,,0
99203,'20260807',2606,,1048326,43,,,0,130,,1048327,43,,,0
