5501,'20260623',536,,774946,15,,,0,70,,774947,15,,,0,26,,774948,15,,,0,70,,774949,15,,,0,33,,774950,15,,,0,72,,774951,15,,,0,40,,774952,15,,,0,87,,774953,15,,,0,100,,774954,15,,,0,99,,774955,15,,,0,103,,774956,15,,,0,95,,774957,15,,,0,100,,774958,15,,,0,100,,774959,15,,,0,79,,774960,15,,,0,36,,774961,15,,,0,69,,774962,15,,,0,29,,774963,15,,,0,71,,774964,15,,,0,32,,774965,15,,,0,86,,774966,15,,,0,86,,774967,15,,,0,99,,774968,15,,,0,102,,774969,15,,,0,101,,774970,15,,,0
5501,'20260624',712,,774971,15,,,0,99,,774972,15,,,0,99,,774973,15,,,0,101,,774974,15,,,0,100,,774975,15,,,0,100,,774976,15,,,0,100,,774977,15,,,0,100,,774978,15,,,0,99,,774979,15,,,0,103,,774980,15,,,0,97,,774981,15,,,0,103,,774982,15,,,0,98,,774983,15,,,0,99,,774984,15,,,0,99,,774985,15,,,0,99,,774986,15,,,0,99,,774987,15,,,0
5501,'20260625',536,,799491,15,,,0,70,,799492,15,,,0,26,,799493,15,,,0,70,,799494,15,,,0,33,,799495,15,,,0,72,,799496,15,,,0,40,,799497,15,,,0,87,,799498,15,,,0,100,,799499,15,,,0,99,,799500,15,,,0,103,,799501,15,,,0,95,,799502,15,,,0,100,,799503,15,,,0,100,,799504,15,,,0,79,,799505,15,,,0,36,,799506,15,,,0,69,,799507,15,,,0,29,,799508,15,,,0,71,,799509,15,,,0,32,,799510,15,,,0,86,,799511,15,,,0,86,,799512,15,,,0,99,,799513,15,,,0,102,,799514,15,,,0,101,,799515,15,,,0
5501,'20260626',536,,799516,15,,,0,70,,799517,15,,,0,26,,799518,15,,,0,70,,799519,15,,,0,33,,799520,15,,,0,72,,799521,15,,,0,40,,799522,15,,,0,87,,799523,15,,,0,100,,799524,15,,,0,99,,799525,15,,,0,103,,799526,15,,,0,95,,799527,15,,,0,100,,799528,15,,,0,100,,799529,15,,,0,79,,799530,15,,,0,36,,799531,15,,,0,69,,799532,15,,,0,29,,799533,15,,,0,71,,799534,15,,,0,32,,799535,15,,,0,86,,799536,15,,,0,86,,799537,15,,,0,99,,799538,15,,,0,102,,799539,15,,,0,101,,799540,15,,,0
5501,'20260627',712,,745987,15,,,0,99,,745988,15,,,0,99,,745989,15,,,0,101,,745990,15,,,0,100,,745991,15,,,0,100,,745992,15,,,0,100,,745993,15,,,0,100,,745994,15,,,0,99,,745995,15,,,0,103,,745996,15,,,0,97,,745997,15,,,0,103,,745998,15,,,0,98,,745999,15,,,0,99,,746000,15,,,0,99,,746001,15,,,0,99,,746002,15,,,0,99,,746003,15,,,0
5501,'20260628',712,,746013,15,,,0,99,,746009,15,,,0,99,,746015,15,,,0,101,,746016,15,,,0,100,,746019,15,,,0,100,,746014,15,,,0,100,,746020,15,,,0,100,,746012,15,,,0,99,,746011,15,,,0,103,,746010,15,,,0,97,,746008,15,,,0,103,,746007,15,,,0,98,,746018,15,,,0,99,,746006,15,,,0,99,,746017,15,,,0,99,,746005,15,,,0,99,,746004,15,,,0
5501,'20260629',536,,746035,15,,,0,70,,746036,15,,,0,26,,746025,15,,,0,70,,746043,15,,,0,33,,746021,15,,,0,72,,746022,15,,,0,40,,746037,15,,,0,87,,746023,15,,,0,100,,746024,15,,,0,99,,746026,15,,,0,103,,746039,15,,,0,95,,746040,15,,,0,100,,746044,15,,,0,100,,746045,15,,,0,79,,746027,15,,,0,36,,746041,15,,,0,69,,746028,15,,,0,29,,746042,15,,,0,71,,746029,15,,,0,32,,746030,15,,,0,86,,746031,15,,,0,86,,746032,15,,,0,99,,746033,15,,,0,102,,746034,15,,,0,101,,746038,15,,,0
5501,'20260630',536,,746060,15,,,0,70,,746061,15,,,0,26,,746050,15,,,0,70,,746068,15,,,0,33,,746046,15,,,0,72,,746047,15,,,0,40,,746062,15,,,0,87,,746048,15,,,0,100,,746049,15,,,0,99,,746051,15,,,0,103,,746064,15,,,0,95,,746065,15,,,0,100,,746069,15,,,0,100,,746070,15,,,0,79,,746052,15,,,0,36,,746066,15,,,0,69,,746053,15,,,0,29,,746067,15,,,0,71,,746054,15,,,0,32,,746055,15,,,0,86,,746056,15,,,0,86,,746057,15,,,0,99,,746058,15,,,0,102,,746059,15,,,0,101,,746063,15,,,0
5501,'20260701',712,,774997,15,,,0,99,,774993,15,,,0,99,,774999,15,,,0,101,,775000,15,,,0,100,,775003,15,,,0,100,,774998,15,,,0,100,,775004,15,,,0,100,,774996,15,,,0,99,,774995,15,,,0,103,,774994,15,,,0,97,,774992,15,,,0,103,,774991,15,,,0,98,,775002,15,,,0,99,,774990,15,,,0,99,,775001,15,,,0,99,,774989,15,,,0,99,,774988,15,,,0
5501,'20260702',536,,775019,15,,,0,70,,775020,15,,,0,26,,775009,15,,,0,70,,775027,15,,,0,33,,775005,15,,,0,72,,775006,15,,,0,40,,775021,15,,,0,87,,775007,15,,,0,100,,775008,15,,,0,99,,775010,15,,,0,103,,775023,15,,,0,95,,775024,15,,,0,100,,775028,15,,,0,100,,775029,15,,,0,79,,775011,15,,,0,36,,775025,15,,,0,69,,775012,15,,,0,29,,775026,15,,,0,71,,775013,15,,,0,32,,775014,15,,,0,86,,775015,15,,,0,86,,775016,15,,,0,99,,775017,15,,,0,102,,775018,15,,,0,101,,775022,15,,,0
5501,'20260703',536,,775044,15,,,0,70,,775045,15,,,0,26,,775034,15,,,0,70,,775052,15,,,0,33,,775030,15,,,0,72,,775031,15,,,0,40,,775046,15,,,0,87,,775032,15,,,0,100,,775033,15,,,0,99,,775035,15,,,0,103,,775048,15,,,0,95,,775049,15,,,0,100,,775053,15,,,0,100,,775054,15,,,0,79,,775036,15,,,0,36,,775050,15,,,0,69,,775037,15,,,0,29,,775051,15,,,0,71,,775038,15,,,0,32,,775039,15,,,0,86,,775040,15,,,0,86,,775041,15,,,0,99,,775042,15,,,0,102,,775043,15,,,0,101,,775047,15,,,0
5501,'20260704',712,,799541,15,,,0,99,,799542,15,,,0,99,,799543,15,,,0,101,,799544,15,,,0,100,,799545,15,,,0,100,,799546,15,,,0,100,,799547,15,,,0,100,,799548,15,,,0,99,,799549,15,,,0,103,,799550,15,,,0,97,,799551,15,,,0,103,,799552,15,,,0,98,,799553,15,,,0,99,,799554,15,,,0,99,,799555,15,,,0,99,,799556,15,,,0,99,,799557,15,,,0
5501,'20260705',712,,799567,15,,,0,99,,799563,15,,,0,99,,799569,15,,,0,101,,799570,15,,,0,100,,799573,15,,,0,100,,799568,15,,,0,100,,799574,15,,,0,100,,799566,15,,,0,99,,799565,15,,,0,103,,799564,15,,,0,97,,799562,15,,,0,103,,799561,15,,,0,98,,799572,15,,,0,99,,799560,15,,,0,99,,799571,15,,,0,99,,799559,15,,,0,99,,799558,15,,,0
5501,'20260706',536,,799589,15,,,0,70,,799590,15,,,0,26,,799579,15,,,0,70,,799597,15,,,0,33,,799575,15,,,0,72,,799576,15,,,0,40,,799591,15,,,0,87,,799577,15,,,0,100,,799578,15,,,0,99,,799580,15,,,0,103,,799593,15,,,0,95,,799594,15,,,0,100,,799598,15,,,0,100,,799599,15,,,0,79,,799581,15,,,0,36,,799595,15,,,0,69,,799582,15,,,0,29,,799596,15,,,0,71,,799583,15,,,0,32,,799584,15,,,0,86,,799585,15,,,0,86,,799586,15,,,0,99,,799587,15,,,0,102,,799588,15,,,0,101,,799592,15,,,0
5501,'20260707',536,,799614,15,,,0,70,,799615,15,,,0,26,,799604,15,,,0,70,,799622,15,,,0,33,,799600,15,,,0,72,,799601,15,,,0,40,,799616,15,,,0,87,,799602,15,,,0,100,,799603,15,,,0,99,,799605,15,,,0,103,,799618,15,,,0,95,,799619,15,,,0,100,,799623,15,,,0,100,,799624,15,,,0,79,,799606,15,,,0,36,,799620,15,,,0,69,,799607,15,,,0,29,,799621,15,,,0,71,,799608,15,,,0,32,,799609,15,,,0,86,,799610,15,,,0,86,,799611,15,,,0,99,,799612,15,,,0,102,,799613,15,,,0,101,,799617,15,,,0
25501,'20260623',644,,782709,15,,,0,73,,782710,15,,,0,15,,782711,15,,,0,19,,782712,15,,,0
25501,'20260625',644,,805699,15,,,0,73,,805700,15,,,0,15,,805701,15,,,0,19,,805702,15,,,0
25501,'20260626',644,,805703,15,,,0,73,,805704,15,,,0,15,,805705,15,,,0,19,,805706,15,,,0
25501,'20260629',644,,754876,15,,,0,73,,754877,15,,,0,15,,754878,15,,,0,19,,754879,15,,,0
25501,'20260630',644,,754880,15,,,0,73,,754881,15,,,0,15,,754882,15,,,0,19,,754883,15,,,0
25501,'20260702',644,,782713,15,,,0,73,,782714,15,,,0,15,,782715,15,,,0,19,,782716,15,,,0
25501,'20260703',644,,782717,15,,,0,73,,782718,15,,,0,15,,782719,15,,,0,19,,782720,15,,,0
25501,'20260706',644,,805707,15,,,0,73,,805708,15,,,0,15,,805709,15,,,0,19,,805710,15,,,0
25501,'20260707',644,,805711,15,,,0,73,,805712,15,,,0,15,,805713,15,,,0,19,,805714,15,,,0
55501,'20260623',644,,783627,15,,,0,70,,783628,15,,,0
55501,'20260625',644,,806545,15,,,0,70,,806546,15,,,0
55501,'20260626',644,,806547,15,,,0,70,,806548,15,,,0
55501,'20260629',644,,756133,15,,,0,70,,756132,15,,,0
55501,'20260630',644,,756135,15,,,0,70,,756134,15,,,0
55501,'20260702',644,,783630,15,,,0,70,,783629,15,,,0
55501,'20260703',644,,783632,15,,,0,70,,783631,15,,,0
55501,'20260706',644,,806550,15,,,0,70,,806549,15,,,0
55501,'20260707',644,,806552,15,,,0,70,,806551,15,,,0
95400,'20260626',2614,,814360,67,,,0,129,,814361,67,,,0
95400,'20260627',2614,,767719,67,,,0,129,,767720,67,,,0
95400,'20260703',2614,,793807,67,,,0,129,,793808,67,,,0
95400,'20260704',2614,,814362,67,,,0,129,,814363,67,,,0
7005501,'20260623',853,,793852,15,,,0
