1803,'20260717',654,,941849,35,,,0,67,,941850,35,,,0,20,,941851,35,,,0,12,,941852,35,,,0,54,,941853,35,,,0,16,,941848,29,,,0,2,,941854,35,,,0,12,,941855,35,,,0,71,,941856,35,,,0,29,,941857,35,,,0,70,,941858,35,,,0,30,,941859,35,,,0,70,,941860,35,,,0,20,,941861,35,,,0,20,,941862,35,,,0,60,,941863,35,,,0,31,,941864,35,,,0,70,,941865,35,,,0,30,,941866,35,,,0,70,,941867,35,,,0,30,,941868,35,,,0,70,,941869,35,,,0,29,,941870,35,,,0,70,,941871,35,,,0,30,,941872,35,,,0,72,,941873,35,,,0,29,,941874,35,,,0,69,,941875,35,,,0,31,,941876,35,,,0,70,,941877,35,,,0,99,,941878,35,,,0,100,,941879,35,,,0,100,,941880,35,,,0,100,,941881,35,,,0,99,,941882,35,,,0
1803,'20260718',651,,971174,35,,,0,100,,971175,35,,,0,100,,971176,35,,,0,100,,971177,35,,,0,100,,971178,35,,,0,97,,971179,35,,,0,95,,971180,35,,,0,104,,971181,35,,,0,108,,971182,35,,,0,90,,971183,35,,,0,110,,971184,35,,,0,96,,971185,35,,,0,102,,971186,35,,,0,96,,971187,35,,,0,101,,971188,35,,,0,101,,971189,35,,,0,100,,971190,35,,,0
1803,'20260719',651,,971191,35,,,0,100,,971192,35,,,0,100,,971193,35,,,0,100,,971194,35,,,0,100,,971195,35,,,0,97,,971196,35,,,0,95,,971197,35,,,0,104,,971198,35,,,0,108,,971199,35,,,0,90,,971200,35,,,0,110,,971201,35,,,0,96,,971202,35,,,0,102,,971203,35,,,0,96,,971204,35,,,0,101,,971205,35,,,0,101,,971206,35,,,0,100,,971207,35,,,0
1803,'20260720',654,,971209,35,,,0,67,,971210,35,,,0,20,,971211,35,,,0,12,,971212,35,,,0,54,,971213,35,,,0,16,,971208,29,,,0,2,,971214,35,,,0,12,,971215,35,,,0,71,,971216,35,,,0,29,,971217,35,,,0,70,,971218,35,,,0,30,,971219,35,,,0,70,,971220,35,,,0,20,,971221,35,,,0,20,,971222,35,,,0,60,,971223,35,,,0,31,,971224,35,,,0,70,,971225,35,,,0,30,,971226,35,,,0,70,,971227,35,,,0,30,,971228,35,,,0,70,,971229,35,,,0,29,,971230,35,,,0,70,,971231,35,,,0,30,,971232,35,,,0,72,,971233,35,,,0,29,,971234,35,,,0,69,,971235,35,,,0,31,,971236,35,,,0,70,,971237,35,,,0,99,,971238,35,,,0,100,,971239,35,,,0,100,,971240,35,,,0,100,,971241,35,,,0,99,,971242,35,,,0
1803,'20260721',654,,971244,35,,,0,67,,971245,35,,,0,20,,971246,35,,,0,12,,971247,35,,,0,54,,971248,35,,,0,16,,971243,29,,,0,2,,971249,35,,,0,12,,971250,35,,,0,71,,971251,35,,,0,29,,971252,35,,,0,70,,971253,35,,,0,30,,971254,35,,,0,70,,971255,35,,,0,20,,971256,35,,,0,20,,971257,35,,,0,60,,971258,35,,,0,31,,971259,35,,,0,70,,971260,35,,,0,30,,971261,35,,,0,70,,971262,35,,,0,30,,971263,35,,,0,70,,971264,35,,,0,29,,971265,35,,,0,70,,971266,35,,,0,30,,971267,35,,,0,72,,971268,35,,,0,29,,971269,35,,,0,69,,971270,35,,,0,31,,971271,35,,,0,70,,971272,35,,,0,99,,971273,35,,,0,100,,971274,35,,,0,100,,971275,35,,,0,100,,971276,35,,,0,99,,971277,35,,,0
1803,'20260722',654,,971279,35,,,0,67,,971280,35,,,0,20,,971281,35,,,0,12,,971282,35,,,0,54,,971283,35,,,0,16,,971278,29,,,0,2,,971284,35,,,0,12,,971285,35,,,0,71,,971286,35,,,0,29,,971287,35,,,0,70,,971288,35,,,0,30,,971289,35,,,0,70,,971290,35,,,0,20,,971291,35,,,0,20,,971292,35,,,0,60,,971293,35,,,0,31,,971294,35,,,0,70,,971295,35,,,0,30,,971296,35,,,0,70,,971297,35,,,0,30,,971298,35,,,0,70,,971299,35,,,0,29,,971300,35,,,0,70,,971301,35,,,0,30,,971302,35,,,0,72,,971303,35,,,0,29,,971304,35,,,0,69,,971305,35,,,0,31,,971306,35,,,0,70,,971307,35,,,0,99,,971308,35,,,0,100,,971309,35,,,0,100,,971310,35,,,0,100,,971311,35,,,0,99,,971312,35,,,0
1803,'20260723',654,,971314,35,,,0,67,,971315,35,,,0,20,,971316,35,,,0,12,,971317,35,,,0,54,,971318,35,,,0,16,,971313,29,,,0,2,,971319,35,,,0,12,,971320,35,,,0,71,,971321,35,,,0,29,,971322,35,,,0,70,,971323,35,,,0,30,,971324,35,,,0,70,,971325,35,,,0,20,,971326,35,,,0,20,,971327,35,,,0,60,,971328,35,,,0,31,,971329,35,,,0,70,,971330,35,,,0,30,,971331,35,,,0,70,,971332,35,,,0,30,,971333,35,,,0,70,,971334,35,,,0,29,,971335,35,,,0,70,,971336,35,,,0,30,,971337,35,,,0,72,,971338,35,,,0,29,,971339,35,,,0,69,,971340,35,,,0,31,,971341,35,,,0,70,,971342,35,,,0,99,,971343,35,,,0,100,,971344,35,,,0,100,,971345,35,,,0,100,,971346,35,,,0,99,,971347,35,,,0
1803,'20260724',654,,941910,35,,,0,67,,941909,35,,,0,20,,941915,35,,,0,12,,941883,35,,,0,54,,941913,35,,,0,18,,941884,35,,,0,12,,941904,35,,,0,71,,941911,35,,,0,29,,941885,35,,,0,70,,941886,35,,,0,30,,941887,35,,,0,70,,941888,35,,,0,20,,941914,35,,,0,20,,941889,35,,,0,60,,941890,35,,,0,31,,941891,35,,,0,70,,941892,35,,,0,30,,941893,35,,,0,70,,941894,35,,,0,30,,941895,35,,,0,70,,941896,35,,,0,29,,941897,35,,,0,70,,941898,35,,,0,30,,941899,35,,,0,72,,941900,35,,,0,29,,941901,35,,,0,69,,941902,35,,,0,31,,941903,35,,,0,70,,941916,35,,,0,99,,941905,35,,,0,100,,941906,35,,,0,100,,941912,35,,,0,100,,941907,35,,,0,99,,941908,35,,,0
1803,'20260725',651,,941933,35,,,0,100,,941917,35,,,0,100,,941918,35,,,0,100,,941919,35,,,0,100,,941920,35,,,0,97,,941921,35,,,0,95,,941922,35,,,0,104,,941923,35,,,0,108,,941924,35,,,0,90,,941925,35,,,0,110,,941926,35,,,0,96,,941927,35,,,0,102,,941928,35,,,0,96,,941929,35,,,0,101,,941930,35,,,0,101,,941931,35,,,0,100,,941932,35,,,0
1803,'20260726',651,,941950,35,,,0,100,,941934,35,,,0,100,,941935,35,,,0,100,,941936,35,,,0,100,,941937,35,,,0,97,,941938,35,,,0,95,,941939,35,,,0,104,,941940,35,,,0,108,,941941,35,,,0,90,,941942,35,,,0,110,,941943,35,,,0,96,,941944,35,,,0,102,,941945,35,,,0,96,,941946,35,,,0,101,,941947,35,,,0,101,,941948,35,,,0,100,,941949,35,,,0
1803,'20260727',654,,941978,35,,,0,67,,941977,35,,,0,20,,941983,35,,,0,12,,941951,35,,,0,54,,941981,35,,,0,18,,941952,35,,,0,12,,941972,35,,,0,71,,941979,35,,,0,29,,941953,35,,,0,70,,941954,35,,,0,30,,941955,35,,,0,70,,941956,35,,,0,20,,941982,35,,,0,20,,941957,35,,,0,60,,941958,35,,,0,31,,941959,35,,,0,70,,941960,35,,,0,30,,941961,35,,,0,70,,941962,35,,,0,30,,941963,35,,,0,70,,941964,35,,,0,29,,941965,35,,,0,70,,941966,35,,,0,30,,941967,35,,,0,72,,941968,35,,,0,29,,941969,35,,,0,69,,941970,35,,,0,31,,941971,35,,,0,70,,941984,35,,,0,99,,941973,35,,,0,100,,941974,35,,,0,100,,941980,35,,,0,100,,941975,35,,,0,99,,941976,35,,,0
1803,'20260728',654,,942012,35,,,0,67,,942011,35,,,0,20,,942017,35,,,0,12,,941985,35,,,0,54,,942015,35,,,0,18,,941986,35,,,0,12,,942006,35,,,0,71,,942013,35,,,0,29,,941987,35,,,0,70,,941988,35,,,0,30,,941989,35,,,0,70,,941990,35,,,0,20,,942016,35,,,0,20,,941991,35,,,0,60,,941992,35,,,0,31,,941993,35,,,0,70,,941994,35,,,0,30,,941995,35,,,0,70,,941996,35,,,0,30,,941997,35,,,0,70,,941998,35,,,0,29,,941999,35,,,0,70,,942000,35,,,0,30,,942001,35,,,0,72,,942002,35,,,0,29,,942003,35,,,0,69,,942004,35,,,0,31,,942005,35,,,0,70,,942018,35,,,0,99,,942007,35,,,0,100,,942008,35,,,0,100,,942014,35,,,0,100,,942009,35,,,0,99,,942010,35,,,0
1803,'20260729',654,,971375,35,,,0,67,,971374,35,,,0,20,,971380,35,,,0,12,,971348,35,,,0,54,,971378,35,,,0,18,,971349,35,,,0,12,,971369,35,,,0,71,,971376,35,,,0,29,,971350,35,,,0,70,,971351,35,,,0,30,,971352,35,,,0,70,,971353,35,,,0,20,,971379,35,,,0,20,,971354,35,,,0,60,,971355,35,,,0,31,,971356,35,,,0,70,,971357,35,,,0,30,,971358,35,,,0,70,,971359,35,,,0,30,,971360,35,,,0,70,,971361,35,,,0,29,,971362,35,,,0,70,,971363,35,,,0,30,,971364,35,,,0,72,,971365,35,,,0,29,,971366,35,,,0,69,,971367,35,,,0,31,,971368,35,,,0,70,,971381,35,,,0,99,,971370,35,,,0,100,,971371,35,,,0,100,,971377,35,,,0,100,,971372,35,,,0,99,,971373,35,,,0
1803,'20260730',654,,971409,35,,,0,67,,971408,35,,,0,20,,971414,35,,,0,12,,971382,35,,,0,54,,971412,35,,,0,18,,971383,35,,,0,12,,971403,35,,,0,71,,971410,35,,,0,29,,971384,35,,,0,70,,971385,35,,,0,30,,971386,35,,,0,70,,971387,35,,,0,20,,971413,35,,,0,20,,971388,35,,,0,60,,971389,35,,,0,31,,971390,35,,,0,70,,971391,35,,,0,30,,971392,35,,,0,70,,971393,35,,,0,30,,971394,35,,,0,70,,971395,35,,,0,29,,971396,35,,,0,70,,971397,35,,,0,30,,971398,35,,,0,72,,971399,35,,,0,29,,971400,35,,,0,69,,971401,35,,,0,31,,971402,35,,,0,70,,971415,35,,,0,99,,971404,35,,,0,100,,971405,35,,,0,100,,971411,35,,,0,100,,971406,35,,,0,99,,971407,35,,,0
1803,'20260731',654,,971443,35,,,0,67,,971442,35,,,0,20,,971448,35,,,0,12,,971416,35,,,0,54,,971446,35,,,0,18,,971417,35,,,0,12,,971437,35,,,0,71,,971444,35,,,0,29,,971418,35,,,0,70,,971419,35,,,0,30,,971420,35,,,0,70,,971421,35,,,0,20,,971447,35,,,0,20,,971422,35,,,0,60,,971423,35,,,0,31,,971424,35,,,0,70,,971425,35,,,0,30,,971426,35,,,0,70,,971427,35,,,0,30,,971428,35,,,0,70,,971429,35,,,0,29,,971430,35,,,0,70,,971431,35,,,0,30,,971432,35,,,0,72,,971433,35,,,0,29,,971434,35,,,0,69,,971435,35,,,0,31,,971436,35,,,0,70,,971449,35,,,0,99,,971438,35,,,0,100,,971439,35,,,0,100,,971445,35,,,0,100,,971440,35,,,0,99,,971441,35,,,0
