300,'20260630',622,,815129,42,,,0,99,,815131,42,,,0,100,,815133,42,,,0,100,,815135,42,,,0,101,,815137,42,,,0,99,,815139,42,,,0,100,,815141,42,,,0,100,,815143,42,,,0,100,,815145,42,,,0,100,,815147,42,,,0,30,,815148,42,,,0,66,,815149,42,,,0,31,,815150,42,,,0,71,,815152,42,,,0,30,,815154,42,,,0,71,,815155,42,,,0,101,,815157,42,,,0,100,,815159,42,,,0,101,,815161,42,,,0,101,,815163,42,,,0,100,,815165,42,,,0
300,'20260701',723,,815170,42,,,0,99,,815172,42,,,0,99,,815174,42,,,0,100,,815176,42,,,0,100,,815178,42,,,0,99,,815180,42,,,0,100,,815182,42,,,0,99,,815184,42,,,0,100,,815186,42,,,0,100,,815188,42,,,0,100,,815190,42,,,0,101,,815192,42,,,0,102,,815194,42,,,0,100,,815196,42,,,0,100,,815198,42,,,0,100,,815200,42,,,0,100,,815202,42,,,0,102,,815204,42,,,0
300,'20260702',622,,815206,42,,,0,99,,815208,42,,,0,100,,815210,42,,,0,100,,815212,42,,,0,101,,815214,42,,,0,99,,815216,42,,,0,100,,815218,42,,,0,100,,815220,42,,,0,100,,815222,42,,,0,100,,815224,42,,,0,30,,815225,42,,,0,66,,815226,42,,,0,31,,815227,42,,,0,71,,815229,42,,,0,30,,815231,42,,,0,71,,815232,42,,,0,101,,815234,42,,,0,100,,815236,42,,,0,101,,815238,42,,,0,101,,815240,42,,,0,100,,815242,42,,,0
300,'20260703',622,,845468,42,,,0,99,,845470,42,,,0,100,,845472,42,,,0,100,,845474,42,,,0,101,,845476,42,,,0,99,,845478,42,,,0,100,,845480,42,,,0,100,,845482,42,,,0,100,,845484,42,,,0,100,,845486,42,,,0,30,,845487,42,,,0,66,,845488,42,,,0,31,,845489,42,,,0,71,,845491,42,,,0,30,,845493,42,,,0,71,,845494,42,,,0,101,,845496,42,,,0,100,,845498,42,,,0,101,,845500,42,,,0,101,,845502,42,,,0,100,,845504,42,,,0
300,'20260704',723,,794373,42,,,0,99,,794374,42,,,0,99,,794375,42,,,0,100,,794376,42,,,0,100,,794377,42,,,0,99,,794378,42,,,0,100,,794379,42,,,0,99,,794380,42,,,0,100,,794381,42,,,0,100,,794382,42,,,0,100,,794383,42,,,0,101,,794384,42,,,0,102,,794385,42,,,0,100,,794386,42,,,0,100,,794387,42,,,0,100,,794388,42,,,0,100,,794389,42,,,0,102,,794390,42,,,0
300,'20260705',723,,794410,42,,,0,99,,794411,42,,,0,99,,794412,42,,,0,100,,794413,42,,,0,100,,794414,42,,,0,99,,794415,42,,,0,100,,794416,42,,,0,99,,794417,42,,,0,100,,794418,42,,,0,100,,794419,42,,,0,100,,794420,42,,,0,101,,794421,42,,,0,102,,794422,42,,,0,100,,794423,42,,,0,100,,794424,42,,,0,100,,794425,42,,,0,100,,794426,42,,,0,102,,794427,42,,,0
300,'20260706',622,,794447,42,,,0,99,,794448,42,,,0,100,,794449,42,,,0,100,,794450,42,,,0,101,,794451,42,,,0,99,,794452,42,,,0,100,,794453,42,,,0,100,,794454,42,,,0,100,,794455,42,,,0,100,,794456,42,,,0,30,,794457,42,,,0,66,,794458,42,,,0,31,,794459,42,,,0,71,,794460,42,,,0,30,,794461,42,,,0,71,,794462,42,,,0,101,,794463,42,,,0,100,,794464,42,,,0,101,,794465,42,,,0,101,,794466,42,,,0,100,,794467,42,,,0
300,'20260707',622,,794487,42,,,0,99,,794488,42,,,0,100,,794489,42,,,0,100,,794490,42,,,0,101,,794491,42,,,0,99,,794492,42,,,0,100,,794493,42,,,0,100,,794494,42,,,0,100,,794495,42,,,0,100,,794496,42,,,0,30,,794497,42,,,0,66,,794498,42,,,0,31,,794499,42,,,0,71,,794500,42,,,0,30,,794501,42,,,0,71,,794502,42,,,0,101,,794503,42,,,0,100,,794504,42,,,0,101,,794505,42,,,0,101,,794506,42,,,0,100,,794507,42,,,0
300,'20260708',622,,815245,42,,,0,99,,815246,42,,,0,100,,815247,42,,,0,100,,815248,42,,,0,101,,815249,42,,,0,99,,815250,42,,,0,100,,815251,42,,,0,100,,815252,42,,,0,100,,815253,42,,,0,100,,815254,42,,,0,30,,815255,42,,,0,66,,815256,42,,,0,31,,815257,42,,,0,71,,815258,42,,,0,30,,815259,42,,,0,71,,815260,42,,,0,101,,815261,42,,,0,100,,815262,42,,,0,101,,815263,42,,,0,101,,815264,42,,,0,100,,815265,42,,,0
300,'20260709',622,,815285,42,,,0,99,,815286,42,,,0,100,,815287,42,,,0,100,,815288,42,,,0,101,,815289,42,,,0,99,,815290,42,,,0,100,,815291,42,,,0,100,,815292,42,,,0,100,,815293,42,,,0,100,,815294,42,,,0,30,,815295,42,,,0,66,,815296,42,,,0,31,,815297,42,,,0,71,,815298,42,,,0,30,,815299,42,,,0,71,,815300,42,,,0,101,,815301,42,,,0,100,,815302,42,,,0,101,,815303,42,,,0,101,,815304,42,,,0,100,,815305,42,,,0
300,'20260710',622,,815325,42,,,0,99,,815326,42,,,0,100,,815327,42,,,0,100,,815328,42,,,0,101,,815329,42,,,0,99,,815330,42,,,0,100,,815331,42,,,0,100,,815332,42,,,0,100,,815333,42,,,0,100,,815334,42,,,0,30,,815335,42,,,0,66,,815336,42,,,0,31,,815337,42,,,0,71,,815338,42,,,0,30,,815339,42,,,0,71,,815340,42,,,0,101,,815341,42,,,0,100,,815342,42,,,0,101,,815343,42,,,0,101,,815344,42,,,0,100,,815345,42,,,0
300,'20260711',723,,845507,42,,,0,99,,845508,42,,,0,99,,845509,42,,,0,100,,845510,42,,,0,100,,845511,42,,,0,99,,845512,42,,,0,100,,845513,42,,,0,99,,845514,42,,,0,100,,845515,42,,,0,100,,845516,42,,,0,100,,845517,42,,,0,101,,845518,42,,,0,102,,845519,42,,,0,100,,845520,42,,,0,100,,845521,42,,,0,100,,845522,42,,,0,100,,845523,42,,,0,102,,845524,42,,,0
300,'20260712',723,,845544,42,,,0,99,,845545,42,,,0,99,,845546,42,,,0,100,,845547,42,,,0,100,,845548,42,,,0,99,,845549,42,,,0,100,,845550,42,,,0,99,,845551,42,,,0,100,,845552,42,,,0,100,,845553,42,,,0,100,,845554,42,,,0,101,,845555,42,,,0,102,,845556,42,,,0,100,,845557,42,,,0,100,,845558,42,,,0,100,,845559,42,,,0,100,,845560,42,,,0,102,,845561,42,,,0
300,'20260713',622,,845581,42,,,0,99,,845582,42,,,0,100,,845583,42,,,0,100,,845584,42,,,0,101,,845585,42,,,0,99,,845586,42,,,0,100,,845587,42,,,0,100,,845588,42,,,0,100,,845589,42,,,0,100,,845590,42,,,0,30,,845591,42,,,0,66,,845592,42,,,0,31,,845593,42,,,0,71,,845594,42,,,0,30,,845595,42,,,0,71,,845596,42,,,0,101,,845597,42,,,0,100,,845598,42,,,0,101,,845599,42,,,0,101,,845600,42,,,0,100,,845601,42,,,0
300,'20260714',622,,845621,42,,,0,99,,845622,42,,,0,100,,845623,42,,,0,100,,845624,42,,,0,101,,845625,42,,,0,99,,845626,42,,,0,100,,845627,42,,,0,100,,845628,42,,,0,100,,845629,42,,,0,100,,845630,42,,,0,30,,845631,42,,,0,66,,845632,42,,,0,31,,845633,42,,,0,71,,845634,42,,,0,30,,845635,42,,,0,71,,845636,42,,,0,101,,845637,42,,,0,100,,845638,42,,,0,101,,845639,42,,,0,101,,845640,42,,,0,100,,845641,42,,,0
