7901,'20260413',648,4,249690,38,,,0,74,5,249691,38,,,0,30,5,249692,38,,,0,70,5,249693,38,,,0,29,5,249694,38,,,0,101,5,249695,38,,,0
7901,'20260414',648,4,249712,38,,,0,74,5,249713,38,,,0,30,5,249714,38,,,0,70,5,249715,38,,,0,29,5,249716,38,,,0,101,5,249717,38,,,0
7901,'20260415',648,4,249734,38,,,0,74,5,249735,38,,,0,30,5,249736,38,,,0,70,5,249737,38,,,0,29,5,249738,38,,,0,101,5,249739,38,,,0
7901,'20260416',648,4,249756,38,,,0,74,5,249757,38,,,0,30,5,249758,38,,,0,70,5,249759,38,,,0,29,5,249760,38,,,0,101,5,249761,38,,,0
7901,'20260417',648,4,249778,38,,,0,74,5,249779,38,,,0,30,5,249780,38,,,0,70,5,249781,38,,,0,29,5,249782,38,,,0,101,5,249783,38,,,0
7901,'20260420',648,4,206117,38,,,0,74,5,206118,38,,,0,30,5,206119,38,,,0,70,5,206120,38,,,0,29,5,206121,38,,,0,101,5,206122,38,,,0
7901,'20260421',648,4,249800,38,,,0,74,5,249801,38,,,0,30,5,249802,38,,,0,70,5,249803,38,,,0,29,5,249804,38,,,0,101,5,249805,38,,,0
7901,'20260422',648,4,249822,38,,,0,74,5,249823,38,,,0,30,5,249824,38,,,0,70,5,249825,38,,,0,29,5,249826,38,,,0,101,5,249827,38,,,0
7901,'20260423',648,4,249844,38,,,0,74,5,249845,38,,,0,30,5,249846,38,,,0,70,5,249847,38,,,0,29,5,249848,38,,,0,101,5,249849,38,,,0
7901,'20260424',648,4,249866,38,,,0,74,5,249867,38,,,0,30,5,249868,38,,,0,70,5,249869,38,,,0,29,5,249870,38,,,0,101,5,249871,38,,,0
7901,'20260427',648,4,249924,38,,,0,74,5,249925,38,,,0,30,5,249926,38,,,0,70,5,249927,38,,,0,29,5,249928,38,,,0,101,5,249929,38,,,0
69002,'20260413',1619,,261165,20,,,0,104,,261166,20,,,0,26,,261167,20,,,0
69002,'20260414',1619,,261168,20,,,0,104,,261169,20,,,0,26,,261170,20,,,0
69002,'20260415',1619,,261171,20,,,0,104,,261172,20,,,0,26,,261173,20,,,0
69002,'20260416',1619,,261174,20,,,0,104,,261175,20,,,0,26,,261176,20,,,0
69002,'20260417',1619,,261177,20,,,0,104,,261178,20,,,0,26,,261179,20,,,0
69002,'20260420',1619,,215660,20,,,0,104,,215661,20,,,0,26,,215662,20,,,0
69002,'20260421',1619,,261180,20,,,0,104,,261181,20,,,0,26,,261182,20,,,0
69002,'20260422',1619,,261183,20,,,0,104,,261184,20,,,0,26,,261185,20,,,0
69002,'20260423',1619,,261186,20,,,0,104,,261187,20,,,0,26,,261188,20,,,0
69002,'20260424',1619,,261189,20,,,0,104,,261190,20,,,0,26,,261191,20,,,0
69002,'20260427',1619,,261192,20,,,0,104,,261193,20,,,0,26,,261194,20,,,0
