400,'20260331',714,,145427,26,,,0,15,,145428,26,,,0,21,,145429,26,,,0,9,,145430,26,,,0,55,,145431,26,,,0,15,,145432,26,,,0,16,,145433,26,,,0,58,,145434,26,,,0,29,,145435,26,,,0,70,,145436,26,,,0,30,,145437,26,,,0,70,,145438,26,,,0,30,,145439,26,,,0,15,,145440,26,,,0,54,,145441,26,,,0,15,,145442,26,,,0,15,,145443,26,,,0,16,,145444,26,,,0,55,,145445,26,,,0,31,,145446,26,,,0,70,,145447,26,,,0,30,,145448,26,,,0,69,,145449,26,,,0,15,,145450,26,,,0,15,,145451,26,,,0,16,,145452,26,,,0,54,,145453,26,,,0,14,,145454,26,,,0,15,,145455,26,,,0,16,,145456,26,,,0,63,,145457,26,,,0,17,,145458,26,,,0,25,,145459,26,,,0,64,,145460,26,,,0,34,,145461,26,,,0,98,,145462,26,,,0,100,,145463,26,,,0,101,,145464,26,,,0,99,,145465,26,,,0,99,,145466,26,,,0
400,'20260401',714,,145469,26,,,0,15,,145470,26,,,0,21,,145471,26,,,0,9,,145472,26,,,0,55,,145473,26,,,0,15,,145474,26,,,0,16,,145475,26,,,0,58,,145476,26,,,0,29,,145477,26,,,0,70,,145478,26,,,0,30,,145479,26,,,0,70,,145480,26,,,0,30,,145481,26,,,0,15,,145482,26,,,0,54,,145483,26,,,0,15,,145484,26,,,0,15,,145485,26,,,0,16,,145486,26,,,0,55,,145487,26,,,0,31,,145488,26,,,0,70,,145489,26,,,0,30,,145490,26,,,0,69,,145491,26,,,0,15,,145492,26,,,0,15,,145493,26,,,0,16,,145494,26,,,0,54,,145495,26,,,0,14,,145496,26,,,0,15,,145497,26,,,0,16,,145498,26,,,0,63,,145499,26,,,0,17,,145500,26,,,0,25,,145501,26,,,0,64,,145502,26,,,0,34,,145503,26,,,0,98,,145504,26,,,0,100,,145505,26,,,0,101,,145506,26,,,0,99,,145507,26,,,0,99,,145508,26,,,0
400,'20260402',714,,145511,26,,,0,15,,145512,26,,,0,21,,145513,26,,,0,9,,145514,26,,,0,55,,145515,26,,,0,15,,145516,26,,,0,16,,145517,26,,,0,58,,145518,26,,,0,29,,145519,26,,,0,70,,145520,26,,,0,30,,145521,26,,,0,70,,145522,26,,,0,30,,145523,26,,,0,15,,145524,26,,,0,54,,145525,26,,,0,15,,145526,26,,,0,15,,145527,26,,,0,16,,145528,26,,,0,55,,145529,26,,,0,31,,145530,26,,,0,70,,145531,26,,,0,30,,145532,26,,,0,69,,145533,26,,,0,15,,145534,26,,,0,15,,145535,26,,,0,16,,145536,26,,,0,54,,145537,26,,,0,14,,145538,26,,,0,15,,145539,26,,,0,16,,145540,26,,,0,63,,145541,26,,,0,17,,145542,26,,,0,25,,145543,26,,,0,64,,145544,26,,,0,34,,145545,26,,,0,98,,145546,26,,,0,100,,145547,26,,,0,101,,145548,26,,,0,99,,145549,26,,,0,99,,145550,26,,,0
400,'20260403',735,,145553,26,,,0,100,,145554,26,,,0,99,,145555,26,,,0,101,,145556,26,,,0,101,,145557,26,,,0,99,,145558,26,,,0,100,,145559,26,,,0,100,,145560,26,,,0,101,,145561,26,,,0,98,,145562,26,,,0,109,,145563,26,,,0,94,,145564,26,,,0,97,,145565,26,,,0,99,,145566,26,,,0,99,,145567,26,,,0,98,,145568,26,,,0,98,,145569,26,,,0
400,'20260404',735,,105489,26,,,0,100,,105490,26,,,0,99,,105491,26,,,0,101,,105492,26,,,0,101,,105493,26,,,0,99,,105494,26,,,0,100,,105495,26,,,0,100,,105496,26,,,0,101,,105497,26,,,0,98,,105498,26,,,0,109,,105499,26,,,0,94,,105500,26,,,0,97,,105501,26,,,0,99,,105502,26,,,0,99,,105503,26,,,0,98,,105504,26,,,0,98,,105505,26,,,0
400,'20260405',735,,105506,26,,,0,100,,105507,26,,,0,99,,105508,26,,,0,101,,105509,26,,,0,101,,105510,26,,,0,99,,105511,26,,,0,100,,105512,26,,,0,100,,105513,26,,,0,101,,105514,26,,,0,98,,105515,26,,,0,109,,105516,26,,,0,94,,105517,26,,,0,97,,105518,26,,,0,99,,105519,26,,,0,99,,105520,26,,,0,98,,105521,26,,,0,98,,105522,26,,,0
400,'20260406',735,,105523,26,,,0,100,,105524,26,,,0,99,,105525,26,,,0,101,,105526,26,,,0,101,,105527,26,,,0,99,,105528,26,,,0,100,,105529,26,,,0,100,,105530,26,,,0,101,,105531,26,,,0,98,,105532,26,,,0,109,,105533,26,,,0,94,,105534,26,,,0,97,,105535,26,,,0,99,,105536,26,,,0,99,,105537,26,,,0,98,,105538,26,,,0,98,,105539,26,,,0
400,'20260407',714,,145593,26,,,0,15,,145597,26,,,0,21,,145578,26,,,0,9,,145598,26,,,0,55,,145579,26,,,0,15,,145599,26,,,0,16,,145600,26,,,0,58,,145583,26,,,0,29,,145592,26,,,0,70,,145580,26,,,0,30,,145594,26,,,0,70,,145584,26,,,0,30,,145581,26,,,0,15,,145601,26,,,0,54,,145582,26,,,0,15,,145602,26,,,0,15,,145591,26,,,0,16,,145603,26,,,0,55,,145570,26,,,0,31,,145572,26,,,0,70,,145576,26,,,0,30,,145573,26,,,0,69,,145571,26,,,0,15,,145604,26,,,0,15,,145596,26,,,0,16,,145605,26,,,0,54,,145587,26,,,0,14,,145606,26,,,0,15,,145607,26,,,0,16,,145575,26,,,0,63,,145608,26,,,0,17,,145585,26,,,0,25,,145586,26,,,0,64,,145609,26,,,0,34,,145595,26,,,0,98,,145588,26,,,0,100,,145574,26,,,0,101,,145577,26,,,0,99,,145589,26,,,0,99,,145590,26,,,0
400,'20260408',714,,145633,26,,,0,15,,145637,26,,,0,21,,145618,26,,,0,9,,145638,26,,,0,55,,145619,26,,,0,15,,145639,26,,,0,16,,145640,26,,,0,58,,145623,26,,,0,29,,145632,26,,,0,70,,145620,26,,,0,30,,145634,26,,,0,70,,145624,26,,,0,30,,145621,26,,,0,15,,145641,26,,,0,54,,145622,26,,,0,15,,145642,26,,,0,15,,145631,26,,,0,16,,145643,26,,,0,55,,145610,26,,,0,31,,145612,26,,,0,70,,145616,26,,,0,30,,145613,26,,,0,69,,145611,26,,,0,15,,145644,26,,,0,15,,145636,26,,,0,16,,145645,26,,,0,54,,145627,26,,,0,14,,145646,26,,,0,15,,145647,26,,,0,16,,145615,26,,,0,63,,145648,26,,,0,17,,145625,26,,,0,25,,145626,26,,,0,64,,145649,26,,,0,34,,145635,26,,,0,98,,145628,26,,,0,100,,145614,26,,,0,101,,145617,26,,,0,99,,145629,26,,,0,99,,145630,26,,,0
400,'20260409',714,,145673,26,,,0,15,,145677,26,,,0,21,,145658,26,,,0,9,,145678,26,,,0,55,,145659,26,,,0,15,,145679,26,,,0,16,,145680,26,,,0,58,,145663,26,,,0,29,,145672,26,,,0,70,,145660,26,,,0,30,,145674,26,,,0,70,,145664,26,,,0,30,,145661,26,,,0,15,,145681,26,,,0,54,,145662,26,,,0,15,,145682,26,,,0,15,,145671,26,,,0,16,,145683,26,,,0,55,,145650,26,,,0,31,,145652,26,,,0,70,,145656,26,,,0,30,,145653,26,,,0,69,,145651,26,,,0,15,,145684,26,,,0,15,,145676,26,,,0,16,,145685,26,,,0,54,,145667,26,,,0,14,,145686,26,,,0,15,,145687,26,,,0,16,,145655,26,,,0,63,,145688,26,,,0,17,,145665,26,,,0,25,,145666,26,,,0,64,,145689,26,,,0,34,,145675,26,,,0,98,,145668,26,,,0,100,,145654,26,,,0,101,,145657,26,,,0,99,,145669,26,,,0,99,,145670,26,,,0
400,'20260410',714,,145713,26,,,0,15,,145717,26,,,0,21,,145698,26,,,0,9,,145718,26,,,0,55,,145699,26,,,0,15,,145719,26,,,0,16,,145720,26,,,0,58,,145703,26,,,0,29,,145712,26,,,0,70,,145700,26,,,0,30,,145714,26,,,0,70,,145704,26,,,0,30,,145701,26,,,0,15,,145721,26,,,0,54,,145702,26,,,0,15,,145722,26,,,0,15,,145711,26,,,0,16,,145723,26,,,0,55,,145690,26,,,0,31,,145692,26,,,0,70,,145696,26,,,0,30,,145693,26,,,0,69,,145691,26,,,0,15,,145724,26,,,0,15,,145716,26,,,0,16,,145725,26,,,0,54,,145707,26,,,0,14,,145726,26,,,0,15,,145727,26,,,0,16,,145695,26,,,0,63,,145728,26,,,0,17,,145705,26,,,0,25,,145706,26,,,0,64,,145729,26,,,0,34,,145715,26,,,0,98,,145708,26,,,0,100,,145694,26,,,0,101,,145697,26,,,0,99,,145709,26,,,0,99,,145710,26,,,0
400,'20260411',735,,145730,26,,,0,100,,145731,26,,,0,99,,145732,26,,,0,101,,145733,26,,,0,101,,145734,26,,,0,99,,145735,26,,,0,100,,145736,26,,,0,100,,145737,26,,,0,101,,145738,26,,,0,98,,145739,26,,,0,109,,145740,26,,,0,94,,145741,26,,,0,97,,145742,26,,,0,99,,145743,26,,,0,99,,145744,26,,,0,98,,145745,26,,,0,98,,145746,26,,,0
400,'20260412',735,,145747,26,,,0,100,,145748,26,,,0,99,,145749,26,,,0,101,,145750,26,,,0,101,,145751,26,,,0,99,,145752,26,,,0,100,,145753,26,,,0,100,,145754,26,,,0,101,,145755,26,,,0,98,,145756,26,,,0,109,,145757,26,,,0,94,,145758,26,,,0,97,,145759,26,,,0,99,,145760,26,,,0,99,,145761,26,,,0,98,,145762,26,,,0,98,,145763,26,,,0
400,'20260413',714,,145787,26,,,0,15,,145791,26,,,0,21,,145772,26,,,0,9,,145792,26,,,0,55,,145773,26,,,0,15,,145793,26,,,0,16,,145794,26,,,0,58,,145777,26,,,0,29,,145786,26,,,0,70,,145774,26,,,0,30,,145788,26,,,0,70,,145778,26,,,0,30,,145775,26,,,0,15,,145795,26,,,0,54,,145776,26,,,0,15,,145796,26,,,0,15,,145785,26,,,0,16,,145797,26,,,0,55,,145764,26,,,0,31,,145766,26,,,0,70,,145770,26,,,0,30,,145767,26,,,0,69,,145765,26,,,0,15,,145798,26,,,0,15,,145790,26,,,0,16,,145799,26,,,0,54,,145781,26,,,0,14,,145800,26,,,0,15,,145801,26,,,0,16,,145769,26,,,0,63,,145802,26,,,0,17,,145779,26,,,0,25,,145780,26,,,0,64,,145803,26,,,0,34,,145789,26,,,0,98,,145782,26,,,0,100,,145768,26,,,0,101,,145771,26,,,0,99,,145783,26,,,0,99,,145784,26,,,0
400,'20260414',714,,145827,26,,,0,15,,145831,26,,,0,21,,145812,26,,,0,9,,145832,26,,,0,55,,145813,26,,,0,15,,145833,26,,,0,16,,145834,26,,,0,58,,145817,26,,,0,29,,145826,26,,,0,70,,145814,26,,,0,30,,145828,26,,,0,70,,145818,26,,,0,30,,145815,26,,,0,15,,145835,26,,,0,54,,145816,26,,,0,15,,145836,26,,,0,15,,145825,26,,,0,16,,145837,26,,,0,55,,145804,26,,,0,31,,145806,26,,,0,70,,145810,26,,,0,30,,145807,26,,,0,69,,145805,26,,,0,15,,145838,26,,,0,15,,145830,26,,,0,16,,145839,26,,,0,54,,145821,26,,,0,14,,145840,26,,,0,15,,145841,26,,,0,16,,145809,26,,,0,63,,145842,26,,,0,17,,145819,26,,,0,25,,145820,26,,,0,64,,145843,26,,,0,34,,145829,26,,,0,98,,145822,26,,,0,100,,145808,26,,,0,101,,145811,26,,,0,99,,145823,26,,,0,99,,145824,26,,,0
