401,'20260619',539,,739187,21,,,0,70,,739188,21,,,0,30,,739189,21,,,0,70,,739190,21,,,0,17,,739191,21,,,0,15,,739185,21,,,0,2,,739192,21,,,0,14,,739183,21,,,0,2,,739193,21,,,0,55,,739184,21,,,0,2,,739194,21,,,0,13,,739195,21,,,0,13,,739196,21,,,0,15,,739197,21,,,0,55,,739198,21,,,0,17,,739199,21,,,0,29,,739200,21,,,0,70,,739201,21,,,0,30,,739202,21,,,0,70,,739203,21,,,0,30,,739204,21,,,0,69,,739205,21,,,0,15,,739206,21,,,0,15,,739207,21,,,0,71,,739208,21,,,0,31,,739209,21,,,0,70,,739210,21,,,0,30,,739211,21,,,0,51,,739212,21,,,0,18,,739213,21,,,0,16,,739214,21,,,0,59,,739215,21,,,0,16,,739216,21,,,0,9,,739217,21,,,0,19,,739218,21,,,0,54,,739219,21,,,0,16,,739220,21,,,0,16,,739221,21,,,0,20,,739222,21,,,0,64,,739223,21,,,0,97,,739224,21,,,0,97,,739225,21,,,0,100,,739226,21,,,0,100,,739227,21,,,0,98,,739228,21,,,0,99,,739229,21,,,0
401,'20260620',701,,769111,21,,,0,54,,769112,21,,,0,100,,769113,21,,,0,101,,769114,21,,,0,101,,769115,21,,,0,100,,769116,21,,,0,101,,769117,21,,,0,100,,769118,21,,,0,100,,769119,21,,,0,101,,769120,21,,,0,98,,769121,21,,,0,144,,769122,21,,,0,99,,769123,21,,,0,57,,769124,21,,,0,97,,769125,21,,,0,99,,769126,21,,,0,98,,769127,21,,,0,98,,769128,21,,,0
401,'20260621',701,,769129,21,,,0,54,,769130,21,,,0,100,,769131,21,,,0,101,,769132,21,,,0,101,,769133,21,,,0,100,,769134,21,,,0,101,,769135,21,,,0,100,,769136,21,,,0,100,,769137,21,,,0,101,,769138,21,,,0,98,,769139,21,,,0,144,,769140,21,,,0,99,,769141,21,,,0,57,,769142,21,,,0,97,,769143,21,,,0,99,,769144,21,,,0,98,,769145,21,,,0,98,,769146,21,,,0
401,'20260622',539,,769151,21,,,0,70,,769152,21,,,0,30,,769153,21,,,0,70,,769154,21,,,0,32,,769149,21,,,0,2,,769155,21,,,0,14,,769147,21,,,0,57,,769148,21,,,0,28,,769157,21,,,0,70,,769158,21,,,0,46,,769159,21,,,0,100,,769160,21,,,0,101,,769161,21,,,0,142,,769162,21,,,0,54,,769163,21,,,0,104,,769164,21,,,0,70,,769165,21,,,0,74,,769166,21,,,0,28,,769167,21,,,0,69,,769168,21,,,0,32,,769169,21,,,0,83,,769170,21,,,0,100,,769171,21,,,0,97,,769172,21,,,0,100,,769173,21,,,0,100,,769174,21,,,0,98,,769175,21,,,0,99,,769176,21,,,0
401,'20260623',539,,769181,21,,,0,70,,769182,21,,,0,30,,769183,21,,,0,70,,769184,21,,,0,32,,769179,21,,,0,2,,769185,21,,,0,14,,769177,21,,,0,57,,769178,21,,,0,28,,769187,21,,,0,70,,769188,21,,,0,46,,769189,21,,,0,100,,769190,21,,,0,101,,769191,21,,,0,142,,769192,21,,,0,54,,769193,21,,,0,104,,769194,21,,,0,70,,769195,21,,,0,74,,769196,21,,,0,28,,769197,21,,,0,69,,769198,21,,,0,32,,769199,21,,,0,83,,769200,21,,,0,100,,769201,21,,,0,97,,769202,21,,,0,100,,769203,21,,,0,100,,769204,21,,,0,98,,769205,21,,,0,99,,769206,21,,,0
401,'20260624',701,,769207,21,,,0,54,,769208,21,,,0,100,,769209,21,,,0,101,,769210,21,,,0,101,,769211,21,,,0,100,,769212,21,,,0,101,,769213,21,,,0,100,,769214,21,,,0,100,,769215,21,,,0,101,,769216,21,,,0,98,,769217,21,,,0,144,,769218,21,,,0,99,,769219,21,,,0,57,,769220,21,,,0,97,,769221,21,,,0,99,,769222,21,,,0,98,,769223,21,,,0,98,,769224,21,,,0
401,'20260625',539,,703488,21,,,0,70,,703489,21,,,0,30,,703490,21,,,0,70,,703491,21,,,0,34,,703492,21,,,0,71,,703487,21,,,0,28,,703493,21,,,0,70,,703494,21,,,0,46,,703495,21,,,0,100,,703496,21,,,0,101,,703497,21,,,0,142,,703498,21,,,0,54,,703499,21,,,0,104,,703500,21,,,0,70,,703501,21,,,0,74,,703502,21,,,0,28,,703503,21,,,0,69,,703504,21,,,0,32,,703505,21,,,0,83,,703506,21,,,0,100,,703507,21,,,0,97,,703508,21,,,0,100,,703509,21,,,0,100,,703510,21,,,0,98,,703511,21,,,0,99,,703512,21,,,0
401,'20260626',539,,703514,21,,,0,70,,703515,21,,,0,30,,703516,21,,,0,70,,703517,21,,,0,34,,703518,21,,,0,71,,703513,21,,,0,28,,703519,21,,,0,70,,703520,21,,,0,46,,703521,21,,,0,100,,703522,21,,,0,101,,703523,21,,,0,142,,703524,21,,,0,54,,703525,21,,,0,104,,703526,21,,,0,70,,703527,21,,,0,74,,703528,21,,,0,28,,703529,21,,,0,69,,703530,21,,,0,32,,703531,21,,,0,83,,703532,21,,,0,100,,703533,21,,,0,97,,703534,21,,,0,100,,703535,21,,,0,100,,703536,21,,,0,98,,703537,21,,,0,99,,703538,21,,,0
401,'20260627',701,,739335,21,,,0,54,,739318,21,,,0,100,,739319,21,,,0,101,,739320,21,,,0,101,,739321,21,,,0,100,,739322,21,,,0,101,,739323,21,,,0,100,,739324,21,,,0,100,,739325,21,,,0,101,,739326,21,,,0,98,,739327,21,,,0,144,,739328,21,,,0,99,,739329,21,,,0,57,,739330,21,,,0,97,,739331,21,,,0,99,,739332,21,,,0,98,,739333,21,,,0,98,,739334,21,,,0
401,'20260628',701,,739353,21,,,0,54,,739336,21,,,0,100,,739337,21,,,0,101,,739338,21,,,0,101,,739339,21,,,0,100,,739340,21,,,0,101,,739341,21,,,0,100,,739342,21,,,0,100,,739343,21,,,0,101,,739344,21,,,0,98,,739345,21,,,0,144,,739346,21,,,0,99,,739347,21,,,0,57,,739348,21,,,0,97,,739349,21,,,0,99,,739350,21,,,0,98,,739351,21,,,0,98,,739352,21,,,0
401,'20260629',539,,739355,21,,,0,70,,739356,21,,,0,30,,739357,21,,,0,70,,739358,21,,,0,34,,739359,21,,,0,71,,739354,21,,,0,28,,739360,21,,,0,70,,739361,21,,,0,46,,739362,21,,,0,100,,739363,21,,,0,101,,739364,21,,,0,142,,739365,21,,,0,54,,739366,21,,,0,104,,739367,21,,,0,70,,739368,21,,,0,74,,739369,21,,,0,28,,739370,21,,,0,69,,739371,21,,,0,32,,739372,21,,,0,83,,739373,21,,,0,100,,739374,21,,,0,97,,739375,21,,,0,100,,739376,21,,,0,100,,739377,21,,,0,98,,739378,21,,,0,99,,739379,21,,,0
401,'20260630',539,,739381,21,,,0,70,,739382,21,,,0,30,,739383,21,,,0,70,,739384,21,,,0,34,,739385,21,,,0,71,,739380,21,,,0,28,,739386,21,,,0,70,,739387,21,,,0,46,,739388,21,,,0,100,,739389,21,,,0,101,,739390,21,,,0,142,,739391,21,,,0,54,,739392,21,,,0,104,,739393,21,,,0,70,,739394,21,,,0,74,,739395,21,,,0,28,,739396,21,,,0,69,,739397,21,,,0,32,,739398,21,,,0,83,,739399,21,,,0,100,,739400,21,,,0,97,,739401,21,,,0,100,,739402,21,,,0,100,,739403,21,,,0,98,,739404,21,,,0,99,,739405,21,,,0
401,'20260701',701,,769242,21,,,0,54,,769225,21,,,0,100,,769226,21,,,0,101,,769227,21,,,0,101,,769228,21,,,0,100,,769229,21,,,0,101,,769230,21,,,0,100,,769231,21,,,0,100,,769232,21,,,0,101,,769233,21,,,0,98,,769234,21,,,0,144,,769235,21,,,0,99,,769236,21,,,0,57,,769237,21,,,0,97,,769238,21,,,0,99,,769239,21,,,0,98,,769240,21,,,0,98,,769241,21,,,0
401,'20260702',539,,769244,21,,,0,70,,769245,21,,,0,30,,769246,21,,,0,70,,769247,21,,,0,34,,769248,21,,,0,71,,769243,21,,,0,28,,769249,21,,,0,70,,769250,21,,,0,46,,769251,21,,,0,100,,769252,21,,,0,101,,769253,21,,,0,142,,769254,21,,,0,54,,769255,21,,,0,104,,769256,21,,,0,70,,769257,21,,,0,74,,769258,21,,,0,28,,769259,21,,,0,69,,769260,21,,,0,32,,769261,21,,,0,83,,769262,21,,,0,100,,769263,21,,,0,97,,769264,21,,,0,100,,769265,21,,,0,100,,769266,21,,,0,98,,769267,21,,,0,99,,769268,21,,,0
401,'20260703',539,,769270,21,,,0,70,,769271,21,,,0,30,,769272,21,,,0,70,,769273,21,,,0,34,,769274,21,,,0,71,,769269,21,,,0,28,,769275,21,,,0,70,,769276,21,,,0,46,,769277,21,,,0,100,,769278,21,,,0,101,,769279,21,,,0,142,,769280,21,,,0,54,,769281,21,,,0,104,,769282,21,,,0,70,,769283,21,,,0,74,,769284,21,,,0,28,,769285,21,,,0,69,,769286,21,,,0,32,,769287,21,,,0,83,,769288,21,,,0,100,,769289,21,,,0,97,,769290,21,,,0,100,,769291,21,,,0,100,,769292,21,,,0,98,,769293,21,,,0,99,,769294,21,,,0
