3101,'20260612',625,,690249,25,,,0,30,,690250,25,,,0,84,,690251,25,,,0,71,,690252,25,,,0,29,,690253,25,,,0,79,,690254,25,,,0,96,,690255,25,,,0,99,,690256,25,,,0,100,,690257,25,,,0,101,,690258,25,,,0,99,,690259,25,,,0,101,,690260,25,,,0,105,,690261,25,,,0,85,,690262,25,,,0,27,,690263,25,,,0,28,,690264,25,,,0,67,,690265,25,,,0,26,,690266,25,,,0,69,,690267,25,,,0,29,,690268,25,,,0,76,,690269,25,,,0,95,,690270,25,,,0,100,,690271,25,,,0,100,,690272,25,,,0
3101,'20260613',602,,707683,25,,,0,154,,707684,25,,,0,202,,707685,25,,,0,200,,707686,25,,,0,200,,707687,25,,,0,199,,707688,25,,,0,198,,707689,25,,,0,246,,707690,25,,,0,202,,707691,25,,,0,198,,707692,25,,,0
3101,'20260614',602,,707693,25,,,0,154,,707694,25,,,0,202,,707695,25,,,0,200,,707696,25,,,0,200,,707697,25,,,0,199,,707698,25,,,0,198,,707699,25,,,0,246,,707700,25,,,0,202,,707701,25,,,0,198,,707702,25,,,0
3101,'20260615',625,,707703,25,,,0,30,,707704,25,,,0,84,,707705,25,,,0,71,,707706,25,,,0,29,,707707,25,,,0,79,,707708,25,,,0,96,,707709,25,,,0,99,,707710,25,,,0,100,,707711,25,,,0,101,,707712,25,,,0,99,,707713,25,,,0,101,,707714,25,,,0,105,,707715,25,,,0,85,,707716,25,,,0,27,,707717,25,,,0,28,,707718,25,,,0,67,,707719,25,,,0,26,,707720,25,,,0,69,,707721,25,,,0,29,,707722,25,,,0,76,,707723,25,,,0,95,,707724,25,,,0,100,,707725,25,,,0,100,,707726,25,,,0
3101,'20260616',625,,707727,25,,,0,30,,707728,25,,,0,84,,707729,25,,,0,71,,707730,25,,,0,29,,707731,25,,,0,79,,707732,25,,,0,96,,707733,25,,,0,99,,707734,25,,,0,100,,707735,25,,,0,101,,707736,25,,,0,99,,707737,25,,,0,101,,707738,25,,,0,105,,707739,25,,,0,85,,707740,25,,,0,27,,707741,25,,,0,28,,707742,25,,,0,67,,707743,25,,,0,26,,707744,25,,,0,69,,707745,25,,,0,29,,707746,25,,,0,76,,707747,25,,,0,95,,707748,25,,,0,100,,707749,25,,,0,100,,707750,25,,,0
3101,'20260617',625,,707751,25,,,0,30,,707752,25,,,0,84,,707753,25,,,0,71,,707754,25,,,0,29,,707755,25,,,0,79,,707756,25,,,0,96,,707757,25,,,0,99,,707758,25,,,0,100,,707759,25,,,0,101,,707760,25,,,0,99,,707761,25,,,0,101,,707762,25,,,0,105,,707763,25,,,0,85,,707764,25,,,0,27,,707765,25,,,0,28,,707766,25,,,0,67,,707767,25,,,0,26,,707768,25,,,0,69,,707769,25,,,0,29,,707770,25,,,0,76,,707771,25,,,0,95,,707772,25,,,0,100,,707773,25,,,0,100,,707774,25,,,0
3101,'20260618',625,,707775,25,,,0,30,,707776,25,,,0,84,,707777,25,,,0,71,,707778,25,,,0,29,,707779,25,,,0,79,,707780,25,,,0,96,,707781,25,,,0,99,,707782,25,,,0,100,,707783,25,,,0,101,,707784,25,,,0,99,,707785,25,,,0,101,,707786,25,,,0,105,,707787,25,,,0,85,,707788,25,,,0,27,,707789,25,,,0,28,,707790,25,,,0,67,,707791,25,,,0,26,,707792,25,,,0,69,,707793,25,,,0,29,,707794,25,,,0,76,,707795,25,,,0,95,,707796,25,,,0,100,,707797,25,,,0,100,,707798,25,,,0
3101,'20260619',625,,659423,25,,,0,30,,659424,25,,,0,84,,659425,25,,,0,71,,659426,25,,,0,29,,659427,25,,,0,79,,659428,25,,,0,96,,659429,25,,,0,99,,659430,25,,,0,100,,659431,25,,,0,101,,659432,25,,,0,99,,659433,25,,,0,101,,659434,25,,,0,105,,659435,25,,,0,85,,659443,25,,,0,27,,659436,25,,,0,28,,659445,25,,,0,67,,659437,25,,,0,26,,659444,25,,,0,69,,659438,25,,,0,29,,659446,25,,,0,76,,659439,25,,,0,95,,659440,25,,,0,100,,659441,25,,,0,100,,659442,25,,,0
3101,'20260620',602,,690281,24,,,0,154,,690273,24,,,0,202,,690274,24,,,0,200,,690275,24,,,0,200,,690276,24,,,0,199,,690277,24,,,0,198,,690278,24,,,0,246,,690279,24,,,0,202,,690280,24,,,0,198,,690282,24,,,0
3101,'20260621',602,,690291,24,,,0,154,,690283,24,,,0,202,,690284,24,,,0,200,,690285,24,,,0,200,,690286,24,,,0,199,,690287,24,,,0,198,,690288,24,,,0,246,,690289,24,,,0,202,,690290,24,,,0,198,,690292,24,,,0
3101,'20260622',625,,690293,24,,,0,30,,690294,24,,,0,84,,690295,24,,,0,71,,690296,24,,,0,29,,690297,24,,,0,79,,690298,24,,,0,96,,690299,24,,,0,99,,690300,24,,,0,100,,690301,24,,,0,101,,690302,24,,,0,99,,690303,24,,,0,101,,690304,24,,,0,105,,690305,24,,,0,85,,690313,24,,,0,27,,690306,24,,,0,28,,690315,24,,,0,67,,690307,24,,,0,26,,690314,24,,,0,69,,690308,24,,,0,29,,690316,24,,,0,76,,690309,24,,,0,95,,690310,24,,,0,100,,690311,24,,,0,100,,690312,24,,,0
3101,'20260623',625,,707799,24,,,0,30,,707800,24,,,0,84,,707801,24,,,0,71,,707802,24,,,0,29,,707803,24,,,0,79,,707804,24,,,0,96,,707805,24,,,0,99,,707806,24,,,0,100,,707807,24,,,0,101,,707808,24,,,0,99,,707809,24,,,0,101,,707810,24,,,0,105,,707811,24,,,0,85,,707819,24,,,0,27,,707812,24,,,0,28,,707821,24,,,0,67,,707813,24,,,0,26,,707820,24,,,0,69,,707814,24,,,0,29,,707822,24,,,0,76,,707815,24,,,0,95,,707816,24,,,0,100,,707817,24,,,0,100,,707818,24,,,0
3101,'20260624',602,,707831,24,,,0,154,,707823,24,,,0,202,,707824,24,,,0,200,,707825,24,,,0,200,,707826,24,,,0,199,,707827,24,,,0,198,,707828,24,,,0,246,,707829,24,,,0,202,,707830,24,,,0,198,,707832,24,,,0
3101,'20260625',625,,707833,24,,,0,30,,707834,24,,,0,84,,707835,24,,,0,71,,707836,24,,,0,29,,707837,24,,,0,79,,707838,24,,,0,96,,707839,24,,,0,99,,707840,24,,,0,100,,707841,24,,,0,101,,707842,24,,,0,99,,707843,24,,,0,101,,707844,24,,,0,105,,707845,24,,,0,85,,707853,24,,,0,27,,707846,24,,,0,28,,707855,24,,,0,67,,707847,24,,,0,26,,707854,24,,,0,69,,707848,24,,,0,29,,707856,24,,,0,76,,707849,24,,,0,95,,707850,24,,,0,100,,707851,24,,,0,100,,707852,24,,,0
3101,'20260626',625,,707857,24,,,0,30,,707858,24,,,0,84,,707859,24,,,0,71,,707860,24,,,0,29,,707861,24,,,0,79,,707862,24,,,0,96,,707863,24,,,0,99,,707864,24,,,0,100,,707865,24,,,0,101,,707866,24,,,0,99,,707867,24,,,0,101,,707868,24,,,0,105,,707869,24,,,0,85,,707877,24,,,0,27,,707870,24,,,0,28,,707879,24,,,0,67,,707871,24,,,0,26,,707878,24,,,0,69,,707872,24,,,0,29,,707880,24,,,0,76,,707873,24,,,0,95,,707874,24,,,0,100,,707875,24,,,0,100,,707876,24,,,0
