1302,'20260427',656,,333246,31,,,0,67,,333241,12,,,0,31,,333239,12,,,0,2,,333247,31,,,0,56,,333242,12,,,0,15,,333248,31,,,0,14,,333243,12,,,0,71,,333244,12,,,0,17,,333249,31,,,0,97,,333250,31,,,0,98,,333251,31,,,0,31,,333245,12,,,0,70,,333252,31,,,0,101,,333253,31,,,0,99,,333254,31,,,0,97,,333255,31,,,0,102,,333256,31,,,0,30,,333240,31,,,0,73,,333257,31,,,0,102,,333258,31,,,0,101,,333259,31,,,0,99,,333260,31,,,0,100,,333261,31,,,0,100,,333262,31,,,0,97,,333263,31,,,0
1302,'20260428',656,,333271,31,,,0,67,,333266,12,,,0,31,,333264,12,,,0,2,,333272,31,,,0,56,,333267,12,,,0,15,,333273,31,,,0,14,,333268,12,,,0,71,,333269,12,,,0,17,,333274,31,,,0,97,,333275,31,,,0,98,,333276,31,,,0,31,,333270,12,,,0,70,,333277,31,,,0,101,,333278,31,,,0,99,,333279,31,,,0,97,,333280,31,,,0,102,,333281,31,,,0,30,,333265,31,,,0,73,,333282,31,,,0,102,,333283,31,,,0,101,,333284,31,,,0,99,,333285,31,,,0,100,,333286,31,,,0,100,,333287,31,,,0,97,,333288,31,,,0
1302,'20260429',656,,359513,31,,,0,67,,359508,12,,,0,31,,359506,12,,,0,2,,359514,31,,,0,56,,359509,12,,,0,15,,359515,31,,,0,14,,359510,12,,,0,71,,359511,12,,,0,17,,359516,31,,,0,97,,359517,31,,,0,98,,359518,31,,,0,31,,359512,12,,,0,70,,359519,31,,,0,101,,359520,31,,,0,99,,359521,31,,,0,97,,359522,31,,,0,102,,359523,31,,,0,30,,359507,31,,,0,73,,359524,31,,,0,102,,359525,31,,,0,101,,359526,31,,,0,99,,359527,31,,,0,100,,359528,31,,,0,100,,359529,31,,,0,97,,359530,31,,,0
1302,'20260430',656,,359538,31,,,0,67,,359533,12,,,0,31,,359531,12,,,0,2,,359539,31,,,0,56,,359534,12,,,0,15,,359540,31,,,0,14,,359535,12,,,0,71,,359536,12,,,0,17,,359541,31,,,0,97,,359542,31,,,0,98,,359543,31,,,0,31,,359537,12,,,0,70,,359544,31,,,0,101,,359545,31,,,0,99,,359546,31,,,0,97,,359547,31,,,0,102,,359548,31,,,0,30,,359532,31,,,0,73,,359549,31,,,0,102,,359550,31,,,0,101,,359551,31,,,0,99,,359552,31,,,0,100,,359553,31,,,0,100,,359554,31,,,0,97,,359555,31,,,0
1302,'20260501',656,,359563,31,,,0,67,,359558,12,,,0,31,,359556,12,,,0,2,,359564,31,,,0,56,,359559,12,,,0,15,,359565,31,,,0,14,,359560,12,,,0,71,,359561,12,,,0,17,,359566,31,,,0,97,,359567,31,,,0,98,,359568,31,,,0,31,,359562,12,,,0,70,,359569,31,,,0,101,,359570,31,,,0,99,,359571,31,,,0,97,,359572,31,,,0,102,,359573,31,,,0,30,,359557,31,,,0,73,,359574,31,,,0,102,,359575,31,,,0,101,,359576,31,,,0,99,,359577,31,,,0,100,,359578,31,,,0,100,,359579,31,,,0,97,,359580,31,,,0
1302,'20260502',814,,306945,31,,,0,98,,306946,31,,,0,100,,306947,31,,,0,98,,306948,31,,,0,98,,306949,31,,,0,107,,306950,31,,,0,95,,306951,31,,,0,101,,306952,31,,,0,99,,306953,31,,,0,102,,306954,31,,,0,103,,306955,31,,,0,99,,306956,31,,,0,99,,306957,31,,,0,100,,306958,31,,,0,100,,306959,31,,,0
1302,'20260503',814,,306960,31,,,0,98,,306961,31,,,0,100,,306962,31,,,0,98,,306963,31,,,0,98,,306964,31,,,0,107,,306965,31,,,0,95,,306966,31,,,0,101,,306967,31,,,0,99,,306968,31,,,0,102,,306969,31,,,0,103,,306970,31,,,0,99,,306971,31,,,0,99,,306972,31,,,0,100,,306973,31,,,0,100,,306974,31,,,0
1302,'20260504',656,,306975,31,,,0,67,,306993,12,,,0,33,,306976,31,,,0,56,,306994,12,,,0,15,,306977,31,,,0,14,,306995,12,,,0,71,,306996,12,,,0,17,,306978,31,,,0,97,,306979,31,,,0,98,,306980,31,,,0,31,,306997,12,,,0,70,,306981,31,,,0,101,,306982,31,,,0,99,,306983,31,,,0,97,,306984,31,,,0,102,,306985,31,,,0,103,,306986,31,,,0,102,,306987,31,,,0,101,,306988,31,,,0,99,,306989,31,,,0,100,,306990,31,,,0,100,,306991,31,,,0,97,,306992,31,,,0
1302,'20260505',656,,333289,31,,,0,67,,333307,12,,,0,33,,333290,31,,,0,56,,333308,12,,,0,15,,333291,31,,,0,14,,333309,12,,,0,71,,333310,12,,,0,17,,333292,31,,,0,97,,333293,31,,,0,98,,333294,31,,,0,31,,333311,12,,,0,70,,333295,31,,,0,101,,333296,31,,,0,99,,333297,31,,,0,97,,333298,31,,,0,102,,333299,31,,,0,103,,333300,31,,,0,102,,333301,31,,,0,101,,333302,31,,,0,99,,333303,31,,,0,100,,333304,31,,,0,100,,333305,31,,,0,97,,333306,31,,,0
1302,'20260506',656,,333312,31,,,0,67,,333330,12,,,0,33,,333313,31,,,0,56,,333331,12,,,0,15,,333314,31,,,0,14,,333332,12,,,0,71,,333333,12,,,0,17,,333315,31,,,0,97,,333316,31,,,0,98,,333317,31,,,0,31,,333334,12,,,0,70,,333318,31,,,0,101,,333319,31,,,0,99,,333320,31,,,0,97,,333321,31,,,0,102,,333322,31,,,0,103,,333323,31,,,0,102,,333324,31,,,0,101,,333325,31,,,0,99,,333326,31,,,0,100,,333327,31,,,0,100,,333328,31,,,0,97,,333329,31,,,0
1302,'20260507',656,,333335,31,,,0,67,,333353,12,,,0,33,,333336,31,,,0,56,,333354,12,,,0,15,,333337,31,,,0,14,,333355,12,,,0,71,,333356,12,,,0,17,,333338,31,,,0,97,,333339,31,,,0,98,,333340,31,,,0,31,,333357,12,,,0,70,,333341,31,,,0,101,,333342,31,,,0,99,,333343,31,,,0,97,,333344,31,,,0,102,,333345,31,,,0,103,,333346,31,,,0,102,,333347,31,,,0,101,,333348,31,,,0,99,,333349,31,,,0,100,,333350,31,,,0,100,,333351,31,,,0,97,,333352,31,,,0
1302,'20260508',656,,359581,31,,,0,67,,359599,12,,,0,33,,359582,31,,,0,56,,359600,12,,,0,15,,359583,31,,,0,14,,359601,12,,,0,71,,359602,12,,,0,17,,359584,31,,,0,97,,359585,31,,,0,98,,359586,31,,,0,31,,359603,12,,,0,70,,359587,31,,,0,101,,359588,31,,,0,99,,359589,31,,,0,97,,359590,31,,,0,102,,359591,31,,,0,103,,359592,31,,,0,102,,359593,31,,,0,101,,359594,31,,,0,99,,359595,31,,,0,100,,359596,31,,,0,100,,359597,31,,,0,97,,359598,31,,,0
1302,'20260509',814,,359604,31,,,0,98,,359605,31,,,0,100,,359606,31,,,0,98,,359607,31,,,0,98,,359608,31,,,0,107,,359609,31,,,0,95,,359610,31,,,0,101,,359611,31,,,0,99,,359612,31,,,0,102,,359613,31,,,0,103,,359614,31,,,0,99,,359615,31,,,0,99,,359616,31,,,0,100,,359617,31,,,0,100,,359618,31,,,0
1302,'20260510',814,,359619,31,,,0,98,,359620,31,,,0,100,,359621,31,,,0,98,,359622,31,,,0,98,,359623,31,,,0,107,,359624,31,,,0,95,,359625,31,,,0,101,,359626,31,,,0,99,,359627,31,,,0,102,,359628,31,,,0,103,,359629,31,,,0,99,,359630,31,,,0,99,,359631,31,,,0,100,,359632,31,,,0,100,,359633,31,,,0
1302,'20260511',656,,359634,31,,,0,67,,359652,12,,,0,33,,359635,31,,,0,56,,359653,12,,,0,15,,359636,31,,,0,14,,359654,12,,,0,71,,359655,12,,,0,17,,359637,31,,,0,97,,359638,31,,,0,98,,359639,31,,,0,31,,359656,12,,,0,70,,359640,31,,,0,101,,359641,31,,,0,99,,359642,31,,,0,97,,359643,31,,,0,102,,359644,31,,,0,103,,359645,31,,,0,102,,359646,31,,,0,101,,359647,31,,,0,99,,359648,31,,,0,100,,359649,31,,,0,100,,359650,31,,,0,97,,359651,31,,,0
4001302,'20260427',842,,356865,12,,,0
4001302,'20260428',842,,356868,12,,,0
4001302,'20260429',842,,383238,12,,,0
4001302,'20260430',842,,383241,12,,,0
4001302,'20260501',842,,383244,12,,,0
4001302,'20260504',842,,330593,12,,,0
4001302,'20260505',842,,356870,12,,,0
4001302,'20260506',842,,356873,12,,,0
4001302,'20260507',842,,356876,12,,,0
4001302,'20260508',842,,383246,12,,,0
4001302,'20260511',842,,383249,12,,,0
