8400,'20260406',800,,207888,57,,,1,100,,207889,57,,,1,101,,207890,57,,,1,100,,207891,57,,,1,100,,207892,57,,,1,100,,207893,57,,,1,100,,207894,57,,,1,100,,207895,57,,,1,100,,207896,57,,,1,100,,207897,57,,,1,100,,207898,57,,,1,100,,207899,57,,,1,100,,207900,57,,,1,99,,207901,57,,,1,100,,207902,57,,,1,100,,207903,57,,,1,100,,207904,57,,,1
8400,'20260407',803,,207905,57,,,1,98,,207906,57,,,1,100,,207907,57,,,1,100,,207908,57,,,1,101,,207909,57,,,1,100,,207910,57,,,1,100,,207911,57,,,1,100,,207912,57,,,1,101,,207913,57,,,1,31,,207922,21,,,1,71,,207914,57,,,1,29,,207923,21,,,1,68,,207915,57,,,1,100,,207916,57,,,1,99,,207917,57,,,1,100,,207918,57,,,1,100,,207919,57,,,1,99,,207920,57,,,1,100,,207921,57,,,1
8400,'20260408',803,,207924,57,,,1,98,,207925,57,,,1,100,,207926,57,,,1,100,,207927,57,,,1,101,,207928,57,,,1,100,,207929,57,,,1,100,,207930,57,,,1,100,,207931,57,,,1,101,,207932,57,,,1,31,,207941,21,,,1,71,,207933,57,,,1,29,,207942,21,,,1,68,,207934,57,,,1,100,,207935,57,,,1,99,,207936,57,,,1,100,,207937,57,,,1,100,,207938,57,,,1,99,,207939,57,,,1,100,,207940,57,,,1
8400,'20260409',803,,207943,57,,,1,98,,207944,57,,,1,100,,207945,57,,,1,100,,207946,57,,,1,101,,207947,57,,,1,100,,207948,57,,,1,100,,207949,57,,,1,100,,207950,57,,,1,101,,207951,57,,,1,31,,207960,21,,,1,71,,207952,57,,,1,29,,207961,21,,,1,68,,207953,57,,,1,100,,207954,57,,,1,99,,207955,57,,,1,100,,207956,57,,,1,100,,207957,57,,,1,99,,207958,57,,,1,100,,207959,57,,,1
8400,'20260410',803,,207962,57,,,1,98,,207963,57,,,1,100,,207964,57,,,1,100,,207965,57,,,1,101,,207966,57,,,1,100,,207967,57,,,1,100,,207968,57,,,1,100,,207969,57,,,1,101,,207970,57,,,1,31,,207979,21,,,1,71,,207971,57,,,1,29,,207980,21,,,1,68,,207972,57,,,1,100,,207973,57,,,1,99,,207974,57,,,1,100,,207975,57,,,1,100,,207976,57,,,1,99,,207977,57,,,1,100,,207978,57,,,1
8400,'20260411',800,,164198,57,,,1,100,,164213,57,,,1,101,,164199,57,,,1,100,,164214,57,,,1,100,,164200,57,,,1,100,,164202,57,,,1,100,,164203,57,,,1,100,,164204,57,,,1,100,,164205,57,,,1,100,,164206,57,,,1,100,,164207,57,,,1,100,,164208,57,,,1,100,,164209,57,,,1,99,,164210,57,,,1,100,,164211,57,,,1,100,,164212,57,,,1,100,,164201,57,,,1
8400,'20260412',800,,164215,57,,,1,100,,164230,57,,,1,101,,164216,57,,,1,100,,164231,57,,,1,100,,164217,57,,,1,100,,164224,57,,,1,100,,164218,57,,,1,100,,164225,57,,,1,100,,164219,57,,,1,100,,164226,57,,,1,100,,164220,57,,,1,100,,164227,57,,,1,100,,164221,57,,,1,99,,164228,57,,,1,100,,164222,57,,,1,100,,164229,57,,,1,100,,164223,57,,,1
8400,'20260413',803,,164232,57,,,1,98,,164233,57,,,1,100,,164234,57,,,1,100,,164235,57,,,1,101,,164236,57,,,1,100,,164237,57,,,1,100,,164238,57,,,1,100,,164239,57,,,1,101,,164240,57,,,1,31,,164249,21,,,1,71,,164241,57,,,1,29,,164250,21,,,1,68,,164242,57,,,1,100,,164243,57,,,1,99,,164244,57,,,1,100,,164245,57,,,1,100,,164246,57,,,1,99,,164247,57,,,1,100,,164248,57,,,1
8400,'20260414',803,,164251,57,,,1,98,,164252,57,,,1,100,,164253,57,,,1,100,,164254,57,,,1,101,,164255,57,,,1,100,,164256,57,,,1,100,,164257,57,,,1,100,,164258,57,,,1,101,,164259,57,,,1,31,,164268,21,,,1,71,,164260,57,,,1,29,,164269,21,,,1,68,,164261,57,,,1,100,,164262,57,,,1,99,,164263,57,,,1,100,,164264,57,,,1,100,,164265,57,,,1,99,,164266,57,,,1,100,,164267,57,,,1
8400,'20260415',803,,207981,57,,,1,98,,207982,57,,,1,100,,207983,57,,,1,100,,207984,57,,,1,101,,207985,57,,,1,100,,207986,57,,,1,100,,207987,57,,,1,100,,207988,57,,,1,101,,207989,57,,,1,31,,207998,21,,,1,71,,207990,57,,,1,29,,207999,21,,,1,68,,207991,57,,,1,100,,207992,57,,,1,99,,207993,57,,,1,100,,207994,57,,,1,100,,207995,57,,,1,99,,207996,57,,,1,100,,207997,57,,,1
8400,'20260416',803,,208000,57,,,1,98,,208001,57,,,1,100,,208002,57,,,1,100,,208003,57,,,1,101,,208004,57,,,1,100,,208005,57,,,1,100,,208006,57,,,1,100,,208007,57,,,1,101,,208008,57,,,1,31,,208017,21,,,1,71,,208009,57,,,1,29,,208018,21,,,1,68,,208010,57,,,1,100,,208011,57,,,1,99,,208012,57,,,1,100,,208013,57,,,1,100,,208014,57,,,1,99,,208015,57,,,1,100,,208016,57,,,1
8400,'20260417',803,,208019,57,,,1,98,,208020,57,,,1,100,,208021,57,,,1,100,,208022,57,,,1,101,,208023,57,,,1,100,,208024,57,,,1,100,,208025,57,,,1,100,,208026,57,,,1,101,,208027,57,,,1,31,,208036,21,,,1,71,,208028,57,,,1,29,,208037,21,,,1,68,,208029,57,,,1,100,,208030,57,,,1,99,,208031,57,,,1,100,,208032,57,,,1,100,,208033,57,,,1,99,,208034,57,,,1,100,,208035,57,,,1
8400,'20260418',800,,208038,57,,,1,100,,208053,57,,,1,101,,208039,57,,,1,100,,208054,57,,,1,100,,208040,57,,,1,100,,208042,57,,,1,100,,208043,57,,,1,100,,208044,57,,,1,100,,208045,57,,,1,100,,208046,57,,,1,100,,208047,57,,,1,100,,208048,57,,,1,100,,208049,57,,,1,99,,208050,57,,,1,100,,208051,57,,,1,100,,208052,57,,,1,100,,208041,57,,,1
8400,'20260419',800,,208055,57,,,1,100,,208070,57,,,1,101,,208056,57,,,1,100,,208071,57,,,1,100,,208057,57,,,1,100,,208064,57,,,1,100,,208058,57,,,1,100,,208065,57,,,1,100,,208059,57,,,1,100,,208066,57,,,1,100,,208060,57,,,1,100,,208067,57,,,1,100,,208061,57,,,1,99,,208068,57,,,1,100,,208062,57,,,1,100,,208069,57,,,1,100,,208063,57,,,1
8400,'20260420',803,,208072,57,,,1,98,,208073,57,,,1,100,,208074,57,,,1,100,,208075,57,,,1,101,,208076,57,,,1,100,,208077,57,,,1,100,,208078,57,,,1,100,,208079,57,,,1,101,,208080,57,,,1,31,,208089,21,,,1,71,,208081,57,,,1,29,,208090,21,,,1,68,,208082,57,,,1,100,,208083,57,,,1,99,,208084,57,,,1,100,,208085,57,,,1,100,,208086,57,,,1,99,,208087,57,,,1,100,,208088,57,,,1
98400,'20260410',2608,,230407,59,,,0
98400,'20260411',2608,,188785,59,,,0
98400,'20260417',2608,,230408,59,,,0
98400,'20260418',2608,,230409,59,,,0
