27201,'20260420',626,,292965,16,,,0,23,,292966,16,,,0,61,,292967,16,,,0,13,,292968,16,,,0,30,,292969,16,,,0
27201,'20260421',626,,292970,16,,,0,23,,292971,16,,,0,61,,292972,16,,,0,13,,292973,16,,,0,30,,292974,16,,,0
27201,'20260422',626,,319255,16,,,0,23,,319256,16,,,0,61,,319257,16,,,0,13,,319258,16,,,0,30,,319259,16,,,0
27201,'20260423',626,,319260,16,,,0,23,,319261,16,,,0,61,,319262,16,,,0,13,,319263,16,,,0,30,,319264,16,,,0
27201,'20260424',626,,319265,16,,,0,23,,319266,16,,,0,61,,319267,16,,,0,13,,319268,16,,,0,30,,319269,16,,,0
27201,'20260427',626,,257477,16,,,0,23,,257474,16,,,0,61,,257473,16,,,0,13,,257476,16,,,0,30,,257475,16,,,0
27201,'20260428',626,,292979,16,,,0,23,,292976,16,,,0,61,,292975,16,,,0,13,,292978,16,,,0,30,,292977,16,,,0
27201,'20260429',626,,292984,16,,,0,23,,292981,16,,,0,61,,292980,16,,,0,13,,292983,16,,,0,30,,292982,16,,,0
27201,'20260430',626,,292989,16,,,0,23,,292986,16,,,0,61,,292985,16,,,0,13,,292988,16,,,0,30,,292987,16,,,0
27201,'20260501',626,,319274,16,,,0,23,,319271,16,,,0,61,,319270,16,,,0,13,,319273,16,,,0,30,,319272,16,,,0
27201,'20260504',626,,319279,16,,,0,23,,319276,16,,,0,61,,319275,16,,,0,13,,319278,16,,,0,30,,319277,16,,,0
