13601,'20260703',635,,854456,7,,,0,13,,854457,7,,,0,61,,854458,7,,,0,24,,854459,7,,,0,16,,854460,7,,,0,65,,854461,7,,,0
13601,'20260706',635,,882632,7,,,0,13,,882633,7,,,0,61,,882634,7,,,0,24,,882635,7,,,0,16,,882636,7,,,0,65,,882637,7,,,0
13601,'20260707',635,,882638,7,,,0,13,,882639,7,,,0,61,,882640,7,,,0,24,,882641,7,,,0,16,,882642,7,,,0,65,,882643,7,,,0
13601,'20260708',635,,882644,7,,,0,13,,882645,7,,,0,61,,882646,7,,,0,24,,882647,7,,,0,16,,882648,7,,,0,65,,882649,7,,,0
13601,'20260709',635,,882650,7,,,0,13,,882651,7,,,0,61,,882652,7,,,0,24,,882653,7,,,0,16,,882654,7,,,0,65,,882655,7,,,0
13601,'20260710',635,,831547,7,,,0,13,,831548,7,,,0,61,,831549,7,,,0,24,,831550,7,,,0,16,,831551,7,,,0,65,,831552,7,,,0
13601,'20260713',635,,854462,7,,,0,13,,854463,7,,,0,61,,854464,7,,,0,24,,854465,7,,,0,16,,854466,7,,,0,65,,854467,7,,,0
13601,'20260714',635,,854468,7,,,0,13,,854469,7,,,0,61,,854470,7,,,0,24,,854471,7,,,0,16,,854472,7,,,0,65,,854473,7,,,0
13601,'20260715',635,,882656,7,,,0,13,,882657,7,,,0,61,,882658,7,,,0,24,,882659,7,,,0,16,,882660,7,,,0,65,,882661,7,,,0
13601,'20260716',635,,882662,7,,,0,13,,882663,7,,,0,61,,882664,7,,,0,24,,882665,7,,,0,16,,882666,7,,,0,65,,882667,7,,,0
13601,'20260717',635,,882668,7,,,0,13,,882669,7,,,0,61,,882670,7,,,0,24,,882671,7,,,0,16,,882672,7,,,0,65,,882673,7,,,0
53801,'20260703',629,,855358,21,,,0,27,,855359,21,,,0
53801,'20260706',629,,885132,21,,,0,27,,885133,21,,,0
53801,'20260707',629,,885134,21,,,0,27,,885135,21,,,0
53801,'20260708',629,,885136,21,,,0,27,,885137,21,,,0
53801,'20260709',629,,885138,21,,,0,27,,885139,21,,,0
53801,'20260710',629,,833298,21,,,0,27,,833299,21,,,0
53801,'20260713',629,,855360,21,,,0,27,,855361,21,,,0
53801,'20260714',629,,855362,21,,,0,27,,855363,21,,,0
53801,'20260715',629,,885140,21,,,0,27,,885141,21,,,0
53801,'20260716',629,,885142,21,,,0,27,,885143,21,,,0
53801,'20260717',629,,885144,21,,,0,27,,885145,21,,,0
