6401,'20260323',943,,116705,14,,,0,100,,116706,14,,,0,100,,116707,14,,,0,100,,116708,14,,,0,101,,116709,14,,,0,100,,116710,14,,,0,100,,116711,14,,,0,100,,116712,14,,,0,100,,116713,14,,,0,100,,116714,14,,,0,99,,116715,14,,,0,100,,116716,14,,,0,100,,116717,14,,,0,100,,116718,14,,,0
6401,'20260324',943,,116719,14,,,0,100,,116720,14,,,0,100,,116721,14,,,0,100,,116722,14,,,0,101,,116723,14,,,0,100,,116724,14,,,0,100,,116725,14,,,0,100,,116726,14,,,0,100,,116727,14,,,0,100,,116728,14,,,0,99,,116729,14,,,0,100,,116730,14,,,0,100,,116731,14,,,0,100,,116732,14,,,0
6401,'20260325',943,,116733,14,,,0,100,,116734,14,,,0,100,,116735,14,,,0,100,,116736,14,,,0,101,,116737,14,,,0,100,,116738,14,,,0,100,,116739,14,,,0,100,,116740,14,,,0,100,,116741,14,,,0,100,,116742,14,,,0,99,,116743,14,,,0,100,,116744,14,,,0,100,,116745,14,,,0,100,,116746,14,,,0
6401,'20260326',943,,116747,14,,,0,100,,116748,14,,,0,100,,116749,14,,,0,100,,116750,14,,,0,101,,116751,14,,,0,100,,116752,14,,,0,100,,116753,14,,,0,100,,116754,14,,,0,100,,116755,14,,,0,100,,116756,14,,,0,99,,116757,14,,,0,100,,116758,14,,,0,100,,116759,14,,,0,100,,116760,14,,,0
6401,'20260327',943,,116761,14,,,0,100,,116762,14,,,0,100,,116763,14,,,0,100,,116764,14,,,0,101,,116765,14,,,0,100,,116766,14,,,0,100,,116767,14,,,0,100,,116768,14,,,0,100,,116769,14,,,0,100,,116770,14,,,0,99,,116771,14,,,0,100,,116772,14,,,0,100,,116773,14,,,0,100,,116774,14,,,0
6401,'20260328',643,,66658,14,,,0,99,,66659,14,,,0,101,,66660,14,,,0,100,,66661,14,,,0,100,,66662,14,,,0,100,,66663,14,,,0,100,,66664,14,,,0,100,,66665,14,,,0,100,,66666,14,,,0,100,,66667,14,,,0,100,,66668,14,,,0,99,,66669,14,,,0,100,,66670,14,,,0,100,,66671,14,,,0,100,,66672,14,,,0,100,,66673,14,,,0,100,,66674,14,,,0,100,,66675,14,,,0
6401,'20260329',643,,66676,14,,,0,99,,66677,14,,,0,101,,66678,14,,,0,100,,66679,14,,,0,100,,66680,14,,,0,100,,66681,14,,,0,100,,66682,14,,,0,100,,66683,14,,,0,100,,66684,14,,,0,100,,66685,14,,,0,100,,66686,14,,,0,99,,66687,14,,,0,100,,66688,14,,,0,100,,66689,14,,,0,100,,66690,14,,,0,100,,66691,14,,,0,100,,66692,14,,,0,100,,66693,14,,,0
6401,'20260330',943,,66694,14,,,0,100,,66695,14,,,0,100,,66696,14,,,0,100,,66697,14,,,0,101,,66698,14,,,0,100,,66699,14,,,0,100,,66700,14,,,0,100,,66701,14,,,0,100,,66702,14,,,0,100,,66703,14,,,0,99,,66704,14,,,0,100,,66705,14,,,0,100,,66706,14,,,0,100,,66707,14,,,0
6401,'20260331',943,,66708,14,,,0,100,,66709,14,,,0,100,,66710,14,,,0,100,,66711,14,,,0,101,,66712,14,,,0,100,,66713,14,,,0,100,,66714,14,,,0,100,,66715,14,,,0,100,,66716,14,,,0,100,,66717,14,,,0,99,,66718,14,,,0,100,,66719,14,,,0,100,,66720,14,,,0,100,,66721,14,,,0
6401,'20260401',943,,116775,14,,,0,100,,116776,14,,,0,100,,116777,14,,,0,100,,116778,14,,,0,101,,116779,14,,,0,100,,116780,14,,,0,100,,116781,14,,,0,100,,116782,14,,,0,100,,116783,14,,,0,100,,116784,14,,,0,99,,116785,14,,,0,100,,116786,14,,,0,100,,116787,14,,,0,100,,116788,14,,,0
6401,'20260402',943,,116789,14,,,0,100,,116790,14,,,0,100,,116791,14,,,0,100,,116792,14,,,0,101,,116793,14,,,0,100,,116794,14,,,0,100,,116795,14,,,0,100,,116796,14,,,0,100,,116797,14,,,0,100,,116798,14,,,0,99,,116799,14,,,0,100,,116800,14,,,0,100,,116801,14,,,0,100,,116802,14,,,0
6401,'20260403',643,,116803,14,,,0,99,,116804,14,,,0,101,,116805,14,,,0,100,,116806,14,,,0,100,,116807,14,,,0,100,,116808,14,,,0,100,,116809,14,,,0,100,,116810,14,,,0,100,,116811,14,,,0,100,,116812,14,,,0,100,,116813,14,,,0,99,,116814,14,,,0,100,,116815,14,,,0,100,,116816,14,,,0,100,,116817,14,,,0,100,,116818,14,,,0,100,,116819,14,,,0,100,,116820,14,,,0
6401,'20260404',643,,116821,14,,,0,99,,116822,14,,,0,101,,116823,14,,,0,100,,116824,14,,,0,100,,116825,14,,,0,100,,116826,14,,,0,100,,116827,14,,,0,100,,116828,14,,,0,100,,116829,14,,,0,100,,116830,14,,,0,100,,116831,14,,,0,99,,116832,14,,,0,100,,116833,14,,,0,100,,116834,14,,,0,100,,116835,14,,,0,100,,116836,14,,,0,100,,116837,14,,,0,100,,116838,14,,,0
6401,'20260405',643,,116839,14,,,0,99,,116840,14,,,0,101,,116841,14,,,0,100,,116842,14,,,0,100,,116843,14,,,0,100,,116844,14,,,0,100,,116845,14,,,0,100,,116846,14,,,0,100,,116847,14,,,0,100,,116848,14,,,0,100,,116849,14,,,0,99,,116850,14,,,0,100,,116851,14,,,0,100,,116852,14,,,0,100,,116853,14,,,0,100,,116854,14,,,0,100,,116855,14,,,0,100,,116856,14,,,0
6401,'20260406',643,,116857,14,,,0,99,,116858,14,,,0,101,,116859,14,,,0,100,,116860,14,,,0,100,,116861,14,,,0,100,,116862,14,,,0,100,,116863,14,,,0,100,,116864,14,,,0,100,,116865,14,,,0,100,,116866,14,,,0,100,,116867,14,,,0,99,,116868,14,,,0,100,,116869,14,,,0,100,,116870,14,,,0,100,,116871,14,,,0,100,,116872,14,,,0,100,,116873,14,,,0,100,,116874,14,,,0
6501,'20260323',550,,116910,2,,,0,70,,116911,2,,,0,26,,116912,2,,,0,69,,116913,2,,,0,87,,116914,2,,,0,18,,116915,2,,,0
6501,'20260324',550,,116916,2,,,0,70,,116917,2,,,0,26,,116918,2,,,0,69,,116919,2,,,0,87,,116920,2,,,0,18,,116921,2,,,0
6501,'20260325',550,,116922,2,,,0,70,,116923,2,,,0,26,,116924,2,,,0,69,,116925,2,,,0,87,,116926,2,,,0,18,,116927,2,,,0
6501,'20260326',550,,116928,2,,,0,70,,116929,2,,,0,26,,116930,2,,,0,69,,116931,2,,,0,87,,116932,2,,,0,18,,116933,2,,,0
6501,'20260327',550,,116934,2,,,0,70,,116935,2,,,0,26,,116936,2,,,0,69,,116937,2,,,0,87,,116938,2,,,0,18,,116939,2,,,0
6501,'20260330',550,,66831,2,,,0,70,,66832,2,,,0,26,,66833,2,,,0,69,,66834,2,,,0,87,,66835,2,,,0,18,,66836,2,,,0
6501,'20260331',550,,66837,2,,,0,70,,66838,2,,,0,26,,66839,2,,,0,69,,66840,2,,,0,87,,66841,2,,,0,18,,66842,2,,,0
6501,'20260401',550,,116940,2,,,0,70,,116941,2,,,0,26,,116942,2,,,0,69,,116943,2,,,0,87,,116944,2,,,0,18,,116945,2,,,0
6501,'20260402',550,,116946,2,,,0,70,,116947,2,,,0,26,,116948,2,,,0,69,,116949,2,,,0,87,,116950,2,,,0,18,,116951,2,,,0
