8801,'20260519',653,,501278,5,,,0,2,,501279,5,,,0,70,,501280,5,,,0,30,,501281,5,,,0,70,,501282,5,,,0,130,,501283,5,,,0,570,,501284,5,,,0,30,,501285,5,,,0,100,,501286,5,,,0,169,,501287,5,,,0
8801,'20260520',653,,526461,5,,,0,2,,526462,5,,,0,70,,526463,5,,,0,30,,526464,5,,,0,70,,526465,5,,,0,130,,526466,5,,,0,570,,526467,5,,,0,30,,526468,5,,,0,100,,526469,5,,,0,169,,526470,5,,,0
8801,'20260521',653,,526471,5,,,0,2,,526472,5,,,0,70,,526473,5,,,0,30,,526474,5,,,0,70,,526475,5,,,0,130,,526476,5,,,0,570,,526477,5,,,0,30,,526478,5,,,0,100,,526479,5,,,0,169,,526480,5,,,0
8801,'20260522',653,,526481,5,,,0,2,,526482,5,,,0,70,,526483,5,,,0,30,,526484,5,,,0,70,,526485,5,,,0,130,,526486,5,,,0,570,,526487,5,,,0,30,,526488,5,,,0,100,,526489,5,,,0,169,,526490,5,,,0
8801,'20260525',653,,475339,5,,,0,2,,475330,5,,,0,70,,475331,5,,,0,30,,475332,5,,,0,70,,475333,5,,,0,130,,475337,5,,,0,570,,475334,5,,,0,30,,475335,5,,,0,100,,475336,5,,,0,169,,475338,5,,,0
8801,'20260526',653,,475349,5,,,0,2,,475340,5,,,0,70,,475341,5,,,0,30,,475342,5,,,0,70,,475343,5,,,0,130,,475347,5,,,0,570,,475344,5,,,0,30,,475345,5,,,0,100,,475346,5,,,0,169,,475348,5,,,0
8801,'20260527',653,,501297,5,,,0,2,,501288,5,,,0,70,,501289,5,,,0,30,,501290,5,,,0,70,,501291,5,,,0,130,,501295,5,,,0,570,,501292,5,,,0,30,,501293,5,,,0,100,,501294,5,,,0,169,,501296,5,,,0
8801,'20260528',653,,501307,5,,,0,2,,501298,5,,,0,70,,501299,5,,,0,30,,501300,5,,,0,70,,501301,5,,,0,130,,501305,5,,,0,570,,501302,5,,,0,30,,501303,5,,,0,100,,501304,5,,,0,169,,501306,5,,,0
8801,'20260529',653,,526500,5,,,0,2,,526491,5,,,0,70,,526492,5,,,0,30,,526493,5,,,0,70,,526494,5,,,0,130,,526498,5,,,0,570,,526495,5,,,0,30,,526496,5,,,0,100,,526497,5,,,0,169,,526499,5,,,0
8801,'20260601',653,,526510,5,,,0,2,,526501,5,,,0,70,,526502,5,,,0,30,,526503,5,,,0,70,,526504,5,,,0,130,,526508,5,,,0,570,,526505,5,,,0,30,,526506,5,,,0,100,,526507,5,,,0,169,,526509,5,,,0
8801,'20260602',653,,526520,5,,,0,2,,526511,5,,,0,70,,526512,5,,,0,30,,526513,5,,,0,70,,526514,5,,,0,130,,526518,5,,,0,570,,526515,5,,,0,30,,526516,5,,,0,100,,526517,5,,,0,169,,526519,5,,,0
