301,'20260122',541,,1825,,,0,71,,1826,,,0,34,,1848,,,0,73,,1849,,,0,7,,1827,,,0,11,,1828,,,0,8,,1829,,,0,9,,1850,,,0,55,,1830,,,0,18,,1851,,,0,9,,1831,,,0,15,,1852,,,0,51,,1832,,,0,17,,1853,,,0,30,,1854,,,0,67,,1833,,,0,34,,1855,,,0,66,,1834,,,0,34,,1856,,,0,68,,1835,,,0,34,,1857,,,0,66,,1836,,,0,32,,1858,,,0,67,,1837,,,0,33,,1859,,,0,68,,1838,,,0,37,,1860,,,0,69,,1839,,,0,32,,1861,,,0,71,,1840,,,0,28,,1862,,,0,66,,1841,,,0,28,,1863,,,0,66,,1842,,,0,31,,1864,,,0,66,,1843,,,0,33,,1865,,,0,67,,1844,,,0,32,,1866,,,0,68,,1845,,,0,32,,1867,,,0,67,,1846,,,0,32,,1868,,,0,68,,1847,,,0
301,'20260123',541,,1869,,,0,71,,1870,,,0,34,,1892,,,0,73,,1893,,,0,7,,1871,,,0,11,,1872,,,0,8,,1873,,,0,9,,1894,,,0,55,,1874,,,0,18,,1895,,,0,9,,1875,,,0,15,,1896,,,0,51,,1876,,,0,17,,1897,,,0,30,,1898,,,0,67,,1877,,,0,34,,1899,,,0,66,,1878,,,0,34,,1900,,,0,68,,1879,,,0,34,,1901,,,0,66,,1880,,,0,32,,1902,,,0,67,,1881,,,0,33,,1903,,,0,68,,1882,,,0,37,,1904,,,0,69,,1883,,,0,32,,1905,,,0,71,,1884,,,0,28,,1906,,,0,66,,1885,,,0,28,,1907,,,0,66,,1886,,,0,31,,1908,,,0,66,,1887,,,0,33,,1909,,,0,67,,1888,,,0,32,,1910,,,0,68,,1889,,,0,32,,1911,,,0,67,,1890,,,0,32,,1912,,,0,68,,1891,,,0
301,'20260124',539,,1913,,,0,70,,1914,,,0,32,,1915,,,0,71,,1916,,,0,32,,1934,,,0,70,,1917,,,0,30,,1935,,,0,69,,1918,,,0,34,,1936,,,0,67,,1919,,,0,33,,1937,,,0,69,,1920,,,0,31,,1938,,,0,67,,1921,,,0,33,,1939,,,0,77,,1922,,,0,26,,1940,,,0,73,,1923,,,0,27,,1941,,,0,73,,1924,,,0,28,,1942,,,0,70,,1925,,,0,28,,1943,,,0,72,,1926,,,0,27,,1944,,,0,68,,1927,,,0,31,,1945,,,0,67,,1928,,,0,32,,1946,,,0,67,,1929,,,0,31,,1947,,,0,68,,1930,,,0,31,,1948,,,0,68,,1931,,,0,32,,1949,,,0,68,,1932,,,0,31,,1950,,,0,68,,1933,,,0,28,,1951,,,0
301,'20260125',539,,1952,,,0,70,,1953,,,0,32,,1954,,,0,71,,1955,,,0,32,,1973,,,0,70,,1956,,,0,30,,1974,,,0,69,,1957,,,0,34,,1975,,,0,67,,1958,,,0,33,,1976,,,0,69,,1959,,,0,31,,1977,,,0,67,,1960,,,0,33,,1978,,,0,77,,1961,,,0,26,,1979,,,0,73,,1962,,,0,27,,1980,,,0,73,,1963,,,0,28,,1981,,,0,70,,1964,,,0,28,,1982,,,0,72,,1965,,,0,27,,1983,,,0,68,,1966,,,0,31,,1984,,,0,67,,1967,,,0,32,,1985,,,0,67,,1968,,,0,31,,1986,,,0,68,,1969,,,0,31,,1987,,,0,68,,1970,,,0,32,,1988,,,0,68,,1971,,,0,31,,1989,,,0,68,,1972,,,0,28,,1990,,,0
301,'20260126',541,,1991,,,0,71,,1992,,,0,34,,2014,,,0,73,,2015,,,0,7,,1993,,,0,11,,1994,,,0,8,,1995,,,0,9,,2016,,,0,55,,1996,,,0,18,,2017,,,0,9,,1997,,,0,15,,2018,,,0,51,,1998,,,0,17,,2019,,,0,30,,2020,,,0,67,,1999,,,0,34,,2021,,,0,66,,2000,,,0,34,,2022,,,0,68,,2001,,,0,34,,2023,,,0,66,,2002,,,0,32,,2024,,,0,67,,2003,,,0,33,,2025,,,0,68,,2004,,,0,37,,2026,,,0,69,,2005,,,0,32,,2027,,,0,71,,2006,,,0,28,,2028,,,0,66,,2007,,,0,28,,2029,,,0,66,,2008,,,0,31,,2030,,,0,66,,2009,,,0,33,,2031,,,0,67,,2010,,,0,32,,2032,,,0,68,,2011,,,0,32,,2033,,,0,67,,2012,,,0,32,,2034,,,0,68,,2013,,,0
301,'20260127',541,,2035,,,0,71,,2036,,,0,34,,2058,,,0,73,,2059,,,0,7,,2037,,,0,11,,2038,,,0,8,,2039,,,0,9,,2060,,,0,55,,2040,,,0,18,,2061,,,0,9,,2041,,,0,15,,2062,,,0,51,,2042,,,0,17,,2063,,,0,30,,2064,,,0,67,,2043,,,0,34,,2065,,,0,66,,2044,,,0,34,,2066,,,0,68,,2045,,,0,34,,2067,,,0,66,,2046,,,0,32,,2068,,,0,67,,2047,,,0,33,,2069,,,0,68,,2048,,,0,37,,2070,,,0,69,,2049,,,0,32,,2071,,,0,71,,2050,,,0,28,,2072,,,0,66,,2051,,,0,28,,2073,,,0,66,,2052,,,0,31,,2074,,,0,66,,2053,,,0,33,,2075,,,0,67,,2054,,,0,32,,2076,,,0,68,,2055,,,0,32,,2077,,,0,67,,2056,,,0,32,,2078,,,0,68,,2057,,,0
301,'20260128',541,,2079,,,0,71,,2080,,,0,34,,2102,,,0,73,,2103,,,0,7,,2081,,,0,11,,2082,,,0,8,,2083,,,0,9,,2104,,,0,55,,2084,,,0,18,,2105,,,0,9,,2085,,,0,15,,2106,,,0,51,,2086,,,0,17,,2107,,,0,30,,2108,,,0,67,,2087,,,0,34,,2109,,,0,66,,2088,,,0,34,,2110,,,0,68,,2089,,,0,34,,2111,,,0,66,,2090,,,0,32,,2112,,,0,67,,2091,,,0,33,,2113,,,0,68,,2092,,,0,37,,2114,,,0,69,,2093,,,0,32,,2115,,,0,71,,2094,,,0,28,,2116,,,0,66,,2095,,,0,28,,2117,,,0,66,,2096,,,0,31,,2118,,,0,66,,2097,,,0,33,,2119,,,0,67,,2098,,,0,32,,2120,,,0,68,,2099,,,0,32,,2121,,,0,67,,2100,,,0,32,,2122,,,0,68,,2101,,,0
301,'20260129',541,,2123,,,0,71,,2124,,,0,34,,2146,,,0,73,,2147,,,0,7,,2125,,,0,11,,2126,,,0,8,,2127,,,0,9,,2148,,,0,55,,2128,,,0,18,,2149,,,0,9,,2129,,,0,15,,2150,,,0,51,,2130,,,0,17,,2151,,,0,30,,2152,,,0,67,,2131,,,0,34,,2153,,,0,66,,2132,,,0,34,,2154,,,0,68,,2133,,,0,34,,2155,,,0,66,,2134,,,0,32,,2156,,,0,67,,2135,,,0,33,,2157,,,0,68,,2136,,,0,37,,2158,,,0,69,,2137,,,0,32,,2159,,,0,71,,2138,,,0,28,,2160,,,0,66,,2139,,,0,28,,2161,,,0,66,,2140,,,0,31,,2162,,,0,66,,2141,,,0,33,,2163,,,0,67,,2142,,,0,32,,2164,,,0,68,,2143,,,0,32,,2165,,,0,67,,2144,,,0,32,,2166,,,0,68,,2145,,,0
301,'20260130',541,,2188,,,0,71,,2189,,,0,34,,2167,,,0,73,,2168,,,0,7,,2190,,,0,11,,2210,,,0,8,,2209,,,0,9,,2169,,,0,55,,2191,,,0,18,,2170,,,0,9,,2192,,,0,15,,2171,,,0,51,,2193,,,0,17,,2172,,,0,30,,2173,,,0,67,,2194,,,0,34,,2174,,,0,66,,2195,,,0,34,,2175,,,0,68,,2196,,,0,34,,2176,,,0,66,,2197,,,0,32,,2177,,,0,67,,2198,,,0,33,,2178,,,0,68,,2199,,,0,37,,2179,,,0,69,,2200,,,0,32,,2180,,,0,71,,2201,,,0,28,,2181,,,0,66,,2202,,,0,28,,2182,,,0,66,,2203,,,0,31,,2183,,,0,66,,2204,,,0,33,,2184,,,0,67,,2205,,,0,32,,2185,,,0,68,,2206,,,0,32,,2186,,,0,67,,2207,,,0,32,,2187,,,0,68,,2208,,,0
301,'20260131',539,,2243,,,0,70,,2244,,,0,32,,2229,,,0,71,,2230,,,0,32,,2211,,,0,70,,2231,,,0,30,,2212,,,0,69,,2232,,,0,34,,2213,,,0,67,,2233,,,0,33,,2214,,,0,69,,2234,,,0,31,,2215,,,0,67,,2235,,,0,33,,2216,,,0,77,,2236,,,0,26,,2217,,,0,73,,2237,,,0,27,,2218,,,0,73,,2238,,,0,28,,2219,,,0,70,,2239,,,0,28,,2220,,,0,72,,2240,,,0,27,,2221,,,0,68,,2241,,,0,31,,2222,,,0,67,,2242,,,0,32,,2223,,,0,67,,2245,,,0,31,,2224,,,0,68,,2246,,,0,31,,2225,,,0,68,,2247,,,0,32,,2226,,,0,68,,2248,,,0,31,,2227,,,0,68,,2249,,,0,28,,2228,,,0
301,'20260201',539,,2282,,,0,70,,2283,,,0,32,,2268,,,0,71,,2269,,,0,32,,2250,,,0,70,,2270,,,0,30,,2251,,,0,69,,2271,,,0,34,,2252,,,0,67,,2272,,,0,33,,2253,,,0,69,,2273,,,0,31,,2254,,,0,67,,2274,,,0,33,,2255,,,0,77,,2275,,,0,26,,2256,,,0,73,,2276,,,0,27,,2257,,,0,73,,2277,,,0,28,,2258,,,0,70,,2278,,,0,28,,2259,,,0,72,,2279,,,0,27,,2260,,,0,68,,2280,,,0,31,,2261,,,0,67,,2281,,,0,32,,2262,,,0,67,,2284,,,0,31,,2263,,,0,68,,2285,,,0,31,,2264,,,0,68,,2286,,,0,32,,2265,,,0,68,,2287,,,0,31,,2266,,,0,68,,2288,,,0,28,,2267,,,0
301,'20260202',541,,2310,,,0,71,,2311,,,0,34,,2289,,,0,73,,2290,,,0,7,,2312,,,0,11,,2332,,,0,8,,2331,,,0,9,,2291,,,0,55,,2313,,,0,18,,2292,,,0,9,,2314,,,0,15,,2293,,,0,51,,2315,,,0,17,,2294,,,0,30,,2295,,,0,67,,2316,,,0,34,,2296,,,0,66,,2317,,,0,34,,2297,,,0,68,,2318,,,0,34,,2298,,,0,66,,2319,,,0,32,,2299,,,0,67,,2320,,,0,33,,2300,,,0,68,,2321,,,0,37,,2301,,,0,69,,2322,,,0,32,,2302,,,0,71,,2323,,,0,28,,2303,,,0,66,,2324,,,0,28,,2304,,,0,66,,2325,,,0,31,,2305,,,0,66,,2326,,,0,33,,2306,,,0,67,,2327,,,0,32,,2307,,,0,68,,2328,,,0,32,,2308,,,0,67,,2329,,,0,32,,2309,,,0,68,,2330,,,0
301,'20260203',541,,2354,,,0,71,,2355,,,0,34,,2333,,,0,73,,2334,,,0,7,,2356,,,0,11,,2376,,,0,8,,2375,,,0,9,,2335,,,0,55,,2357,,,0,18,,2336,,,0,9,,2358,,,0,15,,2337,,,0,51,,2359,,,0,17,,2338,,,0,30,,2339,,,0,67,,2360,,,0,34,,2340,,,0,66,,2361,,,0,34,,2341,,,0,68,,2362,,,0,34,,2342,,,0,66,,2363,,,0,32,,2343,,,0,67,,2364,,,0,33,,2344,,,0,68,,2365,,,0,37,,2345,,,0,69,,2366,,,0,32,,2346,,,0,71,,2367,,,0,28,,2347,,,0,66,,2368,,,0,28,,2348,,,0,66,,2369,,,0,31,,2349,,,0,66,,2370,,,0,33,,2350,,,0,67,,2371,,,0,32,,2351,,,0,68,,2372,,,0,32,,2352,,,0,67,,2373,,,0,32,,2353,,,0,68,,2374,,,0
301,'20260204',541,,2398,,,0,71,,2399,,,0,34,,2377,,,0,73,,2378,,,0,7,,2400,,,0,11,,2420,,,0,8,,2419,,,0,9,,2379,,,0,55,,2401,,,0,18,,2380,,,0,9,,2402,,,0,15,,2381,,,0,51,,2403,,,0,17,,2382,,,0,30,,2383,,,0,67,,2404,,,0,34,,2384,,,0,66,,2405,,,0,34,,2385,,,0,68,,2406,,,0,34,,2386,,,0,66,,2407,,,0,32,,2387,,,0,67,,2408,,,0,33,,2388,,,0,68,,2409,,,0,37,,2389,,,0,69,,2410,,,0,32,,2390,,,0,71,,2411,,,0,28,,2391,,,0,66,,2412,,,0,28,,2392,,,0,66,,2413,,,0,31,,2393,,,0,66,,2414,,,0,33,,2394,,,0,67,,2415,,,0,32,,2395,,,0,68,,2416,,,0,32,,2396,,,0,67,,2417,,,0,32,,2397,,,0,68,,2418,,,0
301,'20260205',541,,2442,,,0,71,,2443,,,0,34,,2421,,,0,73,,2422,,,0,7,,2444,,,0,11,,2464,,,0,8,,2463,,,0,9,,2423,,,0,55,,2445,,,0,18,,2424,,,0,9,,2446,,,0,15,,2425,,,0,51,,2447,,,0,17,,2426,,,0,30,,2427,,,0,67,,2448,,,0,34,,2428,,,0,66,,2449,,,0,34,,2429,,,0,68,,2450,,,0,34,,2430,,,0,66,,2451,,,0,32,,2431,,,0,67,,2452,,,0,33,,2432,,,0,68,,2453,,,0,37,,2433,,,0,69,,2454,,,0,32,,2434,,,0,71,,2455,,,0,28,,2435,,,0,66,,2456,,,0,28,,2436,,,0,66,,2457,,,0,31,,2437,,,0,66,,2458,,,0,33,,2438,,,0,67,,2459,,,0,32,,2439,,,0,68,,2460,,,0,32,,2440,,,0,67,,2461,,,0,32,,2441,,,0,68,,2462,,,0
301,'20260206',541,,2486,,,0,71,,2487,,,0,34,,2465,,,0,73,,2466,,,0,7,,2488,,,0,11,,2508,,,0,8,,2507,,,0,9,,2467,,,0,55,,2489,,,0,18,,2468,,,0,9,,2490,,,0,15,,2469,,,0,51,,2491,,,0,17,,2470,,,0,30,,2471,,,0,67,,2492,,,0,34,,2472,,,0,66,,2493,,,0,34,,2473,,,0,68,,2494,,,0,34,,2474,,,0,66,,2495,,,0,32,,2475,,,0,67,,2496,,,0,33,,2476,,,0,68,,2497,,,0,37,,2477,,,0,69,,2498,,,0,32,,2478,,,0,71,,2499,,,0,28,,2479,,,0,66,,2500,,,0,28,,2480,,,0,66,,2501,,,0,31,,2481,,,0,66,,2502,,,0,33,,2482,,,0,67,,2503,,,0,32,,2483,,,0,68,,2504,,,0,32,,2484,,,0,67,,2505,,,0,32,,2485,,,0,68,,2506,,,0
2503,'20260122',642,,9375,,,0,70,,9376,,,0,14,,9377,,,0,18,,9378,,,0,10,,9379,,,0,55,,9380,,,0,29,,9381,,,0,72,,9382,,,0,31,,9383,,,0,68,,9384,,,0,32,,9385,,,0,69,,9386,,,0,29,,9387,,,0,71,,9388,,,0,29,,9389,,,0,70,,9390,,,0,30,,9391,,,0,69,,9392,,,0,27,,9393,,,0,68,,9394,,,0,15,,9395,,,0,14,,9396,,,0,17,,9397,,,0,56,,9398,,,0,19,,9399,,,0,20,,9400,,,0,60,,9401,,,0,22,,9402,,,0,86,,9403,,,0,100,,9404,,,0,103,,9405,,,0,100,,9406,,,0,100,,9407,,,0,100,,9408,,,0,102,,9409,,,0
2503,'20260123',642,,9412,,,0,70,,9413,,,0,14,,9414,,,0,18,,9415,,,0,10,,9416,,,0,55,,9417,,,0,29,,9418,,,0,72,,9419,,,0,31,,9420,,,0,68,,9421,,,0,32,,9422,,,0,69,,9423,,,0,29,,9424,,,0,71,,9425,,,0,29,,9426,,,0,70,,9427,,,0,30,,9428,,,0,69,,9429,,,0,27,,9430,,,0,68,,9431,,,0,15,,9432,,,0,14,,9433,,,0,17,,9434,,,0,56,,9435,,,0,19,,9436,,,0,20,,9437,,,0,60,,9438,,,0,22,,9439,,,0,86,,9440,,,0,100,,9441,,,0,103,,9442,,,0,100,,9443,,,0,100,,9444,,,0,100,,9445,,,0,102,,9446,,,0
2503,'20260124',658,,9449,,,0,98,,9450,,,0,99,,9451,,,0,100,,9452,,,0,98,,9453,,,0,98,,9454,,,0,98,,9455,,,0,98,,9456,,,0,103,,9457,,,0,99,,9458,,,0,103,,9459,,,0,101,,9460,,,0,101,,9461,,,0,102,,9462,,,0,101,,9463,,,0,100,,9464,,,0,100,,9465,,,0,150,,9466,,,0
2503,'20260125',658,,9467,,,0,98,,9468,,,0,99,,9469,,,0,100,,9470,,,0,98,,9471,,,0,98,,9472,,,0,98,,9473,,,0,98,,9474,,,0,103,,9475,,,0,99,,9476,,,0,103,,9477,,,0,101,,9478,,,0,101,,9479,,,0,102,,9480,,,0,101,,9481,,,0,100,,9482,,,0,100,,9483,,,0,150,,9484,,,0
2503,'20260126',642,,9485,,,0,70,,9486,,,0,14,,9487,,,0,18,,9488,,,0,10,,9489,,,0,55,,9490,,,0,29,,9491,,,0,72,,9492,,,0,31,,9493,,,0,68,,9494,,,0,32,,9495,,,0,69,,9496,,,0,29,,9497,,,0,71,,9498,,,0,29,,9499,,,0,70,,9500,,,0,30,,9501,,,0,69,,9502,,,0,27,,9503,,,0,68,,9504,,,0,15,,9505,,,0,14,,9506,,,0,17,,9507,,,0,56,,9508,,,0,19,,9509,,,0,20,,9510,,,0,60,,9511,,,0,22,,9512,,,0,86,,9513,,,0,100,,9514,,,0,103,,9515,,,0,100,,9516,,,0,100,,9517,,,0,100,,9518,,,0,102,,9519,,,0
2503,'20260127',642,,9522,,,0,70,,9523,,,0,14,,9524,,,0,18,,9525,,,0,10,,9526,,,0,55,,9527,,,0,29,,9528,,,0,72,,9529,,,0,31,,9530,,,0,68,,9531,,,0,32,,9532,,,0,69,,9533,,,0,29,,9534,,,0,71,,9535,,,0,29,,9536,,,0,70,,9537,,,0,30,,9538,,,0,69,,9539,,,0,27,,9540,,,0,68,,9541,,,0,15,,9542,,,0,14,,9543,,,0,17,,9544,,,0,56,,9545,,,0,19,,9546,,,0,20,,9547,,,0,60,,9548,,,0,22,,9549,,,0,86,,9550,,,0,100,,9551,,,0,103,,9552,,,0,100,,9553,,,0,100,,9554,,,0,100,,9555,,,0,102,,9556,,,0
2503,'20260128',642,,9559,,,0,70,,9560,,,0,14,,9561,,,0,18,,9562,,,0,10,,9563,,,0,55,,9564,,,0,29,,9565,,,0,72,,9566,,,0,31,,9567,,,0,68,,9568,,,0,32,,9569,,,0,69,,9570,,,0,29,,9571,,,0,71,,9572,,,0,29,,9573,,,0,70,,9574,,,0,30,,9575,,,0,69,,9576,,,0,27,,9577,,,0,68,,9578,,,0,15,,9579,,,0,14,,9580,,,0,17,,9581,,,0,56,,9582,,,0,19,,9583,,,0,20,,9584,,,0,60,,9585,,,0,22,,9586,,,0,86,,9587,,,0,100,,9588,,,0,103,,9589,,,0,100,,9590,,,0,100,,9591,,,0,100,,9592,,,0,102,,9593,,,0
2503,'20260129',642,,9596,,,0,70,,9597,,,0,14,,9598,,,0,18,,9599,,,0,10,,9600,,,0,55,,9601,,,0,29,,9602,,,0,72,,9603,,,0,31,,9604,,,0,68,,9605,,,0,32,,9606,,,0,69,,9607,,,0,29,,9608,,,0,71,,9609,,,0,29,,9610,,,0,70,,9611,,,0,30,,9612,,,0,69,,9613,,,0,27,,9614,,,0,68,,9615,,,0,15,,9616,,,0,14,,9617,,,0,17,,9618,,,0,56,,9619,,,0,19,,9620,,,0,20,,9621,,,0,60,,9622,,,0,22,,9623,,,0,86,,9624,,,0,100,,9625,,,0,103,,9626,,,0,100,,9627,,,0,100,,9628,,,0,100,,9629,,,0,102,,9630,,,0
2503,'20260130',642,,9633,,,0,70,,9634,,,0,14,,9635,,,0,18,,9636,,,0,10,,9637,,,0,55,,9638,,,0,29,,9639,,,0,72,,9647,,,0,31,,9648,,,0,68,,9649,,,0,32,,9650,,,0,69,,9651,,,0,29,,9652,,,0,71,,9653,,,0,29,,9654,,,0,70,,9655,,,0,30,,9656,,,0,69,,9657,,,0,27,,9658,,,0,68,,9640,,,0,15,,9666,,,0,14,,9641,,,0,17,,9667,,,0,56,,9642,,,0,19,,9646,,,0,20,,9643,,,0,60,,9644,,,0,22,,9645,,,0,86,,9659,,,0,100,,9660,,,0,103,,9661,,,0,100,,9662,,,0,100,,9663,,,0,100,,9664,,,0,102,,9665,,,0
2503,'20260131',658,,9670,,,0,98,,9671,,,0,99,,9672,,,0,100,,9673,,,0,98,,9674,,,0,98,,9675,,,0,98,,9676,,,0,98,,9677,,,0,103,,9678,,,0,99,,9679,,,0,103,,9680,,,0,101,,9681,,,0,101,,9682,,,0,102,,9683,,,0,101,,9684,,,0,100,,9685,,,0,100,,9686,,,0,150,,9687,,,0
2503,'20260201',658,,9688,,,0,98,,9689,,,0,99,,9690,,,0,100,,9691,,,0,98,,9692,,,0,98,,9693,,,0,98,,9694,,,0,98,,9695,,,0,103,,9696,,,0,99,,9697,,,0,103,,9698,,,0,101,,9699,,,0,101,,9700,,,0,102,,9701,,,0,101,,9702,,,0,100,,9703,,,0,100,,9704,,,0,150,,9705,,,0
2503,'20260202',642,,9706,,,0,70,,9707,,,0,14,,9708,,,0,18,,9709,,,0,10,,9710,,,0,55,,9711,,,0,29,,9712,,,0,72,,9720,,,0,31,,9721,,,0,68,,9722,,,0,32,,9723,,,0,69,,9724,,,0,29,,9725,,,0,71,,9726,,,0,29,,9727,,,0,70,,9728,,,0,30,,9729,,,0,69,,9730,,,0,27,,9731,,,0,68,,9713,,,0,15,,9739,,,0,14,,9714,,,0,17,,9740,,,0,56,,9715,,,0,19,,9719,,,0,20,,9716,,,0,60,,9717,,,0,22,,9718,,,0,86,,9732,,,0,100,,9733,,,0,103,,9734,,,0,100,,9735,,,0,100,,9736,,,0,100,,9737,,,0,102,,9738,,,0
2503,'20260203',642,,9743,,,0,70,,9744,,,0,14,,9745,,,0,18,,9746,,,0,10,,9747,,,0,55,,9748,,,0,29,,9749,,,0,72,,9757,,,0,31,,9758,,,0,68,,9759,,,0,32,,9760,,,0,69,,9761,,,0,29,,9762,,,0,71,,9763,,,0,29,,9764,,,0,70,,9765,,,0,30,,9766,,,0,69,,9767,,,0,27,,9768,,,0,68,,9750,,,0,15,,9776,,,0,14,,9751,,,0,17,,9777,,,0,56,,9752,,,0,19,,9756,,,0,20,,9753,,,0,60,,9754,,,0,22,,9755,,,0,86,,9769,,,0,100,,9770,,,0,103,,9771,,,0,100,,9772,,,0,100,,9773,,,0,100,,9774,,,0,102,,9775,,,0
2503,'20260204',642,,9780,,,0,70,,9781,,,0,14,,9782,,,0,18,,9783,,,0,10,,9784,,,0,55,,9785,,,0,29,,9786,,,0,72,,9794,,,0,31,,9795,,,0,68,,9796,,,0,32,,9797,,,0,69,,9798,,,0,29,,9799,,,0,71,,9800,,,0,29,,9801,,,0,70,,9802,,,0,30,,9803,,,0,69,,9804,,,0,27,,9805,,,0,68,,9787,,,0,15,,9813,,,0,14,,9788,,,0,17,,9814,,,0,56,,9789,,,0,19,,9793,,,0,20,,9790,,,0,60,,9791,,,0,22,,9792,,,0,86,,9806,,,0,100,,9807,,,0,103,,9808,,,0,100,,9809,,,0,100,,9810,,,0,100,,9811,,,0,102,,9812,,,0
2503,'20260205',642,,9817,,,0,70,,9818,,,0,14,,9819,,,0,18,,9820,,,0,10,,9821,,,0,55,,9822,,,0,29,,9823,,,0,72,,9831,,,0,31,,9832,,,0,68,,9833,,,0,32,,9834,,,0,69,,9835,,,0,29,,9836,,,0,71,,9837,,,0,29,,9838,,,0,70,,9839,,,0,30,,9840,,,0,69,,9841,,,0,27,,9842,,,0,68,,9824,,,0,15,,9850,,,0,14,,9825,,,0,17,,9851,,,0,56,,9826,,,0,19,,9830,,,0,20,,9827,,,0,60,,9828,,,0,22,,9829,,,0,86,,9843,,,0,100,,9844,,,0,103,,9845,,,0,100,,9846,,,0,100,,9847,,,0,100,,9848,,,0,102,,9849,,,0
2503,'20260206',642,,9854,,,0,70,,9855,,,0,14,,9856,,,0,18,,9857,,,0,10,,9858,,,0,55,,9859,,,0,29,,9860,,,0,72,,9868,,,0,31,,9869,,,0,68,,9870,,,0,32,,9871,,,0,69,,9872,,,0,29,,9873,,,0,71,,9874,,,0,29,,9875,,,0,70,,9876,,,0,30,,9877,,,0,69,,9878,,,0,27,,9879,,,0,68,,9861,,,0,15,,9887,,,0,14,,9862,,,0,17,,9888,,,0,56,,9863,,,0,19,,9867,,,0,20,,9864,,,0,60,,9865,,,0,22,,9866,,,0,86,,9880,,,0,100,,9881,,,0,103,,9882,,,0,100,,9883,,,0,100,,9884,,,0,100,,9885,,,0,102,,9886,,,0
2801,'20260122',616,,10539,,,0,31,,10540,,,0,70,,10541,,,0,18,,10542,,,0,17,,10543,,,0,51,,10544,,,0,10,,10545,,,0,13,,10546,,,0,14,,10547,,,0,13,,10548,,,0,51,,10549,,,0,15,,10550,,,0,31,,10551,,,0,70,,10552,,,0,30,,10553,,,0,70,,10554,,,0,30,,10555,,,0,71,,10556,,,0,32,,10557,,,0,68,,10558,,,0,31,,10559,,,0,69,,10560,,,0,31,,10561,,,0,68,,10562,,,0,30,,10563,,,0,75,,10564,,,0,29,,10565,,,0,69,,10566,,,0,29,,10567,,,0,68,,10568,,,0,28,,10569,,,0,68,,10570,,,0,31,,10571,,,0,70,,10572,,,0,31,,10573,,,0,70,,10574,,,0,30,,10575,,,0,68,,10576,,,0,29,,10577,,,0,69,,10578,,,0,29,,10579,,,0,70,,10580,,,0
2801,'20260123',616,,10581,,,0,31,,10582,,,0,70,,10583,,,0,18,,10584,,,0,17,,10585,,,0,51,,10586,,,0,10,,10587,,,0,13,,10588,,,0,14,,10589,,,0,13,,10590,,,0,51,,10591,,,0,15,,10592,,,0,31,,10593,,,0,70,,10594,,,0,30,,10595,,,0,70,,10596,,,0,30,,10597,,,0,71,,10598,,,0,32,,10599,,,0,68,,10600,,,0,31,,10601,,,0,69,,10602,,,0,31,,10603,,,0,68,,10604,,,0,30,,10605,,,0,75,,10606,,,0,29,,10607,,,0,69,,10608,,,0,29,,10609,,,0,68,,10610,,,0,28,,10611,,,0,68,,10612,,,0,31,,10613,,,0,70,,10614,,,0,31,,10615,,,0,70,,10616,,,0,30,,10617,,,0,68,,10618,,,0,29,,10619,,,0,69,,10620,,,0,29,,10621,,,0,70,,10622,,,0
2801,'20260124',646,,10623,,,0,71,,10624,,,0,31,,10625,,,0,70,,10626,,,0,32,,10627,,,0,70,,10628,,,0,30,,10629,,,0,71,,10630,,,0,31,,10631,,,0,68,,10632,,,0,31,,10633,,,0,71,,10634,,,0,32,,10635,,,0,71,,10636,,,0,30,,10637,,,0,69,,10638,,,0,31,,10639,,,0,72,,10640,,,0,30,,10641,,,0,66,,10642,,,0,33,,10643,,,0,70,,10644,,,0,29,,10645,,,0,69,,10646,,,0,27,,10647,,,0,70,,10648,,,0,30,,10649,,,0,68,,10650,,,0,100,,10651,,,0,100,,10652,,,0,98,,10653,,,0,100,,10654,,,0
2801,'20260125',646,,10655,,,0,71,,10656,,,0,31,,10657,,,0,70,,10658,,,0,32,,10659,,,0,70,,10660,,,0,30,,10661,,,0,71,,10662,,,0,31,,10663,,,0,68,,10664,,,0,31,,10665,,,0,71,,10666,,,0,32,,10667,,,0,71,,10668,,,0,30,,10669,,,0,69,,10670,,,0,31,,10671,,,0,72,,10672,,,0,30,,10673,,,0,66,,10674,,,0,33,,10675,,,0,70,,10676,,,0,29,,10677,,,0,69,,10678,,,0,27,,10679,,,0,70,,10680,,,0,30,,10681,,,0,68,,10682,,,0,100,,10683,,,0,100,,10684,,,0,98,,10685,,,0,100,,10686,,,0
2801,'20260126',616,,10687,,,0,31,,10688,,,0,70,,10689,,,0,18,,10690,,,0,17,,10691,,,0,51,,10692,,,0,10,,10693,,,0,13,,10694,,,0,14,,10695,,,0,13,,10696,,,0,51,,10697,,,0,15,,10698,,,0,31,,10699,,,0,70,,10700,,,0,30,,10701,,,0,70,,10702,,,0,30,,10703,,,0,71,,10704,,,0,32,,10705,,,0,68,,10706,,,0,31,,10707,,,0,69,,10708,,,0,31,,10709,,,0,68,,10710,,,0,30,,10711,,,0,75,,10712,,,0,29,,10713,,,0,69,,10714,,,0,29,,10715,,,0,68,,10716,,,0,28,,10717,,,0,68,,10718,,,0,31,,10719,,,0,70,,10720,,,0,31,,10721,,,0,70,,10722,,,0,30,,10723,,,0,68,,10724,,,0,29,,10725,,,0,69,,10726,,,0,29,,10727,,,0,70,,10728,,,0
2801,'20260127',616,,10729,,,0,31,,10730,,,0,70,,10731,,,0,18,,10732,,,0,17,,10733,,,0,51,,10734,,,0,10,,10735,,,0,13,,10736,,,0,14,,10737,,,0,13,,10738,,,0,51,,10739,,,0,15,,10740,,,0,31,,10741,,,0,70,,10742,,,0,30,,10743,,,0,70,,10744,,,0,30,,10745,,,0,71,,10746,,,0,32,,10747,,,0,68,,10748,,,0,31,,10749,,,0,69,,10750,,,0,31,,10751,,,0,68,,10752,,,0,30,,10753,,,0,75,,10754,,,0,29,,10755,,,0,69,,10756,,,0,29,,10757,,,0,68,,10758,,,0,28,,10759,,,0,68,,10760,,,0,31,,10761,,,0,70,,10762,,,0,31,,10763,,,0,70,,10764,,,0,30,,10765,,,0,68,,10766,,,0,29,,10767,,,0,69,,10768,,,0,29,,10769,,,0,70,,10770,,,0
2801,'20260128',616,,10771,,,0,31,,10772,,,0,70,,10773,,,0,18,,10774,,,0,17,,10775,,,0,51,,10776,,,0,10,,10777,,,0,13,,10778,,,0,14,,10779,,,0,13,,10780,,,0,51,,10781,,,0,15,,10782,,,0,31,,10783,,,0,70,,10784,,,0,30,,10785,,,0,70,,10786,,,0,30,,10787,,,0,71,,10788,,,0,32,,10789,,,0,68,,10790,,,0,31,,10791,,,0,69,,10792,,,0,31,,10793,,,0,68,,10794,,,0,30,,10795,,,0,75,,10796,,,0,29,,10797,,,0,69,,10798,,,0,29,,10799,,,0,68,,10800,,,0,28,,10801,,,0,68,,10802,,,0,31,,10803,,,0,70,,10804,,,0,31,,10805,,,0,70,,10806,,,0,30,,10807,,,0,68,,10808,,,0,29,,10809,,,0,69,,10810,,,0,29,,10811,,,0,70,,10812,,,0
2801,'20260129',616,,10813,,,0,31,,10814,,,0,70,,10815,,,0,18,,10816,,,0,17,,10817,,,0,51,,10818,,,0,10,,10819,,,0,13,,10820,,,0,14,,10821,,,0,13,,10822,,,0,51,,10823,,,0,15,,10824,,,0,31,,10825,,,0,70,,10826,,,0,30,,10827,,,0,70,,10828,,,0,30,,10829,,,0,71,,10830,,,0,32,,10831,,,0,68,,10832,,,0,31,,10833,,,0,69,,10834,,,0,31,,10835,,,0,68,,10836,,,0,30,,10837,,,0,75,,10838,,,0,29,,10839,,,0,69,,10840,,,0,29,,10841,,,0,68,,10842,,,0,28,,10843,,,0,68,,10844,,,0,31,,10845,,,0,70,,10846,,,0,31,,10847,,,0,70,,10848,,,0,30,,10849,,,0,68,,10850,,,0,29,,10851,,,0,69,,10852,,,0,29,,10853,,,0,70,,10854,,,0
2801,'20260130',616,,10855,,,0,31,,10856,,,0,70,,10857,,,0,18,,10858,,,0,17,,10859,,,0,51,,10896,,,0,10,,10860,,,0,13,,10861,,,0,14,,10862,,,0,13,,10863,,,0,51,,10864,,,0,15,,10865,,,0,31,,10866,,,0,70,,10867,,,0,30,,10868,,,0,70,,10869,,,0,30,,10870,,,0,71,,10871,,,0,32,,10872,,,0,68,,10873,,,0,31,,10874,,,0,69,,10875,,,0,31,,10876,,,0,68,,10877,,,0,30,,10890,,,0,75,,10891,,,0,29,,10892,,,0,69,,10893,,,0,29,,10894,,,0,68,,10895,,,0,28,,10878,,,0,68,,10879,,,0,31,,10880,,,0,70,,10881,,,0,31,,10882,,,0,70,,10883,,,0,30,,10884,,,0,68,,10885,,,0,29,,10886,,,0,69,,10887,,,0,29,,10888,,,0,70,,10889,,,0
2801,'20260131',646,,10897,,,0,71,,10911,,,0,31,,10898,,,0,70,,10912,,,0,32,,10899,,,0,70,,10913,,,0,30,,10900,,,0,71,,10914,,,0,31,,10901,,,0,68,,10915,,,0,31,,10902,,,0,71,,10916,,,0,32,,10905,,,0,71,,10917,,,0,30,,10906,,,0,69,,10918,,,0,31,,10907,,,0,72,,10919,,,0,30,,10908,,,0,66,,10920,,,0,33,,10909,,,0,70,,10921,,,0,29,,10910,,,0,69,,10922,,,0,27,,10903,,,0,70,,10923,,,0,30,,10904,,,0,68,,10924,,,0,100,,10925,,,0,100,,10926,,,0,98,,10927,,,0,100,,10928,,,0
2801,'20260201',646,,10929,,,0,71,,10943,,,0,31,,10930,,,0,70,,10944,,,0,32,,10931,,,0,70,,10945,,,0,30,,10932,,,0,71,,10946,,,0,31,,10933,,,0,68,,10947,,,0,31,,10934,,,0,71,,10948,,,0,32,,10937,,,0,71,,10949,,,0,30,,10938,,,0,69,,10950,,,0,31,,10939,,,0,72,,10951,,,0,30,,10940,,,0,66,,10952,,,0,33,,10941,,,0,70,,10953,,,0,29,,10942,,,0,69,,10954,,,0,27,,10935,,,0,70,,10955,,,0,30,,10936,,,0,68,,10956,,,0,100,,10957,,,0,100,,10958,,,0,98,,10959,,,0,100,,10960,,,0
2801,'20260202',616,,10961,,,0,31,,10962,,,0,70,,10963,,,0,18,,10964,,,0,17,,10965,,,0,51,,11002,,,0,10,,10966,,,0,13,,10967,,,0,14,,10968,,,0,13,,10969,,,0,51,,10970,,,0,15,,10971,,,0,31,,10972,,,0,70,,10973,,,0,30,,10974,,,0,70,,10975,,,0,30,,10976,,,0,71,,10977,,,0,32,,10978,,,0,68,,10979,,,0,31,,10980,,,0,69,,10981,,,0,31,,10982,,,0,68,,10983,,,0,30,,10996,,,0,75,,10997,,,0,29,,10998,,,0,69,,10999,,,0,29,,11000,,,0,68,,11001,,,0,28,,10984,,,0,68,,10985,,,0,31,,10986,,,0,70,,10987,,,0,31,,10988,,,0,70,,10989,,,0,30,,10990,,,0,68,,10991,,,0,29,,10992,,,0,69,,10993,,,0,29,,10994,,,0,70,,10995,,,0
2801,'20260203',616,,11003,,,0,31,,11004,,,0,70,,11005,,,0,18,,11006,,,0,17,,11007,,,0,51,,11044,,,0,10,,11008,,,0,13,,11009,,,0,14,,11010,,,0,13,,11011,,,0,51,,11012,,,0,15,,11013,,,0,31,,11014,,,0,70,,11015,,,0,30,,11016,,,0,70,,11017,,,0,30,,11018,,,0,71,,11019,,,0,32,,11020,,,0,68,,11021,,,0,31,,11022,,,0,69,,11023,,,0,31,,11024,,,0,68,,11025,,,0,30,,11038,,,0,75,,11039,,,0,29,,11040,,,0,69,,11041,,,0,29,,11042,,,0,68,,11043,,,0,28,,11026,,,0,68,,11027,,,0,31,,11028,,,0,70,,11029,,,0,31,,11030,,,0,70,,11031,,,0,30,,11032,,,0,68,,11033,,,0,29,,11034,,,0,69,,11035,,,0,29,,11036,,,0,70,,11037,,,0
2801,'20260204',616,,11045,,,0,31,,11046,,,0,70,,11047,,,0,18,,11048,,,0,17,,11049,,,0,51,,11086,,,0,10,,11050,,,0,13,,11051,,,0,14,,11052,,,0,13,,11053,,,0,51,,11054,,,0,15,,11055,,,0,31,,11056,,,0,70,,11057,,,0,30,,11058,,,0,70,,11059,,,0,30,,11060,,,0,71,,11061,,,0,32,,11062,,,0,68,,11063,,,0,31,,11064,,,0,69,,11065,,,0,31,,11066,,,0,68,,11067,,,0,30,,11080,,,0,75,,11081,,,0,29,,11082,,,0,69,,11083,,,0,29,,11084,,,0,68,,11085,,,0,28,,11068,,,0,68,,11069,,,0,31,,11070,,,0,70,,11071,,,0,31,,11072,,,0,70,,11073,,,0,30,,11074,,,0,68,,11075,,,0,29,,11076,,,0,69,,11077,,,0,29,,11078,,,0,70,,11079,,,0
2801,'20260205',616,,11087,,,0,31,,11088,,,0,70,,11089,,,0,18,,11090,,,0,17,,11091,,,0,51,,11128,,,0,10,,11092,,,0,13,,11093,,,0,14,,11094,,,0,13,,11095,,,0,51,,11096,,,0,15,,11097,,,0,31,,11098,,,0,70,,11099,,,0,30,,11100,,,0,70,,11101,,,0,30,,11102,,,0,71,,11103,,,0,32,,11104,,,0,68,,11105,,,0,31,,11106,,,0,69,,11107,,,0,31,,11108,,,0,68,,11109,,,0,30,,11122,,,0,75,,11123,,,0,29,,11124,,,0,69,,11125,,,0,29,,11126,,,0,68,,11127,,,0,28,,11110,,,0,68,,11111,,,0,31,,11112,,,0,70,,11113,,,0,31,,11114,,,0,70,,11115,,,0,30,,11116,,,0,68,,11117,,,0,29,,11118,,,0,69,,11119,,,0,29,,11120,,,0,70,,11121,,,0
2801,'20260206',616,,11129,,,0,31,,11130,,,0,70,,11131,,,0,18,,11132,,,0,17,,11133,,,0,51,,11170,,,0,10,,11134,,,0,13,,11135,,,0,14,,11136,,,0,13,,11137,,,0,51,,11138,,,0,15,,11139,,,0,31,,11140,,,0,70,,11141,,,0,30,,11142,,,0,70,,11143,,,0,30,,11144,,,0,71,,11145,,,0,32,,11146,,,0,68,,11147,,,0,31,,11148,,,0,69,,11149,,,0,31,,11150,,,0,68,,11151,,,0,30,,11164,,,0,75,,11165,,,0,29,,11166,,,0,69,,11167,,,0,29,,11168,,,0,68,,11169,,,0,28,,11152,,,0,68,,11153,,,0,31,,11154,,,0,70,,11155,,,0,31,,11156,,,0,70,,11157,,,0,30,,11158,,,0,68,,11159,,,0,29,,11160,,,0,69,,11161,,,0,29,,11162,,,0,70,,11163,,,0
6501,'20260122',708,,21261,,,0,32,,21262,,,0,86,,21263,,,0,18,,21264,,,0
6501,'20260123',708,,21267,,,0,32,,21268,,,0,86,,21269,,,0,18,,21270,,,0
6501,'20260126',708,,21273,,,0,32,,21274,,,0,86,,21275,,,0,18,,21276,,,0
6501,'20260127',708,,21279,,,0,32,,21280,,,0,86,,21281,,,0,18,,21282,,,0
6501,'20260128',708,,21285,,,0,32,,21286,,,0,86,,21287,,,0,18,,21288,,,0
6501,'20260129',708,,21291,,,0,32,,21292,,,0,86,,21293,,,0,18,,21294,,,0
6501,'20260130',708,,21297,,,0,32,,21298,,,0,86,,21299,,,0,18,,21300,,,0
6501,'20260202',708,,21303,,,0,32,,21304,,,0,86,,21305,,,0,18,,21306,,,0
6501,'20260203',708,,21309,,,0,32,,21310,,,0,86,,21311,,,0,18,,21312,,,0
6501,'20260204',708,,21315,,,0,32,,21316,,,0,86,,21317,,,0,18,,21318,,,0
6501,'20260205',708,,21321,,,0,32,,21322,,,0,86,,21323,,,0,18,,21324,,,0
6501,'20260206',708,,21327,,,0,32,,21328,,,0,86,,21329,,,0,18,,21330,,,0
8601,'20260122',736,,29411,,,0,68,,29409,,,0,3,,29412,,,0,31,,29413,,,0
8601,'20260123',736,,29434,,,0,68,,29432,,,0,3,,29435,,,0,31,,29436,,,0
8601,'20260126',736,,29489,,,0,68,,29487,,,0,3,,29490,,,0,31,,29491,,,0
8601,'20260127',736,,29512,,,0,68,,29510,,,0,3,,29513,,,0,31,,29514,,,0
8601,'20260128',736,,29535,,,0,68,,29533,,,0,3,,29536,,,0,31,,29537,,,0
8601,'20260129',736,,29558,,,0,68,,29556,,,0,3,,29559,,,0,31,,29560,,,0
8601,'20260130',736,,29579,,,0,68,,29601,,,0,3,,29580,,,0,31,,29581,,,0
8601,'20260202',736,,29634,,,0,68,,29656,,,0,3,,29635,,,0,31,,29636,,,0
8601,'20260203',736,,29657,,,0,68,,29679,,,0,3,,29658,,,0,31,,29659,,,0
8601,'20260204',736,,29680,,,0,68,,29702,,,0,3,,29681,,,0,31,,29682,,,0
8601,'20260205',736,,29703,,,0,68,,29725,,,0,3,,29704,,,0,31,,29705,,,0
8601,'20260206',736,,29726,,,0,68,,29748,,,0,3,,29727,,,0,31,,29728,,,0
10703,'20260122',1541,,33419,,,0,70,,33420,,,0,20,,33421,,,0,28,,33422,,,0,63,,33423,,,0,19,,33424,,,0,70,,33425,,,0
10703,'20260123',1541,,33426,,,0,70,,33427,,,0,20,,33428,,,0,28,,33429,,,0,63,,33430,,,0,19,,33431,,,0,70,,33432,,,0
10703,'20260126',1541,,33433,,,0,70,,33434,,,0,20,,33435,,,0,28,,33436,,,0,63,,33437,,,0,19,,33438,,,0,70,,33439,,,0
10703,'20260127',1541,,33440,,,0,70,,33441,,,0,20,,33442,,,0,28,,33443,,,0,63,,33444,,,0,19,,33445,,,0,70,,33446,,,0
10703,'20260128',1541,,33447,,,0,70,,33448,,,0,20,,33449,,,0,28,,33450,,,0,63,,33451,,,0,19,,33452,,,0,70,,33453,,,0
10703,'20260129',1541,,33454,,,0,70,,33455,,,0,20,,33456,,,0,28,,33457,,,0,63,,33458,,,0,19,,33459,,,0,70,,33460,,,0
10703,'20260130',1541,,33461,,,0,70,,33462,,,0,20,,33463,,,0,28,,33464,,,0,63,,33465,,,0,19,,33466,,,0,70,,33467,,,0
10703,'20260202',1541,,33468,,,0,70,,33469,,,0,20,,33470,,,0,28,,33471,,,0,63,,33472,,,0,19,,33473,,,0,70,,33474,,,0
10703,'20260203',1541,,33475,,,0,70,,33476,,,0,20,,33477,,,0,28,,33478,,,0,63,,33479,,,0,19,,33480,,,0,70,,33481,,,0
10703,'20260204',1541,,33482,,,0,70,,33483,,,0,20,,33484,,,0,28,,33485,,,0,63,,33486,,,0,19,,33487,,,0,70,,33488,,,0
10703,'20260205',1541,,33489,,,0,70,,33490,,,0,20,,33491,,,0,28,,33492,,,0,63,,33493,,,0,19,,33494,,,0,70,,33495,,,0
10703,'20260206',1541,,33496,,,0,70,,33497,,,0,20,,33498,,,0,28,,33499,,,0,63,,33500,,,0,19,,33501,,,0,70,,33502,,,0
13601,'20260122',702,,33719,,,0,13,,33720,,,0,17,,33721,,,0,20,,33722,,,0,55,,33723,,,0,25,,33724,,,0
13601,'20260123',702,,33725,,,0,13,,33726,,,0,17,,33727,,,0,20,,33728,,,0,55,,33729,,,0,25,,33730,,,0
13601,'20260126',702,,33731,,,0,13,,33732,,,0,17,,33733,,,0,20,,33734,,,0,55,,33735,,,0,25,,33736,,,0
13601,'20260127',702,,33737,,,0,13,,33738,,,0,17,,33739,,,0,20,,33740,,,0,55,,33741,,,0,25,,33742,,,0
13601,'20260128',702,,33743,,,0,13,,33744,,,0,17,,33745,,,0,20,,33746,,,0,55,,33747,,,0,25,,33748,,,0
13601,'20260129',702,,33749,,,0,13,,33750,,,0,17,,33751,,,0,20,,33752,,,0,55,,33753,,,0,25,,33754,,,0
13601,'20260130',702,,33759,,,0,13,,33756,,,0,17,,33760,,,0,20,,33758,,,0,55,,33757,,,0,25,,33755,,,0
13601,'20260202',702,,33765,,,0,13,,33762,,,0,17,,33766,,,0,20,,33764,,,0,55,,33763,,,0,25,,33761,,,0
13601,'20260203',702,,33771,,,0,13,,33768,,,0,17,,33772,,,0,20,,33770,,,0,55,,33769,,,0,25,,33767,,,0
13601,'20260204',702,,33777,,,0,13,,33774,,,0,17,,33778,,,0,20,,33776,,,0,55,,33775,,,0,25,,33773,,,0
13601,'20260205',702,,33783,,,0,13,,33780,,,0,17,,33784,,,0,20,,33782,,,0,55,,33781,,,0,25,,33779,,,0
13601,'20260206',702,,33789,,,0,13,,33786,,,0,17,,33790,,,0,20,,33788,,,0,55,,33787,,,0,25,,33785,,,0
23001,'20260122',644,,34031,4,,0,64,,34032,4,,0,24,,34033,4,,0,25,,34034,4,,0,59,,34035,4,,0,26,,34036,4,,0
23001,'20260123',644,,34037,4,,0,64,,34038,4,,0,24,,34039,4,,0,25,,34040,4,,0,59,,34041,4,,0,26,,34042,4,,0
23001,'20260126',644,,34043,4,,0,64,,34044,4,,0,24,,34045,4,,0,25,,34046,4,,0,59,,34047,4,,0,26,,34048,4,,0
23001,'20260127',644,,34049,4,,0,64,,34050,4,,0,24,,34051,4,,0,25,,34052,4,,0,59,,34053,4,,0,26,,34054,4,,0
23001,'20260128',644,,34055,4,,0,64,,34056,4,,0,24,,34057,4,,0,25,,34058,4,,0,59,,34059,4,,0,26,,34060,4,,0
23001,'20260129',644,,34061,4,,0,64,,34062,4,,0,24,,34063,4,,0,25,,34064,4,,0,59,,34065,4,,0,26,,34066,4,,0
23001,'20260130',644,,34071,4,,0,64,,34069,4,,0,24,,34070,4,,0,25,,34067,4,,0,59,,34072,4,,0,26,,34068,4,,0
23001,'20260202',644,,34077,4,,0,64,,34075,4,,0,24,,34076,4,,0,25,,34073,4,,0,59,,34078,4,,0,26,,34074,4,,0
23001,'20260203',644,,34083,4,,0,64,,34081,4,,0,24,,34082,4,,0,25,,34079,4,,0,59,,34084,4,,0,26,,34080,4,,0
23001,'20260204',644,,34089,4,,0,64,,34087,4,,0,24,,34088,4,,0,25,,34085,4,,0,59,,34090,4,,0,26,,34086,4,,0
23001,'20260205',644,,34095,4,,0,64,,34093,4,,0,24,,34094,4,,0,25,,34091,4,,0,59,,34096,4,,0,26,,34092,4,,0
23001,'20260206',644,,34101,4,,0,64,,34099,4,,0,24,,34100,4,,0,25,,34097,4,,0,59,,34102,4,,0,26,,34098,4,,0
23601,'20260122',704,,34175,4,,0,13,,34176,4,,0,29,,34177,4,,0,68,,34178,4,,0,31,,34179,4,,0
23601,'20260123',704,,34180,4,,0,13,,34181,4,,0,29,,34182,4,,0,68,,34183,4,,0,31,,34184,4,,0
23601,'20260126',704,,34185,4,,0,13,,34186,4,,0,29,,34187,4,,0,68,,34188,4,,0,31,,34189,4,,0
23601,'20260127',704,,34190,4,,0,13,,34191,4,,0,29,,34192,4,,0,68,,34193,4,,0,31,,34194,4,,0
23601,'20260128',704,,34195,4,,0,13,,34196,4,,0,29,,34197,4,,0,68,,34198,4,,0,31,,34199,4,,0
23601,'20260129',704,,34200,4,,0,13,,34201,4,,0,29,,34202,4,,0,68,,34203,4,,0,31,,34204,4,,0
23601,'20260130',704,,34205,4,,0,13,,34206,4,,0,29,,34209,4,,0,68,,34207,4,,0,31,,34208,4,,0
23601,'20260202',704,,34210,4,,0,13,,34211,4,,0,29,,34214,4,,0,68,,34212,4,,0,31,,34213,4,,0
23601,'20260203',704,,34215,4,,0,13,,34216,4,,0,29,,34219,4,,0,68,,34217,4,,0,31,,34218,4,,0
23601,'20260204',704,,34220,4,,0,13,,34221,4,,0,29,,34224,4,,0,68,,34222,4,,0,31,,34223,4,,0
23601,'20260205',704,,34225,4,,0,13,,34226,4,,0,29,,34229,4,,0,68,,34227,4,,0,31,,34228,4,,0
23601,'20260206',704,,34230,4,,0,13,,34231,4,,0,29,,34234,4,,0,68,,34232,4,,0,31,,34233,4,,0
23801,'20260122',710,,34283,4,,0,22,,34284,4,,0,9,,34285,4,,0,71,,34286,4,,0
23801,'20260123',710,,34287,4,,0,22,,34288,4,,0,9,,34289,4,,0,71,,34290,4,,0
23801,'20260126',710,,34291,4,,0,22,,34292,4,,0,9,,34293,4,,0,71,,34294,4,,0
23801,'20260127',710,,34295,4,,0,22,,34296,4,,0,9,,34297,4,,0,71,,34298,4,,0
23801,'20260128',710,,34299,4,,0,22,,34300,4,,0,9,,34301,4,,0,71,,34302,4,,0
23801,'20260129',710,,34303,4,,0,22,,34304,4,,0,9,,34305,4,,0,71,,34306,4,,0
23801,'20260130',710,,34310,4,,0,22,,34307,4,,0,9,,34308,4,,0,71,,34309,4,,0
23801,'20260202',710,,34314,4,,0,22,,34311,4,,0,9,,34312,4,,0,71,,34313,4,,0
23801,'20260203',710,,34318,4,,0,22,,34315,4,,0,9,,34316,4,,0,71,,34317,4,,0
23801,'20260204',710,,34322,4,,0,22,,34319,4,,0,9,,34320,4,,0,71,,34321,4,,0
23801,'20260205',710,,34326,4,,0,22,,34323,4,,0,9,,34324,4,,0,71,,34325,4,,0
23801,'20260206',710,,34330,4,,0,22,,34327,4,,0,9,,34328,4,,0,71,,34329,4,,0
23901,'20260122',722,,34403,4,,0,22,,34404,4,,0,61,,34405,4,,0,25,,34406,4,,0,14,,34407,4,,0
23901,'20260123',722,,34408,4,,0,22,,34409,4,,0,61,,34410,4,,0,25,,34411,4,,0,14,,34412,4,,0
23901,'20260126',722,,34413,4,,0,22,,34414,4,,0,61,,34415,4,,0,25,,34416,4,,0,14,,34417,4,,0
23901,'20260127',722,,34418,4,,0,22,,34419,4,,0,61,,34420,4,,0,25,,34421,4,,0,14,,34422,4,,0
23901,'20260128',722,,34423,4,,0,22,,34424,4,,0,61,,34425,4,,0,25,,34426,4,,0,14,,34427,4,,0
23901,'20260129',722,,34428,4,,0,22,,34429,4,,0,61,,34430,4,,0,25,,34431,4,,0,14,,34432,4,,0
23901,'20260130',722,,34433,4,,0,22,,34434,4,,0,61,,34437,4,,0,25,,34435,4,,0,14,,34436,4,,0
23901,'20260202',722,,34438,4,,0,22,,34439,4,,0,61,,34442,4,,0,25,,34440,4,,0,14,,34441,4,,0
23901,'20260203',722,,34443,4,,0,22,,34444,4,,0,61,,34447,4,,0,25,,34445,4,,0,14,,34446,4,,0
23901,'20260204',722,,34448,4,,0,22,,34449,4,,0,61,,34452,4,,0,25,,34450,4,,0,14,,34451,4,,0
23901,'20260205',722,,34453,4,,0,22,,34454,4,,0,61,,34457,4,,0,25,,34455,4,,0,14,,34456,4,,0
23901,'20260206',722,,34458,4,,0,22,,34459,4,,0,61,,34462,4,,0,25,,34460,4,,0,14,,34461,4,,0
25001,'20260122',648,,34559,4,,0,69,,34560,4,,0,20,,34561,4,,0,76,,34562,4,,0,17,,34563,4,,0,16,,34564,4,,0
25001,'20260123',648,,34565,4,,0,69,,34566,4,,0,20,,34567,4,,0,76,,34568,4,,0,17,,34569,4,,0,16,,34570,4,,0
25001,'20260126',648,,34571,4,,0,69,,34572,4,,0,20,,34573,4,,0,76,,34574,4,,0,17,,34575,4,,0,16,,34576,4,,0
25001,'20260127',648,,34577,4,,0,69,,34578,4,,0,20,,34579,4,,0,76,,34580,4,,0,17,,34581,4,,0,16,,34582,4,,0
25001,'20260128',648,,34583,4,,0,69,,34584,4,,0,20,,34585,4,,0,76,,34586,4,,0,17,,34587,4,,0,16,,34588,4,,0
25001,'20260129',648,,34589,4,,0,69,,34590,4,,0,20,,34591,4,,0,76,,34592,4,,0,17,,34593,4,,0,16,,34594,4,,0
25001,'20260130',648,,34596,4,,0,69,,34595,4,,0,20,,34600,4,,0,76,,34599,4,,0,17,,34598,4,,0,16,,34597,4,,0
25001,'20260202',648,,34602,4,,0,69,,34601,4,,0,20,,34606,4,,0,76,,34605,4,,0,17,,34604,4,,0,16,,34603,4,,0
25001,'20260203',648,,34608,4,,0,69,,34607,4,,0,20,,34612,4,,0,76,,34611,4,,0,17,,34610,4,,0,16,,34609,4,,0
25001,'20260204',648,,34614,4,,0,69,,34613,4,,0,20,,34618,4,,0,76,,34617,4,,0,17,,34616,4,,0,16,,34615,4,,0
25001,'20260205',648,,34620,4,,0,69,,34619,4,,0,20,,34624,4,,0,76,,34623,4,,0,17,,34622,4,,0,16,,34621,4,,0
25001,'20260206',648,,34626,4,,0,69,,34625,4,,0,20,,34630,4,,0,76,,34629,4,,0,17,,34628,4,,0,16,,34627,4,,0
25101,'20260122',714,,34679,4,,0,33,,34680,4,,0,68,,34681,4,,0
25101,'20260123',714,,34682,4,,0,33,,34683,4,,0,68,,34684,4,,0
25101,'20260126',714,,34685,4,,0,33,,34686,4,,0,68,,34687,4,,0
25101,'20260127',714,,34688,4,,0,33,,34689,4,,0,68,,34690,4,,0
25101,'20260128',714,,34691,4,,0,33,,34692,4,,0,68,,34693,4,,0
25101,'20260129',714,,34694,4,,0,33,,34695,4,,0,68,,34696,4,,0
25101,'20260130',714,,34698,4,,0,33,,34699,4,,0,68,,34697,4,,0
25101,'20260202',714,,34701,4,,0,33,,34702,4,,0,68,,34700,4,,0
25101,'20260203',714,,34704,4,,0,33,,34705,4,,0,68,,34703,4,,0
25101,'20260204',714,,34707,4,,0,33,,34708,4,,0,68,,34706,4,,0
25101,'20260205',714,,34710,4,,0,33,,34711,4,,0,68,,34709,4,,0
25101,'20260206',714,,34713,4,,0,33,,34714,4,,0,68,,34712,4,,0
25301,'20260122',713,,34763,4,,0,32,,34764,4,,0,69,,34765,4,,0,32,,34766,4,,0
25301,'20260123',713,,34767,4,,0,32,,34768,4,,0,69,,34769,4,,0,32,,34770,4,,0
25301,'20260126',713,,34771,4,,0,32,,34772,4,,0,69,,34773,4,,0,32,,34774,4,,0
25301,'20260127',713,,34775,4,,0,32,,34776,4,,0,69,,34777,4,,0,32,,34778,4,,0
25301,'20260128',713,,34779,4,,0,32,,34780,4,,0,69,,34781,4,,0,32,,34782,4,,0
25301,'20260129',713,,34783,4,,0,32,,34784,4,,0,69,,34785,4,,0,32,,34786,4,,0
25301,'20260130',713,,34789,4,,0,32,,34790,4,,0,69,,34787,4,,0,32,,34788,4,,0
25301,'20260202',713,,34793,4,,0,32,,34794,4,,0,69,,34791,4,,0,32,,34792,4,,0
25301,'20260203',713,,34797,4,,0,32,,34798,4,,0,69,,34795,4,,0,32,,34796,4,,0
25301,'20260204',713,,34801,4,,0,32,,34802,4,,0,69,,34799,4,,0,32,,34800,4,,0
25301,'20260205',713,,34805,4,,0,32,,34806,4,,0,69,,34803,4,,0,32,,34804,4,,0
25301,'20260206',713,,34809,4,,0,32,,34810,4,,0,69,,34807,4,,0,32,,34808,4,,0
25401,'20260122',648,,34883,4,,0,63,,34884,4,,0,33,,34885,4,,0,15,,34886,4,,0,55,,34887,4,,0,33,,34888,4,,0
25401,'20260123',648,,34889,4,,0,63,,34890,4,,0,33,,34891,4,,0,15,,34892,4,,0,55,,34893,4,,0,33,,34894,4,,0
25401,'20260126',648,,34895,4,,0,63,,34896,4,,0,33,,34897,4,,0,15,,34898,4,,0,55,,34899,4,,0,33,,34900,4,,0
25401,'20260127',648,,34901,4,,0,63,,34902,4,,0,33,,34903,4,,0,15,,34904,4,,0,55,,34905,4,,0,33,,34906,4,,0
25401,'20260128',648,,34907,4,,0,63,,34908,4,,0,33,,34909,4,,0,15,,34910,4,,0,55,,34911,4,,0,33,,34912,4,,0
25401,'20260129',648,,34913,4,,0,63,,34914,4,,0,33,,34915,4,,0,15,,34916,4,,0,55,,34917,4,,0,33,,34918,4,,0
25401,'20260130',648,,34920,4,,0,63,,34919,4,,0,33,,34921,4,,0,15,,34922,4,,0,55,,34923,4,,0,33,,34924,4,,0
25401,'20260202',648,,34926,4,,0,63,,34925,4,,0,33,,34927,4,,0,15,,34928,4,,0,55,,34929,4,,0,33,,34930,4,,0
25401,'20260203',648,,34932,4,,0,63,,34931,4,,0,33,,34933,4,,0,15,,34934,4,,0,55,,34935,4,,0,33,,34936,4,,0
25401,'20260204',648,,34938,4,,0,63,,34937,4,,0,33,,34939,4,,0,15,,34940,4,,0,55,,34941,4,,0,33,,34942,4,,0
25401,'20260205',648,,34944,4,,0,63,,34943,4,,0,33,,34945,4,,0,15,,34946,4,,0,55,,34947,4,,0,33,,34948,4,,0
25401,'20260206',648,,34950,4,,0,63,,34949,4,,0,33,,34951,4,,0,15,,34952,4,,0,55,,34953,4,,0,33,,34954,4,,0
25501,'20260122',714,,35003,4,,0,13,,35004,4,,0,31,,35005,4,,0,54,,35006,4,,0
25501,'20260123',714,,35007,4,,0,13,,35008,4,,0,31,,35009,4,,0,54,,35010,4,,0
25501,'20260126',714,,35011,4,,0,13,,35012,4,,0,31,,35013,4,,0,54,,35014,4,,0
25501,'20260127',714,,35015,4,,0,13,,35016,4,,0,31,,35017,4,,0,54,,35018,4,,0
25501,'20260128',714,,35019,4,,0,13,,35020,4,,0,31,,35021,4,,0,54,,35022,4,,0
25501,'20260129',714,,35023,4,,0,13,,35024,4,,0,31,,35025,4,,0,54,,35026,4,,0
25501,'20260130',714,,35027,4,,0,13,,35030,4,,0,31,,35029,4,,0,54,,35028,4,,0
25501,'20260202',714,,35031,4,,0,13,,35034,4,,0,31,,35033,4,,0,54,,35032,4,,0
25501,'20260203',714,,35035,4,,0,13,,35038,4,,0,31,,35037,4,,0,54,,35036,4,,0
25501,'20260204',714,,35039,4,,0,13,,35042,4,,0,31,,35041,4,,0,54,,35040,4,,0
25501,'20260205',714,,35043,4,,0,13,,35046,4,,0,31,,35045,4,,0,54,,35044,4,,0
25501,'20260206',714,,35047,4,,0,13,,35050,4,,0,31,,35049,4,,0,54,,35048,4,,0
25701,'20260122',716,,35099,4,,0,18,,35100,4,,0,81,,35101,4,,0
25701,'20260123',716,,35102,4,,0,18,,35103,4,,0,81,,35104,4,,0
25701,'20260126',716,,35105,4,,0,18,,35106,4,,0,81,,35107,4,,0
25701,'20260127',716,,35108,4,,0,18,,35109,4,,0,81,,35110,4,,0
25701,'20260128',716,,35111,4,,0,18,,35112,4,,0,81,,35113,4,,0
25701,'20260129',716,,35114,4,,0,18,,35115,4,,0,81,,35116,4,,0
25701,'20260130',716,,35117,4,,0,18,,35118,4,,0,81,,35119,4,,0
25701,'20260202',716,,35120,4,,0,18,,35121,4,,0,81,,35122,4,,0
25701,'20260203',716,,35123,4,,0,18,,35124,4,,0,81,,35125,4,,0
25701,'20260204',716,,35126,4,,0,18,,35127,4,,0,81,,35128,4,,0
25701,'20260205',716,,35129,4,,0,18,,35130,4,,0,81,,35131,4,,0
25701,'20260206',716,,35132,4,,0,18,,35133,4,,0,81,,35134,4,,0
25801,'20260122',717,,35183,4,,0,30,,35184,4,,0,70,,35185,4,,0,30,,35186,4,,0
25801,'20260123',717,,35187,4,,0,30,,35188,4,,0,70,,35189,4,,0,30,,35190,4,,0
25801,'20260126',717,,35191,4,,0,30,,35192,4,,0,70,,35193,4,,0,30,,35194,4,,0
25801,'20260127',717,,35195,4,,0,30,,35196,4,,0,70,,35197,4,,0,30,,35198,4,,0
25801,'20260128',717,,35199,4,,0,30,,35200,4,,0,70,,35201,4,,0,30,,35202,4,,0
25801,'20260129',717,,35203,4,,0,30,,35204,4,,0,70,,35205,4,,0,30,,35206,4,,0
25801,'20260130',717,,35207,4,,0,30,,35208,4,,0,70,,35209,4,,0,30,,35210,4,,0
25801,'20260202',717,,35211,4,,0,30,,35212,4,,0,70,,35213,4,,0,30,,35214,4,,0
25801,'20260203',717,,35215,4,,0,30,,35216,4,,0,70,,35217,4,,0,30,,35218,4,,0
25801,'20260204',717,,35219,4,,0,30,,35220,4,,0,70,,35221,4,,0,30,,35222,4,,0
25801,'20260205',717,,35223,4,,0,30,,35224,4,,0,70,,35225,4,,0,30,,35226,4,,0
25801,'20260206',717,,35227,4,,0,30,,35228,4,,0,70,,35229,4,,0,30,,35230,4,,0
27001,'20260122',642,,35326,4,,0,13,,35327,4,,0,52,,35328,4,,0,18,,35329,4,,0,10,,35330,4,,0,24,,35331,4,,0,51,,35332,4,,0,17,,35333,4,,0,13,,35334,4,,0
27001,'20260123',642,,35335,4,,0,13,,35336,4,,0,52,,35337,4,,0,18,,35338,4,,0,10,,35339,4,,0,24,,35340,4,,0,51,,35341,4,,0,17,,35342,4,,0,13,,35343,4,,0
27001,'20260126',642,,35344,4,,0,13,,35345,4,,0,52,,35346,4,,0,18,,35347,4,,0,10,,35348,4,,0,24,,35349,4,,0,51,,35350,4,,0,17,,35351,4,,0,13,,35352,4,,0
27001,'20260127',642,,35353,4,,0,13,,35354,4,,0,52,,35355,4,,0,18,,35356,4,,0,10,,35357,4,,0,24,,35358,4,,0,51,,35359,4,,0,17,,35360,4,,0,13,,35361,4,,0
27001,'20260128',642,,35362,4,,0,13,,35363,4,,0,52,,35364,4,,0,18,,35365,4,,0,10,,35366,4,,0,22,,35371,4,,0,2,,35367,4,,0,51,,35368,4,,0,17,,35369,4,,0,13,,35370,4,,0
27001,'20260129',642,,35372,4,,0,13,,35373,4,,0,52,,35374,4,,0,18,,35375,4,,0,10,,35376,4,,0,22,,35381,4,,0,2,,35377,4,,0,51,,35378,4,,0,17,,35379,4,,0,13,,35380,4,,0
27001,'20260130',642,,35382,4,,0,13,,35383,4,,0,52,,35384,4,,0,18,,35385,4,,0,10,,35386,4,,0,24,,35387,4,,0,51,,35388,4,,0,17,,35389,4,,0,13,,35390,4,,0
27001,'20260202',642,,35391,4,,0,13,,35392,4,,0,52,,35393,4,,0,18,,35394,4,,0,10,,35395,4,,0,24,,35396,4,,0,51,,35397,4,,0,17,,35398,4,,0,13,,35399,4,,0
27001,'20260203',642,,35400,4,,0,13,,35401,4,,0,52,,35402,4,,0,18,,35403,4,,0,10,,35404,4,,0,24,,35405,4,,0,51,,35406,4,,0,17,,35407,4,,0,13,,35408,4,,0
27001,'20260204',642,,35409,4,,0,13,,35410,4,,0,52,,35411,4,,0,18,,35412,4,,0,10,,35413,4,,0,24,,35414,4,,0,51,,35415,4,,0,17,,35416,4,,0,13,,35417,4,,0
27001,'20260205',642,,35418,4,,0,13,,35419,4,,0,52,,35420,4,,0,18,,35421,4,,0,10,,35422,4,,0,24,,35423,4,,0,51,,35424,4,,0,17,,35425,4,,0,13,,35426,4,,0
27001,'20260206',642,,35427,4,,0,13,,35428,4,,0,52,,35429,4,,0,18,,35430,4,,0,10,,35431,4,,0,24,,35432,4,,0,51,,35433,4,,0,17,,35434,4,,0,13,,35435,4,,0
27201,'20260122',705,,35496,4,,0,31,,35497,4,,0,22,,35498,4,,0,55,,35499,4,,0,26,,35500,4,,0
27201,'20260123',705,,35501,4,,0,31,,35502,4,,0,22,,35503,4,,0,55,,35504,4,,0,26,,35505,4,,0
27201,'20260126',705,,35506,4,,0,31,,35507,4,,0,22,,35508,4,,0,55,,35509,4,,0,26,,35510,4,,0
27201,'20260127',705,,35511,4,,0,31,,35512,4,,0,22,,35513,4,,0,55,,35514,4,,0,26,,35515,4,,0
27201,'20260128',705,,35516,4,,0,31,,35517,4,,0,22,,35518,4,,0,55,,35519,4,,0,26,,35520,4,,0
27201,'20260129',705,,35521,4,,0,31,,35522,4,,0,22,,35523,4,,0,55,,35524,4,,0,26,,35525,4,,0
27201,'20260130',705,,35530,4,,0,31,,35527,4,,0,22,,35526,4,,0,55,,35529,4,,0,26,,35528,4,,0
27201,'20260202',705,,35535,4,,0,31,,35532,4,,0,22,,35531,4,,0,55,,35534,4,,0,26,,35533,4,,0
27201,'20260203',705,,35540,4,,0,31,,35537,4,,0,22,,35536,4,,0,55,,35539,4,,0,26,,35538,4,,0
27201,'20260204',705,,35545,4,,0,31,,35542,4,,0,22,,35541,4,,0,55,,35544,4,,0,26,,35543,4,,0
27201,'20260205',705,,35550,4,,0,31,,35547,4,,0,22,,35546,4,,0,55,,35549,4,,0,26,,35548,4,,0
27201,'20260206',705,,35555,4,,0,31,,35552,4,,0,22,,35551,4,,0,55,,35554,4,,0,26,,35553,4,,0
27301,'20260122',702,,35604,4,,0,32,,35605,4,,0,81,,35606,4,,0,29,,35607,4,,0
27301,'20260123',702,,35608,4,,0,32,,35609,4,,0,81,,35610,4,,0,29,,35611,4,,0
27301,'20260126',702,,35612,4,,0,32,,35613,4,,0,81,,35614,4,,0,29,,35615,4,,0
27301,'20260127',702,,35616,4,,0,32,,35617,4,,0,81,,35618,4,,0,29,,35619,4,,0
27301,'20260128',702,,35620,4,,0,32,,35621,4,,0,81,,35622,4,,0,29,,35623,4,,0
27301,'20260129',702,,35624,4,,0,32,,35625,4,,0,81,,35626,4,,0,29,,35627,4,,0
27301,'20260130',702,,35628,4,,0,32,,35629,4,,0,81,,35630,4,,0,29,,35631,4,,0
27301,'20260202',702,,35632,4,,0,32,,35633,4,,0,81,,35634,4,,0,29,,35635,4,,0
27301,'20260203',702,,35636,4,,0,32,,35637,4,,0,81,,35638,4,,0,29,,35639,4,,0
27301,'20260204',702,,35640,4,,0,32,,35641,4,,0,81,,35642,4,,0,29,,35643,4,,0
27301,'20260205',702,,35644,4,,0,32,,35645,4,,0,81,,35646,4,,0,29,,35647,4,,0
27301,'20260206',702,,35648,4,,0,32,,35649,4,,0,81,,35650,4,,0,29,,35651,4,,0
27401,'20260122',709,,35712,4,,0,27,,35713,4,,0,67,,35714,4,,0,9,,35715,4,,0,32,,35716,4,,0
27401,'20260123',709,,35717,4,,0,27,,35718,4,,0,67,,35719,4,,0,9,,35720,4,,0,32,,35721,4,,0
27401,'20260126',709,,35722,4,,0,27,,35723,4,,0,67,,35724,4,,0,9,,35725,4,,0,32,,35726,4,,0
27401,'20260127',709,,35727,4,,0,27,,35728,4,,0,67,,35729,4,,0,9,,35730,4,,0,32,,35731,4,,0
27401,'20260128',709,,35732,4,,0,27,,35733,4,,0,67,,35734,4,,0,9,,35735,4,,0,32,,35736,4,,0
27401,'20260129',709,,35737,4,,0,27,,35738,4,,0,67,,35739,4,,0,9,,35740,4,,0,32,,35741,4,,0
27401,'20260130',709,,35742,4,,0,27,,35743,4,,0,67,,35744,4,,0,9,,35746,4,,0,32,,35745,4,,0
27401,'20260202',709,,35747,4,,0,27,,35748,4,,0,67,,35749,4,,0,9,,35751,4,,0,32,,35750,4,,0
27401,'20260203',709,,35752,4,,0,27,,35753,4,,0,67,,35754,4,,0,9,,35756,4,,0,32,,35755,4,,0
27401,'20260204',709,,35757,4,,0,27,,35758,4,,0,67,,35759,4,,0,9,,35761,4,,0,32,,35760,4,,0
27401,'20260205',709,,35762,4,,0,27,,35763,4,,0,67,,35764,4,,0,9,,35766,4,,0,32,,35765,4,,0
27401,'20260206',709,,35767,4,,0,27,,35768,4,,0,67,,35769,4,,0,9,,35771,4,,0,32,,35770,4,,0
27901,'20260122',700,,35820,4,,0,47,,35821,4,,0,76,,35822,4,,0,22,,35823,4,,0
27901,'20260123',700,,35824,4,,0,47,,35825,4,,0,76,,35826,4,,0,22,,35827,4,,0
27901,'20260126',700,,35828,4,,0,47,,35829,4,,0,76,,35830,4,,0,22,,35831,4,,0
27901,'20260127',700,,35832,4,,0,47,,35833,4,,0,76,,35834,4,,0,22,,35835,4,,0
27901,'20260128',700,,35836,4,,0,47,,35837,4,,0,76,,35838,4,,0,22,,35839,4,,0
27901,'20260129',700,,35840,4,,0,47,,35841,4,,0,76,,35842,4,,0,22,,35843,4,,0
27901,'20260130',700,,35847,4,,0,47,,35845,4,,0,76,,35846,4,,0,22,,35844,4,,0
27901,'20260202',700,,35851,4,,0,47,,35849,4,,0,76,,35850,4,,0,22,,35848,4,,0
27901,'20260203',700,,35855,4,,0,47,,35853,4,,0,76,,35854,4,,0,22,,35852,4,,0
27901,'20260204',700,,35859,4,,0,47,,35857,4,,0,76,,35858,4,,0,22,,35856,4,,0
27901,'20260205',700,,35863,4,,0,47,,35861,4,,0,76,,35862,4,,0,22,,35860,4,,0
27901,'20260206',700,,35867,4,,0,47,,35865,4,,0,76,,35866,4,,0,22,,35864,4,,0
28001,'20260122',704,,35940,4,,0,35,,35941,4,,0,64,,35942,4,,0,15,,35943,4,,0,14,,35944,4,,0,10,,35945,4,,0
28001,'20260123',704,,35946,4,,0,35,,35947,4,,0,64,,35948,4,,0,15,,35949,4,,0,14,,35950,4,,0,10,,35951,4,,0
28001,'20260126',704,,35952,4,,0,35,,35953,4,,0,64,,35954,4,,0,15,,35955,4,,0,14,,35956,4,,0,10,,35957,4,,0
28001,'20260127',704,,35958,4,,0,35,,35959,4,,0,64,,35960,4,,0,15,,35961,4,,0,14,,35962,4,,0,10,,35963,4,,0
28001,'20260128',704,,35964,4,,0,35,,35965,4,,0,64,,35966,4,,0,15,,35967,4,,0,14,,35968,4,,0,10,,35969,4,,0
28001,'20260129',704,,35970,4,,0,35,,35971,4,,0,64,,35972,4,,0,15,,35973,4,,0,14,,35974,4,,0,10,,35975,4,,0
28001,'20260130',704,,35976,4,,0,35,,35977,4,,0,64,,35978,4,,0,15,,35981,4,,0,14,,35979,4,,0,10,,35980,4,,0
28001,'20260202',704,,35982,4,,0,35,,35983,4,,0,64,,35984,4,,0,15,,35987,4,,0,14,,35985,4,,0,10,,35986,4,,0
28001,'20260203',704,,35988,4,,0,35,,35989,4,,0,64,,35990,4,,0,15,,35993,4,,0,14,,35991,4,,0,10,,35992,4,,0
28001,'20260204',704,,35994,4,,0,35,,35995,4,,0,64,,35996,4,,0,15,,35999,4,,0,14,,35997,4,,0,10,,35998,4,,0
28001,'20260205',704,,36000,4,,0,35,,36001,4,,0,64,,36002,4,,0,15,,36005,4,,0,14,,36003,4,,0,10,,36004,4,,0
28001,'20260206',704,,36006,4,,0,35,,36007,4,,0,64,,36008,4,,0,15,,36011,4,,0,14,,36009,4,,0,10,,36010,4,,0
28101,'20260122',710,,36072,4,,0,25,,36073,4,,0,76,,36074,4,,0,12,,36075,4,,0,20,,36076,4,,0
28101,'20260123',710,,36077,4,,0,25,,36078,4,,0,76,,36079,4,,0,12,,36080,4,,0,20,,36081,4,,0
28101,'20260126',710,,36082,4,,0,25,,36083,4,,0,76,,36084,4,,0,12,,36085,4,,0,20,,36086,4,,0
28101,'20260127',710,,36087,4,,0,25,,36088,4,,0,76,,36089,4,,0,12,,36090,4,,0,20,,36091,4,,0
28101,'20260128',710,,36092,4,,0,25,,36093,4,,0,76,,36094,4,,0,12,,36095,4,,0,20,,36096,4,,0
28101,'20260129',710,,36097,4,,0,25,,36098,4,,0,76,,36099,4,,0,12,,36100,4,,0,20,,36101,4,,0
28101,'20260130',710,,36106,4,,0,25,,36105,4,,0,76,,36102,4,,0,12,,36103,4,,0,20,,36104,4,,0
28101,'20260202',710,,36111,4,,0,25,,36110,4,,0,76,,36107,4,,0,12,,36108,4,,0,20,,36109,4,,0
28101,'20260203',710,,36116,4,,0,25,,36115,4,,0,76,,36112,4,,0,12,,36113,4,,0,20,,36114,4,,0
28101,'20260204',710,,36121,4,,0,25,,36120,4,,0,76,,36117,4,,0,12,,36118,4,,0,20,,36119,4,,0
28101,'20260205',710,,36126,4,,0,25,,36125,4,,0,76,,36122,4,,0,12,,36123,4,,0,20,,36124,4,,0
28101,'20260206',710,,36131,4,,0,25,,36130,4,,0,76,,36127,4,,0,12,,36128,4,,0,20,,36129,4,,0
28201,'20260122',641,,36204,4,,0,63,,36205,4,,0,40,,36206,4,,0,64,,36207,4,,0,35,,36208,4,,0
28201,'20260123',641,,36209,4,,0,63,,36210,4,,0,40,,36211,4,,0,64,,36212,4,,0,35,,36213,4,,0
28201,'20260126',641,,36214,4,,0,63,,36215,4,,0,40,,36216,4,,0,64,,36217,4,,0,35,,36218,4,,0
28201,'20260127',641,,36219,4,,0,63,,36220,4,,0,40,,36221,4,,0,64,,36222,4,,0,35,,36223,4,,0
28201,'20260128',641,,36224,4,,0,63,,36225,4,,0,40,,36226,4,,0,64,,36227,4,,0,35,,36228,4,,0
28201,'20260129',641,,36229,4,,0,63,,36230,4,,0,40,,36231,4,,0,64,,36232,4,,0,35,,36233,4,,0
28201,'20260130',641,,36234,4,,0,63,,36237,4,,0,40,,36238,4,,0,64,,36235,4,,0,35,,36236,4,,0
28201,'20260202',641,,36239,4,,0,63,,36242,4,,0,40,,36243,4,,0,64,,36240,4,,0,35,,36241,4,,0
28201,'20260203',641,,36244,4,,0,63,,36247,4,,0,40,,36248,4,,0,64,,36245,4,,0,35,,36246,4,,0
28201,'20260204',641,,36249,4,,0,63,,36252,4,,0,40,,36253,4,,0,64,,36250,4,,0,35,,36251,4,,0
28201,'20260205',641,,36254,4,,0,63,,36257,4,,0,40,,36258,4,,0,64,,36255,4,,0,35,,36256,4,,0
28201,'20260206',641,,36259,4,,0,63,,36262,4,,0,40,,36263,4,,0,64,,36260,4,,0,35,,36261,4,,0
28303,'20260122',1546,,36300,,,0,74,,36301,,,0,99,,36302,,,0,27,,36303,,,0
28303,'20260123',1546,,36304,,,0,74,,36305,,,0,99,,36306,,,0,27,,36307,,,0
28303,'20260126',1546,,36308,,,0,74,,36309,,,0,99,,36310,,,0,27,,36311,,,0
28303,'20260127',1546,,36312,,,0,74,,36313,,,0,99,,36314,,,0,27,,36315,,,0
28303,'20260128',1546,,36316,,,0,74,,36317,,,0,99,,36318,,,0,27,,36319,,,0
28303,'20260129',1546,,36320,,,0,74,,36321,,,0,99,,36322,,,0,27,,36323,,,0
28303,'20260130',1546,,36327,,,0,74,,36324,,,0,99,,36325,,,0,27,,36326,,,0
28303,'20260202',1546,,36331,,,0,74,,36328,,,0,99,,36329,,,0,27,,36330,,,0
28303,'20260203',1546,,36335,,,0,74,,36332,,,0,99,,36333,,,0,27,,36334,,,0
28303,'20260204',1546,,36339,,,0,74,,36336,,,0,99,,36337,,,0,27,,36338,,,0
28303,'20260205',1546,,36343,,,0,74,,36340,,,0,99,,36341,,,0,27,,36342,,,0
28303,'20260206',1546,,36347,,,0,74,,36344,,,0,99,,36345,,,0,27,,36346,,,0
28401,'20260122',715,,36408,4,,0,27,,36409,4,,0,68,,36410,4,,0,18,,36411,4,,0,19,,36412,4,,0
28401,'20260123',715,,36413,4,,0,27,,36414,4,,0,68,,36415,4,,0,18,,36416,4,,0,19,,36417,4,,0
28401,'20260126',715,,36418,4,,0,27,,36419,4,,0,68,,36420,4,,0,18,,36421,4,,0,19,,36422,4,,0
28401,'20260127',715,,36423,4,,0,27,,36424,4,,0,68,,36425,4,,0,18,,36426,4,,0,19,,36427,4,,0
28401,'20260128',715,,36428,4,,0,27,,36429,4,,0,68,,36430,4,,0,18,,36431,4,,0,19,,36432,4,,0
28401,'20260129',715,,36433,4,,0,27,,36434,4,,0,68,,36435,4,,0,18,,36436,4,,0,19,,36437,4,,0
28401,'20260130',715,,36441,4,,0,27,,36438,4,,0,68,,36442,4,,0,18,,36439,4,,0,19,,36440,4,,0
28401,'20260202',715,,36446,4,,0,27,,36443,4,,0,68,,36447,4,,0,18,,36444,4,,0,19,,36445,4,,0
28401,'20260203',715,,36451,4,,0,27,,36448,4,,0,68,,36452,4,,0,18,,36449,4,,0,19,,36450,4,,0
28401,'20260204',715,,36456,4,,0,27,,36453,4,,0,68,,36457,4,,0,18,,36454,4,,0,19,,36455,4,,0
28401,'20260205',715,,36461,4,,0,27,,36458,4,,0,68,,36462,4,,0,18,,36459,4,,0,19,,36460,4,,0
28401,'20260206',715,,36466,4,,0,27,,36463,4,,0,68,,36467,4,,0,18,,36464,4,,0,19,,36465,4,,0
28901,'20260122',711,,36528,4,,0,31,,36529,4,,0,59,,36530,4,,0,14,,36531,4,,0,28,,36532,4,,0
28901,'20260123',711,,36533,4,,0,31,,36534,4,,0,59,,36535,4,,0,14,,36536,4,,0,28,,36537,4,,0
28901,'20260126',711,,36538,4,,0,31,,36539,4,,0,59,,36540,4,,0,14,,36541,4,,0,28,,36542,4,,0
28901,'20260127',711,,36543,4,,0,31,,36544,4,,0,59,,36545,4,,0,14,,36546,4,,0,28,,36547,4,,0
28901,'20260128',711,,36548,4,,0,31,,36549,4,,0,59,,36550,4,,0,14,,36551,4,,0,28,,36552,4,,0
28901,'20260129',711,,36553,4,,0,31,,36554,4,,0,59,,36555,4,,0,14,,36556,4,,0,28,,36557,4,,0
28901,'20260130',711,,36559,4,,0,31,,36558,4,,0,59,,36560,4,,0,14,,36562,4,,0,28,,36561,4,,0
28901,'20260202',711,,36564,4,,0,31,,36563,4,,0,59,,36565,4,,0,14,,36567,4,,0,28,,36566,4,,0
28901,'20260203',711,,36569,4,,0,31,,36568,4,,0,59,,36570,4,,0,14,,36572,4,,0,28,,36571,4,,0
28901,'20260204',711,,36574,4,,0,31,,36573,4,,0,59,,36575,4,,0,14,,36577,4,,0,28,,36576,4,,0
28901,'20260205',711,,36579,4,,0,31,,36578,4,,0,59,,36580,4,,0,14,,36582,4,,0,28,,36581,4,,0
28901,'20260206',711,,36584,4,,0,31,,36583,4,,0,59,,36585,4,,0,14,,36587,4,,0,28,,36586,4,,0
29103,'20260122',1516,,36744,,,0,30,,36745,,,0,70,,36746,,,0,40,,36747,,,0
29103,'20260123',1516,,36748,,,0,30,,36749,,,0,70,,36750,,,0,40,,36751,,,0
29103,'20260126',1516,,36752,,,0,30,,36753,,,0,70,,36754,,,0,40,,36755,,,0
29103,'20260127',1516,,36756,,,0,30,,36757,,,0,70,,36758,,,0,40,,36759,,,0
29103,'20260128',1516,,36760,,,0,30,,36761,,,0,70,,36762,,,0,40,,36763,,,0
29103,'20260129',1516,,36764,,,0,30,,36765,,,0,70,,36766,,,0,40,,36767,,,0
29103,'20260130',1516,,36771,,,0,30,,36768,,,0,70,,36770,,,0,40,,36769,,,0
29103,'20260202',1516,,36775,,,0,30,,36772,,,0,70,,36774,,,0,40,,36773,,,0
29103,'20260203',1516,,36779,,,0,30,,36776,,,0,70,,36778,,,0,40,,36777,,,0
29103,'20260204',1516,,36783,,,0,30,,36780,,,0,70,,36782,,,0,40,,36781,,,0
29103,'20260205',1516,,36787,,,0,30,,36784,,,0,70,,36786,,,0,40,,36785,,,0
29103,'20260206',1516,,36791,,,0,30,,36788,,,0,70,,36790,,,0,40,,36789,,,0
29203,'20260122',1546,,36828,,,0,70,,36829,,,0,34,,36830,,,0
29203,'20260123',1546,,36831,,,0,70,,36832,,,0,34,,36833,,,0
29203,'20260126',1546,,36834,,,0,70,,36835,,,0,34,,36836,,,0
29203,'20260127',1546,,36837,,,0,70,,36838,,,0,34,,36839,,,0
29203,'20260128',1546,,36840,,,0,70,,36841,,,0,34,,36842,,,0
29203,'20260129',1546,,36843,,,0,70,,36844,,,0,34,,36845,,,0
29203,'20260130',1546,,36847,,,0,70,,36848,,,0,34,,36846,,,0
29203,'20260202',1546,,36850,,,0,70,,36851,,,0,34,,36849,,,0
29203,'20260203',1546,,36853,,,0,70,,36854,,,0,34,,36852,,,0
29203,'20260204',1546,,36856,,,0,70,,36857,,,0,34,,36855,,,0
29203,'20260205',1546,,36859,,,0,70,,36860,,,0,34,,36858,,,0
29203,'20260206',1546,,36862,,,0,70,,36863,,,0,34,,36861,,,0
29403,'20260122',1541,,36900,,,0,100,,36901,,,0,70,,36902,,,0
29403,'20260123',1541,,36903,,,0,100,,36904,,,0,70,,36905,,,0
29403,'20260126',1541,,36906,,,0,100,,36907,,,0,70,,36908,,,0
29403,'20260127',1541,,36909,,,0,100,,36910,,,0,70,,36911,,,0
29403,'20260128',1541,,36912,,,0,100,,36913,,,0,70,,36914,,,0
29403,'20260129',1541,,36915,,,0,100,,36916,,,0,70,,36917,,,0
29403,'20260130',1541,,36918,,,0,100,,36919,,,0,70,,36920,,,0
29403,'20260202',1541,,36921,,,0,100,,36922,,,0,70,,36923,,,0
29403,'20260203',1541,,36924,,,0,100,,36925,,,0,70,,36926,,,0
29403,'20260204',1541,,36927,,,0,100,,36928,,,0,70,,36929,,,0
29403,'20260205',1541,,36930,,,0,100,,36931,,,0,70,,36932,,,0
29403,'20260206',1541,,36933,,,0,100,,36934,,,0,70,,36935,,,0
80003,'20260122',543,,41753,,,1,15,,41754,,,1,55,,41755,,,1,16,,41756,,,1,15,,41757,,,1,15,,41758,,,1,52,,41759,,,1,10,,41760,,,1,8,,41761,,,1,8,,41762,,,1,8,,41763,,,1,8,,41764,,,1,48,,41765,,,1,8,,41766,,,1,8,,41767,,,1,8,,41768,,,1,8,,41769,,,1,8,,41770,,,1,9,,41771,,,1,9,,41772,,,1,50,,41773,,,1,10,,41774,,,1,10,,41775,,,1,10,,41776,,,1,10,,41777,,,1,10,,41778,,,1,50,,41779,,,1,10,,41780,,,1,10,,41781,,,1,10,,41782,,,1,10,,41783,,,1,10,,41784,,,1,50,,41785,,,1,10,,41786,,,1,10,,41787,,,1,10,,41788,,,1,10,,41789,,,1,10,,41790,,,1,50,,41791,,,1,10,,41792,,,1,10,,41793,,,1,10,,41794,,,1,10,,41795,,,1,10,,41796,,,1,50,,41797,,,1,10,,41798,,,1,10,,41799,,,1,10,,41800,,,1,10,,41801,,,1,10,,41802,,,1,50,,41803,,,1,10,,41804,,,1,10,,41805,,,1,10,,41806,,,1,10,,41807,,,1,10,,41808,,,1,50,,41809,,,1,10,,41810,,,1,10,,41811,,,1,10,,41812,,,1,9,,41813,,,1,10,,41814,,,1,51,,41815,,,1,10,,41816,,,1,10,,41817,,,1,10,,41818,,,1,10,,41819,,,1,10,,41820,,,1,50,,41821,,,1,10,,41822,,,1,10,,41823,,,1,10,,41824,,,1,14,,41825,,,1,54,,41826,,,1,15,,41827,,,1,15,,41828,,,1,15,,41829,,,1,56,,41830,,,1,15,,41831,,,1,14,,41832,,,1,15,,41833,,,1,55,,41834,,,1,15,,41835,,,1,15,,41836,,,1,15,,41837,,,1,55,,41838,,,1,15,,41839,,,1,15,,41840,,,1,15,,41841,,,1,55,,41842,,,1,15,,41843,,,1,15,,41844,,,1,15,,41845,,,1,54,,41846,,,1,15,,41847,,,1,15,,41848,,,1,15,,41849,,,1,55,,41850,,,1,15,,41851,,,1,15,,41852,,,1,15,,41853,,,1,54,,41854,,,1
80003,'20260123',543,,41855,,,1,15,,41856,,,1,55,,41857,,,1,16,,41858,,,1,15,,41859,,,1,15,,41860,,,1,52,,41861,,,1,10,,41862,,,1,8,,41863,,,1,8,,41864,,,1,8,,41865,,,1,8,,41866,,,1,48,,41867,,,1,8,,41868,,,1,8,,41869,,,1,8,,41870,,,1,8,,41871,,,1,8,,41872,,,1,9,,41873,,,1,9,,41874,,,1,50,,41875,,,1,10,,41876,,,1,10,,41877,,,1,10,,41878,,,1,10,,41879,,,1,10,,41880,,,1,50,,41881,,,1,10,,41882,,,1,10,,41883,,,1,10,,41884,,,1,10,,41885,,,1,10,,41886,,,1,50,,41887,,,1,10,,41888,,,1,10,,41889,,,1,10,,41890,,,1,10,,41891,,,1,10,,41892,,,1,50,,41893,,,1,10,,41894,,,1,10,,41895,,,1,10,,41896,,,1,10,,41897,,,1,10,,41898,,,1,50,,41899,,,1,10,,41900,,,1,10,,41901,,,1,10,,41902,,,1,10,,41903,,,1,10,,41904,,,1,50,,41905,,,1,10,,41906,,,1,10,,41907,,,1,10,,41908,,,1,10,,41909,,,1,10,,41910,,,1,50,,41911,,,1,10,,41912,,,1,10,,41913,,,1,10,,41914,,,1,9,,41915,,,1,10,,41916,,,1,51,,41917,,,1,10,,41918,,,1,10,,41919,,,1,10,,41920,,,1,10,,41921,,,1,10,,41922,,,1,50,,41923,,,1,10,,41924,,,1,10,,41925,,,1,10,,41926,,,1,14,,41927,,,1,54,,41928,,,1,15,,41929,,,1,15,,41930,,,1,15,,41931,,,1,56,,41932,,,1,15,,41933,,,1,14,,41934,,,1,15,,41935,,,1,55,,41936,,,1,15,,41937,,,1,15,,41938,,,1,15,,41939,,,1,55,,41940,,,1,15,,41941,,,1,15,,41942,,,1,15,,41943,,,1,55,,41944,,,1,15,,41945,,,1,15,,41946,,,1,15,,41947,,,1,54,,41948,,,1,15,,41949,,,1,15,,41950,,,1,15,,41951,,,1,55,,41952,,,1,15,,41953,,,1,15,,41954,,,1,15,,41955,,,1,54,,41956,,,1
80003,'20260124',558,,41957,,,1,55,,41958,,,1,15,,41959,,,1,15,,41960,,,1,15,,41961,,,1,55,,41962,,,1,16,,41963,,,1,15,,41964,,,1,15,,41965,,,1,55,,41966,,,1,15,,41967,,,1,15,,41968,,,1,15,,41969,,,1,55,,41970,,,1,15,,41971,,,1,15,,41972,,,1,15,,41973,,,1,55,,41974,,,1,15,,41975,,,1,15,,41976,,,1,15,,41977,,,1,55,,41978,,,1,15,,41979,,,1,15,,41980,,,1,15,,41981,,,1,55,,41982,,,1,15,,41983,,,1,15,,41984,,,1,15,,41985,,,1,55,,41986,,,1,15,,41987,,,1,15,,41988,,,1,15,,41989,,,1,55,,41990,,,1,15,,41991,,,1,15,,41992,,,1,15,,41993,,,1,55,,41994,,,1,15,,41995,,,1,15,,41996,,,1,15,,41997,,,1,55,,41998,,,1,15,,41999,,,1,16,,42000,,,1,14,,42001,,,1,55,,42002,,,1,15,,42003,,,1,15,,42004,,,1,15,,42005,,,1,55,,42006,,,1,14,,42007,,,1,15,,42008,,,1,15,,42009,,,1,55,,42010,,,1,15,,42011,,,1,15,,42012,,,1,15,,42013,,,1,55,,42014,,,1,15,,42015,,,1,15,,42016,,,1,15,,42017,,,1,55,,42018,,,1,15,,42019,,,1,15,,42020,,,1,15,,42021,,,1,55,,42022,,,1,15,,42023,,,1,15,,42024,,,1,15,,42025,,,1,55,,42026,,,1,15,,42027,,,1,15,,42028,,,1,15,,42029,,,1,54,,42030,,,1,15,,42031,,,1,15,,42032,,,1,15,,42033,,,1
80003,'20260125',558,,42034,,,1,55,,42035,,,1,15,,42036,,,1,15,,42037,,,1,15,,42038,,,1,55,,42039,,,1,16,,42040,,,1,15,,42041,,,1,15,,42042,,,1,55,,42043,,,1,15,,42044,,,1,15,,42045,,,1,15,,42046,,,1,55,,42047,,,1,15,,42048,,,1,15,,42049,,,1,15,,42050,,,1,55,,42051,,,1,15,,42052,,,1,15,,42053,,,1,15,,42054,,,1,55,,42055,,,1,15,,42056,,,1,15,,42057,,,1,15,,42058,,,1,55,,42059,,,1,15,,42060,,,1,15,,42061,,,1,15,,42062,,,1,55,,42063,,,1,15,,42064,,,1,15,,42065,,,1,15,,42066,,,1,55,,42067,,,1,15,,42068,,,1,15,,42069,,,1,15,,42070,,,1,55,,42071,,,1,15,,42072,,,1,15,,42073,,,1,15,,42074,,,1,55,,42075,,,1,15,,42076,,,1,16,,42077,,,1,14,,42078,,,1,55,,42079,,,1,15,,42080,,,1,15,,42081,,,1,15,,42082,,,1,55,,42083,,,1,14,,42084,,,1,15,,42085,,,1,15,,42086,,,1,55,,42087,,,1,15,,42088,,,1,15,,42089,,,1,15,,42090,,,1,55,,42091,,,1,15,,42092,,,1,15,,42093,,,1,15,,42094,,,1,55,,42095,,,1,15,,42096,,,1,15,,42097,,,1,15,,42098,,,1,55,,42099,,,1,15,,42100,,,1,15,,42101,,,1,15,,42102,,,1,55,,42103,,,1,15,,42104,,,1,15,,42105,,,1,15,,42106,,,1,54,,42107,,,1,15,,42108,,,1,15,,42109,,,1,15,,42110,,,1
80003,'20260126',543,,42111,,,1,15,,42112,,,1,55,,42113,,,1,16,,42114,,,1,15,,42115,,,1,15,,42116,,,1,52,,42117,,,1,10,,42118,,,1,8,,42119,,,1,8,,42120,,,1,8,,42121,,,1,8,,42122,,,1,48,,42123,,,1,8,,42124,,,1,8,,42125,,,1,8,,42126,,,1,8,,42127,,,1,8,,42128,,,1,9,,42129,,,1,9,,42130,,,1,50,,42131,,,1,10,,42132,,,1,10,,42133,,,1,10,,42134,,,1,10,,42135,,,1,10,,42136,,,1,50,,42137,,,1,10,,42138,,,1,10,,42139,,,1,10,,42140,,,1,10,,42141,,,1,10,,42142,,,1,50,,42143,,,1,10,,42144,,,1,10,,42145,,,1,10,,42146,,,1,10,,42147,,,1,10,,42148,,,1,50,,42149,,,1,10,,42150,,,1,10,,42151,,,1,10,,42152,,,1,10,,42153,,,1,10,,42154,,,1,50,,42155,,,1,10,,42156,,,1,10,,42157,,,1,10,,42158,,,1,10,,42159,,,1,10,,42160,,,1,50,,42161,,,1,10,,42162,,,1,10,,42163,,,1,10,,42164,,,1,10,,42165,,,1,10,,42166,,,1,50,,42167,,,1,10,,42168,,,1,10,,42169,,,1,10,,42170,,,1,9,,42171,,,1,10,,42172,,,1,51,,42173,,,1,10,,42174,,,1,10,,42175,,,1,10,,42176,,,1,10,,42177,,,1,10,,42178,,,1,50,,42179,,,1,10,,42180,,,1,10,,42181,,,1,10,,42182,,,1,14,,42183,,,1,54,,42184,,,1,15,,42185,,,1,15,,42186,,,1,15,,42187,,,1,56,,42188,,,1,15,,42189,,,1,14,,42190,,,1,15,,42191,,,1,55,,42192,,,1,15,,42193,,,1,15,,42194,,,1,15,,42195,,,1,55,,42196,,,1,15,,42197,,,1,15,,42198,,,1,15,,42199,,,1,55,,42200,,,1,15,,42201,,,1,15,,42202,,,1,15,,42203,,,1,54,,42204,,,1,15,,42205,,,1,15,,42206,,,1,15,,42207,,,1,55,,42208,,,1,15,,42209,,,1,15,,42210,,,1,15,,42211,,,1,54,,42212,,,1
80003,'20260127',543,,42213,,,1,15,,42214,,,1,55,,42215,,,1,16,,42216,,,1,15,,42217,,,1,15,,42218,,,1,52,,42219,,,1,10,,42220,,,1,8,,42221,,,1,8,,42222,,,1,8,,42223,,,1,8,,42224,,,1,48,,42225,,,1,8,,42226,,,1,8,,42227,,,1,8,,42228,,,1,8,,42229,,,1,8,,42230,,,1,9,,42231,,,1,9,,42232,,,1,50,,42233,,,1,10,,42234,,,1,10,,42235,,,1,10,,42236,,,1,10,,42237,,,1,10,,42238,,,1,50,,42239,,,1,10,,42240,,,1,10,,42241,,,1,10,,42242,,,1,10,,42243,,,1,10,,42244,,,1,50,,42245,,,1,10,,42246,,,1,10,,42247,,,1,10,,42248,,,1,10,,42249,,,1,10,,42250,,,1,50,,42251,,,1,10,,42252,,,1,10,,42253,,,1,10,,42254,,,1,10,,42255,,,1,10,,42256,,,1,50,,42257,,,1,10,,42258,,,1,10,,42259,,,1,10,,42260,,,1,10,,42261,,,1,10,,42262,,,1,50,,42263,,,1,10,,42264,,,1,10,,42265,,,1,10,,42266,,,1,10,,42267,,,1,10,,42268,,,1,50,,42269,,,1,10,,42270,,,1,10,,42271,,,1,10,,42272,,,1,9,,42273,,,1,10,,42274,,,1,51,,42275,,,1,10,,42276,,,1,10,,42277,,,1,10,,42278,,,1,10,,42279,,,1,10,,42280,,,1,50,,42281,,,1,10,,42282,,,1,10,,42283,,,1,10,,42284,,,1,14,,42285,,,1,54,,42286,,,1,15,,42287,,,1,15,,42288,,,1,15,,42289,,,1,56,,42290,,,1,15,,42291,,,1,14,,42292,,,1,15,,42293,,,1,55,,42294,,,1,15,,42295,,,1,15,,42296,,,1,15,,42297,,,1,55,,42298,,,1,15,,42299,,,1,15,,42300,,,1,15,,42301,,,1,55,,42302,,,1,15,,42303,,,1,15,,42304,,,1,15,,42305,,,1,54,,42306,,,1,15,,42307,,,1,15,,42308,,,1,15,,42309,,,1,55,,42310,,,1,15,,42311,,,1,15,,42312,,,1,15,,42313,,,1,54,,42314,,,1
80003,'20260128',543,,42315,,,1,15,,42316,,,1,55,,42317,,,1,16,,42318,,,1,15,,42319,,,1,15,,42320,,,1,52,,42321,,,1,10,,42322,,,1,8,,42323,,,1,8,,42324,,,1,8,,42325,,,1,8,,42326,,,1,48,,42327,,,1,8,,42328,,,1,8,,42329,,,1,8,,42330,,,1,8,,42331,,,1,8,,42332,,,1,9,,42333,,,1,9,,42334,,,1,50,,42335,,,1,10,,42336,,,1,10,,42337,,,1,10,,42338,,,1,10,,42339,,,1,10,,42340,,,1,50,,42341,,,1,10,,42342,,,1,10,,42343,,,1,10,,42344,,,1,10,,42345,,,1,10,,42346,,,1,50,,42347,,,1,10,,42348,,,1,10,,42349,,,1,10,,42350,,,1,10,,42351,,,1,10,,42352,,,1,50,,42353,,,1,10,,42354,,,1,10,,42355,,,1,10,,42356,,,1,10,,42357,,,1,10,,42358,,,1,50,,42359,,,1,10,,42360,,,1,10,,42361,,,1,10,,42362,,,1,10,,42363,,,1,10,,42364,,,1,50,,42365,,,1,10,,42366,,,1,10,,42367,,,1,10,,42368,,,1,10,,42369,,,1,10,,42370,,,1,50,,42371,,,1,10,,42372,,,1,10,,42373,,,1,10,,42374,,,1,9,,42375,,,1,10,,42376,,,1,51,,42377,,,1,10,,42378,,,1,10,,42379,,,1,10,,42380,,,1,10,,42381,,,1,10,,42382,,,1,50,,42383,,,1,10,,42384,,,1,10,,42385,,,1,10,,42386,,,1,14,,42387,,,1,54,,42388,,,1,15,,42389,,,1,15,,42390,,,1,15,,42391,,,1,56,,42392,,,1,15,,42393,,,1,14,,42394,,,1,15,,42395,,,1,55,,42396,,,1,15,,42397,,,1,15,,42398,,,1,15,,42399,,,1,55,,42400,,,1,15,,42401,,,1,15,,42402,,,1,15,,42403,,,1,55,,42404,,,1,15,,42405,,,1,15,,42406,,,1,15,,42407,,,1,54,,42408,,,1,15,,42409,,,1,15,,42410,,,1,15,,42411,,,1,55,,42412,,,1,15,,42413,,,1,15,,42414,,,1,15,,42415,,,1,54,,42416,,,1
80003,'20260129',543,,42417,,,1,15,,42418,,,1,55,,42419,,,1,16,,42420,,,1,15,,42421,,,1,15,,42422,,,1,52,,42423,,,1,10,,42424,,,1,8,,42425,,,1,8,,42426,,,1,8,,42427,,,1,8,,42428,,,1,48,,42429,,,1,8,,42430,,,1,8,,42431,,,1,8,,42432,,,1,8,,42433,,,1,8,,42434,,,1,9,,42435,,,1,9,,42436,,,1,50,,42437,,,1,10,,42438,,,1,10,,42439,,,1,10,,42440,,,1,10,,42441,,,1,10,,42442,,,1,50,,42443,,,1,10,,42444,,,1,10,,42445,,,1,10,,42446,,,1,10,,42447,,,1,10,,42448,,,1,50,,42449,,,1,10,,42450,,,1,10,,42451,,,1,10,,42452,,,1,10,,42453,,,1,10,,42454,,,1,50,,42455,,,1,10,,42456,,,1,10,,42457,,,1,10,,42458,,,1,10,,42459,,,1,10,,42460,,,1,50,,42461,,,1,10,,42462,,,1,10,,42463,,,1,10,,42464,,,1,10,,42465,,,1,10,,42466,,,1,50,,42467,,,1,10,,42468,,,1,10,,42469,,,1,10,,42470,,,1,10,,42471,,,1,10,,42472,,,1,50,,42473,,,1,10,,42474,,,1,10,,42475,,,1,10,,42476,,,1,9,,42477,,,1,10,,42478,,,1,51,,42479,,,1,10,,42480,,,1,10,,42481,,,1,10,,42482,,,1,10,,42483,,,1,10,,42484,,,1,50,,42485,,,1,10,,42486,,,1,10,,42487,,,1,10,,42488,,,1,14,,42489,,,1,54,,42490,,,1,15,,42491,,,1,15,,42492,,,1,15,,42493,,,1,56,,42494,,,1,15,,42495,,,1,14,,42496,,,1,15,,42497,,,1,55,,42498,,,1,15,,42499,,,1,15,,42500,,,1,15,,42501,,,1,55,,42502,,,1,15,,42503,,,1,15,,42504,,,1,15,,42505,,,1,55,,42506,,,1,15,,42507,,,1,15,,42508,,,1,15,,42509,,,1,54,,42510,,,1,15,,42511,,,1,15,,42512,,,1,15,,42513,,,1,55,,42514,,,1,15,,42515,,,1,15,,42516,,,1,15,,42517,,,1,54,,42518,,,1
80003,'20260130',543,,42522,,,1,15,,42551,,,1,55,,42547,,,1,16,,42527,,,1,15,,42550,,,1,15,,42524,,,1,52,,42536,,,1,10,,42619,,,1,8,,42618,,,1,8,,42541,,,1,8,,42617,,,1,8,,42616,,,1,48,,42615,,,1,8,,42614,,,1,8,,42531,,,1,8,,42613,,,1,8,,42612,,,1,8,,42611,,,1,9,,42610,,,1,9,,42609,,,1,50,,42608,,,1,10,,42607,,,1,10,,42606,,,1,10,,42605,,,1,10,,42604,,,1,10,,42603,,,1,50,,42602,,,1,10,,42601,,,1,10,,42600,,,1,10,,42599,,,1,10,,42598,,,1,10,,42597,,,1,50,,42596,,,1,10,,42595,,,1,10,,42594,,,1,10,,42593,,,1,10,,42592,,,1,10,,42591,,,1,50,,42590,,,1,10,,42589,,,1,10,,42588,,,1,10,,42587,,,1,10,,42586,,,1,10,,42585,,,1,50,,42584,,,1,10,,42583,,,1,10,,42582,,,1,10,,42581,,,1,10,,42580,,,1,10,,42579,,,1,50,,42578,,,1,10,,42577,,,1,10,,42576,,,1,10,,42575,,,1,10,,42538,,,1,10,,42574,,,1,50,,42573,,,1,10,,42549,,,1,10,,42548,,,1,10,,42572,,,1,9,,42545,,,1,10,,42571,,,1,51,,42553,,,1,10,,42552,,,1,10,,42533,,,1,10,,42554,,,1,10,,42570,,,1,10,,42526,,,1,50,,42519,,,1,10,,42542,,,1,10,,42569,,,1,10,,42521,,,1,14,,42520,,,1,54,,42568,,,1,15,,42567,,,1,15,,42523,,,1,15,,42525,,,1,56,,42566,,,1,15,,42543,,,1,14,,42565,,,1,15,,42529,,,1,55,,42528,,,1,15,,42564,,,1,15,,42530,,,1,15,,42563,,,1,55,,42562,,,1,15,,42532,,,1,15,,42561,,,1,15,,42535,,,1,55,,42534,,,1,15,,42560,,,1,15,,42537,,,1,15,,42559,,,1,54,,42539,,,1,15,,42558,,,1,15,,42540,,,1,15,,42557,,,1,55,,42544,,,1,15,,42556,,,1,15,,42546,,,1,15,,42555,,,1,54,,42620,,,1
80003,'20260131',558,,42621,,,1,55,,42622,,,1,15,,42623,,,1,15,,42624,,,1,15,,42625,,,1,55,,42626,,,1,16,,42627,,,1,15,,42628,,,1,15,,42629,,,1,55,,42630,,,1,15,,42631,,,1,15,,42632,,,1,15,,42633,,,1,55,,42634,,,1,15,,42635,,,1,15,,42636,,,1,15,,42637,,,1,55,,42638,,,1,15,,42639,,,1,15,,42640,,,1,15,,42641,,,1,55,,42642,,,1,15,,42643,,,1,15,,42644,,,1,15,,42645,,,1,55,,42646,,,1,15,,42647,,,1,15,,42648,,,1,15,,42649,,,1,55,,42650,,,1,15,,42651,,,1,15,,42652,,,1,15,,42653,,,1,55,,42654,,,1,15,,42655,,,1,15,,42656,,,1,15,,42657,,,1,55,,42658,,,1,15,,42659,,,1,15,,42660,,,1,15,,42661,,,1,55,,42662,,,1,15,,42663,,,1,16,,42664,,,1,14,,42665,,,1,55,,42666,,,1,15,,42667,,,1,15,,42668,,,1,15,,42669,,,1,55,,42670,,,1,14,,42671,,,1,15,,42672,,,1,15,,42673,,,1,55,,42674,,,1,15,,42675,,,1,15,,42676,,,1,15,,42677,,,1,55,,42678,,,1,15,,42679,,,1,15,,42680,,,1,15,,42681,,,1,55,,42682,,,1,15,,42683,,,1,15,,42684,,,1,15,,42685,,,1,55,,42686,,,1,15,,42687,,,1,15,,42688,,,1,15,,42689,,,1,55,,42690,,,1,15,,42691,,,1,15,,42692,,,1,15,,42693,,,1,54,,42694,,,1,15,,42695,,,1,15,,42696,,,1,15,,42697,,,1
80003,'20260201',558,,42698,,,1,55,,42699,,,1,15,,42700,,,1,15,,42701,,,1,15,,42702,,,1,55,,42703,,,1,16,,42704,,,1,15,,42705,,,1,15,,42706,,,1,55,,42707,,,1,15,,42708,,,1,15,,42709,,,1,15,,42710,,,1,55,,42711,,,1,15,,42712,,,1,15,,42713,,,1,15,,42714,,,1,55,,42715,,,1,15,,42716,,,1,15,,42717,,,1,15,,42718,,,1,55,,42719,,,1,15,,42720,,,1,15,,42721,,,1,15,,42722,,,1,55,,42723,,,1,15,,42724,,,1,15,,42725,,,1,15,,42726,,,1,55,,42727,,,1,15,,42728,,,1,15,,42729,,,1,15,,42730,,,1,55,,42731,,,1,15,,42732,,,1,15,,42733,,,1,15,,42734,,,1,55,,42735,,,1,15,,42736,,,1,15,,42737,,,1,15,,42738,,,1,55,,42739,,,1,15,,42740,,,1,16,,42741,,,1,14,,42742,,,1,55,,42743,,,1,15,,42744,,,1,15,,42745,,,1,15,,42746,,,1,55,,42747,,,1,14,,42748,,,1,15,,42749,,,1,15,,42750,,,1,55,,42751,,,1,15,,42752,,,1,15,,42753,,,1,15,,42754,,,1,55,,42755,,,1,15,,42756,,,1,15,,42757,,,1,15,,42758,,,1,55,,42759,,,1,15,,42760,,,1,15,,42761,,,1,15,,42762,,,1,55,,42763,,,1,15,,42764,,,1,15,,42765,,,1,15,,42766,,,1,55,,42767,,,1,15,,42768,,,1,15,,42769,,,1,15,,42770,,,1,54,,42771,,,1,15,,42772,,,1,15,,42773,,,1,15,,42774,,,1
80003,'20260202',543,,42778,,,1,15,,42807,,,1,55,,42803,,,1,16,,42783,,,1,15,,42806,,,1,15,,42780,,,1,52,,42792,,,1,10,,42875,,,1,8,,42874,,,1,8,,42797,,,1,8,,42873,,,1,8,,42872,,,1,48,,42871,,,1,8,,42870,,,1,8,,42787,,,1,8,,42869,,,1,8,,42868,,,1,8,,42867,,,1,9,,42866,,,1,9,,42865,,,1,50,,42864,,,1,10,,42863,,,1,10,,42862,,,1,10,,42861,,,1,10,,42860,,,1,10,,42859,,,1,50,,42858,,,1,10,,42857,,,1,10,,42856,,,1,10,,42855,,,1,10,,42854,,,1,10,,42853,,,1,50,,42852,,,1,10,,42851,,,1,10,,42850,,,1,10,,42849,,,1,10,,42848,,,1,10,,42847,,,1,50,,42846,,,1,10,,42845,,,1,10,,42844,,,1,10,,42843,,,1,10,,42842,,,1,10,,42841,,,1,50,,42840,,,1,10,,42839,,,1,10,,42838,,,1,10,,42837,,,1,10,,42836,,,1,10,,42835,,,1,50,,42834,,,1,10,,42833,,,1,10,,42832,,,1,10,,42831,,,1,10,,42794,,,1,10,,42830,,,1,50,,42829,,,1,10,,42805,,,1,10,,42804,,,1,10,,42828,,,1,9,,42801,,,1,10,,42827,,,1,51,,42809,,,1,10,,42808,,,1,10,,42789,,,1,10,,42810,,,1,10,,42826,,,1,10,,42782,,,1,50,,42775,,,1,10,,42798,,,1,10,,42825,,,1,10,,42777,,,1,14,,42776,,,1,54,,42824,,,1,15,,42823,,,1,15,,42779,,,1,15,,42781,,,1,56,,42822,,,1,15,,42799,,,1,14,,42821,,,1,15,,42785,,,1,55,,42784,,,1,15,,42820,,,1,15,,42786,,,1,15,,42819,,,1,55,,42818,,,1,15,,42788,,,1,15,,42817,,,1,15,,42791,,,1,55,,42790,,,1,15,,42816,,,1,15,,42793,,,1,15,,42815,,,1,54,,42795,,,1,15,,42814,,,1,15,,42796,,,1,15,,42813,,,1,55,,42800,,,1,15,,42812,,,1,15,,42802,,,1,15,,42811,,,1,54,,42876,,,1
80003,'20260203',543,,42880,,,1,15,,42909,,,1,55,,42905,,,1,16,,42885,,,1,15,,42908,,,1,15,,42882,,,1,52,,42894,,,1,10,,42977,,,1,8,,42976,,,1,8,,42899,,,1,8,,42975,,,1,8,,42974,,,1,48,,42973,,,1,8,,42972,,,1,8,,42889,,,1,8,,42971,,,1,8,,42970,,,1,8,,42969,,,1,9,,42968,,,1,9,,42967,,,1,50,,42966,,,1,10,,42965,,,1,10,,42964,,,1,10,,42963,,,1,10,,42962,,,1,10,,42961,,,1,50,,42960,,,1,10,,42959,,,1,10,,42958,,,1,10,,42957,,,1,10,,42956,,,1,10,,42955,,,1,50,,42954,,,1,10,,42953,,,1,10,,42952,,,1,10,,42951,,,1,10,,42950,,,1,10,,42949,,,1,50,,42948,,,1,10,,42947,,,1,10,,42946,,,1,10,,42945,,,1,10,,42944,,,1,10,,42943,,,1,50,,42942,,,1,10,,42941,,,1,10,,42940,,,1,10,,42939,,,1,10,,42938,,,1,10,,42937,,,1,50,,42936,,,1,10,,42935,,,1,10,,42934,,,1,10,,42933,,,1,10,,42896,,,1,10,,42932,,,1,50,,42931,,,1,10,,42907,,,1,10,,42906,,,1,10,,42930,,,1,9,,42903,,,1,10,,42929,,,1,51,,42911,,,1,10,,42910,,,1,10,,42891,,,1,10,,42912,,,1,10,,42928,,,1,10,,42884,,,1,50,,42877,,,1,10,,42900,,,1,10,,42927,,,1,10,,42879,,,1,14,,42878,,,1,54,,42926,,,1,15,,42925,,,1,15,,42881,,,1,15,,42883,,,1,56,,42924,,,1,15,,42901,,,1,14,,42923,,,1,15,,42887,,,1,55,,42886,,,1,15,,42922,,,1,15,,42888,,,1,15,,42921,,,1,55,,42920,,,1,15,,42890,,,1,15,,42919,,,1,15,,42893,,,1,55,,42892,,,1,15,,42918,,,1,15,,42895,,,1,15,,42917,,,1,54,,42897,,,1,15,,42916,,,1,15,,42898,,,1,15,,42915,,,1,55,,42902,,,1,15,,42914,,,1,15,,42904,,,1,15,,42913,,,1,54,,42978,,,1
80003,'20260204',543,,42982,,,1,15,,43011,,,1,55,,43007,,,1,16,,42987,,,1,15,,43010,,,1,15,,42984,,,1,52,,42996,,,1,10,,43079,,,1,8,,43078,,,1,8,,43001,,,1,8,,43077,,,1,8,,43076,,,1,48,,43075,,,1,8,,43074,,,1,8,,42991,,,1,8,,43073,,,1,8,,43072,,,1,8,,43071,,,1,9,,43070,,,1,9,,43069,,,1,50,,43068,,,1,10,,43067,,,1,10,,43066,,,1,10,,43065,,,1,10,,43064,,,1,10,,43063,,,1,50,,43062,,,1,10,,43061,,,1,10,,43060,,,1,10,,43059,,,1,10,,43058,,,1,10,,43057,,,1,50,,43056,,,1,10,,43055,,,1,10,,43054,,,1,10,,43053,,,1,10,,43052,,,1,10,,43051,,,1,50,,43050,,,1,10,,43049,,,1,10,,43048,,,1,10,,43047,,,1,10,,43046,,,1,10,,43045,,,1,50,,43044,,,1,10,,43043,,,1,10,,43042,,,1,10,,43041,,,1,10,,43040,,,1,10,,43039,,,1,50,,43038,,,1,10,,43037,,,1,10,,43036,,,1,10,,43035,,,1,10,,42998,,,1,10,,43034,,,1,50,,43033,,,1,10,,43009,,,1,10,,43008,,,1,10,,43032,,,1,9,,43005,,,1,10,,43031,,,1,51,,43013,,,1,10,,43012,,,1,10,,42993,,,1,10,,43014,,,1,10,,43030,,,1,10,,42986,,,1,50,,42979,,,1,10,,43002,,,1,10,,43029,,,1,10,,42981,,,1,14,,42980,,,1,54,,43028,,,1,15,,43027,,,1,15,,42983,,,1,15,,42985,,,1,56,,43026,,,1,15,,43003,,,1,14,,43025,,,1,15,,42989,,,1,55,,42988,,,1,15,,43024,,,1,15,,42990,,,1,15,,43023,,,1,55,,43022,,,1,15,,42992,,,1,15,,43021,,,1,15,,42995,,,1,55,,42994,,,1,15,,43020,,,1,15,,42997,,,1,15,,43019,,,1,54,,42999,,,1,15,,43018,,,1,15,,43000,,,1,15,,43017,,,1,55,,43004,,,1,15,,43016,,,1,15,,43006,,,1,15,,43015,,,1,54,,43080,,,1
80003,'20260205',543,,43084,,,1,15,,43113,,,1,55,,43109,,,1,16,,43089,,,1,15,,43112,,,1,15,,43086,,,1,52,,43098,,,1,10,,43181,,,1,8,,43180,,,1,8,,43103,,,1,8,,43179,,,1,8,,43178,,,1,48,,43177,,,1,8,,43176,,,1,8,,43093,,,1,8,,43175,,,1,8,,43174,,,1,8,,43173,,,1,9,,43172,,,1,9,,43171,,,1,50,,43170,,,1,10,,43169,,,1,10,,43168,,,1,10,,43167,,,1,10,,43166,,,1,10,,43165,,,1,50,,43164,,,1,10,,43163,,,1,10,,43162,,,1,10,,43161,,,1,10,,43160,,,1,10,,43159,,,1,50,,43158,,,1,10,,43157,,,1,10,,43156,,,1,10,,43155,,,1,10,,43154,,,1,10,,43153,,,1,50,,43152,,,1,10,,43151,,,1,10,,43150,,,1,10,,43149,,,1,10,,43148,,,1,10,,43147,,,1,50,,43146,,,1,10,,43145,,,1,10,,43144,,,1,10,,43143,,,1,10,,43142,,,1,10,,43141,,,1,50,,43140,,,1,10,,43139,,,1,10,,43138,,,1,10,,43137,,,1,10,,43100,,,1,10,,43136,,,1,50,,43135,,,1,10,,43111,,,1,10,,43110,,,1,10,,43134,,,1,9,,43107,,,1,10,,43133,,,1,51,,43115,,,1,10,,43114,,,1,10,,43095,,,1,10,,43116,,,1,10,,43132,,,1,10,,43088,,,1,50,,43081,,,1,10,,43104,,,1,10,,43131,,,1,10,,43083,,,1,14,,43082,,,1,54,,43130,,,1,15,,43129,,,1,15,,43085,,,1,15,,43087,,,1,56,,43128,,,1,15,,43105,,,1,14,,43127,,,1,15,,43091,,,1,55,,43090,,,1,15,,43126,,,1,15,,43092,,,1,15,,43125,,,1,55,,43124,,,1,15,,43094,,,1,15,,43123,,,1,15,,43097,,,1,55,,43096,,,1,15,,43122,,,1,15,,43099,,,1,15,,43121,,,1,54,,43101,,,1,15,,43120,,,1,15,,43102,,,1,15,,43119,,,1,55,,43106,,,1,15,,43118,,,1,15,,43108,,,1,15,,43117,,,1,54,,43182,,,1
80003,'20260206',543,,43186,,,1,15,,43215,,,1,55,,43211,,,1,16,,43191,,,1,15,,43214,,,1,15,,43188,,,1,52,,43200,,,1,10,,43283,,,1,8,,43282,,,1,8,,43205,,,1,8,,43281,,,1,8,,43280,,,1,48,,43279,,,1,8,,43278,,,1,8,,43195,,,1,8,,43277,,,1,8,,43276,,,1,8,,43275,,,1,9,,43274,,,1,9,,43273,,,1,50,,43272,,,1,10,,43271,,,1,10,,43270,,,1,10,,43269,,,1,10,,43268,,,1,10,,43267,,,1,50,,43266,,,1,10,,43265,,,1,10,,43264,,,1,10,,43263,,,1,10,,43262,,,1,10,,43261,,,1,50,,43260,,,1,10,,43259,,,1,10,,43258,,,1,10,,43257,,,1,10,,43256,,,1,10,,43255,,,1,50,,43254,,,1,10,,43253,,,1,10,,43252,,,1,10,,43251,,,1,10,,43250,,,1,10,,43249,,,1,50,,43248,,,1,10,,43247,,,1,10,,43246,,,1,10,,43245,,,1,10,,43244,,,1,10,,43243,,,1,50,,43242,,,1,10,,43241,,,1,10,,43240,,,1,10,,43239,,,1,10,,43202,,,1,10,,43238,,,1,50,,43237,,,1,10,,43213,,,1,10,,43212,,,1,10,,43236,,,1,9,,43209,,,1,10,,43235,,,1,51,,43217,,,1,10,,43216,,,1,10,,43197,,,1,10,,43218,,,1,10,,43234,,,1,10,,43190,,,1,50,,43183,,,1,10,,43206,,,1,10,,43233,,,1,10,,43185,,,1,14,,43184,,,1,54,,43232,,,1,15,,43231,,,1,15,,43187,,,1,15,,43189,,,1,56,,43230,,,1,15,,43207,,,1,14,,43229,,,1,15,,43193,,,1,55,,43192,,,1,15,,43228,,,1,15,,43194,,,1,15,,43227,,,1,55,,43226,,,1,15,,43196,,,1,15,,43225,,,1,15,,43199,,,1,55,,43198,,,1,15,,43224,,,1,15,,43201,,,1,15,,43223,,,1,54,,43203,,,1,15,,43222,,,1,15,,43204,,,1,15,,43221,,,1,55,,43208,,,1,15,,43220,,,1,15,,43210,,,1,15,,43219,,,1,54,,43284,,,1
80103,'20260122',535,,44920,,,1,15,,44921,,,1,55,,44922,,,1,16,,44923,,,1,15,,44924,,,1,15,,44925,,,1,54,,44926,,,1,11,,44927,,,1,9,,44928,,,1,8,,44929,,,1,8,,44930,,,1,8,,44931,,,1,8,,44932,,,1,48,,44933,,,1,8,,44934,,,1,8,,44935,,,1,8,,44936,,,1,8,,44937,,,1,8,,44938,,,1,9,,44939,,,1,50,,44940,,,1,10,,44941,,,1,10,,44942,,,1,10,,44943,,,1,10,,44944,,,1,60,,44945,,,1,10,,44946,,,1,10,,44947,,,1,10,,44948,,,1,10,,44949,,,1,10,,44950,,,1,50,,44951,,,1,10,,44952,,,1,10,,44953,,,1,10,,44954,,,1,10,,44955,,,1,10,,44956,,,1,50,,44957,,,1,10,,44958,,,1,10,,44959,,,1,10,,44960,,,1,10,,44961,,,1,10,,44962,,,1,50,,44963,,,1,20,,44964,,,1,10,,44965,,,1,10,,44966,,,1,10,,44967,,,1,50,,44968,,,1,10,,44969,,,1,10,,44970,,,1,10,,44971,,,1,10,,44972,,,1,10,,44973,,,1,50,,44974,,,1,10,,44975,,,1,10,,44976,,,1,10,,44977,,,1,10,,44978,,,1,10,,44979,,,1,49,,44980,,,1,10,,44981,,,1,11,,44982,,,1,10,,44983,,,1,20,,44984,,,1,50,,44985,,,1,10,,44986,,,1,10,,44987,,,1,10,,44988,,,1,12,,44989,,,1,54,,44990,,,1,15,,44991,,,1,15,,44992,,,1,15,,44993,,,1,55,,44994,,,1,15,,44995,,,1,14,,44996,,,1,15,,44997,,,1,70,,44998,,,1,15,,44999,,,1,15,,45000,,,1,15,,45001,,,1,55,,45002,,,1,15,,45003,,,1,15,,45004,,,1,15,,45005,,,1,55,,45006,,,1,15,,45007,,,1,15,,45008,,,1,15,,45009,,,1,54,,45010,,,1,15,,45011,,,1,15,,45012,,,1,15,,45013,,,1,55,,45014,,,1,15,,45015,,,1,15,,45016,,,1,15,,45017,,,1,54,,45018,,,1
80103,'20260123',535,,45019,,,1,15,,45020,,,1,55,,45021,,,1,16,,45022,,,1,15,,45023,,,1,15,,45024,,,1,54,,45025,,,1,11,,45026,,,1,9,,45027,,,1,8,,45028,,,1,8,,45029,,,1,8,,45030,,,1,8,,45031,,,1,48,,45032,,,1,8,,45033,,,1,8,,45034,,,1,8,,45035,,,1,8,,45036,,,1,8,,45037,,,1,9,,45038,,,1,50,,45039,,,1,10,,45040,,,1,10,,45041,,,1,10,,45042,,,1,10,,45043,,,1,10,,45044,,,1,50,,45045,,,1,10,,45046,,,1,10,,45047,,,1,10,,45048,,,1,10,,45049,,,1,10,,45050,,,1,50,,45051,,,1,10,,45052,,,1,10,,45053,,,1,10,,45054,,,1,10,,45055,,,1,10,,45056,,,1,50,,45057,,,1,10,,45058,,,1,10,,45059,,,1,10,,45060,,,1,10,,45061,,,1,10,,45062,,,1,50,,45063,,,1,10,,45064,,,1,10,,45065,,,1,10,,45066,,,1,10,,45067,,,1,10,,45068,,,1,50,,45069,,,1,10,,45070,,,1,10,,45071,,,1,10,,45072,,,1,10,,45073,,,1,10,,45074,,,1,50,,45075,,,1,10,,45076,,,1,10,,45077,,,1,10,,45078,,,1,10,,45079,,,1,10,,45080,,,1,49,,45081,,,1,10,,45082,,,1,11,,45083,,,1,10,,45084,,,1,10,,45085,,,1,10,,45086,,,1,50,,45087,,,1,10,,45088,,,1,10,,45089,,,1,10,,45090,,,1,12,,45091,,,1,54,,45092,,,1,15,,45093,,,1,15,,45094,,,1,15,,45095,,,1,55,,45096,,,1,15,,45097,,,1,14,,45098,,,1,15,,45099,,,1,15,,45100,,,1,55,,45101,,,1,15,,45102,,,1,15,,45103,,,1,15,,45104,,,1,55,,45105,,,1,15,,45106,,,1,15,,45107,,,1,15,,45108,,,1,55,,45109,,,1,15,,45110,,,1,15,,45111,,,1,15,,45112,,,1,54,,45113,,,1,15,,45114,,,1,15,,45115,,,1,15,,45116,,,1,55,,45117,,,1,15,,45118,,,1,15,,45119,,,1,15,,45120,,,1,54,,45121,,,1
80103,'20260124',605,,45122,,,1,15,,45123,,,1,15,,45124,,,1,15,,45125,,,1,55,,45126,,,1,16,,45127,,,1,15,,45128,,,1,15,,45129,,,1,55,,45130,,,1,15,,45131,,,1,15,,45132,,,1,15,,45133,,,1,55,,45134,,,1,15,,45135,,,1,15,,45136,,,1,15,,45137,,,1,55,,45138,,,1,15,,45139,,,1,15,,45140,,,1,15,,45141,,,1,55,,45142,,,1,15,,45143,,,1,15,,45144,,,1,15,,45145,,,1,55,,45146,,,1,15,,45147,,,1,15,,45148,,,1,15,,45149,,,1,55,,45150,,,1,15,,45151,,,1,15,,45152,,,1,15,,45153,,,1,55,,45154,,,1,15,,45155,,,1,15,,45156,,,1,15,,45157,,,1,55,,45158,,,1,15,,45159,,,1,15,,45160,,,1,15,,45161,,,1,55,,45162,,,1,15,,45163,,,1,16,,45164,,,1,15,,45165,,,1,54,,45166,,,1,15,,45167,,,1,16,,45168,,,1,14,,45169,,,1,55,,45170,,,1,15,,45171,,,1,15,,45172,,,1,15,,45173,,,1,55,,45174,,,1,15,,45175,,,1,15,,45176,,,1,15,,45177,,,1,55,,45178,,,1,15,,45179,,,1,15,,45180,,,1,15,,45181,,,1,55,,45182,,,1,15,,45183,,,1,15,,45184,,,1,15,,45185,,,1,55,,45186,,,1,15,,45187,,,1,15,,45188,,,1,15,,45189,,,1,55,,45190,,,1,15,,45191,,,1,15,,45192,,,1,15,,45193,,,1,54,,45194,,,1,15,,45195,,,1,15,,45196,,,1,15,,45197,,,1,55,,45198,,,1
80103,'20260125',605,,45199,,,1,15,,45200,,,1,15,,45201,,,1,15,,45202,,,1,55,,45203,,,1,16,,45204,,,1,15,,45205,,,1,15,,45206,,,1,55,,45207,,,1,15,,45208,,,1,15,,45209,,,1,15,,45210,,,1,55,,45211,,,1,15,,45212,,,1,15,,45213,,,1,15,,45214,,,1,55,,45215,,,1,15,,45216,,,1,15,,45217,,,1,15,,45218,,,1,55,,45219,,,1,15,,45220,,,1,15,,45221,,,1,15,,45222,,,1,55,,45223,,,1,15,,45224,,,1,15,,45225,,,1,15,,45226,,,1,55,,45227,,,1,15,,45228,,,1,15,,45229,,,1,15,,45230,,,1,55,,45231,,,1,15,,45232,,,1,15,,45233,,,1,15,,45234,,,1,55,,45235,,,1,15,,45236,,,1,15,,45237,,,1,15,,45238,,,1,55,,45239,,,1,15,,45240,,,1,16,,45241,,,1,15,,45242,,,1,54,,45243,,,1,15,,45244,,,1,16,,45245,,,1,14,,45246,,,1,55,,45247,,,1,15,,45248,,,1,15,,45249,,,1,15,,45250,,,1,55,,45251,,,1,15,,45252,,,1,15,,45253,,,1,15,,45254,,,1,55,,45255,,,1,15,,45256,,,1,15,,45257,,,1,15,,45258,,,1,55,,45259,,,1,15,,45260,,,1,15,,45261,,,1,15,,45262,,,1,55,,45263,,,1,15,,45264,,,1,15,,45265,,,1,15,,45266,,,1,55,,45267,,,1,15,,45268,,,1,15,,45269,,,1,15,,45270,,,1,54,,45271,,,1,15,,45272,,,1,15,,45273,,,1,15,,45274,,,1,55,,45275,,,1
80103,'20260126',535,,45276,,,1,15,,45277,,,1,55,,45278,,,1,16,,45279,,,1,15,,45280,,,1,15,,45281,,,1,54,,45282,,,1,11,,45283,,,1,9,,45284,,,1,8,,45285,,,1,8,,45286,,,1,8,,45287,,,1,8,,45288,,,1,48,,45289,,,1,8,,45290,,,1,8,,45291,,,1,8,,45292,,,1,8,,45293,,,1,8,,45294,,,1,9,,45295,,,1,50,,45296,,,1,10,,45297,,,1,10,,45298,,,1,10,,45299,,,1,10,,45300,,,1,10,,45301,,,1,50,,45302,,,1,10,,45303,,,1,10,,45304,,,1,10,,45305,,,1,10,,45306,,,1,10,,45307,,,1,50,,45308,,,1,10,,45309,,,1,10,,45310,,,1,10,,45311,,,1,10,,45312,,,1,10,,45313,,,1,50,,45314,,,1,10,,45315,,,1,10,,45316,,,1,10,,45317,,,1,10,,45318,,,1,10,,45319,,,1,50,,45320,,,1,10,,45321,,,1,10,,45322,,,1,10,,45323,,,1,10,,45324,,,1,10,,45325,,,1,50,,45326,,,1,10,,45327,,,1,10,,45328,,,1,10,,45329,,,1,10,,45330,,,1,10,,45331,,,1,50,,45332,,,1,10,,45333,,,1,10,,45334,,,1,10,,45335,,,1,10,,45336,,,1,10,,45337,,,1,49,,45338,,,1,10,,45339,,,1,11,,45340,,,1,10,,45341,,,1,10,,45342,,,1,10,,45343,,,1,50,,45344,,,1,10,,45345,,,1,10,,45346,,,1,10,,45347,,,1,12,,45348,,,1,54,,45349,,,1,15,,45350,,,1,15,,45351,,,1,15,,45352,,,1,55,,45353,,,1,15,,45354,,,1,14,,45355,,,1,15,,45356,,,1,15,,45357,,,1,55,,45358,,,1,15,,45359,,,1,15,,45360,,,1,15,,45361,,,1,55,,45362,,,1,15,,45363,,,1,15,,45364,,,1,15,,45365,,,1,55,,45366,,,1,15,,45367,,,1,15,,45368,,,1,15,,45369,,,1,54,,45370,,,1,15,,45371,,,1,15,,45372,,,1,15,,45373,,,1,55,,45374,,,1,15,,45375,,,1,15,,45376,,,1,15,,45377,,,1,54,,45378,,,1
80103,'20260127',535,,45379,,,1,15,,45380,,,1,55,,45381,,,1,16,,45382,,,1,15,,45383,,,1,15,,45384,,,1,54,,45385,,,1,11,,45386,,,1,9,,45387,,,1,8,,45388,,,1,8,,45389,,,1,8,,45390,,,1,8,,45391,,,1,48,,45392,,,1,8,,45393,,,1,8,,45394,,,1,8,,45395,,,1,8,,45396,,,1,8,,45397,,,1,9,,45398,,,1,50,,45399,,,1,10,,45400,,,1,10,,45401,,,1,10,,45402,,,1,10,,45403,,,1,10,,45404,,,1,50,,45405,,,1,10,,45406,,,1,10,,45407,,,1,10,,45408,,,1,10,,45409,,,1,10,,45410,,,1,50,,45411,,,1,10,,45412,,,1,10,,45413,,,1,10,,45414,,,1,10,,45415,,,1,10,,45416,,,1,50,,45417,,,1,10,,45418,,,1,10,,45419,,,1,10,,45420,,,1,10,,45421,,,1,10,,45422,,,1,50,,45423,,,1,10,,45424,,,1,10,,45425,,,1,10,,45426,,,1,10,,45427,,,1,10,,45428,,,1,50,,45429,,,1,10,,45430,,,1,10,,45431,,,1,10,,45432,,,1,10,,45433,,,1,10,,45434,,,1,50,,45435,,,1,10,,45436,,,1,10,,45437,,,1,10,,45438,,,1,10,,45439,,,1,10,,45440,,,1,49,,45441,,,1,10,,45442,,,1,11,,45443,,,1,10,,45444,,,1,10,,45445,,,1,10,,45446,,,1,50,,45447,,,1,10,,45448,,,1,10,,45449,,,1,10,,45450,,,1,12,,45451,,,1,54,,45452,,,1,15,,45453,,,1,15,,45454,,,1,15,,45455,,,1,55,,45456,,,1,15,,45457,,,1,14,,45458,,,1,15,,45459,,,1,15,,45460,,,1,55,,45461,,,1,15,,45462,,,1,15,,45463,,,1,15,,45464,,,1,55,,45465,,,1,15,,45466,,,1,15,,45467,,,1,15,,45468,,,1,55,,45469,,,1,15,,45470,,,1,15,,45471,,,1,15,,45472,,,1,54,,45473,,,1,15,,45474,,,1,15,,45475,,,1,15,,45476,,,1,55,,45477,,,1,15,,45478,,,1,15,,45479,,,1,15,,45480,,,1,54,,45481,,,1
80103,'20260128',535,,45482,,,1,15,,45483,,,1,55,,45484,,,1,16,,45485,,,1,15,,45486,,,1,15,,45487,,,1,54,,45488,,,1,11,,45489,,,1,9,,45490,,,1,8,,45491,,,1,8,,45492,,,1,8,,45493,,,1,8,,45494,,,1,48,,45495,,,1,8,,45496,,,1,8,,45497,,,1,8,,45498,,,1,8,,45499,,,1,8,,45500,,,1,9,,45501,,,1,50,,45502,,,1,10,,45503,,,1,10,,45504,,,1,10,,45505,,,1,10,,45506,,,1,10,,45507,,,1,50,,45508,,,1,10,,45509,,,1,10,,45510,,,1,10,,45511,,,1,10,,45512,,,1,10,,45513,,,1,50,,45514,,,1,10,,45515,,,1,10,,45516,,,1,10,,45517,,,1,10,,45518,,,1,10,,45519,,,1,50,,45520,,,1,10,,45521,,,1,10,,45522,,,1,10,,45523,,,1,10,,45524,,,1,10,,45525,,,1,50,,45526,,,1,10,,45527,,,1,10,,45528,,,1,10,,45529,,,1,10,,45530,,,1,10,,45531,,,1,50,,45532,,,1,10,,45533,,,1,10,,45534,,,1,10,,45535,,,1,10,,45536,,,1,10,,45537,,,1,50,,45538,,,1,10,,45539,,,1,10,,45540,,,1,10,,45541,,,1,10,,45542,,,1,10,,45543,,,1,49,,45544,,,1,10,,45545,,,1,11,,45546,,,1,10,,45547,,,1,10,,45548,,,1,10,,45549,,,1,50,,45550,,,1,10,,45551,,,1,10,,45552,,,1,10,,45553,,,1,12,,45554,,,1,54,,45555,,,1,15,,45556,,,1,15,,45557,,,1,15,,45558,,,1,55,,45559,,,1,15,,45560,,,1,14,,45561,,,1,15,,45562,,,1,15,,45563,,,1,55,,45564,,,1,15,,45565,,,1,15,,45566,,,1,15,,45567,,,1,55,,45568,,,1,15,,45569,,,1,15,,45570,,,1,15,,45571,,,1,55,,45572,,,1,15,,45573,,,1,15,,45574,,,1,15,,45575,,,1,54,,45576,,,1,15,,45577,,,1,15,,45578,,,1,15,,45579,,,1,55,,45580,,,1,15,,45581,,,1,15,,45582,,,1,15,,45583,,,1,54,,45584,,,1
80103,'20260129',535,,45585,,,1,15,,45586,,,1,55,,45587,,,1,16,,45588,,,1,15,,45589,,,1,15,,45590,,,1,54,,45591,,,1,11,,45592,,,1,9,,45593,,,1,8,,45594,,,1,8,,45595,,,1,8,,45596,,,1,8,,45597,,,1,48,,45598,,,1,8,,45599,,,1,8,,45600,,,1,8,,45601,,,1,8,,45602,,,1,8,,45603,,,1,9,,45604,,,1,50,,45605,,,1,10,,45606,,,1,10,,45607,,,1,10,,45608,,,1,10,,45609,,,1,10,,45610,,,1,50,,45611,,,1,10,,45612,,,1,10,,45613,,,1,10,,45614,,,1,10,,45615,,,1,10,,45616,,,1,50,,45617,,,1,10,,45618,,,1,10,,45619,,,1,10,,45620,,,1,10,,45621,,,1,10,,45622,,,1,50,,45623,,,1,10,,45624,,,1,10,,45625,,,1,10,,45626,,,1,10,,45627,,,1,10,,45628,,,1,50,,45629,,,1,10,,45630,,,1,10,,45631,,,1,10,,45632,,,1,10,,45633,,,1,10,,45634,,,1,50,,45635,,,1,10,,45636,,,1,10,,45637,,,1,10,,45638,,,1,10,,45639,,,1,10,,45640,,,1,50,,45641,,,1,10,,45642,,,1,10,,45643,,,1,10,,45644,,,1,10,,45645,,,1,10,,45646,,,1,49,,45647,,,1,10,,45648,,,1,11,,45649,,,1,10,,45650,,,1,10,,45651,,,1,10,,45652,,,1,50,,45653,,,1,10,,45654,,,1,10,,45655,,,1,10,,45656,,,1,12,,45657,,,1,54,,45658,,,1,15,,45659,,,1,15,,45660,,,1,15,,45661,,,1,55,,45662,,,1,15,,45663,,,1,14,,45664,,,1,15,,45665,,,1,15,,45666,,,1,55,,45667,,,1,15,,45668,,,1,15,,45669,,,1,15,,45670,,,1,55,,45671,,,1,15,,45672,,,1,15,,45673,,,1,15,,45674,,,1,55,,45675,,,1,15,,45676,,,1,15,,45677,,,1,15,,45678,,,1,54,,45679,,,1,15,,45680,,,1,15,,45681,,,1,15,,45682,,,1,55,,45683,,,1,15,,45684,,,1,15,,45685,,,1,15,,45686,,,1,54,,45687,,,1
80103,'20260130',535,,45789,,,1,15,,45688,,,1,55,,45689,,,1,16,,45690,,,1,15,,45691,,,1,15,,45692,,,1,54,,45693,,,1,11,,45694,,,1,9,,45695,,,1,8,,45696,,,1,8,,45697,,,1,8,,45698,,,1,8,,45699,,,1,48,,45700,,,1,8,,45701,,,1,8,,45702,,,1,8,,45703,,,1,8,,45704,,,1,8,,45705,,,1,9,,45706,,,1,50,,45707,,,1,10,,45708,,,1,10,,45709,,,1,10,,45710,,,1,10,,45711,,,1,10,,45712,,,1,50,,45713,,,1,10,,45714,,,1,10,,45715,,,1,10,,45716,,,1,10,,45717,,,1,10,,45718,,,1,50,,45719,,,1,10,,45720,,,1,10,,45721,,,1,10,,45722,,,1,10,,45723,,,1,10,,45724,,,1,50,,45725,,,1,10,,45726,,,1,10,,45727,,,1,10,,45728,,,1,10,,45729,,,1,10,,45730,,,1,50,,45731,,,1,10,,45732,,,1,10,,45733,,,1,10,,45734,,,1,10,,45735,,,1,10,,45736,,,1,50,,45737,,,1,10,,45738,,,1,10,,45739,,,1,10,,45740,,,1,10,,45741,,,1,10,,45742,,,1,50,,45743,,,1,10,,45744,,,1,10,,45745,,,1,10,,45746,,,1,10,,45747,,,1,10,,45748,,,1,49,,45749,,,1,10,,45750,,,1,11,,45751,,,1,10,,45752,,,1,10,,45753,,,1,10,,45754,,,1,50,,45755,,,1,10,,45756,,,1,10,,45757,,,1,10,,45758,,,1,12,,45759,,,1,54,,45760,,,1,15,,45761,,,1,15,,45762,,,1,15,,45763,,,1,55,,45764,,,1,15,,45765,,,1,14,,45766,,,1,15,,45767,,,1,15,,45768,,,1,55,,45769,,,1,15,,45770,,,1,15,,45771,,,1,15,,45772,,,1,55,,45773,,,1,15,,45774,,,1,15,,45775,,,1,15,,45776,,,1,55,,45777,,,1,15,,45778,,,1,15,,45779,,,1,15,,45780,,,1,54,,45781,,,1,15,,45782,,,1,15,,45783,,,1,15,,45784,,,1,55,,45785,,,1,15,,45786,,,1,15,,45787,,,1,15,,45788,,,1,54,,45790,,,1
80103,'20260131',605,,45791,,,1,15,,45792,,,1,15,,45793,,,1,15,,45794,,,1,55,,45795,,,1,16,,45796,,,1,15,,45797,,,1,15,,45798,,,1,55,,45799,,,1,15,,45800,,,1,15,,45801,,,1,15,,45802,,,1,55,,45803,,,1,15,,45804,,,1,15,,45805,,,1,15,,45806,,,1,55,,45807,,,1,15,,45808,,,1,15,,45809,,,1,15,,45810,,,1,55,,45811,,,1,15,,45812,,,1,15,,45813,,,1,15,,45814,,,1,55,,45815,,,1,15,,45816,,,1,15,,45817,,,1,15,,45818,,,1,55,,45819,,,1,15,,45820,,,1,15,,45821,,,1,15,,45822,,,1,55,,45823,,,1,15,,45824,,,1,15,,45825,,,1,15,,45826,,,1,55,,45827,,,1,15,,45828,,,1,15,,45829,,,1,15,,45830,,,1,55,,45831,,,1,15,,45832,,,1,16,,45833,,,1,15,,45834,,,1,54,,45835,,,1,15,,45836,,,1,16,,45837,,,1,14,,45838,,,1,55,,45839,,,1,15,,45840,,,1,15,,45841,,,1,15,,45842,,,1,55,,45843,,,1,15,,45844,,,1,15,,45845,,,1,15,,45846,,,1,55,,45847,,,1,15,,45848,,,1,15,,45849,,,1,15,,45850,,,1,55,,45851,,,1,15,,45852,,,1,15,,45853,,,1,15,,45854,,,1,55,,45855,,,1,15,,45856,,,1,15,,45857,,,1,15,,45858,,,1,55,,45859,,,1,15,,45860,,,1,15,,45861,,,1,15,,45862,,,1,54,,45863,,,1,15,,45864,,,1,15,,45865,,,1,15,,45866,,,1,55,,45867,,,1
80103,'20260201',605,,45868,,,1,15,,45869,,,1,15,,45870,,,1,15,,45871,,,1,55,,45872,,,1,16,,45873,,,1,15,,45874,,,1,15,,45875,,,1,55,,45876,,,1,15,,45877,,,1,15,,45878,,,1,15,,45879,,,1,55,,45880,,,1,15,,45881,,,1,15,,45882,,,1,15,,45883,,,1,55,,45884,,,1,15,,45885,,,1,15,,45886,,,1,15,,45887,,,1,55,,45888,,,1,15,,45889,,,1,15,,45890,,,1,15,,45891,,,1,55,,45892,,,1,15,,45893,,,1,15,,45894,,,1,15,,45895,,,1,55,,45896,,,1,15,,45897,,,1,15,,45898,,,1,15,,45899,,,1,55,,45900,,,1,15,,45901,,,1,15,,45902,,,1,15,,45903,,,1,55,,45904,,,1,15,,45905,,,1,15,,45906,,,1,15,,45907,,,1,55,,45908,,,1,15,,45909,,,1,16,,45910,,,1,15,,45911,,,1,54,,45912,,,1,15,,45913,,,1,16,,45914,,,1,14,,45915,,,1,55,,45916,,,1,15,,45917,,,1,15,,45918,,,1,15,,45919,,,1,55,,45920,,,1,15,,45921,,,1,15,,45922,,,1,15,,45923,,,1,55,,45924,,,1,15,,45925,,,1,15,,45926,,,1,15,,45927,,,1,55,,45928,,,1,15,,45929,,,1,15,,45930,,,1,15,,45931,,,1,55,,45932,,,1,15,,45933,,,1,15,,45934,,,1,15,,45935,,,1,55,,45936,,,1,15,,45937,,,1,15,,45938,,,1,15,,45939,,,1,54,,45940,,,1,15,,45941,,,1,15,,45942,,,1,15,,45943,,,1,55,,45944,,,1
80103,'20260202',535,,46046,,,1,15,,45945,,,1,55,,45946,,,1,16,,45947,,,1,15,,45948,,,1,15,,45949,,,1,54,,45950,,,1,11,,45951,,,1,9,,45952,,,1,8,,45953,,,1,8,,45954,,,1,8,,45955,,,1,8,,45956,,,1,48,,45957,,,1,8,,45958,,,1,8,,45959,,,1,8,,45960,,,1,8,,45961,,,1,8,,45962,,,1,9,,45963,,,1,50,,45964,,,1,10,,45965,,,1,10,,45966,,,1,10,,45967,,,1,10,,45968,,,1,10,,45969,,,1,50,,45970,,,1,10,,45971,,,1,10,,45972,,,1,10,,45973,,,1,10,,45974,,,1,10,,45975,,,1,50,,45976,,,1,10,,45977,,,1,10,,45978,,,1,10,,45979,,,1,10,,45980,,,1,10,,45981,,,1,50,,45982,,,1,10,,45983,,,1,10,,45984,,,1,10,,45985,,,1,10,,45986,,,1,10,,45987,,,1,50,,45988,,,1,10,,45989,,,1,10,,45990,,,1,10,,45991,,,1,10,,45992,,,1,10,,45993,,,1,50,,45994,,,1,10,,45995,,,1,10,,45996,,,1,10,,45997,,,1,10,,45998,,,1,10,,45999,,,1,50,,46000,,,1,10,,46001,,,1,10,,46002,,,1,10,,46003,,,1,10,,46004,,,1,10,,46005,,,1,49,,46006,,,1,10,,46007,,,1,11,,46008,,,1,10,,46009,,,1,10,,46010,,,1,10,,46011,,,1,50,,46012,,,1,10,,46013,,,1,10,,46014,,,1,10,,46015,,,1,12,,46016,,,1,54,,46017,,,1,15,,46018,,,1,15,,46019,,,1,15,,46020,,,1,55,,46021,,,1,15,,46022,,,1,14,,46023,,,1,15,,46024,,,1,15,,46025,,,1,55,,46026,,,1,15,,46027,,,1,15,,46028,,,1,15,,46029,,,1,55,,46030,,,1,15,,46031,,,1,15,,46032,,,1,15,,46033,,,1,55,,46034,,,1,15,,46035,,,1,15,,46036,,,1,15,,46037,,,1,54,,46038,,,1,15,,46039,,,1,15,,46040,,,1,15,,46041,,,1,55,,46042,,,1,15,,46043,,,1,15,,46044,,,1,15,,46045,,,1,54,,46047,,,1
80103,'20260203',535,,46149,,,1,15,,46048,,,1,55,,46049,,,1,16,,46050,,,1,15,,46051,,,1,15,,46052,,,1,54,,46053,,,1,11,,46054,,,1,9,,46055,,,1,8,,46056,,,1,8,,46057,,,1,8,,46058,,,1,8,,46059,,,1,48,,46060,,,1,8,,46061,,,1,8,,46062,,,1,8,,46063,,,1,8,,46064,,,1,8,,46065,,,1,9,,46066,,,1,50,,46067,,,1,10,,46068,,,1,10,,46069,,,1,10,,46070,,,1,10,,46071,,,1,10,,46072,,,1,50,,46073,,,1,10,,46074,,,1,10,,46075,,,1,10,,46076,,,1,10,,46077,,,1,10,,46078,,,1,50,,46079,,,1,10,,46080,,,1,10,,46081,,,1,10,,46082,,,1,10,,46083,,,1,10,,46084,,,1,50,,46085,,,1,10,,46086,,,1,10,,46087,,,1,10,,46088,,,1,10,,46089,,,1,10,,46090,,,1,50,,46091,,,1,10,,46092,,,1,10,,46093,,,1,10,,46094,,,1,10,,46095,,,1,10,,46096,,,1,50,,46097,,,1,10,,46098,,,1,10,,46099,,,1,10,,46100,,,1,10,,46101,,,1,10,,46102,,,1,50,,46103,,,1,10,,46104,,,1,10,,46105,,,1,10,,46106,,,1,10,,46107,,,1,10,,46108,,,1,49,,46109,,,1,10,,46110,,,1,11,,46111,,,1,10,,46112,,,1,10,,46113,,,1,10,,46114,,,1,50,,46115,,,1,10,,46116,,,1,10,,46117,,,1,10,,46118,,,1,12,,46119,,,1,54,,46120,,,1,15,,46121,,,1,15,,46122,,,1,15,,46123,,,1,55,,46124,,,1,15,,46125,,,1,14,,46126,,,1,15,,46127,,,1,15,,46128,,,1,55,,46129,,,1,15,,46130,,,1,15,,46131,,,1,15,,46132,,,1,55,,46133,,,1,15,,46134,,,1,15,,46135,,,1,15,,46136,,,1,55,,46137,,,1,15,,46138,,,1,15,,46139,,,1,15,,46140,,,1,54,,46141,,,1,15,,46142,,,1,15,,46143,,,1,15,,46144,,,1,55,,46145,,,1,15,,46146,,,1,15,,46147,,,1,15,,46148,,,1,54,,46150,,,1
80103,'20260204',535,,46252,,,1,15,,46151,,,1,55,,46152,,,1,16,,46153,,,1,15,,46154,,,1,15,,46155,,,1,54,,46156,,,1,11,,46157,,,1,9,,46158,,,1,8,,46159,,,1,8,,46160,,,1,8,,46161,,,1,8,,46162,,,1,48,,46163,,,1,8,,46164,,,1,8,,46165,,,1,8,,46166,,,1,8,,46167,,,1,8,,46168,,,1,9,,46169,,,1,50,,46170,,,1,10,,46171,,,1,10,,46172,,,1,10,,46173,,,1,10,,46174,,,1,10,,46175,,,1,50,,46176,,,1,10,,46177,,,1,10,,46178,,,1,10,,46179,,,1,10,,46180,,,1,10,,46181,,,1,50,,46182,,,1,10,,46183,,,1,10,,46184,,,1,10,,46185,,,1,10,,46186,,,1,10,,46187,,,1,50,,46188,,,1,10,,46189,,,1,10,,46190,,,1,10,,46191,,,1,10,,46192,,,1,10,,46193,,,1,50,,46194,,,1,10,,46195,,,1,10,,46196,,,1,10,,46197,,,1,10,,46198,,,1,10,,46199,,,1,50,,46200,,,1,10,,46201,,,1,10,,46202,,,1,10,,46203,,,1,10,,46204,,,1,10,,46205,,,1,50,,46206,,,1,10,,46207,,,1,10,,46208,,,1,10,,46209,,,1,10,,46210,,,1,10,,46211,,,1,49,,46212,,,1,10,,46213,,,1,11,,46214,,,1,10,,46215,,,1,10,,46216,,,1,10,,46217,,,1,50,,46218,,,1,10,,46219,,,1,10,,46220,,,1,10,,46221,,,1,12,,46222,,,1,54,,46223,,,1,15,,46224,,,1,15,,46225,,,1,15,,46226,,,1,55,,46227,,,1,15,,46228,,,1,14,,46229,,,1,15,,46230,,,1,15,,46231,,,1,55,,46232,,,1,15,,46233,,,1,15,,46234,,,1,15,,46235,,,1,55,,46236,,,1,15,,46237,,,1,15,,46238,,,1,15,,46239,,,1,55,,46240,,,1,15,,46241,,,1,15,,46242,,,1,15,,46243,,,1,54,,46244,,,1,15,,46245,,,1,15,,46246,,,1,15,,46247,,,1,55,,46248,,,1,15,,46249,,,1,15,,46250,,,1,15,,46251,,,1,54,,46253,,,1
80103,'20260205',535,,46355,,,1,15,,46254,,,1,55,,46255,,,1,16,,46256,,,1,15,,46257,,,1,15,,46258,,,1,54,,46259,,,1,11,,46260,,,1,9,,46261,,,1,8,,46262,,,1,8,,46263,,,1,8,,46264,,,1,8,,46265,,,1,48,,46266,,,1,8,,46267,,,1,8,,46268,,,1,8,,46269,,,1,8,,46270,,,1,8,,46271,,,1,9,,46272,,,1,50,,46273,,,1,10,,46274,,,1,10,,46275,,,1,10,,46276,,,1,10,,46277,,,1,10,,46278,,,1,50,,46279,,,1,10,,46280,,,1,10,,46281,,,1,10,,46282,,,1,10,,46283,,,1,10,,46284,,,1,50,,46285,,,1,10,,46286,,,1,10,,46287,,,1,10,,46288,,,1,10,,46289,,,1,10,,46290,,,1,50,,46291,,,1,10,,46292,,,1,10,,46293,,,1,10,,46294,,,1,10,,46295,,,1,10,,46296,,,1,50,,46297,,,1,10,,46298,,,1,10,,46299,,,1,10,,46300,,,1,10,,46301,,,1,10,,46302,,,1,50,,46303,,,1,10,,46304,,,1,10,,46305,,,1,10,,46306,,,1,10,,46307,,,1,10,,46308,,,1,50,,46309,,,1,10,,46310,,,1,10,,46311,,,1,10,,46312,,,1,10,,46313,,,1,10,,46314,,,1,49,,46315,,,1,10,,46316,,,1,11,,46317,,,1,10,,46318,,,1,10,,46319,,,1,10,,46320,,,1,50,,46321,,,1,10,,46322,,,1,10,,46323,,,1,10,,46324,,,1,12,,46325,,,1,54,,46326,,,1,15,,46327,,,1,15,,46328,,,1,15,,46329,,,1,55,,46330,,,1,15,,46331,,,1,14,,46332,,,1,15,,46333,,,1,15,,46334,,,1,55,,46335,,,1,15,,46336,,,1,15,,46337,,,1,15,,46338,,,1,55,,46339,,,1,15,,46340,,,1,15,,46341,,,1,15,,46342,,,1,55,,46343,,,1,15,,46344,,,1,15,,46345,,,1,15,,46346,,,1,54,,46347,,,1,15,,46348,,,1,15,,46349,,,1,15,,46350,,,1,55,,46351,,,1,15,,46352,,,1,15,,46353,,,1,15,,46354,,,1,54,,46356,,,1
80103,'20260206',535,,46458,,,1,15,,46357,,,1,55,,46358,,,1,16,,46359,,,1,15,,46360,,,1,15,,46361,,,1,54,,46362,,,1,11,,46363,,,1,9,,46364,,,1,8,,46365,,,1,8,,46366,,,1,8,,46367,,,1,8,,46368,,,1,48,,46369,,,1,8,,46370,,,1,8,,46371,,,1,8,,46372,,,1,8,,46373,,,1,8,,46374,,,1,9,,46375,,,1,50,,46376,,,1,10,,46377,,,1,10,,46378,,,1,10,,46379,,,1,10,,46380,,,1,10,,46381,,,1,50,,46382,,,1,10,,46383,,,1,10,,46384,,,1,10,,46385,,,1,10,,46386,,,1,10,,46387,,,1,50,,46388,,,1,10,,46389,,,1,10,,46390,,,1,10,,46391,,,1,10,,46392,,,1,10,,46393,,,1,50,,46394,,,1,10,,46395,,,1,10,,46396,,,1,10,,46397,,,1,10,,46398,,,1,10,,46399,,,1,50,,46400,,,1,10,,46401,,,1,10,,46402,,,1,10,,46403,,,1,10,,46404,,,1,10,,46405,,,1,50,,46406,,,1,10,,46407,,,1,10,,46408,,,1,10,,46409,,,1,10,,46410,,,1,10,,46411,,,1,50,,46412,,,1,10,,46413,,,1,10,,46414,,,1,10,,46415,,,1,10,,46416,,,1,10,,46417,,,1,49,,46418,,,1,10,,46419,,,1,11,,46420,,,1,10,,46421,,,1,10,,46422,,,1,10,,46423,,,1,50,,46424,,,1,10,,46425,,,1,10,,46426,,,1,10,,46427,,,1,12,,46428,,,1,54,,46429,,,1,15,,46430,,,1,15,,46431,,,1,15,,46432,,,1,55,,46433,,,1,15,,46434,,,1,14,,46435,,,1,15,,46436,,,1,15,,46437,,,1,55,,46438,,,1,15,,46439,,,1,15,,46440,,,1,15,,46441,,,1,55,,46442,,,1,15,,46443,,,1,15,,46444,,,1,15,,46445,,,1,55,,46446,,,1,15,,46447,,,1,15,,46448,,,1,15,,46449,,,1,54,,46450,,,1,15,,46451,,,1,15,,46452,,,1,15,,46453,,,1,55,,46454,,,1,15,,46455,,,1,15,,46456,,,1,15,,46457,,,1,54,,46459,,,1
92503,'20260123',2532,,57418,,,0,170,,57419,,,0
92503,'20260124',2532,,57420,,,0,170,,57421,,,0
92503,'20260130',2532,,57422,,,0,170,,57423,,,0
92503,'20260131',2532,,57425,,,0,170,,57424,,,0
92503,'20260206',2532,,57426,,,0,170,,57427,,,0
99103,'20260123',2531,,57488,,,0,170,,57489,,,0
99103,'20260124',2531,,57490,,,0,170,,57491,,,0
99103,'20260130',2531,,57492,,,0,170,,57493,,,0
99103,'20260131',2531,,57494,,,0,170,,57495,,,0
99103,'20260206',2531,,57496,,,0,170,,57497,,,0
99203,'20260123',2531,,57498,,,0,170,,57499,,,0
99203,'20260124',2531,,57500,,,0,170,,57501,,,0
99203,'20260130',2531,,57502,,,0,170,,57503,,,0
99203,'20260131',2531,,57504,,,0,170,,57505,,,0
99203,'20260206',2531,,57506,,,0,170,,57507,,,0
