7400,'20260717',746,,949235,66,,,1,98,,949236,66,,,1,98,,949237,66,,,1,99,,949238,66,,,1,101,,949239,66,,,1,100,,949240,66,,,1,100,,949241,66,,,1,102,,949242,66,,,1,101,,949243,66,,,1,100,,949244,66,,,1,99,,949245,66,,,1,99,,949246,66,,,1,98,,949247,66,,,1,100,,949248,66,,,1,100,,949249,66,,,1,100,,949250,66,,,1,100,,949251,66,,,1
7400,'20260718',840,,979588,66,,,1,101,,979589,66,,,1,100,,979590,66,,,1,100,,979591,66,,,1,100,,979592,66,,,1,100,,979593,66,,,1,100,,979594,66,,,1,101,,979595,66,,,1,100,,979596,66,,,1,101,,979597,66,,,1,100,,979598,66,,,1,98,,979599,66,,,1,99,,979600,66,,,1,100,,979601,66,,,1,100,,979602,66,,,1,100,,979603,66,,,1,169,,979604,66,,,1
7400,'20260719',840,,979606,66,,,1,101,,979607,66,,,1,100,,979608,66,,,1,100,,979609,66,,,1,100,,979610,66,,,1,100,,979611,66,,,1,100,,979612,66,,,1,101,,979613,66,,,1,100,,979614,66,,,1,101,,979615,66,,,1,100,,979616,66,,,1,98,,979617,66,,,1,99,,979618,66,,,1,100,,979619,66,,,1,100,,979620,66,,,1,100,,979621,66,,,1,169,,979622,66,,,1
7400,'20260720',746,,979623,66,,,1,98,,979624,66,,,1,98,,979625,66,,,1,99,,979626,66,,,1,101,,979627,66,,,1,100,,979628,66,,,1,100,,979629,66,,,1,102,,979630,66,,,1,101,,979631,66,,,1,100,,979632,66,,,1,99,,979633,66,,,1,99,,979634,66,,,1,98,,979635,66,,,1,100,,979636,66,,,1,100,,979637,66,,,1,100,,979638,66,,,1,100,,979639,66,,,1
7400,'20260721',746,,979644,66,,,1,98,,979645,66,,,1,98,,979646,66,,,1,99,,979647,66,,,1,101,,979648,66,,,1,100,,979649,66,,,1,100,,979650,66,,,1,102,,979651,66,,,1,101,,979652,66,,,1,100,,979653,66,,,1,99,,979654,66,,,1,99,,979655,66,,,1,98,,979656,66,,,1,100,,979657,66,,,1,100,,979658,66,,,1,100,,979659,66,,,1,100,,979660,66,,,1
7400,'20260722',746,,979665,66,,,1,98,,979666,66,,,1,98,,979667,66,,,1,99,,979668,66,,,1,101,,979669,66,,,1,100,,979670,66,,,1,100,,979671,66,,,1,102,,979672,66,,,1,101,,979673,66,,,1,100,,979674,66,,,1,99,,979675,66,,,1,99,,979676,66,,,1,98,,979677,66,,,1,100,,979678,66,,,1,100,,979679,66,,,1,100,,979680,66,,,1,100,,979681,66,,,1
7400,'20260723',746,,979686,66,,,1,98,,979687,66,,,1,98,,979688,66,,,1,99,,979689,66,,,1,101,,979690,66,,,1,100,,979691,66,,,1,100,,979692,66,,,1,102,,979693,66,,,1,101,,979694,66,,,1,100,,979695,66,,,1,99,,979696,66,,,1,99,,979697,66,,,1,98,,979698,66,,,1,100,,979699,66,,,1,100,,979700,66,,,1,100,,979701,66,,,1,100,,979702,66,,,1
7400,'20260724',746,,949269,66,,,1,98,,949256,66,,,1,98,,949257,66,,,1,99,,949258,66,,,1,101,,949259,66,,,1,100,,949260,66,,,1,100,,949261,66,,,1,102,,949262,66,,,1,101,,949263,66,,,1,100,,949264,66,,,1,99,,949265,66,,,1,99,,949266,66,,,1,98,,949270,66,,,1,100,,949271,66,,,1,100,,949267,66,,,1,100,,949272,66,,,1,100,,949268,66,,,1
7400,'20260725',840,,949277,66,,,1,101,,949291,66,,,1,100,,949292,66,,,1,100,,949278,66,,,1,100,,949279,66,,,1,100,,949280,66,,,1,100,,949281,66,,,1,101,,949282,66,,,1,100,,949283,66,,,1,101,,949284,66,,,1,100,,949285,66,,,1,98,,949286,66,,,1,99,,949287,66,,,1,100,,949288,66,,,1,100,,949289,66,,,1,100,,949290,66,,,1,169,,949293,66,,,1
7400,'20260726',840,,949294,66,,,1,101,,949308,66,,,1,100,,949295,66,,,1,100,,949309,66,,,1,100,,949302,66,,,1,100,,949303,66,,,1,100,,949304,66,,,1,101,,949305,66,,,1,100,,949306,66,,,1,101,,949307,66,,,1,100,,949296,66,,,1,98,,949300,66,,,1,99,,949301,66,,,1,100,,949297,66,,,1,100,,949298,66,,,1,100,,949299,66,,,1,169,,949310,66,,,1
7400,'20260727',746,,949324,66,,,1,98,,949311,66,,,1,98,,949312,66,,,1,99,,949313,66,,,1,101,,949314,66,,,1,100,,949315,66,,,1,100,,949316,66,,,1,102,,949317,66,,,1,101,,949318,66,,,1,100,,949319,66,,,1,99,,949320,66,,,1,99,,949321,66,,,1,98,,949325,66,,,1,100,,949326,66,,,1,100,,949322,66,,,1,100,,949327,66,,,1,100,,949323,66,,,1
7400,'20260728',746,,949345,66,,,1,98,,949332,66,,,1,98,,949333,66,,,1,99,,949334,66,,,1,101,,949335,66,,,1,100,,949336,66,,,1,100,,949337,66,,,1,102,,949338,66,,,1,101,,949339,66,,,1,100,,949340,66,,,1,99,,949341,66,,,1,99,,949342,66,,,1,98,,949346,66,,,1,100,,949347,66,,,1,100,,949343,66,,,1,100,,949348,66,,,1,100,,949344,66,,,1
7400,'20260729',746,,979720,66,,,1,98,,979707,66,,,1,98,,979708,66,,,1,99,,979709,66,,,1,101,,979710,66,,,1,100,,979711,66,,,1,100,,979712,66,,,1,102,,979713,66,,,1,101,,979714,66,,,1,100,,979715,66,,,1,99,,979716,66,,,1,99,,979717,66,,,1,98,,979721,66,,,1,100,,979722,66,,,1,100,,979718,66,,,1,100,,979723,66,,,1,100,,979719,66,,,1
7400,'20260730',746,,979741,66,,,1,98,,979728,66,,,1,98,,979729,66,,,1,99,,979730,66,,,1,101,,979731,66,,,1,100,,979732,66,,,1,100,,979733,66,,,1,102,,979734,66,,,1,101,,979735,66,,,1,100,,979736,66,,,1,99,,979737,66,,,1,99,,979738,66,,,1,98,,979742,66,,,1,100,,979743,66,,,1,100,,979739,66,,,1,100,,979744,66,,,1,100,,979740,66,,,1
7400,'20260731',746,,979762,66,,,1,98,,979749,66,,,1,98,,979750,66,,,1,99,,979751,66,,,1,101,,979752,66,,,1,100,,979753,66,,,1,100,,979754,66,,,1,102,,979755,66,,,1,101,,979756,66,,,1,100,,979757,66,,,1,99,,979758,66,,,1,99,,979759,66,,,1,98,,979763,66,,,1,100,,979764,66,,,1,100,,979760,66,,,1,100,,979765,66,,,1,100,,979761,66,,,1
98400,'20260717',2617,,967357,79,,,0
98400,'20260718',2617,,999775,79,,,0
98400,'20260724',2617,,967358,79,,,0
98400,'20260725',2617,,967359,79,,,0
98400,'20260731',2617,,999776,79,,,0
