2800,'20260501',909,,361010,26,,,0,30,,361011,26,,,0,70,,361012,26,,,0,30,,361013,26,,,0,69,,361014,26,,,0,31,,361015,26,,,0,71,,361016,26,,,0,29,,361017,26,,,0,71,,361018,26,,,0,29,,361019,26,,,0,71,,361020,26,,,0,28,,361021,26,,,0,69,,361022,26,,,0
2800,'20260502',1215,,389155,26,,,0,30,,389156,26,,,0,67,,389157,26,,,0,37,,389158,26,,,0,70,,389159,26,,,0,33,,389160,26,,,0,65,,389161,26,,,0,21,,389162,26,,,0,77,,389163,26,,,0,37,,389164,26,,,0,71,,389165,26,,,0,30,,389166,26,,,0,62,,389167,26,,,0
2800,'20260503',1215,,389188,26,,,0,30,,389189,26,,,0,67,,389190,26,,,0,37,,389191,26,,,0,70,,389192,26,,,0,33,,389193,26,,,0,65,,389194,26,,,0,21,,389195,26,,,0,77,,389196,26,,,0,37,,389197,26,,,0,71,,389198,26,,,0,30,,389199,26,,,0,62,,389200,26,,,0
2800,'20260504',909,,389220,26,,,0,30,,389221,26,,,0,70,,389222,26,,,0,30,,389223,26,,,0,69,,389224,26,,,0,31,,389225,26,,,0,71,,389226,26,,,0,29,,389227,26,,,0,71,,389228,26,,,0,29,,389229,26,,,0,71,,389230,26,,,0,28,,389231,26,,,0,69,,389232,26,,,0
2800,'20260505',909,,389263,26,,,0,30,,389264,26,,,0,70,,389265,26,,,0,30,,389266,26,,,0,69,,389267,26,,,0,31,,389268,26,,,0,71,,389269,26,,,0,29,,389270,26,,,0,71,,389271,26,,,0,29,,389272,26,,,0,71,,389273,26,,,0,28,,389274,26,,,0,69,,389275,26,,,0
2800,'20260506',909,,389306,26,,,0,30,,389307,26,,,0,70,,389308,26,,,0,30,,389309,26,,,0,69,,389310,26,,,0,31,,389311,26,,,0,71,,389312,26,,,0,29,,389313,26,,,0,71,,389314,26,,,0,29,,389315,26,,,0,71,,389316,26,,,0,28,,389317,26,,,0,69,,389318,26,,,0
2800,'20260507',909,,389349,26,,,0,30,,389350,26,,,0,70,,389351,26,,,0,30,,389352,26,,,0,69,,389353,26,,,0,31,,389354,26,,,0,71,,389355,26,,,0,29,,389356,26,,,0,71,,389357,26,,,0,29,,389358,26,,,0,71,,389359,26,,,0,28,,389360,26,,,0,69,,389361,26,,,0
2800,'20260508',909,,361053,26,,,0,30,,361054,26,,,0,70,,361055,26,,,0,30,,361056,26,,,0,69,,361057,26,,,0,31,,361058,26,,,0,71,,361059,26,,,0,29,,361060,26,,,0,71,,361061,26,,,0,29,,361062,26,,,0,71,,361063,26,,,0,28,,361064,26,,,0,69,,361065,26,,,0
2800,'20260509',1215,,361096,26,,,0,30,,361109,26,,,0,67,,361097,26,,,0,37,,361110,26,,,0,70,,361098,26,,,0,33,,361111,26,,,0,65,,361099,26,,,0,21,,361112,26,,,0,77,,361100,26,,,0,37,,361113,26,,,0,71,,361101,26,,,0,30,,361114,26,,,0,62,,361102,26,,,0
2800,'20260510',1215,,361129,26,,,0,30,,361142,26,,,0,67,,361130,26,,,0,37,,361143,26,,,0,70,,361131,26,,,0,33,,361144,26,,,0,65,,361132,26,,,0,21,,361145,26,,,0,77,,361133,26,,,0,37,,361146,26,,,0,71,,361134,26,,,0,30,,361147,26,,,0,62,,361135,26,,,0
2800,'20260511',909,,361162,26,,,0,30,,361163,26,,,0,70,,361164,26,,,0,30,,361165,26,,,0,69,,361166,26,,,0,31,,361167,26,,,0,71,,361168,26,,,0,29,,361169,26,,,0,71,,361170,26,,,0,29,,361171,26,,,0,71,,361172,26,,,0,28,,361173,26,,,0,69,,361174,26,,,0
2800,'20260512',909,,389392,26,,,0,30,,389393,26,,,0,70,,389394,26,,,0,30,,389395,26,,,0,69,,389396,26,,,0,31,,389397,26,,,0,71,,389398,26,,,0,29,,389399,26,,,0,71,,389400,26,,,0,29,,389401,26,,,0,71,,389402,26,,,0,28,,389403,26,,,0,69,,389404,26,,,0
2800,'20260513',909,,389435,26,,,0,30,,389436,26,,,0,70,,389437,26,,,0,30,,389438,26,,,0,69,,389439,26,,,0,31,,389440,26,,,0,71,,389441,26,,,0,29,,389442,26,,,0,71,,389443,26,,,0,29,,389444,26,,,0,71,,389445,26,,,0,28,,389446,26,,,0,69,,389447,26,,,0
2800,'20260514',909,,389478,26,,,0,30,,389479,26,,,0,70,,389480,26,,,0,30,,389481,26,,,0,69,,389482,26,,,0,31,,389483,26,,,0,71,,389484,26,,,0,29,,389485,26,,,0,71,,389486,26,,,0,29,,389487,26,,,0,71,,389488,26,,,0,28,,389489,26,,,0,69,,389490,26,,,0
2800,'20260515',909,,389521,26,,,0,30,,389522,26,,,0,70,,389523,26,,,0,30,,389524,26,,,0,69,,389525,26,,,0,31,,389526,26,,,0,71,,389527,26,,,0,29,,389528,26,,,0,71,,389529,26,,,0,29,,389530,26,,,0,71,,389531,26,,,0,28,,389532,26,,,0,69,,389533,26,,,0
