3201,'20260427',553,,335613,19,,,0,68,,335614,19,,,0,31,,335615,19,,,0,58,,335616,19,,,0,91,,335617,19,,,0,28,,335618,19,,,0,30,,335619,19,,,0,100,,335620,19,,,0,200,,335621,19,,,0,200,,335622,19,,,0,384,,335623,19,,,0,159,,335624,19,,,0,157,,335625,19,,,0,200,,335626,19,,,0
3201,'20260428',553,,335627,19,,,0,68,,335628,19,,,0,31,,335629,19,,,0,58,,335630,19,,,0,91,,335631,19,,,0,28,,335632,19,,,0,30,,335633,19,,,0,100,,335634,19,,,0,200,,335635,19,,,0,200,,335636,19,,,0,384,,335637,19,,,0,159,,335638,19,,,0,157,,335639,19,,,0,200,,335640,19,,,0
3201,'20260429',553,,361896,19,,,0,68,,361897,19,,,0,31,,361898,19,,,0,58,,361899,19,,,0,91,,361900,19,,,0,28,,361901,19,,,0,30,,361902,19,,,0,100,,361903,19,,,0,200,,361904,19,,,0,200,,361905,19,,,0,384,,361906,19,,,0,159,,361907,19,,,0,157,,361908,19,,,0,200,,361909,19,,,0
3201,'20260430',553,,361910,19,,,0,68,,361911,19,,,0,31,,361912,19,,,0,58,,361913,19,,,0,91,,361914,19,,,0,28,,361915,19,,,0,30,,361916,19,,,0,100,,361917,19,,,0,200,,361918,19,,,0,200,,361919,19,,,0,384,,361920,19,,,0,159,,361921,19,,,0,157,,361922,19,,,0,200,,361923,19,,,0
3201,'20260501',553,,361924,19,,,0,68,,361925,19,,,0,31,,361926,19,,,0,58,,361927,19,,,0,91,,361928,19,,,0,28,,361929,19,,,0,30,,361930,19,,,0,100,,361931,19,,,0,200,,361932,19,,,0,200,,361933,19,,,0,384,,361934,19,,,0,159,,361935,19,,,0,157,,361936,19,,,0,200,,361937,19,,,0
3201,'20260502',703,,309296,19,,,0,200,,309297,19,,,0,200,,309298,19,,,0,153,,309299,19,,,0,200,,309300,19,,,0,247,,309301,19,,,0,200,,309302,19,,,0,200,,309303,19,,,0,200,,309304,19,,,0
3201,'20260503',703,,309305,19,,,0,200,,309306,19,,,0,200,,309307,19,,,0,153,,309308,19,,,0,200,,309309,19,,,0,247,,309310,19,,,0,200,,309311,19,,,0,200,,309312,19,,,0,200,,309313,19,,,0
3201,'20260504',553,,309314,19,,,0,68,,309315,19,,,0,31,,309316,19,,,0,58,,309317,19,,,0,91,,309318,19,,,0,28,,309319,19,,,0,30,,309320,19,,,0,100,,309321,19,,,0,200,,309322,19,,,0,200,,309323,19,,,0,384,,309324,19,,,0,159,,309325,19,,,0,157,,309326,19,,,0,200,,309327,19,,,0
3201,'20260505',553,,335641,19,,,0,68,,335642,19,,,0,31,,335643,19,,,0,58,,335644,19,,,0,91,,335645,19,,,0,28,,335646,19,,,0,30,,335647,19,,,0,100,,335648,19,,,0,200,,335649,19,,,0,200,,335650,19,,,0,384,,335651,19,,,0,159,,335652,19,,,0,157,,335653,19,,,0,200,,335654,19,,,0
3201,'20260506',553,,335655,19,,,0,68,,335656,19,,,0,31,,335657,19,,,0,58,,335658,19,,,0,91,,335659,19,,,0,28,,335660,19,,,0,30,,335661,19,,,0,100,,335662,19,,,0,200,,335663,19,,,0,200,,335664,19,,,0,384,,335665,19,,,0,159,,335666,19,,,0,157,,335667,19,,,0,200,,335668,19,,,0
3201,'20260507',553,,335669,19,,,0,68,,335670,19,,,0,31,,335671,19,,,0,58,,335672,19,,,0,91,,335673,19,,,0,28,,335674,19,,,0,30,,335675,19,,,0,100,,335676,19,,,0,200,,335677,19,,,0,200,,335678,19,,,0,384,,335679,19,,,0,159,,335680,19,,,0,157,,335681,19,,,0,200,,335682,19,,,0
3201,'20260508',553,,361938,19,,,0,68,,361939,19,,,0,31,,361940,19,,,0,58,,361941,19,,,0,91,,361942,19,,,0,28,,361943,19,,,0,30,,361944,19,,,0,100,,361945,19,,,0,200,,361946,19,,,0,200,,361947,19,,,0,384,,361948,19,,,0,159,,361949,19,,,0,157,,361950,19,,,0,200,,361951,19,,,0
3201,'20260509',703,,361952,19,,,0,200,,361953,19,,,0,200,,361954,19,,,0,153,,361955,19,,,0,200,,361956,19,,,0,247,,361957,19,,,0,200,,361958,19,,,0,200,,361959,19,,,0,200,,361960,19,,,0
3201,'20260510',703,,361961,19,,,0,200,,361962,19,,,0,200,,361963,19,,,0,153,,361964,19,,,0,200,,361965,19,,,0,247,,361966,19,,,0,200,,361967,19,,,0,200,,361968,19,,,0,200,,361969,19,,,0
3201,'20260511',553,,361970,19,,,0,68,,361971,19,,,0,31,,361972,19,,,0,58,,361973,19,,,0,91,,361974,19,,,0,28,,361975,19,,,0,30,,361976,19,,,0,100,,361977,19,,,0,200,,361978,19,,,0,200,,361979,19,,,0,384,,361980,19,,,0,159,,361981,19,,,0,157,,361982,19,,,0,200,,361983,19,,,0
