8600,'20260501',703,,369272,37,,,0,30,,369273,37,,,0,69,,369274,37,,,0,28,,369275,37,,,0,104,,369276,37,,,0,100,,369277,37,,,0,98,,369278,37,,,0,100,,369279,37,,,0,70,,369280,37,,,0,31,,369281,37,,,0,100,,369282,37,,,0,99,,369283,37,,,0,20,,369290,41,,,0,50,,369291,41,,,0,46,,369292,41,,,0,78,,369293,41,,,0,75,,369294,41,,,0,30,,369284,37,,,0,102,,369285,37,,,0,101,,369286,37,,,0,100,,369287,37,,,0,100,,369288,37,,,0,101,,369289,37,,,0
8600,'20260502',735,,401288,37,,,0,100,,401289,37,,,0,100,,401290,37,,,0,100,,401291,37,,,0,99,,401292,37,,,0,99,,401293,37,,,0,100,,401294,37,,,0,99,,401295,37,,,0,100,,401296,37,,,0,100,,401297,37,,,0,100,,401298,37,,,0,101,,401299,37,,,0,100,,401300,37,,,0,101,,401301,37,,,0,101,,401302,37,,,0,101,,401303,37,,,0,101,,401304,37,,,0,100,,401305,37,,,0
8600,'20260503',735,,401306,37,,,0,100,,401307,37,,,0,100,,401308,37,,,0,100,,401309,37,,,0,99,,401310,37,,,0,99,,401311,37,,,0,100,,401312,37,,,0,99,,401313,37,,,0,100,,401314,37,,,0,100,,401315,37,,,0,100,,401316,37,,,0,101,,401317,37,,,0,100,,401318,37,,,0,101,,401319,37,,,0,101,,401320,37,,,0,101,,401321,37,,,0,101,,401322,37,,,0,100,,401323,37,,,0
8600,'20260504',703,,401324,37,,,0,30,,401325,37,,,0,69,,401326,37,,,0,28,,401327,37,,,0,104,,401328,37,,,0,100,,401329,37,,,0,98,,401330,37,,,0,100,,401331,37,,,0,70,,401332,37,,,0,31,,401333,37,,,0,100,,401334,37,,,0,99,,401335,37,,,0,20,,401342,41,,,0,50,,401343,41,,,0,46,,401344,41,,,0,78,,401345,41,,,0,75,,401346,41,,,0,30,,401336,37,,,0,102,,401337,37,,,0,101,,401338,37,,,0,100,,401339,37,,,0,100,,401340,37,,,0,101,,401341,37,,,0
8600,'20260505',703,,401347,37,,,0,30,,401348,37,,,0,69,,401349,37,,,0,28,,401350,37,,,0,104,,401351,37,,,0,100,,401352,37,,,0,98,,401353,37,,,0,100,,401354,37,,,0,70,,401355,37,,,0,31,,401356,37,,,0,100,,401357,37,,,0,99,,401358,37,,,0,20,,401365,41,,,0,50,,401366,41,,,0,46,,401367,41,,,0,78,,401368,41,,,0,75,,401369,41,,,0,30,,401359,37,,,0,102,,401360,37,,,0,101,,401361,37,,,0,100,,401362,37,,,0,100,,401363,37,,,0,101,,401364,37,,,0
8600,'20260506',703,,401370,37,,,0,30,,401371,37,,,0,69,,401372,37,,,0,28,,401373,37,,,0,104,,401374,37,,,0,100,,401375,37,,,0,98,,401376,37,,,0,100,,401377,37,,,0,70,,401378,37,,,0,31,,401379,37,,,0,100,,401380,37,,,0,99,,401381,37,,,0,20,,401388,41,,,0,50,,401389,41,,,0,46,,401390,41,,,0,78,,401391,41,,,0,75,,401392,41,,,0,30,,401382,37,,,0,102,,401383,37,,,0,101,,401384,37,,,0,100,,401385,37,,,0,100,,401386,37,,,0,101,,401387,37,,,0
8600,'20260507',703,,401393,37,,,0,30,,401394,37,,,0,69,,401395,37,,,0,28,,401396,37,,,0,104,,401397,37,,,0,100,,401398,37,,,0,98,,401399,37,,,0,100,,401400,37,,,0,70,,401401,37,,,0,31,,401402,37,,,0,100,,401403,37,,,0,99,,401404,37,,,0,20,,401411,41,,,0,50,,401412,41,,,0,46,,401413,41,,,0,78,,401414,41,,,0,75,,401415,41,,,0,30,,401405,37,,,0,102,,401406,37,,,0,101,,401407,37,,,0,100,,401408,37,,,0,100,,401409,37,,,0,101,,401410,37,,,0
8600,'20260508',703,,369296,37,,,0,30,,369295,37,,,0,69,,369297,37,,,0,28,,369298,37,,,0,104,,369299,37,,,0,100,,369312,37,,,0,98,,369301,37,,,0,100,,369302,37,,,0,70,,369317,37,,,0,31,,369303,37,,,0,100,,369313,37,,,0,99,,369300,37,,,0,20,,369304,41,,,0,50,,369305,41,,,0,46,,369306,41,,,0,78,,369307,41,,,0,75,,369308,41,,,0,30,,369314,37,,,0,102,,369309,37,,,0,101,,369315,37,,,0,100,,369310,37,,,0,100,,369316,37,,,0,101,,369311,37,,,0
8600,'20260509',735,,369318,37,,,0,100,,369327,37,,,0,100,,369322,37,,,0,100,,369328,37,,,0,99,,369323,37,,,0,99,,369329,37,,,0,100,,369324,37,,,0,99,,369330,37,,,0,100,,369325,37,,,0,100,,369331,37,,,0,100,,369326,37,,,0,101,,369332,37,,,0,100,,369319,37,,,0,101,,369333,37,,,0,101,,369321,37,,,0,101,,369334,37,,,0,101,,369320,37,,,0,100,,369335,37,,,0
8600,'20260510',735,,369336,37,,,0,100,,369345,37,,,0,100,,369337,37,,,0,100,,369346,37,,,0,99,,369338,37,,,0,99,,369347,37,,,0,100,,369339,37,,,0,99,,369348,37,,,0,100,,369340,37,,,0,100,,369349,37,,,0,100,,369341,37,,,0,101,,369350,37,,,0,100,,369342,37,,,0,101,,369351,37,,,0,101,,369343,37,,,0,101,,369352,37,,,0,101,,369344,37,,,0,100,,369353,37,,,0
8600,'20260511',703,,369355,37,,,0,30,,369354,37,,,0,69,,369356,37,,,0,28,,369357,37,,,0,104,,369358,37,,,0,100,,369371,37,,,0,98,,369360,37,,,0,100,,369361,37,,,0,70,,369376,37,,,0,31,,369362,37,,,0,100,,369372,37,,,0,99,,369359,37,,,0,20,,369363,41,,,0,50,,369364,41,,,0,46,,369365,41,,,0,78,,369366,41,,,0,75,,369367,41,,,0,30,,369373,37,,,0,102,,369368,37,,,0,101,,369374,37,,,0,100,,369369,37,,,0,100,,369375,37,,,0,101,,369370,37,,,0
8600,'20260512',703,,401417,37,,,0,30,,401416,37,,,0,69,,401418,37,,,0,28,,401419,37,,,0,104,,401420,37,,,0,100,,401433,37,,,0,98,,401422,37,,,0,100,,401423,37,,,0,70,,401438,37,,,0,31,,401424,37,,,0,100,,401434,37,,,0,99,,401421,37,,,0,20,,401425,41,,,0,50,,401426,41,,,0,46,,401427,41,,,0,78,,401428,41,,,0,75,,401429,41,,,0,30,,401435,37,,,0,102,,401430,37,,,0,101,,401436,37,,,0,100,,401431,37,,,0,100,,401437,37,,,0,101,,401432,37,,,0
8600,'20260513',703,,401440,37,,,0,30,,401439,37,,,0,69,,401441,37,,,0,28,,401442,37,,,0,104,,401443,37,,,0,100,,401456,37,,,0,98,,401445,37,,,0,100,,401446,37,,,0,70,,401461,37,,,0,31,,401447,37,,,0,100,,401457,37,,,0,99,,401444,37,,,0,20,,401448,41,,,0,50,,401449,41,,,0,46,,401450,41,,,0,78,,401451,41,,,0,75,,401452,41,,,0,30,,401458,37,,,0,102,,401453,37,,,0,101,,401459,37,,,0,100,,401454,37,,,0,100,,401460,37,,,0,101,,401455,37,,,0
8600,'20260514',703,,401463,37,,,0,30,,401462,37,,,0,69,,401464,37,,,0,28,,401465,37,,,0,104,,401466,37,,,0,100,,401479,37,,,0,98,,401468,37,,,0,100,,401469,37,,,0,70,,401484,37,,,0,31,,401470,37,,,0,100,,401480,37,,,0,99,,401467,37,,,0,20,,401471,41,,,0,50,,401472,41,,,0,46,,401473,41,,,0,78,,401474,41,,,0,75,,401475,41,,,0,30,,401481,37,,,0,102,,401476,37,,,0,101,,401482,37,,,0,100,,401477,37,,,0,100,,401483,37,,,0,101,,401478,37,,,0
8600,'20260515',703,,401486,37,,,0,30,,401485,37,,,0,69,,401487,37,,,0,28,,401488,37,,,0,104,,401489,37,,,0,100,,401502,37,,,0,98,,401491,37,,,0,100,,401492,37,,,0,70,,401507,37,,,0,31,,401493,37,,,0,100,,401503,37,,,0,99,,401490,37,,,0,20,,401494,41,,,0,50,,401495,41,,,0,46,,401496,41,,,0,78,,401497,41,,,0,75,,401498,41,,,0,30,,401504,37,,,0,102,,401499,37,,,0,101,,401505,37,,,0,100,,401500,37,,,0,100,,401506,37,,,0,101,,401501,37,,,0
7008600,'20260501',830,,383362,16,,,0
7008600,'20260504',830,,422223,16,,,0
7008600,'20260505',830,,422225,16,,,0
7008600,'20260506',830,,422227,16,,,0
7008600,'20260507',830,,422229,16,,,0
7008600,'20260508',830,,383364,16,,,0
7008600,'20260511',830,,383365,16,,,0
7008600,'20260512',830,,422231,16,,,0
7008600,'20260513',830,,422232,16,,,0
7008600,'20260514',830,,422233,16,,,0
