3901,'20260317',636,,59870,40,,,0,71,,59871,40,,,0,30,,59872,40,,,0,70,,59873,40,,,0,30,,59874,40,,,0,15,,59875,40,,,0,85,,59876,40,,,0,100,,59877,40,,,0,100,,59878,40,,,0,100,,59879,40,,,0,100,,59880,40,,,0,100,,59881,40,,,0,100,,59882,40,,,0,101,,59883,40,,,0,99,,59884,40,,,0,100,,59885,40,,,0,99,,59886,40,,,0,100,,59887,40,,,0,100,,59888,40,,,0,200,,59889,40,,,0
3901,'20260318',636,,59890,40,,,0,71,,59891,40,,,0,30,,59892,40,,,0,70,,59893,40,,,0,30,,59894,40,,,0,15,,59895,40,,,0,85,,59896,40,,,0,100,,59897,40,,,0,100,,59898,40,,,0,100,,59899,40,,,0,100,,59900,40,,,0,100,,59901,40,,,0,100,,59902,40,,,0,101,,59903,40,,,0,99,,59904,40,,,0,100,,59905,40,,,0,99,,59906,40,,,0,100,,59907,40,,,0,100,,59908,40,,,0,200,,59909,40,,,0
3901,'20260319',636,,59910,40,,,0,71,,59911,40,,,0,30,,59912,40,,,0,70,,59913,40,,,0,30,,59914,40,,,0,15,,59915,40,,,0,85,,59916,40,,,0,100,,59917,40,,,0,100,,59918,40,,,0,100,,59919,40,,,0,100,,59920,40,,,0,100,,59921,40,,,0,100,,59922,40,,,0,101,,59923,40,,,0,99,,59924,40,,,0,100,,59925,40,,,0,99,,59926,40,,,0,100,,59927,40,,,0,100,,59928,40,,,0,200,,59929,40,,,0
3901,'20260320',636,,59930,40,,,0,71,,59931,40,,,0,30,,59932,40,,,0,70,,59933,40,,,0,30,,59934,40,,,0,15,,59935,40,,,0,85,,59936,40,,,0,100,,59937,40,,,0,100,,59938,40,,,0,100,,59939,40,,,0,100,,59940,40,,,0,100,,59941,40,,,0,100,,59942,40,,,0,101,,59943,40,,,0,99,,59944,40,,,0,100,,59945,40,,,0,99,,59946,40,,,0,100,,59947,40,,,0,100,,59948,40,,,0,200,,59949,40,,,0
3901,'20260321',736,,59950,40,,,0,100,,59951,40,,,0,100,,59952,40,,,0,100,,59953,40,,,0,100,,59954,40,,,0,100,,59955,40,,,0,100,,59956,40,,,0,100,,59957,40,,,0,100,,59958,40,,,0,100,,59959,40,,,0,100,,59960,40,,,0,100,,59961,40,,,0,100,,59962,40,,,0,100,,59965,40,,,0,100,,59963,40,,,0,200,,59964,40,,,0
3901,'20260322',736,,59980,40,,,0,100,,59966,40,,,0,100,,59981,40,,,0,100,,59967,40,,,0,100,,59968,40,,,0,100,,59969,40,,,0,100,,59970,40,,,0,100,,59971,40,,,0,100,,59972,40,,,0,100,,59973,40,,,0,100,,59974,40,,,0,100,,59975,40,,,0,100,,59976,40,,,0,100,,59979,40,,,0,100,,59977,40,,,0,200,,59978,40,,,0
3901,'20260323',636,,59982,40,,,0,71,,59983,40,,,0,30,,59984,40,,,0,70,,59985,40,,,0,30,,59986,40,,,0,15,,60001,40,,,0,85,,59987,40,,,0,100,,59988,40,,,0,100,,59989,40,,,0,100,,59990,40,,,0,100,,59991,40,,,0,100,,59992,40,,,0,100,,59993,40,,,0,101,,60000,40,,,0,99,,59994,40,,,0,100,,59995,40,,,0,99,,59996,40,,,0,100,,59997,40,,,0,100,,59998,40,,,0,200,,59999,40,,,0
3901,'20260324',636,,60002,40,,,0,71,,60003,40,,,0,30,,60004,40,,,0,70,,60005,40,,,0,30,,60006,40,,,0,15,,60021,40,,,0,85,,60007,40,,,0,100,,60008,40,,,0,100,,60009,40,,,0,100,,60010,40,,,0,100,,60011,40,,,0,100,,60012,40,,,0,100,,60013,40,,,0,101,,60020,40,,,0,99,,60014,40,,,0,100,,60015,40,,,0,99,,60016,40,,,0,100,,60017,40,,,0,100,,60018,40,,,0,200,,60019,40,,,0
3901,'20260325',636,,60022,40,,,0,71,,60023,40,,,0,30,,60024,40,,,0,70,,60025,40,,,0,30,,60026,40,,,0,15,,60041,40,,,0,85,,60027,40,,,0,100,,60028,40,,,0,100,,60029,40,,,0,100,,60030,40,,,0,100,,60031,40,,,0,100,,60032,40,,,0,100,,60033,40,,,0,101,,60040,40,,,0,99,,60034,40,,,0,100,,60035,40,,,0,99,,60036,40,,,0,100,,60037,40,,,0,100,,60038,40,,,0,200,,60039,40,,,0
3901,'20260326',636,,60042,40,,,0,71,,60043,40,,,0,30,,60044,40,,,0,70,,60045,40,,,0,30,,60046,40,,,0,15,,60061,40,,,0,85,,60047,40,,,0,100,,60048,40,,,0,100,,60049,40,,,0,100,,60050,40,,,0,100,,60051,40,,,0,100,,60052,40,,,0,100,,60053,40,,,0,101,,60060,40,,,0,99,,60054,40,,,0,100,,60055,40,,,0,99,,60056,40,,,0,100,,60057,40,,,0,100,,60058,40,,,0,200,,60059,40,,,0
3901,'20260327',636,,60062,40,,,0,71,,60063,40,,,0,30,,60064,40,,,0,70,,60065,40,,,0,30,,60066,40,,,0,15,,60081,40,,,0,85,,60067,40,,,0,100,,60068,40,,,0,100,,60069,40,,,0,100,,60070,40,,,0,100,,60071,40,,,0,100,,60072,40,,,0,100,,60073,40,,,0,101,,60080,40,,,0,99,,60074,40,,,0,100,,60075,40,,,0,99,,60076,40,,,0,100,,60077,40,,,0,100,,60078,40,,,0,200,,60079,40,,,0
3901,'20260328',736,,60082,40,,,0,100,,60083,40,,,0,100,,60084,40,,,0,100,,60085,40,,,0,100,,60086,40,,,0,100,,60087,40,,,0,100,,60088,40,,,0,100,,60089,40,,,0,100,,60090,40,,,0,100,,60091,40,,,0,100,,60092,40,,,0,100,,60093,40,,,0,100,,60094,40,,,0,100,,60097,40,,,0,100,,60095,40,,,0,200,,60096,40,,,0
3901,'20260329',736,,60112,40,,,0,100,,60098,40,,,0,100,,60113,40,,,0,100,,60099,40,,,0,100,,60100,40,,,0,100,,60101,40,,,0,100,,60102,40,,,0,100,,60103,40,,,0,100,,60104,40,,,0,100,,60105,40,,,0,100,,60106,40,,,0,100,,60107,40,,,0,100,,60108,40,,,0,100,,60111,40,,,0,100,,60109,40,,,0,200,,60110,40,,,0
3901,'20260330',636,,60114,40,,,0,71,,60115,40,,,0,30,,60116,40,,,0,70,,60117,40,,,0,30,,60118,40,,,0,15,,60133,40,,,0,85,,60119,40,,,0,100,,60120,40,,,0,100,,60121,40,,,0,100,,60122,40,,,0,100,,60123,40,,,0,100,,60124,40,,,0,100,,60125,40,,,0,101,,60132,40,,,0,99,,60126,40,,,0,100,,60127,40,,,0,99,,60128,40,,,0,100,,60129,40,,,0,100,,60130,40,,,0,200,,60131,40,,,0
3901,'20260331',636,,60134,40,,,0,71,,60135,40,,,0,30,,60136,40,,,0,70,,60137,40,,,0,30,,60138,40,,,0,15,,60153,40,,,0,85,,60139,40,,,0,100,,60140,40,,,0,100,,60141,40,,,0,100,,60142,40,,,0,100,,60143,40,,,0,100,,60144,40,,,0,100,,60145,40,,,0,101,,60152,40,,,0,99,,60146,40,,,0,100,,60147,40,,,0,99,,60148,40,,,0,100,,60149,40,,,0,100,,60150,40,,,0,200,,60151,40,,,0
5201,'20260317',606,,61018,5,,,0,30,,61019,5,,,0,70,,61020,5,,,0,30,,61021,5,,,0,70,,61022,5,,,0,30,,61023,5,,,0,70,,61024,5,,,0,100,,61025,5,,,0,100,,61026,5,,,0,100,,61027,5,,,0,100,,61028,5,,,0,100,,61029,5,,,0,100,,61030,5,,,0,30,,61031,5,,,0,70,,61032,5,,,0,31,,61033,5,,,0,69,,61034,5,,,0,30,,61035,5,,,0,70,,61036,5,,,0,100,,61037,5,,,0,100,,61038,5,,,0,100,,61039,5,,,0,100,,61040,5,,,0,100,,61041,5,,,0
5201,'20260318',606,,61042,5,,,0,30,,61043,5,,,0,70,,61044,5,,,0,30,,61045,5,,,0,70,,61046,5,,,0,30,,61047,5,,,0,70,,61048,5,,,0,100,,61049,5,,,0,100,,61050,5,,,0,100,,61051,5,,,0,100,,61052,5,,,0,100,,61053,5,,,0,100,,61054,5,,,0,30,,61055,5,,,0,70,,61056,5,,,0,31,,61057,5,,,0,69,,61058,5,,,0,30,,61059,5,,,0,70,,61060,5,,,0,100,,61061,5,,,0,100,,61062,5,,,0,100,,61063,5,,,0,100,,61064,5,,,0,100,,61065,5,,,0
5201,'20260319',606,,61066,5,,,0,30,,61067,5,,,0,70,,61068,5,,,0,30,,61069,5,,,0,70,,61070,5,,,0,30,,61071,5,,,0,70,,61072,5,,,0,100,,61073,5,,,0,100,,61074,5,,,0,100,,61075,5,,,0,100,,61076,5,,,0,100,,61077,5,,,0,100,,61078,5,,,0,30,,61079,5,,,0,70,,61080,5,,,0,31,,61081,5,,,0,69,,61082,5,,,0,30,,61083,5,,,0,70,,61084,5,,,0,100,,61085,5,,,0,100,,61086,5,,,0,100,,61087,5,,,0,100,,61088,5,,,0,100,,61089,5,,,0
5201,'20260320',606,,61090,5,,,0,30,,61091,5,,,0,70,,61092,5,,,0,30,,61093,5,,,0,70,,61094,5,,,0,30,,61095,5,,,0,70,,61096,5,,,0,100,,61097,5,,,0,100,,61098,5,,,0,100,,61099,5,,,0,100,,61100,5,,,0,100,,61101,5,,,0,100,,61102,5,,,0,30,,61103,5,,,0,70,,61104,5,,,0,31,,61105,5,,,0,69,,61106,5,,,0,30,,61107,5,,,0,70,,61108,5,,,0,100,,61109,5,,,0,100,,61110,5,,,0,100,,61111,5,,,0,100,,61112,5,,,0,100,,61113,5,,,0
5201,'20260321',706,,61114,5,,,0,100,,61115,5,,,0,100,,61116,5,,,0,100,,61117,5,,,0,100,,61118,5,,,0,100,,61119,5,,,0,100,,61120,5,,,0,100,,61121,5,,,0,96,,61122,5,,,0,104,,61123,5,,,0,100,,61124,5,,,0,100,,61125,5,,,0,100,,61126,5,,,0,100,,61129,5,,,0,100,,61127,5,,,0,100,,61130,5,,,0,100,,61128,5,,,0
5201,'20260322',706,,61147,5,,,0,100,,61143,5,,,0,100,,61142,5,,,0,100,,61131,5,,,0,100,,61132,5,,,0,100,,61133,5,,,0,100,,61134,5,,,0,100,,61135,5,,,0,96,,61136,5,,,0,104,,61137,5,,,0,100,,61138,5,,,0,100,,61139,5,,,0,100,,61144,5,,,0,100,,61140,5,,,0,100,,61145,5,,,0,100,,61141,5,,,0,100,,61146,5,,,0
5201,'20260323',606,,61171,5,,,0,30,,61148,5,,,0,70,,61149,5,,,0,35,,61150,5,,,0,65,,61151,5,,,0,30,,61152,5,,,0,70,,61153,5,,,0,100,,61170,5,,,0,100,,61154,5,,,0,100,,61155,5,,,0,100,,61156,5,,,0,100,,61157,5,,,0,100,,61158,5,,,0,30,,61159,5,,,0,70,,61160,5,,,0,31,,61161,5,,,0,69,,61162,5,,,0,30,,61163,5,,,0,70,,61164,5,,,0,100,,61165,5,,,0,100,,61166,5,,,0,100,,61167,5,,,0,100,,61168,5,,,0,100,,61169,5,,,0
5201,'20260324',606,,61195,5,,,0,30,,61172,5,,,0,70,,61173,5,,,0,35,,61174,5,,,0,65,,61175,5,,,0,30,,61176,5,,,0,70,,61177,5,,,0,100,,61194,5,,,0,100,,61178,5,,,0,100,,61179,5,,,0,100,,61180,5,,,0,100,,61181,5,,,0,100,,61182,5,,,0,30,,61183,5,,,0,70,,61184,5,,,0,31,,61185,5,,,0,69,,61186,5,,,0,30,,61187,5,,,0,70,,61188,5,,,0,100,,61189,5,,,0,100,,61190,5,,,0,100,,61191,5,,,0,100,,61192,5,,,0,100,,61193,5,,,0
5201,'20260325',606,,61219,5,,,0,30,,61196,5,,,0,70,,61197,5,,,0,35,,61198,5,,,0,65,,61199,5,,,0,30,,61200,5,,,0,70,,61201,5,,,0,100,,61218,5,,,0,100,,61202,5,,,0,100,,61203,5,,,0,100,,61204,5,,,0,100,,61205,5,,,0,100,,61206,5,,,0,30,,61207,5,,,0,70,,61208,5,,,0,31,,61209,5,,,0,69,,61210,5,,,0,30,,61211,5,,,0,70,,61212,5,,,0,100,,61213,5,,,0,100,,61214,5,,,0,100,,61215,5,,,0,100,,61216,5,,,0,100,,61217,5,,,0
5201,'20260326',606,,61243,5,,,0,30,,61220,5,,,0,70,,61221,5,,,0,35,,61222,5,,,0,65,,61223,5,,,0,30,,61224,5,,,0,70,,61225,5,,,0,100,,61242,5,,,0,100,,61226,5,,,0,100,,61227,5,,,0,100,,61228,5,,,0,100,,61229,5,,,0,100,,61230,5,,,0,30,,61231,5,,,0,70,,61232,5,,,0,31,,61233,5,,,0,69,,61234,5,,,0,30,,61235,5,,,0,70,,61236,5,,,0,100,,61237,5,,,0,100,,61238,5,,,0,100,,61239,5,,,0,100,,61240,5,,,0,100,,61241,5,,,0
5201,'20260327',606,,61267,5,,,0,30,,61244,5,,,0,70,,61245,5,,,0,35,,61246,5,,,0,65,,61247,5,,,0,30,,61248,5,,,0,70,,61249,5,,,0,100,,61266,5,,,0,100,,61250,5,,,0,100,,61251,5,,,0,100,,61252,5,,,0,100,,61253,5,,,0,100,,61254,5,,,0,30,,61255,5,,,0,70,,61256,5,,,0,31,,61257,5,,,0,69,,61258,5,,,0,30,,61259,5,,,0,70,,61260,5,,,0,100,,61261,5,,,0,100,,61262,5,,,0,100,,61263,5,,,0,100,,61264,5,,,0,100,,61265,5,,,0
5201,'20260328',706,,61268,5,,,0,100,,61269,5,,,0,100,,61270,5,,,0,100,,61271,5,,,0,100,,61272,5,,,0,100,,61273,5,,,0,100,,61274,5,,,0,100,,61275,5,,,0,96,,61276,5,,,0,104,,61277,5,,,0,100,,61278,5,,,0,100,,61279,5,,,0,100,,61280,5,,,0,100,,61283,5,,,0,100,,61281,5,,,0,100,,61284,5,,,0,100,,61282,5,,,0
5201,'20260329',706,,61301,5,,,0,100,,61297,5,,,0,100,,61296,5,,,0,100,,61285,5,,,0,100,,61286,5,,,0,100,,61287,5,,,0,100,,61288,5,,,0,100,,61289,5,,,0,96,,61290,5,,,0,104,,61291,5,,,0,100,,61292,5,,,0,100,,61293,5,,,0,100,,61298,5,,,0,100,,61294,5,,,0,100,,61299,5,,,0,100,,61295,5,,,0,100,,61300,5,,,0
5201,'20260330',606,,61325,5,,,0,30,,61302,5,,,0,70,,61303,5,,,0,35,,61304,5,,,0,65,,61305,5,,,0,30,,61306,5,,,0,70,,61307,5,,,0,100,,61324,5,,,0,100,,61308,5,,,0,100,,61309,5,,,0,100,,61310,5,,,0,100,,61311,5,,,0,100,,61312,5,,,0,30,,61313,5,,,0,70,,61314,5,,,0,31,,61315,5,,,0,69,,61316,5,,,0,30,,61317,5,,,0,70,,61318,5,,,0,100,,61319,5,,,0,100,,61320,5,,,0,100,,61321,5,,,0,100,,61322,5,,,0,100,,61323,5,,,0
5201,'20260331',606,,61349,5,,,0,30,,61326,5,,,0,70,,61327,5,,,0,35,,61328,5,,,0,65,,61329,5,,,0,30,,61330,5,,,0,70,,61331,5,,,0,100,,61348,5,,,0,100,,61332,5,,,0,100,,61333,5,,,0,100,,61334,5,,,0,100,,61335,5,,,0,100,,61336,5,,,0,30,,61337,5,,,0,70,,61338,5,,,0,31,,61339,5,,,0,69,,61340,5,,,0,30,,61341,5,,,0,70,,61342,5,,,0,100,,61343,5,,,0,100,,61344,5,,,0,100,,61345,5,,,0,100,,61346,5,,,0,100,,61347,5,,,0
