7900,'20260717',702,,949949,20,,,0,100,,949950,20,,,0,100,,949951,20,,,0,100,,949952,20,,,0,100,,949953,20,,,0,100,,949954,20,,,0,101,,949955,20,,,0,99,,949956,20,,,0,100,,949957,20,,,0,101,,949958,20,,,0,102,,949959,20,,,0,98,,949960,20,,,0,99,,949961,20,,,0,100,,949962,20,,,0,100,,949963,20,,,0,99,,949964,20,,,0,100,,949965,20,,,0
7900,'20260718',731,,980403,20,,,0,70,,980404,20,,,0,100,,980405,20,,,0,100,,980406,20,,,0,100,,980407,20,,,0,100,,980408,20,,,0,100,,980409,20,,,0,101,,980410,20,,,0,100,,980411,20,,,0,100,,980412,20,,,0,100,,980413,20,,,0,100,,980414,20,,,0,99,,980415,20,,,0,100,,980416,20,,,0,100,,980417,20,,,0,100,,980418,20,,,0,100,,980419,20,,,0
7900,'20260719',731,,980420,20,,,0,70,,980421,20,,,0,100,,980422,20,,,0,100,,980423,20,,,0,100,,980424,20,,,0,100,,980425,20,,,0,100,,980426,20,,,0,101,,980427,20,,,0,100,,980428,20,,,0,100,,980429,20,,,0,100,,980430,20,,,0,100,,980431,20,,,0,99,,980432,20,,,0,100,,980433,20,,,0,100,,980434,20,,,0,100,,980435,20,,,0,100,,980436,20,,,0
7900,'20260720',702,,980437,20,,,0,100,,980438,20,,,0,100,,980439,20,,,0,100,,980440,20,,,0,100,,980441,20,,,0,100,,980442,20,,,0,101,,980443,20,,,0,99,,980444,20,,,0,100,,980445,20,,,0,101,,980446,20,,,0,102,,980447,20,,,0,98,,980448,20,,,0,99,,980449,20,,,0,100,,980450,20,,,0,100,,980451,20,,,0,99,,980452,20,,,0,100,,980453,20,,,0
7900,'20260721',702,,980454,20,,,0,100,,980455,20,,,0,100,,980456,20,,,0,100,,980457,20,,,0,100,,980458,20,,,0,100,,980459,20,,,0,101,,980460,20,,,0,99,,980461,20,,,0,100,,980462,20,,,0,101,,980463,20,,,0,102,,980464,20,,,0,98,,980465,20,,,0,99,,980466,20,,,0,100,,980467,20,,,0,100,,980468,20,,,0,99,,980469,20,,,0,100,,980470,20,,,0
7900,'20260722',702,,980471,20,,,0,100,,980472,20,,,0,100,,980473,20,,,0,100,,980474,20,,,0,100,,980475,20,,,0,100,,980476,20,,,0,101,,980477,20,,,0,99,,980478,20,,,0,100,,980479,20,,,0,101,,980480,20,,,0,102,,980481,20,,,0,98,,980482,20,,,0,99,,980483,20,,,0,100,,980484,20,,,0,100,,980485,20,,,0,99,,980486,20,,,0,100,,980487,20,,,0
7900,'20260723',702,,980488,20,,,0,100,,980489,20,,,0,100,,980490,20,,,0,100,,980491,20,,,0,100,,980492,20,,,0,100,,980493,20,,,0,101,,980494,20,,,0,99,,980495,20,,,0,100,,980496,20,,,0,101,,980497,20,,,0,102,,980498,20,,,0,98,,980499,20,,,0,99,,980500,20,,,0,100,,980501,20,,,0,100,,980502,20,,,0,99,,980503,20,,,0,100,,980504,20,,,0
7900,'20260724',702,,949981,20,,,0,100,,949979,20,,,0,100,,949982,20,,,0,100,,949980,20,,,0,100,,949966,20,,,0,100,,949967,20,,,0,101,,949968,20,,,0,99,,949969,20,,,0,100,,949970,20,,,0,101,,949971,20,,,0,102,,949972,20,,,0,98,,949973,20,,,0,99,,949974,20,,,0,100,,949975,20,,,0,100,,949976,20,,,0,99,,949977,20,,,0,100,,949978,20,,,0
7900,'20260725',731,,949999,20,,,0,70,,949990,20,,,0,100,,949991,20,,,0,100,,949992,20,,,0,100,,949988,20,,,0,100,,949994,20,,,0,100,,949983,20,,,0,101,,949995,20,,,0,100,,949989,20,,,0,100,,949997,20,,,0,100,,949984,20,,,0,100,,949985,20,,,0,99,,949998,20,,,0,100,,949996,20,,,0,100,,949986,20,,,0,100,,949993,20,,,0,100,,949987,20,,,0
7900,'20260726',731,,950016,20,,,0,70,,950007,20,,,0,100,,950008,20,,,0,100,,950009,20,,,0,100,,950004,20,,,0,100,,950010,20,,,0,100,,950000,20,,,0,101,,950011,20,,,0,100,,950005,20,,,0,100,,950012,20,,,0,100,,950001,20,,,0,100,,950002,20,,,0,99,,950013,20,,,0,100,,950014,20,,,0,100,,950006,20,,,0,100,,950015,20,,,0,100,,950003,20,,,0
7900,'20260727',702,,950032,20,,,0,100,,950030,20,,,0,100,,950033,20,,,0,100,,950031,20,,,0,100,,950017,20,,,0,100,,950018,20,,,0,101,,950019,20,,,0,99,,950020,20,,,0,100,,950021,20,,,0,101,,950022,20,,,0,102,,950023,20,,,0,98,,950024,20,,,0,99,,950025,20,,,0,100,,950026,20,,,0,100,,950027,20,,,0,99,,950028,20,,,0,100,,950029,20,,,0
7900,'20260728',702,,950049,20,,,0,100,,950047,20,,,0,100,,950050,20,,,0,100,,950048,20,,,0,100,,950034,20,,,0,100,,950035,20,,,0,101,,950036,20,,,0,99,,950037,20,,,0,100,,950038,20,,,0,101,,950039,20,,,0,102,,950040,20,,,0,98,,950041,20,,,0,99,,950042,20,,,0,100,,950043,20,,,0,100,,950044,20,,,0,99,,950045,20,,,0,100,,950046,20,,,0
7900,'20260729',702,,980520,20,,,0,100,,980518,20,,,0,100,,980521,20,,,0,100,,980519,20,,,0,100,,980505,20,,,0,100,,980506,20,,,0,101,,980507,20,,,0,99,,980508,20,,,0,100,,980509,20,,,0,101,,980510,20,,,0,102,,980511,20,,,0,98,,980512,20,,,0,99,,980513,20,,,0,100,,980514,20,,,0,100,,980515,20,,,0,99,,980516,20,,,0,100,,980517,20,,,0
7900,'20260730',702,,980537,20,,,0,100,,980535,20,,,0,100,,980538,20,,,0,100,,980536,20,,,0,100,,980522,20,,,0,100,,980523,20,,,0,101,,980524,20,,,0,99,,980525,20,,,0,100,,980526,20,,,0,101,,980527,20,,,0,102,,980528,20,,,0,98,,980529,20,,,0,99,,980530,20,,,0,100,,980531,20,,,0,100,,980532,20,,,0,99,,980533,20,,,0,100,,980534,20,,,0
7900,'20260731',702,,980554,20,,,0,100,,980552,20,,,0,100,,980555,20,,,0,100,,980553,20,,,0,100,,980539,20,,,0,100,,980540,20,,,0,101,,980541,20,,,0,99,,980542,20,,,0,100,,980543,20,,,0,101,,980544,20,,,0,102,,980545,20,,,0,98,,980546,20,,,0,99,,980547,20,,,0,100,,980548,20,,,0,100,,980549,20,,,0,99,,980550,20,,,0,100,,980551,20,,,0
27900,'20260717',1640,,955041,27,4,,0,70,,955042,27,4,,0,36,,955043,27,4,,0,72,,955044,27,4,,0
27900,'20260720',1640,,986234,27,4,,0,70,,986235,27,4,,0,36,,986236,27,4,,0,72,,986237,27,4,,0
27900,'20260721',1640,,986238,27,4,,0,70,,986239,27,4,,0,36,,986240,27,4,,0,72,,986241,27,4,,0
27900,'20260722',1640,,986242,27,4,,0,70,,986243,27,4,,0,36,,986244,27,4,,0,72,,986245,27,4,,0
27900,'20260723',1640,,986246,27,4,,0,70,,986247,27,4,,0,36,,986248,27,4,,0,72,,986249,27,4,,0
27900,'20260724',1640,,955045,27,4,,0,70,,955048,27,4,,0,36,,955047,27,4,,0,72,,955046,27,4,,0
27900,'20260727',1640,,955049,27,4,,0,70,,955052,27,4,,0,36,,955051,27,4,,0,72,,955050,27,4,,0
27900,'20260728',1640,,955053,27,4,,0,70,,955056,27,4,,0,36,,955055,27,4,,0,72,,955054,27,4,,0
27900,'20260729',1640,,986250,27,4,,0,70,,986253,27,4,,0,36,,986252,27,4,,0,72,,986251,27,4,,0
27900,'20260730',1640,,986254,27,4,,0,70,,986257,27,4,,0,36,,986256,27,4,,0,72,,986255,27,4,,0
27900,'20260731',1640,,986258,27,4,,0,70,,986261,27,4,,0,36,,986260,27,4,,0,72,,986259,27,4,,0
