3601,'20260619',609,,743612,17,,,0,30,,743613,17,,,0,66,,743614,17,,,0,29,,743615,17,,,0,71,,743616,17,,,0,103,,743617,17,,,0,100,,743618,17,,,0,100,,743619,17,,,0,99,,743620,17,,,0,100,,743621,17,,,0,101,,743622,17,,,0,98,,743623,17,,,0,99,,743624,17,,,0,101,,743625,17,,,0,102,,743626,17,,,0,102,,743627,17,,,0,100,,743628,17,,,0,100,,743629,17,,,0,100,,743630,17,,,0,100,,743631,17,,,0
3601,'20260620',611,,772903,17,,,0,98,,772904,17,,,0,100,,772905,17,,,0,100,,772906,17,,,0,99,,772907,17,,,0,99,,772908,17,,,0,100,,772909,17,,,0,100,,772910,17,,,0,100,,772911,17,,,0,101,,772912,17,,,0,100,,772913,17,,,0,101,,772914,17,,,0,100,,772915,17,,,0,100,,772916,17,,,0,100,,772917,17,,,0,102,,772918,17,,,0,100,,772919,17,,,0,100,,772920,17,,,0
3601,'20260621',611,,772921,17,,,0,98,,772922,17,,,0,100,,772923,17,,,0,100,,772924,17,,,0,99,,772925,17,,,0,99,,772926,17,,,0,100,,772927,17,,,0,100,,772928,17,,,0,100,,772929,17,,,0,101,,772930,17,,,0,100,,772931,17,,,0,101,,772932,17,,,0,100,,772933,17,,,0,100,,772934,17,,,0,100,,772935,17,,,0,102,,772936,17,,,0,100,,772937,17,,,0,100,,772938,17,,,0
3601,'20260622',609,,772939,17,,,0,30,,772940,17,,,0,66,,772941,17,,,0,29,,772942,17,,,0,71,,772943,17,,,0,103,,772944,17,,,0,100,,772945,17,,,0,100,,772946,17,,,0,99,,772947,17,,,0,100,,772948,17,,,0,101,,772949,17,,,0,98,,772950,17,,,0,99,,772951,17,,,0,101,,772952,17,,,0,102,,772953,17,,,0,102,,772954,17,,,0,100,,772955,17,,,0,100,,772956,17,,,0,100,,772957,17,,,0,100,,772958,17,,,0
3601,'20260623',609,,772959,17,,,0,30,,772960,17,,,0,66,,772961,17,,,0,29,,772962,17,,,0,71,,772963,17,,,0,103,,772964,17,,,0,100,,772965,17,,,0,100,,772966,17,,,0,99,,772967,17,,,0,100,,772968,17,,,0,101,,772969,17,,,0,98,,772970,17,,,0,99,,772971,17,,,0,101,,772972,17,,,0,102,,772973,17,,,0,102,,772974,17,,,0,100,,772975,17,,,0,100,,772976,17,,,0,100,,772977,17,,,0,100,,772978,17,,,0
3601,'20260624',611,,772979,17,,,0,98,,772980,17,,,0,100,,772981,17,,,0,100,,772982,17,,,0,99,,772983,17,,,0,99,,772984,17,,,0,100,,772985,17,,,0,100,,772986,17,,,0,100,,772987,17,,,0,101,,772988,17,,,0,100,,772989,17,,,0,101,,772990,17,,,0,100,,772991,17,,,0,100,,772992,17,,,0,100,,772993,17,,,0,102,,772994,17,,,0,100,,772995,17,,,0,100,,772996,17,,,0
3601,'20260625',609,,708817,17,,,0,30,,708818,17,,,0,66,,708819,17,,,0,29,,708820,17,,,0,71,,708821,17,,,0,103,,708822,17,,,0,100,,708823,17,,,0,100,,708824,17,,,0,99,,708825,17,,,0,100,,708826,17,,,0,101,,708827,17,,,0,98,,708828,17,,,0,99,,708829,17,,,0,101,,708830,17,,,0,102,,708831,17,,,0,102,,708832,17,,,0,100,,708833,17,,,0,100,,708834,17,,,0,100,,708836,17,,,0,100,,708835,17,,,0
3601,'20260626',609,,708837,17,,,0,30,,708838,17,,,0,66,,708839,17,,,0,29,,708840,17,,,0,71,,708841,17,,,0,103,,708842,17,,,0,100,,708843,17,,,0,100,,708844,17,,,0,99,,708845,17,,,0,100,,708846,17,,,0,101,,708847,17,,,0,98,,708848,17,,,0,99,,708849,17,,,0,101,,708850,17,,,0,102,,708851,17,,,0,102,,708852,17,,,0,100,,708853,17,,,0,100,,708854,17,,,0,100,,708856,17,,,0,100,,708855,17,,,0
3601,'20260627',611,,743725,17,,,0,98,,743708,17,,,0,100,,743709,17,,,0,100,,743710,17,,,0,99,,743711,17,,,0,99,,743712,17,,,0,100,,743713,17,,,0,100,,743714,17,,,0,100,,743715,17,,,0,101,,743716,17,,,0,100,,743717,17,,,0,101,,743718,17,,,0,100,,743719,17,,,0,100,,743720,17,,,0,100,,743724,17,,,0,102,,743721,17,,,0,100,,743723,17,,,0,100,,743722,17,,,0
3601,'20260628',611,,743743,17,,,0,98,,743736,17,,,0,100,,743741,17,,,0,100,,743735,17,,,0,99,,743734,17,,,0,99,,743733,17,,,0,100,,743732,17,,,0,100,,743731,17,,,0,100,,743730,17,,,0,101,,743729,17,,,0,100,,743728,17,,,0,101,,743727,17,,,0,100,,743726,17,,,0,100,,743740,17,,,0,100,,743742,17,,,0,102,,743739,17,,,0,100,,743738,17,,,0,100,,743737,17,,,0
3601,'20260629',609,,743744,17,,,0,30,,743745,17,,,0,66,,743746,17,,,0,29,,743747,17,,,0,71,,743748,17,,,0,103,,743749,17,,,0,100,,743750,17,,,0,100,,743751,17,,,0,99,,743752,17,,,0,100,,743753,17,,,0,101,,743754,17,,,0,98,,743755,17,,,0,99,,743756,17,,,0,101,,743757,17,,,0,102,,743758,17,,,0,102,,743759,17,,,0,100,,743760,17,,,0,100,,743761,17,,,0,100,,743763,17,,,0,100,,743762,17,,,0
3601,'20260630',609,,743764,17,,,0,30,,743765,17,,,0,66,,743766,17,,,0,29,,743767,17,,,0,71,,743768,17,,,0,103,,743769,17,,,0,100,,743770,17,,,0,100,,743771,17,,,0,99,,743772,17,,,0,100,,743773,17,,,0,101,,743774,17,,,0,98,,743775,17,,,0,99,,743776,17,,,0,101,,743777,17,,,0,102,,743778,17,,,0,102,,743779,17,,,0,100,,743780,17,,,0,100,,743781,17,,,0,100,,743783,17,,,0,100,,743782,17,,,0
3601,'20260701',611,,773014,17,,,0,98,,773007,17,,,0,100,,773012,17,,,0,100,,773006,17,,,0,99,,773005,17,,,0,99,,773004,17,,,0,100,,773003,17,,,0,100,,773002,17,,,0,100,,773001,17,,,0,101,,773000,17,,,0,100,,772999,17,,,0,101,,772998,17,,,0,100,,772997,17,,,0,100,,773011,17,,,0,100,,773013,17,,,0,102,,773010,17,,,0,100,,773009,17,,,0,100,,773008,17,,,0
3601,'20260702',609,,773015,17,,,0,30,,773016,17,,,0,66,,773017,17,,,0,29,,773018,17,,,0,71,,773019,17,,,0,103,,773020,17,,,0,100,,773021,17,,,0,100,,773022,17,,,0,99,,773023,17,,,0,100,,773024,17,,,0,101,,773025,17,,,0,98,,773026,17,,,0,99,,773027,17,,,0,101,,773028,17,,,0,102,,773029,17,,,0,102,,773030,17,,,0,100,,773031,17,,,0,100,,773032,17,,,0,100,,773034,17,,,0,100,,773033,17,,,0
3601,'20260703',609,,773035,17,,,0,30,,773036,17,,,0,66,,773037,17,,,0,29,,773038,17,,,0,71,,773039,17,,,0,103,,773040,17,,,0,100,,773041,17,,,0,100,,773042,17,,,0,99,,773043,17,,,0,100,,773044,17,,,0,101,,773045,17,,,0,98,,773046,17,,,0,99,,773047,17,,,0,101,,773048,17,,,0,102,,773049,17,,,0,102,,773050,17,,,0,100,,773051,17,,,0,100,,773052,17,,,0,100,,773054,17,,,0,100,,773053,17,,,0
23601,'20260619',630,,754547,16,,,0,9,,754548,16,,,0,68,,754549,16,,,0,25,,754550,16,,,0,78,,754551,16,,,0
23601,'20260622',630,,782457,16,,,0,10,,782458,16,,,0,72,,782459,16,,,0,29,,782460,16,,,0,71,,782461,16,,,0
23601,'20260623',630,,782462,16,,,0,10,,782463,16,,,0,72,,782464,16,,,0,29,,782465,16,,,0,71,,782466,16,,,0
23601,'20260625',630,,721421,16,,,0,10,,721422,16,,,0,72,,721425,16,,,0,29,,721423,16,,,0,71,,721424,16,,,0
23601,'20260626',630,,721426,16,,,0,10,,721427,16,,,0,72,,721430,16,,,0,29,,721428,16,,,0,71,,721429,16,,,0
23601,'20260629',630,,754562,16,,,0,10,,754563,16,,,0,72,,754566,16,,,0,29,,754564,16,,,0,71,,754565,16,,,0
23601,'20260630',630,,754567,16,,,0,10,,754568,16,,,0,72,,754571,16,,,0,29,,754569,16,,,0,71,,754570,16,,,0
23601,'20260702',630,,782467,16,,,0,10,,782468,16,,,0,72,,782471,16,,,0,29,,782469,16,,,0,71,,782470,16,,,0
23601,'20260703',630,,782472,16,,,0,10,,782473,16,,,0,72,,782476,16,,,0,29,,782474,16,,,0,71,,782475,16,,,0
33601,'20260619',647,,755671,16,,,0
33801,'20260619',634,,755688,10,,,0,11,,755689,10,,,0,4,,755690,10,,,0,70,,755691,10,,,0,339,,755692,10,,,0
53601,'20260619',652,,755986,16,,,0,68,,755987,16,,,0
53601,'20260622',643,,783517,16,,,0,67,,783518,16,,,0
53601,'20260623',643,,783519,16,,,0,67,,783520,16,,,0
53601,'20260625',643,,723717,16,,,0,67,,723718,16,,,0
53601,'20260626',643,,723719,16,,,0,67,,723720,16,,,0
53601,'20260629',643,,755992,16,,,0,67,,755993,16,,,0
53601,'20260630',643,,755994,16,,,0,67,,755995,16,,,0
53601,'20260702',643,,783521,16,,,0,67,,783522,16,,,0
53601,'20260703',643,,783523,16,,,0,67,,783524,16,,,0
53801,'20260619',626,,756037,10,,,0,29,,756038,10,,,0,70,,756039,10,,,0
53801,'20260622',624,,783557,10,,,0,27,,783558,10,,,0
53801,'20260623',624,,783559,10,,,0,27,,783560,10,,,0
53801,'20260625',624,,723795,10,,,0,27,,723796,10,,,0
53801,'20260626',624,,723797,10,,,0,27,,723798,10,,,0
53801,'20260629',624,,756044,10,,,0,27,,756045,10,,,0
53801,'20260630',624,,756046,10,,,0,27,,756047,10,,,0
53801,'20260702',624,,783561,10,,,0,27,,783562,10,,,0
53801,'20260703',624,,783563,10,,,0,27,,783564,10,,,0
