7400,'20260512',709,,446995,27,,,1,98,,446996,27,,,1,102,,446997,27,,,1,100,,446998,27,,,1,99,,446999,27,,,1,100,,447000,27,,,1,100,,447001,27,,,1,100,,447002,27,,,1,100,,447003,27,,,1,97,,447004,27,,,1,102,,447005,27,,,1,102,,447006,27,,,1,101,,447007,27,,,1,100,,447008,27,,,1,100,,447009,27,,,1,100,,447010,27,,,1,101,,447011,27,,,1
7400,'20260513',709,,472155,27,,,1,98,,472156,27,,,1,102,,472157,27,,,1,100,,472158,27,,,1,99,,472159,27,,,1,100,,472160,27,,,1,100,,472161,27,,,1,100,,472162,27,,,1,100,,472163,27,,,1,97,,472164,27,,,1,102,,472165,27,,,1,102,,472166,27,,,1,101,,472167,27,,,1,100,,472168,27,,,1,100,,472169,27,,,1,100,,472170,27,,,1,101,,472171,27,,,1
7400,'20260514',709,,472176,27,,,1,98,,472177,27,,,1,102,,472178,27,,,1,100,,472179,27,,,1,99,,472180,27,,,1,100,,472181,27,,,1,100,,472182,27,,,1,100,,472183,27,,,1,100,,472184,27,,,1,97,,472185,27,,,1,102,,472186,27,,,1,102,,472187,27,,,1,101,,472188,27,,,1,100,,472189,27,,,1,100,,472190,27,,,1,100,,472191,27,,,1,101,,472192,27,,,1
7400,'20260515',709,,472197,27,,,1,98,,472198,27,,,1,102,,472199,27,,,1,100,,472200,27,,,1,99,,472201,27,,,1,100,,472202,27,,,1,100,,472203,27,,,1,100,,472204,27,,,1,100,,472205,27,,,1,97,,472206,27,,,1,102,,472207,27,,,1,102,,472208,27,,,1,101,,472209,27,,,1,100,,472210,27,,,1,100,,472211,27,,,1,100,,472212,27,,,1,101,,472213,27,,,1
7400,'20260516',811,,428506,27,,,1,99,,428520,27,,,1,99,,428521,27,,,1,100,,428507,27,,,1,99,,428508,27,,,1,100,,428509,27,,,1,100,,428510,27,,,1,100,,428511,27,,,1,100,,428512,27,,,1,100,,428513,27,,,1,102,,428514,27,,,1,101,,428515,27,,,1,100,,428516,27,,,1,100,,428517,27,,,1,100,,428518,27,,,1,100,,428519,27,,,1,131,,428522,27,,,1
7400,'20260517',811,,428523,27,,,1,99,,428537,27,,,1,99,,428524,27,,,1,100,,428538,27,,,1,99,,428531,27,,,1,100,,428532,27,,,1,100,,428533,27,,,1,100,,428534,27,,,1,100,,428535,27,,,1,100,,428536,27,,,1,102,,428525,27,,,1,101,,428529,27,,,1,100,,428530,27,,,1,100,,428526,27,,,1,100,,428527,27,,,1,100,,428528,27,,,1,131,,428539,27,,,1
7400,'20260518',811,,428540,27,,,1,99,,428554,27,,,1,99,,428541,27,,,1,100,,428555,27,,,1,99,,428548,27,,,1,100,,428549,27,,,1,100,,428550,27,,,1,100,,428551,27,,,1,100,,428552,27,,,1,100,,428553,27,,,1,102,,428542,27,,,1,101,,428546,27,,,1,100,,428547,27,,,1,100,,428543,27,,,1,100,,428544,27,,,1,100,,428545,27,,,1,131,,428556,27,,,1
7400,'20260519',709,,428570,27,,,1,98,,428557,27,,,1,102,,428558,27,,,1,100,,428559,27,,,1,99,,428560,27,,,1,100,,428561,27,,,1,100,,428562,27,,,1,100,,428563,27,,,1,100,,428564,27,,,1,97,,428565,27,,,1,102,,428566,27,,,1,102,,428567,27,,,1,101,,428571,27,,,1,100,,428572,27,,,1,100,,428568,27,,,1,100,,428573,27,,,1,101,,428569,27,,,1
7400,'20260520',709,,447029,27,,,1,98,,447016,27,,,1,102,,447017,27,,,1,100,,447018,27,,,1,99,,447019,27,,,1,100,,447020,27,,,1,100,,447021,27,,,1,100,,447022,27,,,1,100,,447023,27,,,1,97,,447024,27,,,1,102,,447025,27,,,1,102,,447026,27,,,1,101,,447030,27,,,1,100,,447031,27,,,1,100,,447027,27,,,1,100,,447032,27,,,1,101,,447028,27,,,1
7400,'20260521',709,,447050,27,,,1,98,,447037,27,,,1,102,,447038,27,,,1,100,,447039,27,,,1,99,,447040,27,,,1,100,,447041,27,,,1,100,,447042,27,,,1,100,,447043,27,,,1,100,,447044,27,,,1,97,,447045,27,,,1,102,,447046,27,,,1,102,,447047,27,,,1,101,,447051,27,,,1,100,,447052,27,,,1,100,,447048,27,,,1,100,,447053,27,,,1,101,,447049,27,,,1
7400,'20260522',709,,472231,27,,,1,98,,472218,27,,,1,102,,472219,27,,,1,100,,472220,27,,,1,99,,472221,27,,,1,100,,472222,27,,,1,100,,472223,27,,,1,100,,472224,27,,,1,100,,472225,27,,,1,97,,472226,27,,,1,102,,472227,27,,,1,102,,472228,27,,,1,101,,472232,27,,,1,100,,472233,27,,,1,100,,472229,27,,,1,100,,472234,27,,,1,101,,472230,27,,,1
7400,'20260523',811,,472239,27,,,1,99,,472253,27,,,1,99,,472254,27,,,1,100,,472240,27,,,1,99,,472241,27,,,1,100,,472242,27,,,1,100,,472243,27,,,1,100,,472244,27,,,1,100,,472245,27,,,1,100,,472246,27,,,1,102,,472247,27,,,1,101,,472248,27,,,1,100,,472249,27,,,1,100,,472250,27,,,1,100,,472251,27,,,1,100,,472252,27,,,1,131,,472255,27,,,1
7400,'20260524',811,,472256,27,,,1,99,,472270,27,,,1,99,,472257,27,,,1,100,,472271,27,,,1,99,,472264,27,,,1,100,,472265,27,,,1,100,,472266,27,,,1,100,,472267,27,,,1,100,,472268,27,,,1,100,,472269,27,,,1,102,,472258,27,,,1,101,,472262,27,,,1,100,,472263,27,,,1,100,,472259,27,,,1,100,,472260,27,,,1,100,,472261,27,,,1,131,,472272,27,,,1
7400,'20260525',709,,472286,27,,,1,98,,472273,27,,,1,102,,472274,27,,,1,100,,472275,27,,,1,99,,472276,27,,,1,100,,472277,27,,,1,100,,472278,27,,,1,100,,472279,27,,,1,100,,472280,27,,,1,97,,472281,27,,,1,102,,472282,27,,,1,102,,472283,27,,,1,101,,472287,27,,,1,100,,472288,27,,,1,100,,472284,27,,,1,100,,472289,27,,,1,101,,472285,27,,,1
7400,'20260526',709,,472307,27,,,1,98,,472294,27,,,1,102,,472295,27,,,1,100,,472296,27,,,1,99,,472297,27,,,1,100,,472298,27,,,1,100,,472299,27,,,1,100,,472300,27,,,1,100,,472301,27,,,1,97,,472302,27,,,1,102,,472303,27,,,1,102,,472304,27,,,1,101,,472308,27,,,1,100,,472309,27,,,1,100,,472305,27,,,1,100,,472310,27,,,1,101,,472306,27,,,1
8400,'20260512',737,,448723,27,,,1,100,,448724,27,,,1,102,,448725,27,,,1,99,,448726,27,,,1,100,,448727,27,,,1,100,,448728,27,,,1,100,,448729,27,,,1,100,,448730,27,,,1,98,,448731,27,,,1,99,,448732,27,,,1,103,,448733,27,,,1,101,,448734,27,,,1,101,,448735,27,,,1,100,,448736,27,,,1,100,,448737,27,,,1,101,,448738,27,,,1,100,,448739,27,,,1
8400,'20260513',737,,474488,27,,,1,100,,474489,27,,,1,102,,474490,27,,,1,99,,474491,27,,,1,100,,474492,27,,,1,100,,474493,27,,,1,100,,474494,27,,,1,100,,474495,27,,,1,98,,474496,27,,,1,99,,474497,27,,,1,103,,474498,27,,,1,101,,474499,27,,,1,101,,474500,27,,,1,100,,474501,27,,,1,100,,474502,27,,,1,101,,474503,27,,,1,100,,474504,27,,,1
8400,'20260514',737,,474507,27,,,1,100,,474508,27,,,1,102,,474509,27,,,1,99,,474510,27,,,1,100,,474511,27,,,1,100,,474512,27,,,1,100,,474513,27,,,1,100,,474514,27,,,1,98,,474515,27,,,1,99,,474516,27,,,1,103,,474517,27,,,1,101,,474518,27,,,1,101,,474519,27,,,1,100,,474520,27,,,1,100,,474521,27,,,1,101,,474522,27,,,1,100,,474523,27,,,1
8400,'20260515',737,,474526,27,,,1,100,,474527,27,,,1,102,,474528,27,,,1,99,,474529,27,,,1,100,,474530,27,,,1,100,,474531,27,,,1,100,,474532,27,,,1,100,,474533,27,,,1,98,,474534,27,,,1,99,,474535,27,,,1,103,,474536,27,,,1,101,,474537,27,,,1,101,,474538,27,,,1,100,,474539,27,,,1,100,,474540,27,,,1,101,,474541,27,,,1,100,,474542,27,,,1
8400,'20260516',741,,429893,27,,,1,99,,429908,27,,,1,100,,429894,27,,,1,99,,429909,27,,,1,99,,429895,27,,,1,100,,429897,27,,,1,100,,429898,27,,,1,100,,429899,27,,,1,100,,429900,27,,,1,100,,429901,27,,,1,101,,429902,27,,,1,102,,429903,27,,,1,100,,429904,27,,,1,100,,429905,27,,,1,100,,429906,27,,,1,100,,429907,27,,,1,101,,429896,27,,,1
8400,'20260517',741,,429910,27,,,1,99,,429925,27,,,1,100,,429911,27,,,1,99,,429926,27,,,1,99,,429912,27,,,1,100,,429919,27,,,1,100,,429913,27,,,1,100,,429920,27,,,1,100,,429914,27,,,1,100,,429921,27,,,1,101,,429915,27,,,1,102,,429922,27,,,1,100,,429916,27,,,1,100,,429923,27,,,1,100,,429917,27,,,1,100,,429924,27,,,1,101,,429918,27,,,1
8400,'20260518',741,,429927,27,,,1,99,,429942,27,,,1,100,,429928,27,,,1,99,,429943,27,,,1,99,,429929,27,,,1,100,,429936,27,,,1,100,,429930,27,,,1,100,,429937,27,,,1,100,,429931,27,,,1,100,,429938,27,,,1,101,,429932,27,,,1,102,,429939,27,,,1,100,,429933,27,,,1,100,,429940,27,,,1,100,,429934,27,,,1,100,,429941,27,,,1,101,,429935,27,,,1
8400,'20260519',737,,429944,27,,,1,100,,429945,27,,,1,102,,429946,27,,,1,99,,429947,27,,,1,100,,429948,27,,,1,100,,429949,27,,,1,100,,429950,27,,,1,100,,429951,27,,,1,98,,429952,27,,,1,99,,429953,27,,,1,103,,429954,27,,,1,101,,429955,27,,,1,101,,429956,27,,,1,100,,429957,27,,,1,100,,429958,27,,,1,101,,429959,27,,,1,100,,429960,27,,,1
8400,'20260520',737,,448742,27,,,1,100,,448743,27,,,1,102,,448744,27,,,1,99,,448745,27,,,1,100,,448746,27,,,1,100,,448747,27,,,1,100,,448748,27,,,1,100,,448749,27,,,1,98,,448750,27,,,1,99,,448751,27,,,1,103,,448752,27,,,1,101,,448753,27,,,1,101,,448754,27,,,1,100,,448755,27,,,1,100,,448756,27,,,1,101,,448757,27,,,1,100,,448758,27,,,1
8400,'20260521',737,,448761,27,,,1,100,,448762,27,,,1,102,,448763,27,,,1,99,,448764,27,,,1,100,,448765,27,,,1,100,,448766,27,,,1,100,,448767,27,,,1,100,,448768,27,,,1,98,,448769,27,,,1,99,,448770,27,,,1,103,,448771,27,,,1,101,,448772,27,,,1,101,,448773,27,,,1,100,,448774,27,,,1,100,,448775,27,,,1,101,,448776,27,,,1,100,,448777,27,,,1
8400,'20260522',737,,474545,27,,,1,100,,474546,27,,,1,102,,474547,27,,,1,99,,474548,27,,,1,100,,474549,27,,,1,100,,474550,27,,,1,100,,474551,27,,,1,100,,474552,27,,,1,98,,474553,27,,,1,99,,474554,27,,,1,103,,474555,27,,,1,101,,474556,27,,,1,101,,474557,27,,,1,100,,474558,27,,,1,100,,474559,27,,,1,101,,474560,27,,,1,100,,474561,27,,,1
8400,'20260523',741,,474564,27,,,1,99,,474579,27,,,1,100,,474565,27,,,1,99,,474580,27,,,1,99,,474566,27,,,1,100,,474568,27,,,1,100,,474569,27,,,1,100,,474570,27,,,1,100,,474571,27,,,1,100,,474572,27,,,1,101,,474573,27,,,1,102,,474574,27,,,1,100,,474575,27,,,1,100,,474576,27,,,1,100,,474577,27,,,1,100,,474578,27,,,1,101,,474567,27,,,1
8400,'20260524',741,,474581,27,,,1,99,,474596,27,,,1,100,,474582,27,,,1,99,,474597,27,,,1,99,,474583,27,,,1,100,,474590,27,,,1,100,,474584,27,,,1,100,,474591,27,,,1,100,,474585,27,,,1,100,,474592,27,,,1,101,,474586,27,,,1,102,,474593,27,,,1,100,,474587,27,,,1,100,,474594,27,,,1,100,,474588,27,,,1,100,,474595,27,,,1,101,,474589,27,,,1
8400,'20260525',737,,474598,27,,,1,100,,474599,27,,,1,102,,474600,27,,,1,99,,474601,27,,,1,100,,474602,27,,,1,100,,474603,27,,,1,100,,474604,27,,,1,100,,474605,27,,,1,98,,474606,27,,,1,99,,474607,27,,,1,103,,474608,27,,,1,101,,474609,27,,,1,101,,474610,27,,,1,100,,474611,27,,,1,100,,474612,27,,,1,101,,474613,27,,,1,100,,474614,27,,,1
8400,'20260526',737,,474617,27,,,1,100,,474618,27,,,1,102,,474619,27,,,1,99,,474620,27,,,1,100,,474621,27,,,1,100,,474622,27,,,1,100,,474623,27,,,1,100,,474624,27,,,1,98,,474625,27,,,1,99,,474626,27,,,1,103,,474627,27,,,1,101,,474628,27,,,1,101,,474629,27,,,1,100,,474630,27,,,1,100,,474631,27,,,1,101,,474632,27,,,1,100,,474633,27,,,1
8600,'20260512',705,,449007,39,,,0,30,,449008,39,,,0,69,,449009,39,,,0,28,,449010,39,,,0,104,,449011,39,,,0,100,,449012,39,,,0,98,,449013,39,,,0,100,,449014,39,,,0,70,,449015,39,,,0,31,,449016,39,,,0,100,,449017,39,,,0,99,,449018,39,,,0,20,,449025,43,,,0,50,,449026,43,,,0,46,,449027,43,,,0,78,,449028,43,,,0,75,,449029,43,,,0,30,,449019,39,,,0,102,,449020,39,,,0,101,,449021,39,,,0,100,,449022,39,,,0,100,,449023,39,,,0,101,,449024,39,,,0
8600,'20260513',705,,474868,39,,,0,30,,474869,39,,,0,69,,474870,39,,,0,28,,474871,39,,,0,104,,474872,39,,,0,100,,474873,39,,,0,98,,474874,39,,,0,100,,474875,39,,,0,70,,474876,39,,,0,31,,474877,39,,,0,100,,474878,39,,,0,99,,474879,39,,,0,20,,474886,43,,,0,50,,474887,43,,,0,46,,474888,43,,,0,78,,474889,43,,,0,75,,474890,43,,,0,30,,474880,39,,,0,102,,474881,39,,,0,101,,474882,39,,,0,100,,474883,39,,,0,100,,474884,39,,,0,101,,474885,39,,,0
8600,'20260514',705,,474891,39,,,0,30,,474892,39,,,0,69,,474893,39,,,0,28,,474894,39,,,0,104,,474895,39,,,0,100,,474896,39,,,0,98,,474897,39,,,0,100,,474898,39,,,0,70,,474899,39,,,0,31,,474900,39,,,0,100,,474901,39,,,0,99,,474902,39,,,0,20,,474909,43,,,0,50,,474910,43,,,0,46,,474911,43,,,0,78,,474912,43,,,0,75,,474913,43,,,0,30,,474903,39,,,0,102,,474904,39,,,0,101,,474905,39,,,0,100,,474906,39,,,0,100,,474907,39,,,0,101,,474908,39,,,0
8600,'20260515',705,,474914,39,,,0,30,,474915,39,,,0,69,,474916,39,,,0,28,,474917,39,,,0,104,,474918,39,,,0,100,,474919,39,,,0,98,,474920,39,,,0,100,,474921,39,,,0,70,,474922,39,,,0,31,,474923,39,,,0,100,,474924,39,,,0,99,,474925,39,,,0,20,,474932,43,,,0,50,,474933,43,,,0,46,,474934,43,,,0,78,,474935,43,,,0,75,,474936,43,,,0,30,,474926,39,,,0,102,,474927,39,,,0,101,,474928,39,,,0,100,,474929,39,,,0,100,,474930,39,,,0,101,,474931,39,,,0
8600,'20260516',736,,430110,39,,,0,100,,430119,39,,,0,100,,430114,39,,,0,100,,430120,39,,,0,100,,430115,39,,,0,99,,430121,39,,,0,100,,430116,39,,,0,99,,430122,39,,,0,100,,430117,39,,,0,100,,430123,39,,,0,100,,430118,39,,,0,101,,430124,39,,,0,100,,430111,39,,,0,101,,430125,39,,,0,100,,430113,39,,,0,101,,430126,39,,,0,101,,430112,39,,,0,100,,430127,39,,,0
8600,'20260517',736,,430128,39,,,0,100,,430137,39,,,0,100,,430129,39,,,0,100,,430138,39,,,0,100,,430130,39,,,0,99,,430139,39,,,0,100,,430131,39,,,0,99,,430140,39,,,0,100,,430132,39,,,0,100,,430141,39,,,0,100,,430133,39,,,0,101,,430142,39,,,0,100,,430134,39,,,0,101,,430143,39,,,0,100,,430135,39,,,0,101,,430144,39,,,0,101,,430136,39,,,0,100,,430145,39,,,0
8600,'20260518',736,,430146,39,,,0,100,,430155,39,,,0,100,,430147,39,,,0,100,,430156,39,,,0,100,,430148,39,,,0,99,,430157,39,,,0,100,,430149,39,,,0,99,,430158,39,,,0,100,,430150,39,,,0,100,,430159,39,,,0,100,,430151,39,,,0,101,,430160,39,,,0,100,,430152,39,,,0,101,,430161,39,,,0,100,,430153,39,,,0,101,,430162,39,,,0,101,,430154,39,,,0,100,,430163,39,,,0
8600,'20260519',705,,430165,39,,,0,30,,430164,39,,,0,69,,430166,39,,,0,28,,430167,39,,,0,104,,430168,39,,,0,100,,430181,39,,,0,98,,430170,39,,,0,100,,430171,39,,,0,70,,430186,39,,,0,31,,430172,39,,,0,100,,430182,39,,,0,99,,430169,39,,,0,20,,430173,43,,,0,50,,430174,43,,,0,46,,430175,43,,,0,78,,430176,43,,,0,75,,430177,43,,,0,30,,430183,39,,,0,102,,430178,39,,,0,101,,430184,39,,,0,100,,430179,39,,,0,100,,430185,39,,,0,101,,430180,39,,,0
8600,'20260520',705,,449031,39,,,0,30,,449030,39,,,0,69,,449032,39,,,0,28,,449033,39,,,0,104,,449034,39,,,0,100,,449047,39,,,0,98,,449036,39,,,0,100,,449037,39,,,0,70,,449052,39,,,0,31,,449038,39,,,0,100,,449048,39,,,0,99,,449035,39,,,0,20,,449039,43,,,0,50,,449040,43,,,0,46,,449041,43,,,0,78,,449042,43,,,0,75,,449043,43,,,0,30,,449049,39,,,0,102,,449044,39,,,0,101,,449050,39,,,0,100,,449045,39,,,0,100,,449051,39,,,0,101,,449046,39,,,0
8600,'20260521',705,,449054,39,,,0,30,,449053,39,,,0,69,,449055,39,,,0,28,,449056,39,,,0,104,,449057,39,,,0,100,,449070,39,,,0,98,,449059,39,,,0,100,,449060,39,,,0,70,,449075,39,,,0,31,,449061,39,,,0,100,,449071,39,,,0,99,,449058,39,,,0,20,,449062,43,,,0,50,,449063,43,,,0,46,,449064,43,,,0,78,,449065,43,,,0,75,,449066,43,,,0,30,,449072,39,,,0,102,,449067,39,,,0,101,,449073,39,,,0,100,,449068,39,,,0,100,,449074,39,,,0,101,,449069,39,,,0
8600,'20260522',705,,474938,39,,,0,30,,474937,39,,,0,69,,474939,39,,,0,28,,474940,39,,,0,104,,474941,39,,,0,100,,474954,39,,,0,98,,474943,39,,,0,100,,474944,39,,,0,70,,474959,39,,,0,31,,474945,39,,,0,100,,474955,39,,,0,99,,474942,39,,,0,20,,474946,43,,,0,50,,474947,43,,,0,46,,474948,43,,,0,78,,474949,43,,,0,75,,474950,43,,,0,30,,474956,39,,,0,102,,474951,39,,,0,101,,474957,39,,,0,100,,474952,39,,,0,100,,474958,39,,,0,101,,474953,39,,,0
8600,'20260523',736,,474960,39,,,0,100,,474969,39,,,0,100,,474964,39,,,0,100,,474970,39,,,0,100,,474965,39,,,0,99,,474971,39,,,0,100,,474966,39,,,0,99,,474972,39,,,0,100,,474967,39,,,0,100,,474973,39,,,0,100,,474968,39,,,0,101,,474974,39,,,0,100,,474961,39,,,0,101,,474975,39,,,0,100,,474963,39,,,0,101,,474976,39,,,0,101,,474962,39,,,0,100,,474977,39,,,0
8600,'20260524',736,,474978,39,,,0,100,,474987,39,,,0,100,,474979,39,,,0,100,,474988,39,,,0,100,,474980,39,,,0,99,,474989,39,,,0,100,,474981,39,,,0,99,,474990,39,,,0,100,,474982,39,,,0,100,,474991,39,,,0,100,,474983,39,,,0,101,,474992,39,,,0,100,,474984,39,,,0,101,,474993,39,,,0,100,,474985,39,,,0,101,,474994,39,,,0,101,,474986,39,,,0,100,,474995,39,,,0
8600,'20260525',705,,474997,39,,,0,30,,474996,39,,,0,69,,474998,39,,,0,28,,474999,39,,,0,104,,475000,39,,,0,100,,475013,39,,,0,98,,475002,39,,,0,100,,475003,39,,,0,70,,475018,39,,,0,31,,475004,39,,,0,100,,475014,39,,,0,99,,475001,39,,,0,20,,475005,43,,,0,50,,475006,43,,,0,46,,475007,43,,,0,78,,475008,43,,,0,75,,475009,43,,,0,30,,475015,39,,,0,102,,475010,39,,,0,101,,475016,39,,,0,100,,475011,39,,,0,100,,475017,39,,,0,101,,475012,39,,,0
8600,'20260526',705,,475020,39,,,0,30,,475019,39,,,0,69,,475021,39,,,0,28,,475022,39,,,0,104,,475023,39,,,0,100,,475036,39,,,0,98,,475025,39,,,0,100,,475026,39,,,0,70,,475041,39,,,0,31,,475027,39,,,0,100,,475037,39,,,0,99,,475024,39,,,0,20,,475028,43,,,0,50,,475029,43,,,0,46,,475030,43,,,0,78,,475031,43,,,0,75,,475032,43,,,0,30,,475038,39,,,0,102,,475033,39,,,0,101,,475039,39,,,0,100,,475034,39,,,0,100,,475040,39,,,0,101,,475035,39,,,0
98400,'20260515',2551,,491042,29,,,0
98400,'20260516',2551,,438583,29,,,0
98400,'20260522',2551,,491043,29,,,0
98400,'20260523',2551,,491044,29,,,0
7008600,'20260512',831,,460755,18,,,0
7008600,'20260513',831,,491259,18,,,0
7008600,'20260514',831,,491261,18,,,0
7008600,'20260519',831,,438664,18,,,0
7008600,'20260520',831,,460757,18,,,0
7008600,'20260521',831,,460758,18,,,0
7008600,'20260522',831,,491263,18,,,0
7008600,'20260525',831,,491264,18,,,0
7008600,'20260526',831,,491265,18,,,0
