5401,'20260526',552,,551531,47,,,1,101,,551534,47,,,1,79,,551536,47,,,1,72,,551538,47,,,1
5401,'20260527',552,,551566,47,,,1,101,,551569,47,,,1,79,,551571,47,,,1,72,,551573,47,,,1
5401,'20260528',552,,551601,47,,,1,101,,551604,47,,,1,79,,551606,47,,,1,72,,551608,47,,,1
5401,'20260529',552,,581885,47,,,1,101,,581888,47,,,1,79,,581890,47,,,1,72,,581892,47,,,1
5401,'20260601',552,,520048,47,,,1,101,,520047,47,,,1,79,,520044,47,,,1,72,,520041,47,,,1
5401,'20260602',552,,520083,47,,,1,101,,520082,47,,,1,79,,520079,47,,,1,72,,520076,47,,,1
5401,'20260603',552,,551658,47,,,1,101,,551657,47,,,1,79,,551654,47,,,1,72,,551651,47,,,1
5401,'20260604',552,,551693,47,,,1,101,,551692,47,,,1,79,,551689,47,,,1,72,,551686,47,,,1
5401,'20260605',552,,551728,47,,,1,101,,551727,47,,,1,79,,551724,47,,,1,72,,551721,47,,,1
5401,'20260608',552,,581992,47,,,1,101,,581991,47,,,1,79,,581988,47,,,1,72,,581985,47,,,1
5401,'20260609',552,,582027,47,,,1,101,,582026,47,,,1,79,,582023,47,,,1,72,,582020,47,,,1
80003,'20260526',522,,565850,22,,,1,16,,565851,22,,,1,14,,565852,22,,,1,54,,565853,22,,,1,13,,565854,22,,,1,10,,565855,22,,,1,10,,565856,22,,,1,11,,565857,22,,,1,9,,565858,22,,,1,45,,565843,16,,,1,5,,565859,22,,,1,5,,565844,16,,,1,5,,565860,22,,,1,4,,565845,16,,,1,5,,565861,22,,,1,11,,565862,22,,,1,11,,565863,22,,,1,50,,565864,22,,,1,9,,565865,22,,,1,10,,565866,22,,,1,10,,565867,22,,,1,10,,565868,22,,,1,10,,565869,22,,,1,51,,565870,22,,,1,11,,565871,22,,,1,12,,565872,22,,,1,14,,565873,22,,,1,16,,565874,22,,,1,54,,565875,22,,,1,16,,565876,22,,,1,14,,565877,22,,,1,15,,565878,22,,,1,57,,565879,22,,,1,14,,565880,22,,,1,15,,565881,22,,,1,15,,565882,22,,,1,55,,565883,22,,,1,15,,565884,22,,,1,16,,565885,22,,,1,17,,565886,22,,,1,54,,565887,22,,,1,15,,565888,22,,,1,7,,565846,3,,,1,8,,565889,22,,,1,15,,565890,22,,,1,56,,565891,22,,,1,16,,565892,22,,,1,11,,565893,22,,,1,12,,565894,22,,,1,55,,565895,22,,,1,13,,565896,22,,,1,5,,565847,3,,,1,5,,565897,22,,,1,10,,565898,22,,,1,10,,565848,3,,,1,10,,565900,22,,,1,50,,565901,22,,,1,10,,565902,22,,,1,9,,565903,22,,,1,6,,565849,3,,,1,5,,565904,22,,,1,10,,565905,22,,,1,10,,565906,22,,,1,51,,565907,22,,,1,10,,565908,22,,,1,10,,565909,22,,,1,10,,565910,22,,,1,10,,565911,22,,,1,10,,565912,22,,,1,50,,565913,22,,,1,14,,565914,22,,,1,13,,565915,22,,,1,16,,565916,22,,,1,54,,565917,22,,,1,15,,565918,22,,,1,14,,565919,22,,,1,16,,565920,22,,,1,56,,565921,22,,,1,13,,565922,22,,,1,15,,565923,22,,,1,15,,565924,22,,,1,55,,565925,22,,,1,14,,565926,22,,,1,15,,565927,22,,,1,15,,565928,22,,,1,55,,565929,22,,,1,14,,565930,22,,,1,15,,565931,22,,,1,15,,565932,22,,,1,54,,565933,22,,,1,16,,565934,22,,,1,16,,565935,22,,,1,16,,565936,22,,,1,55,,565937,22,,,1,15,,565938,22,,,1,18,,565939,22,,,1,16,,565940,22,,,1
80003,'20260527',522,,565948,22,,,1,16,,565949,22,,,1,14,,565950,22,,,1,54,,565951,22,,,1,13,,565952,22,,,1,10,,565953,22,,,1,10,,565954,22,,,1,11,,565955,22,,,1,9,,565956,22,,,1,45,,565941,16,,,1,5,,565957,22,,,1,5,,565942,16,,,1,5,,565958,22,,,1,4,,565943,16,,,1,5,,565959,22,,,1,11,,565960,22,,,1,11,,565961,22,,,1,50,,565962,22,,,1,9,,565963,22,,,1,10,,565964,22,,,1,10,,565965,22,,,1,10,,565966,22,,,1,10,,565967,22,,,1,51,,565968,22,,,1,11,,565969,22,,,1,12,,565970,22,,,1,14,,565971,22,,,1,16,,565972,22,,,1,54,,565973,22,,,1,16,,565974,22,,,1,14,,565975,22,,,1,15,,565976,22,,,1,57,,565977,22,,,1,14,,565978,22,,,1,15,,565979,22,,,1,15,,565980,22,,,1,55,,565981,22,,,1,15,,565982,22,,,1,16,,565983,22,,,1,17,,565984,22,,,1,54,,565985,22,,,1,15,,565986,22,,,1,7,,565944,3,,,1,8,,565987,22,,,1,15,,565988,22,,,1,56,,565989,22,,,1,16,,565990,22,,,1,11,,565991,22,,,1,12,,565992,22,,,1,55,,565993,22,,,1,13,,565994,22,,,1,5,,565945,3,,,1,5,,565995,22,,,1,10,,565996,22,,,1,10,,565946,3,,,1,10,,565998,22,,,1,50,,565999,22,,,1,10,,566000,22,,,1,9,,566001,22,,,1,6,,565947,3,,,1,5,,566002,22,,,1,10,,566003,22,,,1,10,,566004,22,,,1,51,,566005,22,,,1,10,,566006,22,,,1,10,,566007,22,,,1,10,,566008,22,,,1,10,,566009,22,,,1,10,,566010,22,,,1,50,,566011,22,,,1,14,,566012,22,,,1,13,,566013,22,,,1,16,,566014,22,,,1,54,,566015,22,,,1,15,,566016,22,,,1,14,,566017,22,,,1,16,,566018,22,,,1,56,,566019,22,,,1,13,,566020,22,,,1,15,,566021,22,,,1,15,,566022,22,,,1,55,,566023,22,,,1,14,,566024,22,,,1,15,,566025,22,,,1,15,,566026,22,,,1,55,,566027,22,,,1,14,,566028,22,,,1,15,,566029,22,,,1,15,,566030,22,,,1,54,,566031,22,,,1,16,,566032,22,,,1,16,,566033,22,,,1,16,,566034,22,,,1,55,,566035,22,,,1,15,,566036,22,,,1,18,,566037,22,,,1,16,,566038,22,,,1
80003,'20260528',522,,566046,22,,,1,16,,566047,22,,,1,14,,566048,22,,,1,54,,566049,22,,,1,13,,566050,22,,,1,10,,566051,22,,,1,10,,566052,22,,,1,11,,566053,22,,,1,9,,566054,22,,,1,45,,566039,16,,,1,5,,566055,22,,,1,5,,566040,16,,,1,5,,566056,22,,,1,4,,566041,16,,,1,5,,566057,22,,,1,11,,566058,22,,,1,11,,566059,22,,,1,50,,566060,22,,,1,9,,566061,22,,,1,10,,566062,22,,,1,10,,566063,22,,,1,10,,566064,22,,,1,10,,566065,22,,,1,51,,566066,22,,,1,11,,566067,22,,,1,12,,566068,22,,,1,14,,566069,22,,,1,16,,566070,22,,,1,54,,566071,22,,,1,16,,566072,22,,,1,14,,566073,22,,,1,15,,566074,22,,,1,57,,566075,22,,,1,14,,566076,22,,,1,15,,566077,22,,,1,15,,566078,22,,,1,55,,566079,22,,,1,15,,566080,22,,,1,16,,566081,22,,,1,17,,566082,22,,,1,54,,566083,22,,,1,15,,566084,22,,,1,7,,566042,3,,,1,8,,566085,22,,,1,15,,566086,22,,,1,56,,566087,22,,,1,16,,566088,22,,,1,11,,566089,22,,,1,12,,566090,22,,,1,55,,566091,22,,,1,13,,566092,22,,,1,5,,566043,3,,,1,5,,566093,22,,,1,10,,566094,22,,,1,10,,566044,3,,,1,10,,566096,22,,,1,50,,566097,22,,,1,10,,566098,22,,,1,9,,566099,22,,,1,6,,566045,3,,,1,5,,566100,22,,,1,10,,566101,22,,,1,10,,566102,22,,,1,51,,566103,22,,,1,10,,566104,22,,,1,10,,566105,22,,,1,10,,566106,22,,,1,10,,566107,22,,,1,10,,566108,22,,,1,50,,566109,22,,,1,14,,566110,22,,,1,13,,566111,22,,,1,16,,566112,22,,,1,54,,566113,22,,,1,15,,566114,22,,,1,14,,566115,22,,,1,16,,566116,22,,,1,56,,566117,22,,,1,13,,566118,22,,,1,15,,566119,22,,,1,15,,566120,22,,,1,55,,566121,22,,,1,14,,566122,22,,,1,15,,566123,22,,,1,15,,566124,22,,,1,55,,566125,22,,,1,14,,566126,22,,,1,15,,566127,22,,,1,15,,566128,22,,,1,54,,566129,22,,,1,16,,566130,22,,,1,16,,566131,22,,,1,16,,566132,22,,,1,55,,566133,22,,,1,15,,566134,22,,,1,18,,566135,22,,,1,16,,566136,22,,,1
80003,'20260529',522,,588965,22,,,1,16,,588966,22,,,1,14,,588967,22,,,1,54,,588968,22,,,1,13,,588969,22,,,1,10,,588970,22,,,1,10,,588971,22,,,1,11,,588972,22,,,1,9,,588973,22,,,1,45,,588958,16,,,1,5,,588974,22,,,1,5,,588959,16,,,1,5,,588975,22,,,1,4,,588960,16,,,1,5,,588976,22,,,1,11,,588977,22,,,1,11,,588978,22,,,1,50,,588979,22,,,1,9,,588980,22,,,1,10,,588981,22,,,1,10,,588982,22,,,1,10,,588983,22,,,1,10,,588984,22,,,1,51,,588985,22,,,1,11,,588986,22,,,1,12,,588987,22,,,1,14,,588988,22,,,1,16,,588989,22,,,1,54,,588990,22,,,1,16,,588991,22,,,1,14,,588992,22,,,1,15,,588993,22,,,1,57,,588994,22,,,1,14,,588995,22,,,1,15,,588996,22,,,1,15,,588997,22,,,1,55,,588998,22,,,1,15,,588999,22,,,1,16,,589000,22,,,1,17,,589001,22,,,1,54,,589002,22,,,1,15,,589003,22,,,1,7,,588961,3,,,1,8,,589004,22,,,1,15,,589005,22,,,1,56,,589006,22,,,1,16,,589007,22,,,1,11,,589008,22,,,1,12,,589009,22,,,1,55,,589010,22,,,1,13,,589011,22,,,1,5,,588962,3,,,1,5,,589012,22,,,1,10,,589013,22,,,1,10,,588963,3,,,1,10,,589015,22,,,1,50,,589016,22,,,1,10,,589017,22,,,1,9,,589018,22,,,1,6,,588964,3,,,1,5,,589019,22,,,1,10,,589020,22,,,1,10,,589021,22,,,1,51,,589022,22,,,1,10,,589023,22,,,1,10,,589024,22,,,1,10,,589025,22,,,1,10,,589026,22,,,1,10,,589027,22,,,1,50,,589028,22,,,1,14,,589029,22,,,1,13,,589030,22,,,1,16,,589031,22,,,1,54,,589032,22,,,1,15,,589033,22,,,1,14,,589034,22,,,1,16,,589035,22,,,1,56,,589036,22,,,1,13,,589037,22,,,1,15,,589038,22,,,1,15,,589039,22,,,1,55,,589040,22,,,1,14,,589041,22,,,1,15,,589042,22,,,1,15,,589043,22,,,1,55,,589044,22,,,1,14,,589045,22,,,1,15,,589046,22,,,1,15,,589047,22,,,1,54,,589048,22,,,1,16,,589049,22,,,1,16,,589050,22,,,1,16,,589051,22,,,1,55,,589052,22,,,1,15,,589053,22,,,1,18,,589054,22,,,1,16,,589055,22,,,1
80003,'20260530',547,,532551,22,,,1,56,,532552,22,,,1,15,,532553,22,,,1,15,,532554,22,,,1,14,,532555,22,,,1,55,,532556,22,,,1,14,,532557,22,,,1,16,,532558,22,,,1,15,,532559,22,,,1,55,,532560,22,,,1,15,,532561,22,,,1,15,,532562,22,,,1,15,,532563,22,,,1,55,,532564,22,,,1,15,,532565,22,,,1,15,,532566,22,,,1,15,,532567,22,,,1,55,,532568,22,,,1,15,,532569,22,,,1,16,,532570,22,,,1,15,,532571,22,,,1,55,,532572,22,,,1,15,,532573,22,,,1,15,,532574,22,,,1,15,,532575,22,,,1,55,,532576,22,,,1,16,,532577,22,,,1,15,,532578,22,,,1,15,,532579,22,,,1,54,,532580,22,,,1,15,,532581,22,,,1,15,,532582,22,,,1,15,,532583,22,,,1,57,,532584,22,,,1,15,,532585,22,,,1,16,,532586,22,,,1,16,,532587,22,,,1,55,,532588,22,,,1,15,,532589,22,,,1,15,,532590,22,,,1,15,,532591,22,,,1,55,,532592,22,,,1,14,,532593,22,,,1,15,,532594,22,,,1,16,,532595,22,,,1,54,,532596,22,,,1,14,,532597,22,,,1,16,,532598,22,,,1,14,,532599,22,,,1,55,,532600,22,,,1,15,,532601,22,,,1,16,,532602,22,,,1,15,,532603,22,,,1,55,,532604,22,,,1,14,,532605,22,,,1,15,,532606,22,,,1,15,,532607,22,,,1,55,,532608,22,,,1,15,,532609,22,,,1,15,,532610,22,,,1,15,,532611,22,,,1,55,,532612,22,,,1,15,,532613,22,,,1,15,,532614,22,,,1,14,,532615,22,,,1,55,,532616,22,,,1,15,,532617,22,,,1,15,,532618,22,,,1,15,,532619,22,,,1,55,,532620,22,,,1,14,,532621,22,,,1,14,,532622,22,,,1,16,,532623,22,,,1,55,,532624,22,,,1,14,,532625,22,,,1,15,,532626,22,,,1,14,,532627,22,,,1
80003,'20260531',547,,532651,22,,,1,56,,532652,22,,,1,15,,532643,22,,,1,15,,532634,22,,,1,14,,532640,22,,,1,55,,532639,22,,,1,14,,532635,22,,,1,16,,532636,22,,,1,15,,532631,22,,,1,55,,532650,22,,,1,15,,532644,22,,,1,15,,532646,22,,,1,15,,532642,22,,,1,55,,532645,22,,,1,15,,532629,22,,,1,15,,532632,22,,,1,15,,532647,22,,,1,55,,532637,22,,,1,15,,532638,22,,,1,16,,532648,22,,,1,15,,532633,22,,,1,55,,532641,22,,,1,15,,532628,22,,,1,15,,532630,22,,,1,15,,532673,22,,,1,55,,532675,22,,,1,16,,532655,22,,,1,15,,532654,22,,,1,15,,532677,22,,,1,54,,532662,22,,,1,15,,532656,22,,,1,15,,532671,22,,,1,15,,532660,22,,,1,57,,532657,22,,,1,15,,532661,22,,,1,16,,532653,22,,,1,16,,532674,22,,,1,55,,532669,22,,,1,15,,532658,22,,,1,15,,532659,22,,,1,15,,532663,22,,,1,55,,532664,22,,,1,14,,532665,22,,,1,15,,532670,22,,,1,16,,532666,22,,,1,54,,532667,22,,,1,14,,532678,22,,,1,16,,532676,22,,,1,14,,532668,22,,,1,55,,532672,22,,,1,15,,532649,22,,,1,16,,532679,22,,,1,15,,532691,22,,,1,55,,532683,22,,,1,14,,532695,22,,,1,15,,532680,22,,,1,15,,532690,22,,,1,55,,532689,22,,,1,15,,532686,22,,,1,15,,532699,22,,,1,15,,532694,22,,,1,55,,532703,22,,,1,15,,532688,22,,,1,15,,532684,22,,,1,14,,532692,22,,,1,55,,532685,22,,,1,15,,532693,22,,,1,15,,532700,22,,,1,15,,532681,22,,,1,55,,532682,22,,,1,14,,532697,22,,,1,14,,532696,22,,,1,16,,532698,22,,,1,55,,532701,22,,,1,14,,532687,22,,,1,15,,532702,22,,,1,14,,532704,22,,,1
80003,'20260601',522,,532708,22,,,1,16,,532735,22,,,1,14,,532731,22,,,1,54,,532713,22,,,1,13,,532734,22,,,1,10,,532710,22,,,1,10,,532721,22,,,1,11,,532791,22,,,1,9,,532790,22,,,1,50,,532789,22,,,1,10,,532788,22,,,1,9,,532787,22,,,1,11,,532786,22,,,1,11,,532785,22,,,1,50,,532784,22,,,1,9,,532783,22,,,1,10,,532782,22,,,1,10,,532781,22,,,1,10,,532780,22,,,1,10,,532779,22,,,1,51,,532778,22,,,1,11,,532777,22,,,1,12,,532776,22,,,1,14,,532775,22,,,1,16,,532774,22,,,1,54,,532773,22,,,1,16,,532772,22,,,1,14,,532771,22,,,1,15,,532770,22,,,1,57,,532769,22,,,1,14,,532768,22,,,1,15,,532767,22,,,1,15,,532766,22,,,1,55,,532765,22,,,1,15,,532764,22,,,1,16,,532763,22,,,1,17,,532762,22,,,1,54,,532761,22,,,1,15,,532760,22,,,1,15,,532759,22,,,1,15,,532758,22,,,1,56,,532757,22,,,1,16,,532723,22,,,1,11,,532756,22,,,1,12,,532733,22,,,1,55,,532732,22,,,1,13,,532729,22,,,1,10,,532755,22,,,1,10,,532737,22,,,1,10,,532793,22,,,1,10,,532736,22,,,1,50,,532718,22,,,1,10,,532738,22,,,1,9,,532754,22,,,1,11,,532712,22,,,1,10,,532705,22,,,1,10,,532726,22,,,1,51,,532753,22,,,1,10,,532707,22,,,1,10,,532706,22,,,1,10,,532752,22,,,1,10,,532751,22,,,1,10,,532794,22,,,1,50,,532709,22,,,1,14,,532711,22,,,1,13,,532750,22,,,1,16,,532727,22,,,1,54,,532795,22,,,1,15,,532749,22,,,1,14,,532715,22,,,1,16,,532714,22,,,1,56,,532748,22,,,1,13,,532716,22,,,1,15,,532747,22,,,1,15,,532746,22,,,1,55,,532717,22,,,1,14,,532745,22,,,1,15,,532720,22,,,1,15,,532719,22,,,1,55,,532744,22,,,1,14,,532722,22,,,1,15,,532743,22,,,1,15,,532724,22,,,1,54,,532742,22,,,1,16,,532725,22,,,1,16,,532741,22,,,1,16,,532728,22,,,1,55,,532740,22,,,1,15,,532730,22,,,1,18,,532739,22,,,1,16,,532792,22,,,1
80003,'20260602',522,,532799,22,,,1,16,,532826,22,,,1,14,,532822,22,,,1,54,,532804,22,,,1,13,,532825,22,,,1,10,,532801,22,,,1,10,,532812,22,,,1,11,,532882,22,,,1,9,,532881,22,,,1,50,,532880,22,,,1,10,,532879,22,,,1,9,,532878,22,,,1,11,,532877,22,,,1,11,,532876,22,,,1,50,,532875,22,,,1,9,,532874,22,,,1,10,,532873,22,,,1,10,,532872,22,,,1,10,,532871,22,,,1,10,,532870,22,,,1,51,,532869,22,,,1,11,,532868,22,,,1,12,,532867,22,,,1,14,,532866,22,,,1,16,,532865,22,,,1,54,,532864,22,,,1,16,,532863,22,,,1,14,,532862,22,,,1,15,,532861,22,,,1,57,,532860,22,,,1,14,,532859,22,,,1,15,,532858,22,,,1,15,,532857,22,,,1,55,,532856,22,,,1,15,,532855,22,,,1,16,,532854,22,,,1,17,,532853,22,,,1,54,,532852,22,,,1,15,,532851,22,,,1,15,,532850,22,,,1,15,,532849,22,,,1,56,,532848,22,,,1,16,,532814,22,,,1,11,,532847,22,,,1,12,,532824,22,,,1,55,,532823,22,,,1,13,,532820,22,,,1,10,,532846,22,,,1,10,,532828,22,,,1,10,,532884,22,,,1,10,,532827,22,,,1,50,,532809,22,,,1,10,,532829,22,,,1,9,,532845,22,,,1,11,,532803,22,,,1,10,,532796,22,,,1,10,,532817,22,,,1,51,,532844,22,,,1,10,,532798,22,,,1,10,,532797,22,,,1,10,,532843,22,,,1,10,,532842,22,,,1,10,,532885,22,,,1,50,,532800,22,,,1,14,,532802,22,,,1,13,,532841,22,,,1,16,,532818,22,,,1,54,,532886,22,,,1,15,,532840,22,,,1,14,,532806,22,,,1,16,,532805,22,,,1,56,,532839,22,,,1,13,,532807,22,,,1,15,,532838,22,,,1,15,,532837,22,,,1,55,,532808,22,,,1,14,,532836,22,,,1,15,,532811,22,,,1,15,,532810,22,,,1,55,,532835,22,,,1,14,,532813,22,,,1,15,,532834,22,,,1,15,,532815,22,,,1,54,,532833,22,,,1,16,,532816,22,,,1,16,,532832,22,,,1,16,,532819,22,,,1,55,,532831,22,,,1,15,,532821,22,,,1,18,,532830,22,,,1,16,,532883,22,,,1
80003,'20260603',522,,566140,22,,,1,16,,566167,22,,,1,14,,566163,22,,,1,54,,566145,22,,,1,13,,566166,22,,,1,10,,566142,22,,,1,10,,566153,22,,,1,11,,566223,22,,,1,9,,566222,22,,,1,50,,566221,22,,,1,10,,566220,22,,,1,9,,566219,22,,,1,11,,566218,22,,,1,11,,566217,22,,,1,50,,566216,22,,,1,9,,566215,22,,,1,10,,566214,22,,,1,10,,566213,22,,,1,10,,566212,22,,,1,10,,566211,22,,,1,51,,566210,22,,,1,11,,566209,22,,,1,12,,566208,22,,,1,14,,566207,22,,,1,16,,566206,22,,,1,54,,566205,22,,,1,16,,566204,22,,,1,14,,566203,22,,,1,15,,566202,22,,,1,57,,566201,22,,,1,14,,566200,22,,,1,15,,566199,22,,,1,15,,566198,22,,,1,55,,566197,22,,,1,15,,566196,22,,,1,16,,566195,22,,,1,17,,566194,22,,,1,54,,566193,22,,,1,15,,566192,22,,,1,15,,566191,22,,,1,15,,566190,22,,,1,56,,566189,22,,,1,16,,566155,22,,,1,11,,566188,22,,,1,12,,566165,22,,,1,55,,566164,22,,,1,13,,566161,22,,,1,10,,566187,22,,,1,10,,566169,22,,,1,10,,566225,22,,,1,10,,566168,22,,,1,50,,566150,22,,,1,10,,566170,22,,,1,9,,566186,22,,,1,11,,566144,22,,,1,10,,566137,22,,,1,10,,566158,22,,,1,51,,566185,22,,,1,10,,566139,22,,,1,10,,566138,22,,,1,10,,566184,22,,,1,10,,566183,22,,,1,10,,566226,22,,,1,50,,566141,22,,,1,14,,566143,22,,,1,13,,566182,22,,,1,16,,566159,22,,,1,54,,566227,22,,,1,15,,566181,22,,,1,14,,566147,22,,,1,16,,566146,22,,,1,56,,566180,22,,,1,13,,566148,22,,,1,15,,566179,22,,,1,15,,566178,22,,,1,55,,566149,22,,,1,14,,566177,22,,,1,15,,566152,22,,,1,15,,566151,22,,,1,55,,566176,22,,,1,14,,566154,22,,,1,15,,566175,22,,,1,15,,566156,22,,,1,54,,566174,22,,,1,16,,566157,22,,,1,16,,566173,22,,,1,16,,566160,22,,,1,55,,566172,22,,,1,15,,566162,22,,,1,18,,566171,22,,,1,16,,566224,22,,,1
80003,'20260604',522,,566231,22,,,1,16,,566258,22,,,1,14,,566254,22,,,1,54,,566236,22,,,1,13,,566257,22,,,1,10,,566233,22,,,1,10,,566244,22,,,1,11,,566314,22,,,1,9,,566313,22,,,1,50,,566312,22,,,1,10,,566311,22,,,1,9,,566310,22,,,1,11,,566309,22,,,1,11,,566308,22,,,1,50,,566307,22,,,1,9,,566306,22,,,1,10,,566305,22,,,1,10,,566304,22,,,1,10,,566303,22,,,1,10,,566302,22,,,1,51,,566301,22,,,1,11,,566300,22,,,1,12,,566299,22,,,1,14,,566298,22,,,1,16,,566297,22,,,1,54,,566296,22,,,1,16,,566295,22,,,1,14,,566294,22,,,1,15,,566293,22,,,1,57,,566292,22,,,1,14,,566291,22,,,1,15,,566290,22,,,1,15,,566289,22,,,1,55,,566288,22,,,1,15,,566287,22,,,1,16,,566286,22,,,1,17,,566285,22,,,1,54,,566284,22,,,1,15,,566283,22,,,1,15,,566282,22,,,1,15,,566281,22,,,1,56,,566280,22,,,1,16,,566246,22,,,1,11,,566279,22,,,1,12,,566256,22,,,1,55,,566255,22,,,1,13,,566252,22,,,1,10,,566278,22,,,1,10,,566260,22,,,1,10,,566316,22,,,1,10,,566259,22,,,1,50,,566241,22,,,1,10,,566261,22,,,1,9,,566277,22,,,1,11,,566235,22,,,1,10,,566228,22,,,1,10,,566249,22,,,1,51,,566276,22,,,1,10,,566230,22,,,1,10,,566229,22,,,1,10,,566275,22,,,1,10,,566274,22,,,1,10,,566317,22,,,1,50,,566232,22,,,1,14,,566234,22,,,1,13,,566273,22,,,1,16,,566250,22,,,1,54,,566318,22,,,1,15,,566272,22,,,1,14,,566238,22,,,1,16,,566237,22,,,1,56,,566271,22,,,1,13,,566239,22,,,1,15,,566270,22,,,1,15,,566269,22,,,1,55,,566240,22,,,1,14,,566268,22,,,1,15,,566243,22,,,1,15,,566242,22,,,1,55,,566267,22,,,1,14,,566245,22,,,1,15,,566266,22,,,1,15,,566247,22,,,1,54,,566265,22,,,1,16,,566248,22,,,1,16,,566264,22,,,1,16,,566251,22,,,1,55,,566263,22,,,1,15,,566253,22,,,1,18,,566262,22,,,1,16,,566315,22,,,1
80003,'20260605',522,,566322,22,,,1,16,,566349,22,,,1,14,,566345,22,,,1,54,,566327,22,,,1,13,,566348,22,,,1,10,,566324,22,,,1,10,,566335,22,,,1,11,,566405,22,,,1,9,,566404,22,,,1,50,,566403,22,,,1,10,,566402,22,,,1,9,,566401,22,,,1,11,,566400,22,,,1,11,,566399,22,,,1,50,,566398,22,,,1,9,,566397,22,,,1,10,,566396,22,,,1,10,,566395,22,,,1,10,,566394,22,,,1,10,,566393,22,,,1,51,,566392,22,,,1,11,,566391,22,,,1,12,,566390,22,,,1,14,,566389,22,,,1,16,,566388,22,,,1,54,,566387,22,,,1,16,,566386,22,,,1,14,,566385,22,,,1,15,,566384,22,,,1,57,,566383,22,,,1,14,,566382,22,,,1,15,,566381,22,,,1,15,,566380,22,,,1,55,,566379,22,,,1,15,,566378,22,,,1,16,,566377,22,,,1,17,,566376,22,,,1,54,,566375,22,,,1,15,,566374,22,,,1,15,,566373,22,,,1,15,,566372,22,,,1,56,,566371,22,,,1,16,,566337,22,,,1,11,,566370,22,,,1,12,,566347,22,,,1,55,,566346,22,,,1,13,,566343,22,,,1,10,,566369,22,,,1,10,,566351,22,,,1,10,,566407,22,,,1,10,,566350,22,,,1,50,,566332,22,,,1,10,,566352,22,,,1,9,,566368,22,,,1,11,,566326,22,,,1,10,,566319,22,,,1,10,,566340,22,,,1,51,,566367,22,,,1,10,,566321,22,,,1,10,,566320,22,,,1,10,,566366,22,,,1,10,,566365,22,,,1,10,,566408,22,,,1,50,,566323,22,,,1,14,,566325,22,,,1,13,,566364,22,,,1,16,,566341,22,,,1,54,,566409,22,,,1,15,,566363,22,,,1,14,,566329,22,,,1,16,,566328,22,,,1,56,,566362,22,,,1,13,,566330,22,,,1,15,,566361,22,,,1,15,,566360,22,,,1,55,,566331,22,,,1,14,,566359,22,,,1,15,,566334,22,,,1,15,,566333,22,,,1,55,,566358,22,,,1,14,,566336,22,,,1,15,,566357,22,,,1,15,,566338,22,,,1,54,,566356,22,,,1,16,,566339,22,,,1,16,,566355,22,,,1,16,,566342,22,,,1,55,,566354,22,,,1,15,,566344,22,,,1,18,,566353,22,,,1,16,,566406,22,,,1
80003,'20260606',547,,589056,22,,,1,56,,589057,22,,,1,15,,589058,22,,,1,15,,589059,22,,,1,14,,589060,22,,,1,55,,589061,22,,,1,14,,589062,22,,,1,16,,589063,22,,,1,15,,589064,22,,,1,55,,589065,22,,,1,15,,589066,22,,,1,15,,589067,22,,,1,15,,589068,22,,,1,55,,589069,22,,,1,15,,589070,22,,,1,15,,589071,22,,,1,15,,589072,22,,,1,55,,589073,22,,,1,15,,589074,22,,,1,16,,589075,22,,,1,15,,589076,22,,,1,55,,589077,22,,,1,15,,589078,22,,,1,15,,589079,22,,,1,15,,589080,22,,,1,55,,589081,22,,,1,16,,589082,22,,,1,15,,589083,22,,,1,15,,589084,22,,,1,54,,589085,22,,,1,15,,589086,22,,,1,15,,589087,22,,,1,15,,589088,22,,,1,57,,589089,22,,,1,15,,589090,22,,,1,16,,589091,22,,,1,16,,589092,22,,,1,55,,589093,22,,,1,15,,589094,22,,,1,15,,589095,22,,,1,15,,589096,22,,,1,55,,589097,22,,,1,14,,589098,22,,,1,15,,589099,22,,,1,16,,589100,22,,,1,54,,589101,22,,,1,14,,589102,22,,,1,16,,589103,22,,,1,14,,589104,22,,,1,55,,589105,22,,,1,15,,589106,22,,,1,16,,589107,22,,,1,15,,589108,22,,,1,55,,589109,22,,,1,14,,589110,22,,,1,15,,589111,22,,,1,15,,589112,22,,,1,55,,589113,22,,,1,15,,589114,22,,,1,15,,589115,22,,,1,15,,589116,22,,,1,55,,589117,22,,,1,15,,589118,22,,,1,15,,589119,22,,,1,14,,589120,22,,,1,55,,589121,22,,,1,15,,589122,22,,,1,15,,589123,22,,,1,15,,589124,22,,,1,55,,589125,22,,,1,14,,589126,22,,,1,14,,589127,22,,,1,16,,589128,22,,,1,55,,589129,22,,,1,14,,589130,22,,,1,15,,589131,22,,,1,14,,589132,22,,,1
80003,'20260607',547,,589156,22,,,1,56,,589157,22,,,1,15,,589148,22,,,1,15,,589139,22,,,1,14,,589145,22,,,1,55,,589144,22,,,1,14,,589140,22,,,1,16,,589141,22,,,1,15,,589136,22,,,1,55,,589155,22,,,1,15,,589149,22,,,1,15,,589151,22,,,1,15,,589147,22,,,1,55,,589150,22,,,1,15,,589134,22,,,1,15,,589137,22,,,1,15,,589152,22,,,1,55,,589142,22,,,1,15,,589143,22,,,1,16,,589153,22,,,1,15,,589138,22,,,1,55,,589146,22,,,1,15,,589133,22,,,1,15,,589135,22,,,1,15,,589178,22,,,1,55,,589180,22,,,1,16,,589160,22,,,1,15,,589159,22,,,1,15,,589182,22,,,1,54,,589167,22,,,1,15,,589161,22,,,1,15,,589176,22,,,1,15,,589165,22,,,1,57,,589162,22,,,1,15,,589166,22,,,1,16,,589158,22,,,1,16,,589179,22,,,1,55,,589174,22,,,1,15,,589163,22,,,1,15,,589164,22,,,1,15,,589168,22,,,1,55,,589169,22,,,1,14,,589170,22,,,1,15,,589175,22,,,1,16,,589171,22,,,1,54,,589172,22,,,1,14,,589183,22,,,1,16,,589181,22,,,1,14,,589173,22,,,1,55,,589177,22,,,1,15,,589154,22,,,1,16,,589184,22,,,1,15,,589196,22,,,1,55,,589188,22,,,1,14,,589200,22,,,1,15,,589185,22,,,1,15,,589195,22,,,1,55,,589194,22,,,1,15,,589191,22,,,1,15,,589204,22,,,1,15,,589199,22,,,1,55,,589208,22,,,1,15,,589193,22,,,1,15,,589189,22,,,1,14,,589197,22,,,1,55,,589190,22,,,1,15,,589198,22,,,1,15,,589205,22,,,1,15,,589186,22,,,1,55,,589187,22,,,1,14,,589202,22,,,1,14,,589201,22,,,1,16,,589203,22,,,1,55,,589206,22,,,1,14,,589192,22,,,1,15,,589207,22,,,1,14,,589209,22,,,1
80003,'20260608',522,,589213,22,,,1,16,,589240,22,,,1,14,,589236,22,,,1,54,,589218,22,,,1,13,,589239,22,,,1,10,,589215,22,,,1,10,,589226,22,,,1,11,,589296,22,,,1,9,,589295,22,,,1,50,,589294,22,,,1,10,,589293,22,,,1,9,,589292,22,,,1,11,,589291,22,,,1,11,,589290,22,,,1,50,,589289,22,,,1,9,,589288,22,,,1,10,,589287,22,,,1,10,,589286,22,,,1,10,,589285,22,,,1,10,,589284,22,,,1,51,,589283,22,,,1,11,,589282,22,,,1,12,,589281,22,,,1,14,,589280,22,,,1,16,,589279,22,,,1,54,,589278,22,,,1,16,,589277,22,,,1,14,,589276,22,,,1,15,,589275,22,,,1,57,,589274,22,,,1,14,,589273,22,,,1,15,,589272,22,,,1,15,,589271,22,,,1,55,,589270,22,,,1,15,,589269,22,,,1,16,,589268,22,,,1,17,,589267,22,,,1,54,,589266,22,,,1,15,,589265,22,,,1,15,,589264,22,,,1,15,,589263,22,,,1,56,,589262,22,,,1,16,,589228,22,,,1,11,,589261,22,,,1,12,,589238,22,,,1,55,,589237,22,,,1,13,,589234,22,,,1,10,,589260,22,,,1,10,,589242,22,,,1,10,,589298,22,,,1,10,,589241,22,,,1,50,,589223,22,,,1,10,,589243,22,,,1,9,,589259,22,,,1,11,,589217,22,,,1,10,,589210,22,,,1,10,,589231,22,,,1,51,,589258,22,,,1,10,,589212,22,,,1,10,,589211,22,,,1,10,,589257,22,,,1,10,,589256,22,,,1,10,,589299,22,,,1,50,,589214,22,,,1,14,,589216,22,,,1,13,,589255,22,,,1,16,,589232,22,,,1,54,,589300,22,,,1,15,,589254,22,,,1,14,,589220,22,,,1,16,,589219,22,,,1,56,,589253,22,,,1,13,,589221,22,,,1,15,,589252,22,,,1,15,,589251,22,,,1,55,,589222,22,,,1,14,,589250,22,,,1,15,,589225,22,,,1,15,,589224,22,,,1,55,,589249,22,,,1,14,,589227,22,,,1,15,,589248,22,,,1,15,,589229,22,,,1,54,,589247,22,,,1,16,,589230,22,,,1,16,,589246,22,,,1,16,,589233,22,,,1,55,,589245,22,,,1,15,,589235,22,,,1,18,,589244,22,,,1,16,,589297,22,,,1
80003,'20260609',522,,589304,22,,,1,16,,589331,22,,,1,14,,589327,22,,,1,54,,589309,22,,,1,13,,589330,22,,,1,10,,589306,22,,,1,10,,589317,22,,,1,11,,589387,22,,,1,9,,589386,22,,,1,50,,589385,22,,,1,10,,589384,22,,,1,9,,589383,22,,,1,11,,589382,22,,,1,11,,589381,22,,,1,50,,589380,22,,,1,9,,589379,22,,,1,10,,589378,22,,,1,10,,589377,22,,,1,10,,589376,22,,,1,10,,589375,22,,,1,51,,589374,22,,,1,11,,589373,22,,,1,12,,589372,22,,,1,14,,589371,22,,,1,16,,589370,22,,,1,54,,589369,22,,,1,16,,589368,22,,,1,14,,589367,22,,,1,15,,589366,22,,,1,57,,589365,22,,,1,14,,589364,22,,,1,15,,589363,22,,,1,15,,589362,22,,,1,55,,589361,22,,,1,15,,589360,22,,,1,16,,589359,22,,,1,17,,589358,22,,,1,54,,589357,22,,,1,15,,589356,22,,,1,15,,589355,22,,,1,15,,589354,22,,,1,56,,589353,22,,,1,16,,589319,22,,,1,11,,589352,22,,,1,12,,589329,22,,,1,55,,589328,22,,,1,13,,589325,22,,,1,10,,589351,22,,,1,10,,589333,22,,,1,10,,589389,22,,,1,10,,589332,22,,,1,50,,589314,22,,,1,10,,589334,22,,,1,9,,589350,22,,,1,11,,589308,22,,,1,10,,589301,22,,,1,10,,589322,22,,,1,51,,589349,22,,,1,10,,589303,22,,,1,10,,589302,22,,,1,10,,589348,22,,,1,10,,589347,22,,,1,10,,589390,22,,,1,50,,589305,22,,,1,14,,589307,22,,,1,13,,589346,22,,,1,16,,589323,22,,,1,54,,589391,22,,,1,15,,589345,22,,,1,14,,589311,22,,,1,16,,589310,22,,,1,56,,589344,22,,,1,13,,589312,22,,,1,15,,589343,22,,,1,15,,589342,22,,,1,55,,589313,22,,,1,14,,589341,22,,,1,15,,589316,22,,,1,15,,589315,22,,,1,55,,589340,22,,,1,14,,589318,22,,,1,15,,589339,22,,,1,15,,589320,22,,,1,54,,589338,22,,,1,16,,589321,22,,,1,16,,589337,22,,,1,16,,589324,22,,,1,55,,589336,22,,,1,15,,589326,22,,,1,18,,589335,22,,,1,16,,589388,22,,,1
80203,'20260526',531,,569083,5,,,1,15,,569084,5,,,1,56,,569085,5,,,1,16,,569086,5,,,1,13,,569087,5,,,1,10,,569088,5,,,1,10,,569089,5,,,1,49,,569090,5,,,1,12,,569091,5,,,1,8,,569092,5,,,1,8,,569093,5,,,1,8,,569094,5,,,1,9,,569095,5,,,1,10,,569096,5,,,1,50,,569097,5,,,1,13,,569098,5,,,1,12,,569099,5,,,1,15,,569100,5,,,1,12,,569101,5,,,1,54,,569102,5,,,1,12,,569103,5,,,1,13,,569104,5,,,1,13,,569105,5,,,1,52,,569106,5,,,1,13,,569107,5,,,1,13,,569108,5,,,1,13,,569109,5,,,1,13,,569110,5,,,1,52,,569111,5,,,1,13,,569112,5,,,1,12,,569113,5,,,1,12,,569114,5,,,1,13,,569115,5,,,1,54,,569116,5,,,1,13,,569117,5,,,1,13,,569118,5,,,1,13,,569119,5,,,1,53,,569120,5,,,1,12,,569121,5,,,1,14,,569122,5,,,1,13,,569123,5,,,1,12,,569124,5,,,1,54,,569125,5,,,1,12,,569126,5,,,1,12,,569127,5,,,1,12,,569128,5,,,1,10,,569129,5,,,1,52,,569130,5,,,1,11,,569131,5,,,1,9,,569132,5,,,1,8,,569133,5,,,1,9,,569134,5,,,1,9,,569135,5,,,1,9,,569136,5,,,1,49,,569137,5,,,1,11,,569138,5,,,1,11,,569139,5,,,1,10,,569140,5,,,1,10,,569141,5,,,1,52,,569142,5,,,1,12,,569143,5,,,1,13,,569144,5,,,1,15,,569145,5,,,1,16,,569146,5,,,1,55,,569147,5,,,1,15,,569148,5,,,1,16,,569149,5,,,1,56,,569150,5,,,1,15,,569151,5,,,1,17,,569152,5,,,1,15,,569153,5,,,1,55,,569154,5,,,1,16,,569155,5,,,1,15,,569156,5,,,1,15,,569157,5,,,1,55,,569158,5,,,1,15,,569159,5,,,1,15,,569160,5,,,1,15,,569161,5,,,1,56,,569162,5,,,1,16,,569163,5,,,1,15,,569164,5,,,1,15,,569165,5,,,1,55,,569166,5,,,1,16,,569167,5,,,1,15,,569168,5,,,1,16,,569169,5,,,1,55,,569170,5,,,1,15,,569171,5,,,1,14,,569172,5,,,1
80203,'20260527',531,,569173,5,,,1,15,,569174,5,,,1,56,,569175,5,,,1,16,,569176,5,,,1,13,,569177,5,,,1,10,,569178,5,,,1,10,,569179,5,,,1,49,,569180,5,,,1,12,,569181,5,,,1,8,,569182,5,,,1,8,,569183,5,,,1,8,,569184,5,,,1,9,,569185,5,,,1,10,,569186,5,,,1,50,,569187,5,,,1,13,,569188,5,,,1,12,,569189,5,,,1,15,,569190,5,,,1,12,,569191,5,,,1,54,,569192,5,,,1,12,,569193,5,,,1,13,,569194,5,,,1,13,,569195,5,,,1,52,,569196,5,,,1,13,,569197,5,,,1,13,,569198,5,,,1,13,,569199,5,,,1,13,,569200,5,,,1,52,,569201,5,,,1,13,,569202,5,,,1,12,,569203,5,,,1,12,,569204,5,,,1,13,,569205,5,,,1,54,,569206,5,,,1,13,,569207,5,,,1,13,,569208,5,,,1,13,,569209,5,,,1,53,,569210,5,,,1,12,,569211,5,,,1,14,,569212,5,,,1,13,,569213,5,,,1,12,,569214,5,,,1,54,,569215,5,,,1,12,,569216,5,,,1,12,,569217,5,,,1,12,,569218,5,,,1,10,,569219,5,,,1,52,,569220,5,,,1,11,,569221,5,,,1,9,,569222,5,,,1,8,,569223,5,,,1,9,,569224,5,,,1,9,,569225,5,,,1,9,,569226,5,,,1,49,,569227,5,,,1,11,,569228,5,,,1,11,,569229,5,,,1,10,,569230,5,,,1,10,,569231,5,,,1,52,,569232,5,,,1,12,,569233,5,,,1,13,,569234,5,,,1,15,,569235,5,,,1,16,,569236,5,,,1,55,,569237,5,,,1,15,,569238,5,,,1,16,,569239,5,,,1,56,,569240,5,,,1,15,,569241,5,,,1,17,,569242,5,,,1,15,,569243,5,,,1,55,,569244,5,,,1,16,,569245,5,,,1,15,,569246,5,,,1,15,,569247,5,,,1,55,,569248,5,,,1,15,,569249,5,,,1,15,,569250,5,,,1,15,,569251,5,,,1,56,,569252,5,,,1,16,,569253,5,,,1,15,,569254,5,,,1,15,,569255,5,,,1,55,,569256,5,,,1,16,,569257,5,,,1,15,,569258,5,,,1,16,,569259,5,,,1,55,,569260,5,,,1,15,,569261,5,,,1,14,,569262,5,,,1
80203,'20260528',531,,569263,5,,,1,15,,569264,5,,,1,56,,569265,5,,,1,16,,569266,5,,,1,13,,569267,5,,,1,10,,569268,5,,,1,10,,569269,5,,,1,49,,569270,5,,,1,12,,569271,5,,,1,8,,569272,5,,,1,8,,569273,5,,,1,8,,569274,5,,,1,9,,569275,5,,,1,10,,569276,5,,,1,50,,569277,5,,,1,13,,569278,5,,,1,12,,569279,5,,,1,15,,569280,5,,,1,12,,569281,5,,,1,54,,569282,5,,,1,12,,569283,5,,,1,13,,569284,5,,,1,13,,569285,5,,,1,52,,569286,5,,,1,13,,569287,5,,,1,13,,569288,5,,,1,13,,569289,5,,,1,13,,569290,5,,,1,52,,569291,5,,,1,13,,569292,5,,,1,12,,569293,5,,,1,12,,569294,5,,,1,13,,569295,5,,,1,54,,569296,5,,,1,13,,569297,5,,,1,13,,569298,5,,,1,13,,569299,5,,,1,53,,569300,5,,,1,12,,569301,5,,,1,14,,569302,5,,,1,13,,569303,5,,,1,12,,569304,5,,,1,54,,569305,5,,,1,12,,569306,5,,,1,12,,569307,5,,,1,12,,569308,5,,,1,10,,569309,5,,,1,52,,569310,5,,,1,11,,569311,5,,,1,9,,569312,5,,,1,8,,569313,5,,,1,9,,569314,5,,,1,9,,569315,5,,,1,9,,569316,5,,,1,49,,569317,5,,,1,11,,569318,5,,,1,11,,569319,5,,,1,10,,569320,5,,,1,10,,569321,5,,,1,52,,569322,5,,,1,12,,569323,5,,,1,13,,569324,5,,,1,15,,569325,5,,,1,16,,569326,5,,,1,55,,569327,5,,,1,15,,569328,5,,,1,16,,569329,5,,,1,56,,569330,5,,,1,15,,569331,5,,,1,17,,569332,5,,,1,15,,569333,5,,,1,55,,569334,5,,,1,16,,569335,5,,,1,15,,569336,5,,,1,15,,569337,5,,,1,55,,569338,5,,,1,15,,569339,5,,,1,15,,569340,5,,,1,15,,569341,5,,,1,56,,569342,5,,,1,16,,569343,5,,,1,15,,569344,5,,,1,15,,569345,5,,,1,55,,569346,5,,,1,16,,569347,5,,,1,15,,569348,5,,,1,16,,569349,5,,,1,55,,569350,5,,,1,15,,569351,5,,,1,14,,569352,5,,,1
80203,'20260529',531,,590691,5,,,1,15,,590692,5,,,1,56,,590693,5,,,1,16,,590694,5,,,1,13,,590695,5,,,1,10,,590696,5,,,1,10,,590697,5,,,1,49,,590698,5,,,1,12,,590699,5,,,1,8,,590700,5,,,1,8,,590701,5,,,1,8,,590702,5,,,1,9,,590703,5,,,1,10,,590704,5,,,1,50,,590705,5,,,1,13,,590706,5,,,1,12,,590707,5,,,1,15,,590708,5,,,1,12,,590709,5,,,1,54,,590710,5,,,1,12,,590711,5,,,1,13,,590712,5,,,1,13,,590713,5,,,1,52,,590714,5,,,1,13,,590715,5,,,1,13,,590716,5,,,1,13,,590717,5,,,1,13,,590718,5,,,1,52,,590719,5,,,1,13,,590720,5,,,1,12,,590721,5,,,1,12,,590722,5,,,1,13,,590723,5,,,1,54,,590724,5,,,1,13,,590725,5,,,1,13,,590726,5,,,1,13,,590727,5,,,1,53,,590728,5,,,1,12,,590729,5,,,1,14,,590730,5,,,1,13,,590731,5,,,1,12,,590732,5,,,1,54,,590733,5,,,1,12,,590734,5,,,1,12,,590735,5,,,1,12,,590736,5,,,1,10,,590737,5,,,1,52,,590738,5,,,1,11,,590739,5,,,1,9,,590740,5,,,1,8,,590741,5,,,1,9,,590742,5,,,1,9,,590743,5,,,1,9,,590744,5,,,1,49,,590745,5,,,1,11,,590746,5,,,1,11,,590747,5,,,1,10,,590748,5,,,1,10,,590749,5,,,1,52,,590750,5,,,1,12,,590751,5,,,1,13,,590752,5,,,1,15,,590753,5,,,1,16,,590754,5,,,1,55,,590755,5,,,1,15,,590756,5,,,1,16,,590757,5,,,1,56,,590758,5,,,1,15,,590759,5,,,1,17,,590760,5,,,1,15,,590761,5,,,1,55,,590762,5,,,1,16,,590763,5,,,1,15,,590764,5,,,1,15,,590765,5,,,1,55,,590766,5,,,1,15,,590767,5,,,1,15,,590768,5,,,1,15,,590769,5,,,1,56,,590770,5,,,1,16,,590771,5,,,1,15,,590772,5,,,1,15,,590773,5,,,1,55,,590774,5,,,1,16,,590775,5,,,1,15,,590776,5,,,1,16,,590777,5,,,1,55,,590778,5,,,1,15,,590779,5,,,1,14,,590780,5,,,1
80203,'20260530',530,,535453,5,,,1,15,,535443,5,,,1,12,,535438,5,,,1,56,,535440,5,,,1,14,,535445,5,,,1,16,,535446,5,,,1,14,,535451,5,,,1,56,,535441,5,,,1,14,,535452,5,,,1,17,,535447,5,,,1,15,,535439,5,,,1,56,,535448,5,,,1,14,,535444,5,,,1,14,,535454,5,,,1,14,,535449,5,,,1,55,,535442,5,,,1,15,,535450,5,,,1,14,,535455,5,,,1,15,,535456,5,,,1,54,,535460,5,,,1,15,,535461,5,,,1,14,,535457,5,,,1,14,,535458,5,,,1,55,,535462,5,,,1,15,,535459,5,,,1,15,,535463,5,,,1,15,,535464,5,,,1,55,,535397,5,,,1,14,,535388,5,,,1,15,,535395,5,,,1,15,,535400,5,,,1,55,,535402,5,,,1,15,,535398,5,,,1,15,,535389,5,,,1,17,,535393,5,,,1,56,,535401,5,,,1,14,,535390,5,,,1,15,,535391,5,,,1,15,,535403,5,,,1,55,,535435,5,,,1,13,,535394,5,,,1,15,,535434,5,,,1,15,,535396,5,,,1,55,,535404,5,,,1,16,,535405,5,,,1,16,,535423,5,,,1,14,,535437,5,,,1,55,,535406,5,,,1,15,,535407,5,,,1,16,,535436,5,,,1,16,,535392,5,,,1,55,,535408,5,,,1,15,,535409,5,,,1,15,,535410,5,,,1,15,,535411,5,,,1,57,,535414,5,,,1,15,,535412,5,,,1,14,,535413,5,,,1,13,,535418,5,,,1,54,,535416,5,,,1,17,,535415,5,,,1,16,,535417,5,,,1,17,,535422,5,,,1,57,,535432,5,,,1,16,,535431,5,,,1,15,,535433,5,,,1,57,,535428,5,,,1,16,,535430,5,,,1,15,,535424,5,,,1,15,,535427,5,,,1,57,,535399,5,,,1,16,,535429,5,,,1,15,,535421,5,,,1,15,,535419,5,,,1,55,,535420,5,,,1,16,,535426,5,,,1,15,,535425,5,,,1
80203,'20260531',530,,535532,5,,,1,15,,535522,5,,,1,12,,535515,5,,,1,56,,535517,5,,,1,14,,535530,5,,,1,16,,535531,5,,,1,14,,535534,5,,,1,56,,535518,5,,,1,14,,535525,5,,,1,17,,535526,5,,,1,15,,535516,5,,,1,56,,535528,5,,,1,14,,535529,5,,,1,14,,535519,5,,,1,14,,535521,5,,,1,55,,535533,5,,,1,15,,535527,5,,,1,14,,535523,5,,,1,15,,535520,5,,,1,54,,535537,5,,,1,15,,535536,5,,,1,14,,535524,5,,,1,14,,535535,5,,,1,55,,535538,5,,,1,15,,535539,5,,,1,15,,535540,5,,,1,15,,535541,5,,,1,55,,535474,5,,,1,14,,535469,5,,,1,15,,535467,5,,,1,15,,535477,5,,,1,55,,535481,5,,,1,15,,535475,5,,,1,15,,535466,5,,,1,17,,535472,5,,,1,56,,535478,5,,,1,14,,535468,5,,,1,15,,535470,5,,,1,15,,535486,5,,,1,55,,535508,5,,,1,13,,535473,5,,,1,15,,535513,5,,,1,15,,535465,5,,,1,55,,535489,5,,,1,16,,535483,5,,,1,16,,535503,5,,,1,14,,535510,5,,,1,55,,535479,5,,,1,15,,535480,5,,,1,16,,535509,5,,,1,16,,535471,5,,,1,55,,535490,5,,,1,15,,535482,5,,,1,15,,535485,5,,,1,15,,535484,5,,,1,57,,535502,5,,,1,15,,535487,5,,,1,14,,535488,5,,,1,13,,535499,5,,,1,54,,535504,5,,,1,17,,535492,5,,,1,16,,535501,5,,,1,17,,535494,5,,,1,57,,535514,5,,,1,16,,535512,5,,,1,15,,535507,5,,,1,57,,535491,5,,,1,16,,535506,5,,,1,15,,535495,5,,,1,15,,535498,5,,,1,57,,535476,5,,,1,16,,535511,5,,,1,15,,535500,5,,,1,15,,535505,5,,,1,55,,535493,5,,,1,16,,535497,5,,,1,15,,535496,5,,,1
80203,'20260601',531,,535542,5,,,1,15,,535567,5,,,1,56,,535554,5,,,1,16,,535618,5,,,1,13,,535543,5,,,1,10,,535568,5,,,1,10,,535583,5,,,1,49,,535555,5,,,1,12,,535605,5,,,1,8,,535619,5,,,1,8,,535627,5,,,1,8,,535573,5,,,1,9,,535544,5,,,1,10,,535595,5,,,1,50,,535628,5,,,1,13,,535612,5,,,1,12,,535556,5,,,1,15,,535606,5,,,1,12,,535620,5,,,1,54,,535574,5,,,1,12,,535545,5,,,1,13,,535613,5,,,1,13,,535584,5,,,1,52,,535557,5,,,1,13,,535607,5,,,1,13,,535575,5,,,1,13,,535546,5,,,1,13,,535614,5,,,1,52,,535558,5,,,1,13,,535608,5,,,1,12,,535621,5,,,1,12,,535547,5,,,1,13,,535615,5,,,1,54,,535585,5,,,1,13,,535559,5,,,1,13,,535609,5,,,1,13,,535576,5,,,1,53,,535548,5,,,1,12,,535596,5,,,1,14,,535586,5,,,1,13,,535610,5,,,1,12,,535622,5,,,1,54,,535577,5,,,1,12,,535549,5,,,1,12,,535597,5,,,1,12,,535587,5,,,1,10,,535560,5,,,1,52,,535611,5,,,1,11,,535623,5,,,1,9,,535578,5,,,1,8,,535598,5,,,1,9,,535601,5,,,1,9,,535630,5,,,1,9,,535616,5,,,1,49,,535588,5,,,1,11,,535561,5,,,1,11,,535624,5,,,1,10,,535579,5,,,1,10,,535629,5,,,1,52,,535550,5,,,1,12,,535599,5,,,1,13,,535617,5,,,1,15,,535589,5,,,1,16,,535626,5,,,1,55,,535625,5,,,1,15,,535580,5,,,1,16,,535631,5,,,1,56,,535551,5,,,1,15,,535600,5,,,1,17,,535590,5,,,1,15,,535562,5,,,1,55,,535569,5,,,1,16,,535581,5,,,1,15,,535602,5,,,1,15,,535591,5,,,1,55,,535563,5,,,1,15,,535570,5,,,1,15,,535582,5,,,1,15,,535603,5,,,1,56,,535592,5,,,1,16,,535564,5,,,1,15,,535571,5,,,1,15,,535552,5,,,1,55,,535593,5,,,1,16,,535565,5,,,1,15,,535572,5,,,1,16,,535553,5,,,1,55,,535604,5,,,1,15,,535594,5,,,1,14,,535566,5,,,1
80203,'20260602',531,,535632,5,,,1,15,,535657,5,,,1,56,,535644,5,,,1,16,,535708,5,,,1,13,,535633,5,,,1,10,,535658,5,,,1,10,,535673,5,,,1,49,,535645,5,,,1,12,,535695,5,,,1,8,,535709,5,,,1,8,,535717,5,,,1,8,,535663,5,,,1,9,,535634,5,,,1,10,,535685,5,,,1,50,,535718,5,,,1,13,,535702,5,,,1,12,,535646,5,,,1,15,,535696,5,,,1,12,,535710,5,,,1,54,,535664,5,,,1,12,,535635,5,,,1,13,,535703,5,,,1,13,,535674,5,,,1,52,,535647,5,,,1,13,,535697,5,,,1,13,,535665,5,,,1,13,,535636,5,,,1,13,,535704,5,,,1,52,,535648,5,,,1,13,,535698,5,,,1,12,,535711,5,,,1,12,,535637,5,,,1,13,,535705,5,,,1,54,,535675,5,,,1,13,,535649,5,,,1,13,,535699,5,,,1,13,,535666,5,,,1,53,,535638,5,,,1,12,,535686,5,,,1,14,,535676,5,,,1,13,,535700,5,,,1,12,,535712,5,,,1,54,,535667,5,,,1,12,,535639,5,,,1,12,,535687,5,,,1,12,,535677,5,,,1,10,,535650,5,,,1,52,,535701,5,,,1,11,,535713,5,,,1,9,,535668,5,,,1,8,,535688,5,,,1,9,,535691,5,,,1,9,,535720,5,,,1,9,,535706,5,,,1,49,,535678,5,,,1,11,,535651,5,,,1,11,,535714,5,,,1,10,,535669,5,,,1,10,,535719,5,,,1,52,,535640,5,,,1,12,,535689,5,,,1,13,,535707,5,,,1,15,,535679,5,,,1,16,,535716,5,,,1,55,,535715,5,,,1,15,,535670,5,,,1,16,,535721,5,,,1,56,,535641,5,,,1,15,,535690,5,,,1,17,,535680,5,,,1,15,,535652,5,,,1,55,,535659,5,,,1,16,,535671,5,,,1,15,,535692,5,,,1,15,,535681,5,,,1,55,,535653,5,,,1,15,,535660,5,,,1,15,,535672,5,,,1,15,,535693,5,,,1,56,,535682,5,,,1,16,,535654,5,,,1,15,,535661,5,,,1,15,,535642,5,,,1,55,,535683,5,,,1,16,,535655,5,,,1,15,,535662,5,,,1,16,,535643,5,,,1,55,,535694,5,,,1,15,,535684,5,,,1,14,,535656,5,,,1
80203,'20260603',531,,569353,5,,,1,15,,569378,5,,,1,56,,569365,5,,,1,16,,569429,5,,,1,13,,569354,5,,,1,10,,569379,5,,,1,10,,569394,5,,,1,49,,569366,5,,,1,12,,569416,5,,,1,8,,569430,5,,,1,8,,569438,5,,,1,8,,569384,5,,,1,9,,569355,5,,,1,10,,569406,5,,,1,50,,569439,5,,,1,13,,569423,5,,,1,12,,569367,5,,,1,15,,569417,5,,,1,12,,569431,5,,,1,54,,569385,5,,,1,12,,569356,5,,,1,13,,569424,5,,,1,13,,569395,5,,,1,52,,569368,5,,,1,13,,569418,5,,,1,13,,569386,5,,,1,13,,569357,5,,,1,13,,569425,5,,,1,52,,569369,5,,,1,13,,569419,5,,,1,12,,569432,5,,,1,12,,569358,5,,,1,13,,569426,5,,,1,54,,569396,5,,,1,13,,569370,5,,,1,13,,569420,5,,,1,13,,569387,5,,,1,53,,569359,5,,,1,12,,569407,5,,,1,14,,569397,5,,,1,13,,569421,5,,,1,12,,569433,5,,,1,54,,569388,5,,,1,12,,569360,5,,,1,12,,569408,5,,,1,12,,569398,5,,,1,10,,569371,5,,,1,52,,569422,5,,,1,11,,569434,5,,,1,9,,569389,5,,,1,8,,569409,5,,,1,9,,569412,5,,,1,9,,569441,5,,,1,9,,569427,5,,,1,49,,569399,5,,,1,11,,569372,5,,,1,11,,569435,5,,,1,10,,569390,5,,,1,10,,569440,5,,,1,52,,569361,5,,,1,12,,569410,5,,,1,13,,569428,5,,,1,15,,569400,5,,,1,16,,569437,5,,,1,55,,569436,5,,,1,15,,569391,5,,,1,16,,569442,5,,,1,56,,569362,5,,,1,15,,569411,5,,,1,17,,569401,5,,,1,15,,569373,5,,,1,55,,569380,5,,,1,16,,569392,5,,,1,15,,569413,5,,,1,15,,569402,5,,,1,55,,569374,5,,,1,15,,569381,5,,,1,15,,569393,5,,,1,15,,569414,5,,,1,56,,569403,5,,,1,16,,569375,5,,,1,15,,569382,5,,,1,15,,569363,5,,,1,55,,569404,5,,,1,16,,569376,5,,,1,15,,569383,5,,,1,16,,569364,5,,,1,55,,569415,5,,,1,15,,569405,5,,,1,14,,569377,5,,,1
80203,'20260604',531,,569443,5,,,1,15,,569468,5,,,1,56,,569455,5,,,1,16,,569519,5,,,1,13,,569444,5,,,1,10,,569469,5,,,1,10,,569484,5,,,1,49,,569456,5,,,1,12,,569506,5,,,1,8,,569520,5,,,1,8,,569528,5,,,1,8,,569474,5,,,1,9,,569445,5,,,1,10,,569496,5,,,1,50,,569529,5,,,1,13,,569513,5,,,1,12,,569457,5,,,1,15,,569507,5,,,1,12,,569521,5,,,1,54,,569475,5,,,1,12,,569446,5,,,1,13,,569514,5,,,1,13,,569485,5,,,1,52,,569458,5,,,1,13,,569508,5,,,1,13,,569476,5,,,1,13,,569447,5,,,1,13,,569515,5,,,1,52,,569459,5,,,1,13,,569509,5,,,1,12,,569522,5,,,1,12,,569448,5,,,1,13,,569516,5,,,1,54,,569486,5,,,1,13,,569460,5,,,1,13,,569510,5,,,1,13,,569477,5,,,1,53,,569449,5,,,1,12,,569497,5,,,1,14,,569487,5,,,1,13,,569511,5,,,1,12,,569523,5,,,1,54,,569478,5,,,1,12,,569450,5,,,1,12,,569498,5,,,1,12,,569488,5,,,1,10,,569461,5,,,1,52,,569512,5,,,1,11,,569524,5,,,1,9,,569479,5,,,1,8,,569499,5,,,1,9,,569502,5,,,1,9,,569531,5,,,1,9,,569517,5,,,1,49,,569489,5,,,1,11,,569462,5,,,1,11,,569525,5,,,1,10,,569480,5,,,1,10,,569530,5,,,1,52,,569451,5,,,1,12,,569500,5,,,1,13,,569518,5,,,1,15,,569490,5,,,1,16,,569527,5,,,1,55,,569526,5,,,1,15,,569481,5,,,1,16,,569532,5,,,1,56,,569452,5,,,1,15,,569501,5,,,1,17,,569491,5,,,1,15,,569463,5,,,1,55,,569470,5,,,1,16,,569482,5,,,1,15,,569503,5,,,1,15,,569492,5,,,1,55,,569464,5,,,1,15,,569471,5,,,1,15,,569483,5,,,1,15,,569504,5,,,1,56,,569493,5,,,1,16,,569465,5,,,1,15,,569472,5,,,1,15,,569453,5,,,1,55,,569494,5,,,1,16,,569466,5,,,1,15,,569473,5,,,1,16,,569454,5,,,1,55,,569505,5,,,1,15,,569495,5,,,1,14,,569467,5,,,1
80203,'20260605',531,,569533,5,,,1,15,,569558,5,,,1,56,,569545,5,,,1,16,,569609,5,,,1,13,,569534,5,,,1,10,,569559,5,,,1,10,,569574,5,,,1,49,,569546,5,,,1,12,,569596,5,,,1,8,,569610,5,,,1,8,,569618,5,,,1,8,,569564,5,,,1,9,,569535,5,,,1,10,,569586,5,,,1,50,,569619,5,,,1,13,,569603,5,,,1,12,,569547,5,,,1,15,,569597,5,,,1,12,,569611,5,,,1,54,,569565,5,,,1,12,,569536,5,,,1,13,,569604,5,,,1,13,,569575,5,,,1,52,,569548,5,,,1,13,,569598,5,,,1,13,,569566,5,,,1,13,,569537,5,,,1,13,,569605,5,,,1,52,,569549,5,,,1,13,,569599,5,,,1,12,,569612,5,,,1,12,,569538,5,,,1,13,,569606,5,,,1,54,,569576,5,,,1,13,,569550,5,,,1,13,,569600,5,,,1,13,,569567,5,,,1,53,,569539,5,,,1,12,,569587,5,,,1,14,,569577,5,,,1,13,,569601,5,,,1,12,,569613,5,,,1,54,,569568,5,,,1,12,,569540,5,,,1,12,,569588,5,,,1,12,,569578,5,,,1,10,,569551,5,,,1,52,,569602,5,,,1,11,,569614,5,,,1,9,,569569,5,,,1,8,,569589,5,,,1,9,,569592,5,,,1,9,,569621,5,,,1,9,,569607,5,,,1,49,,569579,5,,,1,11,,569552,5,,,1,11,,569615,5,,,1,10,,569570,5,,,1,10,,569620,5,,,1,52,,569541,5,,,1,12,,569590,5,,,1,13,,569608,5,,,1,15,,569580,5,,,1,16,,569617,5,,,1,55,,569616,5,,,1,15,,569571,5,,,1,16,,569622,5,,,1,56,,569542,5,,,1,15,,569591,5,,,1,17,,569581,5,,,1,15,,569553,5,,,1,55,,569560,5,,,1,16,,569572,5,,,1,15,,569593,5,,,1,15,,569582,5,,,1,55,,569554,5,,,1,15,,569561,5,,,1,15,,569573,5,,,1,15,,569594,5,,,1,56,,569583,5,,,1,16,,569555,5,,,1,15,,569562,5,,,1,15,,569543,5,,,1,55,,569584,5,,,1,16,,569556,5,,,1,15,,569563,5,,,1,16,,569544,5,,,1,55,,569595,5,,,1,15,,569585,5,,,1,14,,569557,5,,,1
80203,'20260606',530,,590846,5,,,1,15,,590836,5,,,1,12,,590831,5,,,1,56,,590833,5,,,1,14,,590838,5,,,1,16,,590839,5,,,1,14,,590844,5,,,1,56,,590834,5,,,1,14,,590845,5,,,1,17,,590840,5,,,1,15,,590832,5,,,1,56,,590841,5,,,1,14,,590837,5,,,1,14,,590847,5,,,1,14,,590842,5,,,1,55,,590835,5,,,1,15,,590843,5,,,1,14,,590848,5,,,1,15,,590849,5,,,1,54,,590853,5,,,1,15,,590854,5,,,1,14,,590850,5,,,1,14,,590851,5,,,1,55,,590855,5,,,1,15,,590852,5,,,1,15,,590856,5,,,1,15,,590857,5,,,1,55,,590790,5,,,1,14,,590781,5,,,1,15,,590788,5,,,1,15,,590793,5,,,1,55,,590795,5,,,1,15,,590791,5,,,1,15,,590782,5,,,1,17,,590786,5,,,1,56,,590794,5,,,1,14,,590783,5,,,1,15,,590784,5,,,1,15,,590796,5,,,1,55,,590828,5,,,1,13,,590787,5,,,1,15,,590827,5,,,1,15,,590789,5,,,1,55,,590797,5,,,1,16,,590798,5,,,1,16,,590816,5,,,1,14,,590830,5,,,1,55,,590799,5,,,1,15,,590800,5,,,1,16,,590829,5,,,1,16,,590785,5,,,1,55,,590801,5,,,1,15,,590802,5,,,1,15,,590803,5,,,1,15,,590804,5,,,1,57,,590807,5,,,1,15,,590805,5,,,1,14,,590806,5,,,1,13,,590811,5,,,1,54,,590809,5,,,1,17,,590808,5,,,1,16,,590810,5,,,1,17,,590815,5,,,1,57,,590825,5,,,1,16,,590824,5,,,1,15,,590826,5,,,1,57,,590821,5,,,1,16,,590823,5,,,1,15,,590817,5,,,1,15,,590820,5,,,1,57,,590792,5,,,1,16,,590822,5,,,1,15,,590814,5,,,1,15,,590812,5,,,1,55,,590813,5,,,1,16,,590819,5,,,1,15,,590818,5,,,1
80203,'20260607',530,,590925,5,,,1,15,,590915,5,,,1,12,,590908,5,,,1,56,,590910,5,,,1,14,,590923,5,,,1,16,,590924,5,,,1,14,,590927,5,,,1,56,,590911,5,,,1,14,,590918,5,,,1,17,,590919,5,,,1,15,,590909,5,,,1,56,,590921,5,,,1,14,,590922,5,,,1,14,,590912,5,,,1,14,,590914,5,,,1,55,,590926,5,,,1,15,,590920,5,,,1,14,,590916,5,,,1,15,,590913,5,,,1,54,,590930,5,,,1,15,,590929,5,,,1,14,,590917,5,,,1,14,,590928,5,,,1,55,,590931,5,,,1,15,,590932,5,,,1,15,,590933,5,,,1,15,,590934,5,,,1,55,,590867,5,,,1,14,,590862,5,,,1,15,,590860,5,,,1,15,,590870,5,,,1,55,,590874,5,,,1,15,,590868,5,,,1,15,,590859,5,,,1,17,,590865,5,,,1,56,,590871,5,,,1,14,,590861,5,,,1,15,,590863,5,,,1,15,,590879,5,,,1,55,,590901,5,,,1,13,,590866,5,,,1,15,,590906,5,,,1,15,,590858,5,,,1,55,,590882,5,,,1,16,,590876,5,,,1,16,,590896,5,,,1,14,,590903,5,,,1,55,,590872,5,,,1,15,,590873,5,,,1,16,,590902,5,,,1,16,,590864,5,,,1,55,,590883,5,,,1,15,,590875,5,,,1,15,,590878,5,,,1,15,,590877,5,,,1,57,,590895,5,,,1,15,,590880,5,,,1,14,,590881,5,,,1,13,,590892,5,,,1,54,,590897,5,,,1,17,,590885,5,,,1,16,,590894,5,,,1,17,,590887,5,,,1,57,,590907,5,,,1,16,,590905,5,,,1,15,,590900,5,,,1,57,,590884,5,,,1,16,,590899,5,,,1,15,,590888,5,,,1,15,,590891,5,,,1,57,,590869,5,,,1,16,,590904,5,,,1,15,,590893,5,,,1,15,,590898,5,,,1,55,,590886,5,,,1,16,,590890,5,,,1,15,,590889,5,,,1
80203,'20260608',531,,590935,5,,,1,15,,590960,5,,,1,56,,590947,5,,,1,16,,591011,5,,,1,13,,590936,5,,,1,10,,590961,5,,,1,10,,590976,5,,,1,49,,590948,5,,,1,12,,590998,5,,,1,8,,591012,5,,,1,8,,591020,5,,,1,8,,590966,5,,,1,9,,590937,5,,,1,10,,590988,5,,,1,50,,591021,5,,,1,13,,591005,5,,,1,12,,590949,5,,,1,15,,590999,5,,,1,12,,591013,5,,,1,54,,590967,5,,,1,12,,590938,5,,,1,13,,591006,5,,,1,13,,590977,5,,,1,52,,590950,5,,,1,13,,591000,5,,,1,13,,590968,5,,,1,13,,590939,5,,,1,13,,591007,5,,,1,52,,590951,5,,,1,13,,591001,5,,,1,12,,591014,5,,,1,12,,590940,5,,,1,13,,591008,5,,,1,54,,590978,5,,,1,13,,590952,5,,,1,13,,591002,5,,,1,13,,590969,5,,,1,53,,590941,5,,,1,12,,590989,5,,,1,14,,590979,5,,,1,13,,591003,5,,,1,12,,591015,5,,,1,54,,590970,5,,,1,12,,590942,5,,,1,12,,590990,5,,,1,12,,590980,5,,,1,10,,590953,5,,,1,52,,591004,5,,,1,11,,591016,5,,,1,9,,590971,5,,,1,8,,590991,5,,,1,9,,590994,5,,,1,9,,591023,5,,,1,9,,591009,5,,,1,49,,590981,5,,,1,11,,590954,5,,,1,11,,591017,5,,,1,10,,590972,5,,,1,10,,591022,5,,,1,52,,590943,5,,,1,12,,590992,5,,,1,13,,591010,5,,,1,15,,590982,5,,,1,16,,591019,5,,,1,55,,591018,5,,,1,15,,590973,5,,,1,16,,591024,5,,,1,56,,590944,5,,,1,15,,590993,5,,,1,17,,590983,5,,,1,15,,590955,5,,,1,55,,590962,5,,,1,16,,590974,5,,,1,15,,590995,5,,,1,15,,590984,5,,,1,55,,590956,5,,,1,15,,590963,5,,,1,15,,590975,5,,,1,15,,590996,5,,,1,56,,590985,5,,,1,16,,590957,5,,,1,15,,590964,5,,,1,15,,590945,5,,,1,55,,590986,5,,,1,16,,590958,5,,,1,15,,590965,5,,,1,16,,590946,5,,,1,55,,590997,5,,,1,15,,590987,5,,,1,14,,590959,5,,,1
80203,'20260609',531,,591025,5,,,1,15,,591050,5,,,1,56,,591037,5,,,1,16,,591101,5,,,1,13,,591026,5,,,1,10,,591051,5,,,1,10,,591066,5,,,1,49,,591038,5,,,1,12,,591088,5,,,1,8,,591102,5,,,1,8,,591110,5,,,1,8,,591056,5,,,1,9,,591027,5,,,1,10,,591078,5,,,1,50,,591111,5,,,1,13,,591095,5,,,1,12,,591039,5,,,1,15,,591089,5,,,1,12,,591103,5,,,1,54,,591057,5,,,1,12,,591028,5,,,1,13,,591096,5,,,1,13,,591067,5,,,1,52,,591040,5,,,1,13,,591090,5,,,1,13,,591058,5,,,1,13,,591029,5,,,1,13,,591097,5,,,1,52,,591041,5,,,1,13,,591091,5,,,1,12,,591104,5,,,1,12,,591030,5,,,1,13,,591098,5,,,1,54,,591068,5,,,1,13,,591042,5,,,1,13,,591092,5,,,1,13,,591059,5,,,1,53,,591031,5,,,1,12,,591079,5,,,1,14,,591069,5,,,1,13,,591093,5,,,1,12,,591105,5,,,1,54,,591060,5,,,1,12,,591032,5,,,1,12,,591080,5,,,1,12,,591070,5,,,1,10,,591043,5,,,1,52,,591094,5,,,1,11,,591106,5,,,1,9,,591061,5,,,1,8,,591081,5,,,1,9,,591084,5,,,1,9,,591113,5,,,1,9,,591099,5,,,1,49,,591071,5,,,1,11,,591044,5,,,1,11,,591107,5,,,1,10,,591062,5,,,1,10,,591112,5,,,1,52,,591033,5,,,1,12,,591082,5,,,1,13,,591100,5,,,1,15,,591072,5,,,1,16,,591109,5,,,1,55,,591108,5,,,1,15,,591063,5,,,1,16,,591114,5,,,1,56,,591034,5,,,1,15,,591083,5,,,1,17,,591073,5,,,1,15,,591045,5,,,1,55,,591052,5,,,1,16,,591064,5,,,1,15,,591085,5,,,1,15,,591074,5,,,1,55,,591046,5,,,1,15,,591053,5,,,1,15,,591065,5,,,1,15,,591086,5,,,1,56,,591075,5,,,1,16,,591047,5,,,1,15,,591054,5,,,1,15,,591035,5,,,1,55,,591076,5,,,1,16,,591048,5,,,1,15,,591055,5,,,1,16,,591036,5,,,1,55,,591087,5,,,1,15,,591077,5,,,1,14,,591049,5,,,1
1000301,'20260526',1618,,576952,24,,,0
1000301,'20260527',1618,,576953,24,,,0
1000301,'20260528',1618,,576954,24,,,0
1000301,'20260601',1618,,542220,24,,,0
1000301,'20260602',1618,,542221,24,,,0
1000301,'20260603',1618,,576955,24,,,0
1000301,'20260604',1618,,576956,24,,,0
1000301,'20260605',1618,,576957,24,,,0
1000301,'20260608',1618,,595025,24,,,0
1000301,'20260609',1618,,595026,24,,,0
