27400,'20260317',1632,,80075,44,4,,0,76,,80076,44,4,,0,21,,80077,44,4,,0,27,,80078,44,4,,0,64,,80079,44,4,,0
27400,'20260318',1632,,80080,44,4,,0,76,,80081,44,4,,0,21,,80082,44,4,,0,27,,80083,44,4,,0,64,,80084,44,4,,0
27400,'20260319',1632,,80085,44,4,,0,76,,80086,44,4,,0,21,,80087,44,4,,0,27,,80088,44,4,,0,64,,80089,44,4,,0
27400,'20260320',1632,,80090,44,4,,0,76,,80091,44,4,,0,21,,80092,44,4,,0,27,,80093,44,4,,0,64,,80094,44,4,,0
27400,'20260323',1631,,80095,44,4,,0,77,,80096,44,4,,0,21,,80098,44,4,,0,28,,80099,44,4,,0,63,,80097,44,4,,0
27400,'20260324',1631,,80100,44,4,,0,77,,80101,44,4,,0,21,,80103,44,4,,0,28,,80104,44,4,,0,63,,80102,44,4,,0
27400,'20260325',1631,,80105,44,4,,0,77,,80106,44,4,,0,21,,80108,44,4,,0,28,,80109,44,4,,0,63,,80107,44,4,,0
27400,'20260326',1631,,80110,44,4,,0,77,,80111,44,4,,0,21,,80113,44,4,,0,28,,80114,44,4,,0,63,,80112,44,4,,0
27400,'20260327',1631,,80115,44,4,,0,77,,80116,44,4,,0,21,,80118,44,4,,0,28,,80119,44,4,,0,63,,80117,44,4,,0
27400,'20260330',1631,,80120,44,4,,0,77,,80121,44,4,,0,21,,80123,44,4,,0,28,,80124,44,4,,0,63,,80122,44,4,,0
27400,'20260331',1631,,80125,44,4,,0,77,,80126,44,4,,0,21,,80128,44,4,,0,28,,80129,44,4,,0,63,,80127,44,4,,0
37400,'20260317',1700,,82277,43,4,,0,47,,82278,43,4,,0,163,,82279,43,4,,0
37400,'20260318',1700,,82280,43,4,,0,47,,82281,43,4,,0,163,,82282,43,4,,0
37400,'20260319',1700,,82283,43,4,,0,47,,82284,43,4,,0,163,,82285,43,4,,0
37400,'20260320',1700,,82286,43,4,,0,47,,82287,43,4,,0,163,,82288,43,4,,0
37400,'20260323',1700,,82289,43,4,,0,48,,82290,43,4,,0,162,,82291,43,4,,0
37400,'20260324',1700,,82292,43,4,,0,48,,82293,43,4,,0,162,,82294,43,4,,0
37400,'20260325',1700,,82295,43,4,,0,48,,82296,43,4,,0,162,,82297,43,4,,0
37400,'20260326',1700,,82298,43,4,,0,48,,82299,43,4,,0,162,,82300,43,4,,0
37400,'20260327',1700,,82301,43,4,,0,48,,82302,43,4,,0,162,,82303,43,4,,0
37400,'20260330',1700,,82304,43,4,,0,48,,82305,43,4,,0,162,,82306,43,4,,0
37400,'20260331',1700,,82307,43,4,,0,48,,82308,43,4,,0,162,,82309,43,4,,0
57400,'20260317',1619,,83525,47,4,,0,84,,83526,47,4,,0,20,,83527,47,4,,0,32,,83528,47,4,,0
57400,'20260318',1619,,83529,47,4,,0,84,,83530,47,4,,0,20,,83531,47,4,,0,32,,83532,47,4,,0
57400,'20260319',1619,,83533,47,4,,0,84,,83534,47,4,,0,20,,83535,47,4,,0,32,,83536,47,4,,0
57400,'20260320',1619,,83537,47,4,,0,84,,83538,47,4,,0,20,,83539,47,4,,0,32,,83540,47,4,,0
57400,'20260323',1612,,83544,41,4,,0,38,,83542,41,4,,0,71,,83543,41,4,,0,32,,83541,41,4,,0
57400,'20260324',1612,,83548,41,4,,0,38,,83546,41,4,,0,71,,83547,41,4,,0,32,,83545,41,4,,0
57400,'20260325',1612,,83552,41,4,,0,38,,83550,41,4,,0,71,,83551,41,4,,0,32,,83549,41,4,,0
57400,'20260326',1612,,83556,41,4,,0,38,,83554,41,4,,0,71,,83555,41,4,,0,32,,83553,41,4,,0
57400,'20260327',1612,,83560,41,4,,0,38,,83558,41,4,,0,71,,83559,41,4,,0,32,,83557,41,4,,0
57400,'20260330',1612,,83564,41,4,,0,38,,83562,41,4,,0,71,,83563,41,4,,0,32,,83561,41,4,,0
57400,'20260331',1612,,83568,41,4,,0,38,,83566,41,4,,0,71,,83567,41,4,,0,32,,83565,41,4,,0
98400,'20260320',2616,,102993,78,,,0
98400,'20260321',2616,,102994,78,,,0
98400,'20260327',2616,,102995,78,,,0
98400,'20260328',2616,,102996,78,,,0
