5401,'20260707',530,,871596,21,,,1,70,,871597,21,,,1,33,,871598,21,,,1,76,,871599,21,,,1,32,,871600,21,,,1,75,,871601,21,,,1,28,,871602,21,,,1,69,,871603,21,,,1,29,,871604,21,,,1,68,,871605,21,,,1,30,,871606,21,,,1,71,,871607,21,,,1,30,,871608,21,,,1,71,,871609,21,,,1,31,,871610,21,,,1,70,,871611,21,,,1,31,,871612,21,,,1,68,,871613,21,,,1,30,,871614,21,,,1,71,,871615,21,,,1,31,,871616,21,,,1,60,,871617,21,,,1,37,,871618,21,,,1,75,,871619,21,,,1,26,,871620,21,,,1,97,,871621,21,,,1,101,,871622,21,,,1,105,,871623,21,,,1,101,,871624,21,,,1,99,,871625,21,,,1,103,,871626,21,,,1
5401,'20260708',530,,871627,21,,,1,70,,871628,21,,,1,33,,871629,21,,,1,76,,871630,21,,,1,32,,871631,21,,,1,75,,871632,21,,,1,28,,871633,21,,,1,69,,871634,21,,,1,29,,871635,21,,,1,68,,871636,21,,,1,30,,871637,21,,,1,71,,871638,21,,,1,30,,871639,21,,,1,71,,871640,21,,,1,31,,871641,21,,,1,70,,871642,21,,,1,31,,871643,21,,,1,68,,871644,21,,,1,30,,871645,21,,,1,71,,871646,21,,,1,31,,871647,21,,,1,60,,871648,21,,,1,37,,871649,21,,,1,75,,871650,21,,,1,26,,871651,21,,,1,97,,871652,21,,,1,101,,871653,21,,,1,105,,871654,21,,,1,101,,871655,21,,,1,99,,871656,21,,,1,103,,871657,21,,,1
5401,'20260709',530,,871658,21,,,1,70,,871659,21,,,1,33,,871660,21,,,1,76,,871661,21,,,1,32,,871662,21,,,1,75,,871663,21,,,1,28,,871664,21,,,1,69,,871665,21,,,1,29,,871666,21,,,1,68,,871667,21,,,1,30,,871668,21,,,1,71,,871669,21,,,1,30,,871670,21,,,1,71,,871671,21,,,1,31,,871672,21,,,1,70,,871673,21,,,1,31,,871674,21,,,1,68,,871675,21,,,1,30,,871676,21,,,1,71,,871677,21,,,1,31,,871678,21,,,1,60,,871679,21,,,1,37,,871680,21,,,1,75,,871681,21,,,1,26,,871682,21,,,1,97,,871683,21,,,1,101,,871684,21,,,1,105,,871685,21,,,1,101,,871686,21,,,1,99,,871687,21,,,1,103,,871688,21,,,1
5401,'20260710',530,,904023,21,,,1,70,,904024,21,,,1,33,,904025,21,,,1,76,,904026,21,,,1,32,,904027,21,,,1,75,,904028,21,,,1,28,,904029,21,,,1,69,,904030,21,,,1,29,,904031,21,,,1,68,,904032,21,,,1,30,,904033,21,,,1,71,,904034,21,,,1,30,,904035,21,,,1,71,,904036,21,,,1,31,,904037,21,,,1,70,,904038,21,,,1,31,,904039,21,,,1,68,,904040,21,,,1,30,,904041,21,,,1,71,,904042,21,,,1,31,,904043,21,,,1,60,,904044,21,,,1,37,,904045,21,,,1,75,,904046,21,,,1,26,,904047,21,,,1,97,,904048,21,,,1,101,,904049,21,,,1,105,,904050,21,,,1,101,,904051,21,,,1,99,,904052,21,,,1,103,,904022,21,,,1
5401,'20260711',640,,849482,21,,,1,104,,849483,21,,,1,100,,849484,21,,,1,101,,849485,21,,,1,100,,849486,21,,,1,71,,849505,21,,,1,29,,849487,21,,,1,71,,849498,21,,,1,29,,849488,21,,,1,70,,849499,21,,,1,30,,849489,21,,,1,71,,849500,21,,,1,30,,849490,21,,,1,67,,849501,21,,,1,33,,849491,21,,,1,71,,849502,21,,,1,25,,849492,21,,,1,75,,849503,21,,,1,34,,849506,21,,,1,94,,849504,21,,,1,101,,849493,21,,,1,99,,849494,21,,,1,99,,849495,21,,,1,101,,849496,21,,,1,98,,849497,21,,,1
5401,'20260712',640,,849521,21,,,1,104,,849523,21,,,1,100,,849510,21,,,1,101,,849512,21,,,1,100,,849524,21,,,1,71,,849515,21,,,1,29,,849518,21,,,1,71,,849514,21,,,1,29,,849507,21,,,1,70,,849526,21,,,1,30,,849522,21,,,1,71,,849509,21,,,1,30,,849525,21,,,1,67,,849527,21,,,1,33,,849513,21,,,1,71,,849528,21,,,1,25,,849516,21,,,1,75,,849529,21,,,1,34,,849531,21,,,1,94,,849530,21,,,1,101,,849520,21,,,1,99,,849519,21,,,1,99,,849508,21,,,1,101,,849511,21,,,1,98,,849517,21,,,1
5401,'20260713',530,,849550,21,,,1,70,,849562,21,,,1,33,,849549,21,,,1,76,,849546,21,,,1,32,,849544,21,,,1,75,,849532,21,,,1,28,,849547,21,,,1,69,,849533,21,,,1,29,,849551,21,,,1,68,,849534,21,,,1,30,,849548,21,,,1,71,,849535,21,,,1,30,,849552,21,,,1,71,,849536,21,,,1,31,,849553,21,,,1,70,,849537,21,,,1,31,,849554,21,,,1,68,,849538,21,,,1,30,,849555,21,,,1,71,,849539,21,,,1,31,,849545,21,,,1,60,,849540,21,,,1,37,,849556,21,,,1,75,,849541,21,,,1,26,,849557,21,,,1,97,,849558,21,,,1,101,,849559,21,,,1,105,,849560,21,,,1,101,,849561,21,,,1,99,,849542,21,,,1,103,,849543,21,,,1
5401,'20260714',530,,849581,21,,,1,70,,849593,21,,,1,33,,849580,21,,,1,76,,849577,21,,,1,32,,849575,21,,,1,75,,849563,21,,,1,28,,849578,21,,,1,69,,849564,21,,,1,29,,849582,21,,,1,68,,849565,21,,,1,30,,849579,21,,,1,71,,849566,21,,,1,30,,849583,21,,,1,71,,849567,21,,,1,31,,849584,21,,,1,70,,849568,21,,,1,31,,849585,21,,,1,68,,849569,21,,,1,30,,849586,21,,,1,71,,849570,21,,,1,31,,849576,21,,,1,60,,849571,21,,,1,37,,849587,21,,,1,75,,849572,21,,,1,26,,849588,21,,,1,97,,849589,21,,,1,101,,849590,21,,,1,105,,849591,21,,,1,101,,849592,21,,,1,99,,849573,21,,,1,103,,849574,21,,,1
5401,'20260715',530,,871707,21,,,1,70,,871719,21,,,1,33,,871706,21,,,1,76,,871703,21,,,1,32,,871701,21,,,1,75,,871689,21,,,1,28,,871704,21,,,1,69,,871690,21,,,1,29,,871708,21,,,1,68,,871691,21,,,1,30,,871705,21,,,1,71,,871692,21,,,1,30,,871709,21,,,1,71,,871693,21,,,1,31,,871710,21,,,1,70,,871694,21,,,1,31,,871711,21,,,1,68,,871695,21,,,1,30,,871712,21,,,1,71,,871696,21,,,1,31,,871702,21,,,1,60,,871697,21,,,1,37,,871713,21,,,1,75,,871698,21,,,1,26,,871714,21,,,1,97,,871715,21,,,1,101,,871716,21,,,1,105,,871717,21,,,1,101,,871718,21,,,1,99,,871699,21,,,1,103,,871700,21,,,1
5401,'20260716',530,,871738,21,,,1,70,,871750,21,,,1,33,,871737,21,,,1,76,,871734,21,,,1,32,,871732,21,,,1,75,,871720,21,,,1,28,,871735,21,,,1,69,,871721,21,,,1,29,,871739,21,,,1,68,,871722,21,,,1,30,,871736,21,,,1,71,,871723,21,,,1,30,,871740,21,,,1,71,,871724,21,,,1,31,,871741,21,,,1,70,,871725,21,,,1,31,,871742,21,,,1,68,,871726,21,,,1,30,,871743,21,,,1,71,,871727,21,,,1,31,,871733,21,,,1,60,,871728,21,,,1,37,,871744,21,,,1,75,,871729,21,,,1,26,,871745,21,,,1,97,,871746,21,,,1,101,,871747,21,,,1,105,,871748,21,,,1,101,,871749,21,,,1,99,,871730,21,,,1,103,,871731,21,,,1
5401,'20260717',530,,871769,21,,,1,70,,871781,21,,,1,33,,871768,21,,,1,76,,871765,21,,,1,32,,871763,21,,,1,75,,871751,21,,,1,28,,871766,21,,,1,69,,871752,21,,,1,29,,871770,21,,,1,68,,871753,21,,,1,30,,871767,21,,,1,71,,871754,21,,,1,30,,871771,21,,,1,71,,871755,21,,,1,31,,871772,21,,,1,70,,871756,21,,,1,31,,871773,21,,,1,68,,871757,21,,,1,30,,871774,21,,,1,71,,871758,21,,,1,31,,871764,21,,,1,60,,871759,21,,,1,37,,871775,21,,,1,75,,871760,21,,,1,26,,871776,21,,,1,97,,871777,21,,,1,101,,871778,21,,,1,105,,871779,21,,,1,101,,871780,21,,,1,99,,871761,21,,,1,103,,871762,21,,,1
5401,'20260718',640,,904053,21,,,1,104,,904054,21,,,1,100,,904055,21,,,1,101,,904056,21,,,1,100,,904057,21,,,1,71,,904076,21,,,1,29,,904058,21,,,1,71,,904069,21,,,1,29,,904059,21,,,1,70,,904070,21,,,1,30,,904060,21,,,1,71,,904071,21,,,1,30,,904061,21,,,1,67,,904072,21,,,1,33,,904062,21,,,1,71,,904073,21,,,1,25,,904063,21,,,1,75,,904074,21,,,1,34,,904077,21,,,1,94,,904075,21,,,1,101,,904064,21,,,1,99,,904065,21,,,1,99,,904066,21,,,1,101,,904067,21,,,1,98,,904068,21,,,1
5401,'20260719',640,,904092,21,,,1,104,,904094,21,,,1,100,,904081,21,,,1,101,,904083,21,,,1,100,,904095,21,,,1,71,,904086,21,,,1,29,,904089,21,,,1,71,,904085,21,,,1,29,,904078,21,,,1,70,,904097,21,,,1,30,,904093,21,,,1,71,,904080,21,,,1,30,,904096,21,,,1,67,,904098,21,,,1,33,,904084,21,,,1,71,,904099,21,,,1,25,,904087,21,,,1,75,,904100,21,,,1,34,,904102,21,,,1,94,,904101,21,,,1,101,,904091,21,,,1,99,,904090,21,,,1,99,,904079,21,,,1,101,,904082,21,,,1,98,,904088,21,,,1
5401,'20260720',530,,904121,21,,,1,70,,904133,21,,,1,33,,904120,21,,,1,76,,904117,21,,,1,32,,904115,21,,,1,75,,904103,21,,,1,28,,904118,21,,,1,69,,904104,21,,,1,29,,904122,21,,,1,68,,904105,21,,,1,30,,904119,21,,,1,71,,904106,21,,,1,30,,904123,21,,,1,71,,904107,21,,,1,31,,904124,21,,,1,70,,904108,21,,,1,31,,904125,21,,,1,68,,904109,21,,,1,30,,904126,21,,,1,71,,904110,21,,,1,31,,904116,21,,,1,60,,904111,21,,,1,37,,904127,21,,,1,75,,904112,21,,,1,26,,904128,21,,,1,97,,904129,21,,,1,101,,904130,21,,,1,105,,904131,21,,,1,101,,904132,21,,,1,99,,904113,21,,,1,103,,904114,21,,,1
5401,'20260721',530,,904152,21,,,1,70,,904164,21,,,1,33,,904151,21,,,1,76,,904148,21,,,1,32,,904146,21,,,1,75,,904134,21,,,1,28,,904149,21,,,1,69,,904135,21,,,1,29,,904153,21,,,1,68,,904136,21,,,1,30,,904150,21,,,1,71,,904137,21,,,1,30,,904154,21,,,1,71,,904138,21,,,1,31,,904155,21,,,1,70,,904139,21,,,1,31,,904156,21,,,1,68,,904140,21,,,1,30,,904157,21,,,1,71,,904141,21,,,1,31,,904147,21,,,1,60,,904142,21,,,1,37,,904158,21,,,1,75,,904143,21,,,1,26,,904159,21,,,1,97,,904160,21,,,1,101,,904161,21,,,1,105,,904162,21,,,1,101,,904163,21,,,1,99,,904144,21,,,1,103,,904145,21,,,1
25401,'20260707',624,,883274,21,,,0,30,,883275,21,,,0,68,,883276,21,,,0,31,,883277,21,,,0,70,,883278,21,,,0
25401,'20260708',624,,883279,21,,,0,30,,883280,21,,,0,68,,883281,21,,,0,31,,883282,21,,,0,70,,883283,21,,,0
25401,'20260709',624,,883284,21,,,0,30,,883285,21,,,0,68,,883286,21,,,0,31,,883287,21,,,0,70,,883288,21,,,0
25401,'20260710',624,,909301,21,,,0,30,,909302,21,,,0,68,,909303,21,,,0,31,,909304,21,,,0,70,,909305,21,,,0
25401,'20260713',624,,854734,21,,,0,30,,854735,21,,,0,68,,854736,21,,,0,31,,854737,21,,,0,70,,854738,21,,,0
25401,'20260714',624,,854739,21,,,0,30,,854740,21,,,0,68,,854741,21,,,0,31,,854742,21,,,0,70,,854743,21,,,0
25401,'20260715',624,,883289,21,,,0,30,,883290,21,,,0,68,,883291,21,,,0,31,,883292,21,,,0,70,,883293,21,,,0
25401,'20260716',624,,883294,21,,,0,30,,883295,21,,,0,68,,883296,21,,,0,31,,883297,21,,,0,70,,883298,21,,,0
25401,'20260717',624,,883299,21,,,0,30,,883300,21,,,0,68,,883301,21,,,0,31,,883302,21,,,0,70,,883303,21,,,0
25401,'20260720',624,,909306,21,,,0,30,,909307,21,,,0,68,,909308,21,,,0,31,,909309,21,,,0,70,,909310,21,,,0
25401,'20260721',624,,909311,21,,,0,30,,909312,21,,,0,68,,909313,21,,,0,31,,909314,21,,,0,70,,909315,21,,,0
55401,'20260707',649,,885225,21,,,0,63,,885226,21,,,0
55401,'20260708',649,,885227,21,,,0,63,,885228,21,,,0
55401,'20260709',649,,885229,21,,,0,63,,885230,21,,,0
55401,'20260710',649,,910109,21,,,0,63,,910110,21,,,0
55401,'20260713',649,,855400,21,,,0,63,,855399,21,,,0
55401,'20260714',649,,855402,21,,,0,63,,855401,21,,,0
55401,'20260715',649,,885232,21,,,0,63,,885231,21,,,0
55401,'20260716',649,,885234,21,,,0,63,,885233,21,,,0
55401,'20260717',649,,885236,21,,,0,63,,885235,21,,,0
55401,'20260720',649,,910112,21,,,0,63,,910111,21,,,0
55401,'20260721',649,,910114,21,,,0,63,,910113,21,,,0
