8000,'20260206',628,,82054,,,0,2,,82055,,,0,28,,82056,,,0,67,,82057,,,0,30,,82058,,,0,72,,82059,,,0,32,,82060,,,0,72,,82061,,,0,69,,82062,,,0,30,,82063,,,0,29,,82064,,,0,68,,82065,,,0,30,,82066,,,0,70,,82067,,,0,30,,82068,,,0,70,,82069,,,0,30,,82070,,,0,69,,82071,,,0,30,,82072,,,0,69,,82073,,,0,24,,82074,,,0,69,,82075,,,0,35,,82076,,,0,74,,82077,,,0,31,,82078,,,0,72,,82079,,,0,71,,82080,,,0,30,,82081,,,0,70,,82082,,,0,30,,82083,,,0,70,,82084,,,0,30,,82085,,,0,70,,82086,,,0,31,,82087,,,0,70,,82088,,,0,31,,82089,,,0,70,,82090,,,0,30,,82091,,,0
8000,'20260207',632,,82092,,,0,70,,82093,,,0,30,,82094,,,0,70,,82095,,,0,30,,82096,,,0,70,,82097,,,0,29,,82098,,,0,69,,82099,,,0,30,,82100,,,0,70,,82101,,,0,30,,82102,,,0,70,,82103,,,0,30,,82104,,,0,70,,82105,,,0,30,,82106,,,0,70,,82107,,,0,30,,82108,,,0,70,,82109,,,0,30,,82110,,,0,70,,82111,,,0,30,,82112,,,0,70,,82113,,,0,31,,82114,,,0,71,,82115,,,0,30,,82116,,,0,70,,82117,,,0,30,,82118,,,0,70,,82119,,,0,30,,82120,,,0,70,,82121,,,0,30,,82122,,,0,70,,82123,,,0,31,,82124,,,0,70,,82125,,,0,30,,82126,,,0,71,,82127,,,0,30,,82128,,,0
8000,'20260208',632,,82129,,,0,70,,82130,,,0,30,,82131,,,0,70,,82132,,,0,30,,82133,,,0,70,,82134,,,0,29,,82135,,,0,69,,82136,,,0,30,,82137,,,0,70,,82138,,,0,30,,82139,,,0,70,,82140,,,0,30,,82141,,,0,70,,82142,,,0,30,,82143,,,0,70,,82144,,,0,30,,82145,,,0,70,,82146,,,0,30,,82147,,,0,70,,82148,,,0,30,,82149,,,0,70,,82150,,,0,31,,82151,,,0,71,,82152,,,0,30,,82153,,,0,70,,82154,,,0,30,,82155,,,0,70,,82156,,,0,30,,82157,,,0,70,,82158,,,0,30,,82159,,,0,70,,82160,,,0,31,,82161,,,0,70,,82162,,,0,30,,82163,,,0,71,,82164,,,0,30,,82165,,,0
8000,'20260209',628,,82166,,,0,2,,82167,,,0,28,,82168,,,0,67,,82169,,,0,30,,82170,,,0,72,,82171,,,0,32,,82172,,,0,72,,82173,,,0,69,,82174,,,0,30,,82175,,,0,29,,82176,,,0,68,,82177,,,0,30,,82178,,,0,70,,82179,,,0,30,,82180,,,0,70,,82181,,,0,30,,82182,,,0,69,,82183,,,0,30,,82184,,,0,69,,82185,,,0,24,,82186,,,0,69,,82187,,,0,35,,82188,,,0,74,,82189,,,0,31,,82190,,,0,72,,82191,,,0,71,,82192,,,0,30,,82193,,,0,70,,82194,,,0,30,,82195,,,0,70,,82196,,,0,30,,82197,,,0,70,,82198,,,0,31,,82199,,,0,70,,82200,,,0,31,,82201,,,0,70,,82202,,,0,30,,82203,,,0
8000,'20260210',628,,82204,,,0,2,,82205,,,0,28,,82206,,,0,67,,82207,,,0,30,,82208,,,0,72,,82209,,,0,32,,82210,,,0,72,,82211,,,0,69,,82212,,,0,30,,82213,,,0,29,,82214,,,0,68,,82215,,,0,30,,82216,,,0,70,,82217,,,0,30,,82218,,,0,70,,82219,,,0,30,,82220,,,0,69,,82221,,,0,30,,82222,,,0,69,,82223,,,0,24,,82224,,,0,69,,82225,,,0,35,,82226,,,0,74,,82227,,,0,31,,82228,,,0,72,,82229,,,0,71,,82230,,,0,30,,82231,,,0,70,,82232,,,0,30,,82233,,,0,70,,82234,,,0,30,,82235,,,0,70,,82236,,,0,31,,82237,,,0,70,,82238,,,0,31,,82239,,,0,70,,82240,,,0,30,,82241,,,0
8000,'20260211',628,,82242,,,0,2,,82243,,,0,28,,82244,,,0,67,,82245,,,0,30,,82246,,,0,72,,82247,,,0,32,,82248,,,0,72,,82249,,,0,69,,82250,,,0,30,,82251,,,0,29,,82252,,,0,68,,82253,,,0,30,,82254,,,0,70,,82255,,,0,30,,82256,,,0,70,,82257,,,0,30,,82258,,,0,69,,82259,,,0,30,,82260,,,0,69,,82261,,,0,24,,82262,,,0,69,,82263,,,0,35,,82264,,,0,74,,82265,,,0,31,,82266,,,0,72,,82267,,,0,71,,82268,,,0,30,,82269,,,0,70,,82270,,,0,30,,82271,,,0,70,,82272,,,0,30,,82273,,,0,70,,82274,,,0,31,,82275,,,0,70,,82276,,,0,31,,82277,,,0,70,,82278,,,0,30,,82279,,,0
8000,'20260212',628,,82280,,,0,2,,82281,,,0,28,,82282,,,0,67,,82283,,,0,30,,82284,,,0,72,,82285,,,0,32,,82286,,,0,72,,82287,,,0,69,,82288,,,0,30,,82289,,,0,29,,82290,,,0,68,,82291,,,0,30,,82292,,,0,70,,82293,,,0,30,,82294,,,0,70,,82295,,,0,30,,82296,,,0,69,,82297,,,0,30,,82298,,,0,69,,82299,,,0,24,,82300,,,0,69,,82301,,,0,35,,82302,,,0,74,,82303,,,0,31,,82304,,,0,72,,82305,,,0,71,,82306,,,0,30,,82307,,,0,70,,82308,,,0,30,,82309,,,0,70,,82310,,,0,30,,82311,,,0,70,,82312,,,0,31,,82313,,,0,70,,82314,,,0,31,,82315,,,0,70,,82316,,,0,30,,82317,,,0
8000,'20260213',628,,82355,,,0,2,,82318,,,0,28,,82319,,,0,67,,82320,,,0,30,,82321,,,0,72,,82322,,,0,32,,82323,,,0,72,,82324,,,0,69,,82325,,,0,30,,82326,,,0,29,,82327,,,0,68,,82328,,,0,30,,82329,,,0,70,,82330,,,0,30,,82331,,,0,70,,82332,,,0,30,,82333,,,0,69,,82334,,,0,30,,82335,,,0,69,,82336,,,0,24,,82337,,,0,69,,82338,,,0,35,,82339,,,0,74,,82340,,,0,31,,82341,,,0,72,,82342,,,0,71,,82349,,,0,30,,82343,,,0,70,,82350,,,0,30,,82344,,,0,70,,82351,,,0,30,,82345,,,0,70,,82352,,,0,31,,82346,,,0,70,,82353,,,0,31,,82347,,,0,70,,82354,,,0,30,,82348,,,0
8000,'20260214',632,,82356,,,0,70,,82374,,,0,30,,82357,,,0,70,,82375,,,0,30,,82358,,,0,70,,82376,,,0,29,,82359,,,0,69,,82377,,,0,30,,82360,,,0,70,,82378,,,0,30,,82361,,,0,70,,82379,,,0,30,,82362,,,0,70,,82380,,,0,30,,82363,,,0,70,,82381,,,0,30,,82364,,,0,70,,82382,,,0,30,,82365,,,0,70,,82383,,,0,30,,82366,,,0,70,,82384,,,0,31,,82367,,,0,71,,82385,,,0,30,,82368,,,0,70,,82386,,,0,30,,82369,,,0,70,,82387,,,0,30,,82370,,,0,70,,82388,,,0,30,,82371,,,0,70,,82389,,,0,31,,82372,,,0,70,,82390,,,0,30,,82373,,,0,71,,82392,,,0,30,,82391,,,0
8000,'20260215',632,,82393,,,0,70,,82411,,,0,30,,82394,,,0,70,,82412,,,0,30,,82395,,,0,70,,82413,,,0,29,,82396,,,0,69,,82414,,,0,30,,82397,,,0,70,,82415,,,0,30,,82398,,,0,70,,82416,,,0,30,,82399,,,0,70,,82417,,,0,30,,82400,,,0,70,,82418,,,0,30,,82401,,,0,70,,82419,,,0,30,,82402,,,0,70,,82420,,,0,30,,82403,,,0,70,,82421,,,0,31,,82404,,,0,71,,82422,,,0,30,,82405,,,0,70,,82423,,,0,30,,82406,,,0,70,,82424,,,0,30,,82407,,,0,70,,82425,,,0,30,,82408,,,0,70,,82426,,,0,31,,82409,,,0,70,,82427,,,0,30,,82410,,,0,71,,82428,,,0,30,,82429,,,0
8000,'20260216',628,,82467,,,0,2,,82430,,,0,28,,82431,,,0,67,,82432,,,0,30,,82433,,,0,72,,82434,,,0,32,,82435,,,0,72,,82436,,,0,69,,82437,,,0,30,,82438,,,0,29,,82439,,,0,68,,82440,,,0,30,,82441,,,0,70,,82442,,,0,30,,82443,,,0,70,,82444,,,0,30,,82445,,,0,69,,82446,,,0,30,,82447,,,0,69,,82448,,,0,24,,82449,,,0,69,,82450,,,0,35,,82451,,,0,74,,82452,,,0,31,,82453,,,0,72,,82454,,,0,71,,82461,,,0,30,,82455,,,0,70,,82462,,,0,30,,82456,,,0,70,,82463,,,0,30,,82457,,,0,70,,82464,,,0,31,,82458,,,0,70,,82465,,,0,31,,82459,,,0,70,,82466,,,0,30,,82460,,,0
8000,'20260217',628,,82505,,,0,2,,82468,,,0,28,,82469,,,0,67,,82470,,,0,30,,82471,,,0,72,,82472,,,0,32,,82473,,,0,72,,82474,,,0,69,,82475,,,0,30,,82476,,,0,29,,82477,,,0,68,,82478,,,0,30,,82479,,,0,70,,82480,,,0,30,,82481,,,0,70,,82482,,,0,30,,82483,,,0,69,,82484,,,0,30,,82485,,,0,69,,82486,,,0,24,,82487,,,0,69,,82488,,,0,35,,82489,,,0,74,,82490,,,0,31,,82491,,,0,72,,82492,,,0,71,,82499,,,0,30,,82493,,,0,70,,82500,,,0,30,,82494,,,0,70,,82501,,,0,30,,82495,,,0,70,,82502,,,0,31,,82496,,,0,70,,82503,,,0,31,,82497,,,0,70,,82504,,,0,30,,82498,,,0
8000,'20260218',628,,82543,,,0,2,,82506,,,0,28,,82507,,,0,67,,82508,,,0,30,,82509,,,0,72,,82510,,,0,32,,82511,,,0,72,,82512,,,0,69,,82513,,,0,30,,82514,,,0,29,,82515,,,0,68,,82516,,,0,30,,82517,,,0,70,,82518,,,0,30,,82519,,,0,70,,82520,,,0,30,,82521,,,0,69,,82522,,,0,30,,82523,,,0,69,,82524,,,0,24,,82525,,,0,69,,82526,,,0,35,,82527,,,0,74,,82528,,,0,31,,82529,,,0,72,,82530,,,0,71,,82537,,,0,30,,82531,,,0,70,,82538,,,0,30,,82532,,,0,70,,82539,,,0,30,,82533,,,0,70,,82540,,,0,31,,82534,,,0,70,,82541,,,0,31,,82535,,,0,70,,82542,,,0,30,,82536,,,0
8000,'20260219',628,,82581,,,0,2,,82544,,,0,28,,82545,,,0,67,,82546,,,0,30,,82547,,,0,72,,82548,,,0,32,,82549,,,0,72,,82550,,,0,69,,82551,,,0,30,,82552,,,0,29,,82553,,,0,68,,82554,,,0,30,,82555,,,0,70,,82556,,,0,30,,82557,,,0,70,,82558,,,0,30,,82559,,,0,69,,82560,,,0,30,,82561,,,0,69,,82562,,,0,24,,82563,,,0,69,,82564,,,0,35,,82565,,,0,74,,82566,,,0,31,,82567,,,0,72,,82568,,,0,71,,82575,,,0,30,,82569,,,0,70,,82576,,,0,30,,82570,,,0,70,,82577,,,0,30,,82571,,,0,70,,82578,,,0,31,,82572,,,0,70,,82579,,,0,31,,82573,,,0,70,,82580,,,0,30,,82574,,,0
8000,'20260220',628,,82619,,,0,2,,82582,,,0,28,,82583,,,0,67,,82584,,,0,30,,82585,,,0,72,,82586,,,0,32,,82587,,,0,72,,82588,,,0,69,,82589,,,0,30,,82590,,,0,29,,82591,,,0,68,,82592,,,0,30,,82593,,,0,70,,82594,,,0,30,,82595,,,0,70,,82596,,,0,30,,82597,,,0,69,,82598,,,0,30,,82599,,,0,69,,82600,,,0,24,,82601,,,0,69,,82602,,,0,35,,82603,,,0,74,,82604,,,0,31,,82605,,,0,72,,82606,,,0,71,,82613,,,0,30,,82607,,,0,70,,82614,,,0,30,,82608,,,0,70,,82615,,,0,30,,82609,,,0,70,,82616,,,0,31,,82610,,,0,70,,82617,,,0,31,,82611,,,0,70,,82618,,,0,30,,82612,,,0
98000,'20260206',2543,,111651,,,0
98000,'20260207',2543,,111652,,,0
98000,'20260213',2543,,111653,,,0
98000,'20260214',2543,,111654,,,0
98000,'20260220',2543,,111655,,,0
