28901,'20260501',650,,372351,30,,,0,64,,372352,30,,,0,17,,372353,30,,,0,18,,372354,30,,,0,69,,372355,30,,,0
28901,'20260504',650,,406025,30,,,0,64,,406026,30,,,0,17,,406027,30,,,0,18,,406028,30,,,0,69,,406029,30,,,0
28901,'20260505',650,,406030,30,,,0,64,,406031,30,,,0,17,,406032,30,,,0,18,,406033,30,,,0,69,,406034,30,,,0
28901,'20260506',650,,406035,30,,,0,64,,406036,30,,,0,17,,406037,30,,,0,18,,406038,30,,,0,69,,406039,30,,,0
28901,'20260507',650,,406040,30,,,0,64,,406041,30,,,0,17,,406042,30,,,0,18,,406043,30,,,0,69,,406044,30,,,0
28901,'20260508',650,,372357,30,,,0,64,,372356,30,,,0,17,,372358,30,,,0,18,,372360,30,,,0,69,,372359,30,,,0
28901,'20260511',650,,372362,30,,,0,64,,372361,30,,,0,17,,372363,30,,,0,18,,372365,30,,,0,69,,372364,30,,,0
28901,'20260512',650,,406046,30,,,0,64,,406045,30,,,0,17,,406047,30,,,0,18,,406049,30,,,0,69,,406048,30,,,0
28901,'20260513',650,,406051,30,,,0,64,,406050,30,,,0,17,,406052,30,,,0,18,,406054,30,,,0,69,,406053,30,,,0
28901,'20260514',650,,406056,30,,,0,64,,406055,30,,,0,17,,406057,30,,,0,18,,406059,30,,,0,69,,406058,30,,,0
28901,'20260515',650,,406061,30,,,0,64,,406060,30,,,0,17,,406062,30,,,0,18,,406064,30,,,0,69,,406063,30,,,0
