29001,'20260619',648,,755530,19,,,0,72,,755531,19,,,0,37,,755532,19,,,0,66,,755533,19,,,0
29001,'20260622',648,,783233,19,,,0,77,,783234,19,,,0,79,,783235,19,,,0,21,,783236,19,,,0
29001,'20260623',648,,783237,19,,,0,77,,783238,19,,,0,79,,783239,19,,,0,21,,783240,19,,,0
29001,'20260625',648,,722828,19,,,0,77,,722826,19,,,0,79,,722827,19,,,0,21,,722829,19,,,0
29001,'20260626',648,,722832,19,,,0,77,,722830,19,,,0,79,,722831,19,,,0,21,,722833,19,,,0
29001,'20260629',648,,755544,19,,,0,77,,755542,19,,,0,79,,755543,19,,,0,21,,755545,19,,,0
29001,'20260630',648,,755548,19,,,0,77,,755546,19,,,0,79,,755547,19,,,0,21,,755549,19,,,0
29001,'20260702',648,,783243,19,,,0,77,,783241,19,,,0,79,,783242,19,,,0,21,,783244,19,,,0
29001,'20260703',648,,783247,19,,,0,77,,783245,19,,,0,79,,783246,19,,,0,21,,783248,19,,,0
80401,'20260619',533,,763241,29,,,1,15,,763242,29,,,1,55,,763243,29,,,1,14,,763244,29,,,1,14,,763245,29,,,1,16,,763246,29,,,1,55,,763247,29,,,1,12,,763248,29,,,1,13,,763249,29,,,1,9,,763250,29,,,1,10,,763251,29,,,1,10,,763252,29,,,1,51,,763253,29,,,1,16,,763254,29,,,1,15,,763255,29,,,1,15,,763256,29,,,1,55,,763257,29,,,1,15,,763258,29,,,1,16,,763259,29,,,1,15,,763260,29,,,1,55,,763261,29,,,1,15,,763262,29,,,1,15,,763263,29,,,1,15,,763264,29,,,1,55,,763265,29,,,1,15,,763266,29,,,1,15,,763267,29,,,1,15,,763268,29,,,1,55,,763269,29,,,1,13,,763270,29,,,1,14,,763271,29,,,1,15,,763272,29,,,1,54,,763273,29,,,1,15,,763274,29,,,1,14,,763275,29,,,1,15,,763276,29,,,1,55,,763277,29,,,1,15,,763278,29,,,1,16,,763279,29,,,1,15,,763280,29,,,1,56,,763281,29,,,1,14,,763282,29,,,1,16,,763283,29,,,1,14,,763284,29,,,1,53,,763285,29,,,1,12,,763286,29,,,1,11,,763287,29,,,1,11,,763288,29,,,1,13,,763289,29,,,1,51,,763290,29,,,1,11,,763291,29,,,1,13,,763292,29,,,1,12,,763293,29,,,1,16,,763294,29,,,1,56,,763295,29,,,1,14,,763296,29,,,1,15,,763297,29,,,1,14,,763298,29,,,1,55,,763299,29,,,1,15,,763300,29,,,1,12,,763301,29,,,1,16,,763302,29,,,1,57,,763303,29,,,1,17,,763304,29,,,1,17,,763305,29,,,1,18,,763306,29,,,1,58,,763307,29,,,1,19,,763308,29,,,1,17,,763309,29,,,1,58,,763310,29,,,1,16,,763311,29,,,1,18,,763312,29,,,1,58,,763313,29,,,1,18,,763314,29,,,1,18,,763315,29,,,1,18,,763316,29,,,1,58,,763317,29,,,1
80401,'20260620',644,,789903,29,,,1,58,,789904,29,,,1,18,,789905,29,,,1,18,,789906,29,,,1,17,,789907,29,,,1,57,,789908,29,,,1,16,,789909,29,,,1,14,,789910,29,,,1,15,,789911,29,,,1,55,,789912,29,,,1,16,,789913,29,,,1,16,,789914,29,,,1,14,,789915,29,,,1,53,,789916,29,,,1,15,,789917,29,,,1,13,,789918,29,,,1,16,,789919,29,,,1,54,,789920,29,,,1,15,,789921,29,,,1,15,,789922,29,,,1,15,,789923,29,,,1,55,,789924,29,,,1,16,,789925,29,,,1,15,,789926,29,,,1,16,,789927,29,,,1,56,,789928,29,,,1,15,,789929,29,,,1,15,,789930,29,,,1,17,,789931,29,,,1,55,,789932,29,,,1,16,,789933,29,,,1,15,,789934,29,,,1,56,,789935,29,,,1,16,,789936,29,,,1,14,,789937,29,,,1,14,,789938,29,,,1,55,,789939,29,,,1,15,,789940,29,,,1,15,,789941,29,,,1,14,,789942,29,,,1,15,,789943,29,,,1,55,,789944,29,,,1,16,,789945,29,,,1,15,,789946,29,,,1,57,,789947,29,,,1,20,,789948,29,,,1,19,,789949,29,,,1,59,,789950,29,,,1,19,,789951,29,,,1,18,,789952,29,,,1,19,,789953,29,,,1,58,,789954,29,,,1,19,,789955,29,,,1,16,,789956,29,,,1,57,,789957,29,,,1,18,,789958,29,,,1,19,,789959,29,,,1,57,,789960,29,,,1,19,,789961,29,,,1,17,,789962,29,,,1,18,,789963,29,,,1,58,,789964,29,,,1,18,,789965,29,,,1,18,,789966,29,,,1,58,,789967,29,,,1
80401,'20260621',644,,789968,29,,,1,58,,789969,29,,,1,18,,789970,29,,,1,18,,789971,29,,,1,17,,789972,29,,,1,57,,789973,29,,,1,16,,789974,29,,,1,14,,789975,29,,,1,15,,789976,29,,,1,55,,789977,29,,,1,16,,789978,29,,,1,16,,789979,29,,,1,14,,789980,29,,,1,53,,789981,29,,,1,15,,789982,29,,,1,13,,789983,29,,,1,16,,789984,29,,,1,54,,789985,29,,,1,15,,789986,29,,,1,15,,789987,29,,,1,15,,789988,29,,,1,55,,789989,29,,,1,16,,789990,29,,,1,15,,789991,29,,,1,16,,789992,29,,,1,56,,789993,29,,,1,15,,789994,29,,,1,15,,789995,29,,,1,17,,789996,29,,,1,55,,789997,29,,,1,16,,789998,29,,,1,15,,789999,29,,,1,56,,790000,29,,,1,16,,790001,29,,,1,14,,790002,29,,,1,14,,790003,29,,,1,55,,790004,29,,,1,15,,790005,29,,,1,15,,790006,29,,,1,14,,790007,29,,,1,15,,790008,29,,,1,55,,790009,29,,,1,16,,790010,29,,,1,15,,790011,29,,,1,57,,790012,29,,,1,20,,790013,29,,,1,19,,790014,29,,,1,59,,790015,29,,,1,19,,790016,29,,,1,18,,790017,29,,,1,19,,790018,29,,,1,58,,790019,29,,,1,19,,790020,29,,,1,16,,790021,29,,,1,57,,790022,29,,,1,18,,790023,29,,,1,19,,790024,29,,,1,57,,790025,29,,,1,19,,790026,29,,,1,17,,790027,29,,,1,18,,790028,29,,,1,58,,790029,29,,,1,18,,790030,29,,,1,18,,790031,29,,,1,58,,790032,29,,,1
80401,'20260622',533,,790033,29,,,1,15,,790034,29,,,1,54,,790035,29,,,1,15,,790036,29,,,1,15,,790037,29,,,1,14,,790038,29,,,1,56,,790039,29,,,1,15,,790040,29,,,1,12,,790041,29,,,1,9,,790042,29,,,1,8,,790043,29,,,1,9,,790044,29,,,1,50,,790045,29,,,1,12,,790046,29,,,1,15,,790047,29,,,1,15,,790048,29,,,1,54,,790049,29,,,1,15,,790050,29,,,1,15,,790051,29,,,1,15,,790052,29,,,1,54,,790053,29,,,1,15,,790054,29,,,1,14,,790055,29,,,1,15,,790056,29,,,1,56,,790057,29,,,1,15,,790058,29,,,1,15,,790059,29,,,1,14,,790060,29,,,1,15,,790061,29,,,1,56,,790062,29,,,1,15,,790063,29,,,1,16,,790064,29,,,1,13,,790065,29,,,1,55,,790066,29,,,1,18,,790067,29,,,1,16,,790068,29,,,1,54,,790069,29,,,1,15,,790070,29,,,1,16,,790071,29,,,1,15,,790072,29,,,1,55,,790073,29,,,1,16,,790074,29,,,1,15,,790075,29,,,1,14,,790076,29,,,1,52,,790077,29,,,1,15,,790078,29,,,1,14,,790079,29,,,1,13,,790080,29,,,1,12,,790081,29,,,1,53,,790082,29,,,1,12,,790083,29,,,1,16,,790084,29,,,1,13,,790085,29,,,1,53,,790086,29,,,1,17,,790087,29,,,1,18,,790088,29,,,1,16,,790089,29,,,1,55,,790090,29,,,1,15,,790091,29,,,1,14,,790092,29,,,1,17,,790093,29,,,1,57,,790094,29,,,1,16,,790095,29,,,1,17,,790096,29,,,1,58,,790097,29,,,1,18,,790098,29,,,1,19,,790099,29,,,1,16,,790100,29,,,1,58,,790101,29,,,1,17,,790102,29,,,1,15,,790103,29,,,1,58,,790104,29,,,1,18,,790105,29,,,1,18,,790106,29,,,1,18,,790107,29,,,1,58,,790108,29,,,1,18,,790109,29,,,1
80401,'20260623',533,,790110,29,,,1,15,,790111,29,,,1,54,,790112,29,,,1,15,,790113,29,,,1,15,,790114,29,,,1,14,,790115,29,,,1,56,,790116,29,,,1,15,,790117,29,,,1,12,,790118,29,,,1,9,,790119,29,,,1,8,,790120,29,,,1,9,,790121,29,,,1,50,,790122,29,,,1,12,,790123,29,,,1,15,,790124,29,,,1,15,,790125,29,,,1,54,,790126,29,,,1,15,,790127,29,,,1,15,,790128,29,,,1,15,,790129,29,,,1,54,,790130,29,,,1,15,,790131,29,,,1,14,,790132,29,,,1,15,,790133,29,,,1,56,,790134,29,,,1,15,,790135,29,,,1,15,,790136,29,,,1,14,,790137,29,,,1,15,,790138,29,,,1,56,,790139,29,,,1,15,,790140,29,,,1,16,,790141,29,,,1,13,,790142,29,,,1,55,,790143,29,,,1,18,,790144,29,,,1,16,,790145,29,,,1,54,,790146,29,,,1,15,,790147,29,,,1,16,,790148,29,,,1,15,,790149,29,,,1,55,,790150,29,,,1,16,,790151,29,,,1,15,,790152,29,,,1,14,,790153,29,,,1,52,,790154,29,,,1,15,,790155,29,,,1,14,,790156,29,,,1,13,,790157,29,,,1,12,,790158,29,,,1,53,,790159,29,,,1,12,,790160,29,,,1,16,,790161,29,,,1,13,,790162,29,,,1,53,,790163,29,,,1,17,,790164,29,,,1,18,,790165,29,,,1,16,,790166,29,,,1,55,,790167,29,,,1,15,,790168,29,,,1,14,,790169,29,,,1,17,,790170,29,,,1,57,,790171,29,,,1,16,,790172,29,,,1,17,,790173,29,,,1,58,,790174,29,,,1,18,,790175,29,,,1,19,,790176,29,,,1,16,,790177,29,,,1,58,,790178,29,,,1,17,,790179,29,,,1,15,,790180,29,,,1,58,,790181,29,,,1,18,,790182,29,,,1,18,,790183,29,,,1,18,,790184,29,,,1,58,,790185,29,,,1,18,,790186,29,,,1
80401,'20260624',644,,790187,29,,,1,58,,790188,29,,,1,18,,790189,29,,,1,18,,790190,29,,,1,17,,790191,29,,,1,57,,790192,29,,,1,16,,790193,29,,,1,14,,790194,29,,,1,15,,790195,29,,,1,55,,790196,29,,,1,16,,790197,29,,,1,16,,790198,29,,,1,14,,790199,29,,,1,53,,790200,29,,,1,15,,790201,29,,,1,13,,790202,29,,,1,16,,790203,29,,,1,54,,790204,29,,,1,15,,790205,29,,,1,15,,790206,29,,,1,15,,790207,29,,,1,55,,790208,29,,,1,16,,790209,29,,,1,15,,790210,29,,,1,16,,790211,29,,,1,56,,790212,29,,,1,15,,790213,29,,,1,15,,790214,29,,,1,17,,790215,29,,,1,55,,790216,29,,,1,16,,790217,29,,,1,15,,790218,29,,,1,56,,790219,29,,,1,16,,790220,29,,,1,14,,790221,29,,,1,14,,790222,29,,,1,55,,790223,29,,,1,15,,790224,29,,,1,15,,790225,29,,,1,14,,790226,29,,,1,15,,790227,29,,,1,55,,790228,29,,,1,16,,790229,29,,,1,15,,790230,29,,,1,57,,790231,29,,,1,20,,790232,29,,,1,19,,790233,29,,,1,59,,790234,29,,,1,19,,790235,29,,,1,18,,790236,29,,,1,19,,790237,29,,,1,58,,790238,29,,,1,19,,790239,29,,,1,16,,790240,29,,,1,57,,790241,29,,,1,18,,790242,29,,,1,19,,790243,29,,,1,57,,790244,29,,,1,19,,790245,29,,,1,17,,790246,29,,,1,18,,790247,29,,,1,58,,790248,29,,,1,18,,790249,29,,,1,18,,790250,29,,,1,58,,790251,29,,,1
80401,'20260625',533,,732881,29,,,1,15,,732870,29,,,1,54,,732805,29,,,1,15,,732869,29,,,1,15,,732852,29,,,1,14,,732806,29,,,1,56,,732807,29,,,1,15,,732808,29,,,1,12,,732809,29,,,1,9,,732865,29,,,1,8,,732859,29,,,1,9,,732810,29,,,1,50,,732811,29,,,1,12,,732812,29,,,1,15,,732813,29,,,1,15,,732826,29,,,1,54,,732827,29,,,1,15,,732828,29,,,1,15,,732866,29,,,1,15,,732814,29,,,1,54,,732815,29,,,1,15,,732816,29,,,1,14,,732817,29,,,1,15,,732818,29,,,1,56,,732867,29,,,1,15,,732860,29,,,1,15,,732819,29,,,1,14,,732820,29,,,1,15,,732821,29,,,1,56,,732822,29,,,1,15,,732823,29,,,1,16,,732864,29,,,1,13,,732824,29,,,1,55,,732829,29,,,1,18,,732830,29,,,1,16,,732861,29,,,1,54,,732825,29,,,1,15,,732831,29,,,1,16,,732832,29,,,1,15,,732833,29,,,1,55,,732834,29,,,1,16,,732835,29,,,1,15,,732863,29,,,1,14,,732836,29,,,1,52,,732837,29,,,1,15,,732839,29,,,1,14,,732868,29,,,1,13,,732840,29,,,1,12,,732841,29,,,1,53,,732838,29,,,1,12,,732842,29,,,1,16,,732851,29,,,1,13,,732876,29,,,1,53,,732853,29,,,1,17,,732843,29,,,1,18,,732879,29,,,1,16,,732862,29,,,1,55,,732854,29,,,1,15,,732855,29,,,1,14,,732844,29,,,1,17,,732845,29,,,1,57,,732873,29,,,1,16,,732856,29,,,1,17,,732874,29,,,1,58,,732875,29,,,1,18,,732872,29,,,1,19,,732871,29,,,1,16,,732858,29,,,1,58,,732857,29,,,1,17,,732846,29,,,1,15,,732847,29,,,1,58,,732878,29,,,1,18,,732848,29,,,1,18,,732877,29,,,1,18,,732849,29,,,1,58,,732850,29,,,1,18,,732880,29,,,1
80401,'20260626',533,,732958,29,,,1,15,,732947,29,,,1,54,,732882,29,,,1,15,,732946,29,,,1,15,,732929,29,,,1,14,,732883,29,,,1,56,,732884,29,,,1,15,,732885,29,,,1,12,,732886,29,,,1,9,,732942,29,,,1,8,,732936,29,,,1,9,,732887,29,,,1,50,,732888,29,,,1,12,,732889,29,,,1,15,,732890,29,,,1,15,,732903,29,,,1,54,,732904,29,,,1,15,,732905,29,,,1,15,,732943,29,,,1,15,,732891,29,,,1,54,,732892,29,,,1,15,,732893,29,,,1,14,,732894,29,,,1,15,,732895,29,,,1,56,,732944,29,,,1,15,,732937,29,,,1,15,,732896,29,,,1,14,,732897,29,,,1,15,,732898,29,,,1,56,,732899,29,,,1,15,,732900,29,,,1,16,,732941,29,,,1,13,,732901,29,,,1,55,,732906,29,,,1,18,,732907,29,,,1,16,,732938,29,,,1,54,,732902,29,,,1,15,,732908,29,,,1,16,,732909,29,,,1,15,,732910,29,,,1,55,,732911,29,,,1,16,,732912,29,,,1,15,,732940,29,,,1,14,,732913,29,,,1,52,,732914,29,,,1,15,,732916,29,,,1,14,,732945,29,,,1,13,,732917,29,,,1,12,,732918,29,,,1,53,,732915,29,,,1,12,,732919,29,,,1,16,,732928,29,,,1,13,,732953,29,,,1,53,,732930,29,,,1,17,,732920,29,,,1,18,,732956,29,,,1,16,,732939,29,,,1,55,,732931,29,,,1,15,,732932,29,,,1,14,,732921,29,,,1,17,,732922,29,,,1,57,,732950,29,,,1,16,,732933,29,,,1,17,,732951,29,,,1,58,,732952,29,,,1,18,,732949,29,,,1,19,,732948,29,,,1,16,,732935,29,,,1,58,,732934,29,,,1,17,,732923,29,,,1,15,,732924,29,,,1,58,,732955,29,,,1,18,,732925,29,,,1,18,,732954,29,,,1,18,,732926,29,,,1,58,,732927,29,,,1,18,,732957,29,,,1
80401,'20260627',644,,763602,29,,,1,58,,763654,29,,,1,18,,763653,29,,,1,18,,763603,29,,,1,17,,763604,29,,,1,57,,763655,29,,,1,16,,763642,29,,,1,14,,763643,29,,,1,15,,763644,29,,,1,55,,763656,29,,,1,16,,763605,29,,,1,16,,763645,29,,,1,14,,763646,29,,,1,53,,763657,29,,,1,15,,763606,29,,,1,13,,763647,29,,,1,16,,763648,29,,,1,54,,763658,29,,,1,15,,763607,29,,,1,15,,763649,29,,,1,15,,763650,29,,,1,55,,763608,29,,,1,16,,763651,29,,,1,15,,763609,29,,,1,16,,763610,29,,,1,56,,763611,29,,,1,15,,763612,29,,,1,15,,763613,29,,,1,17,,763614,29,,,1,55,,763615,29,,,1,16,,763616,29,,,1,15,,763617,29,,,1,56,,763618,29,,,1,16,,763619,29,,,1,14,,763620,29,,,1,14,,763621,29,,,1,55,,763622,29,,,1,15,,763623,29,,,1,15,,763624,29,,,1,14,,763625,29,,,1,15,,763626,29,,,1,55,,763627,29,,,1,16,,763628,29,,,1,15,,763629,29,,,1,57,,763652,29,,,1,20,,763663,29,,,1,19,,763630,29,,,1,59,,763631,29,,,1,19,,763664,29,,,1,18,,763632,29,,,1,19,,763665,29,,,1,58,,763633,29,,,1,19,,763634,29,,,1,16,,763666,29,,,1,57,,763635,29,,,1,18,,763661,29,,,1,19,,763636,29,,,1,57,,763637,29,,,1,19,,763660,29,,,1,17,,763638,29,,,1,18,,763659,29,,,1,58,,763639,29,,,1,18,,763640,29,,,1,18,,763662,29,,,1,58,,763641,29,,,1
80401,'20260628',644,,763667,29,,,1,58,,763668,29,,,1,18,,763719,29,,,1,18,,763718,29,,,1,17,,763669,29,,,1,57,,763720,29,,,1,16,,763707,29,,,1,14,,763708,29,,,1,15,,763709,29,,,1,55,,763721,29,,,1,16,,763671,29,,,1,16,,763710,29,,,1,14,,763711,29,,,1,53,,763722,29,,,1,15,,763670,29,,,1,13,,763712,29,,,1,16,,763713,29,,,1,54,,763723,29,,,1,15,,763672,29,,,1,15,,763714,29,,,1,15,,763715,29,,,1,55,,763673,29,,,1,16,,763716,29,,,1,15,,763674,29,,,1,16,,763675,29,,,1,56,,763676,29,,,1,15,,763677,29,,,1,15,,763678,29,,,1,17,,763679,29,,,1,55,,763680,29,,,1,16,,763681,29,,,1,15,,763682,29,,,1,56,,763683,29,,,1,16,,763684,29,,,1,14,,763685,29,,,1,14,,763686,29,,,1,55,,763687,29,,,1,15,,763688,29,,,1,15,,763689,29,,,1,14,,763690,29,,,1,15,,763691,29,,,1,55,,763692,29,,,1,16,,763693,29,,,1,15,,763694,29,,,1,57,,763695,29,,,1,20,,763717,29,,,1,19,,763724,29,,,1,59,,763696,29,,,1,19,,763697,29,,,1,18,,763725,29,,,1,19,,763698,29,,,1,58,,763726,29,,,1,19,,763699,29,,,1,16,,763700,29,,,1,57,,763727,29,,,1,18,,763701,29,,,1,19,,763728,29,,,1,57,,763702,29,,,1,19,,763703,29,,,1,17,,763729,29,,,1,18,,763704,29,,,1,58,,763730,29,,,1,18,,763705,29,,,1,18,,763731,29,,,1,58,,763706,29,,,1
80401,'20260629',533,,763808,29,,,1,15,,763797,29,,,1,54,,763732,29,,,1,15,,763796,29,,,1,15,,763779,29,,,1,14,,763733,29,,,1,56,,763734,29,,,1,15,,763735,29,,,1,12,,763736,29,,,1,9,,763792,29,,,1,8,,763786,29,,,1,9,,763737,29,,,1,50,,763738,29,,,1,12,,763739,29,,,1,15,,763740,29,,,1,15,,763753,29,,,1,54,,763754,29,,,1,15,,763755,29,,,1,15,,763793,29,,,1,15,,763741,29,,,1,54,,763742,29,,,1,15,,763743,29,,,1,14,,763744,29,,,1,15,,763745,29,,,1,56,,763794,29,,,1,15,,763787,29,,,1,15,,763746,29,,,1,14,,763747,29,,,1,15,,763748,29,,,1,56,,763749,29,,,1,15,,763750,29,,,1,16,,763791,29,,,1,13,,763751,29,,,1,55,,763756,29,,,1,18,,763757,29,,,1,16,,763788,29,,,1,54,,763752,29,,,1,15,,763758,29,,,1,16,,763759,29,,,1,15,,763760,29,,,1,55,,763761,29,,,1,16,,763762,29,,,1,15,,763790,29,,,1,14,,763763,29,,,1,52,,763764,29,,,1,15,,763766,29,,,1,14,,763795,29,,,1,13,,763767,29,,,1,12,,763768,29,,,1,53,,763765,29,,,1,12,,763769,29,,,1,16,,763778,29,,,1,13,,763803,29,,,1,53,,763780,29,,,1,17,,763770,29,,,1,18,,763806,29,,,1,16,,763789,29,,,1,55,,763781,29,,,1,15,,763782,29,,,1,14,,763771,29,,,1,17,,763772,29,,,1,57,,763800,29,,,1,16,,763783,29,,,1,17,,763801,29,,,1,58,,763802,29,,,1,18,,763799,29,,,1,19,,763798,29,,,1,16,,763785,29,,,1,58,,763784,29,,,1,17,,763773,29,,,1,15,,763774,29,,,1,58,,763805,29,,,1,18,,763775,29,,,1,18,,763804,29,,,1,18,,763776,29,,,1,58,,763777,29,,,1,18,,763807,29,,,1
80401,'20260630',533,,763885,29,,,1,15,,763874,29,,,1,54,,763809,29,,,1,15,,763873,29,,,1,15,,763856,29,,,1,14,,763810,29,,,1,56,,763811,29,,,1,15,,763812,29,,,1,12,,763813,29,,,1,9,,763869,29,,,1,8,,763863,29,,,1,9,,763814,29,,,1,50,,763815,29,,,1,12,,763816,29,,,1,15,,763817,29,,,1,15,,763830,29,,,1,54,,763831,29,,,1,15,,763832,29,,,1,15,,763870,29,,,1,15,,763818,29,,,1,54,,763819,29,,,1,15,,763820,29,,,1,14,,763821,29,,,1,15,,763822,29,,,1,56,,763871,29,,,1,15,,763864,29,,,1,15,,763823,29,,,1,14,,763824,29,,,1,15,,763825,29,,,1,56,,763826,29,,,1,15,,763827,29,,,1,16,,763868,29,,,1,13,,763828,29,,,1,55,,763833,29,,,1,18,,763834,29,,,1,16,,763865,29,,,1,54,,763829,29,,,1,15,,763835,29,,,1,16,,763836,29,,,1,15,,763837,29,,,1,55,,763838,29,,,1,16,,763839,29,,,1,15,,763867,29,,,1,14,,763840,29,,,1,52,,763841,29,,,1,15,,763843,29,,,1,14,,763872,29,,,1,13,,763844,29,,,1,12,,763845,29,,,1,53,,763842,29,,,1,12,,763846,29,,,1,16,,763855,29,,,1,13,,763880,29,,,1,53,,763857,29,,,1,17,,763847,29,,,1,18,,763883,29,,,1,16,,763866,29,,,1,55,,763858,29,,,1,15,,763859,29,,,1,14,,763848,29,,,1,17,,763849,29,,,1,57,,763877,29,,,1,16,,763860,29,,,1,17,,763878,29,,,1,58,,763879,29,,,1,18,,763876,29,,,1,19,,763875,29,,,1,16,,763862,29,,,1,58,,763861,29,,,1,17,,763850,29,,,1,15,,763851,29,,,1,58,,763882,29,,,1,18,,763852,29,,,1,18,,763881,29,,,1,18,,763853,29,,,1,58,,763854,29,,,1,18,,763884,29,,,1
80401,'20260701',644,,790252,29,,,1,58,,790253,29,,,1,18,,790304,29,,,1,18,,790303,29,,,1,17,,790254,29,,,1,57,,790305,29,,,1,16,,790292,29,,,1,14,,790293,29,,,1,15,,790294,29,,,1,55,,790306,29,,,1,16,,790256,29,,,1,16,,790295,29,,,1,14,,790296,29,,,1,53,,790307,29,,,1,15,,790255,29,,,1,13,,790297,29,,,1,16,,790298,29,,,1,54,,790308,29,,,1,15,,790257,29,,,1,15,,790299,29,,,1,15,,790300,29,,,1,55,,790258,29,,,1,16,,790301,29,,,1,15,,790259,29,,,1,16,,790260,29,,,1,56,,790261,29,,,1,15,,790262,29,,,1,15,,790263,29,,,1,17,,790264,29,,,1,55,,790265,29,,,1,16,,790266,29,,,1,15,,790267,29,,,1,56,,790268,29,,,1,16,,790269,29,,,1,14,,790270,29,,,1,14,,790271,29,,,1,55,,790272,29,,,1,15,,790273,29,,,1,15,,790274,29,,,1,14,,790275,29,,,1,15,,790276,29,,,1,55,,790277,29,,,1,16,,790278,29,,,1,15,,790279,29,,,1,57,,790280,29,,,1,20,,790302,29,,,1,19,,790309,29,,,1,59,,790281,29,,,1,19,,790282,29,,,1,18,,790310,29,,,1,19,,790283,29,,,1,58,,790311,29,,,1,19,,790284,29,,,1,16,,790285,29,,,1,57,,790312,29,,,1,18,,790286,29,,,1,19,,790313,29,,,1,57,,790287,29,,,1,19,,790288,29,,,1,17,,790314,29,,,1,18,,790289,29,,,1,58,,790315,29,,,1,18,,790290,29,,,1,18,,790316,29,,,1,58,,790291,29,,,1
80401,'20260702',533,,790393,29,,,1,15,,790382,29,,,1,54,,790317,29,,,1,15,,790381,29,,,1,15,,790364,29,,,1,14,,790318,29,,,1,56,,790319,29,,,1,15,,790320,29,,,1,12,,790321,29,,,1,9,,790377,29,,,1,8,,790371,29,,,1,9,,790322,29,,,1,50,,790323,29,,,1,12,,790324,29,,,1,15,,790325,29,,,1,15,,790338,29,,,1,54,,790339,29,,,1,15,,790340,29,,,1,15,,790378,29,,,1,15,,790326,29,,,1,54,,790327,29,,,1,15,,790328,29,,,1,14,,790329,29,,,1,15,,790330,29,,,1,56,,790379,29,,,1,15,,790372,29,,,1,15,,790331,29,,,1,14,,790332,29,,,1,15,,790333,29,,,1,56,,790334,29,,,1,15,,790335,29,,,1,16,,790376,29,,,1,13,,790336,29,,,1,55,,790341,29,,,1,18,,790342,29,,,1,16,,790373,29,,,1,54,,790337,29,,,1,15,,790343,29,,,1,16,,790344,29,,,1,15,,790345,29,,,1,55,,790346,29,,,1,16,,790347,29,,,1,15,,790375,29,,,1,14,,790348,29,,,1,52,,790349,29,,,1,15,,790351,29,,,1,14,,790380,29,,,1,13,,790352,29,,,1,12,,790353,29,,,1,53,,790350,29,,,1,12,,790354,29,,,1,16,,790363,29,,,1,13,,790388,29,,,1,53,,790365,29,,,1,17,,790355,29,,,1,18,,790391,29,,,1,16,,790374,29,,,1,55,,790366,29,,,1,15,,790367,29,,,1,14,,790356,29,,,1,17,,790357,29,,,1,57,,790385,29,,,1,16,,790368,29,,,1,17,,790386,29,,,1,58,,790387,29,,,1,18,,790384,29,,,1,19,,790383,29,,,1,16,,790370,29,,,1,58,,790369,29,,,1,17,,790358,29,,,1,15,,790359,29,,,1,58,,790390,29,,,1,18,,790360,29,,,1,18,,790389,29,,,1,18,,790361,29,,,1,58,,790362,29,,,1,18,,790392,29,,,1
80401,'20260703',533,,790470,29,,,1,15,,790459,29,,,1,54,,790394,29,,,1,15,,790458,29,,,1,15,,790441,29,,,1,14,,790395,29,,,1,56,,790396,29,,,1,15,,790397,29,,,1,12,,790398,29,,,1,9,,790454,29,,,1,8,,790448,29,,,1,9,,790399,29,,,1,50,,790400,29,,,1,12,,790401,29,,,1,15,,790402,29,,,1,15,,790415,29,,,1,54,,790416,29,,,1,15,,790417,29,,,1,15,,790455,29,,,1,15,,790403,29,,,1,54,,790404,29,,,1,15,,790405,29,,,1,14,,790406,29,,,1,15,,790407,29,,,1,56,,790456,29,,,1,15,,790449,29,,,1,15,,790408,29,,,1,14,,790409,29,,,1,15,,790410,29,,,1,56,,790411,29,,,1,15,,790412,29,,,1,16,,790453,29,,,1,13,,790413,29,,,1,55,,790418,29,,,1,18,,790419,29,,,1,16,,790450,29,,,1,54,,790414,29,,,1,15,,790420,29,,,1,16,,790421,29,,,1,15,,790422,29,,,1,55,,790423,29,,,1,16,,790424,29,,,1,15,,790452,29,,,1,14,,790425,29,,,1,52,,790426,29,,,1,15,,790428,29,,,1,14,,790457,29,,,1,13,,790429,29,,,1,12,,790430,29,,,1,53,,790427,29,,,1,12,,790431,29,,,1,16,,790440,29,,,1,13,,790465,29,,,1,53,,790442,29,,,1,17,,790432,29,,,1,18,,790468,29,,,1,16,,790451,29,,,1,55,,790443,29,,,1,15,,790444,29,,,1,14,,790433,29,,,1,17,,790434,29,,,1,57,,790462,29,,,1,16,,790445,29,,,1,17,,790463,29,,,1,58,,790464,29,,,1,18,,790461,29,,,1,19,,790460,29,,,1,16,,790447,29,,,1,58,,790446,29,,,1,17,,790435,29,,,1,15,,790436,29,,,1,58,,790467,29,,,1,18,,790437,29,,,1,18,,790466,29,,,1,18,,790438,29,,,1,58,,790439,29,,,1,18,,790469,29,,,1
