8200,'20260416',701,,251430,86,,,0,30,,251431,86,,,0,101,,251432,86,,,0,70,,251433,86,,,0,30,,251434,86,,,0,99,,251435,86,,,0,100,,251436,86,,,0,101,,251437,86,,,0,100,,251438,86,,,0,100,,251439,86,,,0,103,,251440,86,,,0,102,,251441,86,,,0,70,,251442,86,,,0,29,,251443,86,,,0,67,,251444,86,,,0,29,,251445,86,,,0,70,,251446,86,,,0,30,,251447,86,,,0,99,,251448,86,,,0,100,,251449,86,,,0,100,,251450,86,,,0,170,,251451,86,,,0
8200,'20260417',701,,251452,86,,,0,30,,251453,86,,,0,101,,251454,86,,,0,70,,251455,86,,,0,30,,251456,86,,,0,99,,251457,86,,,0,100,,251458,86,,,0,101,,251459,86,,,0,100,,251460,86,,,0,100,,251461,86,,,0,103,,251462,86,,,0,102,,251463,86,,,0,70,,251464,86,,,0,29,,251465,86,,,0,67,,251466,86,,,0,29,,251467,86,,,0,70,,251468,86,,,0,30,,251469,86,,,0,99,,251470,86,,,0,100,,251471,86,,,0,100,,251472,86,,,0,170,,251473,86,,,0
8200,'20260418',728,,289660,86,,,0,101,,289661,86,,,0,100,,289662,86,,,0,101,,289663,86,,,0,101,,289664,86,,,0,100,,289665,86,,,0,101,,289666,86,,,0,100,,289667,86,,,0,101,,289668,86,,,0,100,,289669,86,,,0,101,,289670,86,,,0,100,,289671,86,,,0,97,,289672,86,,,0,99,,289673,86,,,0,100,,289674,86,,,0,100,,289675,86,,,0,170,,289676,86,,,0,129,,289677,86,,,0
8200,'20260419',728,,289678,86,,,0,101,,289679,86,,,0,100,,289680,86,,,0,101,,289681,86,,,0,101,,289682,86,,,0,100,,289683,86,,,0,101,,289684,86,,,0,100,,289685,86,,,0,101,,289686,86,,,0,100,,289687,86,,,0,101,,289688,86,,,0,100,,289689,86,,,0,97,,289690,86,,,0,99,,289691,86,,,0,100,,289692,86,,,0,100,,289693,86,,,0,170,,289694,86,,,0,129,,289695,86,,,0
8200,'20260420',701,,289696,86,,,0,30,,289697,86,,,0,101,,289698,86,,,0,70,,289699,86,,,0,30,,289700,86,,,0,99,,289701,86,,,0,100,,289702,86,,,0,101,,289703,86,,,0,100,,289704,86,,,0,100,,289705,86,,,0,103,,289706,86,,,0,102,,289707,86,,,0,70,,289708,86,,,0,29,,289709,86,,,0,67,,289710,86,,,0,29,,289711,86,,,0,70,,289712,86,,,0,30,,289713,86,,,0,99,,289714,86,,,0,100,,289715,86,,,0,100,,289716,86,,,0,170,,289717,86,,,0
8200,'20260421',701,,289718,86,,,0,30,,289719,86,,,0,101,,289720,86,,,0,70,,289721,86,,,0,30,,289722,86,,,0,99,,289723,86,,,0,100,,289724,86,,,0,101,,289725,86,,,0,100,,289726,86,,,0,100,,289727,86,,,0,103,,289728,86,,,0,102,,289729,86,,,0,70,,289730,86,,,0,29,,289731,86,,,0,67,,289732,86,,,0,29,,289733,86,,,0,70,,289734,86,,,0,30,,289735,86,,,0,99,,289736,86,,,0,100,,289737,86,,,0,100,,289738,86,,,0,170,,289739,86,,,0
8200,'20260422',701,,251513,86,,,0,30,,251496,86,,,0,101,,251517,86,,,0,70,,251503,86,,,0,30,,251512,86,,,0,99,,251504,86,,,0,100,,251511,86,,,0,101,,251505,86,,,0,100,,251497,86,,,0,100,,251506,86,,,0,103,,251510,86,,,0,102,,251507,86,,,0,70,,251498,86,,,0,29,,251499,86,,,0,67,,251500,86,,,0,29,,251501,86,,,0,70,,251508,86,,,0,30,,251509,86,,,0,99,,251515,86,,,0,100,,251514,86,,,0,100,,251516,86,,,0,170,,251502,86,,,0
8200,'20260423',701,,251535,86,,,0,30,,251518,86,,,0,101,,251539,86,,,0,70,,251525,86,,,0,30,,251534,86,,,0,99,,251526,86,,,0,100,,251533,86,,,0,101,,251527,86,,,0,100,,251519,86,,,0,100,,251528,86,,,0,103,,251532,86,,,0,102,,251529,86,,,0,70,,251520,86,,,0,29,,251521,86,,,0,67,,251522,86,,,0,29,,251523,86,,,0,70,,251530,86,,,0,30,,251531,86,,,0,99,,251537,86,,,0,100,,251536,86,,,0,100,,251538,86,,,0,170,,251524,86,,,0
8200,'20260424',701,,251557,86,,,0,30,,251540,86,,,0,101,,251561,86,,,0,70,,251547,86,,,0,30,,251556,86,,,0,99,,251548,86,,,0,100,,251555,86,,,0,101,,251549,86,,,0,100,,251541,86,,,0,100,,251550,86,,,0,103,,251554,86,,,0,102,,251551,86,,,0,70,,251542,86,,,0,29,,251543,86,,,0,67,,251544,86,,,0,29,,251545,86,,,0,70,,251552,86,,,0,30,,251553,86,,,0,99,,251559,86,,,0,100,,251558,86,,,0,100,,251560,86,,,0,170,,251546,86,,,0
8200,'20260425',728,,251576,86,,,0,101,,251562,86,,,0,100,,251566,86,,,0,101,,251567,86,,,0,101,,251574,86,,,0,100,,251568,86,,,0,101,,251563,86,,,0,100,,251569,86,,,0,101,,251575,86,,,0,100,,251570,86,,,0,101,,251578,86,,,0,100,,251564,86,,,0,97,,251571,86,,,0,99,,251573,86,,,0,100,,251577,86,,,0,100,,251572,86,,,0,170,,251565,86,,,0,129,,251579,86,,,0
8200,'20260426',728,,251592,86,,,0,101,,251593,86,,,0,100,,251589,86,,,0,101,,251594,86,,,0,101,,251588,86,,,0,100,,251590,86,,,0,101,,251583,86,,,0,100,,251580,86,,,0,101,,251586,86,,,0,100,,251587,86,,,0,101,,251596,86,,,0,100,,251584,86,,,0,97,,251581,86,,,0,99,,251591,86,,,0,100,,251595,86,,,0,100,,251582,86,,,0,170,,251585,86,,,0,129,,251597,86,,,0
8200,'20260427',701,,251615,86,,,0,30,,251598,86,,,0,101,,251619,86,,,0,70,,251605,86,,,0,30,,251614,86,,,0,99,,251606,86,,,0,100,,251613,86,,,0,101,,251607,86,,,0,100,,251599,86,,,0,100,,251608,86,,,0,103,,251612,86,,,0,102,,251609,86,,,0,70,,251600,86,,,0,29,,251601,86,,,0,67,,251602,86,,,0,29,,251603,86,,,0,70,,251610,86,,,0,30,,251611,86,,,0,99,,251617,86,,,0,100,,251616,86,,,0,100,,251618,86,,,0,170,,251604,86,,,0
8200,'20260428',701,,289757,86,,,0,30,,289740,86,,,0,101,,289761,86,,,0,70,,289747,86,,,0,30,,289756,86,,,0,99,,289748,86,,,0,100,,289755,86,,,0,101,,289749,86,,,0,100,,289741,86,,,0,100,,289750,86,,,0,103,,289754,86,,,0,102,,289751,86,,,0,70,,289742,86,,,0,29,,289743,86,,,0,67,,289744,86,,,0,29,,289745,86,,,0,70,,289752,86,,,0,30,,289753,86,,,0,99,,289759,86,,,0,100,,289758,86,,,0,100,,289760,86,,,0,170,,289746,86,,,0
8200,'20260429',701,,289779,86,,,0,30,,289762,86,,,0,101,,289783,86,,,0,70,,289769,86,,,0,30,,289778,86,,,0,99,,289770,86,,,0,100,,289777,86,,,0,101,,289771,86,,,0,100,,289763,86,,,0,100,,289772,86,,,0,103,,289776,86,,,0,102,,289773,86,,,0,70,,289764,86,,,0,29,,289765,86,,,0,67,,289766,86,,,0,29,,289767,86,,,0,70,,289774,86,,,0,30,,289775,86,,,0,99,,289781,86,,,0,100,,289780,86,,,0,100,,289782,86,,,0,170,,289768,86,,,0
8200,'20260430',701,,289801,86,,,0,30,,289784,86,,,0,101,,289805,86,,,0,70,,289791,86,,,0,30,,289800,86,,,0,99,,289792,86,,,0,100,,289799,86,,,0,101,,289793,86,,,0,100,,289785,86,,,0,100,,289794,86,,,0,103,,289798,86,,,0,102,,289795,86,,,0,70,,289786,86,,,0,29,,289787,86,,,0,67,,289788,86,,,0,29,,289789,86,,,0,70,,289796,86,,,0,30,,289797,86,,,0,99,,289803,86,,,0,100,,289802,86,,,0,100,,289804,86,,,0,170,,289790,86,,,0
28200,'20260416',1540,,257976,32,4,,0,82,,257977,32,4,,0,34,,257978,32,4,,0,73,,257979,32,4,,0,75,,257980,32,4,,0,13,,257981,32,4,,0
28200,'20260417',1540,,257982,32,4,,0,82,,257983,32,4,,0,34,,257984,32,4,,0,73,,257985,32,4,,0,75,,257986,32,4,,0,13,,257987,32,4,,0
28200,'20260420',1540,,293230,32,4,,0,82,,293231,32,4,,0,34,,293232,32,4,,0,73,,293233,32,4,,0,75,,293234,32,4,,0,13,,293235,32,4,,0
28200,'20260421',1540,,293236,32,4,,0,82,,293237,32,4,,0,34,,293238,32,4,,0,73,,293239,32,4,,0,75,,293240,32,4,,0,13,,293241,32,4,,0
28200,'20260422',1540,,257999,32,4,,0,82,,257997,32,4,,0,34,,257995,32,4,,0,73,,257994,32,4,,0,75,,257998,32,4,,0,13,,257996,32,4,,0
28200,'20260423',1540,,258005,32,4,,0,82,,258003,32,4,,0,34,,258001,32,4,,0,73,,258000,32,4,,0,75,,258004,32,4,,0,13,,258002,32,4,,0
28200,'20260424',1540,,258011,32,4,,0,82,,258009,32,4,,0,34,,258007,32,4,,0,73,,258006,32,4,,0,75,,258010,32,4,,0,13,,258008,32,4,,0
28200,'20260427',1540,,258017,32,4,,0,82,,258015,32,4,,0,34,,258013,32,4,,0,73,,258012,32,4,,0,75,,258016,32,4,,0,13,,258014,32,4,,0
28200,'20260428',1540,,293247,32,4,,0,82,,293245,32,4,,0,34,,293243,32,4,,0,73,,293242,32,4,,0,75,,293246,32,4,,0,13,,293244,32,4,,0
28200,'20260429',1540,,293253,32,4,,0,82,,293251,32,4,,0,34,,293249,32,4,,0,73,,293248,32,4,,0,75,,293252,32,4,,0,13,,293250,32,4,,0
28200,'20260430',1540,,293259,32,4,,0,82,,293257,32,4,,0,34,,293255,32,4,,0,73,,293254,32,4,,0,75,,293258,32,4,,0,13,,293256,32,4,,0
98200,'20260417',2624,,277632,89,,,0
98200,'20260418',2624,,304166,89,,,0
98200,'20260424',2624,,277633,89,,,0
98200,'20260425',2624,,277634,89,,,0
4008200,'20260416',1647,,277817,22,,,0
4008200,'20260417',1647,,277820,22,,,0
4008200,'20260420',1647,,304248,22,,,0
4008200,'20260421',1647,,304251,22,,,0
4008200,'20260422',1647,,277824,22,,,0
4008200,'20260423',1647,,277827,22,,,0
4008200,'20260424',1647,,277830,22,,,0
4008200,'20260427',1647,,277833,22,,,0
4008200,'20260428',1647,,304252,22,,,0
4008200,'20260429',1647,,304255,22,,,0
4008200,'20260430',1647,,304258,22,,,0
13008200,'20260416',1646,,278089,22,,,0
13008200,'20260417',1646,,278091,22,,,0
13008200,'20260420',1646,,304373,22,,,0
13008200,'20260421',1646,,304375,22,,,0
13008200,'20260422',1646,,278095,22,,,0
13008200,'20260423',1646,,278097,22,,,0
13008200,'20260424',1646,,278099,22,,,0
13008200,'20260427',1646,,278101,22,,,0
13008200,'20260428',1646,,304377,22,,,0
13008200,'20260429',1646,,304379,22,,,0
13008200,'20260430',1646,,304381,22,,,0
