2502,'20260308',647,,7236,27,,,0,99,,7237,27,,,0,100,,7238,27,,,0,100,,7239,27,,,0,101,,7240,27,,,0,99,,7241,27,,,0,100,,7242,27,,,0,100,,7243,27,,,0,100,,7244,27,,,0,103,,7245,27,,,0,99,,7246,27,,,0,103,,7247,27,,,0,98,,7248,27,,,0,98,,7249,27,,,0,100,,7250,27,,,0,100,,7251,27,,,0,100,,7252,27,,,0,99,,7253,27,,,0
2502,'20260309',636,,7255,27,,,0,18,,7256,27,,,0,54,,7257,27,,,0,9,,7258,27,,,0,8,,7259,27,,,0,7,,7260,27,,,0,7,,7261,27,,,0,8,,7262,27,,,0,9,,7263,27,,,0,57,,7264,27,,,0,19,,7265,27,,,0,71,,7266,27,,,0,31,,7267,27,,,0,70,,7268,27,,,0,30,,7269,27,,,0,68,,7270,27,,,0,32,,7271,27,,,0,70,,7272,27,,,0,30,,7273,27,,,0,71,,7274,27,,,0,29,,7275,27,,,0,70,,7276,27,,,0,30,,7277,27,,,0,66,,7278,27,,,0,23,,7279,27,,,0,10,,7280,27,,,0,10,,7281,27,,,0,10,,7282,27,,,0,56,,7283,27,,,0,14,,7284,27,,,0,15,,7285,27,,,0,15,,7254,27,,,0,55,,7287,27,,,0,29,,7288,27,,,0,69,,7289,27,,,0,101,,7290,27,,,0,98,,7291,27,,,0,100,,7292,27,,,0,100,,7293,27,,,0,99,,7294,27,,,0,100,,7295,27,,,0
2502,'20260310',636,,7297,27,,,0,18,,7298,27,,,0,54,,7299,27,,,0,9,,7300,27,,,0,8,,7301,27,,,0,7,,7302,27,,,0,7,,7303,27,,,0,8,,7304,27,,,0,9,,7305,27,,,0,57,,7306,27,,,0,19,,7307,27,,,0,71,,7308,27,,,0,31,,7309,27,,,0,70,,7310,27,,,0,30,,7311,27,,,0,68,,7312,27,,,0,32,,7313,27,,,0,70,,7314,27,,,0,30,,7315,27,,,0,71,,7316,27,,,0,29,,7317,27,,,0,70,,7318,27,,,0,30,,7319,27,,,0,66,,7320,27,,,0,23,,7321,27,,,0,10,,7322,27,,,0,10,,7323,27,,,0,10,,7324,27,,,0,56,,7325,27,,,0,14,,7326,27,,,0,15,,7327,27,,,0,15,,7296,27,,,0,55,,7329,27,,,0,29,,7330,27,,,0,69,,7331,27,,,0,101,,7332,27,,,0,98,,7333,27,,,0,100,,7334,27,,,0,100,,7335,27,,,0,99,,7336,27,,,0,100,,7337,27,,,0
2502,'20260311',636,,7339,27,,,0,18,,7340,27,,,0,54,,7341,27,,,0,9,,7342,27,,,0,8,,7343,27,,,0,7,,7344,27,,,0,7,,7345,27,,,0,8,,7346,27,,,0,9,,7347,27,,,0,57,,7348,27,,,0,19,,7349,27,,,0,71,,7350,27,,,0,31,,7351,27,,,0,70,,7352,27,,,0,30,,7353,27,,,0,68,,7354,27,,,0,32,,7355,27,,,0,70,,7356,27,,,0,30,,7357,27,,,0,71,,7358,27,,,0,29,,7359,27,,,0,70,,7360,27,,,0,30,,7361,27,,,0,66,,7362,27,,,0,23,,7363,27,,,0,10,,7364,27,,,0,10,,7365,27,,,0,10,,7366,27,,,0,56,,7367,27,,,0,14,,7368,27,,,0,15,,7369,27,,,0,15,,7338,27,,,0,55,,7371,27,,,0,29,,7372,27,,,0,69,,7373,27,,,0,101,,7374,27,,,0,98,,7375,27,,,0,100,,7376,27,,,0,100,,7377,27,,,0,99,,7378,27,,,0,100,,7379,27,,,0
2502,'20260312',636,,7381,27,,,0,18,,7382,27,,,0,54,,7383,27,,,0,9,,7384,27,,,0,8,,7385,27,,,0,7,,7386,27,,,0,7,,7387,27,,,0,8,,7388,27,,,0,9,,7389,27,,,0,57,,7390,27,,,0,19,,7391,27,,,0,71,,7392,27,,,0,31,,7393,27,,,0,70,,7394,27,,,0,30,,7395,27,,,0,68,,7396,27,,,0,32,,7397,27,,,0,70,,7398,27,,,0,30,,7399,27,,,0,71,,7400,27,,,0,29,,7401,27,,,0,70,,7402,27,,,0,30,,7403,27,,,0,66,,7404,27,,,0,23,,7405,27,,,0,10,,7406,27,,,0,10,,7407,27,,,0,10,,7408,27,,,0,56,,7409,27,,,0,14,,7410,27,,,0,15,,7411,27,,,0,15,,7380,27,,,0,55,,7413,27,,,0,29,,7414,27,,,0,69,,7415,27,,,0,101,,7416,27,,,0,98,,7417,27,,,0,100,,7418,27,,,0,100,,7419,27,,,0,99,,7420,27,,,0,100,,7421,27,,,0
2502,'20260313',636,,7423,27,,,0,18,,7424,27,,,0,54,,7425,27,,,0,9,,7426,27,,,0,8,,7427,27,,,0,7,,7428,27,,,0,7,,7429,27,,,0,8,,7430,27,,,0,9,,7431,27,,,0,57,,7432,27,,,0,19,,7433,27,,,0,71,,7434,27,,,0,31,,7435,27,,,0,70,,7436,27,,,0,30,,7437,27,,,0,68,,7438,27,,,0,32,,7439,27,,,0,70,,7440,27,,,0,30,,7441,27,,,0,71,,7442,27,,,0,29,,7443,27,,,0,70,,7444,27,,,0,30,,7445,27,,,0,66,,7446,27,,,0,23,,7447,27,,,0,10,,7448,27,,,0,10,,7449,27,,,0,10,,7450,27,,,0,56,,7451,27,,,0,14,,7452,27,,,0,15,,7453,27,,,0,15,,7422,27,,,0,55,,7455,27,,,0,29,,7456,27,,,0,69,,7457,27,,,0,101,,7458,27,,,0,98,,7459,27,,,0,100,,7460,27,,,0,100,,7461,27,,,0,99,,7462,27,,,0,100,,7463,27,,,0
2502,'20260314',647,,7464,27,,,0,99,,7465,27,,,0,100,,7466,27,,,0,100,,7467,27,,,0,101,,7468,27,,,0,99,,7469,27,,,0,100,,7470,27,,,0,100,,7471,27,,,0,100,,7472,27,,,0,103,,7473,27,,,0,99,,7474,27,,,0,103,,7475,27,,,0,98,,7476,27,,,0,98,,7477,27,,,0,100,,7478,27,,,0,100,,7479,27,,,0,100,,7480,27,,,0,99,,7481,27,,,0
2502,'20260315',647,,7482,27,,,0,99,,7483,27,,,0,100,,7484,27,,,0,100,,7485,27,,,0,101,,7486,27,,,0,99,,7487,27,,,0,100,,7488,27,,,0,100,,7489,27,,,0,100,,7490,27,,,0,103,,7491,27,,,0,99,,7492,27,,,0,103,,7493,27,,,0,98,,7494,27,,,0,98,,7495,27,,,0,100,,7496,27,,,0,100,,7497,27,,,0,100,,7498,27,,,0,99,,7499,27,,,0
2502,'20260316',636,,7500,27,,,0,18,,7501,27,,,0,54,,7502,27,,,0,9,,7539,27,,,0,8,,7536,27,,,0,7,,7538,27,,,0,7,,7503,27,,,0,8,,7537,27,,,0,9,,7504,27,,,0,57,,7505,27,,,0,19,,7506,27,,,0,71,,7507,27,,,0,31,,7508,27,,,0,70,,7509,27,,,0,30,,7510,27,,,0,68,,7511,27,,,0,32,,7512,27,,,0,70,,7513,27,,,0,30,,7514,27,,,0,71,,7515,27,,,0,29,,7516,27,,,0,70,,7517,27,,,0,30,,7518,27,,,0,66,,7519,27,,,0,23,,7520,27,,,0,10,,7540,27,,,0,10,,7521,27,,,0,10,,7522,27,,,0,56,,7523,27,,,0,14,,7524,27,,,0,15,,7525,27,,,0,15,,7526,27,,,0,55,,7527,27,,,0,29,,7528,27,,,0,69,,7529,27,,,0,101,,7530,27,,,0,98,,7531,27,,,0,100,,7532,27,,,0,100,,7533,27,,,0,99,,7534,27,,,0,100,,7535,27,,,0
2502,'20260317',636,,7541,27,,,0,18,,7542,27,,,0,54,,7543,27,,,0,9,,7580,27,,,0,8,,7577,27,,,0,7,,7579,27,,,0,7,,7544,27,,,0,8,,7578,27,,,0,9,,7545,27,,,0,57,,7546,27,,,0,19,,7547,27,,,0,71,,7548,27,,,0,31,,7549,27,,,0,70,,7550,27,,,0,30,,7551,27,,,0,68,,7552,27,,,0,32,,7553,27,,,0,70,,7554,27,,,0,30,,7555,27,,,0,71,,7556,27,,,0,29,,7557,27,,,0,70,,7558,27,,,0,30,,7559,27,,,0,66,,7560,27,,,0,23,,7561,27,,,0,10,,7581,27,,,0,10,,7562,27,,,0,10,,7563,27,,,0,56,,7564,27,,,0,14,,7565,27,,,0,15,,7566,27,,,0,15,,7567,27,,,0,55,,7568,27,,,0,29,,7569,27,,,0,69,,7570,27,,,0,101,,7571,27,,,0,98,,7572,27,,,0,100,,7573,27,,,0,100,,7574,27,,,0,99,,7575,27,,,0,100,,7576,27,,,0
2502,'20260318',636,,7582,27,,,0,18,,7583,27,,,0,54,,7584,27,,,0,9,,7621,27,,,0,8,,7618,27,,,0,7,,7620,27,,,0,7,,7585,27,,,0,8,,7619,27,,,0,9,,7586,27,,,0,57,,7587,27,,,0,19,,7588,27,,,0,71,,7589,27,,,0,31,,7590,27,,,0,70,,7591,27,,,0,30,,7592,27,,,0,68,,7593,27,,,0,32,,7594,27,,,0,70,,7595,27,,,0,30,,7596,27,,,0,71,,7597,27,,,0,29,,7598,27,,,0,70,,7599,27,,,0,30,,7600,27,,,0,66,,7601,27,,,0,23,,7602,27,,,0,10,,7622,27,,,0,10,,7603,27,,,0,10,,7604,27,,,0,56,,7605,27,,,0,14,,7606,27,,,0,15,,7607,27,,,0,15,,7608,27,,,0,55,,7609,27,,,0,29,,7610,27,,,0,69,,7611,27,,,0,101,,7612,27,,,0,98,,7613,27,,,0,100,,7614,27,,,0,100,,7615,27,,,0,99,,7616,27,,,0,100,,7617,27,,,0
2502,'20260319',636,,7623,27,,,0,18,,7624,27,,,0,54,,7625,27,,,0,9,,7662,27,,,0,8,,7659,27,,,0,7,,7661,27,,,0,7,,7626,27,,,0,8,,7660,27,,,0,9,,7627,27,,,0,57,,7628,27,,,0,19,,7629,27,,,0,71,,7630,27,,,0,31,,7631,27,,,0,70,,7632,27,,,0,30,,7633,27,,,0,68,,7634,27,,,0,32,,7635,27,,,0,70,,7636,27,,,0,30,,7637,27,,,0,71,,7638,27,,,0,29,,7639,27,,,0,70,,7640,27,,,0,30,,7641,27,,,0,66,,7642,27,,,0,23,,7643,27,,,0,10,,7663,27,,,0,10,,7644,27,,,0,10,,7645,27,,,0,56,,7646,27,,,0,14,,7647,27,,,0,15,,7648,27,,,0,15,,7649,27,,,0,55,,7650,27,,,0,29,,7651,27,,,0,69,,7652,27,,,0,101,,7653,27,,,0,98,,7654,27,,,0,100,,7655,27,,,0,100,,7656,27,,,0,99,,7657,27,,,0,100,,7658,27,,,0
2502,'20260320',636,,7664,27,,,0,18,,7665,27,,,0,54,,7666,27,,,0,9,,7703,27,,,0,8,,7700,27,,,0,7,,7702,27,,,0,7,,7667,27,,,0,8,,7701,27,,,0,9,,7668,27,,,0,57,,7669,27,,,0,19,,7670,27,,,0,71,,7671,27,,,0,31,,7672,27,,,0,70,,7673,27,,,0,30,,7674,27,,,0,68,,7675,27,,,0,32,,7676,27,,,0,70,,7677,27,,,0,30,,7678,27,,,0,71,,7679,27,,,0,29,,7680,27,,,0,70,,7681,27,,,0,30,,7682,27,,,0,66,,7683,27,,,0,23,,7684,27,,,0,10,,7704,27,,,0,10,,7685,27,,,0,10,,7686,27,,,0,56,,7687,27,,,0,14,,7688,27,,,0,15,,7689,27,,,0,15,,7690,27,,,0,55,,7691,27,,,0,29,,7692,27,,,0,69,,7693,27,,,0,101,,7694,27,,,0,98,,7695,27,,,0,100,,7696,27,,,0,100,,7697,27,,,0,99,,7698,27,,,0,100,,7699,27,,,0
7600,'20260308',554,,19874,7,,,1,69,,19875,7,,,1,29,,19876,7,,,1,69,,19877,7,,,1,32,,19878,7,,,1,70,,19879,7,,,1,31,,19880,7,,,1,101,,19881,7,,,1,100,,19882,7,,,1,103,,19883,7,,,1,71,,19884,7,,,1,72,,19885,7,,,1,31,,19886,7,,,1,26,,19887,7,,,1,144,,19888,7,,,1,102,,19889,7,,,1,25,,19890,7,,,1,74,,19891,7,,,1,30,,19892,7,,,1,69,,19893,7,,,1,27,,19894,7,,,1,27,,19895,7,,,1,99,,19896,7,,,1,98,,19897,7,,,1,100,,19898,7,,,1,99,,19899,7,,,1
7600,'20260309',518,,19900,7,,,1,99,,19901,7,,,1,96,,19902,7,,,1,30,,19903,7,,,1,70,,19904,7,,,1,31,,19905,7,,,1,68,,19906,7,,,1,99,,19907,7,,,1,101,,19908,7,,,1,99,,19909,7,,,1,30,,19910,7,,,1,71,,19911,7,,,1,30,,19912,7,,,1,94,,19913,7,,,1,100,,19914,7,,,1,74,,19915,7,,,1,41,,19916,7,,,1,66,,19917,7,,,1,31,,19918,7,,,1,72,,19919,7,,,1,101,,19920,7,,,1,104,,19921,7,,,1,100,,19922,7,,,1,97,,19923,7,,,1,99,,19924,7,,,1
7600,'20260310',518,,19925,7,,,1,99,,19926,7,,,1,96,,19927,7,,,1,30,,19928,7,,,1,70,,19929,7,,,1,31,,19930,7,,,1,68,,19931,7,,,1,99,,19932,7,,,1,101,,19933,7,,,1,99,,19934,7,,,1,30,,19935,7,,,1,71,,19936,7,,,1,30,,19937,7,,,1,94,,19938,7,,,1,100,,19939,7,,,1,74,,19940,7,,,1,41,,19941,7,,,1,66,,19942,7,,,1,31,,19943,7,,,1,72,,19944,7,,,1,101,,19945,7,,,1,104,,19946,7,,,1,100,,19947,7,,,1,97,,19948,7,,,1,99,,19949,7,,,1
7600,'20260311',518,,19950,7,,,1,99,,19951,7,,,1,96,,19952,7,,,1,30,,19953,7,,,1,70,,19954,7,,,1,31,,19955,7,,,1,68,,19956,7,,,1,99,,19957,7,,,1,101,,19958,7,,,1,99,,19959,7,,,1,30,,19960,7,,,1,71,,19961,7,,,1,30,,19962,7,,,1,94,,19963,7,,,1,100,,19964,7,,,1,74,,19965,7,,,1,41,,19966,7,,,1,66,,19967,7,,,1,31,,19968,7,,,1,72,,19969,7,,,1,101,,19970,7,,,1,104,,19971,7,,,1,100,,19972,7,,,1,97,,19973,7,,,1,99,,19974,7,,,1
7600,'20260312',518,,19975,7,,,1,99,,19976,7,,,1,96,,19977,7,,,1,30,,19978,7,,,1,70,,19979,7,,,1,31,,19980,7,,,1,68,,19981,7,,,1,99,,19982,7,,,1,101,,19983,7,,,1,99,,19984,7,,,1,30,,19985,7,,,1,71,,19986,7,,,1,30,,19987,7,,,1,94,,19988,7,,,1,100,,19989,7,,,1,74,,19990,7,,,1,41,,19991,7,,,1,66,,19992,7,,,1,31,,19993,7,,,1,72,,19994,7,,,1,101,,19995,7,,,1,104,,19996,7,,,1,100,,19997,7,,,1,97,,19998,7,,,1,99,,19999,7,,,1
7600,'20260313',518,,20000,7,,,1,99,,20001,7,,,1,96,,20002,7,,,1,30,,20003,7,,,1,70,,20004,7,,,1,31,,20005,7,,,1,68,,20006,7,,,1,99,,20007,7,,,1,101,,20008,7,,,1,99,,20009,7,,,1,30,,20010,7,,,1,71,,20011,7,,,1,30,,20012,7,,,1,94,,20013,7,,,1,100,,20014,7,,,1,74,,20015,7,,,1,41,,20016,7,,,1,66,,20017,7,,,1,31,,20018,7,,,1,72,,20019,7,,,1,101,,20020,7,,,1,104,,20021,7,,,1,100,,20022,7,,,1,97,,20023,7,,,1,99,,20024,7,,,1
7600,'20260314',554,,20041,7,,,1,69,,20044,7,,,1,29,,20050,7,,,1,69,,20043,7,,,1,32,,20025,7,,,1,70,,20045,7,,,1,31,,20026,7,,,1,101,,20027,7,,,1,100,,20028,7,,,1,103,,20029,7,,,1,71,,20046,7,,,1,72,,20030,7,,,1,31,,20047,7,,,1,26,,20031,7,,,1,144,,20032,7,,,1,102,,20033,7,,,1,25,,20048,7,,,1,74,,20034,7,,,1,30,,20049,7,,,1,69,,20035,7,,,1,27,,20042,7,,,1,27,,20036,7,,,1,99,,20037,7,,,1,98,,20038,7,,,1,100,,20039,7,,,1,99,,20040,7,,,1
7600,'20260315',554,,20068,7,,,1,69,,20069,7,,,1,29,,20051,7,,,1,69,,20070,7,,,1,32,,20052,7,,,1,70,,20071,7,,,1,31,,20053,7,,,1,101,,20054,7,,,1,100,,20055,7,,,1,103,,20056,7,,,1,71,,20072,7,,,1,72,,20057,7,,,1,31,,20073,7,,,1,26,,20058,7,,,1,144,,20059,7,,,1,102,,20060,7,,,1,25,,20074,7,,,1,74,,20061,7,,,1,30,,20075,7,,,1,69,,20062,7,,,1,27,,20076,7,,,1,27,,20063,7,,,1,99,,20064,7,,,1,98,,20065,7,,,1,100,,20066,7,,,1,99,,20067,7,,,1
7600,'20260316',518,,20077,7,,,1,99,,20078,7,,,1,96,,20079,7,,,1,30,,20080,7,,,1,70,,20081,7,,,1,31,,20082,7,,,1,68,,20083,7,,,1,99,,20084,7,,,1,101,,20085,7,,,1,99,,20086,7,,,1,30,,20087,7,,,1,71,,20088,7,,,1,30,,20089,7,,,1,94,,20090,7,,,1,100,,20091,7,,,1,74,,20092,7,,,1,41,,20093,7,,,1,66,,20094,7,,,1,31,,20095,7,,,1,72,,20096,7,,,1,101,,20097,7,,,1,104,,20098,7,,,1,100,,20099,7,,,1,97,,20100,7,,,1,99,,20101,7,,,1
7600,'20260317',518,,20102,7,,,1,99,,20103,7,,,1,96,,20104,7,,,1,30,,20105,7,,,1,70,,20106,7,,,1,31,,20107,7,,,1,68,,20108,7,,,1,99,,20109,7,,,1,101,,20110,7,,,1,99,,20111,7,,,1,30,,20112,7,,,1,71,,20113,7,,,1,30,,20114,7,,,1,94,,20115,7,,,1,100,,20116,7,,,1,74,,20117,7,,,1,41,,20118,7,,,1,66,,20119,7,,,1,31,,20120,7,,,1,72,,20121,7,,,1,101,,20122,7,,,1,104,,20123,7,,,1,100,,20124,7,,,1,97,,20125,7,,,1,99,,20126,7,,,1
7600,'20260318',518,,20127,7,,,1,99,,20128,7,,,1,96,,20129,7,,,1,30,,20130,7,,,1,70,,20131,7,,,1,31,,20132,7,,,1,68,,20133,7,,,1,99,,20134,7,,,1,101,,20135,7,,,1,99,,20136,7,,,1,30,,20137,7,,,1,71,,20138,7,,,1,30,,20139,7,,,1,94,,20140,7,,,1,100,,20141,7,,,1,74,,20142,7,,,1,41,,20143,7,,,1,66,,20144,7,,,1,31,,20145,7,,,1,72,,20146,7,,,1,101,,20147,7,,,1,104,,20148,7,,,1,100,,20149,7,,,1,97,,20150,7,,,1,99,,20151,7,,,1
7600,'20260319',518,,20152,7,,,1,99,,20153,7,,,1,96,,20154,7,,,1,30,,20155,7,,,1,70,,20156,7,,,1,31,,20157,7,,,1,68,,20158,7,,,1,99,,20159,7,,,1,101,,20160,7,,,1,99,,20161,7,,,1,30,,20162,7,,,1,71,,20163,7,,,1,30,,20164,7,,,1,94,,20165,7,,,1,100,,20166,7,,,1,74,,20167,7,,,1,41,,20168,7,,,1,66,,20169,7,,,1,31,,20170,7,,,1,72,,20171,7,,,1,101,,20172,7,,,1,104,,20173,7,,,1,100,,20174,7,,,1,97,,20175,7,,,1,99,,20176,7,,,1
7600,'20260320',518,,20177,7,,,1,99,,20178,7,,,1,96,,20179,7,,,1,30,,20180,7,,,1,70,,20181,7,,,1,31,,20182,7,,,1,68,,20183,7,,,1,99,,20184,7,,,1,101,,20185,7,,,1,99,,20186,7,,,1,30,,20187,7,,,1,71,,20188,7,,,1,30,,20189,7,,,1,94,,20190,7,,,1,100,,20191,7,,,1,74,,20192,7,,,1,41,,20193,7,,,1,66,,20194,7,,,1,31,,20195,7,,,1,72,,20196,7,,,1,101,,20197,7,,,1,104,,20198,7,,,1,100,,20199,7,,,1,97,,20200,7,,,1,99,,20201,7,,,1
