8801,'20260709',658,,880278,15,,,0,42,,880279,15,,,0,31,,880280,15,,,0,74,,880281,15,,,0,26,,880282,15,,,0,169,,880283,15,,,0,531,,880284,15,,,0,70,,880285,15,,,0,100,,880286,15,,,0,128,,880287,15,,,0
8801,'20260710',658,,907958,15,,,0,42,,907959,15,,,0,31,,907960,15,,,0,74,,907961,15,,,0,26,,907962,15,,,0,169,,907963,15,,,0,531,,907964,15,,,0,70,,907965,15,,,0,100,,907966,15,,,0,128,,907967,15,,,0
8801,'20260713',658,,926884,15,,,0,42,,926885,15,,,0,31,,926886,15,,,0,74,,926887,15,,,0,26,,926888,15,,,0,169,,926889,15,,,0,531,,926890,15,,,0,70,,926891,15,,,0,100,,926892,15,,,0,128,,926893,15,,,0
8801,'20260714',658,,926894,15,,,0,42,,926895,15,,,0,31,,926896,15,,,0,74,,926897,15,,,0,26,,926898,15,,,0,169,,926899,15,,,0,531,,926900,15,,,0,70,,926901,15,,,0,100,,926902,15,,,0,128,,926903,15,,,0
8801,'20260715',658,,880297,15,,,0,42,,880288,15,,,0,31,,880289,15,,,0,74,,880290,15,,,0,26,,880291,15,,,0,169,,880295,15,,,0,531,,880292,15,,,0,70,,880293,15,,,0,100,,880294,15,,,0,128,,880296,15,,,0
8801,'20260716',658,,880307,15,,,0,42,,880298,15,,,0,31,,880299,15,,,0,74,,880300,15,,,0,26,,880301,15,,,0,169,,880305,15,,,0,531,,880302,15,,,0,70,,880303,15,,,0,100,,880304,15,,,0,128,,880306,15,,,0
8801,'20260717',658,,880317,15,,,0,42,,880308,15,,,0,31,,880309,15,,,0,74,,880310,15,,,0,26,,880311,15,,,0,169,,880315,15,,,0,531,,880312,15,,,0,70,,880313,15,,,0,100,,880314,15,,,0,128,,880316,15,,,0
8801,'20260720',658,,907977,15,,,0,42,,907968,15,,,0,31,,907969,15,,,0,74,,907970,15,,,0,26,,907971,15,,,0,169,,907975,15,,,0,531,,907972,15,,,0,70,,907973,15,,,0,100,,907974,15,,,0,128,,907976,15,,,0
8801,'20260721',658,,907987,15,,,0,42,,907978,15,,,0,31,,907979,15,,,0,74,,907980,15,,,0,26,,907981,15,,,0,169,,907985,15,,,0,531,,907982,15,,,0,70,,907983,15,,,0,100,,907984,15,,,0,128,,907986,15,,,0
8801,'20260722',658,,926913,15,,,0,42,,926904,15,,,0,31,,926905,15,,,0,74,,926906,15,,,0,26,,926907,15,,,0,169,,926911,15,,,0,531,,926908,15,,,0,70,,926909,15,,,0,100,,926910,15,,,0,128,,926912,15,,,0
8801,'20260723',658,,926923,15,,,0,42,,926914,15,,,0,31,,926915,15,,,0,74,,926916,15,,,0,26,,926917,15,,,0,169,,926921,15,,,0,531,,926918,15,,,0,70,,926919,15,,,0,100,,926920,15,,,0,128,,926922,15,,,0
