7400,'20260630',707,,826199,24,,,1,97,,826200,24,,,1,103,,826201,24,,,1,100,,826202,24,,,1,99,,826203,24,,,1,100,,826204,24,,,1,100,,826205,24,,,1,100,,826206,24,,,1,100,,826207,24,,,1,97,,826208,24,,,1,102,,826209,24,,,1,102,,826210,24,,,1,101,,826211,24,,,1,100,,826212,24,,,1,100,,826213,24,,,1,100,,826214,24,,,1,101,,826215,24,,,1
7400,'20260701',808,,826220,24,,,1,99,,826221,24,,,1,100,,826222,24,,,1,100,,826223,24,,,1,100,,826224,24,,,1,98,,826225,24,,,1,100,,826226,24,,,1,100,,826227,24,,,1,100,,826228,24,,,1,101,,826229,24,,,1,101,,826230,24,,,1,101,,826231,24,,,1,100,,826232,24,,,1,100,,826233,24,,,1,100,,826234,24,,,1,101,,826235,24,,,1,132,,826236,24,,,1
7400,'20260702',707,,826237,24,,,1,97,,826238,24,,,1,103,,826239,24,,,1,100,,826240,24,,,1,99,,826241,24,,,1,100,,826242,24,,,1,100,,826243,24,,,1,100,,826244,24,,,1,100,,826245,24,,,1,97,,826246,24,,,1,102,,826247,24,,,1,102,,826248,24,,,1,101,,826249,24,,,1,100,,826250,24,,,1,100,,826251,24,,,1,100,,826252,24,,,1,101,,826253,24,,,1
7400,'20260703',707,,851519,24,,,1,97,,851520,24,,,1,103,,851521,24,,,1,100,,851522,24,,,1,99,,851523,24,,,1,100,,851524,24,,,1,100,,851525,24,,,1,100,,851526,24,,,1,100,,851527,24,,,1,97,,851528,24,,,1,102,,851529,24,,,1,102,,851530,24,,,1,101,,851531,24,,,1,100,,851532,24,,,1,100,,851533,24,,,1,100,,851534,24,,,1,101,,851535,24,,,1
7400,'20260704',808,,801755,24,,,1,99,,801769,24,,,1,100,,801770,24,,,1,100,,801756,24,,,1,100,,801757,24,,,1,98,,801758,24,,,1,100,,801759,24,,,1,100,,801760,24,,,1,100,,801761,24,,,1,101,,801762,24,,,1,101,,801763,24,,,1,101,,801764,24,,,1,100,,801765,24,,,1,100,,801766,24,,,1,100,,801767,24,,,1,101,,801768,24,,,1,132,,801771,24,,,1
7400,'20260705',808,,801772,24,,,1,99,,801786,24,,,1,100,,801773,24,,,1,100,,801787,24,,,1,100,,801780,24,,,1,98,,801781,24,,,1,100,,801782,24,,,1,100,,801783,24,,,1,100,,801784,24,,,1,101,,801785,24,,,1,101,,801774,24,,,1,101,,801778,24,,,1,100,,801779,24,,,1,100,,801775,24,,,1,100,,801776,24,,,1,101,,801777,24,,,1,132,,801788,24,,,1
7400,'20260706',707,,801802,24,,,1,97,,801789,24,,,1,103,,801790,24,,,1,100,,801791,24,,,1,99,,801792,24,,,1,100,,801793,24,,,1,100,,801794,24,,,1,100,,801795,24,,,1,100,,801796,24,,,1,97,,801797,24,,,1,102,,801798,24,,,1,102,,801799,24,,,1,101,,801803,24,,,1,100,,801804,24,,,1,100,,801800,24,,,1,100,,801805,24,,,1,101,,801801,24,,,1
7400,'20260707',707,,801823,24,,,1,97,,801810,24,,,1,103,,801811,24,,,1,100,,801812,24,,,1,99,,801813,24,,,1,100,,801814,24,,,1,100,,801815,24,,,1,100,,801816,24,,,1,100,,801817,24,,,1,97,,801818,24,,,1,102,,801819,24,,,1,102,,801820,24,,,1,101,,801824,24,,,1,100,,801825,24,,,1,100,,801821,24,,,1,100,,801826,24,,,1,101,,801822,24,,,1
7400,'20260708',707,,826271,24,,,1,97,,826258,24,,,1,103,,826259,24,,,1,100,,826260,24,,,1,99,,826261,24,,,1,100,,826262,24,,,1,100,,826263,24,,,1,100,,826264,24,,,1,100,,826265,24,,,1,97,,826266,24,,,1,102,,826267,24,,,1,102,,826268,24,,,1,101,,826272,24,,,1,100,,826273,24,,,1,100,,826269,24,,,1,100,,826274,24,,,1,101,,826270,24,,,1
7400,'20260709',707,,826292,24,,,1,97,,826279,24,,,1,103,,826280,24,,,1,100,,826281,24,,,1,99,,826282,24,,,1,100,,826283,24,,,1,100,,826284,24,,,1,100,,826285,24,,,1,100,,826286,24,,,1,97,,826287,24,,,1,102,,826288,24,,,1,102,,826289,24,,,1,101,,826293,24,,,1,100,,826294,24,,,1,100,,826290,24,,,1,100,,826295,24,,,1,101,,826291,24,,,1
7400,'20260710',707,,826313,24,,,1,97,,826300,24,,,1,103,,826301,24,,,1,100,,826302,24,,,1,99,,826303,24,,,1,100,,826304,24,,,1,100,,826305,24,,,1,100,,826306,24,,,1,100,,826307,24,,,1,97,,826308,24,,,1,102,,826309,24,,,1,102,,826310,24,,,1,101,,826314,24,,,1,100,,826315,24,,,1,100,,826311,24,,,1,100,,826316,24,,,1,101,,826312,24,,,1
7400,'20260711',808,,851540,24,,,1,99,,851554,24,,,1,100,,851555,24,,,1,100,,851541,24,,,1,100,,851542,24,,,1,98,,851543,24,,,1,100,,851544,24,,,1,100,,851545,24,,,1,100,,851546,24,,,1,101,,851547,24,,,1,101,,851548,24,,,1,101,,851549,24,,,1,100,,851550,24,,,1,100,,851551,24,,,1,100,,851552,24,,,1,101,,851553,24,,,1,132,,851556,24,,,1
7400,'20260712',808,,851557,24,,,1,99,,851571,24,,,1,100,,851558,24,,,1,100,,851572,24,,,1,100,,851565,24,,,1,98,,851566,24,,,1,100,,851567,24,,,1,100,,851568,24,,,1,100,,851569,24,,,1,101,,851570,24,,,1,101,,851559,24,,,1,101,,851563,24,,,1,100,,851564,24,,,1,100,,851560,24,,,1,100,,851561,24,,,1,101,,851562,24,,,1,132,,851573,24,,,1
7400,'20260713',707,,851587,24,,,1,97,,851574,24,,,1,103,,851575,24,,,1,100,,851576,24,,,1,99,,851577,24,,,1,100,,851578,24,,,1,100,,851579,24,,,1,100,,851580,24,,,1,100,,851581,24,,,1,97,,851582,24,,,1,102,,851583,24,,,1,102,,851584,24,,,1,101,,851588,24,,,1,100,,851589,24,,,1,100,,851585,24,,,1,100,,851590,24,,,1,101,,851586,24,,,1
7400,'20260714',707,,851608,24,,,1,97,,851595,24,,,1,103,,851596,24,,,1,100,,851597,24,,,1,99,,851598,24,,,1,100,,851599,24,,,1,100,,851600,24,,,1,100,,851601,24,,,1,100,,851602,24,,,1,97,,851603,24,,,1,102,,851604,24,,,1,102,,851605,24,,,1,101,,851609,24,,,1,100,,851610,24,,,1,100,,851606,24,,,1,100,,851611,24,,,1,101,,851607,24,,,1
8400,'20260630',735,,828732,24,,,1,100,,828733,24,,,1,102,,828734,24,,,1,99,,828735,24,,,1,100,,828736,24,,,1,100,,828737,24,,,1,100,,828738,24,,,1,100,,828739,24,,,1,98,,828740,24,,,1,99,,828741,24,,,1,104,,828742,24,,,1,100,,828743,24,,,1,101,,828744,24,,,1,100,,828745,24,,,1,100,,828746,24,,,1,101,,828747,24,,,1,100,,828748,24,,,1
8400,'20260701',739,,828751,24,,,1,98,,828752,24,,,1,100,,828753,24,,,1,100,,828754,24,,,1,100,,828755,24,,,1,100,,828756,24,,,1,98,,828757,24,,,1,100,,828758,24,,,1,100,,828759,24,,,1,101,,828760,24,,,1,101,,828761,24,,,1,101,,828762,24,,,1,100,,828763,24,,,1,100,,828764,24,,,1,100,,828765,24,,,1,101,,828766,24,,,1,101,,828767,24,,,1
8400,'20260702',735,,828768,24,,,1,100,,828769,24,,,1,102,,828770,24,,,1,99,,828771,24,,,1,100,,828772,24,,,1,100,,828773,24,,,1,100,,828774,24,,,1,100,,828775,24,,,1,98,,828776,24,,,1,99,,828777,24,,,1,104,,828778,24,,,1,100,,828779,24,,,1,101,,828780,24,,,1,100,,828781,24,,,1,100,,828782,24,,,1,101,,828783,24,,,1,100,,828784,24,,,1
8400,'20260703',735,,852917,24,,,1,100,,852918,24,,,1,102,,852919,24,,,1,99,,852920,24,,,1,100,,852921,24,,,1,100,,852922,24,,,1,100,,852923,24,,,1,100,,852924,24,,,1,98,,852925,24,,,1,99,,852926,24,,,1,104,,852927,24,,,1,100,,852928,24,,,1,101,,852929,24,,,1,100,,852930,24,,,1,100,,852931,24,,,1,101,,852932,24,,,1,100,,852933,24,,,1
8400,'20260704',739,,803445,24,,,1,98,,803460,24,,,1,100,,803446,24,,,1,100,,803461,24,,,1,100,,803447,24,,,1,100,,803449,24,,,1,98,,803450,24,,,1,100,,803451,24,,,1,100,,803452,24,,,1,101,,803453,24,,,1,101,,803454,24,,,1,101,,803455,24,,,1,100,,803456,24,,,1,100,,803457,24,,,1,100,,803458,24,,,1,101,,803459,24,,,1,101,,803448,24,,,1
8400,'20260705',739,,803462,24,,,1,98,,803477,24,,,1,100,,803463,24,,,1,100,,803478,24,,,1,100,,803464,24,,,1,100,,803471,24,,,1,98,,803465,24,,,1,100,,803472,24,,,1,100,,803466,24,,,1,101,,803473,24,,,1,101,,803467,24,,,1,101,,803474,24,,,1,100,,803468,24,,,1,100,,803475,24,,,1,100,,803469,24,,,1,101,,803476,24,,,1,101,,803470,24,,,1
8400,'20260706',735,,803479,24,,,1,100,,803480,24,,,1,102,,803481,24,,,1,99,,803482,24,,,1,100,,803483,24,,,1,100,,803484,24,,,1,100,,803485,24,,,1,100,,803486,24,,,1,98,,803487,24,,,1,99,,803488,24,,,1,104,,803489,24,,,1,100,,803490,24,,,1,101,,803491,24,,,1,100,,803492,24,,,1,100,,803493,24,,,1,101,,803494,24,,,1,100,,803495,24,,,1
8400,'20260707',735,,803498,24,,,1,100,,803499,24,,,1,102,,803500,24,,,1,99,,803501,24,,,1,100,,803502,24,,,1,100,,803503,24,,,1,100,,803504,24,,,1,100,,803505,24,,,1,98,,803506,24,,,1,99,,803507,24,,,1,104,,803508,24,,,1,100,,803509,24,,,1,101,,803510,24,,,1,100,,803511,24,,,1,100,,803512,24,,,1,101,,803513,24,,,1,100,,803514,24,,,1
8400,'20260708',735,,828787,24,,,1,100,,828788,24,,,1,102,,828789,24,,,1,99,,828790,24,,,1,100,,828791,24,,,1,100,,828792,24,,,1,100,,828793,24,,,1,100,,828794,24,,,1,98,,828795,24,,,1,99,,828796,24,,,1,104,,828797,24,,,1,100,,828798,24,,,1,101,,828799,24,,,1,100,,828800,24,,,1,100,,828801,24,,,1,101,,828802,24,,,1,100,,828803,24,,,1
8400,'20260709',735,,828806,24,,,1,100,,828807,24,,,1,102,,828808,24,,,1,99,,828809,24,,,1,100,,828810,24,,,1,100,,828811,24,,,1,100,,828812,24,,,1,100,,828813,24,,,1,98,,828814,24,,,1,99,,828815,24,,,1,104,,828816,24,,,1,100,,828817,24,,,1,101,,828818,24,,,1,100,,828819,24,,,1,100,,828820,24,,,1,101,,828821,24,,,1,100,,828822,24,,,1
8400,'20260710',735,,828825,24,,,1,100,,828826,24,,,1,102,,828827,24,,,1,99,,828828,24,,,1,100,,828829,24,,,1,100,,828830,24,,,1,100,,828831,24,,,1,100,,828832,24,,,1,98,,828833,24,,,1,99,,828834,24,,,1,104,,828835,24,,,1,100,,828836,24,,,1,101,,828837,24,,,1,100,,828838,24,,,1,100,,828839,24,,,1,101,,828840,24,,,1,100,,828841,24,,,1
8400,'20260711',739,,852936,24,,,1,98,,852951,24,,,1,100,,852937,24,,,1,100,,852952,24,,,1,100,,852938,24,,,1,100,,852940,24,,,1,98,,852941,24,,,1,100,,852942,24,,,1,100,,852943,24,,,1,101,,852944,24,,,1,101,,852945,24,,,1,101,,852946,24,,,1,100,,852947,24,,,1,100,,852948,24,,,1,100,,852949,24,,,1,101,,852950,24,,,1,101,,852939,24,,,1
8400,'20260712',739,,852953,24,,,1,98,,852968,24,,,1,100,,852954,24,,,1,100,,852969,24,,,1,100,,852955,24,,,1,100,,852962,24,,,1,98,,852956,24,,,1,100,,852963,24,,,1,100,,852957,24,,,1,101,,852964,24,,,1,101,,852958,24,,,1,101,,852965,24,,,1,100,,852959,24,,,1,100,,852966,24,,,1,100,,852960,24,,,1,101,,852967,24,,,1,101,,852961,24,,,1
8400,'20260713',735,,852970,24,,,1,100,,852971,24,,,1,102,,852972,24,,,1,99,,852973,24,,,1,100,,852974,24,,,1,100,,852975,24,,,1,100,,852976,24,,,1,100,,852977,24,,,1,98,,852978,24,,,1,99,,852979,24,,,1,104,,852980,24,,,1,100,,852981,24,,,1,101,,852982,24,,,1,100,,852983,24,,,1,100,,852984,24,,,1,101,,852985,24,,,1,100,,852986,24,,,1
8400,'20260714',735,,852989,24,,,1,100,,852990,24,,,1,102,,852991,24,,,1,99,,852992,24,,,1,100,,852993,24,,,1,100,,852994,24,,,1,100,,852995,24,,,1,100,,852996,24,,,1,98,,852997,24,,,1,99,,852998,24,,,1,104,,852999,24,,,1,100,,853000,24,,,1,101,,853001,24,,,1,100,,853002,24,,,1,100,,853003,24,,,1,101,,853004,24,,,1,100,,853005,24,,,1
98400,'20260703',2550,,861851,26,,,0
98400,'20260704',2550,,814371,26,,,0
98400,'20260710',2550,,845113,26,,,0
98400,'20260711',2550,,861852,26,,,0
