7000,'20260317',621,,66843,4,,,0,17,,66844,4,,,0,20,,66845,4,,,0,61,,66846,4,,,0,16,,66847,4,,,0,24,,66848,4,,,0,62,,66849,4,,,0,22,,66850,4,,,0,61,,66851,4,,,0,20,,66852,4,,,0,19,,66853,4,,,0,58,,66854,4,,,0,22,,66855,4,,,0,20,,66856,4,,,0,59,,66857,4,,,0,20,,66858,4,,,0,21,,66859,4,,,0,60,,66860,4,,,0,20,,66861,4,,,0,21,,66862,4,,,0,62,,66863,4,,,0,18,,66864,4,,,0,17,,66865,4,,,0,17,,66866,4,,,0,58,,66867,4,,,0,19,,66868,4,,,0,20,,66869,4,,,0,57,,66870,4,,,0,20,,66871,4,,,0,21,,66872,4,,,0,60,,66873,4,,,0,22,,66874,4,,,0,23,,66875,4,,,0,58,,66876,4,,,0,21,,66877,4,,,0,18,,66878,4,,,0,61,,66879,4,,,0,32,,66880,4,,,0,70,,66881,4,,,0,30,,66882,4,,,0,70,,66883,4,,,0,30,,66884,4,,,0,70,,66885,4,,,0,30,,66886,4,,,0,70,,66887,4,,,0,31,,66888,4,,,0,70,,66889,4,,,0
7000,'20260318',621,,66890,4,,,0,17,,66891,4,,,0,20,,66892,4,,,0,61,,66893,4,,,0,16,,66894,4,,,0,24,,66895,4,,,0,62,,66896,4,,,0,22,,66897,4,,,0,61,,66898,4,,,0,20,,66899,4,,,0,19,,66900,4,,,0,58,,66901,4,,,0,22,,66902,4,,,0,20,,66903,4,,,0,59,,66904,4,,,0,20,,66905,4,,,0,21,,66906,4,,,0,60,,66907,4,,,0,20,,66908,4,,,0,21,,66909,4,,,0,62,,66910,4,,,0,18,,66911,4,,,0,17,,66912,4,,,0,17,,66913,4,,,0,58,,66914,4,,,0,19,,66915,4,,,0,20,,66916,4,,,0,57,,66917,4,,,0,20,,66918,4,,,0,21,,66919,4,,,0,60,,66920,4,,,0,22,,66921,4,,,0,23,,66922,4,,,0,58,,66923,4,,,0,21,,66924,4,,,0,18,,66925,4,,,0,61,,66926,4,,,0,32,,66927,4,,,0,70,,66928,4,,,0,30,,66929,4,,,0,70,,66930,4,,,0,30,,66931,4,,,0,70,,66932,4,,,0,30,,66933,4,,,0,70,,66934,4,,,0,31,,66935,4,,,0,70,,66936,4,,,0
7000,'20260319',621,,66937,4,,,0,17,,66938,4,,,0,20,,66939,4,,,0,61,,66940,4,,,0,16,,66941,4,,,0,24,,66942,4,,,0,62,,66943,4,,,0,22,,66944,4,,,0,61,,66945,4,,,0,20,,66946,4,,,0,19,,66947,4,,,0,58,,66948,4,,,0,22,,66949,4,,,0,20,,66950,4,,,0,59,,66951,4,,,0,20,,66952,4,,,0,21,,66953,4,,,0,60,,66954,4,,,0,20,,66955,4,,,0,21,,66956,4,,,0,62,,66957,4,,,0,18,,66958,4,,,0,17,,66959,4,,,0,17,,66960,4,,,0,58,,66961,4,,,0,19,,66962,4,,,0,20,,66963,4,,,0,57,,66964,4,,,0,20,,66965,4,,,0,21,,66966,4,,,0,60,,66967,4,,,0,22,,66968,4,,,0,23,,66969,4,,,0,58,,66970,4,,,0,21,,66971,4,,,0,18,,66972,4,,,0,61,,66973,4,,,0,32,,66974,4,,,0,70,,66975,4,,,0,30,,66976,4,,,0,70,,66977,4,,,0,30,,66978,4,,,0,70,,66979,4,,,0,30,,66980,4,,,0,70,,66981,4,,,0,31,,66982,4,,,0,70,,66983,4,,,0
7000,'20260320',621,,66984,4,,,0,17,,66985,4,,,0,20,,66986,4,,,0,61,,66987,4,,,0,16,,66988,4,,,0,24,,66989,4,,,0,62,,66990,4,,,0,22,,66991,4,,,0,61,,66992,4,,,0,20,,66993,4,,,0,19,,66994,4,,,0,58,,66995,4,,,0,22,,66996,4,,,0,20,,66997,4,,,0,59,,66998,4,,,0,20,,66999,4,,,0,21,,67000,4,,,0,60,,67001,4,,,0,20,,67002,4,,,0,21,,67003,4,,,0,62,,67004,4,,,0,18,,67005,4,,,0,17,,67006,4,,,0,17,,67007,4,,,0,58,,67008,4,,,0,19,,67009,4,,,0,20,,67010,4,,,0,57,,67011,4,,,0,20,,67012,4,,,0,21,,67013,4,,,0,60,,67014,4,,,0,22,,67015,4,,,0,23,,67016,4,,,0,58,,67017,4,,,0,21,,67018,4,,,0,18,,67019,4,,,0,61,,67020,4,,,0,32,,67021,4,,,0,70,,67022,4,,,0,30,,67023,4,,,0,70,,67024,4,,,0,30,,67025,4,,,0,70,,67026,4,,,0,30,,67027,4,,,0,70,,67028,4,,,0,31,,67029,4,,,0,70,,67030,4,,,0
33200,'20260317',645,,81461,6,,,0,113,,81462,6,,,0,68,,81463,6,,,0
33200,'20260318',645,,81464,6,,,0,113,,81465,6,,,0,68,,81466,6,,,0
33200,'20260319',645,,81467,6,,,0,113,,81468,6,,,0,68,,81469,6,,,0
33200,'20260320',645,,81470,6,,,0,113,,81471,6,,,0,68,,81472,6,,,0
53000,'20260317',1221,,82718,6,,,0,200,,82719,6,,,0,95,,82720,6,,,0,6,,82721,6,,,0,24,,82722,6,,,0,77,,82723,6,,,0,31,,82724,6,,,0,68,,82725,6,,,0,114,,82726,6,,,0
53000,'20260318',1221,,82727,6,,,0,200,,82728,6,,,0,95,,82729,6,,,0,6,,82730,6,,,0,24,,82731,6,,,0,77,,82732,6,,,0,31,,82733,6,,,0,68,,82734,6,,,0,114,,82735,6,,,0
53000,'20260319',1221,,82736,6,,,0,200,,82737,6,,,0,95,,82738,6,,,0,6,,82739,6,,,0,24,,82740,6,,,0,77,,82741,6,,,0,31,,82742,6,,,0,68,,82743,6,,,0,114,,82744,6,,,0
53000,'20260320',1221,,82745,6,,,0,200,,82746,6,,,0,95,,82747,6,,,0,6,,82748,6,,,0,24,,82749,6,,,0,77,,82750,6,,,0,31,,82751,6,,,0,68,,82752,6,,,0,114,,82753,6,,,0
53600,'20260317',1627,,82894,6,,,0,31,,82895,6,,,0,65,,82896,6,,,0
53600,'20260318',1627,,82897,6,,,0,31,,82898,6,,,0,65,,82899,6,,,0
53600,'20260319',1627,,82900,6,,,0,31,,82901,6,,,0,65,,82902,6,,,0
53600,'20260320',1627,,82903,6,,,0,31,,82904,6,,,0,65,,82905,6,,,0
53700,'20260317',1552,,82949,6,,,0,76,,82950,6,,,0,23,,82951,6,,,0,79,,82952,6,,,0
53700,'20260318',1552,,82953,6,,,0,76,,82954,6,,,0,23,,82955,6,,,0,79,,82956,6,,,0
53700,'20260319',1552,,82957,6,,,0,76,,82958,6,,,0,23,,82959,6,,,0,79,,82960,6,,,0
53700,'20260320',1552,,82961,6,,,0,76,,82962,6,,,0,23,,82963,6,,,0,79,,82964,6,,,0
53800,'20260317',1627,,83015,6,,,0,27,,83016,6,,,0,73,,83017,6,,,0
53800,'20260318',1627,,83018,6,,,0,27,,83019,6,,,0,73,,83020,6,,,0
53800,'20260319',1627,,83021,6,,,0,27,,83022,6,,,0,73,,83023,6,,,0
53800,'20260320',1627,,83024,6,,,0,27,,83025,6,,,0,73,,83026,6,,,0
55000,'20260317',1506,,83086,6,,,0,30,,83087,6,,,0,91,,83088,6,,,0,19,,83085,6,,,0,80,,83089,6,,,0
55000,'20260318',1506,,83091,6,,,0,30,,83092,6,,,0,91,,83093,6,,,0,19,,83090,6,,,0,80,,83094,6,,,0
55000,'20260319',1506,,83096,6,,,0,30,,83097,6,,,0,91,,83098,6,,,0,19,,83095,6,,,0,80,,83099,6,,,0
55000,'20260320',1506,,83101,6,,,0,30,,83102,6,,,0,91,,83103,6,,,0,19,,83100,6,,,0,80,,83104,6,,,0
55400,'20260317',1548,,83184,6,,,0,60,,83185,6,,,0,29,,83186,6,,,0,93,,83187,6,,,0
55400,'20260318',1548,,83188,6,,,0,60,,83189,6,,,0,29,,83190,6,,,0,93,,83191,6,,,0
55400,'20260319',1548,,83192,6,,,0,60,,83193,6,,,0,29,,83194,6,,,0,93,,83195,6,,,0
55400,'20260320',1548,,83196,6,,,0,60,,83197,6,,,0,29,,83198,6,,,0,93,,83199,6,,,0
55500,'20260317',1628,,83250,6,,,0,18,,83251,6,,,0,82,,83252,6,,,0
55500,'20260318',1628,,83253,6,,,0,18,,83254,6,,,0,82,,83255,6,,,0
55500,'20260319',1628,,83256,6,,,0,18,,83257,6,,,0,82,,83258,6,,,0
55500,'20260320',1628,,83259,6,,,0,18,,83260,6,,,0,82,,83261,6,,,0
55800,'20260317',1628,,83305,6,,,0,20,,83306,6,,,0,79,,83307,6,,,0
55800,'20260318',1628,,83308,6,,,0,20,,83309,6,,,0,79,,83310,6,,,0
55800,'20260319',1628,,83311,6,,,0,20,,83312,6,,,0,79,,83313,6,,,0
55800,'20260320',1628,,83314,6,,,0,20,,83315,6,,,0,79,,83316,6,,,0
57000,'20260317',1541,,83360,6,,,0,5,,83361,6,,,0,72,,83362,6,,,0,24,,83363,6,,,0,69,,83364,6,,,0
57000,'20260318',1541,,83365,6,,,0,5,,83366,6,,,0,72,,83367,6,,,0,24,,83368,6,,,0,69,,83369,6,,,0
57000,'20260319',1541,,83370,6,,,0,5,,83371,6,,,0,72,,83372,6,,,0,24,,83373,6,,,0,69,,83374,6,,,0
57000,'20260320',1541,,83375,6,,,0,5,,83376,6,,,0,72,,83377,6,,,0,24,,83378,6,,,0,69,,83379,6,,,0
57200,'20260317',1542,,83448,6,,,0,84,,83449,6,,,0,74,,83450,6,,,0,29,,83451,6,,,0
57200,'20260318',1542,,83452,6,,,0,84,,83453,6,,,0,74,,83454,6,,,0,29,,83455,6,,,0
57200,'20260319',1542,,83456,6,,,0,84,,83457,6,,,0,74,,83458,6,,,0,29,,83459,6,,,0
57200,'20260320',1542,,83460,6,,,0,84,,83461,6,,,0,74,,83462,6,,,0,29,,83463,6,,,0
57400,'20260317',1532,,83525,6,,,0,84,,83526,6,,,0,29,,83527,6,,,0,76,,83528,6,,,0
57400,'20260318',1532,,83529,6,,,0,84,,83530,6,,,0,29,,83531,6,,,0,76,,83532,6,,,0
57400,'20260319',1532,,83533,6,,,0,84,,83534,6,,,0,29,,83535,6,,,0,76,,83536,6,,,0
57400,'20260320',1532,,83537,6,,,0,84,,83538,6,,,0,29,,83539,6,,,0,76,,83540,6,,,0
58000,'20260317',1549,,83602,6,,,0,71,,83603,6,,,0,19,,83604,6,,,0,79,,83605,6,,,0
58000,'20260318',1549,,83606,6,,,0,71,,83607,6,,,0,19,,83608,6,,,0,79,,83609,6,,,0
58000,'20260319',1549,,83610,6,,,0,71,,83611,6,,,0,19,,83612,6,,,0,79,,83613,6,,,0
58000,'20260320',1549,,83614,6,,,0,71,,83615,6,,,0,19,,83616,6,,,0,79,,83617,6,,,0
58100,'20260317',1614,,83679,6,,,0,23,,83680,6,,,0,86,,83681,6,,,0
58100,'20260318',1614,,83682,6,,,0,23,,83683,6,,,0,86,,83684,6,,,0
58100,'20260319',1614,,83685,6,,,0,23,,83686,6,,,0,86,,83687,6,,,0
58100,'20260320',1614,,83688,6,,,0,23,,83689,6,,,0,86,,83690,6,,,0
58200,'20260317',1545,,83745,6,,,0,11,,83746,6,,,0,72,,83747,6,,,0,29,,83748,6,,,0,67,,83749,6,,,0
58200,'20260318',1545,,83750,6,,,0,11,,83751,6,,,0,72,,83752,6,,,0,29,,83753,6,,,0,67,,83754,6,,,0
58200,'20260319',1545,,83755,6,,,0,11,,83756,6,,,0,72,,83757,6,,,0,29,,83758,6,,,0,67,,83759,6,,,0
58200,'20260320',1545,,83760,6,,,0,11,,83761,6,,,0,72,,83762,6,,,0,29,,83763,6,,,0,67,,83764,6,,,0
58400,'20260317',1545,,83855,6,,,0,70,,83856,6,,,0,28,,83857,6,,,0,79,,83858,6,,,0
58400,'20260318',1545,,83859,6,,,0,70,,83860,6,,,0,28,,83861,6,,,0,79,,83862,6,,,0
58400,'20260319',1545,,83863,6,,,0,70,,83864,6,,,0,28,,83865,6,,,0,79,,83866,6,,,0
58400,'20260320',1545,,83867,6,,,0,70,,83868,6,,,0,28,,83869,6,,,0,79,,83870,6,,,0
