5303,'20260303',554,,214861,,,0,101,,214862,,,0,65,,214863,,,0,35,,214864,,,0,69,,214865,,,0,33,,214866,,,0,79,,214867,,,0,77,,214868,,,0,41,,214869,,,0,100,,214870,,,0,100,,214871,,,0,101,,214872,,,0,100,,214873,,,0,102,,214874,,,0,66,,214875,,,0,79,,214876,,,0,54,,214877,,,0,99,,214878,,,0,101,,214879,,,0,101,,214880,,,0,100,,214881,,,0,101,,214882,,,0
5303,'20260304',554,,214883,,,0,101,,214884,,,0,65,,214885,,,0,35,,214886,,,0,69,,214887,,,0,33,,214888,,,0,79,,214889,,,0,77,,214890,,,0,41,,214891,,,0,100,,214892,,,0,100,,214893,,,0,101,,214894,,,0,100,,214895,,,0,102,,214896,,,0,66,,214897,,,0,79,,214898,,,0,54,,214899,,,0,99,,214900,,,0,101,,214901,,,0,101,,214902,,,0,100,,214903,,,0,101,,214904,,,0
5303,'20260305',554,,214905,,,0,101,,214906,,,0,65,,214907,,,0,35,,214908,,,0,69,,214909,,,0,33,,214910,,,0,79,,214911,,,0,77,,214912,,,0,41,,214913,,,0,100,,214914,,,0,100,,214915,,,0,101,,214916,,,0,100,,214917,,,0,102,,214918,,,0,66,,214919,,,0,79,,214920,,,0,54,,214921,,,0,99,,214922,,,0,101,,214923,,,0,101,,214924,,,0,100,,214925,,,0,101,,214926,,,0
5303,'20260306',554,,214927,,,0,101,,214928,,,0,65,,214929,,,0,35,,214930,,,0,69,,214931,,,0,33,,214932,,,0,79,,214933,,,0,77,,214934,,,0,41,,214935,,,0,100,,214936,,,0,100,,214937,,,0,101,,214938,,,0,100,,214939,,,0,102,,214940,,,0,66,,214941,,,0,79,,214942,,,0,54,,214943,,,0,99,,214944,,,0,101,,214945,,,0,101,,214946,,,0,100,,214947,,,0,101,,214948,,,0
5303,'20260307',646,,214949,,,0,105,,214961,,,0,101,,214950,,,0,101,,214951,,,0,100,,214952,,,0,100,,214962,,,0,99,,214953,,,0,101,,214963,,,0,99,,214954,,,0,102,,214955,,,0,98,,214956,,,0,100,,214964,,,0,100,,214957,,,0,100,,214958,,,0,98,,214965,,,0,100,,214959,,,0,98,,214960,,,0
5303,'20260308',646,,214966,,,0,105,,214978,,,0,101,,214967,,,0,101,,214968,,,0,100,,214969,,,0,100,,214979,,,0,99,,214970,,,0,101,,214980,,,0,99,,214971,,,0,102,,214972,,,0,98,,214973,,,0,100,,214981,,,0,100,,214974,,,0,100,,214975,,,0,98,,214982,,,0,100,,214976,,,0,98,,214977,,,0
5303,'20260309',554,,214996,,,0,101,,214983,,,0,65,,214994,,,0,35,,214995,,,0,69,,214984,,,0,33,,214998,,,0,79,,214997,,,0,77,,214985,,,0,41,,215000,,,0,100,,214986,,,0,100,,214987,,,0,101,,215001,,,0,100,,214988,,,0,102,,214999,,,0,66,,215004,,,0,79,,215002,,,0,54,,214989,,,0,99,,214990,,,0,101,,214991,,,0,101,,215003,,,0,100,,214992,,,0,101,,214993,,,0
5303,'20260310',554,,215018,,,0,101,,215005,,,0,65,,215016,,,0,35,,215017,,,0,69,,215006,,,0,33,,215020,,,0,79,,215019,,,0,77,,215007,,,0,41,,215022,,,0,100,,215008,,,0,100,,215009,,,0,101,,215023,,,0,100,,215010,,,0,102,,215021,,,0,66,,215026,,,0,79,,215024,,,0,54,,215011,,,0,99,,215012,,,0,101,,215013,,,0,101,,215025,,,0,100,,215014,,,0,101,,215015,,,0
5303,'20260311',554,,215040,,,0,101,,215027,,,0,65,,215038,,,0,35,,215039,,,0,69,,215028,,,0,33,,215042,,,0,79,,215041,,,0,77,,215029,,,0,41,,215044,,,0,100,,215030,,,0,100,,215031,,,0,101,,215045,,,0,100,,215032,,,0,102,,215043,,,0,66,,215048,,,0,79,,215046,,,0,54,,215033,,,0,99,,215034,,,0,101,,215035,,,0,101,,215047,,,0,100,,215036,,,0,101,,215037,,,0
5303,'20260312',554,,215062,,,0,101,,215049,,,0,65,,215060,,,0,35,,215061,,,0,69,,215050,,,0,33,,215064,,,0,79,,215063,,,0,77,,215051,,,0,41,,215066,,,0,100,,215052,,,0,100,,215053,,,0,101,,215067,,,0,100,,215054,,,0,102,,215065,,,0,66,,215070,,,0,79,,215068,,,0,54,,215055,,,0,99,,215056,,,0,101,,215057,,,0,101,,215069,,,0,100,,215058,,,0,101,,215059,,,0
5303,'20260313',554,,215084,,,0,101,,215071,,,0,65,,215082,,,0,35,,215083,,,0,69,,215072,,,0,33,,215086,,,0,79,,215085,,,0,77,,215073,,,0,41,,215088,,,0,100,,215074,,,0,100,,215075,,,0,101,,215089,,,0,100,,215076,,,0,102,,215087,,,0,66,,215092,,,0,79,,215090,,,0,54,,215077,,,0,99,,215078,,,0,101,,215079,,,0,101,,215091,,,0,100,,215080,,,0,101,,215081,,,0
5303,'20260314',646,,215093,,,0,105,,215105,,,0,101,,215094,,,0,101,,215095,,,0,100,,215096,,,0,100,,215106,,,0,99,,215097,,,0,101,,215107,,,0,99,,215098,,,0,102,,215099,,,0,98,,215100,,,0,100,,215108,,,0,100,,215101,,,0,100,,215102,,,0,98,,215109,,,0,100,,215103,,,0,98,,215104,,,0
5303,'20260315',646,,215110,,,0,105,,215122,,,0,101,,215111,,,0,101,,215112,,,0,100,,215113,,,0,100,,215123,,,0,99,,215114,,,0,101,,215124,,,0,99,,215115,,,0,102,,215116,,,0,98,,215117,,,0,100,,215125,,,0,100,,215118,,,0,100,,215119,,,0,98,,215126,,,0,100,,215120,,,0,98,,215121,,,0
5303,'20260316',554,,215140,,,0,101,,215127,,,0,65,,215138,,,0,35,,215139,,,0,69,,215128,,,0,33,,215142,,,0,79,,215141,,,0,77,,215129,,,0,41,,215144,,,0,100,,215130,,,0,100,,215131,,,0,101,,215145,,,0,100,,215132,,,0,102,,215143,,,0,66,,215148,,,0,79,,215146,,,0,54,,215133,,,0,99,,215134,,,0,101,,215135,,,0,101,,215147,,,0,100,,215136,,,0,101,,215137,,,0
5303,'20260317',554,,215162,,,0,101,,215149,,,0,65,,215160,,,0,35,,215161,,,0,69,,215150,,,0,33,,215164,,,0,79,,215163,,,0,77,,215151,,,0,41,,215166,,,0,100,,215152,,,0,100,,215153,,,0,101,,215167,,,0,100,,215154,,,0,102,,215165,,,0,66,,215170,,,0,79,,215168,,,0,54,,215155,,,0,99,,215156,,,0,101,,215157,,,0,101,,215169,,,0,100,,215158,,,0,101,,215159,,,0
25301,'20260303',656,,232553,,,0,68,,232554,,,0,28,,232555,,,0,78,,232556,,,0
25301,'20260304',656,,232557,,,0,68,,232558,,,0,28,,232559,,,0,78,,232560,,,0
25301,'20260305',656,,232561,,,0,68,,232562,,,0,28,,232563,,,0,78,,232564,,,0
25301,'20260306',656,,232565,,,0,68,,232566,,,0,28,,232567,,,0,78,,232568,,,0
25301,'20260309',656,,232571,,,0,68,,232572,,,0,28,,232569,,,0,78,,232570,,,0
25301,'20260310',656,,232575,,,0,68,,232576,,,0,28,,232573,,,0,78,,232574,,,0
25301,'20260311',656,,232579,,,0,68,,232580,,,0,28,,232577,,,0,78,,232578,,,0
25301,'20260312',656,,232583,,,0,68,,232584,,,0,28,,232581,,,0,78,,232582,,,0
25301,'20260313',656,,232587,,,0,68,,232588,,,0,28,,232585,,,0,78,,232586,,,0
25301,'20260316',656,,232591,,,0,68,,232592,,,0,28,,232589,,,0,78,,232590,,,0
25301,'20260317',656,,232595,,,0,68,,232596,,,0,28,,232593,,,0,78,,232594,,,0
