38200,'20260423',1250,,320422,39,4,,0,453,,320423,39,4,,0,47,,320424,39,4,,0,104,,320425,39,4,,0
38200,'20260424',1250,,320426,39,4,,0,453,,320427,39,4,,0,47,,320428,39,4,,0,104,,320429,39,4,,0
38200,'20260427',1250,,346767,39,4,,0,453,,346768,39,4,,0,47,,346769,39,4,,0,104,,346770,39,4,,0
38200,'20260428',1250,,346771,39,4,,0,453,,346772,39,4,,0,47,,346773,39,4,,0,104,,346774,39,4,,0
38200,'20260429',1250,,294139,39,4,,0,453,,294140,39,4,,0,47,,294141,39,4,,0,104,,294142,39,4,,0
38200,'20260430',1250,,294143,39,4,,0,453,,294144,39,4,,0,47,,294145,39,4,,0,104,,294146,39,4,,0
38200,'20260501',1250,,320430,39,4,,0,453,,320431,39,4,,0,47,,320432,39,4,,0,104,,320433,39,4,,0
38200,'20260504',1250,,320434,39,4,,0,453,,320435,39,4,,0,47,,320436,39,4,,0,104,,320437,39,4,,0
38200,'20260505',1250,,346775,39,4,,0,453,,346776,39,4,,0,47,,346777,39,4,,0,104,,346778,39,4,,0
38200,'20260506',1250,,346779,39,4,,0,453,,346780,39,4,,0,47,,346781,39,4,,0,104,,346782,39,4,,0
38200,'20260507',1250,,346783,39,4,,0,453,,346784,39,4,,0,47,,346785,39,4,,0,104,,346786,39,4,,0
58200,'20260423',1622,,320978,37,4,,0,11,,320979,37,4,,0,72,,320980,37,4,,0,31,,320981,37,4,,0,23,,320982,37,4,,0
58200,'20260424',1622,,320983,37,4,,0,11,,320984,37,4,,0,72,,320985,37,4,,0,31,,320986,37,4,,0,23,,320987,37,4,,0
58200,'20260427',1622,,347326,37,4,,0,11,,347327,37,4,,0,72,,347328,37,4,,0,31,,347329,37,4,,0,23,,347330,37,4,,0
58200,'20260428',1622,,347331,37,4,,0,11,,347332,37,4,,0,72,,347333,37,4,,0,31,,347334,37,4,,0,23,,347335,37,4,,0
58200,'20260429',1622,,294700,37,4,,0,11,,294701,37,4,,0,72,,294698,37,4,,0,31,,294699,37,4,,0,23,,294697,37,4,,0
58200,'20260430',1622,,294705,37,4,,0,11,,294706,37,4,,0,72,,294703,37,4,,0,31,,294704,37,4,,0,23,,294702,37,4,,0
58200,'20260501',1622,,320991,37,4,,0,11,,320992,37,4,,0,72,,320989,37,4,,0,31,,320990,37,4,,0,23,,320988,37,4,,0
58200,'20260504',1622,,320996,37,4,,0,11,,320997,37,4,,0,72,,320994,37,4,,0,31,,320995,37,4,,0,23,,320993,37,4,,0
58200,'20260505',1622,,347339,37,4,,0,11,,347340,37,4,,0,72,,347337,37,4,,0,31,,347338,37,4,,0,23,,347336,37,4,,0
58200,'20260506',1622,,347344,37,4,,0,11,,347345,37,4,,0,72,,347342,37,4,,0,31,,347343,37,4,,0,23,,347341,37,4,,0
58200,'20260507',1622,,347349,37,4,,0,11,,347350,37,4,,0,72,,347347,37,4,,0,31,,347348,37,4,,0,23,,347346,37,4,,0
