9301,'20260714',543,,927611,3,,,0,93,,927612,3,,,0,20,,927613,3,,,0,54,,927614,3,,,0,31,,927615,3,,,0,71,,927616,3,,,0,29,,927617,3,,,0,72,,927618,3,,,0,99,,927619,3,,,0,100,,927620,3,,,0,100,,927621,3,,,0,101,,927622,3,,,0,99,,927623,3,,,0,100,,927624,3,,,0,30,,927625,3,,,0,62,,927626,3,,,0,41,,927627,3,,,0,76,,927628,3,,,0,96,,927629,3,,,0,100,,927630,3,,,0,101,,927631,3,,,0,99,,927632,3,,,0,105,,927633,3,,,0
9301,'20260715',543,,953187,3,,,0,93,,953188,3,,,0,20,,953189,3,,,0,54,,953190,3,,,0,31,,953191,3,,,0,71,,953192,3,,,0,29,,953193,3,,,0,72,,953194,3,,,0,99,,953195,3,,,0,100,,953196,3,,,0,100,,953197,3,,,0,101,,953198,3,,,0,99,,953199,3,,,0,100,,953200,3,,,0,30,,953201,3,,,0,62,,953202,3,,,0,41,,953203,3,,,0,76,,953204,3,,,0,96,,953205,3,,,0,100,,953206,3,,,0,101,,953207,3,,,0,99,,953208,3,,,0,105,,953209,3,,,0
9301,'20260716',543,,953210,3,,,0,93,,953211,3,,,0,20,,953212,3,,,0,54,,953213,3,,,0,31,,953214,3,,,0,71,,953215,3,,,0,29,,953216,3,,,0,72,,953217,3,,,0,99,,953218,3,,,0,100,,953219,3,,,0,100,,953220,3,,,0,101,,953221,3,,,0,99,,953222,3,,,0,100,,953223,3,,,0,30,,953224,3,,,0,62,,953225,3,,,0,41,,953226,3,,,0,76,,953227,3,,,0,96,,953228,3,,,0,100,,953229,3,,,0,101,,953230,3,,,0,99,,953231,3,,,0,105,,953232,3,,,0
9301,'20260717',543,,953233,3,,,0,93,,953234,3,,,0,20,,953235,3,,,0,54,,953236,3,,,0,31,,953237,3,,,0,71,,953238,3,,,0,29,,953239,3,,,0,72,,953240,3,,,0,99,,953241,3,,,0,100,,953242,3,,,0,100,,953243,3,,,0,101,,953244,3,,,0,99,,953245,3,,,0,100,,953246,3,,,0,30,,953247,3,,,0,62,,953248,3,,,0,41,,953249,3,,,0,76,,953250,3,,,0,96,,953251,3,,,0,100,,953252,3,,,0,101,,953253,3,,,0,99,,953254,3,,,0,105,,953255,3,,,0
9301,'20260718',710,,908533,3,,,0,101,,908528,3,,,0,100,,908542,3,,,0,95,,908535,3,,,0,104,,908537,3,,,0,100,,908529,3,,,0,98,,908538,3,,,0,106,,908536,3,,,0,101,,908539,3,,,0,92,,908530,3,,,0,110,,908540,3,,,0,94,,908534,3,,,0,99,,908541,3,,,0,100,,908531,3,,,0,199,,908532,3,,,0,200,,908543,3,,,0
9301,'20260719',710,,908556,3,,,0,101,,908549,3,,,0,100,,908557,3,,,0,95,,908544,3,,,0,104,,908552,3,,,0,100,,908545,3,,,0,98,,908553,3,,,0,106,,908550,3,,,0,101,,908554,3,,,0,92,,908546,3,,,0,110,,908555,3,,,0,94,,908551,3,,,0,99,,908558,3,,,0,100,,908547,3,,,0,199,,908548,3,,,0,200,,908559,3,,,0
9301,'20260720',543,,908575,3,,,0,93,,908560,3,,,0,20,,908582,3,,,0,54,,908561,3,,,0,31,,908562,3,,,0,71,,908563,3,,,0,29,,908564,3,,,0,72,,908573,3,,,0,99,,908565,3,,,0,100,,908578,3,,,0,100,,908566,3,,,0,101,,908579,3,,,0,99,,908567,3,,,0,100,,908571,3,,,0,30,,908580,3,,,0,62,,908568,3,,,0,41,,908581,3,,,0,76,,908574,3,,,0,96,,908572,3,,,0,100,,908576,3,,,0,101,,908569,3,,,0,99,,908577,3,,,0,105,,908570,3,,,0
9301,'20260721',543,,908598,3,,,0,93,,908583,3,,,0,20,,908605,3,,,0,54,,908584,3,,,0,31,,908585,3,,,0,71,,908586,3,,,0,29,,908587,3,,,0,72,,908596,3,,,0,99,,908588,3,,,0,100,,908601,3,,,0,100,,908589,3,,,0,101,,908602,3,,,0,99,,908590,3,,,0,100,,908594,3,,,0,30,,908603,3,,,0,62,,908591,3,,,0,41,,908604,3,,,0,76,,908597,3,,,0,96,,908595,3,,,0,100,,908599,3,,,0,101,,908592,3,,,0,99,,908600,3,,,0,105,,908593,3,,,0
9301,'20260722',543,,927649,3,,,0,93,,927634,3,,,0,20,,927656,3,,,0,54,,927635,3,,,0,31,,927636,3,,,0,71,,927637,3,,,0,29,,927638,3,,,0,72,,927647,3,,,0,99,,927639,3,,,0,100,,927652,3,,,0,100,,927640,3,,,0,101,,927653,3,,,0,99,,927641,3,,,0,100,,927645,3,,,0,30,,927654,3,,,0,62,,927642,3,,,0,41,,927655,3,,,0,76,,927648,3,,,0,96,,927646,3,,,0,100,,927650,3,,,0,101,,927643,3,,,0,99,,927651,3,,,0,105,,927644,3,,,0
9301,'20260723',543,,927672,3,,,0,93,,927657,3,,,0,20,,927679,3,,,0,54,,927658,3,,,0,31,,927659,3,,,0,71,,927660,3,,,0,29,,927661,3,,,0,72,,927670,3,,,0,99,,927662,3,,,0,100,,927675,3,,,0,100,,927663,3,,,0,101,,927676,3,,,0,99,,927664,3,,,0,100,,927668,3,,,0,30,,927677,3,,,0,62,,927665,3,,,0,41,,927678,3,,,0,76,,927671,3,,,0,96,,927669,3,,,0,100,,927673,3,,,0,101,,927666,3,,,0,99,,927674,3,,,0,105,,927667,3,,,0
9301,'20260724',543,,953271,3,,,0,93,,953256,3,,,0,20,,953278,3,,,0,54,,953257,3,,,0,31,,953258,3,,,0,71,,953259,3,,,0,29,,953260,3,,,0,72,,953269,3,,,0,99,,953261,3,,,0,100,,953274,3,,,0,100,,953262,3,,,0,101,,953275,3,,,0,99,,953263,3,,,0,100,,953267,3,,,0,30,,953276,3,,,0,62,,953264,3,,,0,41,,953277,3,,,0,76,,953270,3,,,0,96,,953268,3,,,0,100,,953272,3,,,0,101,,953265,3,,,0,99,,953273,3,,,0,105,,953266,3,,,0
9301,'20260725',710,,953284,3,,,0,101,,953279,3,,,0,100,,953293,3,,,0,95,,953286,3,,,0,104,,953288,3,,,0,100,,953280,3,,,0,98,,953289,3,,,0,106,,953287,3,,,0,101,,953290,3,,,0,92,,953281,3,,,0,110,,953291,3,,,0,94,,953285,3,,,0,99,,953292,3,,,0,100,,953282,3,,,0,199,,953283,3,,,0,200,,953294,3,,,0
9301,'20260726',710,,953307,3,,,0,101,,953300,3,,,0,100,,953308,3,,,0,95,,953295,3,,,0,104,,953303,3,,,0,100,,953296,3,,,0,98,,953304,3,,,0,106,,953301,3,,,0,101,,953305,3,,,0,92,,953297,3,,,0,110,,953306,3,,,0,94,,953302,3,,,0,99,,953309,3,,,0,100,,953298,3,,,0,199,,953299,3,,,0,200,,953310,3,,,0
9301,'20260727',543,,953326,3,,,0,93,,953311,3,,,0,20,,953333,3,,,0,54,,953312,3,,,0,31,,953313,3,,,0,71,,953314,3,,,0,29,,953315,3,,,0,72,,953324,3,,,0,99,,953316,3,,,0,100,,953329,3,,,0,100,,953317,3,,,0,101,,953330,3,,,0,99,,953318,3,,,0,100,,953322,3,,,0,30,,953331,3,,,0,62,,953319,3,,,0,41,,953332,3,,,0,76,,953325,3,,,0,96,,953323,3,,,0,100,,953327,3,,,0,101,,953320,3,,,0,99,,953328,3,,,0,105,,953321,3,,,0
9301,'20260728',543,,953349,3,,,0,93,,953334,3,,,0,20,,953356,3,,,0,54,,953335,3,,,0,31,,953336,3,,,0,71,,953337,3,,,0,29,,953338,3,,,0,72,,953347,3,,,0,99,,953339,3,,,0,100,,953352,3,,,0,100,,953340,3,,,0,101,,953353,3,,,0,99,,953341,3,,,0,100,,953345,3,,,0,30,,953354,3,,,0,62,,953342,3,,,0,41,,953355,3,,,0,76,,953348,3,,,0,96,,953346,3,,,0,100,,953350,3,,,0,101,,953343,3,,,0,99,,953351,3,,,0,105,,953344,3,,,0
