27900,'20260709',1626,,883771,8,4,,0,30,,883772,8,4,,0,78,,883773,8,4,,0,73,,883774,8,4,,0
27900,'20260710',1626,,909511,8,4,,0,30,,909512,8,4,,0,78,,909513,8,4,,0,73,,909514,8,4,,0
27900,'20260713',1626,,928842,8,4,,0,30,,928843,8,4,,0,78,,928844,8,4,,0,73,,928845,8,4,,0
27900,'20260714',1626,,928846,8,4,,0,30,,928847,8,4,,0,78,,928848,8,4,,0,73,,928849,8,4,,0
27900,'20260715',1626,,883775,8,4,,0,30,,883778,8,4,,0,78,,883777,8,4,,0,73,,883776,8,4,,0
27900,'20260716',1626,,883779,8,4,,0,30,,883782,8,4,,0,78,,883781,8,4,,0,73,,883780,8,4,,0
27900,'20260717',1626,,883783,8,4,,0,30,,883786,8,4,,0,78,,883785,8,4,,0,73,,883784,8,4,,0
27900,'20260720',1626,,909515,8,4,,0,30,,909518,8,4,,0,78,,909517,8,4,,0,73,,909516,8,4,,0
27900,'20260721',1626,,909519,8,4,,0,30,,909522,8,4,,0,78,,909521,8,4,,0,73,,909520,8,4,,0
27900,'20260722',1626,,928850,8,4,,0,30,,928853,8,4,,0,78,,928852,8,4,,0,73,,928851,8,4,,0
27900,'20260723',1626,,928854,8,4,,0,30,,928857,8,4,,0,78,,928856,8,4,,0,73,,928855,8,4,,0
