5800,'20260709',705,,872865,10,,,0,102,,872866,10,,,0,30,,872867,10,,,0,70,,872868,10,,,0,36,,872869,10,,,0,103,,872870,10,,,0,100,,872871,10,,,0,100,,872872,10,,,0,100,,872873,10,,,0,101,,872874,10,,,0,70,,872875,10,,,0,24,,872876,10,,,0,69,,872877,10,,,0,31,,872878,10,,,0,78,,872879,10,,,0,29,,872880,10,,,0,69,,872881,10,,,0,30,,872882,10,,,0,99,,872883,10,,,0,101,,872884,10,,,0,99,,872885,10,,,0,100,,872886,10,,,0,98,,872887,10,,,0
5800,'20260710',705,,904583,10,,,0,102,,904584,10,,,0,30,,904585,10,,,0,70,,904586,10,,,0,36,,904587,10,,,0,103,,904588,10,,,0,100,,904589,10,,,0,100,,904590,10,,,0,100,,904591,10,,,0,101,,904592,10,,,0,70,,904593,10,,,0,24,,904594,10,,,0,69,,904595,10,,,0,31,,904596,10,,,0,78,,904597,10,,,0,29,,904598,10,,,0,69,,904599,10,,,0,30,,904600,10,,,0,99,,904601,10,,,0,101,,904602,10,,,0,99,,904603,10,,,0,100,,904604,10,,,0,98,,904605,10,,,0
5800,'20260711',738,,922768,10,,,0,99,,922769,10,,,0,101,,922770,10,,,0,99,,922771,10,,,0,100,,922772,10,,,0,100,,922773,10,,,0,100,,922774,10,,,0,100,,922775,10,,,0,101,,922776,10,,,0,103,,922777,10,,,0,103,,922778,10,,,0,95,,922779,10,,,0,98,,922780,10,,,0,100,,922781,10,,,0,100,,922782,10,,,0,100,,922783,10,,,0,100,,922784,10,,,0
5800,'20260712',738,,922785,10,,,0,99,,922786,10,,,0,101,,922787,10,,,0,99,,922788,10,,,0,100,,922789,10,,,0,100,,922790,10,,,0,100,,922791,10,,,0,100,,922792,10,,,0,101,,922793,10,,,0,103,,922794,10,,,0,103,,922795,10,,,0,95,,922796,10,,,0,98,,922797,10,,,0,100,,922798,10,,,0,100,,922799,10,,,0,100,,922800,10,,,0,100,,922801,10,,,0
5800,'20260713',705,,922802,10,,,0,102,,922803,10,,,0,30,,922804,10,,,0,70,,922805,10,,,0,36,,922806,10,,,0,103,,922807,10,,,0,100,,922808,10,,,0,100,,922809,10,,,0,100,,922810,10,,,0,101,,922811,10,,,0,70,,922812,10,,,0,24,,922813,10,,,0,69,,922814,10,,,0,31,,922815,10,,,0,78,,922816,10,,,0,29,,922817,10,,,0,69,,922818,10,,,0,30,,922819,10,,,0,99,,922820,10,,,0,101,,922821,10,,,0,99,,922822,10,,,0,100,,922823,10,,,0,98,,922824,10,,,0
5800,'20260714',705,,922825,10,,,0,102,,922826,10,,,0,30,,922827,10,,,0,70,,922828,10,,,0,36,,922829,10,,,0,103,,922830,10,,,0,100,,922831,10,,,0,100,,922832,10,,,0,100,,922833,10,,,0,101,,922834,10,,,0,70,,922835,10,,,0,24,,922836,10,,,0,69,,922837,10,,,0,31,,922838,10,,,0,78,,922839,10,,,0,29,,922840,10,,,0,69,,922841,10,,,0,30,,922842,10,,,0,99,,922843,10,,,0,101,,922844,10,,,0,99,,922845,10,,,0,100,,922846,10,,,0,98,,922847,10,,,0
5800,'20260715',705,,872903,10,,,0,102,,872904,10,,,0,30,,872888,10,,,0,70,,872905,10,,,0,36,,872900,10,,,0,103,,872906,10,,,0,100,,872889,10,,,0,100,,872890,10,,,0,100,,872907,10,,,0,101,,872899,10,,,0,70,,872891,10,,,0,24,,872892,10,,,0,69,,872893,10,,,0,31,,872894,10,,,0,78,,872895,10,,,0,29,,872896,10,,,0,69,,872909,10,,,0,30,,872898,10,,,0,99,,872908,10,,,0,101,,872901,10,,,0,99,,872902,10,,,0,100,,872897,10,,,0,98,,872910,10,,,0
5800,'20260716',705,,872926,10,,,0,102,,872927,10,,,0,30,,872911,10,,,0,70,,872928,10,,,0,36,,872923,10,,,0,103,,872929,10,,,0,100,,872912,10,,,0,100,,872913,10,,,0,100,,872930,10,,,0,101,,872922,10,,,0,70,,872914,10,,,0,24,,872915,10,,,0,69,,872916,10,,,0,31,,872917,10,,,0,78,,872918,10,,,0,29,,872919,10,,,0,69,,872932,10,,,0,30,,872921,10,,,0,99,,872931,10,,,0,101,,872924,10,,,0,99,,872925,10,,,0,100,,872920,10,,,0,98,,872933,10,,,0
5800,'20260717',705,,872949,10,,,0,102,,872950,10,,,0,30,,872934,10,,,0,70,,872951,10,,,0,36,,872946,10,,,0,103,,872952,10,,,0,100,,872935,10,,,0,100,,872936,10,,,0,100,,872953,10,,,0,101,,872945,10,,,0,70,,872937,10,,,0,24,,872938,10,,,0,69,,872939,10,,,0,31,,872940,10,,,0,78,,872941,10,,,0,29,,872942,10,,,0,69,,872955,10,,,0,30,,872944,10,,,0,99,,872954,10,,,0,101,,872947,10,,,0,99,,872948,10,,,0,100,,872943,10,,,0,98,,872956,10,,,0
5800,'20260718',738,,904615,10,,,0,99,,904606,10,,,0,101,,904616,10,,,0,99,,904613,10,,,0,100,,904617,10,,,0,100,,904607,10,,,0,100,,904608,10,,,0,100,,904618,10,,,0,101,,904619,10,,,0,103,,904614,10,,,0,103,,904609,10,,,0,95,,904610,10,,,0,98,,904620,10,,,0,100,,904621,10,,,0,100,,904622,10,,,0,100,,904611,10,,,0,100,,904612,10,,,0
5800,'20260719',738,,904636,10,,,0,99,,904634,10,,,0,101,,904630,10,,,0,99,,904633,10,,,0,100,,904638,10,,,0,100,,904625,10,,,0,100,,904623,10,,,0,100,,904637,10,,,0,101,,904627,10,,,0,103,,904624,10,,,0,103,,904631,10,,,0,95,,904635,10,,,0,98,,904629,10,,,0,100,,904628,10,,,0,100,,904639,10,,,0,100,,904632,10,,,0,100,,904626,10,,,0
5800,'20260720',705,,904655,10,,,0,102,,904656,10,,,0,30,,904640,10,,,0,70,,904657,10,,,0,36,,904652,10,,,0,103,,904658,10,,,0,100,,904641,10,,,0,100,,904642,10,,,0,100,,904659,10,,,0,101,,904651,10,,,0,70,,904643,10,,,0,24,,904644,10,,,0,69,,904645,10,,,0,31,,904646,10,,,0,78,,904647,10,,,0,29,,904648,10,,,0,69,,904661,10,,,0,30,,904650,10,,,0,99,,904660,10,,,0,101,,904653,10,,,0,99,,904654,10,,,0,100,,904649,10,,,0,98,,904662,10,,,0
5800,'20260721',705,,904678,10,,,0,102,,904679,10,,,0,30,,904663,10,,,0,70,,904680,10,,,0,36,,904675,10,,,0,103,,904681,10,,,0,100,,904664,10,,,0,100,,904665,10,,,0,100,,904682,10,,,0,101,,904674,10,,,0,70,,904666,10,,,0,24,,904667,10,,,0,69,,904668,10,,,0,31,,904669,10,,,0,78,,904670,10,,,0,29,,904671,10,,,0,69,,904684,10,,,0,30,,904673,10,,,0,99,,904683,10,,,0,101,,904676,10,,,0,99,,904677,10,,,0,100,,904672,10,,,0,98,,904685,10,,,0
5800,'20260722',705,,922863,10,,,0,102,,922864,10,,,0,30,,922848,10,,,0,70,,922865,10,,,0,36,,922860,10,,,0,103,,922866,10,,,0,100,,922849,10,,,0,100,,922850,10,,,0,100,,922867,10,,,0,101,,922859,10,,,0,70,,922851,10,,,0,24,,922852,10,,,0,69,,922853,10,,,0,31,,922854,10,,,0,78,,922855,10,,,0,29,,922856,10,,,0,69,,922869,10,,,0,30,,922858,10,,,0,99,,922868,10,,,0,101,,922861,10,,,0,99,,922862,10,,,0,100,,922857,10,,,0,98,,922870,10,,,0
5800,'20260723',705,,922886,10,,,0,102,,922887,10,,,0,30,,922871,10,,,0,70,,922888,10,,,0,36,,922883,10,,,0,103,,922889,10,,,0,100,,922872,10,,,0,100,,922873,10,,,0,100,,922890,10,,,0,101,,922882,10,,,0,70,,922874,10,,,0,24,,922875,10,,,0,69,,922876,10,,,0,31,,922877,10,,,0,78,,922878,10,,,0,29,,922879,10,,,0,69,,922892,10,,,0,30,,922881,10,,,0,99,,922891,10,,,0,101,,922884,10,,,0,99,,922885,10,,,0,100,,922880,10,,,0,98,,922893,10,,,0
25800,'20260709',1602,,883421,16,4,,0,31,,883422,16,4,,0,69,,883423,16,4,,0,29,,883424,16,4,,0
25800,'20260710',1602,,909361,16,4,,0,31,,909362,16,4,,0,69,,909363,16,4,,0,29,,909364,16,4,,0
25800,'20260713',1602,,928642,16,4,,0,31,,928643,16,4,,0,69,,928644,16,4,,0,29,,928645,16,4,,0
25800,'20260714',1602,,928646,16,4,,0,31,,928647,16,4,,0,69,,928648,16,4,,0,29,,928649,16,4,,0
25800,'20260715',1602,,883425,16,4,,0,31,,883426,16,4,,0,69,,883427,16,4,,0,29,,883428,16,4,,0
25800,'20260716',1602,,883429,16,4,,0,31,,883430,16,4,,0,69,,883431,16,4,,0,29,,883432,16,4,,0
25800,'20260717',1602,,883433,16,4,,0,31,,883434,16,4,,0,69,,883435,16,4,,0,29,,883436,16,4,,0
25800,'20260720',1602,,909365,16,4,,0,31,,909366,16,4,,0,69,,909367,16,4,,0,29,,909368,16,4,,0
25800,'20260721',1602,,909369,16,4,,0,31,,909370,16,4,,0,69,,909371,16,4,,0,29,,909372,16,4,,0
25800,'20260722',1602,,928650,16,4,,0,31,,928651,16,4,,0,69,,928652,16,4,,0,29,,928653,16,4,,0
25800,'20260723',1602,,928654,16,4,,0,31,,928655,16,4,,0,69,,928656,16,4,,0,29,,928657,16,4,,0
55800,'20260709',1655,,885271,11,4,,0,65,,885272,11,4,,0
55800,'20260710',1655,,910127,11,4,,0,65,,910128,11,4,,0
55800,'20260713',1655,,930012,11,4,,0,65,,930013,11,4,,0
55800,'20260714',1655,,930014,11,4,,0,65,,930015,11,4,,0
55800,'20260715',1655,,885273,11,4,,0,65,,885274,11,4,,0
55800,'20260716',1655,,885275,11,4,,0,65,,885276,11,4,,0
55800,'20260717',1655,,885277,11,4,,0,65,,885278,11,4,,0
55800,'20260720',1655,,910129,11,4,,0,65,,910130,11,4,,0
55800,'20260721',1655,,910131,11,4,,0,65,,910132,11,4,,0
55800,'20260722',1655,,930016,11,4,,0,65,,930017,11,4,,0
55800,'20260723',1655,,930018,11,4,,0,65,,930019,11,4,,0
