7901,'20260519',601,,499747,12,,,0,25,,499748,12,,,0,33,,499749,12,,,0,70,,499750,12,,,0,30,,499751,12,,,0,70,,499752,12,,,0,101,,499753,12,,,0,99,,499754,12,,,0,100,,499755,12,,,0,100,,499756,12,,,0,100,,499757,12,,,0,100,,499758,12,,,0,100,,499759,12,,,0,100,,499760,12,,,0,71,,499761,12,,,0,30,,499762,12,,,0,100,,499763,12,,,0,100,,499764,12,,,0,100,,499765,12,,,0,101,,499766,12,,,0,100,,499767,12,,,0,100,,499768,12,,,0
7901,'20260520',601,,524214,12,,,0,25,,524215,12,,,0,33,,524216,12,,,0,70,,524217,12,,,0,30,,524218,12,,,0,70,,524219,12,,,0,101,,524220,12,,,0,99,,524221,12,,,0,100,,524222,12,,,0,100,,524223,12,,,0,100,,524224,12,,,0,100,,524225,12,,,0,100,,524226,12,,,0,100,,524227,12,,,0,71,,524228,12,,,0,30,,524229,12,,,0,100,,524230,12,,,0,100,,524231,12,,,0,100,,524232,12,,,0,101,,524233,12,,,0,100,,524234,12,,,0,100,,524235,12,,,0
7901,'20260521',601,,524236,12,,,0,25,,524237,12,,,0,33,,524238,12,,,0,70,,524239,12,,,0,30,,524240,12,,,0,70,,524241,12,,,0,101,,524242,12,,,0,99,,524243,12,,,0,100,,524244,12,,,0,100,,524245,12,,,0,100,,524246,12,,,0,100,,524247,12,,,0,100,,524248,12,,,0,100,,524249,12,,,0,71,,524250,12,,,0,30,,524251,12,,,0,100,,524252,12,,,0,100,,524253,12,,,0,100,,524254,12,,,0,101,,524255,12,,,0,100,,524256,12,,,0,100,,524257,12,,,0
7901,'20260522',601,,524258,12,,,0,25,,524259,12,,,0,33,,524260,12,,,0,70,,524261,12,,,0,30,,524262,12,,,0,70,,524263,12,,,0,101,,524264,12,,,0,99,,524265,12,,,0,100,,524266,12,,,0,100,,524267,12,,,0,100,,524268,12,,,0,100,,524269,12,,,0,100,,524270,12,,,0,100,,524271,12,,,0,71,,524272,12,,,0,30,,524273,12,,,0,100,,524274,12,,,0,100,,524275,12,,,0,100,,524276,12,,,0,101,,524277,12,,,0,100,,524278,12,,,0,100,,524279,12,,,0
7901,'20260523',730,,473134,12,,,0,100,,473135,12,,,0,100,,473136,12,,,0,100,,473140,12,,,0,100,,473141,12,,,0,100,,473131,12,,,0,100,,473142,12,,,0,100,,473139,12,,,0,100,,473143,12,,,0,100,,473137,12,,,0,70,,473148,12,,,0,30,,473144,12,,,0,100,,473132,12,,,0,101,,473145,12,,,0,100,,473138,12,,,0,100,,473146,12,,,0,100,,473133,12,,,0,100,,473147,12,,,0
7901,'20260524',730,,473154,12,,,0,100,,473153,12,,,0,100,,473149,12,,,0,100,,473158,12,,,0,100,,473159,12,,,0,100,,473151,12,,,0,100,,473160,12,,,0,100,,473157,12,,,0,100,,473162,12,,,0,100,,473155,12,,,0,70,,473166,12,,,0,30,,473163,12,,,0,100,,473150,12,,,0,101,,473164,12,,,0,100,,473156,12,,,0,100,,473165,12,,,0,100,,473152,12,,,0,100,,473161,12,,,0
7901,'20260525',601,,473167,12,,,0,25,,473168,12,,,0,33,,473169,12,,,0,70,,473170,12,,,0,30,,473171,12,,,0,70,,473172,12,,,0,101,,473173,12,,,0,99,,473174,12,,,0,100,,473175,12,,,0,100,,473176,12,,,0,100,,473177,12,,,0,100,,473178,12,,,0,100,,473185,12,,,0,100,,473179,12,,,0,71,,473188,12,,,0,30,,473186,12,,,0,100,,473180,12,,,0,100,,473181,12,,,0,100,,473182,12,,,0,101,,473187,12,,,0,100,,473183,12,,,0,100,,473184,12,,,0
7901,'20260526',601,,473189,12,,,0,25,,473190,12,,,0,33,,473191,12,,,0,70,,473192,12,,,0,30,,473193,12,,,0,70,,473194,12,,,0,101,,473195,12,,,0,99,,473196,12,,,0,100,,473197,12,,,0,100,,473198,12,,,0,100,,473199,12,,,0,100,,473200,12,,,0,100,,473207,12,,,0,100,,473201,12,,,0,71,,473210,12,,,0,30,,473208,12,,,0,100,,473202,12,,,0,100,,473203,12,,,0,100,,473204,12,,,0,101,,473209,12,,,0,100,,473205,12,,,0,100,,473206,12,,,0
7901,'20260527',601,,499769,12,,,0,25,,499770,12,,,0,33,,499771,12,,,0,70,,499772,12,,,0,30,,499773,12,,,0,70,,499774,12,,,0,101,,499775,12,,,0,99,,499776,12,,,0,100,,499777,12,,,0,100,,499778,12,,,0,100,,499779,12,,,0,100,,499780,12,,,0,100,,499787,12,,,0,100,,499781,12,,,0,71,,499790,12,,,0,30,,499788,12,,,0,100,,499782,12,,,0,100,,499783,12,,,0,100,,499784,12,,,0,101,,499789,12,,,0,100,,499785,12,,,0,100,,499786,12,,,0
7901,'20260528',601,,499791,12,,,0,25,,499792,12,,,0,33,,499793,12,,,0,70,,499794,12,,,0,30,,499795,12,,,0,70,,499796,12,,,0,101,,499797,12,,,0,99,,499798,12,,,0,100,,499799,12,,,0,100,,499800,12,,,0,100,,499801,12,,,0,100,,499802,12,,,0,100,,499809,12,,,0,100,,499803,12,,,0,71,,499812,12,,,0,30,,499810,12,,,0,100,,499804,12,,,0,100,,499805,12,,,0,100,,499806,12,,,0,101,,499811,12,,,0,100,,499807,12,,,0,100,,499808,12,,,0
7901,'20260529',601,,524280,12,,,0,25,,524281,12,,,0,33,,524282,12,,,0,70,,524283,12,,,0,30,,524284,12,,,0,70,,524285,12,,,0,101,,524286,12,,,0,99,,524287,12,,,0,100,,524288,12,,,0,100,,524289,12,,,0,100,,524290,12,,,0,100,,524291,12,,,0,100,,524298,12,,,0,100,,524292,12,,,0,71,,524301,12,,,0,30,,524299,12,,,0,100,,524293,12,,,0,100,,524294,12,,,0,100,,524295,12,,,0,101,,524300,12,,,0,100,,524296,12,,,0,100,,524297,12,,,0
7901,'20260530',730,,524305,12,,,0,100,,524306,12,,,0,100,,524307,12,,,0,100,,524311,12,,,0,100,,524312,12,,,0,100,,524302,12,,,0,100,,524313,12,,,0,100,,524310,12,,,0,100,,524314,12,,,0,100,,524308,12,,,0,70,,524319,12,,,0,30,,524315,12,,,0,100,,524303,12,,,0,101,,524316,12,,,0,100,,524309,12,,,0,100,,524317,12,,,0,100,,524304,12,,,0,100,,524318,12,,,0
7901,'20260531',730,,524325,12,,,0,100,,524324,12,,,0,100,,524320,12,,,0,100,,524329,12,,,0,100,,524330,12,,,0,100,,524322,12,,,0,100,,524331,12,,,0,100,,524328,12,,,0,100,,524333,12,,,0,100,,524326,12,,,0,70,,524337,12,,,0,30,,524334,12,,,0,100,,524321,12,,,0,101,,524335,12,,,0,100,,524327,12,,,0,100,,524336,12,,,0,100,,524323,12,,,0,100,,524332,12,,,0
7901,'20260601',601,,524338,12,,,0,25,,524339,12,,,0,33,,524340,12,,,0,70,,524341,12,,,0,30,,524342,12,,,0,70,,524343,12,,,0,101,,524344,12,,,0,99,,524345,12,,,0,100,,524346,12,,,0,100,,524347,12,,,0,100,,524348,12,,,0,100,,524349,12,,,0,100,,524356,12,,,0,100,,524350,12,,,0,71,,524359,12,,,0,30,,524357,12,,,0,100,,524351,12,,,0,100,,524352,12,,,0,100,,524353,12,,,0,101,,524358,12,,,0,100,,524354,12,,,0,100,,524355,12,,,0
7901,'20260602',601,,524360,12,,,0,25,,524361,12,,,0,33,,524362,12,,,0,70,,524363,12,,,0,30,,524364,12,,,0,70,,524365,12,,,0,101,,524366,12,,,0,99,,524367,12,,,0,100,,524368,12,,,0,100,,524369,12,,,0,100,,524370,12,,,0,100,,524371,12,,,0,100,,524378,12,,,0,100,,524372,12,,,0,71,,524381,12,,,0,30,,524379,12,,,0,100,,524373,12,,,0,100,,524374,12,,,0,100,,524375,12,,,0,101,,524380,12,,,0,100,,524376,12,,,0,100,,524377,12,,,0
27901,'20260519',625,,503054,9,,,0,82,,503055,9,,,0,35,,503056,9,,,0,64,,503057,9,,,0
27901,'20260520',625,,529340,9,,,0,82,,529341,9,,,0,35,,529342,9,,,0,64,,529343,9,,,0
27901,'20260521',625,,529344,9,,,0,82,,529345,9,,,0,35,,529346,9,,,0,64,,529347,9,,,0
27901,'20260522',625,,529348,9,,,0,82,,529349,9,,,0,35,,529350,9,,,0,64,,529351,9,,,0
27901,'20260525',625,,478190,9,,,0,82,,478188,9,,,0,35,,478189,9,,,0,64,,478187,9,,,0
27901,'20260526',625,,478194,9,,,0,82,,478192,9,,,0,35,,478193,9,,,0,64,,478191,9,,,0
27901,'20260527',625,,503061,9,,,0,82,,503059,9,,,0,35,,503060,9,,,0,64,,503058,9,,,0
27901,'20260528',625,,503065,9,,,0,82,,503063,9,,,0,35,,503064,9,,,0,64,,503062,9,,,0
27901,'20260529',625,,529355,9,,,0,82,,529353,9,,,0,35,,529354,9,,,0,64,,529352,9,,,0
27901,'20260601',625,,529359,9,,,0,82,,529357,9,,,0,35,,529358,9,,,0,64,,529356,9,,,0
27901,'20260602',625,,529363,9,,,0,82,,529361,9,,,0,35,,529362,9,,,0,64,,529360,9,,,0
