1802,'20260630',638,,817825,21,,,0,19,,817826,21,,,0,62,,817827,21,,,0,15,,817828,21,,,0,71,,817829,21,,,0,30,,817830,21,,,0,69,,817831,21,,,0,30,,817832,21,,,0,68,,817833,21,,,0,30,,817834,21,,,0,70,,817835,21,,,0,30,,817836,21,,,0,20,,817837,21,,,0,60,,817838,21,,,0,20,,817839,21,,,0,71,,817840,21,,,0,30,,817841,21,,,0,70,,817842,21,,,0,30,,817843,21,,,0,71,,817844,21,,,0,33,,817845,21,,,0,70,,817846,21,,,0,31,,817847,21,,,0,70,,817848,21,,,0,14,,817849,21,,,0,16,,817850,21,,,0,68,,817851,21,,,0,27,,817852,21,,,0,69,,817853,21,,,0,30,,817854,21,,,0,99,,817855,21,,,0,99,,817856,21,,,0,99,,817857,21,,,0,100,,817858,21,,,0,99,,817859,21,,,0
1802,'20260701',714,,817860,21,,,0,100,,817861,21,,,0,101,,817862,21,,,0,100,,817863,21,,,0,101,,817864,21,,,0,97,,817865,21,,,0,97,,817866,21,,,0,104,,817867,21,,,0,104,,817868,21,,,0,94,,817869,21,,,0,110,,817870,21,,,0,96,,817871,21,,,0,100,,817872,21,,,0,95,,817873,21,,,0,101,,817874,21,,,0,100,,817875,21,,,0,100,,817876,21,,,0
1802,'20260702',638,,817877,21,,,0,19,,817878,21,,,0,62,,817879,21,,,0,15,,817880,21,,,0,71,,817881,21,,,0,30,,817882,21,,,0,69,,817883,21,,,0,30,,817884,21,,,0,68,,817885,21,,,0,30,,817886,21,,,0,70,,817887,21,,,0,30,,817888,21,,,0,20,,817889,21,,,0,60,,817890,21,,,0,20,,817891,21,,,0,71,,817892,21,,,0,30,,817893,21,,,0,70,,817894,21,,,0,30,,817895,21,,,0,71,,817896,21,,,0,33,,817897,21,,,0,70,,817898,21,,,0,31,,817899,21,,,0,70,,817900,21,,,0,14,,817901,21,,,0,16,,817902,21,,,0,68,,817903,21,,,0,27,,817904,21,,,0,69,,817905,21,,,0,30,,817906,21,,,0,99,,817907,21,,,0,99,,817908,21,,,0,99,,817909,21,,,0,100,,817910,21,,,0,99,,817911,21,,,0
1802,'20260703',638,,846959,21,,,0,19,,846960,21,,,0,62,,846961,21,,,0,15,,846962,21,,,0,71,,846963,21,,,0,30,,846964,21,,,0,69,,846965,21,,,0,30,,846966,21,,,0,68,,846967,21,,,0,30,,846968,21,,,0,70,,846969,21,,,0,30,,846970,21,,,0,20,,846971,21,,,0,60,,846972,21,,,0,20,,846973,21,,,0,71,,846974,21,,,0,30,,846975,21,,,0,70,,846976,21,,,0,30,,846977,21,,,0,71,,846978,21,,,0,33,,846979,21,,,0,70,,846980,21,,,0,31,,846981,21,,,0,70,,846982,21,,,0,14,,846983,21,,,0,16,,846984,21,,,0,68,,846985,21,,,0,27,,846986,21,,,0,69,,846987,21,,,0,30,,846988,21,,,0,99,,846989,21,,,0,99,,846990,21,,,0,99,,846991,21,,,0,100,,846992,21,,,0,99,,846993,21,,,0
1802,'20260704',714,,796206,21,,,0,100,,796192,21,,,0,101,,796193,21,,,0,100,,796194,21,,,0,101,,796195,21,,,0,97,,796196,21,,,0,97,,796197,21,,,0,104,,796198,21,,,0,104,,796199,21,,,0,94,,796200,21,,,0,110,,796201,21,,,0,96,,796202,21,,,0,100,,796203,21,,,0,95,,796204,21,,,0,101,,796205,21,,,0,100,,796191,21,,,0,100,,796207,21,,,0
1802,'20260705',714,,796223,21,,,0,100,,796209,21,,,0,101,,796210,21,,,0,100,,796211,21,,,0,101,,796212,21,,,0,97,,796213,21,,,0,97,,796214,21,,,0,104,,796215,21,,,0,104,,796216,21,,,0,94,,796217,21,,,0,110,,796218,21,,,0,96,,796219,21,,,0,100,,796220,21,,,0,95,,796221,21,,,0,101,,796222,21,,,0,100,,796208,21,,,0,100,,796224,21,,,0
1802,'20260706',638,,796225,21,,,0,19,,796226,21,,,0,62,,796256,21,,,0,15,,796227,21,,,0,71,,796228,21,,,0,30,,796229,21,,,0,69,,796230,21,,,0,30,,796231,21,,,0,68,,796232,21,,,0,30,,796233,21,,,0,70,,796234,21,,,0,30,,796258,21,,,0,20,,796235,21,,,0,60,,796236,21,,,0,20,,796237,21,,,0,71,,796238,21,,,0,30,,796239,21,,,0,70,,796240,21,,,0,30,,796241,21,,,0,71,,796242,21,,,0,33,,796243,21,,,0,70,,796244,21,,,0,31,,796245,21,,,0,70,,796246,21,,,0,14,,796247,21,,,0,16,,796248,21,,,0,68,,796249,21,,,0,27,,796250,21,,,0,69,,796257,21,,,0,30,,796259,21,,,0,99,,796254,21,,,0,99,,796252,21,,,0,99,,796255,21,,,0,100,,796251,21,,,0,99,,796253,21,,,0
1802,'20260707',638,,796260,21,,,0,19,,796261,21,,,0,62,,796291,21,,,0,15,,796262,21,,,0,71,,796263,21,,,0,30,,796264,21,,,0,69,,796265,21,,,0,30,,796266,21,,,0,68,,796267,21,,,0,30,,796268,21,,,0,70,,796269,21,,,0,30,,796293,21,,,0,20,,796270,21,,,0,60,,796271,21,,,0,20,,796272,21,,,0,71,,796273,21,,,0,30,,796274,21,,,0,70,,796275,21,,,0,30,,796276,21,,,0,71,,796277,21,,,0,33,,796278,21,,,0,70,,796279,21,,,0,31,,796280,21,,,0,70,,796281,21,,,0,14,,796282,21,,,0,16,,796283,21,,,0,68,,796284,21,,,0,27,,796285,21,,,0,69,,796292,21,,,0,30,,796294,21,,,0,99,,796289,21,,,0,99,,796287,21,,,0,99,,796290,21,,,0,100,,796286,21,,,0,99,,796288,21,,,0
1802,'20260708',638,,817912,21,,,0,19,,817913,21,,,0,62,,817943,21,,,0,15,,817914,21,,,0,71,,817915,21,,,0,30,,817916,21,,,0,69,,817917,21,,,0,30,,817918,21,,,0,68,,817919,21,,,0,30,,817920,21,,,0,70,,817921,21,,,0,30,,817945,21,,,0,20,,817922,21,,,0,60,,817923,21,,,0,20,,817924,21,,,0,71,,817925,21,,,0,30,,817926,21,,,0,70,,817927,21,,,0,30,,817928,21,,,0,71,,817929,21,,,0,33,,817930,21,,,0,70,,817931,21,,,0,31,,817932,21,,,0,70,,817933,21,,,0,14,,817934,21,,,0,16,,817935,21,,,0,68,,817936,21,,,0,27,,817937,21,,,0,69,,817944,21,,,0,30,,817946,21,,,0,99,,817941,21,,,0,99,,817939,21,,,0,99,,817942,21,,,0,100,,817938,21,,,0,99,,817940,21,,,0
1802,'20260709',638,,817947,21,,,0,19,,817948,21,,,0,62,,817978,21,,,0,15,,817949,21,,,0,71,,817950,21,,,0,30,,817951,21,,,0,69,,817952,21,,,0,30,,817953,21,,,0,68,,817954,21,,,0,30,,817955,21,,,0,70,,817956,21,,,0,30,,817980,21,,,0,20,,817957,21,,,0,60,,817958,21,,,0,20,,817959,21,,,0,71,,817960,21,,,0,30,,817961,21,,,0,70,,817962,21,,,0,30,,817963,21,,,0,71,,817964,21,,,0,33,,817965,21,,,0,70,,817966,21,,,0,31,,817967,21,,,0,70,,817968,21,,,0,14,,817969,21,,,0,16,,817970,21,,,0,68,,817971,21,,,0,27,,817972,21,,,0,69,,817979,21,,,0,30,,817981,21,,,0,99,,817976,21,,,0,99,,817974,21,,,0,99,,817977,21,,,0,100,,817973,21,,,0,99,,817975,21,,,0
1802,'20260710',638,,817982,21,,,0,19,,817983,21,,,0,62,,818013,21,,,0,15,,817984,21,,,0,71,,817985,21,,,0,30,,817986,21,,,0,69,,817987,21,,,0,30,,817988,21,,,0,68,,817989,21,,,0,30,,817990,21,,,0,70,,817991,21,,,0,30,,818015,21,,,0,20,,817992,21,,,0,60,,817993,21,,,0,20,,817994,21,,,0,71,,817995,21,,,0,30,,817996,21,,,0,70,,817997,21,,,0,30,,817998,21,,,0,71,,817999,21,,,0,33,,818000,21,,,0,70,,818001,21,,,0,31,,818002,21,,,0,70,,818003,21,,,0,14,,818004,21,,,0,16,,818005,21,,,0,68,,818006,21,,,0,27,,818007,21,,,0,69,,818014,21,,,0,30,,818016,21,,,0,99,,818011,21,,,0,99,,818009,21,,,0,99,,818012,21,,,0,100,,818008,21,,,0,99,,818010,21,,,0
1802,'20260711',714,,847009,21,,,0,100,,846995,21,,,0,101,,846996,21,,,0,100,,846997,21,,,0,101,,846998,21,,,0,97,,846999,21,,,0,97,,847000,21,,,0,104,,847001,21,,,0,104,,847002,21,,,0,94,,847003,21,,,0,110,,847004,21,,,0,96,,847005,21,,,0,100,,847006,21,,,0,95,,847007,21,,,0,101,,847008,21,,,0,100,,846994,21,,,0,100,,847010,21,,,0
1802,'20260712',714,,847026,21,,,0,100,,847012,21,,,0,101,,847013,21,,,0,100,,847014,21,,,0,101,,847015,21,,,0,97,,847016,21,,,0,97,,847017,21,,,0,104,,847018,21,,,0,104,,847019,21,,,0,94,,847020,21,,,0,110,,847021,21,,,0,96,,847022,21,,,0,100,,847023,21,,,0,95,,847024,21,,,0,101,,847025,21,,,0,100,,847011,21,,,0,100,,847027,21,,,0
1802,'20260713',638,,847028,21,,,0,19,,847029,21,,,0,62,,847059,21,,,0,15,,847030,21,,,0,71,,847031,21,,,0,30,,847032,21,,,0,69,,847033,21,,,0,30,,847034,21,,,0,68,,847035,21,,,0,30,,847036,21,,,0,70,,847037,21,,,0,30,,847061,21,,,0,20,,847038,21,,,0,60,,847039,21,,,0,20,,847040,21,,,0,71,,847041,21,,,0,30,,847042,21,,,0,70,,847043,21,,,0,30,,847044,21,,,0,71,,847045,21,,,0,33,,847046,21,,,0,70,,847047,21,,,0,31,,847048,21,,,0,70,,847049,21,,,0,14,,847050,21,,,0,16,,847051,21,,,0,68,,847052,21,,,0,27,,847053,21,,,0,69,,847060,21,,,0,30,,847062,21,,,0,99,,847057,21,,,0,99,,847055,21,,,0,99,,847058,21,,,0,100,,847054,21,,,0,99,,847056,21,,,0
1802,'20260714',638,,847063,21,,,0,19,,847064,21,,,0,62,,847094,21,,,0,15,,847065,21,,,0,71,,847066,21,,,0,30,,847067,21,,,0,69,,847068,21,,,0,30,,847069,21,,,0,68,,847070,21,,,0,30,,847071,21,,,0,70,,847072,21,,,0,30,,847096,21,,,0,20,,847073,21,,,0,60,,847074,21,,,0,20,,847075,21,,,0,71,,847076,21,,,0,30,,847077,21,,,0,70,,847078,21,,,0,30,,847079,21,,,0,71,,847080,21,,,0,33,,847081,21,,,0,70,,847082,21,,,0,31,,847083,21,,,0,70,,847084,21,,,0,14,,847085,21,,,0,16,,847086,21,,,0,68,,847087,21,,,0,27,,847088,21,,,0,69,,847095,21,,,0,30,,847097,21,,,0,99,,847092,21,,,0,99,,847090,21,,,0,99,,847093,21,,,0,100,,847089,21,,,0,99,,847091,21,,,0
2902,'20260630',1601,,819411,34,,,0,32,,819412,34,,,0,76,,819413,34,,,0,38,,819414,34,,,0,9,,819415,34,,,0
2902,'20260702',1601,,819416,34,,,0,32,,819417,34,,,0,76,,819418,34,,,0,38,,819419,34,,,0,9,,819420,34,,,0
2902,'20260703',1601,,847852,34,,,0,32,,847853,34,,,0,76,,847854,34,,,0,38,,847855,34,,,0,9,,847856,34,,,0
2902,'20260706',1601,,797233,34,,,0,32,,797231,34,,,0,76,,797234,34,,,0,38,,797232,34,,,0,9,,797235,34,,,0
2902,'20260707',1601,,797238,34,,,0,32,,797236,34,,,0,76,,797239,34,,,0,38,,797237,34,,,0,9,,797240,34,,,0
2902,'20260708',1601,,819423,34,,,0,32,,819421,34,,,0,76,,819424,34,,,0,38,,819422,34,,,0,9,,819425,34,,,0
2902,'20260709',1601,,819428,34,,,0,32,,819426,34,,,0,76,,819429,34,,,0,38,,819427,34,,,0,9,,819430,34,,,0
2902,'20260710',1601,,819433,34,,,0,32,,819431,34,,,0,76,,819434,34,,,0,38,,819432,34,,,0,9,,819435,34,,,0
2902,'20260713',1601,,847859,34,,,0,32,,847857,34,,,0,76,,847860,34,,,0,38,,847858,34,,,0,9,,847861,34,,,0
2902,'20260714',1601,,847864,34,,,0,32,,847862,34,,,0,76,,847865,34,,,0,38,,847863,34,,,0,9,,847866,34,,,0
