300,'20260626',618,,794334,35,,,0,99,,794336,35,,,0,99,,794338,35,,,0,101,,794340,35,,,0,101,,794342,35,,,0,99,,794344,35,,,0,100,,794346,35,,,0,100,,794348,35,,,0,100,,794350,35,,,0,100,,794352,35,,,0,29,,794353,35,,,0,66,,794354,35,,,0,31,,794355,35,,,0,71,,794357,35,,,0,31,,794359,35,,,0,71,,794360,35,,,0,101,,794362,35,,,0,100,,794364,35,,,0,101,,794366,35,,,0,101,,794368,35,,,0,100,,794370,35,,,0
300,'20260627',719,,815016,35,,,0,99,,815018,35,,,0,99,,815020,35,,,0,100,,815022,35,,,0,100,,815024,35,,,0,99,,815026,35,,,0,100,,815028,35,,,0,99,,815030,35,,,0,100,,815032,35,,,0,100,,815034,35,,,0,100,,815036,35,,,0,101,,815038,35,,,0,102,,815040,35,,,0,100,,815042,35,,,0,100,,815044,35,,,0,100,,815046,35,,,0,100,,815048,35,,,0,102,,815050,35,,,0
300,'20260628',719,,815053,35,,,0,99,,815055,35,,,0,99,,815057,35,,,0,100,,815059,35,,,0,100,,815061,35,,,0,99,,815063,35,,,0,100,,815065,35,,,0,99,,815067,35,,,0,100,,815069,35,,,0,100,,815071,35,,,0,100,,815073,35,,,0,101,,815075,35,,,0,102,,815077,35,,,0,100,,815079,35,,,0,100,,815081,35,,,0,100,,815083,35,,,0,100,,815085,35,,,0,102,,815087,35,,,0
300,'20260629',618,,815089,35,,,0,99,,815091,35,,,0,99,,815093,35,,,0,101,,815095,35,,,0,101,,815097,35,,,0,99,,815099,35,,,0,100,,815101,35,,,0,100,,815103,35,,,0,100,,815105,35,,,0,100,,815107,35,,,0,29,,815108,35,,,0,66,,815109,35,,,0,31,,815110,35,,,0,71,,815112,35,,,0,31,,815114,35,,,0,71,,815115,35,,,0,101,,815117,35,,,0,100,,815119,35,,,0,101,,815121,35,,,0,101,,815123,35,,,0,100,,815125,35,,,0
300,'20260630',618,,815129,35,,,0,99,,815131,35,,,0,99,,815133,35,,,0,101,,815135,35,,,0,101,,815137,35,,,0,99,,815139,35,,,0,100,,815141,35,,,0,100,,815143,35,,,0,100,,815145,35,,,0,100,,815147,35,,,0,29,,815148,35,,,0,66,,815149,35,,,0,31,,815150,35,,,0,71,,815152,35,,,0,31,,815154,35,,,0,71,,815155,35,,,0,101,,815157,35,,,0,100,,815159,35,,,0,101,,815161,35,,,0,101,,815163,35,,,0,100,,815165,35,,,0
300,'20260701',719,,815170,35,,,0,99,,815172,35,,,0,99,,815174,35,,,0,100,,815176,35,,,0,100,,815178,35,,,0,99,,815180,35,,,0,100,,815182,35,,,0,99,,815184,35,,,0,100,,815186,35,,,0,100,,815188,35,,,0,100,,815190,35,,,0,101,,815192,35,,,0,102,,815194,35,,,0,100,,815196,35,,,0,100,,815198,35,,,0,100,,815200,35,,,0,100,,815202,35,,,0,102,,815204,35,,,0
300,'20260702',618,,815206,35,,,0,99,,815208,35,,,0,99,,815210,35,,,0,101,,815212,35,,,0,101,,815214,35,,,0,99,,815216,35,,,0,100,,815218,35,,,0,100,,815220,35,,,0,100,,815222,35,,,0,100,,815224,35,,,0,29,,815225,35,,,0,66,,815226,35,,,0,31,,815227,35,,,0,71,,815229,35,,,0,31,,815231,35,,,0,71,,815232,35,,,0,101,,815234,35,,,0,100,,815236,35,,,0,101,,815238,35,,,0,101,,815240,35,,,0,100,,815242,35,,,0
300,'20260703',618,,768587,35,,,0,99,,768588,35,,,0,99,,768589,35,,,0,101,,768590,35,,,0,101,,768591,35,,,0,99,,768592,35,,,0,100,,768593,35,,,0,100,,768594,35,,,0,100,,768595,35,,,0,100,,768596,35,,,0,29,,768597,35,,,0,66,,768598,35,,,0,31,,768599,35,,,0,71,,768600,35,,,0,31,,768601,35,,,0,71,,768602,35,,,0,101,,768603,35,,,0,100,,768604,35,,,0,101,,768605,35,,,0,101,,768606,35,,,0,100,,768607,35,,,0
300,'20260704',719,,794373,35,,,0,99,,794374,35,,,0,99,,794375,35,,,0,100,,794376,35,,,0,100,,794377,35,,,0,99,,794378,35,,,0,100,,794379,35,,,0,99,,794380,35,,,0,100,,794381,35,,,0,100,,794382,35,,,0,100,,794383,35,,,0,101,,794384,35,,,0,102,,794385,35,,,0,100,,794386,35,,,0,100,,794387,35,,,0,100,,794388,35,,,0,100,,794389,35,,,0,102,,794390,35,,,0
300,'20260705',719,,794410,35,,,0,99,,794411,35,,,0,99,,794412,35,,,0,100,,794413,35,,,0,100,,794414,35,,,0,99,,794415,35,,,0,100,,794416,35,,,0,99,,794417,35,,,0,100,,794418,35,,,0,100,,794419,35,,,0,100,,794420,35,,,0,101,,794421,35,,,0,102,,794422,35,,,0,100,,794423,35,,,0,100,,794424,35,,,0,100,,794425,35,,,0,100,,794426,35,,,0,102,,794427,35,,,0
300,'20260706',618,,794447,35,,,0,99,,794448,35,,,0,99,,794449,35,,,0,101,,794450,35,,,0,101,,794451,35,,,0,99,,794452,35,,,0,100,,794453,35,,,0,100,,794454,35,,,0,100,,794455,35,,,0,100,,794456,35,,,0,29,,794457,35,,,0,66,,794458,35,,,0,31,,794459,35,,,0,71,,794460,35,,,0,31,,794461,35,,,0,71,,794462,35,,,0,101,,794463,35,,,0,100,,794464,35,,,0,101,,794465,35,,,0,101,,794466,35,,,0,100,,794467,35,,,0
300,'20260707',618,,794487,35,,,0,99,,794488,35,,,0,99,,794489,35,,,0,101,,794490,35,,,0,101,,794491,35,,,0,99,,794492,35,,,0,100,,794493,35,,,0,100,,794494,35,,,0,100,,794495,35,,,0,100,,794496,35,,,0,29,,794497,35,,,0,66,,794498,35,,,0,31,,794499,35,,,0,71,,794500,35,,,0,31,,794501,35,,,0,71,,794502,35,,,0,101,,794503,35,,,0,100,,794504,35,,,0,101,,794505,35,,,0,101,,794506,35,,,0,100,,794507,35,,,0
300,'20260708',618,,815245,35,,,0,99,,815246,35,,,0,99,,815247,35,,,0,101,,815248,35,,,0,101,,815249,35,,,0,99,,815250,35,,,0,100,,815251,35,,,0,100,,815252,35,,,0,100,,815253,35,,,0,100,,815254,35,,,0,29,,815255,35,,,0,66,,815256,35,,,0,31,,815257,35,,,0,71,,815258,35,,,0,31,,815259,35,,,0,71,,815260,35,,,0,101,,815261,35,,,0,100,,815262,35,,,0,101,,815263,35,,,0,101,,815264,35,,,0,100,,815265,35,,,0
300,'20260709',618,,815285,35,,,0,99,,815286,35,,,0,99,,815287,35,,,0,101,,815288,35,,,0,101,,815289,35,,,0,99,,815290,35,,,0,100,,815291,35,,,0,100,,815292,35,,,0,100,,815293,35,,,0,100,,815294,35,,,0,29,,815295,35,,,0,66,,815296,35,,,0,31,,815297,35,,,0,71,,815298,35,,,0,31,,815299,35,,,0,71,,815300,35,,,0,101,,815301,35,,,0,100,,815302,35,,,0,101,,815303,35,,,0,101,,815304,35,,,0,100,,815305,35,,,0
300,'20260710',618,,815325,35,,,0,99,,815326,35,,,0,99,,815327,35,,,0,101,,815328,35,,,0,101,,815329,35,,,0,99,,815330,35,,,0,100,,815331,35,,,0,100,,815332,35,,,0,100,,815333,35,,,0,100,,815334,35,,,0,29,,815335,35,,,0,66,,815336,35,,,0,31,,815337,35,,,0,71,,815338,35,,,0,31,,815339,35,,,0,71,,815340,35,,,0,101,,815341,35,,,0,100,,815342,35,,,0,101,,815343,35,,,0,101,,815344,35,,,0,100,,815345,35,,,0
