9103,'20260605',623,,644066,18,,,0,99,,644067,18,,,0,99,,644068,18,,,0,725,,644076,18,,,0,76,,644077,18,,,0,30,,644078,18,,,0,73,,644086,14,,,0,31,,644079,18,,,0,567,,644085,18,,,0
9103,'20260606',617,,669976,18,,,0,100,,669977,18,,,0,100,,669978,18,,,0,1099,,669989,18,,,0,101,,669990,18,,,0,100,,669991,18,,,0,100,,669992,18,,,0,100,,669993,18,,,0
9103,'20260607',617,,669994,18,,,0,100,,669995,18,,,0,100,,669996,18,,,0,1099,,670007,18,,,0,101,,670008,18,,,0,100,,670009,18,,,0,100,,670010,18,,,0,100,,670011,18,,,0
9103,'20260608',623,,670013,18,,,0,99,,670014,18,,,0,99,,670015,18,,,0,725,,670023,18,,,0,76,,670024,18,,,0,30,,670025,18,,,0,73,,670033,14,,,0,31,,670026,18,,,0,567,,670032,18,,,0
9103,'20260609',623,,670035,18,,,0,99,,670036,18,,,0,99,,670037,18,,,0,725,,670045,18,,,0,76,,670046,18,,,0,30,,670047,18,,,0,73,,670055,14,,,0,31,,670048,18,,,0,567,,670054,18,,,0
9103,'20260610',623,,670057,18,,,0,99,,670058,18,,,0,99,,670059,18,,,0,725,,670067,18,,,0,76,,670068,18,,,0,30,,670069,18,,,0,73,,670077,14,,,0,31,,670070,18,,,0,567,,670076,18,,,0
9103,'20260611',623,,670079,18,,,0,99,,670080,18,,,0,99,,670081,18,,,0,725,,670089,18,,,0,76,,670090,18,,,0,30,,670091,18,,,0,73,,670099,14,,,0,31,,670092,18,,,0,567,,670098,18,,,0
9103,'20260612',623,,614855,18,,,0,99,,614856,18,,,0,99,,614857,18,,,0,725,,614865,18,,,0,76,,614866,18,,,0,30,,614867,18,,,0,73,,614868,18,,,0,31,,614869,18,,,0,567,,614875,18,,,0
9103,'20260613',617,,644087,18,,,0,100,,644088,18,,,0,100,,644089,18,,,0,1099,,644100,18,,,0,101,,644101,18,,,0,100,,644102,18,,,0,100,,644103,18,,,0,100,,644104,18,,,0
9103,'20260614',617,,644105,18,,,0,100,,644106,18,,,0,100,,644107,18,,,0,1099,,644118,18,,,0,101,,644119,18,,,0,100,,644120,18,,,0,100,,644121,18,,,0,100,,644122,18,,,0
9103,'20260615',623,,644123,18,,,0,99,,644124,18,,,0,99,,644125,18,,,0,725,,644133,18,,,0,76,,644134,18,,,0,30,,644135,18,,,0,73,,644136,18,,,0,31,,644137,18,,,0,567,,644143,18,,,0
9103,'20260616',623,,644144,18,,,0,99,,644145,18,,,0,99,,644146,18,,,0,725,,644154,18,,,0,76,,644155,18,,,0,30,,644156,18,,,0,73,,644157,18,,,0,31,,644158,18,,,0,567,,644164,18,,,0
9103,'20260617',623,,670100,18,,,0,99,,670101,18,,,0,99,,670102,18,,,0,725,,670110,18,,,0,76,,670111,18,,,0,30,,670112,18,,,0,73,,670113,18,,,0,31,,670114,18,,,0,567,,670120,18,,,0
9103,'20260618',623,,670121,18,,,0,99,,670122,18,,,0,99,,670123,18,,,0,725,,670131,18,,,0,76,,670132,18,,,0,30,,670133,18,,,0,73,,670134,18,,,0,31,,670135,18,,,0,567,,670141,18,,,0
9103,'20260619',623,,670142,18,,,0,99,,670143,18,,,0,99,,670144,18,,,0,725,,670152,18,,,0,76,,670153,18,,,0,30,,670154,18,,,0,73,,670155,18,,,0,31,,670156,18,,,0,567,,670162,18,,,0
29103,'20260605',1549,,645734,25,4,,0,73,,645735,25,4,,0,31,,645736,25,4,,0,67,,645737,25,4,,0
29103,'20260608',1549,,673471,25,4,,0,73,,673472,25,4,,0,31,,673473,25,4,,0,67,,673474,25,4,,0
29103,'20260609',1549,,673475,25,4,,0,73,,673476,25,4,,0,31,,673477,25,4,,0,67,,673478,25,4,,0
29103,'20260610',1549,,673479,25,4,,0,73,,673480,25,4,,0,31,,673481,25,4,,0,67,,673482,25,4,,0
29103,'20260611',1549,,673483,25,4,,0,73,,673484,25,4,,0,31,,673485,25,4,,0,67,,673486,25,4,,0
29103,'20260612',1549,,618513,25,4,,0,73,,618510,25,4,,0,31,,618512,25,4,,0,67,,618511,25,4,,0
29103,'20260615',1549,,645741,25,4,,0,73,,645738,25,4,,0,31,,645740,25,4,,0,67,,645739,25,4,,0
29103,'20260616',1549,,645745,25,4,,0,73,,645742,25,4,,0,31,,645744,25,4,,0,67,,645743,25,4,,0
29103,'20260617',1549,,673490,25,4,,0,73,,673487,25,4,,0,31,,673489,25,4,,0,67,,673488,25,4,,0
29103,'20260618',1549,,673494,25,4,,0,73,,673491,25,4,,0,31,,673493,25,4,,0,67,,673492,25,4,,0
29103,'20260619',1549,,673498,25,4,,0,73,,673495,25,4,,0,31,,673497,25,4,,0,67,,673496,25,4,,0
7009002,'20260608',726,,687909,14,,,0,2,,687908,45,,,0
7009002,'20260609',726,,687911,14,,,0,2,,687910,45,,,0
7009002,'20260610',726,,687913,14,,,0,2,,687912,45,,,0
7009002,'20260611',726,,687915,14,,,0,2,,687914,45,,,0
7009002,'20260612',726,,635261,14,,,0,2,,635260,45,,,0
7009002,'20260615',726,,653154,14,,,0,2,,653153,45,,,0
7009002,'20260616',726,,653156,14,,,0,2,,653155,45,,,0
7009002,'20260617',726,,687917,14,,,0,2,,687916,45,,,0
7009002,'20260618',726,,687919,14,,,0,2,,687918,45,,,0
7009002,'20260619',726,,687921,14,,,0,2,,687920,45,,,0
