5800,'20260420',720,,285766,31,,,0,101,,285767,31,,,0,30,,285768,31,,,0,70,,285769,31,,,0,35,,285770,31,,,0,103,,285771,31,,,0,141,,285772,31,,,0,100,,285773,31,,,0,100,,285774,31,,,0,101,,285775,31,,,0,30,,285776,31,,,0,26,,285777,31,,,0,69,,285778,31,,,0,31,,285779,31,,,0,75,,285780,31,,,0,70,,285781,31,,,0,29,,285782,31,,,0,70,,285783,31,,,0,99,,285784,31,,,0,101,,285785,31,,,0,99,,285786,31,,,0,100,,285787,31,,,0,57,,285788,31,,,0
5800,'20260421',720,,285789,31,,,0,101,,285790,31,,,0,30,,285791,31,,,0,70,,285792,31,,,0,35,,285793,31,,,0,103,,285794,31,,,0,141,,285795,31,,,0,100,,285796,31,,,0,100,,285797,31,,,0,101,,285798,31,,,0,30,,285799,31,,,0,26,,285800,31,,,0,69,,285801,31,,,0,31,,285802,31,,,0,75,,285803,31,,,0,70,,285804,31,,,0,29,,285805,31,,,0,70,,285806,31,,,0,99,,285807,31,,,0,101,,285808,31,,,0,99,,285809,31,,,0,100,,285810,31,,,0,57,,285811,31,,,0
5800,'20260422',720,,312017,31,,,0,101,,312018,31,,,0,30,,312019,31,,,0,70,,312020,31,,,0,35,,312021,31,,,0,103,,312022,31,,,0,141,,312023,31,,,0,100,,312024,31,,,0,100,,312025,31,,,0,101,,312026,31,,,0,30,,312027,31,,,0,26,,312028,31,,,0,69,,312029,31,,,0,31,,312030,31,,,0,75,,312031,31,,,0,70,,312032,31,,,0,29,,312033,31,,,0,70,,312034,31,,,0,99,,312035,31,,,0,101,,312036,31,,,0,99,,312037,31,,,0,100,,312038,31,,,0,57,,312039,31,,,0
5800,'20260423',720,,312040,31,,,0,101,,312041,31,,,0,30,,312042,31,,,0,70,,312043,31,,,0,35,,312044,31,,,0,103,,312045,31,,,0,141,,312046,31,,,0,100,,312047,31,,,0,100,,312048,31,,,0,101,,312049,31,,,0,30,,312050,31,,,0,26,,312051,31,,,0,69,,312052,31,,,0,31,,312053,31,,,0,75,,312054,31,,,0,70,,312055,31,,,0,29,,312056,31,,,0,70,,312057,31,,,0,99,,312058,31,,,0,101,,312059,31,,,0,99,,312060,31,,,0,100,,312061,31,,,0,57,,312062,31,,,0
5800,'20260424',720,,312063,31,,,0,101,,312064,31,,,0,30,,312065,31,,,0,70,,312066,31,,,0,35,,312067,31,,,0,103,,312068,31,,,0,141,,312069,31,,,0,100,,312070,31,,,0,100,,312071,31,,,0,101,,312072,31,,,0,30,,312073,31,,,0,26,,312074,31,,,0,69,,312075,31,,,0,31,,312076,31,,,0,75,,312077,31,,,0,70,,312078,31,,,0,29,,312079,31,,,0,70,,312080,31,,,0,99,,312081,31,,,0,101,,312082,31,,,0,99,,312083,31,,,0,100,,312084,31,,,0,57,,312085,31,,,0
5800,'20260425',750,,244679,31,,,0,100,,244670,31,,,0,101,,244680,31,,,0,100,,244677,31,,,0,100,,244681,31,,,0,100,,244671,31,,,0,100,,244672,31,,,0,100,,244682,31,,,0,101,,244683,31,,,0,101,,244678,31,,,0,105,,244673,31,,,0,94,,244674,31,,,0,98,,244684,31,,,0,100,,244685,31,,,0,100,,244686,31,,,0,100,,244675,31,,,0,99,,244676,31,,,0
5800,'20260426',750,,244700,31,,,0,100,,244698,31,,,0,101,,244694,31,,,0,100,,244697,31,,,0,100,,244702,31,,,0,100,,244689,31,,,0,100,,244687,31,,,0,100,,244701,31,,,0,101,,244691,31,,,0,101,,244688,31,,,0,105,,244695,31,,,0,94,,244699,31,,,0,98,,244693,31,,,0,100,,244692,31,,,0,100,,244703,31,,,0,100,,244696,31,,,0,99,,244690,31,,,0
5800,'20260427',720,,244719,31,,,0,101,,244720,31,,,0,30,,244704,31,,,0,70,,244721,31,,,0,35,,244716,31,,,0,103,,244722,31,,,0,141,,244705,31,,,0,100,,244706,31,,,0,100,,244723,31,,,0,101,,244715,31,,,0,30,,244707,31,,,0,26,,244708,31,,,0,69,,244709,31,,,0,31,,244710,31,,,0,75,,244711,31,,,0,70,,244712,31,,,0,29,,244725,31,,,0,70,,244714,31,,,0,99,,244724,31,,,0,101,,244717,31,,,0,99,,244718,31,,,0,100,,244713,31,,,0,57,,244726,31,,,0
5800,'20260428',720,,285827,31,,,0,101,,285828,31,,,0,30,,285812,31,,,0,70,,285829,31,,,0,35,,285824,31,,,0,103,,285830,31,,,0,141,,285813,31,,,0,100,,285814,31,,,0,100,,285831,31,,,0,101,,285823,31,,,0,30,,285815,31,,,0,26,,285816,31,,,0,69,,285817,31,,,0,31,,285818,31,,,0,75,,285819,31,,,0,70,,285820,31,,,0,29,,285833,31,,,0,70,,285822,31,,,0,99,,285832,31,,,0,101,,285825,31,,,0,99,,285826,31,,,0,100,,285821,31,,,0,57,,285834,31,,,0
5800,'20260429',720,,285850,31,,,0,101,,285851,31,,,0,30,,285835,31,,,0,70,,285852,31,,,0,35,,285847,31,,,0,103,,285853,31,,,0,141,,285836,31,,,0,100,,285837,31,,,0,100,,285854,31,,,0,101,,285846,31,,,0,30,,285838,31,,,0,26,,285839,31,,,0,69,,285840,31,,,0,31,,285841,31,,,0,75,,285842,31,,,0,70,,285843,31,,,0,29,,285856,31,,,0,70,,285845,31,,,0,99,,285855,31,,,0,101,,285848,31,,,0,99,,285849,31,,,0,100,,285844,31,,,0,57,,285857,31,,,0
5800,'20260430',720,,285873,31,,,0,101,,285874,31,,,0,30,,285858,31,,,0,70,,285875,31,,,0,35,,285870,31,,,0,103,,285876,31,,,0,141,,285859,31,,,0,100,,285860,31,,,0,100,,285877,31,,,0,101,,285869,31,,,0,30,,285861,31,,,0,26,,285862,31,,,0,69,,285863,31,,,0,31,,285864,31,,,0,75,,285865,31,,,0,70,,285866,31,,,0,29,,285879,31,,,0,70,,285868,31,,,0,99,,285878,31,,,0,101,,285871,31,,,0,99,,285872,31,,,0,100,,285867,31,,,0,57,,285880,31,,,0
5800,'20260501',720,,312101,31,,,0,101,,312102,31,,,0,30,,312086,31,,,0,70,,312103,31,,,0,35,,312098,31,,,0,103,,312104,31,,,0,141,,312087,31,,,0,100,,312088,31,,,0,100,,312105,31,,,0,101,,312097,31,,,0,30,,312089,31,,,0,26,,312090,31,,,0,69,,312091,31,,,0,31,,312092,31,,,0,75,,312093,31,,,0,70,,312094,31,,,0,29,,312107,31,,,0,70,,312096,31,,,0,99,,312106,31,,,0,101,,312099,31,,,0,99,,312100,31,,,0,100,,312095,31,,,0,57,,312108,31,,,0
5800,'20260502',750,,312118,31,,,0,100,,312109,31,,,0,101,,312119,31,,,0,100,,312116,31,,,0,100,,312120,31,,,0,100,,312110,31,,,0,100,,312111,31,,,0,100,,312121,31,,,0,101,,312122,31,,,0,101,,312117,31,,,0,105,,312112,31,,,0,94,,312113,31,,,0,98,,312123,31,,,0,100,,312124,31,,,0,100,,312125,31,,,0,100,,312114,31,,,0,99,,312115,31,,,0
5800,'20260503',750,,312139,31,,,0,100,,312137,31,,,0,101,,312133,31,,,0,100,,312136,31,,,0,100,,312141,31,,,0,100,,312128,31,,,0,100,,312126,31,,,0,100,,312140,31,,,0,101,,312130,31,,,0,101,,312127,31,,,0,105,,312134,31,,,0,94,,312138,31,,,0,98,,312132,31,,,0,100,,312131,31,,,0,100,,312142,31,,,0,100,,312135,31,,,0,99,,312129,31,,,0
5800,'20260504',720,,312158,31,,,0,101,,312159,31,,,0,30,,312143,31,,,0,70,,312160,31,,,0,35,,312155,31,,,0,103,,312161,31,,,0,141,,312144,31,,,0,100,,312145,31,,,0,100,,312162,31,,,0,101,,312154,31,,,0,30,,312146,31,,,0,26,,312147,31,,,0,69,,312148,31,,,0,31,,312149,31,,,0,75,,312150,31,,,0,70,,312151,31,,,0,29,,312164,31,,,0,70,,312153,31,,,0,99,,312163,31,,,0,101,,312156,31,,,0,99,,312157,31,,,0,100,,312152,31,,,0,57,,312165,31,,,0
25800,'20260420',1627,,292813,37,4,,0,74,,292814,37,4,,0,29,,292815,37,4,,0,22,,292816,37,4,,0
25800,'20260421',1627,,292817,37,4,,0,74,,292818,37,4,,0,29,,292819,37,4,,0,22,,292820,37,4,,0
25800,'20260422',1627,,319103,37,4,,0,74,,319104,37,4,,0,29,,319105,37,4,,0,22,,319106,37,4,,0
25800,'20260423',1627,,319107,37,4,,0,74,,319108,37,4,,0,29,,319109,37,4,,0,22,,319110,37,4,,0
25800,'20260424',1627,,319111,37,4,,0,74,,319112,37,4,,0,29,,319113,37,4,,0,22,,319114,37,4,,0
25800,'20260427',1627,,257160,37,4,,0,74,,257161,37,4,,0,29,,257162,37,4,,0,22,,257163,37,4,,0
25800,'20260428',1627,,292821,37,4,,0,74,,292822,37,4,,0,29,,292823,37,4,,0,22,,292824,37,4,,0
25800,'20260429',1627,,292825,37,4,,0,74,,292826,37,4,,0,29,,292827,37,4,,0,22,,292828,37,4,,0
25800,'20260430',1627,,292829,37,4,,0,74,,292830,37,4,,0,29,,292831,37,4,,0,22,,292832,37,4,,0
25800,'20260501',1627,,319115,37,4,,0,74,,319116,37,4,,0,29,,319117,37,4,,0,22,,319118,37,4,,0
25800,'20260504',1627,,319119,37,4,,0,74,,319120,37,4,,0,29,,319121,37,4,,0,22,,319122,37,4,,0
35800,'20260420',1700,,293885,34,4,,0,51,,293886,34,4,,0,106,,293887,34,4,,0
35800,'20260421',1700,,293888,34,4,,0,51,,293889,34,4,,0,106,,293890,34,4,,0
35800,'20260422',1700,,320175,34,4,,0,51,,320176,34,4,,0,106,,320177,34,4,,0
35800,'20260423',1700,,320178,34,4,,0,51,,320179,34,4,,0,106,,320180,34,4,,0
35800,'20260424',1700,,320181,34,4,,0,51,,320182,34,4,,0,106,,320183,34,4,,0
35800,'20260427',1700,,259295,34,4,,0,51,,259296,34,4,,0,106,,259297,34,4,,0
35800,'20260428',1700,,293891,34,4,,0,51,,293892,34,4,,0,106,,293893,34,4,,0
35800,'20260429',1700,,293894,34,4,,0,51,,293895,34,4,,0,106,,293896,34,4,,0
35800,'20260430',1700,,293897,34,4,,0,51,,293898,34,4,,0,106,,293899,34,4,,0
35800,'20260501',1700,,320184,34,4,,0,51,,320185,34,4,,0,106,,320186,34,4,,0
35800,'20260504',1700,,320187,34,4,,0,51,,320188,34,4,,0,106,,320189,34,4,,0
55800,'20260420',1707,,294482,32,4,,0,18,,294483,32,4,,0,79,,294484,32,4,,0
55800,'20260421',1707,,294485,32,4,,0,18,,294486,32,4,,0,79,,294487,32,4,,0
55800,'20260422',1707,,320773,32,4,,0,18,,320774,32,4,,0,79,,320775,32,4,,0
55800,'20260423',1707,,320776,32,4,,0,18,,320777,32,4,,0,79,,320778,32,4,,0
55800,'20260424',1707,,320779,32,4,,0,18,,320780,32,4,,0,79,,320781,32,4,,0
55800,'20260427',1707,,260502,32,4,,0,18,,260503,32,4,,0,79,,260504,32,4,,0
55800,'20260428',1707,,294488,32,4,,0,18,,294489,32,4,,0,79,,294490,32,4,,0
55800,'20260429',1707,,294491,32,4,,0,18,,294492,32,4,,0,79,,294493,32,4,,0
55800,'20260430',1707,,294494,32,4,,0,18,,294495,32,4,,0,79,,294496,32,4,,0
55800,'20260501',1707,,320782,32,4,,0,18,,320783,32,4,,0,79,,320784,32,4,,0
55800,'20260504',1707,,320785,32,4,,0,18,,320786,32,4,,0,79,,320787,32,4,,0
