8401,'20260512',616,,448837,17,,,1,24,,448838,17,,,1,70,,448839,17,,,1,31,,448840,17,,,1,69,,448841,17,,,1,32,,448842,17,,,1,73,,448843,17,,,1,101,,448844,17,,,1,100,,448845,17,,,1,98,,448846,17,,,1,102,,448847,17,,,1,99,,448848,17,,,1,97,,448849,17,,,1,95,,448850,17,,,1,107,,448851,17,,,1,102,,448852,17,,,1,101,,448853,17,,,1,100,,448854,17,,,1,101,,448855,17,,,1,100,,448856,17,,,1,100,,448857,17,,,1
8401,'20260513',616,,474636,17,,,1,24,,474637,17,,,1,70,,474638,17,,,1,31,,474639,17,,,1,69,,474640,17,,,1,32,,474641,17,,,1,73,,474642,17,,,1,101,,474643,17,,,1,100,,474644,17,,,1,98,,474645,17,,,1,102,,474646,17,,,1,99,,474647,17,,,1,97,,474648,17,,,1,95,,474649,17,,,1,107,,474650,17,,,1,102,,474651,17,,,1,101,,474652,17,,,1,100,,474653,17,,,1,101,,474654,17,,,1,100,,474655,17,,,1,100,,474656,17,,,1
8401,'20260514',616,,474657,17,,,1,24,,474658,17,,,1,70,,474659,17,,,1,31,,474660,17,,,1,69,,474661,17,,,1,32,,474662,17,,,1,73,,474663,17,,,1,101,,474664,17,,,1,100,,474665,17,,,1,98,,474666,17,,,1,102,,474667,17,,,1,99,,474668,17,,,1,97,,474669,17,,,1,95,,474670,17,,,1,107,,474671,17,,,1,102,,474672,17,,,1,101,,474673,17,,,1,100,,474674,17,,,1,101,,474675,17,,,1,100,,474676,17,,,1,100,,474677,17,,,1
8401,'20260515',616,,474678,17,,,1,24,,474679,17,,,1,70,,474680,17,,,1,31,,474681,17,,,1,69,,474682,17,,,1,32,,474683,17,,,1,73,,474684,17,,,1,101,,474685,17,,,1,100,,474686,17,,,1,98,,474687,17,,,1,102,,474688,17,,,1,99,,474689,17,,,1,97,,474690,17,,,1,95,,474691,17,,,1,107,,474692,17,,,1,102,,474693,17,,,1,101,,474694,17,,,1,100,,474695,17,,,1,101,,474696,17,,,1,100,,474697,17,,,1,100,,474698,17,,,1
8401,'20260516',617,,429984,17,,,1,99,,429999,17,,,1,99,,429985,17,,,1,100,,429998,17,,,1,100,,429986,17,,,1,100,,429993,17,,,1,100,,429994,17,,,1,98,,429995,17,,,1,100,,429996,17,,,1,100,,429997,17,,,1,101,,429988,17,,,1,101,,429987,17,,,1,101,,429989,17,,,1,100,,429992,17,,,1,100,,429991,17,,,1,100,,429990,17,,,1,101,,430000,17,,,1,100,,430001,17,,,1
8401,'20260517',617,,430014,17,,,1,99,,430018,17,,,1,99,,430017,17,,,1,100,,430015,17,,,1,100,,430002,17,,,1,100,,430008,17,,,1,100,,430003,17,,,1,98,,430009,17,,,1,100,,430004,17,,,1,100,,430010,17,,,1,101,,430005,17,,,1,101,,430011,17,,,1,101,,430006,17,,,1,100,,430012,17,,,1,100,,430007,17,,,1,100,,430013,17,,,1,101,,430016,17,,,1,100,,430019,17,,,1
8401,'20260518',617,,430032,17,,,1,99,,430036,17,,,1,99,,430035,17,,,1,100,,430033,17,,,1,100,,430020,17,,,1,100,,430026,17,,,1,100,,430021,17,,,1,98,,430027,17,,,1,100,,430022,17,,,1,100,,430028,17,,,1,101,,430023,17,,,1,101,,430029,17,,,1,101,,430024,17,,,1,100,,430030,17,,,1,100,,430025,17,,,1,100,,430031,17,,,1,101,,430034,17,,,1,100,,430037,17,,,1
8401,'20260519',616,,430038,17,,,1,24,,430057,17,,,1,70,,430039,17,,,1,31,,430058,17,,,1,69,,430040,17,,,1,32,,430055,17,,,1,73,,430041,17,,,1,101,,430042,17,,,1,100,,430043,17,,,1,98,,430044,17,,,1,102,,430045,17,,,1,99,,430046,17,,,1,97,,430047,17,,,1,95,,430048,17,,,1,107,,430049,17,,,1,102,,430050,17,,,1,101,,430051,17,,,1,100,,430052,17,,,1,101,,430053,17,,,1,100,,430054,17,,,1,100,,430056,17,,,1
8401,'20260520',616,,448858,17,,,1,24,,448877,17,,,1,70,,448859,17,,,1,31,,448878,17,,,1,69,,448860,17,,,1,32,,448875,17,,,1,73,,448861,17,,,1,101,,448862,17,,,1,100,,448863,17,,,1,98,,448864,17,,,1,102,,448865,17,,,1,99,,448866,17,,,1,97,,448867,17,,,1,95,,448868,17,,,1,107,,448869,17,,,1,102,,448870,17,,,1,101,,448871,17,,,1,100,,448872,17,,,1,101,,448873,17,,,1,100,,448874,17,,,1,100,,448876,17,,,1
8401,'20260521',616,,448879,17,,,1,24,,448898,17,,,1,70,,448880,17,,,1,31,,448899,17,,,1,69,,448881,17,,,1,32,,448896,17,,,1,73,,448882,17,,,1,101,,448883,17,,,1,100,,448884,17,,,1,98,,448885,17,,,1,102,,448886,17,,,1,99,,448887,17,,,1,97,,448888,17,,,1,95,,448889,17,,,1,107,,448890,17,,,1,102,,448891,17,,,1,101,,448892,17,,,1,100,,448893,17,,,1,101,,448894,17,,,1,100,,448895,17,,,1,100,,448897,17,,,1
8401,'20260522',616,,474699,17,,,1,24,,474718,17,,,1,70,,474700,17,,,1,31,,474719,17,,,1,69,,474701,17,,,1,32,,474716,17,,,1,73,,474702,17,,,1,101,,474703,17,,,1,100,,474704,17,,,1,98,,474705,17,,,1,102,,474706,17,,,1,99,,474707,17,,,1,97,,474708,17,,,1,95,,474709,17,,,1,107,,474710,17,,,1,102,,474711,17,,,1,101,,474712,17,,,1,100,,474713,17,,,1,101,,474714,17,,,1,100,,474715,17,,,1,100,,474717,17,,,1
8401,'20260523',617,,474720,17,,,1,99,,474735,17,,,1,99,,474721,17,,,1,100,,474734,17,,,1,100,,474722,17,,,1,100,,474729,17,,,1,100,,474730,17,,,1,98,,474731,17,,,1,100,,474732,17,,,1,100,,474733,17,,,1,101,,474724,17,,,1,101,,474723,17,,,1,101,,474725,17,,,1,100,,474728,17,,,1,100,,474727,17,,,1,100,,474726,17,,,1,101,,474736,17,,,1,100,,474737,17,,,1
8401,'20260524',617,,474750,17,,,1,99,,474754,17,,,1,99,,474753,17,,,1,100,,474751,17,,,1,100,,474738,17,,,1,100,,474744,17,,,1,100,,474739,17,,,1,98,,474745,17,,,1,100,,474740,17,,,1,100,,474746,17,,,1,101,,474741,17,,,1,101,,474747,17,,,1,101,,474742,17,,,1,100,,474748,17,,,1,100,,474743,17,,,1,100,,474749,17,,,1,101,,474752,17,,,1,100,,474755,17,,,1
8401,'20260525',616,,474756,17,,,1,24,,474775,17,,,1,70,,474757,17,,,1,31,,474776,17,,,1,69,,474758,17,,,1,32,,474773,17,,,1,73,,474759,17,,,1,101,,474760,17,,,1,100,,474761,17,,,1,98,,474762,17,,,1,102,,474763,17,,,1,99,,474764,17,,,1,97,,474765,17,,,1,95,,474766,17,,,1,107,,474767,17,,,1,102,,474768,17,,,1,101,,474769,17,,,1,100,,474770,17,,,1,101,,474771,17,,,1,100,,474772,17,,,1,100,,474774,17,,,1
8401,'20260526',616,,474777,17,,,1,24,,474796,17,,,1,70,,474778,17,,,1,31,,474797,17,,,1,69,,474779,17,,,1,32,,474794,17,,,1,73,,474780,17,,,1,101,,474781,17,,,1,100,,474782,17,,,1,98,,474783,17,,,1,102,,474784,17,,,1,99,,474785,17,,,1,97,,474786,17,,,1,95,,474787,17,,,1,107,,474788,17,,,1,102,,474789,17,,,1,101,,474790,17,,,1,100,,474791,17,,,1,101,,474792,17,,,1,100,,474793,17,,,1,100,,474795,17,,,1
28401,'20260512',629,,451487,13,,,0,24,,451488,13,,,0,63,,451489,13,,,0,18,,451490,13,,,0,24,,451491,13,,,0
28401,'20260513',629,,478465,13,,,0,24,,478466,13,,,0,63,,478467,13,,,0,18,,478468,13,,,0,24,,478469,13,,,0
28401,'20260514',629,,478470,13,,,0,24,,478471,13,,,0,63,,478472,13,,,0,18,,478473,13,,,0,24,,478474,13,,,0
28401,'20260515',629,,478475,13,,,0,24,,478476,13,,,0,63,,478477,13,,,0,18,,478478,13,,,0,24,,478479,13,,,0
28401,'20260519',629,,431767,13,,,0,24,,431764,13,,,0,63,,431768,13,,,0,18,,431765,13,,,0,24,,431766,13,,,0
28401,'20260520',629,,451495,13,,,0,24,,451492,13,,,0,63,,451496,13,,,0,18,,451493,13,,,0,24,,451494,13,,,0
28401,'20260521',629,,451500,13,,,0,24,,451497,13,,,0,63,,451501,13,,,0,18,,451498,13,,,0,24,,451499,13,,,0
28401,'20260522',629,,478483,13,,,0,24,,478480,13,,,0,63,,478484,13,,,0,18,,478481,13,,,0,24,,478482,13,,,0
28401,'20260525',629,,478488,13,,,0,24,,478485,13,,,0,63,,478489,13,,,0,18,,478486,13,,,0,24,,478487,13,,,0
28401,'20260526',629,,478493,13,,,0,24,,478490,13,,,0,63,,478494,13,,,0,18,,478491,13,,,0,24,,478492,13,,,0
38401,'20260512',625,,452168,13,,,0,21,,452169,13,,,0,72,,452170,13,,,0,141,,452171,13,,,0
38401,'20260513',625,,479488,13,,,0,21,,479489,13,,,0,72,,479490,13,,,0,141,,479491,13,,,0
38401,'20260514',625,,479492,13,,,0,21,,479493,13,,,0,72,,479494,13,,,0,141,,479495,13,,,0
38401,'20260515',625,,479496,13,,,0,21,,479497,13,,,0,72,,479498,13,,,0,141,,479499,13,,,0
38401,'20260519',625,,432106,13,,,0,21,,432104,13,,,0,72,,432105,13,,,0,141,,432107,13,,,0
38401,'20260520',625,,452174,13,,,0,21,,452172,13,,,0,72,,452173,13,,,0,141,,452175,13,,,0
38401,'20260521',625,,452178,13,,,0,21,,452176,13,,,0,72,,452177,13,,,0,141,,452179,13,,,0
38401,'20260522',625,,479502,13,,,0,21,,479500,13,,,0,72,,479501,13,,,0,141,,479503,13,,,0
38401,'20260525',625,,479506,13,,,0,21,,479504,13,,,0,72,,479505,13,,,0,141,,479507,13,,,0
38401,'20260526',625,,479510,13,,,0,21,,479508,13,,,0,72,,479509,13,,,0,141,,479511,13,,,0
58401,'20260512',622,,452611,13,,,0,27,,452612,13,,,0,71,,452613,13,,,0
58401,'20260513',622,,480154,13,,,0,27,,480155,13,,,0,71,,480156,13,,,0
58401,'20260514',622,,480157,13,,,0,27,,480158,13,,,0,71,,480159,13,,,0
58401,'20260515',622,,480160,13,,,0,27,,480161,13,,,0,71,,480162,13,,,0
58401,'20260519',622,,432326,13,,,0,27,,432325,13,,,0,71,,432327,13,,,0
58401,'20260520',622,,452615,13,,,0,27,,452614,13,,,0,71,,452616,13,,,0
58401,'20260521',622,,452618,13,,,0,27,,452617,13,,,0,71,,452619,13,,,0
58401,'20260522',622,,480164,13,,,0,27,,480163,13,,,0,71,,480165,13,,,0
58401,'20260525',622,,480167,13,,,0,27,,480166,13,,,0,71,,480168,13,,,0
58401,'20260526',622,,480170,13,,,0,27,,480169,13,,,0,71,,480171,13,,,0
