5601,'20260512',1616,,444855,21,,,0,31,,444856,21,,,0,69,,444857,21,,,0
5601,'20260513',1616,,469307,21,,,0,31,,469308,21,,,0,69,,469309,21,,,0
5601,'20260514',1616,,469310,21,,,0,31,,469311,21,,,0,69,,469312,21,,,0
5601,'20260515',1616,,469313,21,,,0,31,,469314,21,,,0,69,,469315,21,,,0
5601,'20260519',1616,,426876,21,,,0,31,,426878,21,,,0,69,,426877,21,,,0
5601,'20260520',1616,,444858,21,,,0,31,,444860,21,,,0,69,,444859,21,,,0
5601,'20260521',1616,,444861,21,,,0,31,,444863,21,,,0,69,,444862,21,,,0
5601,'20260522',1616,,469316,21,,,0,31,,469318,21,,,0,69,,469317,21,,,0
5601,'20260525',1616,,469319,21,,,0,31,,469321,21,,,0,69,,469320,21,,,0
5601,'20260526',1616,,469322,21,,,0,31,,469324,21,,,0,69,,469323,21,,,0
5701,'20260512',609,,445026,19,,,0,28,,445027,19,,,0,69,,445028,19,,,0,29,,445029,19,,,0,74,,445030,19,,,0,28,,445031,19,,,0,71,,445032,19,,,0,31,,445033,19,,,0,101,,445034,19,,,0,101,,445035,19,,,0,100,,445036,19,,,0,101,,445037,19,,,0,101,,445038,19,,,0,102,,445039,19,,,0,273,,445040,19,,,0,97,,445041,19,,,0,98,,445042,19,,,0,101,,445043,19,,,0,101,,445044,19,,,0,100,,445045,19,,,0
5701,'20260513',609,,469473,19,,,0,28,,469474,19,,,0,69,,469475,19,,,0,29,,469476,19,,,0,74,,469477,19,,,0,28,,469478,19,,,0,71,,469479,19,,,0,31,,469480,19,,,0,101,,469481,19,,,0,101,,469482,19,,,0,100,,469483,19,,,0,101,,469484,19,,,0,101,,469485,19,,,0,102,,469486,19,,,0,273,,469487,19,,,0,97,,469488,19,,,0,98,,469489,19,,,0,101,,469490,19,,,0,101,,469491,19,,,0,100,,469492,19,,,0
5701,'20260514',609,,469493,19,,,0,28,,469494,19,,,0,69,,469495,19,,,0,29,,469496,19,,,0,74,,469497,19,,,0,28,,469498,19,,,0,71,,469499,19,,,0,31,,469500,19,,,0,101,,469501,19,,,0,101,,469502,19,,,0,100,,469503,19,,,0,101,,469504,19,,,0,101,,469505,19,,,0,102,,469506,19,,,0,273,,469507,19,,,0,97,,469508,19,,,0,98,,469509,19,,,0,101,,469510,19,,,0,101,,469511,19,,,0,100,,469512,19,,,0
5701,'20260515',609,,469513,19,,,0,28,,469514,19,,,0,69,,469515,19,,,0,29,,469516,19,,,0,74,,469517,19,,,0,28,,469518,19,,,0,71,,469519,19,,,0,31,,469520,19,,,0,101,,469521,19,,,0,101,,469522,19,,,0,100,,469523,19,,,0,101,,469524,19,,,0,101,,469525,19,,,0,102,,469526,19,,,0,273,,469527,19,,,0,97,,469528,19,,,0,98,,469529,19,,,0,101,,469530,19,,,0,101,,469531,19,,,0,100,,469532,19,,,0
5701,'20260516',741,,426988,19,,,0,100,,426989,19,,,0,101,,426990,19,,,0,101,,426991,19,,,0,100,,426992,19,,,0,98,,426993,19,,,0,101,,426994,19,,,0,99,,426995,19,,,0,105,,426996,19,,,0,94,,426997,19,,,0,104,,426998,19,,,0,98,,426999,19,,,0,100,,427000,19,,,0,99,,427001,19,,,0,100,,427002,19,,,0,101,,427003,19,,,0
5701,'20260517',741,,427007,19,,,0,100,,427009,19,,,0,101,,427006,19,,,0,101,,427004,19,,,0,100,,427008,19,,,0,98,,427012,19,,,0,101,,427013,19,,,0,99,,427014,19,,,0,105,,427010,19,,,0,94,,427011,19,,,0,104,,427005,19,,,0,98,,427015,19,,,0,100,,427016,19,,,0,99,,427019,19,,,0,100,,427017,19,,,0,101,,427018,19,,,0
5701,'20260518',741,,427023,19,,,0,100,,427025,19,,,0,101,,427022,19,,,0,101,,427020,19,,,0,100,,427024,19,,,0,98,,427028,19,,,0,101,,427029,19,,,0,99,,427030,19,,,0,105,,427026,19,,,0,94,,427027,19,,,0,104,,427021,19,,,0,98,,427031,19,,,0,100,,427032,19,,,0,99,,427035,19,,,0,100,,427033,19,,,0,101,,427034,19,,,0
5701,'20260519',609,,427036,19,,,0,28,,427037,19,,,0,69,,427038,19,,,0,29,,427039,19,,,0,74,,427040,19,,,0,28,,427041,19,,,0,71,,427042,19,,,0,31,,427043,19,,,0,101,,427044,19,,,0,101,,427045,19,,,0,100,,427046,19,,,0,101,,427047,19,,,0,101,,427055,19,,,0,102,,427048,19,,,0,273,,427049,19,,,0,97,,427050,19,,,0,98,,427051,19,,,0,101,,427052,19,,,0,101,,427053,19,,,0,100,,427054,19,,,0
5701,'20260520',609,,445046,19,,,0,28,,445047,19,,,0,69,,445048,19,,,0,29,,445049,19,,,0,74,,445050,19,,,0,28,,445051,19,,,0,71,,445052,19,,,0,31,,445053,19,,,0,101,,445054,19,,,0,101,,445055,19,,,0,100,,445056,19,,,0,101,,445057,19,,,0,101,,445065,19,,,0,102,,445058,19,,,0,273,,445059,19,,,0,97,,445060,19,,,0,98,,445061,19,,,0,101,,445062,19,,,0,101,,445063,19,,,0,100,,445064,19,,,0
5701,'20260521',609,,445066,19,,,0,28,,445067,19,,,0,69,,445068,19,,,0,29,,445069,19,,,0,74,,445070,19,,,0,28,,445071,19,,,0,71,,445072,19,,,0,31,,445073,19,,,0,101,,445074,19,,,0,101,,445075,19,,,0,100,,445076,19,,,0,101,,445077,19,,,0,101,,445085,19,,,0,102,,445078,19,,,0,273,,445079,19,,,0,97,,445080,19,,,0,98,,445081,19,,,0,101,,445082,19,,,0,101,,445083,19,,,0,100,,445084,19,,,0
5701,'20260522',609,,469533,19,,,0,28,,469534,19,,,0,69,,469535,19,,,0,29,,469536,19,,,0,74,,469537,19,,,0,28,,469538,19,,,0,71,,469539,19,,,0,31,,469540,19,,,0,101,,469541,19,,,0,101,,469542,19,,,0,100,,469543,19,,,0,101,,469544,19,,,0,101,,469552,19,,,0,102,,469545,19,,,0,273,,469546,19,,,0,97,,469547,19,,,0,98,,469548,19,,,0,101,,469549,19,,,0,101,,469550,19,,,0,100,,469551,19,,,0
5701,'20260523',741,,469553,19,,,0,100,,469554,19,,,0,101,,469555,19,,,0,101,,469556,19,,,0,100,,469557,19,,,0,98,,469558,19,,,0,101,,469559,19,,,0,99,,469560,19,,,0,105,,469561,19,,,0,94,,469562,19,,,0,104,,469563,19,,,0,98,,469564,19,,,0,100,,469565,19,,,0,99,,469566,19,,,0,100,,469567,19,,,0,101,,469568,19,,,0
5701,'20260524',741,,469572,19,,,0,100,,469574,19,,,0,101,,469571,19,,,0,101,,469569,19,,,0,100,,469573,19,,,0,98,,469577,19,,,0,101,,469578,19,,,0,99,,469579,19,,,0,105,,469575,19,,,0,94,,469576,19,,,0,104,,469570,19,,,0,98,,469580,19,,,0,100,,469581,19,,,0,99,,469584,19,,,0,100,,469582,19,,,0,101,,469583,19,,,0
5701,'20260525',609,,469585,19,,,0,28,,469586,19,,,0,69,,469587,19,,,0,29,,469588,19,,,0,74,,469589,19,,,0,28,,469590,19,,,0,71,,469591,19,,,0,31,,469592,19,,,0,101,,469593,19,,,0,101,,469594,19,,,0,100,,469595,19,,,0,101,,469596,19,,,0,101,,469604,19,,,0,102,,469597,19,,,0,273,,469598,19,,,0,97,,469599,19,,,0,98,,469600,19,,,0,101,,469601,19,,,0,101,,469602,19,,,0,100,,469603,19,,,0
5701,'20260526',609,,469605,19,,,0,28,,469606,19,,,0,69,,469607,19,,,0,29,,469608,19,,,0,74,,469609,19,,,0,28,,469610,19,,,0,71,,469611,19,,,0,31,,469612,19,,,0,101,,469613,19,,,0,101,,469614,19,,,0,100,,469615,19,,,0,101,,469616,19,,,0,101,,469624,19,,,0,102,,469617,19,,,0,273,,469618,19,,,0,97,,469619,19,,,0,98,,469620,19,,,0,101,,469621,19,,,0,101,,469622,19,,,0,100,,469623,19,,,0
25701,'20260512',658,,451047,19,,,0,63,,451048,19,,,0,29,,451049,19,,,0
25701,'20260513',658,,477809,19,,,0,63,,477810,19,,,0,29,,477811,19,,,0
25701,'20260514',658,,477812,19,,,0,63,,477813,19,,,0,29,,477814,19,,,0
25701,'20260515',658,,477815,19,,,0,63,,477816,19,,,0,29,,477817,19,,,0
25701,'20260519',658,,431543,19,,,0,63,,431544,19,,,0,29,,431545,19,,,0
25701,'20260520',658,,451050,19,,,0,63,,451051,19,,,0,29,,451052,19,,,0
25701,'20260521',658,,451053,19,,,0,63,,451054,19,,,0,29,,451055,19,,,0
25701,'20260522',658,,477818,19,,,0,63,,477819,19,,,0,29,,477820,19,,,0
25701,'20260525',658,,477821,19,,,0,63,,477822,19,,,0,29,,477823,19,,,0
25701,'20260526',658,,477824,19,,,0,63,,477825,19,,,0,29,,477826,19,,,0
