6400,'20260724',909,,1004066,15,,,0,99,,1004067,15,,,0,100,,1004068,15,,,0,100,,1004069,15,,,0,100,,1004070,15,,,0,100,,1004071,15,,,0,99,,1004072,15,,,0,304,,1004073,15,,,0,100,,1004074,15,,,0,100,,1004075,15,,,0,100,,1004076,15,,,0,101,,1004077,15,,,0,103,,1004078,15,,,0
6400,'20260725',812,,1024576,15,,,0,99,,1024577,15,,,0,99,,1024578,15,,,0,99,,1024579,15,,,0,101,,1024580,15,,,0,97,,1024581,15,,,0,100,,1024582,15,,,0,100,,1024583,15,,,0,100,,1024584,15,,,0,100,,1024585,15,,,0,103,,1024586,15,,,0,101,,1024587,15,,,0,101,,1024588,15,,,0,101,,1024589,15,,,0,100,,1024590,15,,,0,100,,1024591,15,,,0
6400,'20260726',812,,1024592,15,,,0,99,,1024593,15,,,0,99,,1024594,15,,,0,99,,1024595,15,,,0,101,,1024596,15,,,0,97,,1024597,15,,,0,100,,1024598,15,,,0,100,,1024599,15,,,0,100,,1024600,15,,,0,100,,1024601,15,,,0,103,,1024602,15,,,0,101,,1024603,15,,,0,101,,1024604,15,,,0,101,,1024605,15,,,0,100,,1024606,15,,,0,100,,1024607,15,,,0
6400,'20260727',909,,1024608,15,,,0,99,,1024609,15,,,0,100,,1024610,15,,,0,100,,1024611,15,,,0,100,,1024612,15,,,0,100,,1024613,15,,,0,99,,1024614,15,,,0,304,,1024615,15,,,0,100,,1024616,15,,,0,100,,1024617,15,,,0,100,,1024618,15,,,0,101,,1024619,15,,,0,103,,1024620,15,,,0
6400,'20260728',909,,1024621,15,,,0,99,,1024622,15,,,0,100,,1024623,15,,,0,100,,1024624,15,,,0,100,,1024625,15,,,0,100,,1024626,15,,,0,99,,1024627,15,,,0,304,,1024628,15,,,0,100,,1024629,15,,,0,100,,1024630,15,,,0,100,,1024631,15,,,0,101,,1024632,15,,,0,103,,1024633,15,,,0
6400,'20260729',909,,1024634,15,,,0,99,,1024635,15,,,0,100,,1024636,15,,,0,100,,1024637,15,,,0,100,,1024638,15,,,0,100,,1024639,15,,,0,99,,1024640,15,,,0,304,,1024641,15,,,0,100,,1024642,15,,,0,100,,1024643,15,,,0,100,,1024644,15,,,0,101,,1024645,15,,,0,103,,1024646,15,,,0
6400,'20260730',909,,1024647,15,,,0,99,,1024648,15,,,0,100,,1024649,15,,,0,100,,1024650,15,,,0,100,,1024651,15,,,0,100,,1024652,15,,,0,99,,1024653,15,,,0,304,,1024654,15,,,0,100,,1024655,15,,,0,100,,1024656,15,,,0,100,,1024657,15,,,0,101,,1024658,15,,,0,103,,1024659,15,,,0
6400,'20260731',909,,978054,15,,,0,99,,978055,15,,,0,100,,978056,15,,,0,100,,978057,15,,,0,100,,978058,15,,,0,100,,978059,15,,,0,99,,978060,15,,,0,304,,978061,15,,,0,100,,978062,15,,,0,100,,978063,15,,,0,100,,978064,15,,,0,101,,978065,15,,,0,103,,978066,15,,,0
6400,'20260801',812,,1004079,15,,,0,99,,1004080,15,,,0,99,,1004081,15,,,0,99,,1004082,15,,,0,101,,1004083,15,,,0,97,,1004084,15,,,0,100,,1004085,15,,,0,100,,1004086,15,,,0,100,,1004087,15,,,0,100,,1004088,15,,,0,103,,1004089,15,,,0,101,,1004090,15,,,0,101,,1004091,15,,,0,101,,1004092,15,,,0,100,,1004093,15,,,0,100,,1004094,15,,,0
6400,'20260802',812,,1004095,15,,,0,99,,1004096,15,,,0,99,,1004097,15,,,0,99,,1004098,15,,,0,101,,1004099,15,,,0,97,,1004100,15,,,0,100,,1004101,15,,,0,100,,1004102,15,,,0,100,,1004103,15,,,0,100,,1004104,15,,,0,103,,1004105,15,,,0,101,,1004106,15,,,0,101,,1004107,15,,,0,101,,1004108,15,,,0,100,,1004109,15,,,0,100,,1004110,15,,,0
6400,'20260803',909,,1004111,15,,,0,99,,1004112,15,,,0,100,,1004113,15,,,0,100,,1004114,15,,,0,100,,1004115,15,,,0,100,,1004116,15,,,0,99,,1004117,15,,,0,304,,1004118,15,,,0,100,,1004119,15,,,0,100,,1004120,15,,,0,100,,1004121,15,,,0,101,,1004122,15,,,0,103,,1004123,15,,,0
6400,'20260804',909,,1024660,15,,,0,99,,1024661,15,,,0,100,,1024662,15,,,0,100,,1024663,15,,,0,100,,1024664,15,,,0,100,,1024665,15,,,0,99,,1024666,15,,,0,304,,1024667,15,,,0,100,,1024668,15,,,0,100,,1024669,15,,,0,100,,1024670,15,,,0,101,,1024671,15,,,0,103,,1024672,15,,,0
6400,'20260805',909,,1024673,15,,,0,99,,1024674,15,,,0,100,,1024675,15,,,0,100,,1024676,15,,,0,100,,1024677,15,,,0,100,,1024678,15,,,0,99,,1024679,15,,,0,304,,1024680,15,,,0,100,,1024681,15,,,0,100,,1024682,15,,,0,100,,1024683,15,,,0,101,,1024684,15,,,0,103,,1024685,15,,,0
6400,'20260806',909,,1024686,15,,,0,99,,1024687,15,,,0,100,,1024688,15,,,0,100,,1024689,15,,,0,100,,1024690,15,,,0,100,,1024691,15,,,0,99,,1024692,15,,,0,304,,1024693,15,,,0,100,,1024694,15,,,0,100,,1024695,15,,,0,100,,1024696,15,,,0,101,,1024697,15,,,0,103,,1024698,15,,,0
6400,'20260807',909,,1024699,15,,,0,99,,1024700,15,,,0,100,,1024701,15,,,0,100,,1024702,15,,,0,100,,1024703,15,,,0,100,,1024704,15,,,0,99,,1024705,15,,,0,304,,1024706,15,,,0,100,,1024707,15,,,0,100,,1024708,15,,,0,100,,1024709,15,,,0,101,,1024710,15,,,0,103,,1024711,15,,,0
