7401,'20260612',629,,693101,66,,,1,101,,693102,66,,,1,100,,693103,66,,,1,99,,693104,66,,,1,100,,693105,66,,,1,101,,693106,66,,,1,100,,693107,66,,,1,100,,693108,66,,,1,100,,693109,66,,,1,100,,693110,66,,,1,102,,693111,66,,,1,99,,693112,66,,,1,99,,693113,66,,,1,99,,693114,66,,,1,99,,693115,66,,,1,100,,693116,66,,,1,100,,693117,66,,,1,130,,693118,66,,,1
7401,'20260613',728,,715240,66,,,1,100,,715241,66,,,1,101,,715242,66,,,1,100,,715243,66,,,1,100,,715244,66,,,1,100,,715245,66,,,1,100,,715246,66,,,1,100,,715247,66,,,1,100,,715248,66,,,1,100,,715249,66,,,1,100,,715250,66,,,1,100,,715251,66,,,1,99,,715252,66,,,1,100,,715253,66,,,1,100,,715254,66,,,1,100,,715255,66,,,1
7401,'20260614',728,,715257,66,,,1,100,,715258,66,,,1,101,,715259,66,,,1,100,,715260,66,,,1,100,,715261,66,,,1,100,,715262,66,,,1,100,,715263,66,,,1,100,,715264,66,,,1,100,,715265,66,,,1,100,,715266,66,,,1,100,,715267,66,,,1,100,,715268,66,,,1,99,,715269,66,,,1,100,,715270,66,,,1,100,,715271,66,,,1,100,,715272,66,,,1
7401,'20260615',629,,715280,66,,,1,101,,715281,66,,,1,100,,715282,66,,,1,99,,715283,66,,,1,100,,715284,66,,,1,101,,715285,66,,,1,100,,715286,66,,,1,100,,715287,66,,,1,100,,715288,66,,,1,100,,715289,66,,,1,102,,715290,66,,,1,99,,715291,66,,,1,99,,715292,66,,,1,99,,715293,66,,,1,99,,715294,66,,,1,100,,715295,66,,,1,100,,715296,66,,,1,130,,715297,66,,,1
7401,'20260616',629,,715304,66,,,1,101,,715305,66,,,1,100,,715306,66,,,1,99,,715307,66,,,1,100,,715308,66,,,1,101,,715309,66,,,1,100,,715310,66,,,1,100,,715311,66,,,1,100,,715312,66,,,1,100,,715313,66,,,1,102,,715314,66,,,1,99,,715315,66,,,1,99,,715316,66,,,1,99,,715317,66,,,1,99,,715318,66,,,1,100,,715319,66,,,1,100,,715320,66,,,1,130,,715321,66,,,1
7401,'20260617',629,,715328,66,,,1,101,,715329,66,,,1,100,,715330,66,,,1,99,,715331,66,,,1,100,,715332,66,,,1,101,,715333,66,,,1,100,,715334,66,,,1,100,,715335,66,,,1,100,,715336,66,,,1,100,,715337,66,,,1,102,,715338,66,,,1,99,,715339,66,,,1,99,,715340,66,,,1,99,,715341,66,,,1,99,,715342,66,,,1,100,,715343,66,,,1,100,,715344,66,,,1,130,,715345,66,,,1
7401,'20260618',629,,715352,66,,,1,101,,715353,66,,,1,100,,715354,66,,,1,99,,715355,66,,,1,100,,715356,66,,,1,101,,715357,66,,,1,100,,715358,66,,,1,100,,715359,66,,,1,100,,715360,66,,,1,100,,715361,66,,,1,102,,715362,66,,,1,99,,715363,66,,,1,99,,715364,66,,,1,99,,715365,66,,,1,99,,715366,66,,,1,100,,715367,66,,,1,100,,715368,66,,,1,130,,715369,66,,,1
7401,'20260619',629,,666428,66,,,1,101,,666429,66,,,1,100,,666430,66,,,1,99,,666431,66,,,1,100,,666432,66,,,1,101,,666433,66,,,1,100,,666434,66,,,1,100,,666435,66,,,1,100,,666436,66,,,1,100,,666437,66,,,1,102,,666443,66,,,1,99,,666438,66,,,1,99,,666439,66,,,1,99,,666445,66,,,1,99,,666440,66,,,1,100,,666444,66,,,1,100,,666441,66,,,1,130,,666442,66,,,1
7401,'20260620',728,,693133,66,,,1,100,,693119,66,,,1,101,,693120,66,,,1,100,,693134,66,,,1,100,,693127,66,,,1,100,,693128,66,,,1,100,,693129,66,,,1,100,,693130,66,,,1,100,,693131,66,,,1,100,,693132,66,,,1,100,,693121,66,,,1,100,,693125,66,,,1,99,,693126,66,,,1,100,,693122,66,,,1,100,,693123,66,,,1,100,,693124,66,,,1
7401,'20260621',728,,693136,66,,,1,100,,693151,66,,,1,101,,693137,66,,,1,100,,693152,66,,,1,100,,693139,66,,,1,100,,693140,66,,,1,100,,693141,66,,,1,100,,693142,66,,,1,100,,693143,66,,,1,100,,693144,66,,,1,100,,693145,66,,,1,100,,693146,66,,,1,99,,693147,66,,,1,100,,693148,66,,,1,100,,693149,66,,,1,100,,693150,66,,,1
7401,'20260622',629,,693153,66,,,1,101,,693154,66,,,1,100,,693155,66,,,1,99,,693156,66,,,1,100,,693157,66,,,1,101,,693158,66,,,1,100,,693159,66,,,1,100,,693160,66,,,1,100,,693161,66,,,1,100,,693162,66,,,1,102,,693168,66,,,1,99,,693163,66,,,1,99,,693164,66,,,1,99,,693170,66,,,1,99,,693165,66,,,1,100,,693169,66,,,1,100,,693166,66,,,1,130,,693167,66,,,1
7401,'20260623',629,,715370,66,,,1,101,,715371,66,,,1,100,,715372,66,,,1,99,,715373,66,,,1,100,,715374,66,,,1,101,,715375,66,,,1,100,,715376,66,,,1,100,,715377,66,,,1,100,,715378,66,,,1,100,,715379,66,,,1,102,,715385,66,,,1,99,,715380,66,,,1,99,,715381,66,,,1,99,,715387,66,,,1,99,,715382,66,,,1,100,,715386,66,,,1,100,,715383,66,,,1,130,,715384,66,,,1
7401,'20260624',728,,715390,66,,,1,100,,715405,66,,,1,101,,715391,66,,,1,100,,715406,66,,,1,100,,715393,66,,,1,100,,715394,66,,,1,100,,715395,66,,,1,100,,715396,66,,,1,100,,715397,66,,,1,100,,715398,66,,,1,100,,715399,66,,,1,100,,715400,66,,,1,99,,715401,66,,,1,100,,715402,66,,,1,100,,715403,66,,,1,100,,715404,66,,,1
7401,'20260625',629,,715407,66,,,1,101,,715408,66,,,1,100,,715409,66,,,1,99,,715410,66,,,1,100,,715411,66,,,1,101,,715412,66,,,1,100,,715413,66,,,1,100,,715414,66,,,1,100,,715415,66,,,1,100,,715416,66,,,1,102,,715422,66,,,1,99,,715417,66,,,1,99,,715418,66,,,1,99,,715424,66,,,1,99,,715419,66,,,1,100,,715423,66,,,1,100,,715420,66,,,1,130,,715421,66,,,1
7401,'20260626',629,,715427,66,,,1,101,,715428,66,,,1,100,,715429,66,,,1,99,,715430,66,,,1,100,,715431,66,,,1,101,,715432,66,,,1,100,,715433,66,,,1,100,,715434,66,,,1,100,,715435,66,,,1,100,,715436,66,,,1,102,,715442,66,,,1,99,,715437,66,,,1,99,,715438,66,,,1,99,,715444,66,,,1,99,,715439,66,,,1,100,,715443,66,,,1,100,,715440,66,,,1,130,,715441,66,,,1
8401,'20260612',659,,694211,80,,,1,141,,694213,80,,,1,59,,694215,80,,,1,100,,694217,80,,,1,100,,694218,80,,,1,141,,694219,80,,,1,100,,694220,80,,,1,100,,694221,80,,,1,100,,694222,80,,,1,101,,694223,80,,,1,101,,694224,80,,,1,98,,694225,80,,,1,100,,694226,80,,,1,58,,694227,80,,,1,100,,694228,80,,,1,100,,694229,80,,,1,100,,694230,80,,,1,100,,694231,80,,,1
8401,'20260613',658,,718108,80,,,1,100,,718109,80,,,1,100,,718110,80,,,1,101,,718111,80,,,1,100,,718112,80,,,1,100,,718113,80,,,1,100,,718114,80,,,1,100,,718115,80,,,1,100,,718116,80,,,1,100,,718117,80,,,1,100,,718118,80,,,1,100,,718119,80,,,1,100,,718120,80,,,1,99,,718121,80,,,1,100,,718122,80,,,1,100,,718123,80,,,1,100,,718124,80,,,1,100,,718125,80,,,1
8401,'20260614',658,,718126,80,,,1,100,,718127,80,,,1,100,,718128,80,,,1,101,,718129,80,,,1,100,,718130,80,,,1,100,,718131,80,,,1,100,,718132,80,,,1,100,,718133,80,,,1,100,,718134,80,,,1,100,,718135,80,,,1,100,,718136,80,,,1,100,,718137,80,,,1,100,,718138,80,,,1,99,,718139,80,,,1,100,,718140,80,,,1,100,,718141,80,,,1,100,,718142,80,,,1,100,,718143,80,,,1
8401,'20260615',659,,718144,80,,,1,141,,718146,80,,,1,59,,718148,80,,,1,100,,718150,80,,,1,100,,718151,80,,,1,141,,718152,80,,,1,100,,718153,80,,,1,100,,718154,80,,,1,100,,718155,80,,,1,101,,718156,80,,,1,101,,718157,80,,,1,98,,718158,80,,,1,100,,718159,80,,,1,58,,718160,80,,,1,100,,718161,80,,,1,100,,718162,80,,,1,100,,718163,80,,,1,100,,718164,80,,,1
8401,'20260616',659,,718165,80,,,1,141,,718167,80,,,1,59,,718169,80,,,1,100,,718171,80,,,1,100,,718172,80,,,1,141,,718173,80,,,1,100,,718174,80,,,1,100,,718175,80,,,1,100,,718176,80,,,1,101,,718177,80,,,1,101,,718178,80,,,1,98,,718179,80,,,1,100,,718180,80,,,1,58,,718181,80,,,1,100,,718182,80,,,1,100,,718183,80,,,1,100,,718184,80,,,1,100,,718185,80,,,1
8401,'20260617',659,,718186,80,,,1,141,,718188,80,,,1,59,,718190,80,,,1,100,,718192,80,,,1,100,,718193,80,,,1,141,,718194,80,,,1,100,,718195,80,,,1,100,,718196,80,,,1,100,,718197,80,,,1,101,,718198,80,,,1,101,,718199,80,,,1,98,,718200,80,,,1,100,,718201,80,,,1,58,,718202,80,,,1,100,,718203,80,,,1,100,,718204,80,,,1,100,,718205,80,,,1,100,,718206,80,,,1
8401,'20260618',659,,718207,80,,,1,141,,718209,80,,,1,59,,718211,80,,,1,100,,718213,80,,,1,100,,718214,80,,,1,141,,718215,80,,,1,100,,718216,80,,,1,100,,718217,80,,,1,100,,718218,80,,,1,101,,718219,80,,,1,101,,718220,80,,,1,98,,718221,80,,,1,100,,718222,80,,,1,58,,718223,80,,,1,100,,718224,80,,,1,100,,718225,80,,,1,100,,718226,80,,,1,100,,718227,80,,,1
8401,'20260619',659,,669056,80,,,1,141,,669057,80,,,1,59,,669058,80,,,1,100,,669059,80,,,1,100,,669060,80,,,1,141,,669061,80,,,1,100,,669062,80,,,1,100,,669063,80,,,1,100,,669064,80,,,1,101,,669065,80,,,1,101,,669066,80,,,1,98,,669067,80,,,1,100,,669068,80,,,1,58,,669069,80,,,1,100,,669070,80,,,1,100,,669071,80,,,1,100,,669072,80,,,1,100,,669074,80,,,1
8401,'20260620',658,,694232,80,,,1,100,,694247,80,,,1,100,,694233,80,,,1,101,,694246,80,,,1,100,,694234,80,,,1,100,,694241,80,,,1,100,,694242,80,,,1,100,,694243,80,,,1,100,,694244,80,,,1,100,,694245,80,,,1,100,,694236,80,,,1,100,,694235,80,,,1,100,,694237,80,,,1,99,,694240,80,,,1,100,,694239,80,,,1,100,,694238,80,,,1,100,,694248,80,,,1,100,,694249,80,,,1
8401,'20260621',658,,694262,80,,,1,100,,694266,80,,,1,100,,694265,80,,,1,101,,694263,80,,,1,100,,694250,80,,,1,100,,694256,80,,,1,100,,694251,80,,,1,100,,694257,80,,,1,100,,694252,80,,,1,100,,694258,80,,,1,100,,694253,80,,,1,100,,694259,80,,,1,100,,694254,80,,,1,99,,694260,80,,,1,100,,694255,80,,,1,100,,694261,80,,,1,100,,694264,80,,,1,100,,694267,80,,,1
8401,'20260622',659,,694268,80,,,1,141,,694269,80,,,1,59,,694270,80,,,1,100,,694271,80,,,1,100,,694272,80,,,1,141,,694273,80,,,1,100,,694274,80,,,1,100,,694275,80,,,1,100,,694276,80,,,1,101,,694277,80,,,1,101,,694278,80,,,1,98,,694279,80,,,1,100,,694280,80,,,1,58,,694281,80,,,1,100,,694282,80,,,1,100,,694283,80,,,1,100,,694284,80,,,1,100,,694286,80,,,1
8401,'20260623',659,,718228,80,,,1,141,,718229,80,,,1,59,,718230,80,,,1,100,,718231,80,,,1,100,,718232,80,,,1,141,,718233,80,,,1,100,,718234,80,,,1,100,,718235,80,,,1,100,,718236,80,,,1,101,,718237,80,,,1,101,,718238,80,,,1,98,,718239,80,,,1,100,,718240,80,,,1,58,,718241,80,,,1,100,,718242,80,,,1,100,,718243,80,,,1,100,,718244,80,,,1,100,,718246,80,,,1
8401,'20260624',658,,718261,80,,,1,100,,718265,80,,,1,100,,718264,80,,,1,101,,718262,80,,,1,100,,718249,80,,,1,100,,718255,80,,,1,100,,718250,80,,,1,100,,718256,80,,,1,100,,718251,80,,,1,100,,718257,80,,,1,100,,718252,80,,,1,100,,718258,80,,,1,100,,718253,80,,,1,99,,718259,80,,,1,100,,718254,80,,,1,100,,718260,80,,,1,100,,718263,80,,,1,100,,718266,80,,,1
8401,'20260625',659,,718267,80,,,1,141,,718268,80,,,1,59,,718269,80,,,1,100,,718270,80,,,1,100,,718271,80,,,1,141,,718272,80,,,1,100,,718273,80,,,1,100,,718274,80,,,1,100,,718275,80,,,1,101,,718276,80,,,1,101,,718277,80,,,1,98,,718278,80,,,1,100,,718279,80,,,1,58,,718280,80,,,1,100,,718281,80,,,1,100,,718282,80,,,1,100,,718283,80,,,1,100,,718285,80,,,1
8401,'20260626',659,,718288,80,,,1,141,,718289,80,,,1,59,,718290,80,,,1,100,,718291,80,,,1,100,,718292,80,,,1,141,,718293,80,,,1,100,,718294,80,,,1,100,,718295,80,,,1,100,,718296,80,,,1,101,,718297,80,,,1,101,,718298,80,,,1,98,,718299,80,,,1,100,,718300,80,,,1,58,,718301,80,,,1,100,,718302,80,,,1,100,,718303,80,,,1,100,,718304,80,,,1,100,,718306,80,,,1
