8100,'20260709',650,,878396,57,,,0,70,,878397,57,,,0,33,,878398,57,,,0,71,,878399,57,,,0,28,,878400,57,,,0,68,,878401,57,,,0,100,,878402,57,,,0,100,,878403,57,,,0,102,,878404,57,,,0,100,,878405,57,,,0,100,,878406,57,,,0,102,,878407,57,,,0,33,,878408,57,,,0,72,,878409,57,,,0,73,,878410,57,,,0,25,,878411,57,,,0,26,,878412,57,,,0,68,,878413,57,,,0,100,,878414,57,,,0,99,,878415,57,,,0,100,,878416,57,,,0,99,,878417,57,,,0,100,,878418,57,,,0
8100,'20260710',650,,907081,57,,,0,70,,907082,57,,,0,33,,907083,57,,,0,71,,907084,57,,,0,28,,907085,57,,,0,68,,907086,57,,,0,100,,907087,57,,,0,100,,907088,57,,,0,102,,907089,57,,,0,100,,907090,57,,,0,100,,907091,57,,,0,102,,907092,57,,,0,33,,907093,57,,,0,72,,907094,57,,,0,73,,907095,57,,,0,25,,907096,57,,,0,26,,907097,57,,,0,68,,907098,57,,,0,100,,907099,57,,,0,99,,907100,57,,,0,100,,907101,57,,,0,99,,907102,57,,,0,100,,907103,57,,,0
8100,'20260711',819,,925808,57,,,0,100,,925809,57,,,0,100,,925810,57,,,0,101,,925811,57,,,0,100,,925812,57,,,0,101,,925813,57,,,0,100,,925814,57,,,0,100,,925815,57,,,0,101,,925816,57,,,0,99,,925817,57,,,0,100,,925818,57,,,0,99,,925819,57,,,0,99,,925820,57,,,0,100,,925821,57,,,0,100,,925822,57,,,0,100,,925823,57,,,0
8100,'20260712',819,,925824,57,,,0,100,,925825,57,,,0,100,,925826,57,,,0,101,,925827,57,,,0,100,,925828,57,,,0,101,,925829,57,,,0,100,,925830,57,,,0,100,,925831,57,,,0,101,,925832,57,,,0,99,,925833,57,,,0,100,,925834,57,,,0,99,,925835,57,,,0,99,,925836,57,,,0,100,,925837,57,,,0,100,,925838,57,,,0,100,,925839,57,,,0
8100,'20260713',650,,925840,57,,,0,70,,925841,57,,,0,33,,925842,57,,,0,71,,925843,57,,,0,28,,925844,57,,,0,68,,925845,57,,,0,100,,925846,57,,,0,100,,925847,57,,,0,102,,925848,57,,,0,100,,925849,57,,,0,100,,925850,57,,,0,102,,925851,57,,,0,33,,925852,57,,,0,72,,925853,57,,,0,73,,925854,57,,,0,25,,925855,57,,,0,26,,925856,57,,,0,68,,925857,57,,,0,100,,925858,57,,,0,99,,925859,57,,,0,100,,925860,57,,,0,99,,925861,57,,,0,100,,925862,57,,,0
8100,'20260714',650,,925863,57,,,0,70,,925864,57,,,0,33,,925865,57,,,0,71,,925866,57,,,0,28,,925867,57,,,0,68,,925868,57,,,0,100,,925869,57,,,0,100,,925870,57,,,0,102,,925871,57,,,0,100,,925872,57,,,0,100,,925873,57,,,0,102,,925874,57,,,0,33,,925875,57,,,0,72,,925876,57,,,0,73,,925877,57,,,0,25,,925878,57,,,0,26,,925879,57,,,0,68,,925880,57,,,0,100,,925881,57,,,0,99,,925882,57,,,0,100,,925883,57,,,0,99,,925884,57,,,0,100,,925885,57,,,0
8100,'20260715',650,,878419,57,,,0,70,,878420,57,,,0,33,,878421,57,,,0,71,,878422,57,,,0,28,,878423,57,,,0,68,,878424,57,,,0,100,,878425,57,,,0,100,,878426,57,,,0,102,,878427,57,,,0,100,,878428,57,,,0,100,,878429,57,,,0,102,,878430,57,,,0,33,,878431,57,,,0,72,,878432,57,,,0,73,,878433,57,,,0,25,,878434,57,,,0,26,,878435,57,,,0,68,,878436,57,,,0,100,,878437,57,,,0,99,,878438,57,,,0,100,,878439,57,,,0,99,,878440,57,,,0,100,,878441,57,,,0
8100,'20260716',650,,878442,57,,,0,70,,878443,57,,,0,33,,878444,57,,,0,71,,878445,57,,,0,28,,878446,57,,,0,68,,878447,57,,,0,100,,878448,57,,,0,100,,878449,57,,,0,102,,878450,57,,,0,100,,878451,57,,,0,100,,878452,57,,,0,102,,878453,57,,,0,33,,878454,57,,,0,72,,878455,57,,,0,73,,878456,57,,,0,25,,878457,57,,,0,26,,878458,57,,,0,68,,878459,57,,,0,100,,878460,57,,,0,99,,878461,57,,,0,100,,878462,57,,,0,99,,878463,57,,,0,100,,878464,57,,,0
8100,'20260717',650,,878465,57,,,0,70,,878466,57,,,0,33,,878467,57,,,0,71,,878468,57,,,0,28,,878469,57,,,0,68,,878470,57,,,0,100,,878471,57,,,0,100,,878472,57,,,0,102,,878473,57,,,0,100,,878474,57,,,0,100,,878475,57,,,0,102,,878476,57,,,0,33,,878477,57,,,0,72,,878478,57,,,0,73,,878479,57,,,0,25,,878480,57,,,0,26,,878481,57,,,0,68,,878482,57,,,0,100,,878483,57,,,0,99,,878484,57,,,0,100,,878485,57,,,0,99,,878486,57,,,0,100,,878487,57,,,0
8100,'20260718',819,,907104,57,,,0,100,,907105,57,,,0,100,,907106,57,,,0,101,,907107,57,,,0,100,,907108,57,,,0,101,,907109,57,,,0,100,,907110,57,,,0,100,,907111,57,,,0,101,,907112,57,,,0,99,,907113,57,,,0,100,,907114,57,,,0,99,,907115,57,,,0,99,,907116,57,,,0,100,,907117,57,,,0,100,,907118,57,,,0,100,,907119,57,,,0
8100,'20260719',819,,907120,57,,,0,100,,907121,57,,,0,100,,907122,57,,,0,101,,907123,57,,,0,100,,907124,57,,,0,101,,907125,57,,,0,100,,907126,57,,,0,100,,907127,57,,,0,101,,907128,57,,,0,99,,907129,57,,,0,100,,907130,57,,,0,99,,907131,57,,,0,99,,907132,57,,,0,100,,907133,57,,,0,100,,907134,57,,,0,100,,907135,57,,,0
8100,'20260720',650,,907136,57,,,0,70,,907137,57,,,0,33,,907138,57,,,0,71,,907139,57,,,0,28,,907140,57,,,0,68,,907141,57,,,0,100,,907142,57,,,0,100,,907143,57,,,0,102,,907144,57,,,0,100,,907145,57,,,0,100,,907146,57,,,0,102,,907147,57,,,0,33,,907148,57,,,0,72,,907149,57,,,0,73,,907150,57,,,0,25,,907151,57,,,0,26,,907152,57,,,0,68,,907153,57,,,0,100,,907154,57,,,0,99,,907155,57,,,0,100,,907156,57,,,0,99,,907157,57,,,0,100,,907158,57,,,0
8100,'20260721',650,,907159,57,,,0,70,,907160,57,,,0,33,,907161,57,,,0,71,,907162,57,,,0,28,,907163,57,,,0,68,,907164,57,,,0,100,,907165,57,,,0,100,,907166,57,,,0,102,,907167,57,,,0,100,,907168,57,,,0,100,,907169,57,,,0,102,,907170,57,,,0,33,,907171,57,,,0,72,,907172,57,,,0,73,,907173,57,,,0,25,,907174,57,,,0,26,,907175,57,,,0,68,,907176,57,,,0,100,,907177,57,,,0,99,,907178,57,,,0,100,,907179,57,,,0,99,,907180,57,,,0,100,,907181,57,,,0
8100,'20260722',650,,925886,57,,,0,70,,925887,57,,,0,33,,925888,57,,,0,71,,925889,57,,,0,28,,925890,57,,,0,68,,925891,57,,,0,100,,925892,57,,,0,100,,925893,57,,,0,102,,925894,57,,,0,100,,925895,57,,,0,100,,925896,57,,,0,102,,925897,57,,,0,33,,925898,57,,,0,72,,925899,57,,,0,73,,925900,57,,,0,25,,925901,57,,,0,26,,925902,57,,,0,68,,925903,57,,,0,100,,925904,57,,,0,99,,925905,57,,,0,100,,925906,57,,,0,99,,925907,57,,,0,100,,925908,57,,,0
8100,'20260723',650,,925909,57,,,0,70,,925910,57,,,0,33,,925911,57,,,0,71,,925912,57,,,0,28,,925913,57,,,0,68,,925914,57,,,0,100,,925915,57,,,0,100,,925916,57,,,0,102,,925917,57,,,0,100,,925918,57,,,0,100,,925919,57,,,0,102,,925920,57,,,0,33,,925921,57,,,0,72,,925922,57,,,0,73,,925923,57,,,0,25,,925924,57,,,0,26,,925925,57,,,0,68,,925926,57,,,0,100,,925927,57,,,0,99,,925928,57,,,0,100,,925929,57,,,0,99,,925930,57,,,0,100,,925931,57,,,0
