7400,'20260501',625,,366924,9,,,1,30,,366925,9,,,1,71,,366907,45,,,1,29,,366926,9,,,1,71,,366908,45,,,1,29,,366927,9,,,1,71,,366909,45,,,1,99,,366910,45,,,1,101,,366911,45,,,1,100,,366912,45,,,1,100,,366913,45,,,1,100,,366914,45,,,1,100,,366915,45,,,1,101,,366916,45,,,1,99,,366917,45,,,1,100,,366918,45,,,1,99,,366919,45,,,1,100,,366920,45,,,1,100,,366921,45,,,1,100,,366922,45,,,1,100,,366923,45,,,1
7400,'20260502',825,,397870,45,,,1,100,,397871,45,,,1,100,,397872,45,,,1,100,,397873,45,,,1,100,,397874,45,,,1,100,,397875,45,,,1,100,,397876,45,,,1,101,,397877,45,,,1,100,,397878,45,,,1,100,,397879,45,,,1,99,,397880,45,,,1,100,,397881,45,,,1,100,,397882,45,,,1,100,,397883,45,,,1,100,,397884,45,,,1,100,,397885,45,,,1,130,,397886,45,,,1
7400,'20260503',825,,397887,45,,,1,100,,397888,45,,,1,100,,397889,45,,,1,100,,397890,45,,,1,100,,397891,45,,,1,100,,397892,45,,,1,100,,397893,45,,,1,101,,397894,45,,,1,100,,397895,45,,,1,100,,397896,45,,,1,99,,397897,45,,,1,100,,397898,45,,,1,100,,397899,45,,,1,100,,397900,45,,,1,100,,397901,45,,,1,100,,397902,45,,,1,130,,397903,45,,,1
7400,'20260504',625,,397921,9,,,1,30,,397922,9,,,1,71,,397904,45,,,1,29,,397923,9,,,1,71,,397905,45,,,1,29,,397924,9,,,1,71,,397906,45,,,1,99,,397907,45,,,1,101,,397908,45,,,1,100,,397909,45,,,1,100,,397910,45,,,1,100,,397911,45,,,1,100,,397912,45,,,1,101,,397913,45,,,1,99,,397914,45,,,1,100,,397915,45,,,1,99,,397916,45,,,1,100,,397917,45,,,1,100,,397918,45,,,1,100,,397919,45,,,1,100,,397920,45,,,1
7400,'20260505',625,,397942,9,,,1,30,,397943,9,,,1,71,,397925,45,,,1,29,,397944,9,,,1,71,,397926,45,,,1,29,,397945,9,,,1,71,,397927,45,,,1,99,,397928,45,,,1,101,,397929,45,,,1,100,,397930,45,,,1,100,,397931,45,,,1,100,,397932,45,,,1,100,,397933,45,,,1,101,,397934,45,,,1,99,,397935,45,,,1,100,,397936,45,,,1,99,,397937,45,,,1,100,,397938,45,,,1,100,,397939,45,,,1,100,,397940,45,,,1,100,,397941,45,,,1
7400,'20260506',625,,397963,9,,,1,30,,397964,9,,,1,71,,397946,45,,,1,29,,397965,9,,,1,71,,397947,45,,,1,29,,397966,9,,,1,71,,397948,45,,,1,99,,397949,45,,,1,101,,397950,45,,,1,100,,397951,45,,,1,100,,397952,45,,,1,100,,397953,45,,,1,100,,397954,45,,,1,101,,397955,45,,,1,99,,397956,45,,,1,100,,397957,45,,,1,99,,397958,45,,,1,100,,397959,45,,,1,100,,397960,45,,,1,100,,397961,45,,,1,100,,397962,45,,,1
7400,'20260507',625,,397984,9,,,1,30,,397985,9,,,1,71,,397967,45,,,1,29,,397986,9,,,1,71,,397968,45,,,1,29,,397987,9,,,1,71,,397969,45,,,1,99,,397970,45,,,1,101,,397971,45,,,1,100,,397972,45,,,1,100,,397973,45,,,1,100,,397974,45,,,1,100,,397975,45,,,1,101,,397976,45,,,1,99,,397977,45,,,1,100,,397978,45,,,1,99,,397979,45,,,1,100,,397980,45,,,1,100,,397981,45,,,1,100,,397982,45,,,1,100,,397983,45,,,1
7400,'20260508',625,,366947,9,,,1,30,,366948,9,,,1,71,,366941,45,,,1,29,,366946,9,,,1,71,,366928,45,,,1,29,,366945,9,,,1,71,,366929,45,,,1,99,,366930,45,,,1,101,,366931,45,,,1,100,,366932,45,,,1,100,,366933,45,,,1,100,,366934,45,,,1,100,,366935,45,,,1,101,,366936,45,,,1,99,,366937,45,,,1,100,,366938,45,,,1,99,,366942,45,,,1,100,,366943,45,,,1,100,,366939,45,,,1,100,,366944,45,,,1,100,,366940,45,,,1
7400,'20260509',825,,366949,45,,,1,100,,366963,45,,,1,100,,366964,45,,,1,100,,366950,45,,,1,100,,366951,45,,,1,100,,366952,45,,,1,100,,366953,45,,,1,101,,366954,45,,,1,100,,366955,45,,,1,100,,366956,45,,,1,99,,366957,45,,,1,100,,366958,45,,,1,100,,366959,45,,,1,100,,366960,45,,,1,100,,366961,45,,,1,100,,366962,45,,,1,130,,366965,45,,,1
7400,'20260510',825,,366966,45,,,1,100,,366980,45,,,1,100,,366967,45,,,1,100,,366981,45,,,1,100,,366974,45,,,1,100,,366975,45,,,1,100,,366976,45,,,1,101,,366977,45,,,1,100,,366978,45,,,1,100,,366979,45,,,1,99,,366968,45,,,1,100,,366972,45,,,1,100,,366973,45,,,1,100,,366969,45,,,1,100,,366970,45,,,1,100,,366971,45,,,1,130,,366982,45,,,1
7400,'20260511',625,,367002,9,,,1,30,,367003,9,,,1,71,,366996,45,,,1,29,,367001,9,,,1,71,,366983,45,,,1,29,,367000,9,,,1,71,,366984,45,,,1,99,,366985,45,,,1,101,,366986,45,,,1,100,,366987,45,,,1,100,,366988,45,,,1,100,,366989,45,,,1,100,,366990,45,,,1,101,,366991,45,,,1,99,,366992,45,,,1,100,,366993,45,,,1,99,,366997,45,,,1,100,,366998,45,,,1,100,,366994,45,,,1,100,,366999,45,,,1,100,,366995,45,,,1
7400,'20260512',625,,398007,9,,,1,30,,398008,9,,,1,71,,398001,45,,,1,29,,398006,9,,,1,71,,397988,45,,,1,29,,398005,9,,,1,71,,397989,45,,,1,99,,397990,45,,,1,101,,397991,45,,,1,100,,397992,45,,,1,100,,397993,45,,,1,100,,397994,45,,,1,100,,397995,45,,,1,101,,397996,45,,,1,99,,397997,45,,,1,100,,397998,45,,,1,99,,398002,45,,,1,100,,398003,45,,,1,100,,397999,45,,,1,100,,398004,45,,,1,100,,398000,45,,,1
7400,'20260513',625,,398028,9,,,1,30,,398029,9,,,1,71,,398022,45,,,1,29,,398027,9,,,1,71,,398009,45,,,1,29,,398026,9,,,1,71,,398010,45,,,1,99,,398011,45,,,1,101,,398012,45,,,1,100,,398013,45,,,1,100,,398014,45,,,1,100,,398015,45,,,1,100,,398016,45,,,1,101,,398017,45,,,1,99,,398018,45,,,1,100,,398019,45,,,1,99,,398023,45,,,1,100,,398024,45,,,1,100,,398020,45,,,1,100,,398025,45,,,1,100,,398021,45,,,1
7400,'20260514',625,,398049,9,,,1,30,,398050,9,,,1,71,,398043,45,,,1,29,,398048,9,,,1,71,,398030,45,,,1,29,,398047,9,,,1,71,,398031,45,,,1,99,,398032,45,,,1,101,,398033,45,,,1,100,,398034,45,,,1,100,,398035,45,,,1,100,,398036,45,,,1,100,,398037,45,,,1,101,,398038,45,,,1,99,,398039,45,,,1,100,,398040,45,,,1,99,,398044,45,,,1,100,,398045,45,,,1,100,,398041,45,,,1,100,,398046,45,,,1,100,,398042,45,,,1
7400,'20260515',625,,398070,9,,,1,30,,398071,9,,,1,71,,398064,45,,,1,29,,398069,9,,,1,71,,398051,45,,,1,29,,398068,9,,,1,71,,398052,45,,,1,99,,398053,45,,,1,101,,398054,45,,,1,100,,398055,45,,,1,100,,398056,45,,,1,100,,398057,45,,,1,100,,398058,45,,,1,101,,398059,45,,,1,99,,398060,45,,,1,100,,398061,45,,,1,99,,398065,45,,,1,100,,398066,45,,,1,100,,398062,45,,,1,100,,398067,45,,,1,100,,398063,45,,,1
8400,'20260501',756,,368935,45,,,1,99,,368936,45,,,1,100,,368937,45,,,1,100,,368938,45,,,1,101,,368939,45,,,1,100,,368940,45,,,1,100,,368941,45,,,1,100,,368942,45,,,1,100,,368943,45,,,1,71,,368952,9,,,1,30,,368944,45,,,1,70,,368953,9,,,1,29,,368945,45,,,1,100,,368946,45,,,1,99,,368947,45,,,1,100,,368948,45,,,1,100,,368949,45,,,1,100,,368950,45,,,1,100,,368951,45,,,1
8400,'20260502',755,,400806,45,,,1,100,,400807,45,,,1,100,,400808,45,,,1,100,,400809,45,,,1,100,,400810,45,,,1,100,,400811,45,,,1,100,,400812,45,,,1,100,,400813,45,,,1,100,,400814,45,,,1,100,,400815,45,,,1,100,,400816,45,,,1,100,,400817,45,,,1,100,,400818,45,,,1,100,,400819,45,,,1,100,,400820,45,,,1,100,,400821,45,,,1,100,,400822,45,,,1
8400,'20260503',755,,400823,45,,,1,100,,400824,45,,,1,100,,400825,45,,,1,100,,400826,45,,,1,100,,400827,45,,,1,100,,400828,45,,,1,100,,400829,45,,,1,100,,400830,45,,,1,100,,400831,45,,,1,100,,400832,45,,,1,100,,400833,45,,,1,100,,400834,45,,,1,100,,400835,45,,,1,100,,400836,45,,,1,100,,400837,45,,,1,100,,400838,45,,,1,100,,400839,45,,,1
8400,'20260504',756,,400840,45,,,1,99,,400841,45,,,1,100,,400842,45,,,1,100,,400843,45,,,1,101,,400844,45,,,1,100,,400845,45,,,1,100,,400846,45,,,1,100,,400847,45,,,1,100,,400848,45,,,1,71,,400857,9,,,1,30,,400849,45,,,1,70,,400858,9,,,1,29,,400850,45,,,1,100,,400851,45,,,1,99,,400852,45,,,1,100,,400853,45,,,1,100,,400854,45,,,1,100,,400855,45,,,1,100,,400856,45,,,1
8400,'20260505',756,,400859,45,,,1,99,,400860,45,,,1,100,,400861,45,,,1,100,,400862,45,,,1,101,,400863,45,,,1,100,,400864,45,,,1,100,,400865,45,,,1,100,,400866,45,,,1,100,,400867,45,,,1,71,,400876,9,,,1,30,,400868,45,,,1,70,,400877,9,,,1,29,,400869,45,,,1,100,,400870,45,,,1,99,,400871,45,,,1,100,,400872,45,,,1,100,,400873,45,,,1,100,,400874,45,,,1,100,,400875,45,,,1
8400,'20260506',756,,400878,45,,,1,99,,400879,45,,,1,100,,400880,45,,,1,100,,400881,45,,,1,101,,400882,45,,,1,100,,400883,45,,,1,100,,400884,45,,,1,100,,400885,45,,,1,100,,400886,45,,,1,71,,400895,9,,,1,30,,400887,45,,,1,70,,400896,9,,,1,29,,400888,45,,,1,100,,400889,45,,,1,99,,400890,45,,,1,100,,400891,45,,,1,100,,400892,45,,,1,100,,400893,45,,,1,100,,400894,45,,,1
8400,'20260507',756,,400897,45,,,1,99,,400898,45,,,1,100,,400899,45,,,1,100,,400900,45,,,1,101,,400901,45,,,1,100,,400902,45,,,1,100,,400903,45,,,1,100,,400904,45,,,1,100,,400905,45,,,1,71,,400914,9,,,1,30,,400906,45,,,1,70,,400915,9,,,1,29,,400907,45,,,1,100,,400908,45,,,1,99,,400909,45,,,1,100,,400910,45,,,1,100,,400911,45,,,1,100,,400912,45,,,1,100,,400913,45,,,1
8400,'20260508',756,,368954,45,,,1,99,,368955,45,,,1,100,,368956,45,,,1,100,,368957,45,,,1,101,,368958,45,,,1,100,,368959,45,,,1,100,,368960,45,,,1,100,,368961,45,,,1,100,,368962,45,,,1,71,,368971,9,,,1,30,,368963,45,,,1,70,,368972,9,,,1,29,,368964,45,,,1,100,,368965,45,,,1,99,,368966,45,,,1,100,,368967,45,,,1,100,,368968,45,,,1,100,,368969,45,,,1,100,,368970,45,,,1
8400,'20260509',755,,368973,45,,,1,100,,368988,45,,,1,100,,368974,45,,,1,100,,368989,45,,,1,100,,368975,45,,,1,100,,368977,45,,,1,100,,368978,45,,,1,100,,368979,45,,,1,100,,368980,45,,,1,100,,368981,45,,,1,100,,368982,45,,,1,100,,368983,45,,,1,100,,368984,45,,,1,100,,368985,45,,,1,100,,368986,45,,,1,100,,368987,45,,,1,100,,368976,45,,,1
8400,'20260510',755,,368990,45,,,1,100,,369005,45,,,1,100,,368991,45,,,1,100,,369006,45,,,1,100,,368992,45,,,1,100,,368999,45,,,1,100,,368993,45,,,1,100,,369000,45,,,1,100,,368994,45,,,1,100,,369001,45,,,1,100,,368995,45,,,1,100,,369002,45,,,1,100,,368996,45,,,1,100,,369003,45,,,1,100,,368997,45,,,1,100,,369004,45,,,1,100,,368998,45,,,1
8400,'20260511',756,,369007,45,,,1,99,,369008,45,,,1,100,,369009,45,,,1,100,,369010,45,,,1,101,,369011,45,,,1,100,,369012,45,,,1,100,,369013,45,,,1,100,,369014,45,,,1,100,,369015,45,,,1,71,,369024,9,,,1,30,,369016,45,,,1,70,,369025,9,,,1,29,,369017,45,,,1,100,,369018,45,,,1,99,,369019,45,,,1,100,,369020,45,,,1,100,,369021,45,,,1,100,,369022,45,,,1,100,,369023,45,,,1
8400,'20260512',756,,400916,45,,,1,99,,400917,45,,,1,100,,400918,45,,,1,100,,400919,45,,,1,101,,400920,45,,,1,100,,400921,45,,,1,100,,400922,45,,,1,100,,400923,45,,,1,100,,400924,45,,,1,71,,400933,9,,,1,30,,400925,45,,,1,70,,400934,9,,,1,29,,400926,45,,,1,100,,400927,45,,,1,99,,400928,45,,,1,100,,400929,45,,,1,100,,400930,45,,,1,100,,400931,45,,,1,100,,400932,45,,,1
8400,'20260513',756,,400935,45,,,1,99,,400936,45,,,1,100,,400937,45,,,1,100,,400938,45,,,1,101,,400939,45,,,1,100,,400940,45,,,1,100,,400941,45,,,1,100,,400942,45,,,1,100,,400943,45,,,1,71,,400952,9,,,1,30,,400944,45,,,1,70,,400953,9,,,1,29,,400945,45,,,1,100,,400946,45,,,1,99,,400947,45,,,1,100,,400948,45,,,1,100,,400949,45,,,1,100,,400950,45,,,1,100,,400951,45,,,1
8400,'20260514',756,,400954,45,,,1,99,,400955,45,,,1,100,,400956,45,,,1,100,,400957,45,,,1,101,,400958,45,,,1,100,,400959,45,,,1,100,,400960,45,,,1,100,,400961,45,,,1,100,,400962,45,,,1,71,,400971,9,,,1,30,,400963,45,,,1,70,,400972,9,,,1,29,,400964,45,,,1,100,,400965,45,,,1,99,,400966,45,,,1,100,,400967,45,,,1,100,,400968,45,,,1,100,,400969,45,,,1,100,,400970,45,,,1
8400,'20260515',756,,400973,45,,,1,99,,400974,45,,,1,100,,400975,45,,,1,100,,400976,45,,,1,101,,400977,45,,,1,100,,400978,45,,,1,100,,400979,45,,,1,100,,400980,45,,,1,100,,400981,45,,,1,71,,400990,9,,,1,30,,400982,45,,,1,70,,400991,9,,,1,29,,400983,45,,,1,100,,400984,45,,,1,99,,400985,45,,,1,100,,400986,45,,,1,100,,400987,45,,,1,100,,400988,45,,,1,100,,400989,45,,,1
27400,'20260501',1608,,371986,15,4,,0,35,,371987,15,4,,0,65,,371988,15,4,,0,29,,371989,15,4,,0,66,,371990,15,4,,0
27400,'20260504',1608,,405441,15,4,,0,35,,405442,15,4,,0,65,,405443,15,4,,0,29,,405444,15,4,,0,66,,405445,15,4,,0
27400,'20260505',1608,,405446,15,4,,0,35,,405447,15,4,,0,65,,405448,15,4,,0,29,,405449,15,4,,0,66,,405450,15,4,,0
27400,'20260506',1608,,405451,15,4,,0,35,,405452,15,4,,0,65,,405453,15,4,,0,29,,405454,15,4,,0,66,,405455,15,4,,0
27400,'20260507',1608,,405456,15,4,,0,35,,405457,15,4,,0,65,,405458,15,4,,0,29,,405459,15,4,,0,66,,405460,15,4,,0
27400,'20260508',1608,,371991,15,4,,0,35,,371992,15,4,,0,65,,371994,15,4,,0,29,,371995,15,4,,0,66,,371993,15,4,,0
27400,'20260511',1608,,371996,15,4,,0,35,,371997,15,4,,0,65,,371999,15,4,,0,29,,372000,15,4,,0,66,,371998,15,4,,0
27400,'20260512',1608,,405461,15,4,,0,35,,405462,15,4,,0,65,,405464,15,4,,0,29,,405465,15,4,,0,66,,405463,15,4,,0
27400,'20260513',1608,,405466,15,4,,0,35,,405467,15,4,,0,65,,405469,15,4,,0,29,,405470,15,4,,0,66,,405468,15,4,,0
27400,'20260514',1608,,405471,15,4,,0,35,,405472,15,4,,0,65,,405474,15,4,,0,29,,405475,15,4,,0,66,,405473,15,4,,0
27400,'20260515',1608,,405476,15,4,,0,35,,405477,15,4,,0,65,,405479,15,4,,0,29,,405480,15,4,,0,66,,405478,15,4,,0
37400,'20260501',1636,,372972,14,4,,0,94,,372973,14,4,,0,125,,372974,14,4,,0
37400,'20260504',1636,,407025,14,4,,0,94,,407026,14,4,,0,125,,407027,14,4,,0
37400,'20260505',1636,,407028,14,4,,0,94,,407029,14,4,,0,125,,407030,14,4,,0
37400,'20260506',1636,,407031,14,4,,0,94,,407032,14,4,,0,125,,407033,14,4,,0
37400,'20260507',1636,,407034,14,4,,0,94,,407035,14,4,,0,125,,407036,14,4,,0
37400,'20260508',1636,,372975,14,4,,0,94,,372976,14,4,,0,125,,372977,14,4,,0
37400,'20260511',1636,,372978,14,4,,0,94,,372979,14,4,,0,125,,372980,14,4,,0
37400,'20260512',1636,,407037,14,4,,0,94,,407038,14,4,,0,125,,407039,14,4,,0
37400,'20260513',1636,,407040,14,4,,0,94,,407041,14,4,,0,125,,407042,14,4,,0
37400,'20260514',1636,,407043,14,4,,0,94,,407044,14,4,,0,125,,407045,14,4,,0
37400,'20260515',1636,,407046,14,4,,0,94,,407047,14,4,,0,125,,407048,14,4,,0
57400,'20260501',1556,,373537,12,4,,0,79,,373538,12,4,,0,71,,373539,12,4,,0,34,,373540,12,4,,0
57400,'20260504',1556,,407925,12,4,,0,79,,407926,12,4,,0,71,,407927,12,4,,0,34,,407928,12,4,,0
57400,'20260505',1556,,407929,12,4,,0,79,,407930,12,4,,0,71,,407931,12,4,,0,34,,407932,12,4,,0
57400,'20260506',1556,,407933,12,4,,0,79,,407934,12,4,,0,71,,407935,12,4,,0,34,,407936,12,4,,0
57400,'20260507',1556,,407937,12,4,,0,79,,407938,12,4,,0,71,,407939,12,4,,0,34,,407940,12,4,,0
57400,'20260508',1556,,373544,12,4,,0,79,,373542,12,4,,0,71,,373543,12,4,,0,34,,373541,12,4,,0
57400,'20260511',1556,,373548,12,4,,0,79,,373546,12,4,,0,71,,373547,12,4,,0,34,,373545,12,4,,0
57400,'20260512',1556,,407944,12,4,,0,79,,407942,12,4,,0,71,,407943,12,4,,0,34,,407941,12,4,,0
57400,'20260513',1556,,407948,12,4,,0,79,,407946,12,4,,0,71,,407947,12,4,,0,34,,407945,12,4,,0
57400,'20260514',1556,,407952,12,4,,0,79,,407950,12,4,,0,71,,407951,12,4,,0,34,,407949,12,4,,0
57400,'20260515',1556,,407956,12,4,,0,79,,407954,12,4,,0,71,,407955,12,4,,0,34,,407953,12,4,,0
98400,'20260501',2603,,383171,47,,,0
98400,'20260502',2603,,421935,47,,,0
98400,'20260508',2603,,383172,47,,,0
98400,'20260509',2603,,383173,47,,,0
98400,'20260515',2603,,421936,47,,,0
7008400,'20260501',1623,,383338,13,,,0
7008400,'20260504',1623,,422187,13,,,0
7008400,'20260505',1623,,422190,13,,,0
7008400,'20260506',1623,,422193,13,,,0
7008400,'20260507',1623,,422196,13,,,0
7008400,'20260508',1623,,383341,13,,,0
7008400,'20260511',1623,,383343,13,,,0
7008400,'20260512',1623,,422199,13,,,0
7008400,'20260513',1623,,422201,13,,,0
7008400,'20260514',1623,,422203,13,,,0
