903,'20260407',617,,191763,23,,,0,30,,191764,23,,,0,68,,191765,23,,,0,29,,191766,23,,,0,70,,191767,23,,,0
903,'20260408',617,,191768,23,,,0,30,,191769,23,,,0,68,,191770,23,,,0,29,,191771,23,,,0,70,,191772,23,,,0
903,'20260409',617,,191773,23,,,0,30,,191774,23,,,0,68,,191775,23,,,0,29,,191776,23,,,0,70,,191777,23,,,0
903,'20260410',617,,191778,23,,,0,30,,191779,23,,,0,68,,191780,23,,,0,29,,191781,23,,,0,70,,191782,23,,,0
903,'20260413',617,,146381,23,,,0,30,,146380,23,,,0,68,,146377,23,,,0,29,,146378,23,,,0,70,,146379,23,,,0
903,'20260414',617,,146386,23,,,0,30,,146385,23,,,0,68,,146382,23,,,0,29,,146383,23,,,0,70,,146384,23,,,0
903,'20260415',617,,191787,23,,,0,30,,191786,23,,,0,68,,191783,23,,,0,29,,191784,23,,,0,70,,191785,23,,,0
903,'20260416',617,,191792,23,,,0,30,,191791,23,,,0,68,,191788,23,,,0,29,,191789,23,,,0,70,,191790,23,,,0
903,'20260417',617,,191797,23,,,0,30,,191796,23,,,0,68,,191793,23,,,0,29,,191794,23,,,0,70,,191795,23,,,0
903,'20260420',617,,191802,23,,,0,30,,191801,23,,,0,68,,191798,23,,,0,29,,191799,23,,,0,70,,191800,23,,,0
