3900,'20260413',724,,240597,18,,,0,100,,240598,18,,,0,30,,240599,18,,,0,70,,240600,18,,,0,100,,240601,18,,,0,100,,240602,18,,,0,100,,240603,18,,,0,100,,240604,18,,,0,100,,240605,18,,,0,100,,240606,18,,,0,29,,240607,18,,,0,68,,240608,18,,,0,32,,240609,18,,,0,70,,240610,18,,,0,31,,240611,18,,,0,71,,240612,18,,,0,100,,240613,18,,,0,100,,240614,18,,,0,100,,240615,18,,,0,100,,240616,18,,,0,101,,240617,18,,,0,101,,240618,18,,,0
3900,'20260414',724,,240619,18,,,0,100,,240620,18,,,0,30,,240621,18,,,0,70,,240622,18,,,0,100,,240623,18,,,0,100,,240624,18,,,0,100,,240625,18,,,0,100,,240626,18,,,0,100,,240627,18,,,0,100,,240628,18,,,0,29,,240629,18,,,0,68,,240630,18,,,0,32,,240631,18,,,0,70,,240632,18,,,0,31,,240633,18,,,0,71,,240634,18,,,0,100,,240635,18,,,0,100,,240636,18,,,0,100,,240637,18,,,0,100,,240638,18,,,0,101,,240639,18,,,0,101,,240640,18,,,0
3900,'20260415',724,,240641,18,,,0,100,,240642,18,,,0,30,,240643,18,,,0,70,,240644,18,,,0,100,,240645,18,,,0,100,,240646,18,,,0,100,,240647,18,,,0,100,,240648,18,,,0,100,,240649,18,,,0,100,,240650,18,,,0,29,,240651,18,,,0,68,,240652,18,,,0,32,,240653,18,,,0,70,,240654,18,,,0,31,,240655,18,,,0,71,,240656,18,,,0,100,,240657,18,,,0,100,,240658,18,,,0,100,,240659,18,,,0,100,,240660,18,,,0,101,,240661,18,,,0,101,,240662,18,,,0
3900,'20260416',724,,240663,18,,,0,100,,240664,18,,,0,30,,240665,18,,,0,70,,240666,18,,,0,100,,240667,18,,,0,100,,240668,18,,,0,100,,240669,18,,,0,100,,240670,18,,,0,100,,240671,18,,,0,100,,240672,18,,,0,29,,240673,18,,,0,68,,240674,18,,,0,32,,240675,18,,,0,70,,240676,18,,,0,31,,240677,18,,,0,71,,240678,18,,,0,100,,240679,18,,,0,100,,240680,18,,,0,100,,240681,18,,,0,100,,240682,18,,,0,101,,240683,18,,,0,101,,240684,18,,,0
3900,'20260417',724,,240685,18,,,0,100,,240686,18,,,0,30,,240687,18,,,0,70,,240688,18,,,0,100,,240689,18,,,0,100,,240690,18,,,0,100,,240691,18,,,0,100,,240692,18,,,0,100,,240693,18,,,0,100,,240694,18,,,0,29,,240695,18,,,0,68,,240696,18,,,0,32,,240697,18,,,0,70,,240698,18,,,0,31,,240699,18,,,0,71,,240700,18,,,0,100,,240701,18,,,0,100,,240702,18,,,0,100,,240703,18,,,0,100,,240704,18,,,0,101,,240705,18,,,0,101,,240706,18,,,0
3900,'20260418',725,,197968,18,,,0,100,,197971,18,,,0,100,,197957,18,,,0,100,,197972,18,,,0,100,,197958,18,,,0,100,,197959,18,,,0,100,,197960,18,,,0,100,,197961,18,,,0,100,,197962,18,,,0,100,,197963,18,,,0,100,,197964,18,,,0,100,,197965,18,,,0,100,,197969,18,,,0,100,,197966,18,,,0,100,,197970,18,,,0,100,,197967,18,,,0,201,,197973,18,,,0
3900,'20260419',725,,197986,18,,,0,100,,197988,18,,,0,100,,197987,18,,,0,100,,197989,18,,,0,100,,197983,18,,,0,100,,197974,18,,,0,100,,197975,18,,,0,100,,197976,18,,,0,100,,197977,18,,,0,100,,197978,18,,,0,100,,197979,18,,,0,100,,197980,18,,,0,100,,197984,18,,,0,100,,197981,18,,,0,100,,197985,18,,,0,100,,197982,18,,,0,201,,197990,18,,,0
3900,'20260420',724,,198010,18,,,0,100,,197991,18,,,0,30,,198012,18,,,0,70,,197992,18,,,0,100,,197993,18,,,0,100,,197994,18,,,0,100,,197995,18,,,0,100,,197996,18,,,0,100,,197997,18,,,0,100,,197998,18,,,0,29,,197999,18,,,0,68,,198000,18,,,0,32,,198001,18,,,0,70,,198002,18,,,0,31,,198003,18,,,0,71,,198004,18,,,0,100,,198005,18,,,0,100,,198006,18,,,0,100,,198007,18,,,0,100,,198011,18,,,0,101,,198008,18,,,0,101,,198009,18,,,0
3900,'20260421',724,,240726,18,,,0,100,,240707,18,,,0,30,,240728,18,,,0,70,,240708,18,,,0,100,,240709,18,,,0,100,,240710,18,,,0,100,,240711,18,,,0,100,,240712,18,,,0,100,,240713,18,,,0,100,,240714,18,,,0,29,,240715,18,,,0,68,,240716,18,,,0,32,,240717,18,,,0,70,,240718,18,,,0,31,,240719,18,,,0,71,,240720,18,,,0,100,,240721,18,,,0,100,,240722,18,,,0,100,,240723,18,,,0,100,,240727,18,,,0,101,,240724,18,,,0,101,,240725,18,,,0
3900,'20260422',724,,240748,18,,,0,100,,240729,18,,,0,30,,240750,18,,,0,70,,240730,18,,,0,100,,240731,18,,,0,100,,240732,18,,,0,100,,240733,18,,,0,100,,240734,18,,,0,100,,240735,18,,,0,100,,240736,18,,,0,29,,240737,18,,,0,68,,240738,18,,,0,32,,240739,18,,,0,70,,240740,18,,,0,31,,240741,18,,,0,71,,240742,18,,,0,100,,240743,18,,,0,100,,240744,18,,,0,100,,240745,18,,,0,100,,240749,18,,,0,101,,240746,18,,,0,101,,240747,18,,,0
3900,'20260423',724,,240770,18,,,0,100,,240751,18,,,0,30,,240772,18,,,0,70,,240752,18,,,0,100,,240753,18,,,0,100,,240754,18,,,0,100,,240755,18,,,0,100,,240756,18,,,0,100,,240757,18,,,0,100,,240758,18,,,0,29,,240759,18,,,0,68,,240760,18,,,0,32,,240761,18,,,0,70,,240762,18,,,0,31,,240763,18,,,0,71,,240764,18,,,0,100,,240765,18,,,0,100,,240766,18,,,0,100,,240767,18,,,0,100,,240771,18,,,0,101,,240768,18,,,0,101,,240769,18,,,0
3900,'20260424',724,,240792,18,,,0,100,,240773,18,,,0,30,,240794,18,,,0,70,,240774,18,,,0,100,,240775,18,,,0,100,,240776,18,,,0,100,,240777,18,,,0,100,,240778,18,,,0,100,,240779,18,,,0,100,,240780,18,,,0,29,,240781,18,,,0,68,,240782,18,,,0,32,,240783,18,,,0,70,,240784,18,,,0,31,,240785,18,,,0,71,,240786,18,,,0,100,,240787,18,,,0,100,,240788,18,,,0,100,,240789,18,,,0,100,,240793,18,,,0,101,,240790,18,,,0,101,,240791,18,,,0
3900,'20260425',725,,240806,18,,,0,100,,240809,18,,,0,100,,240795,18,,,0,100,,240810,18,,,0,100,,240796,18,,,0,100,,240797,18,,,0,100,,240798,18,,,0,100,,240799,18,,,0,100,,240800,18,,,0,100,,240801,18,,,0,100,,240802,18,,,0,100,,240803,18,,,0,100,,240807,18,,,0,100,,240804,18,,,0,100,,240808,18,,,0,100,,240805,18,,,0,201,,240811,18,,,0
3900,'20260426',725,,240824,18,,,0,100,,240826,18,,,0,100,,240825,18,,,0,100,,240827,18,,,0,100,,240821,18,,,0,100,,240812,18,,,0,100,,240813,18,,,0,100,,240814,18,,,0,100,,240815,18,,,0,100,,240816,18,,,0,100,,240817,18,,,0,100,,240818,18,,,0,100,,240822,18,,,0,100,,240819,18,,,0,100,,240823,18,,,0,100,,240820,18,,,0,201,,240828,18,,,0
3900,'20260427',724,,240848,18,,,0,100,,240829,18,,,0,30,,240850,18,,,0,70,,240830,18,,,0,100,,240831,18,,,0,100,,240832,18,,,0,100,,240833,18,,,0,100,,240834,18,,,0,100,,240835,18,,,0,100,,240836,18,,,0,29,,240837,18,,,0,68,,240838,18,,,0,32,,240839,18,,,0,70,,240840,18,,,0,31,,240841,18,,,0,71,,240842,18,,,0,100,,240843,18,,,0,100,,240844,18,,,0,100,,240845,18,,,0,100,,240849,18,,,0,101,,240846,18,,,0,101,,240847,18,,,0
5200,'20260413',642,,241511,25,,,0,71,,241512,25,,,0,35,,241513,25,,,0,72,,241514,25,,,0,28,,241515,25,,,0,66,,241516,25,,,0,29,,241517,25,,,0,100,,241518,25,,,0,100,,241519,25,,,0,101,,241520,25,,,0,100,,241521,25,,,0,100,,241522,25,,,0,70,,241523,25,,,0,33,,241524,25,,,0,66,,241525,25,,,0,36,,241526,25,,,0,72,,241527,25,,,0,25,,241528,25,,,0,97,,241529,25,,,0,97,,241530,25,,,0,99,,241531,25,,,0,100,,241532,25,,,0,100,,241533,25,,,0,100,,241534,25,,,0
5200,'20260414',642,,241535,25,,,0,71,,241536,25,,,0,35,,241537,25,,,0,72,,241538,25,,,0,28,,241539,25,,,0,66,,241540,25,,,0,29,,241541,25,,,0,100,,241542,25,,,0,100,,241543,25,,,0,101,,241544,25,,,0,100,,241545,25,,,0,100,,241546,25,,,0,70,,241547,25,,,0,33,,241548,25,,,0,66,,241549,25,,,0,36,,241550,25,,,0,72,,241551,25,,,0,25,,241552,25,,,0,97,,241553,25,,,0,97,,241554,25,,,0,99,,241555,25,,,0,100,,241556,25,,,0,100,,241557,25,,,0,100,,241558,25,,,0
5200,'20260415',642,,241559,25,,,0,71,,241560,25,,,0,35,,241561,25,,,0,72,,241562,25,,,0,28,,241563,25,,,0,66,,241564,25,,,0,29,,241565,25,,,0,100,,241566,25,,,0,100,,241567,25,,,0,101,,241568,25,,,0,100,,241569,25,,,0,100,,241570,25,,,0,70,,241571,25,,,0,33,,241572,25,,,0,66,,241573,25,,,0,36,,241574,25,,,0,72,,241575,25,,,0,25,,241576,25,,,0,97,,241577,25,,,0,97,,241578,25,,,0,99,,241579,25,,,0,100,,241580,25,,,0,100,,241581,25,,,0,100,,241582,25,,,0
5200,'20260416',642,,241583,25,,,0,71,,241584,25,,,0,35,,241585,25,,,0,72,,241586,25,,,0,28,,241587,25,,,0,66,,241588,25,,,0,29,,241589,25,,,0,100,,241590,25,,,0,100,,241591,25,,,0,101,,241592,25,,,0,100,,241593,25,,,0,100,,241594,25,,,0,70,,241595,25,,,0,33,,241596,25,,,0,66,,241597,25,,,0,36,,241598,25,,,0,72,,241599,25,,,0,25,,241600,25,,,0,97,,241601,25,,,0,97,,241602,25,,,0,99,,241603,25,,,0,100,,241604,25,,,0,100,,241605,25,,,0,100,,241606,25,,,0
5200,'20260417',642,,241607,25,,,0,71,,241608,25,,,0,35,,241609,25,,,0,72,,241610,25,,,0,28,,241611,25,,,0,66,,241612,25,,,0,29,,241613,25,,,0,100,,241614,25,,,0,100,,241615,25,,,0,101,,241616,25,,,0,100,,241617,25,,,0,100,,241618,25,,,0,70,,241619,25,,,0,33,,241620,25,,,0,66,,241621,25,,,0,36,,241622,25,,,0,72,,241623,25,,,0,25,,241624,25,,,0,97,,241625,25,,,0,97,,241626,25,,,0,99,,241627,25,,,0,100,,241628,25,,,0,100,,241629,25,,,0,100,,241630,25,,,0
5200,'20260418',739,,198796,25,,,0,100,,198797,25,,,0,100,,198798,25,,,0,100,,198799,25,,,0,101,,198800,25,,,0,102,,198801,25,,,0,105,,198802,25,,,0,95,,198803,25,,,0,96,,198804,25,,,0,104,,198805,25,,,0,100,,198806,25,,,0,98,,198810,25,,,0,99,,198807,25,,,0,99,,198811,25,,,0,100,,198808,25,,,0,100,,198812,25,,,0,100,,198809,25,,,0
5200,'20260419',739,,198824,25,,,0,100,,198825,25,,,0,100,,198823,25,,,0,100,,198813,25,,,0,101,,198814,25,,,0,102,,198815,25,,,0,105,,198816,25,,,0,95,,198817,25,,,0,96,,198818,25,,,0,104,,198819,25,,,0,100,,198826,25,,,0,98,,198820,25,,,0,99,,198827,25,,,0,99,,198821,25,,,0,100,,198828,25,,,0,100,,198822,25,,,0,100,,198829,25,,,0
5200,'20260420',642,,198830,25,,,0,71,,198831,25,,,0,35,,198832,25,,,0,72,,198833,25,,,0,28,,198834,25,,,0,66,,198852,25,,,0,29,,198835,25,,,0,100,,198836,25,,,0,100,,198837,25,,,0,101,,198838,25,,,0,100,,198839,25,,,0,100,,198840,25,,,0,70,,198853,25,,,0,33,,198841,25,,,0,66,,198851,25,,,0,36,,198842,25,,,0,72,,198843,25,,,0,25,,198844,25,,,0,97,,198845,25,,,0,97,,198846,25,,,0,99,,198847,25,,,0,100,,198848,25,,,0,100,,198849,25,,,0,100,,198850,25,,,0
5200,'20260421',642,,241631,25,,,0,71,,241632,25,,,0,35,,241633,25,,,0,72,,241634,25,,,0,28,,241635,25,,,0,66,,241653,25,,,0,29,,241636,25,,,0,100,,241637,25,,,0,100,,241638,25,,,0,101,,241639,25,,,0,100,,241640,25,,,0,100,,241641,25,,,0,70,,241654,25,,,0,33,,241642,25,,,0,66,,241652,25,,,0,36,,241643,25,,,0,72,,241644,25,,,0,25,,241645,25,,,0,97,,241646,25,,,0,97,,241647,25,,,0,99,,241648,25,,,0,100,,241649,25,,,0,100,,241650,25,,,0,100,,241651,25,,,0
5200,'20260422',642,,241655,25,,,0,71,,241656,25,,,0,35,,241657,25,,,0,72,,241658,25,,,0,28,,241659,25,,,0,66,,241677,25,,,0,29,,241660,25,,,0,100,,241661,25,,,0,100,,241662,25,,,0,101,,241663,25,,,0,100,,241664,25,,,0,100,,241665,25,,,0,70,,241678,25,,,0,33,,241666,25,,,0,66,,241676,25,,,0,36,,241667,25,,,0,72,,241668,25,,,0,25,,241669,25,,,0,97,,241670,25,,,0,97,,241671,25,,,0,99,,241672,25,,,0,100,,241673,25,,,0,100,,241674,25,,,0,100,,241675,25,,,0
5200,'20260423',642,,241679,25,,,0,71,,241680,25,,,0,35,,241681,25,,,0,72,,241682,25,,,0,28,,241683,25,,,0,66,,241701,25,,,0,29,,241684,25,,,0,100,,241685,25,,,0,100,,241686,25,,,0,101,,241687,25,,,0,100,,241688,25,,,0,100,,241689,25,,,0,70,,241702,25,,,0,33,,241690,25,,,0,66,,241700,25,,,0,36,,241691,25,,,0,72,,241692,25,,,0,25,,241693,25,,,0,97,,241694,25,,,0,97,,241695,25,,,0,99,,241696,25,,,0,100,,241697,25,,,0,100,,241698,25,,,0,100,,241699,25,,,0
5200,'20260424',642,,241703,25,,,0,71,,241704,25,,,0,35,,241705,25,,,0,72,,241706,25,,,0,28,,241707,25,,,0,66,,241725,25,,,0,29,,241708,25,,,0,100,,241709,25,,,0,100,,241710,25,,,0,101,,241711,25,,,0,100,,241712,25,,,0,100,,241713,25,,,0,70,,241726,25,,,0,33,,241714,25,,,0,66,,241724,25,,,0,36,,241715,25,,,0,72,,241716,25,,,0,25,,241717,25,,,0,97,,241718,25,,,0,97,,241719,25,,,0,99,,241720,25,,,0,100,,241721,25,,,0,100,,241722,25,,,0,100,,241723,25,,,0
5200,'20260425',739,,241727,25,,,0,100,,241728,25,,,0,100,,241729,25,,,0,100,,241730,25,,,0,101,,241731,25,,,0,102,,241732,25,,,0,105,,241733,25,,,0,95,,241734,25,,,0,96,,241735,25,,,0,104,,241736,25,,,0,100,,241737,25,,,0,98,,241741,25,,,0,99,,241738,25,,,0,99,,241742,25,,,0,100,,241739,25,,,0,100,,241743,25,,,0,100,,241740,25,,,0
5200,'20260426',739,,241755,25,,,0,100,,241756,25,,,0,100,,241754,25,,,0,100,,241744,25,,,0,101,,241745,25,,,0,102,,241746,25,,,0,105,,241747,25,,,0,95,,241748,25,,,0,96,,241749,25,,,0,104,,241750,25,,,0,100,,241757,25,,,0,98,,241751,25,,,0,99,,241758,25,,,0,99,,241752,25,,,0,100,,241759,25,,,0,100,,241753,25,,,0,100,,241760,25,,,0
5200,'20260427',642,,241761,25,,,0,71,,241762,25,,,0,35,,241763,25,,,0,72,,241764,25,,,0,28,,241765,25,,,0,66,,241783,25,,,0,29,,241766,25,,,0,100,,241767,25,,,0,100,,241768,25,,,0,101,,241769,25,,,0,100,,241770,25,,,0,100,,241771,25,,,0,70,,241784,25,,,0,33,,241772,25,,,0,66,,241782,25,,,0,36,,241773,25,,,0,72,,241774,25,,,0,25,,241775,25,,,0,97,,241776,25,,,0,97,,241777,25,,,0,99,,241778,25,,,0,100,,241779,25,,,0,100,,241780,25,,,0,100,,241781,25,,,0
