2903,'20260707',618,,867993,33,,,0,30,,867994,33,,,0,69,,867995,33,,,0,29,,867996,33,,,0,70,,867997,33,,,0,31,,867998,33,,,0
2903,'20260708',618,,867999,33,,,0,30,,868000,33,,,0,69,,868001,33,,,0,29,,868002,33,,,0,70,,868003,33,,,0,31,,868004,33,,,0
2903,'20260709',618,,868005,33,,,0,30,,868006,33,,,0,69,,868007,33,,,0,29,,868008,33,,,0,70,,868009,33,,,0,31,,868010,33,,,0
2903,'20260710',618,,902438,33,,,0,30,,902439,33,,,0,69,,902440,33,,,0,29,,902441,33,,,0,70,,902442,33,,,0,31,,902443,33,,,0
2903,'20260713',618,,847875,33,,,0,30,,847876,33,,,0,69,,847873,33,,,0,29,,847877,33,,,0,70,,847878,33,,,0,31,,847874,33,,,0
2903,'20260714',618,,847881,33,,,0,30,,847882,33,,,0,69,,847879,33,,,0,29,,847883,33,,,0,70,,847884,33,,,0,31,,847880,33,,,0
2903,'20260715',618,,868013,33,,,0,30,,868014,33,,,0,69,,868011,33,,,0,29,,868015,33,,,0,70,,868016,33,,,0,31,,868012,33,,,0
2903,'20260716',618,,868019,33,,,0,30,,868020,33,,,0,69,,868017,33,,,0,29,,868021,33,,,0,70,,868022,33,,,0,31,,868018,33,,,0
2903,'20260717',618,,868025,33,,,0,30,,868026,33,,,0,69,,868023,33,,,0,29,,868027,33,,,0,70,,868028,33,,,0,31,,868024,33,,,0
2903,'20260720',618,,902446,33,,,0,30,,902447,33,,,0,69,,902444,33,,,0,29,,902448,33,,,0,70,,902449,33,,,0,31,,902445,33,,,0
2903,'20260721',618,,902452,33,,,0,30,,902453,33,,,0,69,,902450,33,,,0,29,,902454,33,,,0,70,,902455,33,,,0,31,,902451,33,,,0
8801,'20260707',708,,880258,28,,,0,2,,880259,28,,,0,31,,880260,28,,,0,74,,880261,28,,,0,25,,880262,28,,,0,169,,880263,28,,,0,532,,880264,28,,,0,70,,880265,28,,,0,100,,880266,28,,,0,127,,880267,28,,,0
8801,'20260708',708,,880268,28,,,0,2,,880269,28,,,0,31,,880270,28,,,0,74,,880271,28,,,0,25,,880272,28,,,0,169,,880273,28,,,0,532,,880274,28,,,0,70,,880275,28,,,0,100,,880276,28,,,0,127,,880277,28,,,0
8801,'20260709',708,,880278,28,,,0,2,,880279,28,,,0,31,,880280,28,,,0,74,,880281,28,,,0,25,,880282,28,,,0,169,,880283,28,,,0,532,,880284,28,,,0,70,,880285,28,,,0,100,,880286,28,,,0,127,,880287,28,,,0
8801,'20260710',708,,907958,28,,,0,2,,907959,28,,,0,31,,907960,28,,,0,74,,907961,28,,,0,25,,907962,28,,,0,169,,907963,28,,,0,532,,907964,28,,,0,70,,907965,28,,,0,100,,907966,28,,,0,127,,907967,28,,,0
8801,'20260713',708,,853405,28,,,0,2,,853396,28,,,0,31,,853397,28,,,0,74,,853398,28,,,0,25,,853399,28,,,0,169,,853403,28,,,0,532,,853400,28,,,0,70,,853401,28,,,0,100,,853402,28,,,0,127,,853404,28,,,0
8801,'20260714',708,,853415,28,,,0,2,,853406,28,,,0,31,,853407,28,,,0,74,,853408,28,,,0,25,,853409,28,,,0,169,,853413,28,,,0,532,,853410,28,,,0,70,,853411,28,,,0,100,,853412,28,,,0,127,,853414,28,,,0
8801,'20260715',708,,880297,28,,,0,2,,880288,28,,,0,31,,880289,28,,,0,74,,880290,28,,,0,25,,880291,28,,,0,169,,880295,28,,,0,532,,880292,28,,,0,70,,880293,28,,,0,100,,880294,28,,,0,127,,880296,28,,,0
8801,'20260716',708,,880307,28,,,0,2,,880298,28,,,0,31,,880299,28,,,0,74,,880300,28,,,0,25,,880301,28,,,0,169,,880305,28,,,0,532,,880302,28,,,0,70,,880303,28,,,0,100,,880304,28,,,0,127,,880306,28,,,0
8801,'20260717',708,,880317,28,,,0,2,,880308,28,,,0,31,,880309,28,,,0,74,,880310,28,,,0,25,,880311,28,,,0,169,,880315,28,,,0,532,,880312,28,,,0,70,,880313,28,,,0,100,,880314,28,,,0,127,,880316,28,,,0
8801,'20260720',708,,907977,28,,,0,2,,907968,28,,,0,31,,907969,28,,,0,74,,907970,28,,,0,25,,907971,28,,,0,169,,907975,28,,,0,532,,907972,28,,,0,70,,907973,28,,,0,100,,907974,28,,,0,127,,907976,28,,,0
8801,'20260721',708,,907987,28,,,0,2,,907978,28,,,0,31,,907979,28,,,0,74,,907980,28,,,0,25,,907981,28,,,0,169,,907985,28,,,0,532,,907982,28,,,0,70,,907983,28,,,0,100,,907984,28,,,0,127,,907986,28,,,0
