8000,'20260512',657,,447837,52,,,0,70,,447838,52,,,0,30,,447839,52,,,0,70,,447840,52,,,0,30,,447841,52,,,0,69,,447842,52,,,0,30,,447843,52,,,0,70,,447844,52,,,0,30,,447845,52,,,0,70,,447846,52,,,0,30,,447847,52,,,0,70,,447848,52,,,0,30,,447849,52,,,0,70,,447850,52,,,0,30,,447851,52,,,0,70,,447852,52,,,0,31,,447853,52,,,0,70,,447854,52,,,0,30,,447855,52,,,0,70,,447856,52,,,0,30,,447857,52,,,0,70,,447858,52,,,0,31,,447859,52,,,0,69,,447860,52,,,0,29,,447861,52,,,0,70,,447862,52,,,0,100,,447864,52,,,0,100,,447866,52,,,0,100,,447868,52,,,0,100,,447870,52,,,0,100,,447872,52,,,0,30,,447873,52,,,0
8000,'20260513',657,,473212,52,,,0,70,,473213,52,,,0,30,,473214,52,,,0,70,,473215,52,,,0,30,,473216,52,,,0,69,,473217,52,,,0,30,,473218,52,,,0,70,,473219,52,,,0,30,,473220,52,,,0,70,,473221,52,,,0,30,,473222,52,,,0,70,,473223,52,,,0,30,,473224,52,,,0,70,,473225,52,,,0,30,,473226,52,,,0,70,,473227,52,,,0,31,,473228,52,,,0,70,,473229,52,,,0,30,,473230,52,,,0,70,,473231,52,,,0,30,,473232,52,,,0,70,,473233,52,,,0,31,,473234,52,,,0,69,,473235,52,,,0,29,,473236,52,,,0,70,,473237,52,,,0,100,,473239,52,,,0,100,,473241,52,,,0,100,,473243,52,,,0,100,,473245,52,,,0,100,,473247,52,,,0,30,,473248,52,,,0
8000,'20260514',657,,473250,52,,,0,70,,473251,52,,,0,30,,473252,52,,,0,70,,473253,52,,,0,30,,473254,52,,,0,69,,473255,52,,,0,30,,473256,52,,,0,70,,473257,52,,,0,30,,473258,52,,,0,70,,473259,52,,,0,30,,473260,52,,,0,70,,473261,52,,,0,30,,473262,52,,,0,70,,473263,52,,,0,30,,473264,52,,,0,70,,473265,52,,,0,31,,473266,52,,,0,70,,473267,52,,,0,30,,473268,52,,,0,70,,473269,52,,,0,30,,473270,52,,,0,70,,473271,52,,,0,31,,473272,52,,,0,69,,473273,52,,,0,29,,473274,52,,,0,70,,473275,52,,,0,100,,473277,52,,,0,100,,473279,52,,,0,100,,473281,52,,,0,100,,473283,52,,,0,100,,473285,52,,,0,30,,473286,52,,,0
8000,'20260515',657,,473288,52,,,0,70,,473289,52,,,0,30,,473290,52,,,0,70,,473291,52,,,0,30,,473292,52,,,0,69,,473293,52,,,0,30,,473294,52,,,0,70,,473295,52,,,0,30,,473296,52,,,0,70,,473297,52,,,0,30,,473298,52,,,0,70,,473299,52,,,0,30,,473300,52,,,0,70,,473301,52,,,0,30,,473302,52,,,0,70,,473303,52,,,0,31,,473304,52,,,0,70,,473305,52,,,0,30,,473306,52,,,0,70,,473307,52,,,0,30,,473308,52,,,0,70,,473309,52,,,0,31,,473310,52,,,0,69,,473311,52,,,0,29,,473312,52,,,0,70,,473313,52,,,0,100,,473315,52,,,0,100,,473317,52,,,0,100,,473319,52,,,0,100,,473321,52,,,0,100,,473323,52,,,0,30,,473324,52,,,0
8000,'20260516',656,,429155,52,,,0,70,,429173,52,,,0,30,,429156,52,,,0,70,,429174,52,,,0,30,,429157,52,,,0,70,,429175,52,,,0,30,,429158,52,,,0,70,,429176,52,,,0,30,,429159,52,,,0,70,,429177,52,,,0,30,,429160,52,,,0,70,,429178,52,,,0,31,,429161,52,,,0,70,,429179,52,,,0,30,,429162,52,,,0,70,,429180,52,,,0,30,,429163,52,,,0,70,,429181,52,,,0,30,,429164,52,,,0,70,,429182,52,,,0,30,,429165,52,,,0,70,,429183,52,,,0,30,,429166,52,,,0,69,,429184,52,,,0,30,,429167,52,,,0,70,,429185,52,,,0,30,,429168,52,,,0,100,,429169,52,,,0,100,,429170,52,,,0,100,,429171,52,,,0,100,,429172,52,,,0,100,,429190,52,,,0
8000,'20260517',656,,429192,52,,,0,70,,429210,52,,,0,30,,429193,52,,,0,70,,429211,52,,,0,30,,429194,52,,,0,70,,429212,52,,,0,30,,429195,52,,,0,70,,429213,52,,,0,30,,429196,52,,,0,70,,429214,52,,,0,30,,429197,52,,,0,70,,429215,52,,,0,31,,429198,52,,,0,70,,429216,52,,,0,30,,429199,52,,,0,70,,429217,52,,,0,30,,429200,52,,,0,70,,429218,52,,,0,30,,429201,52,,,0,70,,429219,52,,,0,30,,429202,52,,,0,70,,429220,52,,,0,30,,429203,52,,,0,69,,429221,52,,,0,30,,429204,52,,,0,70,,429222,52,,,0,30,,429205,52,,,0,100,,429206,52,,,0,100,,429207,52,,,0,100,,429208,52,,,0,100,,429209,52,,,0,100,,429228,52,,,0
8000,'20260518',656,,429229,52,,,0,70,,429247,52,,,0,30,,429230,52,,,0,70,,429248,52,,,0,30,,429231,52,,,0,70,,429249,52,,,0,30,,429232,52,,,0,70,,429250,52,,,0,30,,429233,52,,,0,70,,429251,52,,,0,30,,429234,52,,,0,70,,429252,52,,,0,31,,429235,52,,,0,70,,429253,52,,,0,30,,429236,52,,,0,70,,429254,52,,,0,30,,429237,52,,,0,70,,429255,52,,,0,30,,429238,52,,,0,70,,429256,52,,,0,30,,429239,52,,,0,70,,429257,52,,,0,30,,429240,52,,,0,69,,429258,52,,,0,30,,429241,52,,,0,70,,429259,52,,,0,30,,429242,52,,,0,100,,429243,52,,,0,100,,429244,52,,,0,100,,429245,52,,,0,100,,429246,52,,,0,100,,429265,52,,,0
8000,'20260519',657,,429266,52,,,0,70,,429267,52,,,0,30,,429268,52,,,0,70,,429269,52,,,0,30,,429270,52,,,0,69,,429271,52,,,0,30,,429272,52,,,0,70,,429273,52,,,0,30,,429274,52,,,0,70,,429275,52,,,0,30,,429276,52,,,0,70,,429277,52,,,0,30,,429278,52,,,0,70,,429279,52,,,0,30,,429280,52,,,0,70,,429281,52,,,0,31,,429282,52,,,0,70,,429283,52,,,0,30,,429284,52,,,0,70,,429285,52,,,0,30,,429286,52,,,0,70,,429287,52,,,0,31,,429288,52,,,0,69,,429289,52,,,0,29,,429290,52,,,0,70,,429297,52,,,0,100,,429298,52,,,0,100,,429299,52,,,0,100,,429300,52,,,0,100,,429301,52,,,0,100,,429302,52,,,0,30,,429296,52,,,0
8000,'20260520',657,,447874,52,,,0,70,,447875,52,,,0,30,,447876,52,,,0,70,,447877,52,,,0,30,,447878,52,,,0,69,,447879,52,,,0,30,,447880,52,,,0,70,,447881,52,,,0,30,,447882,52,,,0,70,,447883,52,,,0,30,,447884,52,,,0,70,,447885,52,,,0,30,,447886,52,,,0,70,,447887,52,,,0,30,,447888,52,,,0,70,,447889,52,,,0,31,,447890,52,,,0,70,,447891,52,,,0,30,,447892,52,,,0,70,,447893,52,,,0,30,,447894,52,,,0,70,,447895,52,,,0,31,,447896,52,,,0,69,,447897,52,,,0,29,,447898,52,,,0,70,,447905,52,,,0,100,,447906,52,,,0,100,,447907,52,,,0,100,,447908,52,,,0,100,,447909,52,,,0,100,,447910,52,,,0,30,,447904,52,,,0
8000,'20260521',657,,447912,52,,,0,70,,447913,52,,,0,30,,447914,52,,,0,70,,447915,52,,,0,30,,447916,52,,,0,69,,447917,52,,,0,30,,447918,52,,,0,70,,447919,52,,,0,30,,447920,52,,,0,70,,447921,52,,,0,30,,447922,52,,,0,70,,447923,52,,,0,30,,447924,52,,,0,70,,447925,52,,,0,30,,447926,52,,,0,70,,447927,52,,,0,31,,447928,52,,,0,70,,447929,52,,,0,30,,447930,52,,,0,70,,447931,52,,,0,30,,447932,52,,,0,70,,447933,52,,,0,31,,447934,52,,,0,69,,447935,52,,,0,29,,447936,52,,,0,70,,447943,52,,,0,100,,447944,52,,,0,100,,447945,52,,,0,100,,447946,52,,,0,100,,447947,52,,,0,100,,447948,52,,,0,30,,447942,52,,,0
8000,'20260522',657,,473325,52,,,0,70,,473326,52,,,0,30,,473327,52,,,0,70,,473328,52,,,0,30,,473329,52,,,0,69,,473330,52,,,0,30,,473331,52,,,0,70,,473332,52,,,0,30,,473333,52,,,0,70,,473334,52,,,0,30,,473335,52,,,0,70,,473336,52,,,0,30,,473337,52,,,0,70,,473338,52,,,0,30,,473339,52,,,0,70,,473340,52,,,0,31,,473341,52,,,0,70,,473342,52,,,0,30,,473343,52,,,0,70,,473344,52,,,0,30,,473345,52,,,0,70,,473346,52,,,0,31,,473347,52,,,0,69,,473348,52,,,0,29,,473349,52,,,0,70,,473356,52,,,0,100,,473357,52,,,0,100,,473358,52,,,0,100,,473359,52,,,0,100,,473360,52,,,0,100,,473361,52,,,0,30,,473355,52,,,0
8000,'20260523',656,,473363,52,,,0,70,,473381,52,,,0,30,,473364,52,,,0,70,,473382,52,,,0,30,,473365,52,,,0,70,,473383,52,,,0,30,,473366,52,,,0,70,,473384,52,,,0,30,,473367,52,,,0,70,,473385,52,,,0,30,,473368,52,,,0,70,,473386,52,,,0,31,,473369,52,,,0,70,,473387,52,,,0,30,,473370,52,,,0,70,,473388,52,,,0,30,,473371,52,,,0,70,,473389,52,,,0,30,,473372,52,,,0,70,,473390,52,,,0,30,,473373,52,,,0,70,,473391,52,,,0,30,,473374,52,,,0,69,,473392,52,,,0,30,,473375,52,,,0,70,,473393,52,,,0,30,,473376,52,,,0,100,,473377,52,,,0,100,,473378,52,,,0,100,,473379,52,,,0,100,,473380,52,,,0,100,,473398,52,,,0
8000,'20260524',656,,473400,52,,,0,70,,473418,52,,,0,30,,473401,52,,,0,70,,473419,52,,,0,30,,473402,52,,,0,70,,473420,52,,,0,30,,473403,52,,,0,70,,473421,52,,,0,30,,473404,52,,,0,70,,473422,52,,,0,30,,473405,52,,,0,70,,473423,52,,,0,31,,473406,52,,,0,70,,473424,52,,,0,30,,473407,52,,,0,70,,473425,52,,,0,30,,473408,52,,,0,70,,473426,52,,,0,30,,473409,52,,,0,70,,473427,52,,,0,30,,473410,52,,,0,70,,473428,52,,,0,30,,473411,52,,,0,69,,473429,52,,,0,30,,473412,52,,,0,70,,473430,52,,,0,30,,473413,52,,,0,100,,473414,52,,,0,100,,473415,52,,,0,100,,473416,52,,,0,100,,473417,52,,,0,100,,473436,52,,,0
8000,'20260525',657,,473437,52,,,0,70,,473438,52,,,0,30,,473439,52,,,0,70,,473440,52,,,0,30,,473441,52,,,0,69,,473442,52,,,0,30,,473443,52,,,0,70,,473444,52,,,0,30,,473445,52,,,0,70,,473446,52,,,0,30,,473447,52,,,0,70,,473448,52,,,0,30,,473449,52,,,0,70,,473450,52,,,0,30,,473451,52,,,0,70,,473452,52,,,0,31,,473453,52,,,0,70,,473454,52,,,0,30,,473455,52,,,0,70,,473456,52,,,0,30,,473457,52,,,0,70,,473458,52,,,0,31,,473459,52,,,0,69,,473460,52,,,0,29,,473461,52,,,0,70,,473468,52,,,0,100,,473469,52,,,0,100,,473470,52,,,0,100,,473471,52,,,0,100,,473472,52,,,0,100,,473473,52,,,0,30,,473467,52,,,0
8000,'20260526',657,,473475,52,,,0,70,,473476,52,,,0,30,,473477,52,,,0,70,,473478,52,,,0,30,,473479,52,,,0,69,,473480,52,,,0,30,,473481,52,,,0,70,,473482,52,,,0,30,,473483,52,,,0,70,,473484,52,,,0,30,,473485,52,,,0,70,,473486,52,,,0,30,,473487,52,,,0,70,,473488,52,,,0,30,,473489,52,,,0,70,,473490,52,,,0,31,,473491,52,,,0,70,,473492,52,,,0,30,,473493,52,,,0,70,,473494,52,,,0,30,,473495,52,,,0,70,,473496,52,,,0,31,,473497,52,,,0,69,,473498,52,,,0,29,,473499,52,,,0,70,,473506,52,,,0,100,,473507,52,,,0,100,,473508,52,,,0,100,,473509,52,,,0,100,,473510,52,,,0,100,,473511,52,,,0,30,,473505,52,,,0
28000,'20260512',1550,,451308,20,4,,0,69,,451309,20,4,,0,8,,451310,20,4,,0,25,,451311,20,4,,0,78,,451312,20,4,,0,71,,451313,20,4,,0
28000,'20260513',1550,,478195,20,4,,0,69,,478196,20,4,,0,8,,478197,20,4,,0,25,,478198,20,4,,0,78,,478199,20,4,,0,71,,478200,20,4,,0
28000,'20260514',1550,,478201,20,4,,0,69,,478202,20,4,,0,8,,478203,20,4,,0,25,,478204,20,4,,0,78,,478205,20,4,,0,71,,478206,20,4,,0
28000,'20260515',1550,,478207,20,4,,0,69,,478208,20,4,,0,8,,478209,20,4,,0,25,,478210,20,4,,0,78,,478211,20,4,,0,71,,478212,20,4,,0
28000,'20260519',1550,,431680,20,4,,0,69,,431679,20,4,,0,8,,431675,20,4,,0,25,,431676,20,4,,0,78,,431677,20,4,,0,71,,431678,20,4,,0
28000,'20260520',1550,,451319,20,4,,0,69,,451318,20,4,,0,8,,451314,20,4,,0,25,,451315,20,4,,0,78,,451316,20,4,,0,71,,451317,20,4,,0
28000,'20260521',1550,,451325,20,4,,0,69,,451324,20,4,,0,8,,451320,20,4,,0,25,,451321,20,4,,0,78,,451322,20,4,,0,71,,451323,20,4,,0
28000,'20260522',1550,,478218,20,4,,0,69,,478217,20,4,,0,8,,478213,20,4,,0,25,,478214,20,4,,0,78,,478215,20,4,,0,71,,478216,20,4,,0
28000,'20260525',1550,,478224,20,4,,0,69,,478223,20,4,,0,8,,478219,20,4,,0,25,,478220,20,4,,0,78,,478221,20,4,,0,71,,478222,20,4,,0
28000,'20260526',1550,,478230,20,4,,0,69,,478229,20,4,,0,8,,478225,20,4,,0,25,,478226,20,4,,0,78,,478227,20,4,,0,71,,478228,20,4,,0
38000,'20260512',1232,,452050,29,4,,0,406,,452051,29,4,,0,102,,452052,29,4,,0,111,,452053,29,4,,0
38000,'20260513',1232,,479311,29,4,,0,406,,479312,29,4,,0,102,,479313,29,4,,0,111,,479314,29,4,,0
38000,'20260514',1232,,479315,29,4,,0,406,,479316,29,4,,0,102,,479317,29,4,,0,111,,479318,29,4,,0
38000,'20260515',1232,,479319,29,4,,0,406,,479320,29,4,,0,102,,479321,29,4,,0,111,,479322,29,4,,0
38000,'20260519',1232,,432048,29,4,,0,406,,432045,29,4,,0,102,,432046,29,4,,0,111,,432047,29,4,,0
38000,'20260520',1232,,452057,29,4,,0,406,,452054,29,4,,0,102,,452055,29,4,,0,111,,452056,29,4,,0
38000,'20260521',1232,,452061,29,4,,0,406,,452058,29,4,,0,102,,452059,29,4,,0,111,,452060,29,4,,0
38000,'20260522',1232,,479326,29,4,,0,406,,479323,29,4,,0,102,,479324,29,4,,0,111,,479325,29,4,,0
38000,'20260525',1232,,479330,29,4,,0,406,,479327,29,4,,0,102,,479328,29,4,,0,111,,479329,29,4,,0
38000,'20260526',1232,,479334,29,4,,0,406,,479331,29,4,,0,102,,479332,29,4,,0,111,,479333,29,4,,0
58000,'20260512',1612,,452504,27,4,,0,32,,452505,27,4,,0,62,,452506,27,4,,0,37,,452507,27,4,,0
58000,'20260513',1612,,479992,27,4,,0,32,,479993,27,4,,0,62,,479994,27,4,,0,37,,479995,27,4,,0
58000,'20260514',1612,,479996,27,4,,0,32,,479997,27,4,,0,62,,479998,27,4,,0,37,,479999,27,4,,0
58000,'20260515',1612,,480000,27,4,,0,32,,480001,27,4,,0,62,,480002,27,4,,0,37,,480003,27,4,,0
58000,'20260519',1612,,432274,27,4,,0,32,,432273,27,4,,0,62,,432272,27,4,,0,37,,432275,27,4,,0
58000,'20260520',1612,,452510,27,4,,0,32,,452509,27,4,,0,62,,452508,27,4,,0,37,,452511,27,4,,0
58000,'20260521',1612,,452514,27,4,,0,32,,452513,27,4,,0,62,,452512,27,4,,0,37,,452515,27,4,,0
58000,'20260522',1612,,480006,27,4,,0,32,,480005,27,4,,0,62,,480004,27,4,,0,37,,480007,27,4,,0
58000,'20260525',1612,,480010,27,4,,0,32,,480009,27,4,,0,62,,480008,27,4,,0,37,,480011,27,4,,0
58000,'20260526',1612,,480014,27,4,,0,32,,480013,27,4,,0,62,,480012,27,4,,0,37,,480015,27,4,,0
98000,'20260515',2605,,491036,54,,,0
98000,'20260516',2605,,438579,54,,,0
98000,'20260522',2605,,491037,54,,,0
98000,'20260523',2605,,491038,54,,,0
1008000,'20260512',856,,460616,8,,,0
1008000,'20260513',856,,491070,8,,,0
1008000,'20260514',856,,491072,8,,,0
1008000,'20260519',856,,438596,8,,,0
1008000,'20260520',856,,460617,8,,,0
1008000,'20260521',856,,460619,8,,,0
1008000,'20260522',856,,491073,8,,,0
1008000,'20260525',856,,491075,8,,,0
1008000,'20260526',856,,491077,8,,,0
