8200,'20260420',657,,289696,75,,,0,70,,289697,75,,,0,100,,289698,75,,,0,30,,289699,75,,,0,70,,289700,75,,,0,100,,289701,75,,,0,100,,289702,75,,,0,101,,289703,75,,,0,100,,289704,75,,,0,100,,289705,75,,,0,102,,289706,75,,,0,102,,289707,75,,,0,70,,289708,75,,,0,29,,289709,75,,,0,28,,289710,75,,,0,69,,289711,75,,,0,30,,289712,75,,,0,70,,289713,75,,,0,99,,289714,75,,,0,100,,289715,75,,,0,100,,289716,75,,,0,130,,289717,75,,,0
8200,'20260421',657,,289718,75,,,0,70,,289719,75,,,0,100,,289720,75,,,0,30,,289721,75,,,0,70,,289722,75,,,0,100,,289723,75,,,0,100,,289724,75,,,0,101,,289725,75,,,0,100,,289726,75,,,0,100,,289727,75,,,0,102,,289728,75,,,0,102,,289729,75,,,0,70,,289730,75,,,0,29,,289731,75,,,0,28,,289732,75,,,0,69,,289733,75,,,0,30,,289734,75,,,0,70,,289735,75,,,0,99,,289736,75,,,0,100,,289737,75,,,0,100,,289738,75,,,0,130,,289739,75,,,0
8200,'20260422',657,,315946,75,,,0,70,,315947,75,,,0,100,,315948,75,,,0,30,,315949,75,,,0,70,,315950,75,,,0,100,,315951,75,,,0,100,,315952,75,,,0,101,,315953,75,,,0,100,,315954,75,,,0,100,,315955,75,,,0,102,,315956,75,,,0,102,,315957,75,,,0,70,,315958,75,,,0,29,,315959,75,,,0,28,,315960,75,,,0,69,,315961,75,,,0,30,,315962,75,,,0,70,,315963,75,,,0,99,,315964,75,,,0,100,,315965,75,,,0,100,,315966,75,,,0,130,,315967,75,,,0
8200,'20260423',657,,315968,75,,,0,70,,315969,75,,,0,100,,315970,75,,,0,30,,315971,75,,,0,70,,315972,75,,,0,100,,315973,75,,,0,100,,315974,75,,,0,101,,315975,75,,,0,100,,315976,75,,,0,100,,315977,75,,,0,102,,315978,75,,,0,102,,315979,75,,,0,70,,315980,75,,,0,29,,315981,75,,,0,28,,315982,75,,,0,69,,315983,75,,,0,30,,315984,75,,,0,70,,315985,75,,,0,99,,315986,75,,,0,100,,315987,75,,,0,100,,315988,75,,,0,130,,315989,75,,,0
8200,'20260424',657,,315990,75,,,0,70,,315991,75,,,0,100,,315992,75,,,0,30,,315993,75,,,0,70,,315994,75,,,0,100,,315995,75,,,0,100,,315996,75,,,0,101,,315997,75,,,0,100,,315998,75,,,0,100,,315999,75,,,0,102,,316000,75,,,0,102,,316001,75,,,0,70,,316002,75,,,0,29,,316003,75,,,0,28,,316004,75,,,0,69,,316005,75,,,0,30,,316006,75,,,0,70,,316007,75,,,0,99,,316008,75,,,0,100,,316009,75,,,0,100,,316010,75,,,0,130,,316011,75,,,0
8200,'20260425',724,,251576,75,,,0,101,,251562,75,,,0,100,,251566,75,,,0,101,,251567,75,,,0,101,,251574,75,,,0,100,,251568,75,,,0,101,,251563,75,,,0,100,,251569,75,,,0,101,,251575,75,,,0,100,,251570,75,,,0,100,,251578,75,,,0,100,,251564,75,,,0,98,,251571,75,,,0,99,,251573,75,,,0,100,,251577,75,,,0,100,,251572,75,,,0,130,,251565,75,,,0,169,,251579,75,,,0
8200,'20260426',724,,251592,75,,,0,101,,251593,75,,,0,100,,251589,75,,,0,101,,251594,75,,,0,101,,251588,75,,,0,100,,251590,75,,,0,101,,251583,75,,,0,100,,251580,75,,,0,101,,251586,75,,,0,100,,251587,75,,,0,100,,251596,75,,,0,100,,251584,75,,,0,98,,251581,75,,,0,99,,251591,75,,,0,100,,251595,75,,,0,100,,251582,75,,,0,130,,251585,75,,,0,169,,251597,75,,,0
8200,'20260427',657,,251615,75,,,0,70,,251598,75,,,0,100,,251619,75,,,0,30,,251605,75,,,0,70,,251614,75,,,0,100,,251606,75,,,0,100,,251613,75,,,0,101,,251607,75,,,0,100,,251599,75,,,0,100,,251608,75,,,0,102,,251612,75,,,0,102,,251609,75,,,0,70,,251600,75,,,0,29,,251601,75,,,0,28,,251602,75,,,0,69,,251603,75,,,0,30,,251610,75,,,0,70,,251611,75,,,0,99,,251617,75,,,0,100,,251616,75,,,0,100,,251618,75,,,0,130,,251604,75,,,0
8200,'20260428',657,,289757,75,,,0,70,,289740,75,,,0,100,,289761,75,,,0,30,,289747,75,,,0,70,,289756,75,,,0,100,,289748,75,,,0,100,,289755,75,,,0,101,,289749,75,,,0,100,,289741,75,,,0,100,,289750,75,,,0,102,,289754,75,,,0,102,,289751,75,,,0,70,,289742,75,,,0,29,,289743,75,,,0,28,,289744,75,,,0,69,,289745,75,,,0,30,,289752,75,,,0,70,,289753,75,,,0,99,,289759,75,,,0,100,,289758,75,,,0,100,,289760,75,,,0,130,,289746,75,,,0
8200,'20260429',657,,289779,75,,,0,70,,289762,75,,,0,100,,289783,75,,,0,30,,289769,75,,,0,70,,289778,75,,,0,100,,289770,75,,,0,100,,289777,75,,,0,101,,289771,75,,,0,100,,289763,75,,,0,100,,289772,75,,,0,102,,289776,75,,,0,102,,289773,75,,,0,70,,289764,75,,,0,29,,289765,75,,,0,28,,289766,75,,,0,69,,289767,75,,,0,30,,289774,75,,,0,70,,289775,75,,,0,99,,289781,75,,,0,100,,289780,75,,,0,100,,289782,75,,,0,130,,289768,75,,,0
8200,'20260430',657,,289801,75,,,0,70,,289784,75,,,0,100,,289805,75,,,0,30,,289791,75,,,0,70,,289800,75,,,0,100,,289792,75,,,0,100,,289799,75,,,0,101,,289793,75,,,0,100,,289785,75,,,0,100,,289794,75,,,0,102,,289798,75,,,0,102,,289795,75,,,0,70,,289786,75,,,0,29,,289787,75,,,0,28,,289788,75,,,0,69,,289789,75,,,0,30,,289796,75,,,0,70,,289797,75,,,0,99,,289803,75,,,0,100,,289802,75,,,0,100,,289804,75,,,0,130,,289790,75,,,0
8200,'20260501',657,,316029,75,,,0,70,,316012,75,,,0,100,,316033,75,,,0,30,,316019,75,,,0,70,,316028,75,,,0,100,,316020,75,,,0,100,,316027,75,,,0,101,,316021,75,,,0,100,,316013,75,,,0,100,,316022,75,,,0,102,,316026,75,,,0,102,,316023,75,,,0,70,,316014,75,,,0,29,,316015,75,,,0,28,,316016,75,,,0,69,,316017,75,,,0,30,,316024,75,,,0,70,,316025,75,,,0,99,,316031,75,,,0,100,,316030,75,,,0,100,,316032,75,,,0,130,,316018,75,,,0
8200,'20260502',724,,316048,75,,,0,101,,316034,75,,,0,100,,316038,75,,,0,101,,316039,75,,,0,101,,316046,75,,,0,100,,316040,75,,,0,101,,316035,75,,,0,100,,316041,75,,,0,101,,316047,75,,,0,100,,316042,75,,,0,100,,316050,75,,,0,100,,316036,75,,,0,98,,316043,75,,,0,99,,316045,75,,,0,100,,316049,75,,,0,100,,316044,75,,,0,130,,316037,75,,,0,169,,316051,75,,,0
8200,'20260503',724,,316064,75,,,0,101,,316065,75,,,0,100,,316061,75,,,0,101,,316066,75,,,0,101,,316060,75,,,0,100,,316062,75,,,0,101,,316055,75,,,0,100,,316052,75,,,0,101,,316058,75,,,0,100,,316059,75,,,0,100,,316068,75,,,0,100,,316056,75,,,0,98,,316053,75,,,0,99,,316063,75,,,0,100,,316067,75,,,0,100,,316054,75,,,0,130,,316057,75,,,0,169,,316069,75,,,0
8200,'20260504',657,,316087,75,,,0,70,,316070,75,,,0,100,,316091,75,,,0,30,,316077,75,,,0,70,,316086,75,,,0,100,,316078,75,,,0,100,,316085,75,,,0,101,,316079,75,,,0,100,,316071,75,,,0,100,,316080,75,,,0,102,,316084,75,,,0,102,,316081,75,,,0,70,,316072,75,,,0,29,,316073,75,,,0,28,,316074,75,,,0,69,,316075,75,,,0,30,,316082,75,,,0,70,,316083,75,,,0,99,,316089,75,,,0,100,,316088,75,,,0,100,,316090,75,,,0,130,,316076,75,,,0
28200,'20260420',1536,,293230,21,4,,0,82,,293231,21,4,,0,34,,293232,21,4,,0,73,,293233,21,4,,0,75,,293234,21,4,,0,13,,293235,21,4,,0
28200,'20260421',1536,,293236,21,4,,0,82,,293237,21,4,,0,34,,293238,21,4,,0,73,,293239,21,4,,0,75,,293240,21,4,,0,13,,293241,21,4,,0
28200,'20260422',1536,,319520,21,4,,0,82,,319521,21,4,,0,34,,319522,21,4,,0,73,,319523,21,4,,0,75,,319524,21,4,,0,13,,319525,21,4,,0
28200,'20260423',1536,,319526,21,4,,0,82,,319527,21,4,,0,34,,319528,21,4,,0,73,,319529,21,4,,0,75,,319530,21,4,,0,13,,319531,21,4,,0
28200,'20260424',1536,,319532,21,4,,0,82,,319533,21,4,,0,34,,319534,21,4,,0,73,,319535,21,4,,0,75,,319536,21,4,,0,13,,319537,21,4,,0
28200,'20260427',1536,,258017,21,4,,0,82,,258015,21,4,,0,34,,258013,21,4,,0,73,,258012,21,4,,0,75,,258016,21,4,,0,13,,258014,21,4,,0
28200,'20260428',1536,,293247,21,4,,0,82,,293245,21,4,,0,34,,293243,21,4,,0,73,,293242,21,4,,0,75,,293246,21,4,,0,13,,293244,21,4,,0
28200,'20260429',1536,,293253,21,4,,0,82,,293251,21,4,,0,34,,293249,21,4,,0,73,,293248,21,4,,0,75,,293252,21,4,,0,13,,293250,21,4,,0
28200,'20260430',1536,,293259,21,4,,0,82,,293257,21,4,,0,34,,293255,21,4,,0,73,,293254,21,4,,0,75,,293258,21,4,,0,13,,293256,21,4,,0
28200,'20260501',1536,,319543,21,4,,0,82,,319541,21,4,,0,34,,319539,21,4,,0,73,,319538,21,4,,0,75,,319542,21,4,,0,13,,319540,21,4,,0
28200,'20260504',1536,,319549,21,4,,0,82,,319547,21,4,,0,34,,319545,21,4,,0,73,,319544,21,4,,0,75,,319548,21,4,,0,13,,319546,21,4,,0
28900,'20260420',1616,,293370,30,4,,0,17,,293371,30,4,,0,22,,293372,30,4,,0,89,,293373,30,4,,0,74,,293374,30,4,,0
28900,'20260421',1616,,293375,30,4,,0,17,,293376,30,4,,0,22,,293377,30,4,,0,89,,293378,30,4,,0,74,,293379,30,4,,0
28900,'20260422',1616,,319660,30,4,,0,17,,319661,30,4,,0,22,,319662,30,4,,0,89,,319663,30,4,,0,74,,319664,30,4,,0
28900,'20260423',1616,,319665,30,4,,0,17,,319666,30,4,,0,22,,319667,30,4,,0,89,,319668,30,4,,0,74,,319669,30,4,,0
28900,'20260424',1616,,319670,30,4,,0,17,,319671,30,4,,0,22,,319672,30,4,,0,89,,319673,30,4,,0,74,,319674,30,4,,0
28900,'20260427',1616,,258285,30,4,,0,17,,258286,30,4,,0,22,,258284,30,4,,0,89,,258283,30,4,,0,74,,258287,30,4,,0
28900,'20260428',1616,,293382,30,4,,0,17,,293383,30,4,,0,22,,293381,30,4,,0,89,,293380,30,4,,0,74,,293384,30,4,,0
28900,'20260429',1616,,293387,30,4,,0,17,,293388,30,4,,0,22,,293386,30,4,,0,89,,293385,30,4,,0,74,,293389,30,4,,0
28900,'20260430',1616,,293392,30,4,,0,17,,293393,30,4,,0,22,,293391,30,4,,0,89,,293390,30,4,,0,74,,293394,30,4,,0
28900,'20260501',1616,,319677,30,4,,0,17,,319678,30,4,,0,22,,319676,30,4,,0,89,,319675,30,4,,0,74,,319679,30,4,,0
28900,'20260504',1616,,319682,30,4,,0,17,,319683,30,4,,0,22,,319681,30,4,,0,89,,319680,30,4,,0,74,,319684,30,4,,0
38200,'20260420',1257,,294127,50,4,,0,454,,294128,50,4,,0,45,,294129,50,4,,0,144,,294130,50,4,,0
38200,'20260421',1257,,294131,50,4,,0,454,,294132,50,4,,0,45,,294133,50,4,,0,144,,294134,50,4,,0
38200,'20260422',1257,,320418,50,4,,0,454,,320419,50,4,,0,45,,320420,50,4,,0,144,,320421,50,4,,0
38200,'20260423',1257,,320422,50,4,,0,454,,320423,50,4,,0,45,,320424,50,4,,0,144,,320425,50,4,,0
38200,'20260424',1257,,320426,50,4,,0,454,,320427,50,4,,0,45,,320428,50,4,,0,144,,320429,50,4,,0
38200,'20260427',1257,,259789,50,4,,0,454,,259790,50,4,,0,45,,259791,50,4,,0,144,,259792,50,4,,0
38200,'20260428',1257,,294135,50,4,,0,454,,294136,50,4,,0,45,,294137,50,4,,0,144,,294138,50,4,,0
38200,'20260429',1257,,294139,50,4,,0,454,,294140,50,4,,0,45,,294141,50,4,,0,144,,294142,50,4,,0
38200,'20260430',1257,,294143,50,4,,0,454,,294144,50,4,,0,45,,294145,50,4,,0,144,,294146,50,4,,0
38200,'20260501',1257,,320430,50,4,,0,454,,320431,50,4,,0,45,,320432,50,4,,0,144,,320433,50,4,,0
38200,'20260504',1257,,320434,50,4,,0,454,,320435,50,4,,0,45,,320436,50,4,,0,144,,320437,50,4,,0
58200,'20260420',1629,,294682,48,4,,0,11,,294683,48,4,,0,72,,294684,48,4,,0,30,,294685,48,4,,0,63,,294686,48,4,,0
58200,'20260421',1629,,294687,48,4,,0,11,,294688,48,4,,0,72,,294689,48,4,,0,30,,294690,48,4,,0,63,,294691,48,4,,0
58200,'20260422',1629,,320973,48,4,,0,11,,320974,48,4,,0,72,,320975,48,4,,0,30,,320976,48,4,,0,63,,320977,48,4,,0
58200,'20260423',1629,,320978,48,4,,0,11,,320979,48,4,,0,72,,320980,48,4,,0,30,,320981,48,4,,0,63,,320982,48,4,,0
58200,'20260424',1629,,320983,48,4,,0,11,,320984,48,4,,0,72,,320985,48,4,,0,30,,320986,48,4,,0,63,,320987,48,4,,0
58200,'20260427',1629,,260923,48,4,,0,11,,260924,48,4,,0,72,,260921,48,4,,0,30,,260922,48,4,,0,63,,260920,48,4,,0
58200,'20260428',1629,,294695,48,4,,0,11,,294696,48,4,,0,72,,294693,48,4,,0,30,,294694,48,4,,0,63,,294692,48,4,,0
58200,'20260429',1629,,294700,48,4,,0,11,,294701,48,4,,0,72,,294698,48,4,,0,30,,294699,48,4,,0,63,,294697,48,4,,0
58200,'20260430',1629,,294705,48,4,,0,11,,294706,48,4,,0,72,,294703,48,4,,0,30,,294704,48,4,,0,63,,294702,48,4,,0
58200,'20260501',1629,,320991,48,4,,0,11,,320992,48,4,,0,72,,320989,48,4,,0,30,,320990,48,4,,0,63,,320988,48,4,,0
58200,'20260504',1629,,320996,48,4,,0,11,,320997,48,4,,0,72,,320994,48,4,,0,30,,320995,48,4,,0,63,,320993,48,4,,0
98200,'20260424',2619,,330518,78,,,0
98200,'20260425',2619,,277634,78,,,0
98200,'20260501',2619,,330519,78,,,0
98200,'20260502',2619,,330520,78,,,0
