5500,'20260626',657,,799383,6,,,0,150,,799384,6,,,0,47,,799385,6,,,0,100,,799386,6,,,0,99,,799387,6,,,0,72,,799388,6,,,0,30,,799389,6,,,0,73,,799390,6,,,0,100,,799391,6,,,0,92,,799392,6,,,0,28,,799393,6,,,0,76,,799394,6,,,0,34,,799395,6,,,0,67,,799396,6,,,0,33,,799397,6,,,0,74,,799398,6,,,0,74,,799399,6,,,0,45,,799400,6,,,0,89,,799401,6,,,0,100,,799402,6,,,0,102,,799403,6,,,0,102,,799404,6,,,0,101,,799405,6,,,0,98,,799406,6,,,0
5500,'20260627',734,,822613,6,,,0,99,,822614,6,,,0,100,,822615,6,,,0,99,,822616,6,,,0,100,,822617,6,,,0,100,,822618,6,,,0,101,,822619,6,,,0,97,,822620,6,,,0,104,,822621,6,,,0,97,,822622,6,,,0,103,,822623,6,,,0,98,,822624,6,,,0,100,,822625,6,,,0,100,,822626,6,,,0,100,,822627,6,,,0,99,,822628,6,,,0,99,,822629,6,,,0,100,,822630,6,,,0
5500,'20260628',734,,822631,6,,,0,99,,822632,6,,,0,100,,822633,6,,,0,99,,822634,6,,,0,100,,822635,6,,,0,100,,822636,6,,,0,101,,822637,6,,,0,97,,822638,6,,,0,104,,822639,6,,,0,97,,822640,6,,,0,103,,822641,6,,,0,98,,822642,6,,,0,100,,822643,6,,,0,100,,822644,6,,,0,100,,822645,6,,,0,99,,822646,6,,,0,99,,822647,6,,,0,100,,822648,6,,,0
5500,'20260629',657,,822649,6,,,0,150,,822650,6,,,0,47,,822651,6,,,0,100,,822652,6,,,0,99,,822653,6,,,0,72,,822654,6,,,0,30,,822655,6,,,0,73,,822656,6,,,0,100,,822657,6,,,0,92,,822658,6,,,0,28,,822659,6,,,0,76,,822660,6,,,0,34,,822661,6,,,0,67,,822662,6,,,0,33,,822663,6,,,0,74,,822664,6,,,0,74,,822665,6,,,0,45,,822666,6,,,0,89,,822667,6,,,0,100,,822668,6,,,0,102,,822669,6,,,0,102,,822670,6,,,0,101,,822671,6,,,0,98,,822672,6,,,0
5500,'20260630',657,,822673,6,,,0,150,,822674,6,,,0,47,,822675,6,,,0,100,,822676,6,,,0,99,,822677,6,,,0,72,,822678,6,,,0,30,,822679,6,,,0,73,,822680,6,,,0,100,,822681,6,,,0,92,,822682,6,,,0,28,,822683,6,,,0,76,,822684,6,,,0,34,,822685,6,,,0,67,,822686,6,,,0,33,,822687,6,,,0,74,,822688,6,,,0,74,,822689,6,,,0,45,,822690,6,,,0,89,,822691,6,,,0,100,,822692,6,,,0,102,,822693,6,,,0,102,,822694,6,,,0,101,,822695,6,,,0,98,,822696,6,,,0
5500,'20260701',734,,822697,6,,,0,99,,822698,6,,,0,100,,822699,6,,,0,99,,822700,6,,,0,100,,822701,6,,,0,100,,822702,6,,,0,101,,822703,6,,,0,97,,822704,6,,,0,104,,822705,6,,,0,97,,822706,6,,,0,103,,822707,6,,,0,98,,822708,6,,,0,100,,822709,6,,,0,100,,822710,6,,,0,100,,822711,6,,,0,99,,822712,6,,,0,99,,822713,6,,,0,100,,822714,6,,,0
5500,'20260702',657,,822715,6,,,0,150,,822716,6,,,0,47,,822717,6,,,0,100,,822718,6,,,0,99,,822719,6,,,0,72,,822720,6,,,0,30,,822721,6,,,0,73,,822722,6,,,0,100,,822723,6,,,0,92,,822724,6,,,0,28,,822725,6,,,0,76,,822726,6,,,0,34,,822727,6,,,0,67,,822728,6,,,0,33,,822729,6,,,0,74,,822730,6,,,0,74,,822731,6,,,0,45,,822732,6,,,0,89,,822733,6,,,0,100,,822734,6,,,0,102,,822735,6,,,0,102,,822736,6,,,0,101,,822737,6,,,0,98,,822738,6,,,0
5500,'20260703',657,,774863,6,,,0,150,,774864,6,,,0,47,,774865,6,,,0,100,,774866,6,,,0,99,,774867,6,,,0,72,,774885,6,,,0,30,,774868,6,,,0,73,,774869,6,,,0,100,,774870,6,,,0,92,,774871,6,,,0,28,,774884,6,,,0,76,,774872,6,,,0,34,,774873,6,,,0,67,,774874,6,,,0,33,,774875,6,,,0,74,,774876,6,,,0,74,,774877,6,,,0,45,,774878,6,,,0,89,,774879,6,,,0,100,,774880,6,,,0,102,,774881,6,,,0,102,,774882,6,,,0,101,,774883,6,,,0,98,,774886,6,,,0
5500,'20260704',734,,799407,6,,,0,99,,799408,6,,,0,100,,799409,6,,,0,99,,799410,6,,,0,100,,799411,6,,,0,100,,799412,6,,,0,101,,799413,6,,,0,97,,799414,6,,,0,104,,799415,6,,,0,97,,799416,6,,,0,103,,799417,6,,,0,98,,799418,6,,,0,100,,799419,6,,,0,100,,799420,6,,,0,100,,799421,6,,,0,99,,799422,6,,,0,99,,799423,6,,,0,100,,799424,6,,,0
5500,'20260705',734,,799440,6,,,0,99,,799426,6,,,0,100,,799434,6,,,0,99,,799433,6,,,0,100,,799427,6,,,0,100,,799439,6,,,0,101,,799438,6,,,0,97,,799436,6,,,0,104,,799432,6,,,0,97,,799435,6,,,0,103,,799431,6,,,0,98,,799429,6,,,0,100,,799428,6,,,0,100,,799425,6,,,0,100,,799441,6,,,0,99,,799430,6,,,0,99,,799437,6,,,0,100,,799442,6,,,0
5500,'20260706',657,,799443,6,,,0,150,,799444,6,,,0,47,,799445,6,,,0,100,,799446,6,,,0,99,,799447,6,,,0,72,,799465,6,,,0,30,,799448,6,,,0,73,,799449,6,,,0,100,,799450,6,,,0,92,,799451,6,,,0,28,,799464,6,,,0,76,,799452,6,,,0,34,,799453,6,,,0,67,,799454,6,,,0,33,,799455,6,,,0,74,,799456,6,,,0,74,,799457,6,,,0,45,,799458,6,,,0,89,,799459,6,,,0,100,,799460,6,,,0,102,,799461,6,,,0,102,,799462,6,,,0,101,,799463,6,,,0,98,,799466,6,,,0
5500,'20260707',657,,799467,6,,,0,150,,799468,6,,,0,47,,799469,6,,,0,100,,799470,6,,,0,99,,799471,6,,,0,72,,799489,6,,,0,30,,799472,6,,,0,73,,799473,6,,,0,100,,799474,6,,,0,92,,799475,6,,,0,28,,799488,6,,,0,76,,799476,6,,,0,34,,799477,6,,,0,67,,799478,6,,,0,33,,799479,6,,,0,74,,799480,6,,,0,74,,799481,6,,,0,45,,799482,6,,,0,89,,799483,6,,,0,100,,799484,6,,,0,102,,799485,6,,,0,102,,799486,6,,,0,101,,799487,6,,,0,98,,799490,6,,,0
5500,'20260708',657,,822739,6,,,0,150,,822740,6,,,0,47,,822741,6,,,0,100,,822742,6,,,0,99,,822743,6,,,0,72,,822761,6,,,0,30,,822744,6,,,0,73,,822745,6,,,0,100,,822746,6,,,0,92,,822747,6,,,0,28,,822760,6,,,0,76,,822748,6,,,0,34,,822749,6,,,0,67,,822750,6,,,0,33,,822751,6,,,0,74,,822752,6,,,0,74,,822753,6,,,0,45,,822754,6,,,0,89,,822755,6,,,0,100,,822756,6,,,0,102,,822757,6,,,0,102,,822758,6,,,0,101,,822759,6,,,0,98,,822762,6,,,0
5500,'20260709',657,,822763,6,,,0,150,,822764,6,,,0,47,,822765,6,,,0,100,,822766,6,,,0,99,,822767,6,,,0,72,,822785,6,,,0,30,,822768,6,,,0,73,,822769,6,,,0,100,,822770,6,,,0,92,,822771,6,,,0,28,,822784,6,,,0,76,,822772,6,,,0,34,,822773,6,,,0,67,,822774,6,,,0,33,,822775,6,,,0,74,,822776,6,,,0,74,,822777,6,,,0,45,,822778,6,,,0,89,,822779,6,,,0,100,,822780,6,,,0,102,,822781,6,,,0,102,,822782,6,,,0,101,,822783,6,,,0,98,,822786,6,,,0
5500,'20260710',657,,822787,6,,,0,150,,822788,6,,,0,47,,822789,6,,,0,100,,822790,6,,,0,99,,822791,6,,,0,72,,822809,6,,,0,30,,822792,6,,,0,73,,822793,6,,,0,100,,822794,6,,,0,92,,822795,6,,,0,28,,822808,6,,,0,76,,822796,6,,,0,34,,822797,6,,,0,67,,822798,6,,,0,33,,822799,6,,,0,74,,822800,6,,,0,74,,822801,6,,,0,45,,822802,6,,,0,89,,822803,6,,,0,100,,822804,6,,,0,102,,822805,6,,,0,102,,822806,6,,,0,101,,822807,6,,,0,98,,822810,6,,,0
25000,'20260626',1523,,805542,12,4,,0,32,,805543,12,4,,0,56,,805544,12,4,,0,14,,805545,12,4,,0,29,,805546,12,4,,0,69,,805547,12,4,,0,30,,805548,12,4,,0
25000,'20260629',1523,,831871,12,4,,0,32,,831872,12,4,,0,56,,831873,12,4,,0,14,,831874,12,4,,0,29,,831875,12,4,,0,69,,831876,12,4,,0,30,,831877,12,4,,0
25000,'20260630',1523,,831878,12,4,,0,32,,831879,12,4,,0,56,,831880,12,4,,0,14,,831881,12,4,,0,29,,831882,12,4,,0,69,,831883,12,4,,0,30,,831884,12,4,,0
25000,'20260702',1523,,831885,12,4,,0,32,,831886,12,4,,0,56,,831887,12,4,,0,14,,831888,12,4,,0,29,,831889,12,4,,0,69,,831890,12,4,,0,30,,831891,12,4,,0
25000,'20260703',1523,,782562,12,4,,0,32,,782563,12,4,,0,56,,782564,12,4,,0,14,,782565,12,4,,0,29,,782566,12,4,,0,69,,782567,12,4,,0,30,,782568,12,4,,0
25000,'20260706',1523,,805549,12,4,,0,32,,805550,12,4,,0,56,,805551,12,4,,0,14,,805552,12,4,,0,29,,805553,12,4,,0,69,,805554,12,4,,0,30,,805555,12,4,,0
25000,'20260707',1523,,805556,12,4,,0,32,,805557,12,4,,0,56,,805558,12,4,,0,14,,805559,12,4,,0,29,,805560,12,4,,0,69,,805561,12,4,,0,30,,805562,12,4,,0
25000,'20260708',1523,,831892,12,4,,0,32,,831893,12,4,,0,56,,831894,12,4,,0,14,,831895,12,4,,0,29,,831896,12,4,,0,69,,831897,12,4,,0,30,,831898,12,4,,0
25000,'20260709',1523,,831899,12,4,,0,32,,831900,12,4,,0,56,,831901,12,4,,0,14,,831902,12,4,,0,29,,831903,12,4,,0,69,,831904,12,4,,0,30,,831905,12,4,,0
25000,'20260710',1523,,831906,12,4,,0,32,,831907,12,4,,0,56,,831908,12,4,,0,14,,831909,12,4,,0,29,,831910,12,4,,0,69,,831911,12,4,,0,30,,831912,12,4,,0
55000,'20260626',1613,,806489,15,4,,0,46,,806490,15,4,,0,65,,806491,15,4,,0,30,,806492,15,4,,0
55000,'20260629',1613,,833300,15,4,,0,46,,833301,15,4,,0,65,,833302,15,4,,0,30,,833303,15,4,,0
55000,'20260630',1613,,833304,15,4,,0,46,,833305,15,4,,0,65,,833306,15,4,,0,30,,833307,15,4,,0
55000,'20260702',1613,,833308,15,4,,0,46,,833309,15,4,,0,65,,833310,15,4,,0,30,,833311,15,4,,0
55000,'20260703',1613,,783579,15,4,,0,46,,783578,15,4,,0,65,,783577,15,4,,0,30,,783580,15,4,,0
55000,'20260706',1613,,806495,15,4,,0,46,,806494,15,4,,0,65,,806493,15,4,,0,30,,806496,15,4,,0
55000,'20260707',1613,,806499,15,4,,0,46,,806498,15,4,,0,65,,806497,15,4,,0,30,,806500,15,4,,0
55000,'20260708',1613,,833314,15,4,,0,46,,833313,15,4,,0,65,,833312,15,4,,0,30,,833315,15,4,,0
55000,'20260709',1613,,833318,15,4,,0,46,,833317,15,4,,0,65,,833316,15,4,,0,30,,833319,15,4,,0
55000,'20260710',1613,,833322,15,4,,0,46,,833321,15,4,,0,65,,833320,15,4,,0,30,,833323,15,4,,0
95400,'20260626',2549,,814360,19,,,0,170,,814361,19,,,0
95400,'20260627',2549,,845102,19,,,0,170,,845103,19,,,0
95400,'20260703',2549,,793807,19,,,0,170,,793808,19,,,0
95400,'20260704',2549,,814362,19,,,0,170,,814363,19,,,0
95400,'20260710',2549,,845104,19,,,0,170,,845105,19,,,0
