9102,'20260420',508,,290793,6,,,0,101,,290794,6,,,0,30,,290795,6,,,0,68,,290796,6,,,0,28,,290797,6,,,0,72,,290798,6,,,0,30,,290799,6,,,0,100,,290800,6,,,0,99,,290801,6,,,0,100,,290802,6,,,0,101,,290803,6,,,0,99,,290804,6,,,0,100,,290805,6,,,0,98,,290806,6,,,0,106,,290807,6,,,0,100,,290808,6,,,0,98,,290809,6,,,0,98,,290810,6,,,0,100,,290811,6,,,0,100,,290812,6,,,0,103,,290813,6,,,0
9102,'20260421',508,,290814,6,,,0,101,,290815,6,,,0,30,,290816,6,,,0,68,,290817,6,,,0,28,,290818,6,,,0,72,,290819,6,,,0,30,,290820,6,,,0,100,,290821,6,,,0,99,,290822,6,,,0,100,,290823,6,,,0,101,,290824,6,,,0,99,,290825,6,,,0,100,,290826,6,,,0,98,,290827,6,,,0,106,,290828,6,,,0,100,,290829,6,,,0,98,,290830,6,,,0,98,,290831,6,,,0,100,,290832,6,,,0,100,,290833,6,,,0,103,,290834,6,,,0
9102,'20260422',508,,317043,6,,,0,101,,317044,6,,,0,30,,317045,6,,,0,68,,317046,6,,,0,28,,317047,6,,,0,72,,317048,6,,,0,30,,317049,6,,,0,100,,317050,6,,,0,99,,317051,6,,,0,100,,317052,6,,,0,101,,317053,6,,,0,99,,317054,6,,,0,100,,317055,6,,,0,98,,317056,6,,,0,106,,317057,6,,,0,100,,317058,6,,,0,98,,317059,6,,,0,98,,317060,6,,,0,100,,317061,6,,,0,100,,317062,6,,,0,103,,317063,6,,,0
9102,'20260423',508,,317064,6,,,0,101,,317065,6,,,0,30,,317066,6,,,0,68,,317067,6,,,0,28,,317068,6,,,0,72,,317069,6,,,0,30,,317070,6,,,0,100,,317071,6,,,0,99,,317072,6,,,0,100,,317073,6,,,0,101,,317074,6,,,0,99,,317075,6,,,0,100,,317076,6,,,0,98,,317077,6,,,0,106,,317078,6,,,0,100,,317079,6,,,0,98,,317080,6,,,0,98,,317081,6,,,0,100,,317082,6,,,0,100,,317083,6,,,0,103,,317084,6,,,0
9102,'20260424',508,,317085,6,,,0,101,,317086,6,,,0,30,,317087,6,,,0,68,,317088,6,,,0,28,,317089,6,,,0,72,,317090,6,,,0,30,,317091,6,,,0,100,,317092,6,,,0,99,,317093,6,,,0,100,,317094,6,,,0,101,,317095,6,,,0,99,,317096,6,,,0,100,,317097,6,,,0,98,,317098,6,,,0,106,,317099,6,,,0,100,,317100,6,,,0,98,,317101,6,,,0,98,,317102,6,,,0,100,,317103,6,,,0,100,,317104,6,,,0,103,,317105,6,,,0
9102,'20260425',538,,253535,6,,,0,100,,253536,6,,,0,100,,253537,6,,,0,100,,253538,6,,,0,100,,253539,6,,,0,100,,253540,6,,,0,100,,253541,6,,,0,99,,253542,6,,,0,100,,253543,6,,,0,100,,253544,6,,,0,100,,253545,6,,,0,96,,253546,6,,,0,105,,253547,6,,,0,100,,253548,6,,,0,100,,253549,6,,,0,100,,253550,6,,,0,100,,253551,6,,,0,100,,253552,6,,,0
9102,'20260426',538,,253553,6,,,0,100,,253554,6,,,0,100,,253555,6,,,0,100,,253556,6,,,0,100,,253557,6,,,0,100,,253558,6,,,0,100,,253559,6,,,0,99,,253560,6,,,0,100,,253561,6,,,0,100,,253562,6,,,0,100,,253563,6,,,0,96,,253564,6,,,0,105,,253565,6,,,0,100,,253566,6,,,0,100,,253567,6,,,0,100,,253568,6,,,0,100,,253569,6,,,0,100,,253570,6,,,0
9102,'20260427',508,,253571,6,,,0,101,,253572,6,,,0,30,,253573,6,,,0,68,,253574,6,,,0,28,,253575,6,,,0,72,,253576,6,,,0,30,,253577,6,,,0,100,,253578,6,,,0,99,,253579,6,,,0,100,,253580,6,,,0,101,,253581,6,,,0,99,,253582,6,,,0,100,,253583,6,,,0,98,,253584,6,,,0,106,,253585,6,,,0,100,,253586,6,,,0,98,,253587,6,,,0,98,,253588,6,,,0,100,,253589,6,,,0,100,,253590,6,,,0,103,,253591,6,,,0
9102,'20260428',508,,290835,6,,,0,101,,290836,6,,,0,30,,290837,6,,,0,68,,290838,6,,,0,28,,290839,6,,,0,72,,290840,6,,,0,30,,290841,6,,,0,100,,290842,6,,,0,99,,290843,6,,,0,100,,290844,6,,,0,101,,290845,6,,,0,99,,290846,6,,,0,100,,290847,6,,,0,98,,290848,6,,,0,106,,290849,6,,,0,100,,290850,6,,,0,98,,290851,6,,,0,98,,290852,6,,,0,100,,290853,6,,,0,100,,290854,6,,,0,103,,290855,6,,,0
9102,'20260429',508,,290856,6,,,0,101,,290857,6,,,0,30,,290858,6,,,0,68,,290859,6,,,0,28,,290860,6,,,0,72,,290861,6,,,0,30,,290862,6,,,0,100,,290863,6,,,0,99,,290864,6,,,0,100,,290865,6,,,0,101,,290866,6,,,0,99,,290867,6,,,0,100,,290868,6,,,0,98,,290869,6,,,0,106,,290870,6,,,0,100,,290871,6,,,0,98,,290872,6,,,0,98,,290873,6,,,0,100,,290874,6,,,0,100,,290875,6,,,0,103,,290876,6,,,0
9102,'20260430',508,,290877,6,,,0,101,,290878,6,,,0,30,,290879,6,,,0,68,,290880,6,,,0,28,,290881,6,,,0,72,,290882,6,,,0,30,,290883,6,,,0,100,,290884,6,,,0,99,,290885,6,,,0,100,,290886,6,,,0,101,,290887,6,,,0,99,,290888,6,,,0,100,,290889,6,,,0,98,,290890,6,,,0,106,,290891,6,,,0,100,,290892,6,,,0,98,,290893,6,,,0,98,,290894,6,,,0,100,,290895,6,,,0,100,,290896,6,,,0,103,,290897,6,,,0
9102,'20260501',508,,317106,6,,,0,101,,317107,6,,,0,30,,317108,6,,,0,68,,317109,6,,,0,28,,317110,6,,,0,72,,317111,6,,,0,30,,317112,6,,,0,100,,317113,6,,,0,99,,317114,6,,,0,100,,317115,6,,,0,101,,317116,6,,,0,99,,317117,6,,,0,100,,317118,6,,,0,98,,317119,6,,,0,106,,317120,6,,,0,100,,317121,6,,,0,98,,317122,6,,,0,98,,317123,6,,,0,100,,317124,6,,,0,100,,317125,6,,,0,103,,317126,6,,,0
9102,'20260502',538,,317127,6,,,0,100,,317128,6,,,0,100,,317129,6,,,0,100,,317130,6,,,0,100,,317131,6,,,0,100,,317132,6,,,0,100,,317133,6,,,0,99,,317134,6,,,0,100,,317135,6,,,0,100,,317136,6,,,0,100,,317137,6,,,0,96,,317138,6,,,0,105,,317139,6,,,0,100,,317140,6,,,0,100,,317141,6,,,0,100,,317142,6,,,0,100,,317143,6,,,0,100,,317144,6,,,0
9102,'20260503',538,,317145,6,,,0,100,,317146,6,,,0,100,,317147,6,,,0,100,,317148,6,,,0,100,,317149,6,,,0,100,,317150,6,,,0,100,,317151,6,,,0,99,,317152,6,,,0,100,,317153,6,,,0,100,,317154,6,,,0,100,,317155,6,,,0,96,,317156,6,,,0,105,,317157,6,,,0,100,,317158,6,,,0,100,,317159,6,,,0,100,,317160,6,,,0,100,,317161,6,,,0,100,,317162,6,,,0
9102,'20260504',508,,317163,6,,,0,101,,317164,6,,,0,30,,317165,6,,,0,68,,317166,6,,,0,28,,317167,6,,,0,72,,317168,6,,,0,30,,317169,6,,,0,100,,317170,6,,,0,99,,317171,6,,,0,100,,317172,6,,,0,101,,317173,6,,,0,99,,317174,6,,,0,100,,317175,6,,,0,98,,317176,6,,,0,106,,317177,6,,,0,100,,317178,6,,,0,98,,317179,6,,,0,98,,317180,6,,,0,100,,317181,6,,,0,100,,317182,6,,,0,103,,317183,6,,,0
29102,'20260420',610,,293465,6,,,0,25,,293466,6,,,0,68,,293467,6,,,0,24,,293468,6,,,0
29102,'20260421',610,,293469,6,,,0,25,,293470,6,,,0,68,,293471,6,,,0,24,,293472,6,,,0
29102,'20260422',610,,319755,6,,,0,25,,319756,6,,,0,68,,319757,6,,,0,24,,319758,6,,,0
29102,'20260423',610,,319759,6,,,0,25,,319760,6,,,0,68,,319761,6,,,0,24,,319762,6,,,0
29102,'20260424',610,,319763,6,,,0,25,,319764,6,,,0,68,,319765,6,,,0,24,,319766,6,,,0
29102,'20260427',610,,258464,6,,,0,25,,258467,6,,,0,68,,258465,6,,,0,24,,258466,6,,,0
29102,'20260428',610,,293473,6,,,0,25,,293476,6,,,0,68,,293474,6,,,0,24,,293475,6,,,0
29102,'20260429',610,,293477,6,,,0,25,,293480,6,,,0,68,,293478,6,,,0,24,,293479,6,,,0
29102,'20260430',610,,293481,6,,,0,25,,293484,6,,,0,68,,293482,6,,,0,24,,293483,6,,,0
29102,'20260501',610,,319767,6,,,0,25,,319770,6,,,0,68,,319768,6,,,0,24,,319769,6,,,0
29102,'20260504',610,,319771,6,,,0,25,,319774,6,,,0,68,,319772,6,,,0,24,,319773,6,,,0
