400,'20260626',717,,794795,29,,,0,34,,794796,29,,,0,66,,794797,29,,,0,31,,794798,29,,,0,87,,794799,29,,,0,100,,794800,29,,,0,101,,794801,29,,,0,102,,794802,29,,,0,94,,794803,29,,,0,104,,794804,29,,,0,100,,794805,29,,,0,70,,794806,29,,,0,27,,794807,29,,,0,72,,794808,29,,,0,25,,794809,29,,,0,29,,794810,29,,,0,95,,794811,29,,,0,98,,794812,29,,,0,100,,794813,29,,,0,101,,794814,29,,,0,98,,794815,29,,,0,99,,794816,29,,,0
400,'20260627',737,,815734,29,,,0,100,,815735,29,,,0,99,,815736,29,,,0,101,,815737,29,,,0,102,,815738,29,,,0,99,,815739,29,,,0,100,,815740,29,,,0,100,,815741,29,,,0,101,,815742,29,,,0,98,,815743,29,,,0,109,,815744,29,,,0,94,,815745,29,,,0,97,,815746,29,,,0,98,,815747,29,,,0,99,,815748,29,,,0,98,,815749,29,,,0,98,,815750,29,,,0
400,'20260628',737,,815751,29,,,0,100,,815752,29,,,0,99,,815753,29,,,0,101,,815754,29,,,0,102,,815755,29,,,0,99,,815756,29,,,0,100,,815757,29,,,0,100,,815758,29,,,0,101,,815759,29,,,0,98,,815760,29,,,0,109,,815761,29,,,0,94,,815762,29,,,0,97,,815763,29,,,0,98,,815764,29,,,0,99,,815765,29,,,0,98,,815766,29,,,0,98,,815767,29,,,0
400,'20260629',717,,815768,29,,,0,34,,815769,29,,,0,66,,815770,29,,,0,31,,815771,29,,,0,87,,815772,29,,,0,100,,815773,29,,,0,101,,815774,29,,,0,102,,815775,29,,,0,94,,815776,29,,,0,104,,815777,29,,,0,100,,815778,29,,,0,70,,815779,29,,,0,27,,815780,29,,,0,72,,815781,29,,,0,25,,815782,29,,,0,29,,815783,29,,,0,95,,815784,29,,,0,98,,815785,29,,,0,100,,815786,29,,,0,101,,815787,29,,,0,98,,815788,29,,,0,99,,815789,29,,,0
400,'20260630',717,,815790,29,,,0,34,,815791,29,,,0,66,,815792,29,,,0,31,,815793,29,,,0,87,,815794,29,,,0,100,,815795,29,,,0,101,,815796,29,,,0,102,,815797,29,,,0,94,,815798,29,,,0,104,,815799,29,,,0,100,,815800,29,,,0,70,,815801,29,,,0,27,,815802,29,,,0,72,,815803,29,,,0,25,,815804,29,,,0,29,,815805,29,,,0,95,,815806,29,,,0,98,,815807,29,,,0,100,,815808,29,,,0,101,,815809,29,,,0,98,,815810,29,,,0,99,,815811,29,,,0
400,'20260701',737,,815812,29,,,0,100,,815813,29,,,0,99,,815814,29,,,0,101,,815815,29,,,0,102,,815816,29,,,0,99,,815817,29,,,0,100,,815818,29,,,0,100,,815819,29,,,0,101,,815820,29,,,0,98,,815821,29,,,0,109,,815822,29,,,0,94,,815823,29,,,0,97,,815824,29,,,0,98,,815825,29,,,0,99,,815826,29,,,0,98,,815827,29,,,0,98,,815828,29,,,0
400,'20260702',717,,815829,29,,,0,34,,815830,29,,,0,66,,815831,29,,,0,31,,815832,29,,,0,87,,815833,29,,,0,100,,815834,29,,,0,101,,815835,29,,,0,102,,815836,29,,,0,94,,815837,29,,,0,104,,815838,29,,,0,100,,815839,29,,,0,70,,815840,29,,,0,27,,815841,29,,,0,72,,815842,29,,,0,25,,815843,29,,,0,29,,815844,29,,,0,95,,815845,29,,,0,98,,815846,29,,,0,100,,815847,29,,,0,101,,815848,29,,,0,98,,815849,29,,,0,99,,815850,29,,,0
400,'20260703',717,,769089,29,,,0,34,,769090,29,,,0,66,,769091,29,,,0,31,,769092,29,,,0,87,,769093,29,,,0,100,,769094,29,,,0,101,,769095,29,,,0,102,,769096,29,,,0,94,,769097,29,,,0,104,,769098,29,,,0,100,,769099,29,,,0,70,,769100,29,,,0,27,,769101,29,,,0,72,,769102,29,,,0,25,,769103,29,,,0,29,,769104,29,,,0,95,,769105,29,,,0,98,,769106,29,,,0,100,,769107,29,,,0,101,,769108,29,,,0,98,,769109,29,,,0,99,,769110,29,,,0
400,'20260704',737,,794817,29,,,0,100,,794818,29,,,0,99,,794819,29,,,0,101,,794820,29,,,0,102,,794821,29,,,0,99,,794822,29,,,0,100,,794823,29,,,0,100,,794824,29,,,0,101,,794825,29,,,0,98,,794826,29,,,0,109,,794827,29,,,0,94,,794828,29,,,0,97,,794829,29,,,0,98,,794830,29,,,0,99,,794831,29,,,0,98,,794832,29,,,0,98,,794833,29,,,0
400,'20260705',737,,794834,29,,,0,100,,794835,29,,,0,99,,794836,29,,,0,101,,794837,29,,,0,102,,794838,29,,,0,99,,794839,29,,,0,100,,794840,29,,,0,100,,794841,29,,,0,101,,794842,29,,,0,98,,794843,29,,,0,109,,794844,29,,,0,94,,794845,29,,,0,97,,794846,29,,,0,98,,794847,29,,,0,99,,794848,29,,,0,98,,794849,29,,,0,98,,794850,29,,,0
400,'20260706',717,,794851,29,,,0,34,,794852,29,,,0,66,,794853,29,,,0,31,,794854,29,,,0,87,,794855,29,,,0,100,,794856,29,,,0,101,,794857,29,,,0,102,,794858,29,,,0,94,,794859,29,,,0,104,,794860,29,,,0,100,,794861,29,,,0,70,,794862,29,,,0,27,,794863,29,,,0,72,,794864,29,,,0,25,,794865,29,,,0,29,,794866,29,,,0,95,,794867,29,,,0,98,,794868,29,,,0,100,,794869,29,,,0,101,,794870,29,,,0,98,,794871,29,,,0,99,,794872,29,,,0
400,'20260707',717,,794873,29,,,0,34,,794874,29,,,0,66,,794875,29,,,0,31,,794876,29,,,0,87,,794877,29,,,0,100,,794878,29,,,0,101,,794879,29,,,0,102,,794880,29,,,0,94,,794881,29,,,0,104,,794882,29,,,0,100,,794883,29,,,0,70,,794884,29,,,0,27,,794885,29,,,0,72,,794886,29,,,0,25,,794887,29,,,0,29,,794888,29,,,0,95,,794889,29,,,0,98,,794890,29,,,0,100,,794891,29,,,0,101,,794892,29,,,0,98,,794893,29,,,0,99,,794894,29,,,0
400,'20260708',717,,815851,29,,,0,34,,815852,29,,,0,66,,815853,29,,,0,31,,815854,29,,,0,87,,815855,29,,,0,100,,815856,29,,,0,101,,815857,29,,,0,102,,815858,29,,,0,94,,815859,29,,,0,104,,815860,29,,,0,100,,815861,29,,,0,70,,815862,29,,,0,27,,815863,29,,,0,72,,815864,29,,,0,25,,815865,29,,,0,29,,815866,29,,,0,95,,815867,29,,,0,98,,815868,29,,,0,100,,815869,29,,,0,101,,815870,29,,,0,98,,815871,29,,,0,99,,815872,29,,,0
400,'20260709',717,,815873,29,,,0,34,,815874,29,,,0,66,,815875,29,,,0,31,,815876,29,,,0,87,,815877,29,,,0,100,,815878,29,,,0,101,,815879,29,,,0,102,,815880,29,,,0,94,,815881,29,,,0,104,,815882,29,,,0,100,,815883,29,,,0,70,,815884,29,,,0,27,,815885,29,,,0,72,,815886,29,,,0,25,,815887,29,,,0,29,,815888,29,,,0,95,,815889,29,,,0,98,,815890,29,,,0,100,,815891,29,,,0,101,,815892,29,,,0,98,,815893,29,,,0,99,,815894,29,,,0
400,'20260710',717,,815895,29,,,0,34,,815896,29,,,0,66,,815897,29,,,0,31,,815898,29,,,0,87,,815899,29,,,0,100,,815900,29,,,0,101,,815901,29,,,0,102,,815902,29,,,0,94,,815903,29,,,0,104,,815904,29,,,0,100,,815905,29,,,0,70,,815906,29,,,0,27,,815907,29,,,0,72,,815908,29,,,0,25,,815909,29,,,0,29,,815910,29,,,0,95,,815911,29,,,0,98,,815912,29,,,0,100,,815913,29,,,0,101,,815914,29,,,0,98,,815915,29,,,0,99,,815916,29,,,0
