1203,'20260321',747,,52607,16,,,0,100,,52608,16,,,0,99,,52609,16,,,0,100,,52610,16,,,0,100,,52611,16,,,0,96,,52612,16,,,0,107,,52613,16,,,0,98,,52614,16,,,0,99,,52615,16,,,0,100,,52616,16,,,0,102,,52617,16,,,0,99,,52618,16,,,0,100,,52619,16,,,0,99,,52620,16,,,0,100,,52621,16,,,0,100,,52622,16,,,0
1203,'20260322',747,,52623,16,,,0,100,,52624,16,,,0,99,,52625,16,,,0,100,,52626,16,,,0,100,,52627,16,,,0,96,,52628,16,,,0,107,,52629,16,,,0,98,,52630,16,,,0,99,,52631,16,,,0,100,,52632,16,,,0,102,,52633,16,,,0,99,,52634,16,,,0,100,,52635,16,,,0,99,,52636,16,,,0,100,,52637,16,,,0,100,,52638,16,,,0
1203,'20260323',636,,52639,16,,,0,68,,52657,16,,,0,32,,52640,16,,,0,71,,52641,16,,,0,30,,52658,16,,,0,70,,52642,16,,,0,99,,52643,16,,,0,97,,52644,16,,,0,101,,52645,16,,,0,100,,52646,16,,,0,100,,52647,16,,,0,99,,52648,16,,,0,98,,52649,16,,,0,109,,52650,16,,,0,97,,52651,16,,,0,98,,52652,16,,,0,99,,52653,16,,,0,99,,52654,16,,,0,100,,52655,16,,,0,100,,52656,16,,,0
1203,'20260324',636,,52659,16,,,0,68,,52677,16,,,0,32,,52660,16,,,0,71,,52661,16,,,0,30,,52678,16,,,0,70,,52662,16,,,0,99,,52663,16,,,0,97,,52664,16,,,0,101,,52665,16,,,0,100,,52666,16,,,0,100,,52667,16,,,0,99,,52668,16,,,0,98,,52669,16,,,0,109,,52670,16,,,0,97,,52671,16,,,0,98,,52672,16,,,0,99,,52673,16,,,0,99,,52674,16,,,0,100,,52675,16,,,0,100,,52676,16,,,0
1203,'20260325',636,,52679,16,,,0,68,,52697,16,,,0,32,,52680,16,,,0,71,,52681,16,,,0,30,,52698,16,,,0,70,,52682,16,,,0,99,,52683,16,,,0,97,,52684,16,,,0,101,,52685,16,,,0,100,,52686,16,,,0,100,,52687,16,,,0,99,,52688,16,,,0,98,,52689,16,,,0,109,,52690,16,,,0,97,,52691,16,,,0,98,,52692,16,,,0,99,,52693,16,,,0,99,,52694,16,,,0,100,,52695,16,,,0,100,,52696,16,,,0
1203,'20260326',636,,52699,16,,,0,68,,52717,16,,,0,32,,52700,16,,,0,71,,52701,16,,,0,30,,52718,16,,,0,70,,52702,16,,,0,99,,52703,16,,,0,97,,52704,16,,,0,101,,52705,16,,,0,100,,52706,16,,,0,100,,52707,16,,,0,99,,52708,16,,,0,98,,52709,16,,,0,109,,52710,16,,,0,97,,52711,16,,,0,98,,52712,16,,,0,99,,52713,16,,,0,99,,52714,16,,,0,100,,52715,16,,,0,100,,52716,16,,,0
1203,'20260327',636,,52719,16,,,0,68,,52737,16,,,0,32,,52720,16,,,0,71,,52721,16,,,0,30,,52738,16,,,0,70,,52722,16,,,0,99,,52723,16,,,0,97,,52724,16,,,0,101,,52725,16,,,0,100,,52726,16,,,0,100,,52727,16,,,0,99,,52728,16,,,0,98,,52729,16,,,0,109,,52730,16,,,0,97,,52731,16,,,0,98,,52732,16,,,0,99,,52733,16,,,0,99,,52734,16,,,0,100,,52735,16,,,0,100,,52736,16,,,0
1203,'20260328',747,,52739,16,,,0,100,,52740,16,,,0,99,,52741,16,,,0,100,,52742,16,,,0,100,,52743,16,,,0,96,,52744,16,,,0,107,,52745,16,,,0,98,,52746,16,,,0,99,,52747,16,,,0,100,,52748,16,,,0,102,,52749,16,,,0,99,,52750,16,,,0,100,,52751,16,,,0,99,,52752,16,,,0,100,,52753,16,,,0,100,,52754,16,,,0
1203,'20260329',747,,52755,16,,,0,100,,52756,16,,,0,99,,52757,16,,,0,100,,52758,16,,,0,100,,52759,16,,,0,96,,52760,16,,,0,107,,52761,16,,,0,98,,52762,16,,,0,99,,52763,16,,,0,100,,52764,16,,,0,102,,52765,16,,,0,99,,52766,16,,,0,100,,52767,16,,,0,99,,52768,16,,,0,100,,52769,16,,,0,100,,52770,16,,,0
1203,'20260330',636,,52771,16,,,0,68,,52789,16,,,0,32,,52772,16,,,0,71,,52773,16,,,0,30,,52790,16,,,0,70,,52774,16,,,0,99,,52775,16,,,0,97,,52776,16,,,0,101,,52777,16,,,0,100,,52778,16,,,0,100,,52779,16,,,0,99,,52780,16,,,0,98,,52781,16,,,0,109,,52782,16,,,0,97,,52783,16,,,0,98,,52784,16,,,0,99,,52785,16,,,0,99,,52786,16,,,0,100,,52787,16,,,0,100,,52788,16,,,0
1203,'20260331',636,,52791,16,,,0,68,,52809,16,,,0,32,,52792,16,,,0,71,,52793,16,,,0,30,,52810,16,,,0,70,,52794,16,,,0,99,,52795,16,,,0,97,,52796,16,,,0,101,,52797,16,,,0,100,,52798,16,,,0,100,,52799,16,,,0,99,,52800,16,,,0,98,,52801,16,,,0,109,,52802,16,,,0,97,,52803,16,,,0,98,,52804,16,,,0,99,,52805,16,,,0,99,,52806,16,,,0,100,,52807,16,,,0,100,,52808,16,,,0
1303,'20260317',651,,53134,70,0,7 8 1 9 10 1 11,0,107,,53135,70,0,7 8 1 9 10 1 11,0,71,,53136,70,0,7 8 1 9 10 1 11,0,100,,53137,70,0,7 8 1 9 10 1 11,0,95,,53138,70,0,7 8 1 9 10 1 11,0,100,,53139,70,0,7 8 1 9 10 1 11,0,102,,53140,70,0,7 8 1 9 10 1 11,0,99,,53141,70,0,7 8 1 9 10 1 11,0,100,,53142,70,0,7 8 1 9 10 1 11,0,103,,53143,70,0,7 8 1 9 10 1 11,0,102,,53144,70,0,7 8 1 9 10 1 11,0,102,,53145,70,0,7 8 1 9 10 1 11,0,101,,53146,70,0,7 8 1 9 10 1 11,0,94,,53147,70,0,7 8 1 9 10 1 11,0,97,,53148,70,0,7 8 1 9 10 1 11,0,100,,53149,70,0,7 8 1 9 10 1 11,0,100,,53150,70,0,7 8 1 9 10 1 11,0,101,,53151,70,0,7 8 1 9 10 1 11,0
1303,'20260318',651,,53158,70,0,7 8 1 9 10 1 11,0,107,,53159,70,0,7 8 1 9 10 1 11,0,71,,53160,70,0,7 8 1 9 10 1 11,0,100,,53161,70,0,7 8 1 9 10 1 11,0,95,,53162,70,0,7 8 1 9 10 1 11,0,100,,53163,70,0,7 8 1 9 10 1 11,0,102,,53164,70,0,7 8 1 9 10 1 11,0,99,,53165,70,0,7 8 1 9 10 1 11,0,100,,53166,70,0,7 8 1 9 10 1 11,0,103,,53167,70,0,7 8 1 9 10 1 11,0,102,,53168,70,0,7 8 1 9 10 1 11,0,102,,53169,70,0,7 8 1 9 10 1 11,0,101,,53170,70,0,7 8 1 9 10 1 11,0,94,,53171,70,0,7 8 1 9 10 1 11,0,97,,53172,70,0,7 8 1 9 10 1 11,0,100,,53173,70,0,7 8 1 9 10 1 11,0,100,,53174,70,0,7 8 1 9 10 1 11,0,101,,53175,70,0,7 8 1 9 10 1 11,0
1303,'20260319',651,,53182,70,0,7 8 1 9 10 1 11,0,107,,53183,70,0,7 8 1 9 10 1 11,0,71,,53184,70,0,7 8 1 9 10 1 11,0,100,,53185,70,0,7 8 1 9 10 1 11,0,95,,53186,70,0,7 8 1 9 10 1 11,0,100,,53187,70,0,7 8 1 9 10 1 11,0,102,,53188,70,0,7 8 1 9 10 1 11,0,99,,53189,70,0,7 8 1 9 10 1 11,0,100,,53190,70,0,7 8 1 9 10 1 11,0,103,,53191,70,0,7 8 1 9 10 1 11,0,102,,53192,70,0,7 8 1 9 10 1 11,0,102,,53193,70,0,7 8 1 9 10 1 11,0,101,,53194,70,0,7 8 1 9 10 1 11,0,94,,53195,70,0,7 8 1 9 10 1 11,0,97,,53196,70,0,7 8 1 9 10 1 11,0,100,,53197,70,0,7 8 1 9 10 1 11,0,100,,53198,70,0,7 8 1 9 10 1 11,0,101,,53199,70,0,7 8 1 9 10 1 11,0
1303,'20260320',651,,53206,70,0,7 8 1 9 10 1 11,0,107,,53207,70,0,7 8 1 9 10 1 11,0,71,,53208,70,0,7 8 1 9 10 1 11,0,100,,53209,70,0,7 8 1 9 10 1 11,0,95,,53210,70,0,7 8 1 9 10 1 11,0,100,,53211,70,0,7 8 1 9 10 1 11,0,102,,53212,70,0,7 8 1 9 10 1 11,0,99,,53213,70,0,7 8 1 9 10 1 11,0,100,,53214,70,0,7 8 1 9 10 1 11,0,103,,53215,70,0,7 8 1 9 10 1 11,0,102,,53216,70,0,7 8 1 9 10 1 11,0,102,,53217,70,0,7 8 1 9 10 1 11,0,101,,53218,70,0,7 8 1 9 10 1 11,0,94,,53219,70,0,7 8 1 9 10 1 11,0,97,,53220,70,0,7 8 1 9 10 1 11,0,100,,53221,70,0,7 8 1 9 10 1 11,0,100,,53222,70,0,7 8 1 9 10 1 11,0,101,,53223,70,0,7 8 1 9 10 1 11,0
