1203,'20260512',633,,440686,8,,,0,68,,440687,8,,,0,32,,440688,8,,,0,71,,440689,8,,,0,30,,440690,8,,,0,70,,440691,8,,,0,99,,440692,8,,,0,97,,440693,8,,,0,101,,440694,8,,,0,100,,440695,8,,,0,100,,440696,8,,,0,99,,440697,8,,,0,58,,440698,8,,,0,149,,440699,8,,,0,97,,440700,8,,,0,98,,440701,8,,,0,99,,440702,8,,,0,99,,440703,8,,,0,100,,440704,8,,,0,100,,440705,8,,,0
1203,'20260513',633,,463481,8,,,0,68,,463482,8,,,0,32,,463483,8,,,0,71,,463484,8,,,0,30,,463485,8,,,0,70,,463486,8,,,0,99,,463487,8,,,0,97,,463488,8,,,0,101,,463489,8,,,0,100,,463490,8,,,0,100,,463491,8,,,0,99,,463492,8,,,0,58,,463493,8,,,0,149,,463494,8,,,0,97,,463495,8,,,0,98,,463496,8,,,0,99,,463497,8,,,0,99,,463498,8,,,0,100,,463499,8,,,0,100,,463500,8,,,0
1203,'20260514',633,,463502,8,,,0,68,,463503,8,,,0,32,,463504,8,,,0,71,,463505,8,,,0,30,,463506,8,,,0,70,,463507,8,,,0,99,,463508,8,,,0,97,,463509,8,,,0,101,,463510,8,,,0,100,,463511,8,,,0,100,,463512,8,,,0,99,,463513,8,,,0,58,,463514,8,,,0,149,,463515,8,,,0,97,,463516,8,,,0,98,,463517,8,,,0,99,,463518,8,,,0,99,,463519,8,,,0,100,,463520,8,,,0,100,,463521,8,,,0
1203,'20260515',633,,463523,8,,,0,68,,463524,8,,,0,32,,463525,8,,,0,71,,463526,8,,,0,30,,463527,8,,,0,70,,463528,8,,,0,99,,463529,8,,,0,97,,463530,8,,,0,101,,463531,8,,,0,100,,463532,8,,,0,100,,463533,8,,,0,99,,463534,8,,,0,58,,463535,8,,,0,149,,463536,8,,,0,97,,463537,8,,,0,98,,463538,8,,,0,99,,463539,8,,,0,99,,463540,8,,,0,100,,463541,8,,,0,100,,463542,8,,,0
1203,'20260516',744,,423778,8,,,0,100,,423779,8,,,0,99,,423780,8,,,0,100,,423781,8,,,0,100,,423782,8,,,0,96,,423783,8,,,0,107,,423784,8,,,0,98,,423785,8,,,0,99,,423786,8,,,0,100,,423787,8,,,0,102,,423788,8,,,0,99,,423789,8,,,0,100,,423790,8,,,0,99,,423791,8,,,0,100,,423792,8,,,0,100,,423793,8,,,0
1203,'20260517',744,,423794,8,,,0,100,,423795,8,,,0,99,,423796,8,,,0,100,,423797,8,,,0,100,,423798,8,,,0,96,,423799,8,,,0,107,,423800,8,,,0,98,,423801,8,,,0,99,,423802,8,,,0,100,,423803,8,,,0,102,,423804,8,,,0,99,,423805,8,,,0,100,,423806,8,,,0,99,,423807,8,,,0,100,,423808,8,,,0,100,,423809,8,,,0
1203,'20260518',744,,423810,8,,,0,100,,423811,8,,,0,99,,423812,8,,,0,100,,423813,8,,,0,100,,423814,8,,,0,96,,423815,8,,,0,107,,423816,8,,,0,98,,423817,8,,,0,99,,423818,8,,,0,100,,423819,8,,,0,102,,423820,8,,,0,99,,423821,8,,,0,100,,423822,8,,,0,99,,423823,8,,,0,100,,423824,8,,,0,100,,423825,8,,,0
1203,'20260519',633,,423826,8,,,0,68,,423844,8,,,0,32,,423827,8,,,0,71,,423828,8,,,0,30,,423845,8,,,0,70,,423829,8,,,0,99,,423830,8,,,0,97,,423831,8,,,0,101,,423832,8,,,0,100,,423833,8,,,0,100,,423834,8,,,0,99,,423835,8,,,0,58,,423836,8,,,0,149,,423837,8,,,0,97,,423838,8,,,0,98,,423839,8,,,0,99,,423840,8,,,0,99,,423841,8,,,0,100,,423842,8,,,0,100,,423843,8,,,0
1203,'20260520',633,,440706,8,,,0,68,,440724,8,,,0,32,,440707,8,,,0,71,,440708,8,,,0,30,,440725,8,,,0,70,,440709,8,,,0,99,,440710,8,,,0,97,,440711,8,,,0,101,,440712,8,,,0,100,,440713,8,,,0,100,,440714,8,,,0,99,,440715,8,,,0,58,,440716,8,,,0,149,,440717,8,,,0,97,,440718,8,,,0,98,,440719,8,,,0,99,,440720,8,,,0,99,,440721,8,,,0,100,,440722,8,,,0,100,,440723,8,,,0
1203,'20260521',633,,440726,8,,,0,68,,440744,8,,,0,32,,440727,8,,,0,71,,440728,8,,,0,30,,440745,8,,,0,70,,440729,8,,,0,99,,440730,8,,,0,97,,440731,8,,,0,101,,440732,8,,,0,100,,440733,8,,,0,100,,440734,8,,,0,99,,440735,8,,,0,58,,440736,8,,,0,149,,440737,8,,,0,97,,440738,8,,,0,98,,440739,8,,,0,99,,440740,8,,,0,99,,440741,8,,,0,100,,440742,8,,,0,100,,440743,8,,,0
1203,'20260522',633,,463543,8,,,0,68,,463561,8,,,0,32,,463544,8,,,0,71,,463545,8,,,0,30,,463562,8,,,0,70,,463546,8,,,0,99,,463547,8,,,0,97,,463548,8,,,0,101,,463549,8,,,0,100,,463550,8,,,0,100,,463551,8,,,0,99,,463552,8,,,0,58,,463553,8,,,0,149,,463554,8,,,0,97,,463555,8,,,0,98,,463556,8,,,0,99,,463557,8,,,0,99,,463558,8,,,0,100,,463559,8,,,0,100,,463560,8,,,0
1203,'20260523',744,,463563,8,,,0,100,,463564,8,,,0,99,,463565,8,,,0,100,,463566,8,,,0,100,,463567,8,,,0,96,,463568,8,,,0,107,,463569,8,,,0,98,,463570,8,,,0,99,,463571,8,,,0,100,,463572,8,,,0,102,,463573,8,,,0,99,,463574,8,,,0,100,,463575,8,,,0,99,,463576,8,,,0,100,,463577,8,,,0,100,,463578,8,,,0
1203,'20260524',744,,463579,8,,,0,100,,463580,8,,,0,99,,463581,8,,,0,100,,463582,8,,,0,100,,463583,8,,,0,96,,463584,8,,,0,107,,463585,8,,,0,98,,463586,8,,,0,99,,463587,8,,,0,100,,463588,8,,,0,102,,463589,8,,,0,99,,463590,8,,,0,100,,463591,8,,,0,99,,463592,8,,,0,100,,463593,8,,,0,100,,463594,8,,,0
1203,'20260525',633,,463595,8,,,0,68,,463613,8,,,0,32,,463596,8,,,0,71,,463597,8,,,0,30,,463614,8,,,0,70,,463598,8,,,0,99,,463599,8,,,0,97,,463600,8,,,0,101,,463601,8,,,0,100,,463602,8,,,0,100,,463603,8,,,0,99,,463604,8,,,0,58,,463605,8,,,0,149,,463606,8,,,0,97,,463607,8,,,0,98,,463608,8,,,0,99,,463609,8,,,0,99,,463610,8,,,0,100,,463611,8,,,0,100,,463612,8,,,0
1203,'20260526',633,,463615,8,,,0,68,,463633,8,,,0,32,,463616,8,,,0,71,,463617,8,,,0,30,,463634,8,,,0,70,,463618,8,,,0,99,,463619,8,,,0,97,,463620,8,,,0,101,,463621,8,,,0,100,,463622,8,,,0,100,,463623,8,,,0,99,,463624,8,,,0,58,,463625,8,,,0,149,,463626,8,,,0,97,,463627,8,,,0,98,,463628,8,,,0,99,,463629,8,,,0,99,,463630,8,,,0,100,,463631,8,,,0,100,,463632,8,,,0
7601,'20260512',555,,447400,31,,,1,101,,447401,31,,,1,68,,447402,31,,,1,28,,447403,31,,,1,71,,447404,31,,,1,32,,447405,31,,,1,101,,447406,31,,,1,100,,447407,31,,,1,98,,447408,31,,,1,70,,447409,31,,,1,30,,447410,31,,,1,71,,447411,31,,,1,93,,447412,31,,,1,99,,447413,31,,,1,29,,447414,31,,,1,74,,447415,31,,,1,80,,447416,31,,,1,36,,447417,31,,,1,69,,447418,31,,,1,30,,447419,31,,,1,71,,447420,31,,,1,104,,447421,31,,,1,101,,447422,31,,,1,98,,447423,31,,,1,100,,447424,31,,,1,100,,447425,31,,,1
7601,'20260513',555,,472671,31,,,1,101,,472672,31,,,1,68,,472673,31,,,1,28,,472674,31,,,1,71,,472675,31,,,1,32,,472676,31,,,1,101,,472677,31,,,1,100,,472678,31,,,1,98,,472679,31,,,1,70,,472680,31,,,1,30,,472681,31,,,1,71,,472682,31,,,1,93,,472683,31,,,1,99,,472684,31,,,1,29,,472685,31,,,1,74,,472686,31,,,1,80,,472687,31,,,1,36,,472688,31,,,1,69,,472689,31,,,1,30,,472690,31,,,1,71,,472691,31,,,1,104,,472692,31,,,1,101,,472693,31,,,1,98,,472694,31,,,1,100,,472695,31,,,1,100,,472696,31,,,1
7601,'20260514',555,,472697,31,,,1,101,,472698,31,,,1,68,,472699,31,,,1,28,,472700,31,,,1,71,,472701,31,,,1,32,,472702,31,,,1,101,,472703,31,,,1,100,,472704,31,,,1,98,,472705,31,,,1,70,,472706,31,,,1,30,,472707,31,,,1,71,,472708,31,,,1,93,,472709,31,,,1,99,,472710,31,,,1,29,,472711,31,,,1,74,,472712,31,,,1,80,,472713,31,,,1,36,,472714,31,,,1,69,,472715,31,,,1,30,,472716,31,,,1,71,,472717,31,,,1,104,,472718,31,,,1,101,,472719,31,,,1,98,,472720,31,,,1,100,,472721,31,,,1,100,,472722,31,,,1
7601,'20260515',555,,472723,31,,,1,101,,472724,31,,,1,68,,472725,31,,,1,28,,472726,31,,,1,71,,472727,31,,,1,32,,472728,31,,,1,101,,472729,31,,,1,100,,472730,31,,,1,98,,472731,31,,,1,70,,472732,31,,,1,30,,472733,31,,,1,71,,472734,31,,,1,93,,472735,31,,,1,99,,472736,31,,,1,29,,472737,31,,,1,74,,472738,31,,,1,80,,472739,31,,,1,36,,472740,31,,,1,69,,472741,31,,,1,30,,472742,31,,,1,71,,472743,31,,,1,104,,472744,31,,,1,101,,472745,31,,,1,98,,472746,31,,,1,100,,472747,31,,,1,100,,472748,31,,,1
7601,'20260516',639,,428840,31,,,1,68,,428841,31,,,1,32,,428823,31,,,1,70,,428842,31,,,1,31,,428824,31,,,1,70,,428843,31,,,1,31,,428825,31,,,1,101,,428826,31,,,1,101,,428827,31,,,1,96,,428828,31,,,1,76,,428844,31,,,1,21,,428829,31,,,1,79,,428845,31,,,1,30,,428830,31,,,1,101,,428831,31,,,1,100,,428832,31,,,1,70,,428846,31,,,1,30,,428833,31,,,1,67,,428847,31,,,1,28,,428834,31,,,1,100,,428835,31,,,1,99,,428836,31,,,1,100,,428837,31,,,1,99,,428838,31,,,1,108,,428839,31,,,1
7601,'20260517',639,,428865,31,,,1,68,,428866,31,,,1,32,,428864,31,,,1,70,,428867,31,,,1,31,,428848,31,,,1,70,,428868,31,,,1,31,,428849,31,,,1,101,,428850,31,,,1,101,,428851,31,,,1,96,,428852,31,,,1,76,,428869,31,,,1,21,,428853,31,,,1,79,,428870,31,,,1,30,,428854,31,,,1,101,,428855,31,,,1,100,,428856,31,,,1,70,,428871,31,,,1,30,,428857,31,,,1,67,,428872,31,,,1,28,,428858,31,,,1,100,,428859,31,,,1,99,,428860,31,,,1,100,,428861,31,,,1,99,,428862,31,,,1,108,,428863,31,,,1
7601,'20260518',639,,428890,31,,,1,68,,428891,31,,,1,32,,428889,31,,,1,70,,428892,31,,,1,31,,428873,31,,,1,70,,428893,31,,,1,31,,428874,31,,,1,101,,428875,31,,,1,101,,428876,31,,,1,96,,428877,31,,,1,76,,428894,31,,,1,21,,428878,31,,,1,79,,428895,31,,,1,30,,428879,31,,,1,101,,428880,31,,,1,100,,428881,31,,,1,70,,428896,31,,,1,30,,428882,31,,,1,67,,428897,31,,,1,28,,428883,31,,,1,100,,428884,31,,,1,99,,428885,31,,,1,100,,428886,31,,,1,99,,428887,31,,,1,108,,428888,31,,,1
7601,'20260519',555,,428898,31,,,1,101,,428899,31,,,1,68,,428900,31,,,1,28,,428901,31,,,1,71,,428902,31,,,1,32,,428903,31,,,1,101,,428904,31,,,1,100,,428905,31,,,1,98,,428906,31,,,1,70,,428907,31,,,1,30,,428908,31,,,1,71,,428909,31,,,1,93,,428910,31,,,1,99,,428911,31,,,1,29,,428912,31,,,1,74,,428913,31,,,1,80,,428914,31,,,1,36,,428915,31,,,1,69,,428916,31,,,1,30,,428917,31,,,1,71,,428918,31,,,1,104,,428919,31,,,1,101,,428920,31,,,1,98,,428921,31,,,1,100,,428922,31,,,1,100,,428923,31,,,1
7601,'20260520',555,,447426,31,,,1,101,,447427,31,,,1,68,,447428,31,,,1,28,,447429,31,,,1,71,,447430,31,,,1,32,,447431,31,,,1,101,,447432,31,,,1,100,,447433,31,,,1,98,,447434,31,,,1,70,,447435,31,,,1,30,,447436,31,,,1,71,,447437,31,,,1,93,,447438,31,,,1,99,,447439,31,,,1,29,,447440,31,,,1,74,,447441,31,,,1,80,,447442,31,,,1,36,,447443,31,,,1,69,,447444,31,,,1,30,,447445,31,,,1,71,,447446,31,,,1,104,,447447,31,,,1,101,,447448,31,,,1,98,,447449,31,,,1,100,,447450,31,,,1,100,,447451,31,,,1
7601,'20260521',555,,447452,31,,,1,101,,447453,31,,,1,68,,447454,31,,,1,28,,447455,31,,,1,71,,447456,31,,,1,32,,447457,31,,,1,101,,447458,31,,,1,100,,447459,31,,,1,98,,447460,31,,,1,70,,447461,31,,,1,30,,447462,31,,,1,71,,447463,31,,,1,93,,447464,31,,,1,99,,447465,31,,,1,29,,447466,31,,,1,74,,447467,31,,,1,80,,447468,31,,,1,36,,447469,31,,,1,69,,447470,31,,,1,30,,447471,31,,,1,71,,447472,31,,,1,104,,447473,31,,,1,101,,447474,31,,,1,98,,447475,31,,,1,100,,447476,31,,,1,100,,447477,31,,,1
7601,'20260522',555,,472749,31,,,1,101,,472750,31,,,1,68,,472751,31,,,1,28,,472752,31,,,1,71,,472753,31,,,1,32,,472754,31,,,1,101,,472755,31,,,1,100,,472756,31,,,1,98,,472757,31,,,1,70,,472758,31,,,1,30,,472759,31,,,1,71,,472760,31,,,1,93,,472761,31,,,1,99,,472762,31,,,1,29,,472763,31,,,1,74,,472764,31,,,1,80,,472765,31,,,1,36,,472766,31,,,1,69,,472767,31,,,1,30,,472768,31,,,1,71,,472769,31,,,1,104,,472770,31,,,1,101,,472771,31,,,1,98,,472772,31,,,1,100,,472773,31,,,1,100,,472774,31,,,1
7601,'20260523',639,,472792,31,,,1,68,,472793,31,,,1,32,,472775,31,,,1,70,,472794,31,,,1,31,,472776,31,,,1,70,,472795,31,,,1,31,,472777,31,,,1,101,,472778,31,,,1,101,,472779,31,,,1,96,,472780,31,,,1,76,,472796,31,,,1,21,,472781,31,,,1,79,,472797,31,,,1,30,,472782,31,,,1,101,,472783,31,,,1,100,,472784,31,,,1,70,,472798,31,,,1,30,,472785,31,,,1,67,,472799,31,,,1,28,,472786,31,,,1,100,,472787,31,,,1,99,,472788,31,,,1,100,,472789,31,,,1,99,,472790,31,,,1,108,,472791,31,,,1
7601,'20260524',639,,472817,31,,,1,68,,472818,31,,,1,32,,472816,31,,,1,70,,472819,31,,,1,31,,472800,31,,,1,70,,472820,31,,,1,31,,472801,31,,,1,101,,472802,31,,,1,101,,472803,31,,,1,96,,472804,31,,,1,76,,472821,31,,,1,21,,472805,31,,,1,79,,472822,31,,,1,30,,472806,31,,,1,101,,472807,31,,,1,100,,472808,31,,,1,70,,472823,31,,,1,30,,472809,31,,,1,67,,472824,31,,,1,28,,472810,31,,,1,100,,472811,31,,,1,99,,472812,31,,,1,100,,472813,31,,,1,99,,472814,31,,,1,108,,472815,31,,,1
7601,'20260525',555,,472825,31,,,1,101,,472826,31,,,1,68,,472827,31,,,1,28,,472828,31,,,1,71,,472829,31,,,1,32,,472830,31,,,1,101,,472831,31,,,1,100,,472832,31,,,1,98,,472833,31,,,1,70,,472834,31,,,1,30,,472835,31,,,1,71,,472836,31,,,1,93,,472837,31,,,1,99,,472838,31,,,1,29,,472839,31,,,1,74,,472840,31,,,1,80,,472841,31,,,1,36,,472842,31,,,1,69,,472843,31,,,1,30,,472844,31,,,1,71,,472845,31,,,1,104,,472846,31,,,1,101,,472847,31,,,1,98,,472848,31,,,1,100,,472849,31,,,1,100,,472850,31,,,1
7601,'20260526',555,,472851,31,,,1,101,,472852,31,,,1,68,,472853,31,,,1,28,,472854,31,,,1,71,,472855,31,,,1,32,,472856,31,,,1,101,,472857,31,,,1,100,,472858,31,,,1,98,,472859,31,,,1,70,,472860,31,,,1,30,,472861,31,,,1,71,,472862,31,,,1,93,,472863,31,,,1,99,,472864,31,,,1,29,,472865,31,,,1,74,,472866,31,,,1,80,,472867,31,,,1,36,,472868,31,,,1,69,,472869,31,,,1,30,,472870,31,,,1,71,,472871,31,,,1,104,,472872,31,,,1,101,,472873,31,,,1,98,,472874,31,,,1,100,,472875,31,,,1,100,,472876,31,,,1
