8000,'20260619',710,,750239,76,,,0,31,,750240,76,,,0,70,,750241,76,,,0,30,,750242,76,,,0,69,,750243,76,,,0,29,,750244,76,,,0,70,,750245,76,,,0,30,,750246,76,,,0,70,,750247,76,,,0,30,,750248,76,,,0,70,,750249,76,,,0,31,,750250,76,,,0,70,,750251,76,,,0,30,,750252,76,,,0,70,,750253,76,,,0,30,,750254,76,,,0,71,,750255,76,,,0,30,,750256,76,,,0,71,,750257,76,,,0,33,,750258,76,,,0,68,,750259,76,,,0,28,,750260,76,,,0,70,,750261,76,,,0,29,,750262,76,,,0,68,,750263,76,,,0,30,,750264,76,,,0,100,,750266,76,,,0,99,,750268,76,,,0,100,,750270,76,,,0,100,,750272,76,,,0,99,,750274,76,,,0,70,,750275,76,,,0
8000,'20260620',707,,778707,76,,,0,30,,778708,76,,,0,71,,778709,76,,,0,30,,778710,76,,,0,70,,778711,76,,,0,30,,778712,76,,,0,70,,778713,76,,,0,30,,778714,76,,,0,70,,778715,76,,,0,30,,778716,76,,,0,70,,778717,76,,,0,30,,778718,76,,,0,71,,778719,76,,,0,30,,778720,76,,,0,70,,778721,76,,,0,30,,778722,76,,,0,70,,778723,76,,,0,30,,778724,76,,,0,70,,778725,76,,,0,30,,778726,76,,,0,70,,778727,76,,,0,30,,778728,76,,,0,70,,778729,76,,,0,29,,778730,76,,,0,70,,778731,76,,,0,30,,778732,76,,,0,70,,778733,76,,,0,100,,778735,76,,,0,100,,778737,76,,,0,99,,778739,76,,,0,100,,778741,76,,,0,100,,778743,76,,,0
8000,'20260621',707,,778744,76,,,0,30,,778745,76,,,0,71,,778746,76,,,0,30,,778747,76,,,0,70,,778748,76,,,0,30,,778749,76,,,0,70,,778750,76,,,0,30,,778751,76,,,0,70,,778752,76,,,0,30,,778753,76,,,0,70,,778754,76,,,0,30,,778755,76,,,0,71,,778756,76,,,0,30,,778757,76,,,0,70,,778758,76,,,0,30,,778759,76,,,0,70,,778760,76,,,0,30,,778761,76,,,0,70,,778762,76,,,0,30,,778763,76,,,0,70,,778764,76,,,0,30,,778765,76,,,0,70,,778766,76,,,0,29,,778767,76,,,0,70,,778768,76,,,0,30,,778769,76,,,0,70,,778770,76,,,0,100,,778772,76,,,0,100,,778774,76,,,0,99,,778776,76,,,0,100,,778778,76,,,0,100,,778780,76,,,0
8000,'20260622',710,,778782,76,,,0,31,,778783,76,,,0,70,,778784,76,,,0,30,,778785,76,,,0,69,,778786,76,,,0,29,,778787,76,,,0,70,,778788,76,,,0,30,,778789,76,,,0,70,,778790,76,,,0,30,,778791,76,,,0,70,,778792,76,,,0,31,,778793,76,,,0,70,,778794,76,,,0,30,,778795,76,,,0,70,,778796,76,,,0,30,,778797,76,,,0,71,,778798,76,,,0,30,,778799,76,,,0,71,,778800,76,,,0,33,,778801,76,,,0,68,,778802,76,,,0,28,,778803,76,,,0,69,,778804,76,,,0,30,,778805,76,,,0,68,,778806,76,,,0,30,,778807,76,,,0,100,,778809,76,,,0,99,,778811,76,,,0,100,,778813,76,,,0,100,,778815,76,,,0,99,,778817,76,,,0,70,,778818,76,,,0
8000,'20260623',710,,778820,76,,,0,31,,778821,76,,,0,70,,778822,76,,,0,30,,778823,76,,,0,69,,778824,76,,,0,29,,778825,76,,,0,70,,778826,76,,,0,30,,778827,76,,,0,70,,778828,76,,,0,30,,778829,76,,,0,70,,778830,76,,,0,31,,778831,76,,,0,70,,778832,76,,,0,30,,778833,76,,,0,70,,778834,76,,,0,30,,778835,76,,,0,71,,778836,76,,,0,30,,778837,76,,,0,71,,778838,76,,,0,33,,778839,76,,,0,68,,778840,76,,,0,28,,778841,76,,,0,69,,778842,76,,,0,30,,778843,76,,,0,68,,778844,76,,,0,30,,778845,76,,,0,100,,778847,76,,,0,99,,778849,76,,,0,100,,778851,76,,,0,100,,778853,76,,,0,99,,778855,76,,,0,70,,778856,76,,,0
8000,'20260624',707,,778857,76,,,0,30,,778858,76,,,0,71,,778859,76,,,0,30,,778860,76,,,0,70,,778861,76,,,0,30,,778862,76,,,0,70,,778863,76,,,0,30,,778864,76,,,0,70,,778865,76,,,0,30,,778866,76,,,0,70,,778867,76,,,0,30,,778868,76,,,0,71,,778869,76,,,0,30,,778870,76,,,0,70,,778871,76,,,0,30,,778872,76,,,0,70,,778873,76,,,0,30,,778874,76,,,0,70,,778875,76,,,0,30,,778876,76,,,0,70,,778877,76,,,0,30,,778878,76,,,0,70,,778879,76,,,0,29,,778880,76,,,0,70,,778881,76,,,0,30,,778882,76,,,0,70,,778883,76,,,0,100,,778885,76,,,0,100,,778887,76,,,0,99,,778889,76,,,0,100,,778891,76,,,0,100,,778893,76,,,0
8000,'20260625',710,,716643,76,,,0,31,,716644,76,,,0,70,,716645,76,,,0,30,,716646,76,,,0,69,,716647,76,,,0,29,,716648,76,,,0,70,,716649,76,,,0,30,,716650,76,,,0,70,,716651,76,,,0,30,,716652,76,,,0,70,,716653,76,,,0,31,,716654,76,,,0,70,,716655,76,,,0,30,,716656,76,,,0,70,,716657,76,,,0,30,,716658,76,,,0,71,,716659,76,,,0,30,,716660,76,,,0,71,,716661,76,,,0,33,,716662,76,,,0,68,,716663,76,,,0,28,,716664,76,,,0,69,,716665,76,,,0,30,,716666,76,,,0,68,,716667,76,,,0,30,,716674,76,,,0,100,,716675,76,,,0,99,,716676,76,,,0,100,,716677,76,,,0,100,,716678,76,,,0,99,,716679,76,,,0,70,,716673,76,,,0
8000,'20260626',710,,716681,76,,,0,31,,716682,76,,,0,70,,716683,76,,,0,30,,716684,76,,,0,69,,716685,76,,,0,29,,716686,76,,,0,70,,716687,76,,,0,30,,716688,76,,,0,70,,716689,76,,,0,30,,716690,76,,,0,70,,716691,76,,,0,31,,716692,76,,,0,70,,716693,76,,,0,30,,716694,76,,,0,70,,716695,76,,,0,30,,716696,76,,,0,71,,716697,76,,,0,30,,716698,76,,,0,71,,716699,76,,,0,33,,716700,76,,,0,68,,716701,76,,,0,28,,716702,76,,,0,69,,716703,76,,,0,30,,716704,76,,,0,68,,716705,76,,,0,30,,716712,76,,,0,100,,716713,76,,,0,99,,716714,76,,,0,100,,716715,76,,,0,100,,716716,76,,,0,99,,716717,76,,,0,70,,716711,76,,,0
8000,'20260627',707,,750426,76,,,0,30,,750444,76,,,0,71,,750427,76,,,0,30,,750445,76,,,0,70,,750428,76,,,0,30,,750446,76,,,0,70,,750429,76,,,0,30,,750447,76,,,0,70,,750430,76,,,0,30,,750448,76,,,0,70,,750431,76,,,0,30,,750449,76,,,0,71,,750432,76,,,0,30,,750450,76,,,0,70,,750433,76,,,0,30,,750451,76,,,0,70,,750434,76,,,0,30,,750452,76,,,0,70,,750435,76,,,0,30,,750453,76,,,0,70,,750436,76,,,0,30,,750454,76,,,0,70,,750437,76,,,0,29,,750455,76,,,0,70,,750438,76,,,0,30,,750456,76,,,0,70,,750439,76,,,0,100,,750440,76,,,0,100,,750441,76,,,0,99,,750442,76,,,0,100,,750443,76,,,0,100,,750461,76,,,0
8000,'20260628',707,,750463,76,,,0,30,,750481,76,,,0,71,,750464,76,,,0,30,,750482,76,,,0,70,,750465,76,,,0,30,,750483,76,,,0,70,,750466,76,,,0,30,,750484,76,,,0,70,,750467,76,,,0,30,,750485,76,,,0,70,,750468,76,,,0,30,,750486,76,,,0,71,,750469,76,,,0,30,,750487,76,,,0,70,,750470,76,,,0,30,,750489,76,,,0,70,,750471,76,,,0,30,,750490,76,,,0,70,,750472,76,,,0,30,,750491,76,,,0,70,,750473,76,,,0,30,,750488,76,,,0,70,,750474,76,,,0,29,,750492,76,,,0,70,,750475,76,,,0,30,,750493,76,,,0,70,,750476,76,,,0,100,,750477,76,,,0,100,,750478,76,,,0,99,,750479,76,,,0,100,,750480,76,,,0,100,,750499,76,,,0
8000,'20260629',710,,750500,76,,,0,31,,750501,76,,,0,70,,750502,76,,,0,30,,750503,76,,,0,69,,750504,76,,,0,29,,750505,76,,,0,70,,750506,76,,,0,30,,750507,76,,,0,70,,750508,76,,,0,30,,750509,76,,,0,70,,750510,76,,,0,31,,750511,76,,,0,70,,750512,76,,,0,30,,750513,76,,,0,70,,750514,76,,,0,30,,750515,76,,,0,71,,750516,76,,,0,30,,750517,76,,,0,71,,750518,76,,,0,33,,750519,76,,,0,68,,750520,76,,,0,28,,750521,76,,,0,69,,750522,76,,,0,30,,750523,76,,,0,68,,750524,76,,,0,30,,750531,76,,,0,100,,750532,76,,,0,99,,750533,76,,,0,100,,750534,76,,,0,100,,750535,76,,,0,99,,750536,76,,,0,70,,750530,76,,,0
8000,'20260630',710,,750538,76,,,0,31,,750539,76,,,0,70,,750540,76,,,0,30,,750541,76,,,0,69,,750542,76,,,0,29,,750543,76,,,0,70,,750544,76,,,0,30,,750545,76,,,0,70,,750546,76,,,0,30,,750547,76,,,0,70,,750548,76,,,0,31,,750549,76,,,0,70,,750550,76,,,0,30,,750551,76,,,0,70,,750552,76,,,0,30,,750553,76,,,0,71,,750554,76,,,0,30,,750555,76,,,0,71,,750556,76,,,0,33,,750557,76,,,0,68,,750558,76,,,0,28,,750559,76,,,0,69,,750560,76,,,0,30,,750561,76,,,0,68,,750562,76,,,0,30,,750569,76,,,0,100,,750570,76,,,0,99,,750571,76,,,0,100,,750572,76,,,0,100,,750573,76,,,0,99,,750574,76,,,0,70,,750568,76,,,0
8000,'20260701',707,,778894,76,,,0,30,,778912,76,,,0,71,,778895,76,,,0,30,,778913,76,,,0,70,,778896,76,,,0,30,,778914,76,,,0,70,,778897,76,,,0,30,,778915,76,,,0,70,,778898,76,,,0,30,,778916,76,,,0,70,,778899,76,,,0,30,,778917,76,,,0,71,,778900,76,,,0,30,,778918,76,,,0,70,,778901,76,,,0,30,,778920,76,,,0,70,,778902,76,,,0,30,,778921,76,,,0,70,,778903,76,,,0,30,,778922,76,,,0,70,,778904,76,,,0,30,,778919,76,,,0,70,,778905,76,,,0,29,,778923,76,,,0,70,,778906,76,,,0,30,,778924,76,,,0,70,,778907,76,,,0,100,,778908,76,,,0,100,,778909,76,,,0,99,,778910,76,,,0,100,,778911,76,,,0,100,,778930,76,,,0
8000,'20260702',710,,778931,76,,,0,31,,778932,76,,,0,70,,778933,76,,,0,30,,778934,76,,,0,69,,778935,76,,,0,29,,778936,76,,,0,70,,778937,76,,,0,30,,778938,76,,,0,70,,778939,76,,,0,30,,778940,76,,,0,70,,778941,76,,,0,31,,778942,76,,,0,70,,778943,76,,,0,30,,778944,76,,,0,70,,778945,76,,,0,30,,778946,76,,,0,71,,778947,76,,,0,30,,778948,76,,,0,71,,778949,76,,,0,33,,778950,76,,,0,68,,778951,76,,,0,28,,778952,76,,,0,69,,778953,76,,,0,30,,778954,76,,,0,68,,778955,76,,,0,30,,778962,76,,,0,100,,778963,76,,,0,99,,778964,76,,,0,100,,778965,76,,,0,100,,778966,76,,,0,99,,778967,76,,,0,70,,778961,76,,,0
8000,'20260703',710,,778969,76,,,0,31,,778970,76,,,0,70,,778971,76,,,0,30,,778972,76,,,0,69,,778973,76,,,0,29,,778974,76,,,0,70,,778975,76,,,0,30,,778976,76,,,0,70,,778977,76,,,0,30,,778978,76,,,0,70,,778979,76,,,0,31,,778980,76,,,0,70,,778981,76,,,0,30,,778982,76,,,0,70,,778983,76,,,0,30,,778984,76,,,0,71,,778985,76,,,0,30,,778986,76,,,0,71,,778987,76,,,0,33,,778988,76,,,0,68,,778989,76,,,0,28,,778990,76,,,0,69,,778991,76,,,0,30,,778992,76,,,0,68,,778993,76,,,0,30,,779000,76,,,0,100,,779001,76,,,0,99,,779002,76,,,0,100,,779003,76,,,0,100,,779004,76,,,0,99,,779005,76,,,0,70,,778999,76,,,0
