1602,'20260309',826,,5105,13,,,0,100,,5106,13,,,0,99,,5107,13,,,0,101,,5108,13,,,0,102,,5109,13,,,0,98,,5110,13,,,0,100,,5111,13,,,0,97,,5112,13,,,0,103,,5113,13,,,0,206,,5116,13,,,0,93,,5117,13,,,0,101,,5118,13,,,0,100,,5119,13,,,0
1602,'20260310',826,,5122,13,,,0,100,,5123,13,,,0,99,,5124,13,,,0,101,,5125,13,,,0,102,,5126,13,,,0,98,,5127,13,,,0,100,,5128,13,,,0,97,,5129,13,,,0,103,,5130,13,,,0,206,,5133,13,,,0,93,,5134,13,,,0,101,,5135,13,,,0,100,,5136,13,,,0
1602,'20260311',826,,5139,13,,,0,100,,5140,13,,,0,99,,5141,13,,,0,101,,5142,13,,,0,102,,5143,13,,,0,98,,5144,13,,,0,100,,5145,13,,,0,97,,5146,13,,,0,103,,5147,13,,,0,206,,5150,13,,,0,93,,5151,13,,,0,101,,5152,13,,,0,100,,5153,13,,,0
1602,'20260312',826,,5156,13,,,0,100,,5157,13,,,0,99,,5158,13,,,0,101,,5159,13,,,0,102,,5160,13,,,0,98,,5161,13,,,0,100,,5162,13,,,0,97,,5163,13,,,0,103,,5164,13,,,0,206,,5167,13,,,0,93,,5168,13,,,0,101,,5169,13,,,0,100,,5170,13,,,0
1602,'20260313',826,,5173,13,,,0,100,,5174,13,,,0,99,,5175,13,,,0,101,,5176,13,,,0,102,,5177,13,,,0,98,,5178,13,,,0,100,,5179,13,,,0,97,,5180,13,,,0,103,,5181,13,,,0,206,,5184,13,,,0,93,,5185,13,,,0,101,,5186,13,,,0,100,,5187,13,,,0
1602,'20260316',826,,5200,13,,,0,100,,5201,13,,,0,99,,5202,13,,,0,101,,5203,13,,,0,102,,5204,13,,,0,98,,5205,13,,,0,100,,5206,13,,,0,97,,5207,13,,,0,103,,5208,13,,,0,206,,5209,13,,,0,93,,5210,13,,,0,101,,5211,13,,,0,100,,5212,13,,,0
1602,'20260317',826,,5217,13,,,0,100,,5218,13,,,0,99,,5219,13,,,0,101,,5220,13,,,0,102,,5221,13,,,0,98,,5222,13,,,0,100,,5223,13,,,0,97,,5224,13,,,0,103,,5225,13,,,0,206,,5226,13,,,0,93,,5227,13,,,0,101,,5228,13,,,0,100,,5229,13,,,0
1602,'20260318',826,,5234,13,,,0,100,,5235,13,,,0,99,,5236,13,,,0,101,,5237,13,,,0,102,,5238,13,,,0,98,,5239,13,,,0,100,,5240,13,,,0,97,,5241,13,,,0,103,,5242,13,,,0,206,,5243,13,,,0,93,,5244,13,,,0,101,,5245,13,,,0,100,,5246,13,,,0
1602,'20260319',826,,5251,13,,,0,100,,5252,13,,,0,99,,5253,13,,,0,101,,5254,13,,,0,102,,5255,13,,,0,98,,5256,13,,,0,100,,5257,13,,,0,97,,5258,13,,,0,103,,5259,13,,,0,206,,5260,13,,,0,93,,5261,13,,,0,101,,5262,13,,,0,100,,5263,13,,,0
1602,'20260320',826,,5268,13,,,0,100,,5269,13,,,0,99,,5270,13,,,0,101,,5271,13,,,0,102,,5272,13,,,0,98,,5273,13,,,0,100,,5274,13,,,0,97,,5275,13,,,0,103,,5276,13,,,0,206,,5277,13,,,0,93,,5278,13,,,0,101,,5279,13,,,0,100,,5280,13,,,0
2502,'20260308',651,,7236,39,,,0,99,,7237,39,,,0,100,,7238,39,,,0,101,,7239,39,,,0,101,,7240,39,,,0,99,,7241,39,,,0,100,,7242,39,,,0,100,,7243,39,,,0,100,,7244,39,,,0,103,,7245,39,,,0,99,,7246,39,,,0,103,,7247,39,,,0,97,,7248,39,,,0,98,,7249,39,,,0,100,,7250,39,,,0,100,,7251,39,,,0,100,,7252,39,,,0,99,,7253,39,,,0
2502,'20260309',642,,7255,39,,,0,58,,7256,39,,,0,14,,7257,39,,,0,9,,7258,39,,,0,9,,7259,39,,,0,8,,7260,39,,,0,8,,7261,39,,,0,11,,7262,39,,,0,47,,7263,39,,,0,14,,7264,39,,,0,18,,7265,39,,,0,70,,7266,39,,,0,31,,7267,39,,,0,70,,7268,39,,,0,30,,7269,39,,,0,68,,7270,39,,,0,32,,7271,39,,,0,70,,7272,39,,,0,30,,7273,39,,,0,71,,7274,39,,,0,29,,7275,39,,,0,70,,7276,39,,,0,31,,7277,39,,,0,66,,7278,39,,,0,24,,7279,39,,,0,10,,7280,39,,,0,9,,7281,39,,,0,10,,7282,39,,,0,56,,7283,39,,,0,14,,7284,39,,,0,15,,7285,39,,,0,15,,7254,39,,,0,55,,7287,39,,,0,29,,7288,39,,,0,69,,7289,39,,,0,99,,7290,39,,,0,98,,7291,39,,,0,100,,7292,39,,,0,100,,7293,39,,,0,99,,7294,39,,,0,100,,7295,39,,,0
2502,'20260310',642,,7297,39,,,0,58,,7298,39,,,0,14,,7299,39,,,0,9,,7300,39,,,0,9,,7301,39,,,0,8,,7302,39,,,0,8,,7303,39,,,0,11,,7304,39,,,0,47,,7305,39,,,0,14,,7306,39,,,0,18,,7307,39,,,0,70,,7308,39,,,0,31,,7309,39,,,0,70,,7310,39,,,0,30,,7311,39,,,0,68,,7312,39,,,0,32,,7313,39,,,0,70,,7314,39,,,0,30,,7315,39,,,0,71,,7316,39,,,0,29,,7317,39,,,0,70,,7318,39,,,0,31,,7319,39,,,0,66,,7320,39,,,0,24,,7321,39,,,0,10,,7322,39,,,0,9,,7323,39,,,0,10,,7324,39,,,0,56,,7325,39,,,0,14,,7326,39,,,0,15,,7327,39,,,0,15,,7296,39,,,0,55,,7329,39,,,0,29,,7330,39,,,0,69,,7331,39,,,0,99,,7332,39,,,0,98,,7333,39,,,0,100,,7334,39,,,0,100,,7335,39,,,0,99,,7336,39,,,0,100,,7337,39,,,0
2502,'20260311',642,,7339,39,,,0,58,,7340,39,,,0,14,,7341,39,,,0,9,,7342,39,,,0,9,,7343,39,,,0,8,,7344,39,,,0,8,,7345,39,,,0,11,,7346,39,,,0,47,,7347,39,,,0,14,,7348,39,,,0,18,,7349,39,,,0,70,,7350,39,,,0,31,,7351,39,,,0,70,,7352,39,,,0,30,,7353,39,,,0,68,,7354,39,,,0,32,,7355,39,,,0,70,,7356,39,,,0,30,,7357,39,,,0,71,,7358,39,,,0,29,,7359,39,,,0,70,,7360,39,,,0,31,,7361,39,,,0,66,,7362,39,,,0,24,,7363,39,,,0,10,,7364,39,,,0,9,,7365,39,,,0,10,,7366,39,,,0,56,,7367,39,,,0,14,,7368,39,,,0,15,,7369,39,,,0,15,,7338,39,,,0,55,,7371,39,,,0,29,,7372,39,,,0,69,,7373,39,,,0,99,,7374,39,,,0,98,,7375,39,,,0,100,,7376,39,,,0,100,,7377,39,,,0,99,,7378,39,,,0,100,,7379,39,,,0
2502,'20260312',642,,7381,39,,,0,58,,7382,39,,,0,14,,7383,39,,,0,9,,7384,39,,,0,9,,7385,39,,,0,8,,7386,39,,,0,8,,7387,39,,,0,11,,7388,39,,,0,47,,7389,39,,,0,14,,7390,39,,,0,18,,7391,39,,,0,70,,7392,39,,,0,31,,7393,39,,,0,70,,7394,39,,,0,30,,7395,39,,,0,68,,7396,39,,,0,32,,7397,39,,,0,70,,7398,39,,,0,30,,7399,39,,,0,71,,7400,39,,,0,29,,7401,39,,,0,70,,7402,39,,,0,31,,7403,39,,,0,66,,7404,39,,,0,24,,7405,39,,,0,10,,7406,39,,,0,9,,7407,39,,,0,10,,7408,39,,,0,56,,7409,39,,,0,14,,7410,39,,,0,15,,7411,39,,,0,15,,7380,39,,,0,55,,7413,39,,,0,29,,7414,39,,,0,69,,7415,39,,,0,99,,7416,39,,,0,98,,7417,39,,,0,100,,7418,39,,,0,100,,7419,39,,,0,99,,7420,39,,,0,100,,7421,39,,,0
2502,'20260313',642,,7423,39,,,0,58,,7424,39,,,0,14,,7425,39,,,0,9,,7426,39,,,0,9,,7427,39,,,0,8,,7428,39,,,0,8,,7429,39,,,0,11,,7430,39,,,0,47,,7431,39,,,0,14,,7432,39,,,0,18,,7433,39,,,0,70,,7434,39,,,0,31,,7435,39,,,0,70,,7436,39,,,0,30,,7437,39,,,0,68,,7438,39,,,0,32,,7439,39,,,0,70,,7440,39,,,0,30,,7441,39,,,0,71,,7442,39,,,0,29,,7443,39,,,0,70,,7444,39,,,0,31,,7445,39,,,0,66,,7446,39,,,0,24,,7447,39,,,0,10,,7448,39,,,0,9,,7449,39,,,0,10,,7450,39,,,0,56,,7451,39,,,0,14,,7452,39,,,0,15,,7453,39,,,0,15,,7422,39,,,0,55,,7455,39,,,0,29,,7456,39,,,0,69,,7457,39,,,0,99,,7458,39,,,0,98,,7459,39,,,0,100,,7460,39,,,0,100,,7461,39,,,0,99,,7462,39,,,0,100,,7463,39,,,0
2502,'20260314',651,,7464,39,,,0,99,,7465,39,,,0,100,,7466,39,,,0,101,,7467,39,,,0,101,,7468,39,,,0,99,,7469,39,,,0,100,,7470,39,,,0,100,,7471,39,,,0,100,,7472,39,,,0,103,,7473,39,,,0,99,,7474,39,,,0,103,,7475,39,,,0,97,,7476,39,,,0,98,,7477,39,,,0,100,,7478,39,,,0,100,,7479,39,,,0,100,,7480,39,,,0,99,,7481,39,,,0
2502,'20260315',651,,7482,39,,,0,99,,7483,39,,,0,100,,7484,39,,,0,101,,7485,39,,,0,101,,7486,39,,,0,99,,7487,39,,,0,100,,7488,39,,,0,100,,7489,39,,,0,100,,7490,39,,,0,103,,7491,39,,,0,99,,7492,39,,,0,103,,7493,39,,,0,97,,7494,39,,,0,98,,7495,39,,,0,100,,7496,39,,,0,100,,7497,39,,,0,100,,7498,39,,,0,99,,7499,39,,,0
2502,'20260316',642,,7500,39,,,0,58,,7501,39,,,0,14,,7502,39,,,0,9,,7539,39,,,0,9,,7536,39,,,0,8,,7538,39,,,0,8,,7503,39,,,0,11,,7537,39,,,0,47,,7504,39,,,0,14,,7505,39,,,0,18,,7506,39,,,0,70,,7507,39,,,0,31,,7508,39,,,0,70,,7509,39,,,0,30,,7510,39,,,0,68,,7511,39,,,0,32,,7512,39,,,0,70,,7513,39,,,0,30,,7514,39,,,0,71,,7515,39,,,0,29,,7516,39,,,0,70,,7517,39,,,0,31,,7518,39,,,0,66,,7519,39,,,0,24,,7520,39,,,0,10,,7540,39,,,0,9,,7521,39,,,0,10,,7522,39,,,0,56,,7523,39,,,0,14,,7524,39,,,0,15,,7525,39,,,0,15,,7526,39,,,0,55,,7527,39,,,0,29,,7528,39,,,0,69,,7529,39,,,0,99,,7530,39,,,0,98,,7531,39,,,0,100,,7532,39,,,0,100,,7533,39,,,0,99,,7534,39,,,0,100,,7535,39,,,0
2502,'20260317',642,,7541,39,,,0,58,,7542,39,,,0,14,,7543,39,,,0,9,,7580,39,,,0,9,,7577,39,,,0,8,,7579,39,,,0,8,,7544,39,,,0,11,,7578,39,,,0,47,,7545,39,,,0,14,,7546,39,,,0,18,,7547,39,,,0,70,,7548,39,,,0,31,,7549,39,,,0,70,,7550,39,,,0,30,,7551,39,,,0,68,,7552,39,,,0,32,,7553,39,,,0,70,,7554,39,,,0,30,,7555,39,,,0,71,,7556,39,,,0,29,,7557,39,,,0,70,,7558,39,,,0,31,,7559,39,,,0,66,,7560,39,,,0,24,,7561,39,,,0,10,,7581,39,,,0,9,,7562,39,,,0,10,,7563,39,,,0,56,,7564,39,,,0,14,,7565,39,,,0,15,,7566,39,,,0,15,,7567,39,,,0,55,,7568,39,,,0,29,,7569,39,,,0,69,,7570,39,,,0,99,,7571,39,,,0,98,,7572,39,,,0,100,,7573,39,,,0,100,,7574,39,,,0,99,,7575,39,,,0,100,,7576,39,,,0
2502,'20260318',642,,7582,39,,,0,58,,7583,39,,,0,14,,7584,39,,,0,9,,7621,39,,,0,9,,7618,39,,,0,8,,7620,39,,,0,8,,7585,39,,,0,11,,7619,39,,,0,47,,7586,39,,,0,14,,7587,39,,,0,18,,7588,39,,,0,70,,7589,39,,,0,31,,7590,39,,,0,70,,7591,39,,,0,30,,7592,39,,,0,68,,7593,39,,,0,32,,7594,39,,,0,70,,7595,39,,,0,30,,7596,39,,,0,71,,7597,39,,,0,29,,7598,39,,,0,70,,7599,39,,,0,31,,7600,39,,,0,66,,7601,39,,,0,24,,7602,39,,,0,10,,7622,39,,,0,9,,7603,39,,,0,10,,7604,39,,,0,56,,7605,39,,,0,14,,7606,39,,,0,15,,7607,39,,,0,15,,7608,39,,,0,55,,7609,39,,,0,29,,7610,39,,,0,69,,7611,39,,,0,99,,7612,39,,,0,98,,7613,39,,,0,100,,7614,39,,,0,100,,7615,39,,,0,99,,7616,39,,,0,100,,7617,39,,,0
2502,'20260319',642,,7623,39,,,0,58,,7624,39,,,0,14,,7625,39,,,0,9,,7662,39,,,0,9,,7659,39,,,0,8,,7661,39,,,0,8,,7626,39,,,0,11,,7660,39,,,0,47,,7627,39,,,0,14,,7628,39,,,0,18,,7629,39,,,0,70,,7630,39,,,0,31,,7631,39,,,0,70,,7632,39,,,0,30,,7633,39,,,0,68,,7634,39,,,0,32,,7635,39,,,0,70,,7636,39,,,0,30,,7637,39,,,0,71,,7638,39,,,0,29,,7639,39,,,0,70,,7640,39,,,0,31,,7641,39,,,0,66,,7642,39,,,0,24,,7643,39,,,0,10,,7663,39,,,0,9,,7644,39,,,0,10,,7645,39,,,0,56,,7646,39,,,0,14,,7647,39,,,0,15,,7648,39,,,0,15,,7649,39,,,0,55,,7650,39,,,0,29,,7651,39,,,0,69,,7652,39,,,0,99,,7653,39,,,0,98,,7654,39,,,0,100,,7655,39,,,0,100,,7656,39,,,0,99,,7657,39,,,0,100,,7658,39,,,0
2502,'20260320',642,,7664,39,,,0,58,,7665,39,,,0,14,,7666,39,,,0,9,,7703,39,,,0,9,,7700,39,,,0,8,,7702,39,,,0,8,,7667,39,,,0,11,,7701,39,,,0,47,,7668,39,,,0,14,,7669,39,,,0,18,,7670,39,,,0,70,,7671,39,,,0,31,,7672,39,,,0,70,,7673,39,,,0,30,,7674,39,,,0,68,,7675,39,,,0,32,,7676,39,,,0,70,,7677,39,,,0,30,,7678,39,,,0,71,,7679,39,,,0,29,,7680,39,,,0,70,,7681,39,,,0,31,,7682,39,,,0,66,,7683,39,,,0,24,,7684,39,,,0,10,,7704,39,,,0,9,,7685,39,,,0,10,,7686,39,,,0,56,,7687,39,,,0,14,,7688,39,,,0,15,,7689,39,,,0,15,,7690,39,,,0,55,,7691,39,,,0,29,,7692,39,,,0,69,,7693,39,,,0,99,,7694,39,,,0,98,,7695,39,,,0,100,,7696,39,,,0,100,,7697,39,,,0,99,,7698,39,,,0,100,,7699,39,,,0
7009002,'20260309',756,,47483,28,4,,0,2,,47482,59,4,,0
7009002,'20260310',756,,47485,28,4,,0,2,,47484,59,4,,0
7009002,'20260311',756,,47487,28,4,,0,2,,47486,59,4,,0
7009002,'20260312',756,,47489,28,4,,0,2,,47488,59,4,,0
7009002,'20260313',756,,47491,28,4,,0,2,,47490,59,4,,0
7009002,'20260316',756,,47493,28,4,,0,2,,47492,59,4,,0
7009002,'20260317',756,,47495,28,4,,0,2,,47494,59,4,,0
7009002,'20260318',756,,47497,28,4,,0,2,,47496,59,4,,0
7009002,'20260319',756,,47499,28,4,,0,2,,47498,59,4,,0
7009002,'20260320',756,,47501,28,4,,0,2,,47500,59,4,,0
