5400,'20260616',624,,710532,8,,,1,33,,710533,8,,,1,69,,710534,8,,,1,33,,710535,8,,,1,69,,710536,8,,,1,29,,710537,8,,,1,69,,710538,8,,,1,30,,710539,8,,,1,71,,710540,8,,,1,30,,710541,8,,,1,70,,710542,8,,,1,30,,710543,8,,,1,70,,710544,8,,,1,31,,710527,8,,,1,68,,710545,8,,,1,30,,710546,8,,,1,70,,710547,8,,,1,31,,710548,8,,,1,69,,710549,8,,,1,16,,710550,8,,,1,17,,710528,21,,,1,57,,710551,8,,,1,19,,710529,21,,,1,15,,710552,8,,,1,58,,710530,21,,,1,10,,710553,8,,,1,15,,710531,21,,,1,15,,710554,8,,,1,58,,710555,8,,,1,28,,710556,8,,,1,72,,710557,8,,,1,98,,710558,8,,,1,102,,710559,8,,,1,99,,710560,8,,,1,104,,710561,8,,,1,102,,710562,8,,,1,95,,710563,8,,,1
5400,'20260617',624,,710569,8,,,1,33,,710570,8,,,1,69,,710571,8,,,1,33,,710572,8,,,1,69,,710573,8,,,1,29,,710574,8,,,1,69,,710575,8,,,1,30,,710576,8,,,1,71,,710577,8,,,1,30,,710578,8,,,1,70,,710579,8,,,1,30,,710580,8,,,1,70,,710581,8,,,1,31,,710564,8,,,1,68,,710582,8,,,1,30,,710583,8,,,1,70,,710584,8,,,1,31,,710585,8,,,1,69,,710586,8,,,1,16,,710587,8,,,1,17,,710565,21,,,1,57,,710588,8,,,1,19,,710566,21,,,1,15,,710589,8,,,1,58,,710567,21,,,1,10,,710590,8,,,1,15,,710568,21,,,1,15,,710591,8,,,1,58,,710592,8,,,1,28,,710593,8,,,1,72,,710594,8,,,1,98,,710595,8,,,1,102,,710596,8,,,1,99,,710597,8,,,1,104,,710598,8,,,1,102,,710599,8,,,1,95,,710600,8,,,1
5400,'20260618',624,,710606,8,,,1,33,,710607,8,,,1,69,,710608,8,,,1,33,,710609,8,,,1,69,,710610,8,,,1,29,,710611,8,,,1,69,,710612,8,,,1,30,,710613,8,,,1,71,,710614,8,,,1,30,,710615,8,,,1,70,,710616,8,,,1,30,,710617,8,,,1,70,,710618,8,,,1,31,,710601,8,,,1,68,,710619,8,,,1,30,,710620,8,,,1,70,,710621,8,,,1,31,,710622,8,,,1,69,,710623,8,,,1,16,,710624,8,,,1,17,,710602,21,,,1,57,,710625,8,,,1,19,,710603,21,,,1,15,,710626,8,,,1,58,,710604,21,,,1,10,,710627,8,,,1,15,,710605,21,,,1,15,,710628,8,,,1,58,,710629,8,,,1,28,,710630,8,,,1,72,,710631,8,,,1,98,,710632,8,,,1,102,,710633,8,,,1,99,,710634,8,,,1,104,,710635,8,,,1,102,,710636,8,,,1,95,,710637,8,,,1
5400,'20260619',624,,745163,8,,,1,33,,745164,8,,,1,69,,745165,8,,,1,33,,745166,8,,,1,69,,745167,8,,,1,29,,745168,8,,,1,69,,745169,8,,,1,30,,745170,8,,,1,71,,745171,8,,,1,30,,745172,8,,,1,70,,745173,8,,,1,30,,745174,8,,,1,70,,745175,8,,,1,31,,745158,8,,,1,68,,745176,8,,,1,30,,745177,8,,,1,70,,745178,8,,,1,31,,745179,8,,,1,69,,745180,8,,,1,16,,745181,8,,,1,17,,745159,21,,,1,57,,745182,8,,,1,19,,745160,21,,,1,15,,745183,8,,,1,58,,745161,21,,,1,10,,745184,8,,,1,15,,745162,21,,,1,15,,745185,8,,,1,58,,745186,8,,,1,28,,745187,8,,,1,72,,745188,8,,,1,98,,745189,8,,,1,102,,745190,8,,,1,99,,745191,8,,,1,104,,745192,8,,,1,102,,745193,8,,,1,95,,745194,8,,,1
5400,'20260620',704,,745195,8,,,1,100,,745196,8,,,1,100,,745197,8,,,1,99,,745216,8,,,1,99,,745217,8,,,1,100,,745210,8,,,1,30,,745198,8,,,1,69,,745211,8,,,1,31,,745199,8,,,1,70,,745212,8,,,1,29,,745200,8,,,1,71,,745213,8,,,1,32,,745201,8,,,1,24,,745214,8,,,1,75,,745202,8,,,1,74,,745215,8,,,1,33,,745203,8,,,1,64,,745204,8,,,1,101,,745205,8,,,1,99,,745206,8,,,1,100,,745207,8,,,1,101,,745208,8,,,1,99,,745209,8,,,1,102,,745218,8,,,1,99,,745219,8,,,1
5400,'20260621',704,,745232,8,,,1,100,,745226,8,,,1,100,,745233,8,,,1,99,,745240,8,,,1,99,,745242,8,,,1,100,,745223,8,,,1,30,,745234,8,,,1,69,,745224,8,,,1,31,,745228,8,,,1,70,,745237,8,,,1,29,,745229,8,,,1,71,,745238,8,,,1,32,,745222,8,,,1,24,,745241,8,,,1,75,,745230,8,,,1,74,,745239,8,,,1,33,,745227,8,,,1,64,,745220,8,,,1,101,,745225,8,,,1,99,,745231,8,,,1,100,,745235,8,,,1,101,,745221,8,,,1,99,,745236,8,,,1,102,,745244,8,,,1,99,,745243,8,,,1
5400,'20260622',624,,745266,8,,,1,33,,745267,8,,,1,69,,745245,8,,,1,33,,745268,8,,,1,69,,745246,8,,,1,29,,745269,8,,,1,69,,745247,8,,,1,30,,745270,8,,,1,71,,745248,8,,,1,30,,745271,8,,,1,70,,745249,8,,,1,30,,745250,8,,,1,70,,745264,8,,,1,31,,745272,8,,,1,68,,745251,8,,,1,30,,745273,8,,,1,70,,745252,8,,,1,31,,745274,8,,,1,67,,745253,8,,,1,35,,745263,21,,,1,76,,745260,21,,,1,77,,745262,21,,,1,21,,745261,21,,,1,15,,745275,8,,,1,58,,745254,8,,,1,28,,745255,8,,,1,72,,745265,8,,,1,98,,745256,8,,,1,102,,745257,8,,,1,99,,745258,8,,,1,104,,745259,8,,,1,102,,745276,8,,,1,95,,745277,8,,,1
5400,'20260623',624,,745299,8,,,1,33,,745300,8,,,1,69,,745278,8,,,1,33,,745301,8,,,1,69,,745279,8,,,1,29,,745302,8,,,1,69,,745280,8,,,1,30,,745303,8,,,1,71,,745281,8,,,1,30,,745304,8,,,1,70,,745282,8,,,1,30,,745283,8,,,1,70,,745297,8,,,1,31,,745305,8,,,1,68,,745284,8,,,1,30,,745306,8,,,1,70,,745285,8,,,1,31,,745307,8,,,1,67,,745286,8,,,1,35,,745296,21,,,1,76,,745293,21,,,1,77,,745295,21,,,1,21,,745294,21,,,1,15,,745308,8,,,1,58,,745287,8,,,1,28,,745288,8,,,1,72,,745298,8,,,1,98,,745289,8,,,1,102,,745290,8,,,1,99,,745291,8,,,1,104,,745292,8,,,1,102,,745309,8,,,1,95,,745310,8,,,1
5400,'20260624',704,,710683,8,,,1,100,,710677,8,,,1,100,,710684,8,,,1,99,,710691,8,,,1,99,,710693,8,,,1,100,,710674,8,,,1,30,,710685,8,,,1,69,,710675,8,,,1,31,,710679,8,,,1,70,,710688,8,,,1,29,,710680,8,,,1,71,,710689,8,,,1,32,,710673,8,,,1,24,,710692,8,,,1,75,,710681,8,,,1,74,,710690,8,,,1,33,,710678,8,,,1,64,,710671,8,,,1,101,,710676,8,,,1,99,,710682,8,,,1,100,,710686,8,,,1,101,,710672,8,,,1,99,,710687,8,,,1,102,,710695,8,,,1,99,,710694,8,,,1
5400,'20260625',624,,710717,8,,,1,33,,710718,8,,,1,69,,710696,8,,,1,33,,710719,8,,,1,69,,710697,8,,,1,29,,710720,8,,,1,69,,710698,8,,,1,30,,710721,8,,,1,71,,710699,8,,,1,30,,710722,8,,,1,70,,710700,8,,,1,30,,710701,8,,,1,70,,710715,8,,,1,31,,710723,8,,,1,68,,710702,8,,,1,30,,710724,8,,,1,70,,710703,8,,,1,31,,710725,8,,,1,67,,710704,8,,,1,35,,710714,21,,,1,76,,710711,21,,,1,77,,710713,21,,,1,21,,710712,21,,,1,15,,710726,8,,,1,58,,710705,8,,,1,28,,710706,8,,,1,72,,710716,8,,,1,98,,710707,8,,,1,102,,710708,8,,,1,99,,710709,8,,,1,104,,710710,8,,,1,102,,710727,8,,,1,95,,710728,8,,,1
5400,'20260626',624,,710750,8,,,1,33,,710751,8,,,1,69,,710729,8,,,1,33,,710752,8,,,1,69,,710730,8,,,1,29,,710753,8,,,1,69,,710731,8,,,1,30,,710754,8,,,1,71,,710732,8,,,1,30,,710755,8,,,1,70,,710733,8,,,1,30,,710734,8,,,1,70,,710748,8,,,1,31,,710756,8,,,1,68,,710735,8,,,1,30,,710757,8,,,1,70,,710736,8,,,1,31,,710758,8,,,1,67,,710737,8,,,1,35,,710747,21,,,1,76,,710744,21,,,1,77,,710746,21,,,1,21,,710745,21,,,1,15,,710759,8,,,1,58,,710738,8,,,1,28,,710739,8,,,1,72,,710749,8,,,1,98,,710740,8,,,1,102,,710741,8,,,1,99,,710742,8,,,1,104,,710743,8,,,1,102,,710760,8,,,1,95,,710761,8,,,1
5400,'20260627',704,,745311,8,,,1,100,,745312,8,,,1,100,,745313,8,,,1,99,,745332,8,,,1,99,,745333,8,,,1,100,,745326,8,,,1,30,,745314,8,,,1,69,,745327,8,,,1,31,,745315,8,,,1,70,,745328,8,,,1,29,,745316,8,,,1,71,,745329,8,,,1,32,,745317,8,,,1,24,,745330,8,,,1,75,,745318,8,,,1,74,,745331,8,,,1,33,,745319,8,,,1,64,,745320,8,,,1,101,,745321,8,,,1,99,,745322,8,,,1,100,,745323,8,,,1,101,,745324,8,,,1,99,,745325,8,,,1,102,,745334,8,,,1,99,,745335,8,,,1
5400,'20260628',704,,745348,8,,,1,100,,745342,8,,,1,100,,745349,8,,,1,99,,745356,8,,,1,99,,745358,8,,,1,100,,745339,8,,,1,30,,745350,8,,,1,69,,745340,8,,,1,31,,745344,8,,,1,70,,745353,8,,,1,29,,745345,8,,,1,71,,745354,8,,,1,32,,745338,8,,,1,24,,745357,8,,,1,75,,745346,8,,,1,74,,745355,8,,,1,33,,745343,8,,,1,64,,745336,8,,,1,101,,745341,8,,,1,99,,745347,8,,,1,100,,745351,8,,,1,101,,745337,8,,,1,99,,745352,8,,,1,102,,745360,8,,,1,99,,745359,8,,,1
5400,'20260629',624,,745382,8,,,1,33,,745383,8,,,1,69,,745361,8,,,1,33,,745384,8,,,1,69,,745362,8,,,1,29,,745385,8,,,1,69,,745363,8,,,1,30,,745386,8,,,1,71,,745364,8,,,1,30,,745387,8,,,1,70,,745365,8,,,1,30,,745366,8,,,1,70,,745380,8,,,1,31,,745388,8,,,1,68,,745367,8,,,1,30,,745389,8,,,1,70,,745368,8,,,1,31,,745390,8,,,1,67,,745369,8,,,1,35,,745379,21,,,1,76,,745376,21,,,1,77,,745378,21,,,1,21,,745377,21,,,1,15,,745391,8,,,1,58,,745370,8,,,1,28,,745371,8,,,1,72,,745381,8,,,1,98,,745372,8,,,1,102,,745373,8,,,1,99,,745374,8,,,1,104,,745375,8,,,1,102,,745392,8,,,1,95,,745393,8,,,1
5400,'20260630',624,,745415,8,,,1,33,,745416,8,,,1,69,,745394,8,,,1,33,,745417,8,,,1,69,,745395,8,,,1,29,,745418,8,,,1,69,,745396,8,,,1,30,,745419,8,,,1,71,,745397,8,,,1,30,,745420,8,,,1,70,,745398,8,,,1,30,,745399,8,,,1,70,,745413,8,,,1,31,,745421,8,,,1,68,,745400,8,,,1,30,,745422,8,,,1,70,,745401,8,,,1,31,,745423,8,,,1,67,,745402,8,,,1,35,,745412,21,,,1,76,,745409,21,,,1,77,,745411,21,,,1,21,,745410,21,,,1,15,,745424,8,,,1,58,,745403,8,,,1,28,,745404,8,,,1,72,,745414,8,,,1,98,,745405,8,,,1,102,,745406,8,,,1,99,,745407,8,,,1,104,,745408,8,,,1,102,,745425,8,,,1,95,,745426,8,,,1
33600,'20260616',1642,,723052,9,4,,0,91,,723053,9,4,,0
33600,'20260617',1642,,723054,9,4,,0,91,,723055,9,4,,0
33600,'20260618',1642,,723056,9,4,,0,91,,723057,9,4,,0
33600,'20260619',1642,,755669,9,4,,0,91,,755670,9,4,,0
35800,'20260616',1643,,723233,9,4,,0,92,,723234,9,4,,0,106,,723235,9,4,,0
35800,'20260617',1643,,723236,9,4,,0,92,,723237,9,4,,0,106,,723238,9,4,,0
35800,'20260618',1643,,723239,9,4,,0,92,,723240,9,4,,0,106,,723241,9,4,,0
35800,'20260619',1643,,755714,9,4,,0,92,,755715,9,4,,0,106,,755716,9,4,,0
53600,'20260616',1647,,723692,7,4,,0,74,,723693,7,4,,0,20,,723694,7,4,,0
53600,'20260617',1647,,723695,7,4,,0,74,,723696,7,4,,0,20,,723697,7,4,,0
53600,'20260618',1647,,723698,7,4,,0,74,,723699,7,4,,0,20,,723700,7,4,,0
53600,'20260619',1647,,755975,7,4,,0,74,,755976,7,4,,0,20,,755977,7,4,,0
53600,'20260622',1653,,755978,7,4,,0,95,,755979,7,4,,0
53600,'20260623',1653,,755980,7,4,,0,95,,755981,7,4,,0
53600,'20260625',1653,,723703,7,4,,0,95,,723704,7,4,,0
53600,'20260626',1653,,723705,7,4,,0,95,,723706,7,4,,0
53600,'20260629',1653,,755982,7,4,,0,95,,755983,7,4,,0
53600,'20260630',1653,,755984,7,4,,0,95,,755985,7,4,,0
55800,'20260616',1650,,723933,7,4,,0,58,,723934,7,4,,0,40,,723935,7,4,,0
55800,'20260617',1650,,723936,7,4,,0,58,,723937,7,4,,0,40,,723938,7,4,,0
55800,'20260618',1650,,723939,7,4,,0,58,,723940,7,4,,0,40,,723941,7,4,,0
55800,'20260619',1650,,756136,7,4,,0,58,,756137,7,4,,0,40,,756138,7,4,,0
55800,'20260622',1652,,756139,7,4,,0,65,,756140,7,4,,0
55800,'20260623',1652,,756141,7,4,,0,65,,756142,7,4,,0
55800,'20260625',1652,,723944,7,4,,0,65,,723945,7,4,,0
55800,'20260626',1652,,723946,7,4,,0,65,,723947,7,4,,0
55800,'20260629',1652,,756143,7,4,,0,65,,756144,7,4,,0
55800,'20260630',1652,,756145,7,4,,0,65,,756146,7,4,,0
