401,'20260724',541,,1000441,24,,,0,71,,1000442,24,,,0,30,,1000443,24,,,0,70,,1000444,24,,,0,35,,1000445,24,,,0,71,,1000446,24,,,0,27,,1000447,24,,,0,70,,1000448,24,,,0,86,,1000449,24,,,0,100,,1000450,24,,,0,101,,1000451,24,,,0,102,,1000452,24,,,0,54,,1000453,24,,,0,144,,1000454,24,,,0,30,,1000455,24,,,0,75,,1000456,24,,,0,27,,1000457,24,,,0,69,,1000458,24,,,0,32,,1000459,24,,,0,83,,1000460,24,,,0,100,,1000461,24,,,0,97,,1000462,24,,,0,100,,1000463,24,,,0,100,,1000464,24,,,0,98,,1000465,24,,,0,99,,1000466,24,,,0
401,'20260725',704,,1014540,24,,,0,54,,1014541,24,,,0,100,,1014542,24,,,0,101,,1014543,24,,,0,141,,1014544,24,,,0,100,,1014545,24,,,0,101,,1014546,24,,,0,100,,1014547,24,,,0,100,,1014548,24,,,0,101,,1014549,24,,,0,98,,1014550,24,,,0,104,,1014551,24,,,0,99,,1014552,24,,,0,97,,1014553,24,,,0,57,,1014554,24,,,0,99,,1014555,24,,,0,98,,1014556,24,,,0,98,,1014557,24,,,0
401,'20260726',704,,1014558,24,,,0,54,,1014559,24,,,0,100,,1014560,24,,,0,101,,1014561,24,,,0,141,,1014562,24,,,0,100,,1014563,24,,,0,101,,1014564,24,,,0,100,,1014565,24,,,0,100,,1014566,24,,,0,101,,1014567,24,,,0,98,,1014568,24,,,0,104,,1014569,24,,,0,99,,1014570,24,,,0,97,,1014571,24,,,0,57,,1014572,24,,,0,99,,1014573,24,,,0,98,,1014574,24,,,0,98,,1014575,24,,,0
401,'20260727',541,,1014576,24,,,0,71,,1014577,24,,,0,30,,1014578,24,,,0,70,,1014579,24,,,0,35,,1014580,24,,,0,71,,1014581,24,,,0,27,,1014582,24,,,0,70,,1014583,24,,,0,86,,1014584,24,,,0,100,,1014585,24,,,0,101,,1014586,24,,,0,102,,1014587,24,,,0,54,,1014588,24,,,0,144,,1014589,24,,,0,30,,1014590,24,,,0,75,,1014591,24,,,0,27,,1014592,24,,,0,69,,1014593,24,,,0,32,,1014594,24,,,0,83,,1014595,24,,,0,100,,1014596,24,,,0,97,,1014597,24,,,0,100,,1014598,24,,,0,100,,1014599,24,,,0,98,,1014600,24,,,0,99,,1014601,24,,,0
401,'20260728',541,,1014602,24,,,0,71,,1014603,24,,,0,30,,1014604,24,,,0,70,,1014605,24,,,0,35,,1014606,24,,,0,71,,1014607,24,,,0,27,,1014608,24,,,0,70,,1014609,24,,,0,86,,1014610,24,,,0,100,,1014611,24,,,0,101,,1014612,24,,,0,102,,1014613,24,,,0,54,,1014614,24,,,0,144,,1014615,24,,,0,30,,1014616,24,,,0,75,,1014617,24,,,0,27,,1014618,24,,,0,69,,1014619,24,,,0,32,,1014620,24,,,0,83,,1014621,24,,,0,100,,1014622,24,,,0,97,,1014623,24,,,0,100,,1014624,24,,,0,100,,1014625,24,,,0,98,,1014626,24,,,0,99,,1014627,24,,,0
401,'20260729',541,,1014628,24,,,0,71,,1014629,24,,,0,30,,1014630,24,,,0,70,,1014631,24,,,0,35,,1014632,24,,,0,71,,1014633,24,,,0,27,,1014634,24,,,0,70,,1014635,24,,,0,86,,1014636,24,,,0,100,,1014637,24,,,0,101,,1014638,24,,,0,102,,1014639,24,,,0,54,,1014640,24,,,0,144,,1014641,24,,,0,30,,1014642,24,,,0,75,,1014643,24,,,0,27,,1014644,24,,,0,69,,1014645,24,,,0,32,,1014646,24,,,0,83,,1014647,24,,,0,100,,1014648,24,,,0,97,,1014649,24,,,0,100,,1014650,24,,,0,100,,1014651,24,,,0,98,,1014652,24,,,0,99,,1014653,24,,,0
401,'20260730',541,,1014654,24,,,0,71,,1014655,24,,,0,30,,1014656,24,,,0,70,,1014657,24,,,0,35,,1014658,24,,,0,71,,1014659,24,,,0,27,,1014660,24,,,0,70,,1014661,24,,,0,86,,1014662,24,,,0,100,,1014663,24,,,0,101,,1014664,24,,,0,102,,1014665,24,,,0,54,,1014666,24,,,0,144,,1014667,24,,,0,30,,1014668,24,,,0,75,,1014669,24,,,0,27,,1014670,24,,,0,69,,1014671,24,,,0,32,,1014672,24,,,0,83,,1014673,24,,,0,100,,1014674,24,,,0,97,,1014675,24,,,0,100,,1014676,24,,,0,100,,1014677,24,,,0,98,,1014678,24,,,0,99,,1014679,24,,,0
401,'20260731',541,,969146,24,,,0,71,,969147,24,,,0,30,,969148,24,,,0,70,,969149,24,,,0,35,,969150,24,,,0,71,,969145,24,,,0,27,,969151,24,,,0,70,,969152,24,,,0,86,,969153,24,,,0,100,,969154,24,,,0,101,,969155,24,,,0,102,,969156,24,,,0,54,,969157,24,,,0,144,,969158,24,,,0,30,,969159,24,,,0,75,,969160,24,,,0,27,,969161,24,,,0,69,,969162,24,,,0,32,,969163,24,,,0,83,,969164,24,,,0,100,,969165,24,,,0,97,,969166,24,,,0,100,,969167,24,,,0,100,,969168,24,,,0,98,,969169,24,,,0,99,,969170,24,,,0
401,'20260801',704,,1000484,24,,,0,54,,1000467,24,,,0,100,,1000468,24,,,0,101,,1000469,24,,,0,141,,1000470,24,,,0,100,,1000471,24,,,0,101,,1000472,24,,,0,100,,1000473,24,,,0,100,,1000474,24,,,0,101,,1000475,24,,,0,98,,1000476,24,,,0,104,,1000477,24,,,0,99,,1000478,24,,,0,97,,1000479,24,,,0,57,,1000480,24,,,0,99,,1000481,24,,,0,98,,1000482,24,,,0,98,,1000483,24,,,0
401,'20260802',704,,1000502,24,,,0,54,,1000485,24,,,0,100,,1000486,24,,,0,101,,1000487,24,,,0,141,,1000488,24,,,0,100,,1000489,24,,,0,101,,1000490,24,,,0,100,,1000491,24,,,0,100,,1000492,24,,,0,101,,1000493,24,,,0,98,,1000494,24,,,0,104,,1000495,24,,,0,99,,1000496,24,,,0,97,,1000497,24,,,0,57,,1000498,24,,,0,99,,1000499,24,,,0,98,,1000500,24,,,0,98,,1000501,24,,,0
401,'20260803',541,,1000504,24,,,0,71,,1000505,24,,,0,30,,1000506,24,,,0,70,,1000507,24,,,0,35,,1000508,24,,,0,71,,1000503,24,,,0,27,,1000509,24,,,0,70,,1000510,24,,,0,86,,1000511,24,,,0,100,,1000512,24,,,0,101,,1000513,24,,,0,102,,1000514,24,,,0,54,,1000515,24,,,0,144,,1000516,24,,,0,30,,1000517,24,,,0,75,,1000518,24,,,0,27,,1000519,24,,,0,69,,1000520,24,,,0,32,,1000521,24,,,0,83,,1000522,24,,,0,100,,1000523,24,,,0,97,,1000524,24,,,0,100,,1000525,24,,,0,100,,1000526,24,,,0,98,,1000527,24,,,0,99,,1000528,24,,,0
401,'20260804',541,,1014681,24,,,0,71,,1014682,24,,,0,30,,1014683,24,,,0,70,,1014684,24,,,0,35,,1014685,24,,,0,71,,1014680,24,,,0,27,,1014686,24,,,0,70,,1014687,24,,,0,86,,1014688,24,,,0,100,,1014689,24,,,0,101,,1014690,24,,,0,102,,1014691,24,,,0,54,,1014692,24,,,0,144,,1014693,24,,,0,30,,1014694,24,,,0,75,,1014695,24,,,0,27,,1014696,24,,,0,69,,1014697,24,,,0,32,,1014698,24,,,0,83,,1014699,24,,,0,100,,1014700,24,,,0,97,,1014701,24,,,0,100,,1014702,24,,,0,100,,1014703,24,,,0,98,,1014704,24,,,0,99,,1014705,24,,,0
401,'20260805',541,,1014707,24,,,0,71,,1014708,24,,,0,30,,1014709,24,,,0,70,,1014710,24,,,0,35,,1014711,24,,,0,71,,1014706,24,,,0,27,,1014712,24,,,0,70,,1014713,24,,,0,86,,1014714,24,,,0,100,,1014715,24,,,0,101,,1014716,24,,,0,102,,1014717,24,,,0,54,,1014718,24,,,0,144,,1014719,24,,,0,30,,1014720,24,,,0,75,,1014721,24,,,0,27,,1014722,24,,,0,69,,1014723,24,,,0,32,,1014724,24,,,0,83,,1014725,24,,,0,100,,1014726,24,,,0,97,,1014727,24,,,0,100,,1014728,24,,,0,100,,1014729,24,,,0,98,,1014730,24,,,0,99,,1014731,24,,,0
401,'20260806',541,,1014733,24,,,0,71,,1014734,24,,,0,30,,1014735,24,,,0,70,,1014736,24,,,0,35,,1014737,24,,,0,71,,1014732,24,,,0,27,,1014738,24,,,0,70,,1014739,24,,,0,86,,1014740,24,,,0,100,,1014741,24,,,0,101,,1014742,24,,,0,102,,1014743,24,,,0,54,,1014744,24,,,0,144,,1014745,24,,,0,30,,1014746,24,,,0,75,,1014747,24,,,0,27,,1014748,24,,,0,69,,1014749,24,,,0,32,,1014750,24,,,0,83,,1014751,24,,,0,100,,1014752,24,,,0,97,,1014753,24,,,0,100,,1014754,24,,,0,100,,1014755,24,,,0,98,,1014756,24,,,0,99,,1014757,24,,,0
401,'20260807',541,,1014759,24,,,0,71,,1014760,24,,,0,30,,1014761,24,,,0,70,,1014762,24,,,0,35,,1014763,24,,,0,71,,1014758,24,,,0,27,,1014764,24,,,0,70,,1014765,24,,,0,86,,1014766,24,,,0,100,,1014767,24,,,0,101,,1014768,24,,,0,102,,1014769,24,,,0,54,,1014770,24,,,0,144,,1014771,24,,,0,30,,1014772,24,,,0,75,,1014773,24,,,0,27,,1014774,24,,,0,69,,1014775,24,,,0,32,,1014776,24,,,0,83,,1014777,24,,,0,100,,1014778,24,,,0,97,,1014779,24,,,0,100,,1014780,24,,,0,100,,1014781,24,,,0,98,,1014782,24,,,0,99,,1014783,24,,,0
8600,'20260724',641,,1006017,6,,,0,71,,1006018,6,,,0,28,,1006019,6,,,0,69,,1006020,6,,,0,105,,1006021,6,,,0,100,,1006022,6,,,0,97,,1006023,6,,,0,100,,1006024,6,,,0,29,,1006025,6,,,0,72,,1006026,6,,,0,100,,1006027,6,,,0,97,,1006028,6,,,0,21,,1006029,6,,,0,70,,1006030,6,,,0,30,,1006031,6,,,0,74,,1006032,6,,,0,35,,1006033,6,,,0,72,,1006034,6,,,0,103,,1006035,6,,,0,101,,1006036,6,,,0,101,,1006037,6,,,0,100,,1006038,6,,,0,101,,1006039,6,,,0
8600,'20260725',716,,1029752,6,,,0,100,,1029753,6,,,0,100,,1029754,6,,,0,100,,1029755,6,,,0,99,,1029756,6,,,0,99,,1029757,6,,,0,99,,1029758,6,,,0,99,,1029759,6,,,0,99,,1029760,6,,,0,100,,1029761,6,,,0,101,,1029762,6,,,0,102,,1029763,6,,,0,100,,1029764,6,,,0,101,,1029765,6,,,0,102,,1029766,6,,,0,101,,1029767,6,,,0,101,,1029768,6,,,0,100,,1029769,6,,,0
8600,'20260726',716,,1029770,6,,,0,100,,1029771,6,,,0,100,,1029772,6,,,0,100,,1029773,6,,,0,99,,1029774,6,,,0,99,,1029775,6,,,0,99,,1029776,6,,,0,99,,1029777,6,,,0,99,,1029778,6,,,0,100,,1029779,6,,,0,101,,1029780,6,,,0,102,,1029781,6,,,0,100,,1029782,6,,,0,101,,1029783,6,,,0,102,,1029784,6,,,0,101,,1029785,6,,,0,101,,1029786,6,,,0,100,,1029787,6,,,0
8600,'20260727',641,,1029788,6,,,0,71,,1029789,6,,,0,28,,1029790,6,,,0,69,,1029791,6,,,0,105,,1029792,6,,,0,100,,1029793,6,,,0,97,,1029794,6,,,0,100,,1029795,6,,,0,29,,1029796,6,,,0,72,,1029797,6,,,0,100,,1029798,6,,,0,97,,1029799,6,,,0,21,,1029800,6,,,0,70,,1029801,6,,,0,30,,1029802,6,,,0,74,,1029803,6,,,0,35,,1029804,6,,,0,72,,1029805,6,,,0,103,,1029806,6,,,0,101,,1029807,6,,,0,101,,1029808,6,,,0,100,,1029809,6,,,0,101,,1029810,6,,,0
8600,'20260728',641,,1029811,6,,,0,71,,1029812,6,,,0,28,,1029813,6,,,0,69,,1029814,6,,,0,105,,1029815,6,,,0,100,,1029816,6,,,0,97,,1029817,6,,,0,100,,1029818,6,,,0,29,,1029819,6,,,0,72,,1029820,6,,,0,100,,1029821,6,,,0,97,,1029822,6,,,0,21,,1029823,6,,,0,70,,1029824,6,,,0,30,,1029825,6,,,0,74,,1029826,6,,,0,35,,1029827,6,,,0,72,,1029828,6,,,0,103,,1029829,6,,,0,101,,1029830,6,,,0,101,,1029831,6,,,0,100,,1029832,6,,,0,101,,1029833,6,,,0
8600,'20260729',641,,1029834,6,,,0,71,,1029835,6,,,0,28,,1029836,6,,,0,69,,1029837,6,,,0,105,,1029838,6,,,0,100,,1029839,6,,,0,97,,1029840,6,,,0,100,,1029841,6,,,0,29,,1029842,6,,,0,72,,1029843,6,,,0,100,,1029844,6,,,0,97,,1029845,6,,,0,21,,1029846,6,,,0,70,,1029847,6,,,0,30,,1029848,6,,,0,74,,1029849,6,,,0,35,,1029850,6,,,0,72,,1029851,6,,,0,103,,1029852,6,,,0,101,,1029853,6,,,0,101,,1029854,6,,,0,100,,1029855,6,,,0,101,,1029856,6,,,0
8600,'20260730',641,,1029857,6,,,0,71,,1029858,6,,,0,28,,1029859,6,,,0,69,,1029860,6,,,0,105,,1029861,6,,,0,100,,1029862,6,,,0,97,,1029863,6,,,0,100,,1029864,6,,,0,29,,1029865,6,,,0,72,,1029866,6,,,0,100,,1029867,6,,,0,97,,1029868,6,,,0,21,,1029869,6,,,0,70,,1029870,6,,,0,30,,1029871,6,,,0,74,,1029872,6,,,0,35,,1029873,6,,,0,72,,1029874,6,,,0,103,,1029875,6,,,0,101,,1029876,6,,,0,101,,1029877,6,,,0,100,,1029878,6,,,0,101,,1029879,6,,,0
8600,'20260731',641,,982762,6,,,0,71,,982761,6,,,0,28,,982763,6,,,0,69,,982764,6,,,0,105,,982765,6,,,0,100,,982779,6,,,0,97,,982767,6,,,0,100,,982769,6,,,0,29,,982783,6,,,0,72,,982770,6,,,0,100,,982780,6,,,0,97,,982766,6,,,0,21,,982771,6,,,0,70,,982768,6,,,0,30,,982772,6,,,0,74,,982773,6,,,0,35,,982774,6,,,0,72,,982781,6,,,0,103,,982775,6,,,0,101,,982778,6,,,0,101,,982776,6,,,0,100,,982782,6,,,0,101,,982777,6,,,0
8600,'20260801',716,,1006040,6,,,0,100,,1006049,6,,,0,100,,1006044,6,,,0,100,,1006050,6,,,0,99,,1006045,6,,,0,99,,1006051,6,,,0,99,,1006046,6,,,0,99,,1006052,6,,,0,99,,1006047,6,,,0,100,,1006053,6,,,0,101,,1006048,6,,,0,102,,1006054,6,,,0,100,,1006041,6,,,0,101,,1006055,6,,,0,102,,1006043,6,,,0,101,,1006056,6,,,0,101,,1006042,6,,,0,100,,1006057,6,,,0
8600,'20260802',716,,1006058,6,,,0,100,,1006067,6,,,0,100,,1006059,6,,,0,100,,1006068,6,,,0,99,,1006060,6,,,0,99,,1006069,6,,,0,99,,1006061,6,,,0,99,,1006070,6,,,0,99,,1006062,6,,,0,100,,1006071,6,,,0,101,,1006063,6,,,0,102,,1006072,6,,,0,100,,1006064,6,,,0,101,,1006073,6,,,0,102,,1006065,6,,,0,101,,1006074,6,,,0,101,,1006066,6,,,0,100,,1006075,6,,,0
8600,'20260803',641,,1006077,6,,,0,71,,1006076,6,,,0,28,,1006078,6,,,0,69,,1006079,6,,,0,105,,1006080,6,,,0,100,,1006094,6,,,0,97,,1006082,6,,,0,100,,1006084,6,,,0,29,,1006098,6,,,0,72,,1006085,6,,,0,100,,1006095,6,,,0,97,,1006081,6,,,0,21,,1006086,6,,,0,70,,1006083,6,,,0,30,,1006087,6,,,0,74,,1006088,6,,,0,35,,1006089,6,,,0,72,,1006096,6,,,0,103,,1006090,6,,,0,101,,1006093,6,,,0,101,,1006091,6,,,0,100,,1006097,6,,,0,101,,1006092,6,,,0
8600,'20260804',641,,1029881,6,,,0,71,,1029880,6,,,0,28,,1029882,6,,,0,69,,1029883,6,,,0,105,,1029884,6,,,0,100,,1029898,6,,,0,97,,1029886,6,,,0,100,,1029888,6,,,0,29,,1029902,6,,,0,72,,1029889,6,,,0,100,,1029899,6,,,0,97,,1029885,6,,,0,21,,1029890,6,,,0,70,,1029887,6,,,0,30,,1029891,6,,,0,74,,1029892,6,,,0,35,,1029893,6,,,0,72,,1029900,6,,,0,103,,1029894,6,,,0,101,,1029897,6,,,0,101,,1029895,6,,,0,100,,1029901,6,,,0,101,,1029896,6,,,0
8600,'20260805',641,,1029904,6,,,0,71,,1029903,6,,,0,28,,1029905,6,,,0,69,,1029906,6,,,0,105,,1029907,6,,,0,100,,1029921,6,,,0,97,,1029909,6,,,0,100,,1029911,6,,,0,29,,1029925,6,,,0,72,,1029912,6,,,0,100,,1029922,6,,,0,97,,1029908,6,,,0,21,,1029913,6,,,0,70,,1029910,6,,,0,30,,1029914,6,,,0,74,,1029915,6,,,0,35,,1029916,6,,,0,72,,1029923,6,,,0,103,,1029917,6,,,0,101,,1029920,6,,,0,101,,1029918,6,,,0,100,,1029924,6,,,0,101,,1029919,6,,,0
8600,'20260806',641,,1029927,6,,,0,71,,1029926,6,,,0,28,,1029928,6,,,0,69,,1029929,6,,,0,105,,1029930,6,,,0,100,,1029944,6,,,0,97,,1029932,6,,,0,100,,1029934,6,,,0,29,,1029948,6,,,0,72,,1029935,6,,,0,100,,1029945,6,,,0,97,,1029931,6,,,0,21,,1029936,6,,,0,70,,1029933,6,,,0,30,,1029937,6,,,0,74,,1029938,6,,,0,35,,1029939,6,,,0,72,,1029946,6,,,0,103,,1029940,6,,,0,101,,1029943,6,,,0,101,,1029941,6,,,0,100,,1029947,6,,,0,101,,1029942,6,,,0
8600,'20260807',641,,1029950,6,,,0,71,,1029949,6,,,0,28,,1029951,6,,,0,69,,1029952,6,,,0,105,,1029953,6,,,0,100,,1029967,6,,,0,97,,1029955,6,,,0,100,,1029957,6,,,0,29,,1029971,6,,,0,72,,1029958,6,,,0,100,,1029968,6,,,0,97,,1029954,6,,,0,21,,1029959,6,,,0,70,,1029956,6,,,0,30,,1029960,6,,,0,74,,1029961,6,,,0,35,,1029962,6,,,0,72,,1029969,6,,,0,103,,1029963,6,,,0,101,,1029966,6,,,0,101,,1029964,6,,,0,100,,1029970,6,,,0,101,,1029965,6,,,0
