28100,'20260331',1608,,169703,9,4,,0,29,,169704,9,4,,0,68,,169705,9,4,,0,29,,169706,9,4,,0,69,,169707,9,4,,0
28100,'20260401',1608,,169708,9,4,,0,29,,169709,9,4,,0,68,,169710,9,4,,0,29,,169711,9,4,,0,69,,169712,9,4,,0
28100,'20260402',1608,,169713,9,4,,0,29,,169714,9,4,,0,68,,169715,9,4,,0,29,,169716,9,4,,0,69,,169717,9,4,,0
28100,'20260407',1608,,169720,9,4,,0,29,,169719,9,4,,0,68,,169718,9,4,,0,29,,169722,9,4,,0,69,,169721,9,4,,0
28100,'20260408',1608,,169725,9,4,,0,29,,169724,9,4,,0,68,,169723,9,4,,0,29,,169727,9,4,,0,69,,169726,9,4,,0
28100,'20260409',1608,,169730,9,4,,0,29,,169729,9,4,,0,68,,169728,9,4,,0,29,,169732,9,4,,0,69,,169731,9,4,,0
28100,'20260410',1608,,169735,9,4,,0,29,,169734,9,4,,0,68,,169733,9,4,,0,29,,169737,9,4,,0,69,,169736,9,4,,0
28100,'20260413',1608,,169740,9,4,,0,29,,169739,9,4,,0,68,,169738,9,4,,0,29,,169742,9,4,,0,69,,169741,9,4,,0
28100,'20260414',1608,,169745,9,4,,0,29,,169744,9,4,,0,68,,169743,9,4,,0,29,,169747,9,4,,0,69,,169746,9,4,,0
38100,'20260331',1626,,171341,8,4,,0,94,,171342,8,4,,0,121,,171343,8,4,,0
38100,'20260401',1626,,171344,8,4,,0,94,,171345,8,4,,0,121,,171346,8,4,,0
38100,'20260402',1626,,171347,8,4,,0,94,,171348,8,4,,0,121,,171349,8,4,,0
38100,'20260407',1626,,171350,8,4,,0,94,,171351,8,4,,0,121,,171352,8,4,,0
38100,'20260408',1626,,171353,8,4,,0,94,,171354,8,4,,0,121,,171355,8,4,,0
38100,'20260409',1626,,171356,8,4,,0,94,,171357,8,4,,0,121,,171358,8,4,,0
38100,'20260410',1626,,171359,8,4,,0,94,,171360,8,4,,0,121,,171361,8,4,,0
38100,'20260413',1626,,171362,8,4,,0,94,,171363,8,4,,0,121,,171364,8,4,,0
38100,'20260414',1626,,171365,8,4,,0,94,,171366,8,4,,0,121,,171367,8,4,,0
58100,'20260331',1623,,172360,6,,,0,23,,172361,6,,,0,86,,172362,6,,,0
58100,'20260401',1623,,172363,6,,,0,23,,172364,6,,,0,86,,172365,6,,,0
58100,'20260402',1623,,172366,6,,,0,23,,172367,6,,,0,86,,172368,6,,,0
58100,'20260407',1623,,172369,6,,,0,23,,172370,6,,,0,86,,172371,6,,,0
58100,'20260408',1623,,172372,6,,,0,23,,172373,6,,,0,86,,172374,6,,,0
58100,'20260409',1623,,172375,6,,,0,23,,172376,6,,,0,86,,172377,6,,,0
58100,'20260410',1623,,172378,6,,,0,23,,172379,6,,,0,86,,172380,6,,,0
58100,'20260413',1623,,172381,6,,,0,23,,172382,6,,,0,86,,172383,6,,,0
58100,'20260414',1623,,172384,6,,,0,23,,172385,6,,,0,86,,172386,6,,,0
80303,'20260331',600,,180244,29,,,1,15,,180245,29,,,1,16,,180246,29,,,1,17,,180247,29,,,1,53,,180248,29,,,1,9,,180249,29,,,1,10,,180250,29,,,1,12,,180251,29,,,1,10,,180252,29,,,1,10,,180253,29,,,1,48,,180254,29,,,1,8,,180255,29,,,1,8,,180256,29,,,1,8,,180257,29,,,1,8,,180258,29,,,1,8,,180259,29,,,1,9,,180260,29,,,1,9,,180261,29,,,1,50,,180262,29,,,1,10,,180263,29,,,1,7,,180264,29,,,1,12,,180265,29,,,1,10,,180266,29,,,1,10,,180267,29,,,1,51,,180268,29,,,1,11,,180269,29,,,1,12,,180270,29,,,1,14,,180271,29,,,1,12,,180272,29,,,1,52,,180273,29,,,1,11,,180274,29,,,1,12,,180275,29,,,1,12,,180276,29,,,1,12,,180277,29,,,1,53,,180278,29,,,1,12,,180279,29,,,1,12,,180280,29,,,1,11,,180281,29,,,1,14,,180282,29,,,1,52,,180283,29,,,1,12,,180284,29,,,1,12,,180285,29,,,1,12,,180286,29,,,1,12,,180287,29,,,1,52,,180288,29,,,1,12,,180289,29,,,1,12,,180290,29,,,1,11,,180291,29,,,1,13,,180292,29,,,1,52,,180293,29,,,1,12,,180294,29,,,1,12,,180295,29,,,1,10,,180296,29,,,1,9,,180297,29,,,1,50,,180298,29,,,1,11,,180299,29,,,1,10,,180300,29,,,1,9,,180301,29,,,1,9,,180302,29,,,1,10,,180303,29,,,1,50,,180304,29,,,1,12,,180305,29,,,1,10,,180306,29,,,1,11,,180307,29,,,1,9,,180308,29,,,1,10,,180309,29,,,1,48,,180310,29,,,1,9,,180311,29,,,1,11,,180312,29,,,1,11,,180313,29,,,1,11,,180314,29,,,1,12,,180315,29,,,1,52,,180316,29,,,1,16,,180317,29,,,1,14,,180318,29,,,1,15,,180319,29,,,1,56,,180320,29,,,1,16,,180321,29,,,1,14,,180322,29,,,1,15,,180323,29,,,1,55,,180324,29,,,1,15,,180325,29,,,1,14,,180326,29,,,1,16,,180327,29,,,1,56,,180328,29,,,1,14,,180329,29,,,1,15,,180330,29,,,1,15,,180331,29,,,1,55,,180332,29,,,1,15,,180333,29,,,1,14,,180334,29,,,1,14,,180335,29,,,1,54,,180336,29,,,1,15,,180337,29,,,1,14,,180338,29,,,1,14,,180339,29,,,1,55,,180340,29,,,1,16,,180341,29,,,1
80303,'20260401',600,,180342,29,,,1,15,,180343,29,,,1,16,,180344,29,,,1,17,,180345,29,,,1,53,,180346,29,,,1,9,,180347,29,,,1,10,,180348,29,,,1,12,,180349,29,,,1,10,,180350,29,,,1,10,,180351,29,,,1,48,,180352,29,,,1,8,,180353,29,,,1,8,,180354,29,,,1,8,,180355,29,,,1,8,,180356,29,,,1,8,,180357,29,,,1,9,,180358,29,,,1,9,,180359,29,,,1,50,,180360,29,,,1,10,,180361,29,,,1,7,,180362,29,,,1,12,,180363,29,,,1,10,,180364,29,,,1,10,,180365,29,,,1,51,,180366,29,,,1,11,,180367,29,,,1,12,,180368,29,,,1,14,,180369,29,,,1,12,,180370,29,,,1,52,,180371,29,,,1,11,,180372,29,,,1,12,,180373,29,,,1,12,,180374,29,,,1,12,,180375,29,,,1,53,,180376,29,,,1,12,,180377,29,,,1,12,,180378,29,,,1,11,,180379,29,,,1,14,,180380,29,,,1,52,,180381,29,,,1,12,,180382,29,,,1,12,,180383,29,,,1,12,,180384,29,,,1,12,,180385,29,,,1,52,,180386,29,,,1,12,,180387,29,,,1,12,,180388,29,,,1,11,,180389,29,,,1,13,,180390,29,,,1,52,,180391,29,,,1,12,,180392,29,,,1,12,,180393,29,,,1,10,,180394,29,,,1,9,,180395,29,,,1,50,,180396,29,,,1,11,,180397,29,,,1,10,,180398,29,,,1,9,,180399,29,,,1,9,,180400,29,,,1,10,,180401,29,,,1,50,,180402,29,,,1,12,,180403,29,,,1,10,,180404,29,,,1,11,,180405,29,,,1,9,,180406,29,,,1,10,,180407,29,,,1,48,,180408,29,,,1,9,,180409,29,,,1,11,,180410,29,,,1,11,,180411,29,,,1,11,,180412,29,,,1,12,,180413,29,,,1,52,,180414,29,,,1,16,,180415,29,,,1,14,,180416,29,,,1,15,,180417,29,,,1,56,,180418,29,,,1,16,,180419,29,,,1,14,,180420,29,,,1,15,,180421,29,,,1,55,,180422,29,,,1,15,,180423,29,,,1,14,,180424,29,,,1,16,,180425,29,,,1,56,,180426,29,,,1,14,,180427,29,,,1,15,,180428,29,,,1,15,,180429,29,,,1,55,,180430,29,,,1,15,,180431,29,,,1,14,,180432,29,,,1,14,,180433,29,,,1,54,,180434,29,,,1,15,,180435,29,,,1,14,,180436,29,,,1,14,,180437,29,,,1,55,,180438,29,,,1,16,,180439,29,,,1
80303,'20260402',600,,180440,29,,,1,15,,180441,29,,,1,16,,180442,29,,,1,17,,180443,29,,,1,53,,180444,29,,,1,9,,180445,29,,,1,10,,180446,29,,,1,12,,180447,29,,,1,10,,180448,29,,,1,10,,180449,29,,,1,48,,180450,29,,,1,8,,180451,29,,,1,8,,180452,29,,,1,8,,180453,29,,,1,8,,180454,29,,,1,8,,180455,29,,,1,9,,180456,29,,,1,9,,180457,29,,,1,50,,180458,29,,,1,10,,180459,29,,,1,7,,180460,29,,,1,12,,180461,29,,,1,10,,180462,29,,,1,10,,180463,29,,,1,51,,180464,29,,,1,11,,180465,29,,,1,12,,180466,29,,,1,14,,180467,29,,,1,12,,180468,29,,,1,52,,180469,29,,,1,11,,180470,29,,,1,12,,180471,29,,,1,12,,180472,29,,,1,12,,180473,29,,,1,53,,180474,29,,,1,12,,180475,29,,,1,12,,180476,29,,,1,11,,180477,29,,,1,14,,180478,29,,,1,52,,180479,29,,,1,12,,180480,29,,,1,12,,180481,29,,,1,12,,180482,29,,,1,12,,180483,29,,,1,52,,180484,29,,,1,12,,180485,29,,,1,12,,180486,29,,,1,11,,180487,29,,,1,13,,180488,29,,,1,52,,180489,29,,,1,12,,180490,29,,,1,12,,180491,29,,,1,10,,180492,29,,,1,9,,180493,29,,,1,50,,180494,29,,,1,11,,180495,29,,,1,10,,180496,29,,,1,9,,180497,29,,,1,9,,180498,29,,,1,10,,180499,29,,,1,50,,180500,29,,,1,12,,180501,29,,,1,10,,180502,29,,,1,11,,180503,29,,,1,9,,180504,29,,,1,10,,180505,29,,,1,48,,180506,29,,,1,9,,180507,29,,,1,11,,180508,29,,,1,11,,180509,29,,,1,11,,180510,29,,,1,12,,180511,29,,,1,52,,180512,29,,,1,16,,180513,29,,,1,14,,180514,29,,,1,15,,180515,29,,,1,56,,180516,29,,,1,16,,180517,29,,,1,14,,180518,29,,,1,15,,180519,29,,,1,55,,180520,29,,,1,15,,180521,29,,,1,14,,180522,29,,,1,16,,180523,29,,,1,56,,180524,29,,,1,14,,180525,29,,,1,15,,180526,29,,,1,15,,180527,29,,,1,55,,180528,29,,,1,15,,180529,29,,,1,14,,180530,29,,,1,14,,180531,29,,,1,54,,180532,29,,,1,15,,180533,29,,,1,14,,180534,29,,,1,14,,180535,29,,,1,55,,180536,29,,,1,16,,180537,29,,,1
80303,'20260403',551,,180538,29,,,1,55,,180539,29,,,1,15,,180540,29,,,1,15,,180541,29,,,1,15,,180542,29,,,1,56,,180543,29,,,1,16,,180544,29,,,1,17,,180545,29,,,1,17,,180546,29,,,1,55,,180547,29,,,1,13,,180548,29,,,1,17,,180549,29,,,1,15,,180550,29,,,1,55,,180551,29,,,1,16,,180552,29,,,1,16,,180553,29,,,1,14,,180554,29,,,1,56,,180555,29,,,1,16,,180556,29,,,1,15,,180557,29,,,1,56,,180558,29,,,1,15,,180559,29,,,1,14,,180560,29,,,1,16,,180561,29,,,1,56,,180562,29,,,1,14,,180563,29,,,1,13,,180564,29,,,1,16,,180565,29,,,1,14,,180566,29,,,1,56,,180567,29,,,1,13,,180568,29,,,1,16,,180569,29,,,1,13,,180570,29,,,1,56,,180571,29,,,1,15,,180572,29,,,1,16,,180573,29,,,1,14,,180574,29,,,1,57,,180575,29,,,1,13,,180576,29,,,1,16,,180577,29,,,1,56,,180578,29,,,1,14,,180579,29,,,1,14,,180580,29,,,1,16,,180581,29,,,1,14,,180582,29,,,1,54,,180583,29,,,1,16,,180584,29,,,1,16,,180585,29,,,1,15,,180586,29,,,1,56,,180587,29,,,1,15,,180588,29,,,1,14,,180589,29,,,1,15,,180590,29,,,1,56,,180591,29,,,1,14,,180592,29,,,1,15,,180593,29,,,1,14,,180594,29,,,1,54,,180595,29,,,1,15,,180596,29,,,1,15,,180597,29,,,1,15,,180598,29,,,1,55,,180599,29,,,1,15,,180600,29,,,1,15,,180601,29,,,1,15,,180602,29,,,1,55,,180603,29,,,1,14,,180604,29,,,1,15,,180605,29,,,1,14,,180606,29,,,1,54,,180607,29,,,1,15,,180608,29,,,1,15,,180609,29,,,1,16,,180610,29,,,1,55,,180611,29,,,1,16,,180612,29,,,1,15,,180613,29,,,1,15,,180614,29,,,1
80303,'20260404',551,,136357,29,,,1,55,,136358,29,,,1,15,,136362,29,,,1,15,,136420,29,,,1,15,,136360,29,,,1,56,,136359,29,,,1,16,,136361,29,,,1,17,,136421,29,,,1,17,,136372,29,,,1,55,,136368,29,,,1,13,,136366,29,,,1,17,,136422,29,,,1,15,,136365,29,,,1,55,,136363,29,,,1,16,,136423,29,,,1,16,,136364,29,,,1,14,,136373,29,,,1,56,,136374,29,,,1,16,,136370,29,,,1,15,,136371,29,,,1,56,,136367,29,,,1,15,,136369,29,,,1,14,,136413,29,,,1,16,,136411,29,,,1,56,,136416,29,,,1,14,,136412,29,,,1,13,,136378,29,,,1,16,,136382,29,,,1,14,,136380,29,,,1,56,,136401,29,,,1,13,,136402,29,,,1,16,,136404,29,,,1,13,,136399,29,,,1,56,,136398,29,,,1,15,,136393,29,,,1,16,,136407,29,,,1,14,,136394,29,,,1,57,,136406,29,,,1,13,,136409,29,,,1,16,,136408,29,,,1,56,,136386,29,,,1,14,,136418,29,,,1,14,,136400,29,,,1,16,,136381,29,,,1,14,,136383,29,,,1,54,,136403,29,,,1,16,,136405,29,,,1,16,,136390,29,,,1,15,,136388,29,,,1,56,,136392,29,,,1,15,,136391,29,,,1,14,,136396,29,,,1,15,,136397,29,,,1,56,,136424,29,,,1,14,,136415,29,,,1,15,,136384,29,,,1,14,,136385,29,,,1,54,,136425,29,,,1,15,,136375,29,,,1,15,,136377,29,,,1,15,,136426,29,,,1,55,,136414,29,,,1,15,,136427,29,,,1,15,,136376,29,,,1,15,,136428,29,,,1,55,,136410,29,,,1,14,,136429,29,,,1,15,,136387,29,,,1,14,,136430,29,,,1,54,,136389,29,,,1,15,,136431,29,,,1,15,,136417,29,,,1,16,,136432,29,,,1,55,,136379,29,,,1,16,,136433,29,,,1,15,,136395,29,,,1,15,,136419,29,,,1
80303,'20260405',551,,136446,29,,,1,55,,136451,29,,,1,15,,136444,29,,,1,15,,136462,29,,,1,15,,136450,29,,,1,56,,136434,29,,,1,16,,136457,29,,,1,17,,136470,29,,,1,17,,136447,29,,,1,55,,136452,29,,,1,13,,136435,29,,,1,17,,136463,29,,,1,15,,136453,29,,,1,55,,136441,29,,,1,16,,136464,29,,,1,16,,136459,29,,,1,14,,136445,29,,,1,56,,136456,29,,,1,16,,136449,29,,,1,15,,136458,29,,,1,56,,136454,29,,,1,15,,136442,29,,,1,14,,136496,29,,,1,16,,136482,29,,,1,56,,136500,29,,,1,14,,136487,29,,,1,13,,136443,29,,,1,16,,136439,29,,,1,14,,136437,29,,,1,56,,136485,29,,,1,13,,136476,29,,,1,16,,136488,29,,,1,13,,136492,29,,,1,56,,136501,29,,,1,15,,136504,29,,,1,16,,136506,29,,,1,14,,136479,29,,,1,57,,136486,29,,,1,13,,136507,29,,,1,16,,136497,29,,,1,56,,136478,29,,,1,14,,136509,29,,,1,14,,136484,29,,,1,16,,136438,29,,,1,14,,136440,29,,,1,54,,136493,29,,,1,16,,136505,29,,,1,16,,136477,29,,,1,15,,136495,29,,,1,56,,136503,29,,,1,15,,136483,29,,,1,14,,136489,29,,,1,15,,136481,29,,,1,56,,136465,29,,,1,14,,136498,29,,,1,15,,136502,29,,,1,14,,136494,29,,,1,54,,136466,29,,,1,15,,136460,29,,,1,15,,136455,29,,,1,15,,136467,29,,,1,55,,136510,29,,,1,15,,136468,29,,,1,15,,136448,29,,,1,15,,136469,29,,,1,55,,136499,29,,,1,14,,136471,29,,,1,15,,136491,29,,,1,14,,136472,29,,,1,54,,136490,29,,,1,15,,136473,29,,,1,15,,136508,29,,,1,16,,136475,29,,,1,55,,136436,29,,,1,16,,136474,29,,,1,15,,136480,29,,,1,15,,136461,29,,,1
80303,'20260406',551,,136523,29,,,1,55,,136528,29,,,1,15,,136521,29,,,1,15,,136539,29,,,1,15,,136527,29,,,1,56,,136511,29,,,1,16,,136534,29,,,1,17,,136547,29,,,1,17,,136524,29,,,1,55,,136529,29,,,1,13,,136512,29,,,1,17,,136540,29,,,1,15,,136530,29,,,1,55,,136518,29,,,1,16,,136541,29,,,1,16,,136536,29,,,1,14,,136522,29,,,1,56,,136533,29,,,1,16,,136526,29,,,1,15,,136535,29,,,1,56,,136531,29,,,1,15,,136519,29,,,1,14,,136573,29,,,1,16,,136559,29,,,1,56,,136577,29,,,1,14,,136564,29,,,1,13,,136520,29,,,1,16,,136516,29,,,1,14,,136514,29,,,1,56,,136562,29,,,1,13,,136553,29,,,1,16,,136565,29,,,1,13,,136569,29,,,1,56,,136578,29,,,1,15,,136581,29,,,1,16,,136583,29,,,1,14,,136556,29,,,1,57,,136563,29,,,1,13,,136584,29,,,1,16,,136574,29,,,1,56,,136555,29,,,1,14,,136586,29,,,1,14,,136561,29,,,1,16,,136515,29,,,1,14,,136517,29,,,1,54,,136570,29,,,1,16,,136582,29,,,1,16,,136554,29,,,1,15,,136572,29,,,1,56,,136580,29,,,1,15,,136560,29,,,1,14,,136566,29,,,1,15,,136558,29,,,1,56,,136542,29,,,1,14,,136575,29,,,1,15,,136579,29,,,1,14,,136571,29,,,1,54,,136543,29,,,1,15,,136537,29,,,1,15,,136532,29,,,1,15,,136544,29,,,1,55,,136587,29,,,1,15,,136545,29,,,1,15,,136525,29,,,1,15,,136546,29,,,1,55,,136576,29,,,1,14,,136548,29,,,1,15,,136568,29,,,1,14,,136549,29,,,1,54,,136567,29,,,1,15,,136550,29,,,1,15,,136585,29,,,1,16,,136552,29,,,1,55,,136513,29,,,1,16,,136551,29,,,1,15,,136557,29,,,1,15,,136538,29,,,1
80303,'20260407',600,,180615,29,,,1,15,,180616,29,,,1,16,,180617,29,,,1,17,,180618,29,,,1,53,,180619,29,,,1,9,,180620,29,,,1,10,,180622,29,,,1,12,,180624,29,,,1,10,,180626,29,,,1,10,,180704,29,,,1,48,,180628,29,,,1,8,,180703,29,,,1,8,,180631,29,,,1,8,,180632,29,,,1,8,,180702,29,,,1,8,,180635,29,,,1,9,,180637,29,,,1,9,,180701,29,,,1,50,,180640,29,,,1,10,,180712,29,,,1,7,,180642,29,,,1,12,,180705,29,,,1,10,,180700,29,,,1,10,,180644,29,,,1,51,,180646,29,,,1,11,,180649,29,,,1,12,,180650,29,,,1,14,,180699,29,,,1,12,,180653,29,,,1,52,,180655,29,,,1,11,,180658,29,,,1,12,,180660,29,,,1,12,,180711,29,,,1,12,,180698,29,,,1,53,,180662,29,,,1,12,,180697,29,,,1,12,,180665,29,,,1,11,,180666,29,,,1,14,,180696,29,,,1,52,,180668,29,,,1,12,,180670,29,,,1,12,,180695,29,,,1,12,,180674,29,,,1,12,,180694,29,,,1,52,,180677,29,,,1,12,,180679,29,,,1,12,,180681,29,,,1,11,,180683,29,,,1,13,,180693,29,,,1,52,,180621,29,,,1,12,,180692,29,,,1,12,,180638,29,,,1,10,,180691,29,,,1,9,,180647,29,,,1,50,,180652,29,,,1,11,,180659,29,,,1,10,,180690,29,,,1,9,,180667,29,,,1,9,,180673,29,,,1,10,,180689,29,,,1,50,,180685,29,,,1,12,,180634,29,,,1,10,,180688,29,,,1,11,,180629,29,,,1,9,,180676,29,,,1,10,,180687,29,,,1,48,,180682,29,,,1,9,,180671,29,,,1,11,,180706,29,,,1,11,,180686,29,,,1,11,,180656,29,,,1,12,,180641,29,,,1,52,,180707,29,,,1,16,,180623,29,,,1,14,,180684,29,,,1,15,,180680,29,,,1,56,,180678,29,,,1,16,,180675,29,,,1,14,,180672,29,,,1,15,,180669,29,,,1,55,,180664,29,,,1,15,,180663,29,,,1,14,,180661,29,,,1,16,,180657,29,,,1,56,,180654,29,,,1,14,,180651,29,,,1,15,,180648,29,,,1,15,,180645,29,,,1,55,,180643,29,,,1,15,,180639,29,,,1,14,,180636,29,,,1,14,,180633,29,,,1,54,,180630,29,,,1,15,,180627,29,,,1,14,,180625,29,,,1,14,,180708,29,,,1,55,,180709,29,,,1,16,,180710,29,,,1
80303,'20260408',600,,180713,29,,,1,15,,180714,29,,,1,16,,180715,29,,,1,17,,180716,29,,,1,53,,180717,29,,,1,9,,180718,29,,,1,10,,180720,29,,,1,12,,180722,29,,,1,10,,180724,29,,,1,10,,180802,29,,,1,48,,180726,29,,,1,8,,180801,29,,,1,8,,180729,29,,,1,8,,180730,29,,,1,8,,180800,29,,,1,8,,180733,29,,,1,9,,180735,29,,,1,9,,180799,29,,,1,50,,180738,29,,,1,10,,180810,29,,,1,7,,180740,29,,,1,12,,180803,29,,,1,10,,180798,29,,,1,10,,180742,29,,,1,51,,180744,29,,,1,11,,180747,29,,,1,12,,180748,29,,,1,14,,180797,29,,,1,12,,180751,29,,,1,52,,180753,29,,,1,11,,180756,29,,,1,12,,180758,29,,,1,12,,180809,29,,,1,12,,180796,29,,,1,53,,180760,29,,,1,12,,180795,29,,,1,12,,180763,29,,,1,11,,180764,29,,,1,14,,180794,29,,,1,52,,180766,29,,,1,12,,180768,29,,,1,12,,180793,29,,,1,12,,180772,29,,,1,12,,180792,29,,,1,52,,180775,29,,,1,12,,180777,29,,,1,12,,180779,29,,,1,11,,180781,29,,,1,13,,180791,29,,,1,52,,180719,29,,,1,12,,180790,29,,,1,12,,180736,29,,,1,10,,180789,29,,,1,9,,180745,29,,,1,50,,180750,29,,,1,11,,180757,29,,,1,10,,180788,29,,,1,9,,180765,29,,,1,9,,180771,29,,,1,10,,180787,29,,,1,50,,180783,29,,,1,12,,180732,29,,,1,10,,180786,29,,,1,11,,180727,29,,,1,9,,180774,29,,,1,10,,180785,29,,,1,48,,180780,29,,,1,9,,180769,29,,,1,11,,180804,29,,,1,11,,180784,29,,,1,11,,180754,29,,,1,12,,180739,29,,,1,52,,180805,29,,,1,16,,180721,29,,,1,14,,180782,29,,,1,15,,180778,29,,,1,56,,180776,29,,,1,16,,180773,29,,,1,14,,180770,29,,,1,15,,180767,29,,,1,55,,180762,29,,,1,15,,180761,29,,,1,14,,180759,29,,,1,16,,180755,29,,,1,56,,180752,29,,,1,14,,180749,29,,,1,15,,180746,29,,,1,15,,180743,29,,,1,55,,180741,29,,,1,15,,180737,29,,,1,14,,180734,29,,,1,14,,180731,29,,,1,54,,180728,29,,,1,15,,180725,29,,,1,14,,180723,29,,,1,14,,180806,29,,,1,55,,180807,29,,,1,16,,180808,29,,,1
80303,'20260409',600,,180811,29,,,1,15,,180812,29,,,1,16,,180813,29,,,1,17,,180814,29,,,1,53,,180815,29,,,1,9,,180816,29,,,1,10,,180818,29,,,1,12,,180820,29,,,1,10,,180822,29,,,1,10,,180900,29,,,1,48,,180824,29,,,1,8,,180899,29,,,1,8,,180827,29,,,1,8,,180828,29,,,1,8,,180898,29,,,1,8,,180831,29,,,1,9,,180833,29,,,1,9,,180897,29,,,1,50,,180836,29,,,1,10,,180908,29,,,1,7,,180838,29,,,1,12,,180901,29,,,1,10,,180896,29,,,1,10,,180840,29,,,1,51,,180842,29,,,1,11,,180845,29,,,1,12,,180846,29,,,1,14,,180895,29,,,1,12,,180849,29,,,1,52,,180851,29,,,1,11,,180854,29,,,1,12,,180856,29,,,1,12,,180907,29,,,1,12,,180894,29,,,1,53,,180858,29,,,1,12,,180893,29,,,1,12,,180861,29,,,1,11,,180862,29,,,1,14,,180892,29,,,1,52,,180864,29,,,1,12,,180866,29,,,1,12,,180891,29,,,1,12,,180870,29,,,1,12,,180890,29,,,1,52,,180873,29,,,1,12,,180875,29,,,1,12,,180877,29,,,1,11,,180879,29,,,1,13,,180889,29,,,1,52,,180817,29,,,1,12,,180888,29,,,1,12,,180834,29,,,1,10,,180887,29,,,1,9,,180843,29,,,1,50,,180848,29,,,1,11,,180855,29,,,1,10,,180886,29,,,1,9,,180863,29,,,1,9,,180869,29,,,1,10,,180885,29,,,1,50,,180881,29,,,1,12,,180830,29,,,1,10,,180884,29,,,1,11,,180825,29,,,1,9,,180872,29,,,1,10,,180883,29,,,1,48,,180878,29,,,1,9,,180867,29,,,1,11,,180902,29,,,1,11,,180882,29,,,1,11,,180852,29,,,1,12,,180837,29,,,1,52,,180903,29,,,1,16,,180819,29,,,1,14,,180880,29,,,1,15,,180876,29,,,1,56,,180874,29,,,1,16,,180871,29,,,1,14,,180868,29,,,1,15,,180865,29,,,1,55,,180860,29,,,1,15,,180859,29,,,1,14,,180857,29,,,1,16,,180853,29,,,1,56,,180850,29,,,1,14,,180847,29,,,1,15,,180844,29,,,1,15,,180841,29,,,1,55,,180839,29,,,1,15,,180835,29,,,1,14,,180832,29,,,1,14,,180829,29,,,1,54,,180826,29,,,1,15,,180823,29,,,1,14,,180821,29,,,1,14,,180904,29,,,1,55,,180905,29,,,1,16,,180906,29,,,1
80303,'20260410',600,,180909,29,,,1,15,,180910,29,,,1,16,,180911,29,,,1,17,,180912,29,,,1,53,,180913,29,,,1,9,,180914,29,,,1,10,,180916,29,,,1,12,,180918,29,,,1,10,,180920,29,,,1,10,,180998,29,,,1,48,,180922,29,,,1,8,,180997,29,,,1,8,,180925,29,,,1,8,,180926,29,,,1,8,,180996,29,,,1,8,,180929,29,,,1,9,,180931,29,,,1,9,,180995,29,,,1,50,,180934,29,,,1,10,,181006,29,,,1,7,,180936,29,,,1,12,,180999,29,,,1,10,,180994,29,,,1,10,,180938,29,,,1,51,,180940,29,,,1,11,,180943,29,,,1,12,,180944,29,,,1,14,,180993,29,,,1,12,,180947,29,,,1,52,,180949,29,,,1,11,,180952,29,,,1,12,,180954,29,,,1,12,,181005,29,,,1,12,,180992,29,,,1,53,,180956,29,,,1,12,,180991,29,,,1,12,,180959,29,,,1,11,,180960,29,,,1,14,,180990,29,,,1,52,,180962,29,,,1,12,,180964,29,,,1,12,,180989,29,,,1,12,,180968,29,,,1,12,,180988,29,,,1,52,,180971,29,,,1,12,,180973,29,,,1,12,,180975,29,,,1,11,,180977,29,,,1,13,,180987,29,,,1,52,,180915,29,,,1,12,,180986,29,,,1,12,,180932,29,,,1,10,,180985,29,,,1,9,,180941,29,,,1,50,,180946,29,,,1,11,,180953,29,,,1,10,,180984,29,,,1,9,,180961,29,,,1,9,,180967,29,,,1,10,,180983,29,,,1,50,,180979,29,,,1,12,,180928,29,,,1,10,,180982,29,,,1,11,,180923,29,,,1,9,,180970,29,,,1,10,,180981,29,,,1,48,,180976,29,,,1,9,,180965,29,,,1,11,,181000,29,,,1,11,,180980,29,,,1,11,,180950,29,,,1,12,,180935,29,,,1,52,,181001,29,,,1,16,,180917,29,,,1,14,,180978,29,,,1,15,,180974,29,,,1,56,,180972,29,,,1,16,,180969,29,,,1,14,,180966,29,,,1,15,,180963,29,,,1,55,,180958,29,,,1,15,,180957,29,,,1,14,,180955,29,,,1,16,,180951,29,,,1,56,,180948,29,,,1,14,,180945,29,,,1,15,,180942,29,,,1,15,,180939,29,,,1,55,,180937,29,,,1,15,,180933,29,,,1,14,,180930,29,,,1,14,,180927,29,,,1,54,,180924,29,,,1,15,,180921,29,,,1,14,,180919,29,,,1,14,,181002,29,,,1,55,,181003,29,,,1,16,,181004,29,,,1
80303,'20260411',551,,181007,29,,,1,55,,181008,29,,,1,15,,181012,29,,,1,15,,181070,29,,,1,15,,181010,29,,,1,56,,181009,29,,,1,16,,181011,29,,,1,17,,181071,29,,,1,17,,181022,29,,,1,55,,181018,29,,,1,13,,181016,29,,,1,17,,181072,29,,,1,15,,181015,29,,,1,55,,181013,29,,,1,16,,181073,29,,,1,16,,181014,29,,,1,14,,181023,29,,,1,56,,181024,29,,,1,16,,181020,29,,,1,15,,181021,29,,,1,56,,181017,29,,,1,15,,181019,29,,,1,14,,181063,29,,,1,16,,181061,29,,,1,56,,181066,29,,,1,14,,181062,29,,,1,13,,181028,29,,,1,16,,181032,29,,,1,14,,181030,29,,,1,56,,181051,29,,,1,13,,181052,29,,,1,16,,181054,29,,,1,13,,181049,29,,,1,56,,181048,29,,,1,15,,181043,29,,,1,16,,181057,29,,,1,14,,181044,29,,,1,57,,181056,29,,,1,13,,181059,29,,,1,16,,181058,29,,,1,56,,181036,29,,,1,14,,181068,29,,,1,14,,181050,29,,,1,16,,181031,29,,,1,14,,181033,29,,,1,54,,181053,29,,,1,16,,181055,29,,,1,16,,181040,29,,,1,15,,181038,29,,,1,56,,181042,29,,,1,15,,181041,29,,,1,14,,181046,29,,,1,15,,181047,29,,,1,56,,181074,29,,,1,14,,181065,29,,,1,15,,181034,29,,,1,14,,181035,29,,,1,54,,181075,29,,,1,15,,181025,29,,,1,15,,181027,29,,,1,15,,181076,29,,,1,55,,181064,29,,,1,15,,181077,29,,,1,15,,181026,29,,,1,15,,181078,29,,,1,55,,181060,29,,,1,14,,181079,29,,,1,15,,181037,29,,,1,14,,181080,29,,,1,54,,181039,29,,,1,15,,181081,29,,,1,15,,181067,29,,,1,16,,181082,29,,,1,55,,181029,29,,,1,16,,181083,29,,,1,15,,181045,29,,,1,15,,181069,29,,,1
80303,'20260412',551,,181096,29,,,1,55,,181101,29,,,1,15,,181094,29,,,1,15,,181112,29,,,1,15,,181100,29,,,1,56,,181084,29,,,1,16,,181107,29,,,1,17,,181120,29,,,1,17,,181097,29,,,1,55,,181102,29,,,1,13,,181085,29,,,1,17,,181113,29,,,1,15,,181103,29,,,1,55,,181091,29,,,1,16,,181114,29,,,1,16,,181109,29,,,1,14,,181095,29,,,1,56,,181106,29,,,1,16,,181099,29,,,1,15,,181108,29,,,1,56,,181104,29,,,1,15,,181092,29,,,1,14,,181146,29,,,1,16,,181132,29,,,1,56,,181150,29,,,1,14,,181137,29,,,1,13,,181093,29,,,1,16,,181089,29,,,1,14,,181087,29,,,1,56,,181135,29,,,1,13,,181126,29,,,1,16,,181138,29,,,1,13,,181142,29,,,1,56,,181151,29,,,1,15,,181154,29,,,1,16,,181156,29,,,1,14,,181129,29,,,1,57,,181136,29,,,1,13,,181157,29,,,1,16,,181147,29,,,1,56,,181128,29,,,1,14,,181159,29,,,1,14,,181134,29,,,1,16,,181088,29,,,1,14,,181090,29,,,1,54,,181143,29,,,1,16,,181155,29,,,1,16,,181127,29,,,1,15,,181145,29,,,1,56,,181153,29,,,1,15,,181133,29,,,1,14,,181139,29,,,1,15,,181131,29,,,1,56,,181115,29,,,1,14,,181148,29,,,1,15,,181152,29,,,1,14,,181144,29,,,1,54,,181116,29,,,1,15,,181110,29,,,1,15,,181105,29,,,1,15,,181117,29,,,1,55,,181160,29,,,1,15,,181118,29,,,1,15,,181098,29,,,1,15,,181119,29,,,1,55,,181149,29,,,1,14,,181121,29,,,1,15,,181141,29,,,1,14,,181122,29,,,1,54,,181140,29,,,1,15,,181123,29,,,1,15,,181158,29,,,1,16,,181125,29,,,1,55,,181086,29,,,1,16,,181124,29,,,1,15,,181130,29,,,1,15,,181111,29,,,1
80303,'20260413',600,,181161,29,,,1,15,,181162,29,,,1,16,,181163,29,,,1,17,,181164,29,,,1,53,,181165,29,,,1,9,,181166,29,,,1,10,,181168,29,,,1,12,,181170,29,,,1,10,,181172,29,,,1,10,,181250,29,,,1,48,,181174,29,,,1,8,,181249,29,,,1,8,,181177,29,,,1,8,,181178,29,,,1,8,,181248,29,,,1,8,,181181,29,,,1,9,,181183,29,,,1,9,,181247,29,,,1,50,,181186,29,,,1,10,,181258,29,,,1,7,,181188,29,,,1,12,,181251,29,,,1,10,,181246,29,,,1,10,,181190,29,,,1,51,,181192,29,,,1,11,,181195,29,,,1,12,,181196,29,,,1,14,,181245,29,,,1,12,,181199,29,,,1,52,,181201,29,,,1,11,,181204,29,,,1,12,,181206,29,,,1,12,,181257,29,,,1,12,,181244,29,,,1,53,,181208,29,,,1,12,,181243,29,,,1,12,,181211,29,,,1,11,,181212,29,,,1,14,,181242,29,,,1,52,,181214,29,,,1,12,,181216,29,,,1,12,,181241,29,,,1,12,,181220,29,,,1,12,,181240,29,,,1,52,,181223,29,,,1,12,,181225,29,,,1,12,,181227,29,,,1,11,,181229,29,,,1,13,,181239,29,,,1,52,,181167,29,,,1,12,,181238,29,,,1,12,,181184,29,,,1,10,,181237,29,,,1,9,,181193,29,,,1,50,,181198,29,,,1,11,,181205,29,,,1,10,,181236,29,,,1,9,,181213,29,,,1,9,,181219,29,,,1,10,,181235,29,,,1,50,,181231,29,,,1,12,,181180,29,,,1,10,,181234,29,,,1,11,,181175,29,,,1,9,,181222,29,,,1,10,,181233,29,,,1,48,,181228,29,,,1,9,,181217,29,,,1,11,,181252,29,,,1,11,,181232,29,,,1,11,,181202,29,,,1,12,,181187,29,,,1,52,,181253,29,,,1,16,,181169,29,,,1,14,,181230,29,,,1,15,,181226,29,,,1,56,,181224,29,,,1,16,,181221,29,,,1,14,,181218,29,,,1,15,,181215,29,,,1,55,,181210,29,,,1,15,,181209,29,,,1,14,,181207,29,,,1,16,,181203,29,,,1,56,,181200,29,,,1,14,,181197,29,,,1,15,,181194,29,,,1,15,,181191,29,,,1,55,,181189,29,,,1,15,,181185,29,,,1,14,,181182,29,,,1,14,,181179,29,,,1,54,,181176,29,,,1,15,,181173,29,,,1,14,,181171,29,,,1,14,,181254,29,,,1,55,,181255,29,,,1,16,,181256,29,,,1
80303,'20260414',600,,181259,29,,,1,15,,181260,29,,,1,16,,181261,29,,,1,17,,181262,29,,,1,53,,181263,29,,,1,9,,181264,29,,,1,10,,181266,29,,,1,12,,181268,29,,,1,10,,181270,29,,,1,10,,181348,29,,,1,48,,181272,29,,,1,8,,181347,29,,,1,8,,181275,29,,,1,8,,181276,29,,,1,8,,181346,29,,,1,8,,181279,29,,,1,9,,181281,29,,,1,9,,181345,29,,,1,50,,181284,29,,,1,10,,181356,29,,,1,7,,181286,29,,,1,12,,181349,29,,,1,10,,181344,29,,,1,10,,181288,29,,,1,51,,181290,29,,,1,11,,181293,29,,,1,12,,181294,29,,,1,14,,181343,29,,,1,12,,181297,29,,,1,52,,181299,29,,,1,11,,181302,29,,,1,12,,181304,29,,,1,12,,181355,29,,,1,12,,181342,29,,,1,53,,181306,29,,,1,12,,181341,29,,,1,12,,181309,29,,,1,11,,181310,29,,,1,14,,181340,29,,,1,52,,181312,29,,,1,12,,181314,29,,,1,12,,181339,29,,,1,12,,181318,29,,,1,12,,181338,29,,,1,52,,181321,29,,,1,12,,181323,29,,,1,12,,181325,29,,,1,11,,181327,29,,,1,13,,181337,29,,,1,52,,181265,29,,,1,12,,181336,29,,,1,12,,181282,29,,,1,10,,181335,29,,,1,9,,181291,29,,,1,50,,181296,29,,,1,11,,181303,29,,,1,10,,181334,29,,,1,9,,181311,29,,,1,9,,181317,29,,,1,10,,181333,29,,,1,50,,181329,29,,,1,12,,181278,29,,,1,10,,181332,29,,,1,11,,181273,29,,,1,9,,181320,29,,,1,10,,181331,29,,,1,48,,181326,29,,,1,9,,181315,29,,,1,11,,181350,29,,,1,11,,181330,29,,,1,11,,181300,29,,,1,12,,181285,29,,,1,52,,181351,29,,,1,16,,181267,29,,,1,14,,181328,29,,,1,15,,181324,29,,,1,56,,181322,29,,,1,16,,181319,29,,,1,14,,181316,29,,,1,15,,181313,29,,,1,55,,181308,29,,,1,15,,181307,29,,,1,14,,181305,29,,,1,16,,181301,29,,,1,56,,181298,29,,,1,14,,181295,29,,,1,15,,181292,29,,,1,15,,181289,29,,,1,55,,181287,29,,,1,15,,181283,29,,,1,14,,181280,29,,,1,14,,181277,29,,,1,54,,181274,29,,,1,15,,181271,29,,,1,14,,181269,29,,,1,14,,181352,29,,,1,55,,181353,29,,,1,16,,181354,29,,,1
