29001,'20260317',650,,80988,20,,,0,71,,80989,20,,,0,36,,80990,20,,,0,65,,80991,20,,,0
29001,'20260318',650,,80992,20,,,0,71,,80993,20,,,0,36,,80994,20,,,0,65,,80995,20,,,0
29001,'20260319',650,,80996,20,,,0,71,,80997,20,,,0,36,,80998,20,,,0,65,,80999,20,,,0
29001,'20260320',650,,81000,20,,,0,71,,81001,20,,,0,36,,81002,20,,,0,65,,81003,20,,,0
29001,'20260323',648,,81006,20,,,0,73,,81004,20,,,0,37,,81005,20,,,0,66,,81007,20,,,0
29001,'20260324',648,,81010,20,,,0,73,,81008,20,,,0,37,,81009,20,,,0,66,,81011,20,,,0
29001,'20260325',648,,81014,20,,,0,73,,81012,20,,,0,37,,81013,20,,,0,66,,81015,20,,,0
29001,'20260326',648,,81018,20,,,0,73,,81016,20,,,0,37,,81017,20,,,0,66,,81019,20,,,0
29001,'20260327',648,,81022,20,,,0,73,,81020,20,,,0,37,,81021,20,,,0,66,,81023,20,,,0
29001,'20260330',648,,81026,20,,,0,73,,81024,20,,,0,37,,81025,20,,,0,66,,81027,20,,,0
29001,'20260331',648,,81030,20,,,0,73,,81028,20,,,0,37,,81029,20,,,0,66,,81031,20,,,0
80401,'20260317',534,,96065,30,,,1,15,,96066,30,,,1,54,,96067,30,,,1,16,,96068,30,,,1,16,,96069,30,,,1,16,,96070,30,,,1,51,,96071,30,,,1,12,,96072,30,,,1,12,,96073,30,,,1,10,,96074,30,,,1,10,,96075,30,,,1,12,,96076,30,,,1,54,,96077,30,,,1,16,,96078,30,,,1,14,,96079,30,,,1,14,,96080,30,,,1,55,,96081,30,,,1,14,,96082,30,,,1,15,,96083,30,,,1,14,,96084,30,,,1,54,,96085,30,,,1,15,,96086,30,,,1,15,,96087,30,,,1,15,,96088,30,,,1,55,,96089,30,,,1,15,,96090,30,,,1,15,,96091,30,,,1,15,,96092,30,,,1,55,,96093,30,,,1,16,,96094,30,,,1,15,,96095,30,,,1,16,,96096,30,,,1,55,,96097,30,,,1,15,,96098,30,,,1,15,,96099,30,,,1,15,,96100,30,,,1,55,,96101,30,,,1,14,,96102,30,,,1,16,,96103,30,,,1,15,,96104,30,,,1,55,,96105,30,,,1,16,,96106,30,,,1,13,,96107,30,,,1,12,,96109,30,,,1,50,,96110,30,,,1,13,,96108,30,,,1,11,,96111,30,,,1,11,,96112,30,,,1,12,,96113,30,,,1,52,,96114,30,,,1,12,,96115,30,,,1,13,,96116,30,,,1,12,,96117,30,,,1,12,,96118,30,,,1,54,,96119,30,,,1,17,,96120,30,,,1,16,,96121,30,,,1,16,,96122,30,,,1,55,,96123,30,,,1,14,,96124,30,,,1,15,,96125,30,,,1,14,,96126,30,,,1,58,,96127,30,,,1,17,,96128,30,,,1,17,,96129,30,,,1,58,,96130,30,,,1,19,,96131,30,,,1,17,,96132,30,,,1,18,,96133,30,,,1,58,,96134,30,,,1,16,,96135,30,,,1,18,,96136,30,,,1,57,,96137,30,,,1,19,,96138,30,,,1,18,,96139,30,,,1,18,,96140,30,,,1,58,,96141,30,,,1
80401,'20260318',534,,96142,30,,,1,15,,96143,30,,,1,54,,96144,30,,,1,16,,96145,30,,,1,16,,96146,30,,,1,16,,96147,30,,,1,51,,96148,30,,,1,12,,96149,30,,,1,12,,96150,30,,,1,10,,96151,30,,,1,10,,96152,30,,,1,12,,96153,30,,,1,54,,96154,30,,,1,16,,96155,30,,,1,14,,96156,30,,,1,14,,96157,30,,,1,55,,96158,30,,,1,14,,96159,30,,,1,15,,96160,30,,,1,14,,96161,30,,,1,54,,96162,30,,,1,15,,96163,30,,,1,15,,96164,30,,,1,15,,96165,30,,,1,55,,96166,30,,,1,15,,96167,30,,,1,15,,96168,30,,,1,15,,96169,30,,,1,55,,96170,30,,,1,16,,96171,30,,,1,15,,96172,30,,,1,16,,96173,30,,,1,55,,96174,30,,,1,15,,96175,30,,,1,15,,96176,30,,,1,15,,96177,30,,,1,55,,96178,30,,,1,14,,96179,30,,,1,16,,96180,30,,,1,15,,96181,30,,,1,55,,96182,30,,,1,16,,96183,30,,,1,13,,96184,30,,,1,12,,96186,30,,,1,50,,96187,30,,,1,13,,96185,30,,,1,11,,96188,30,,,1,11,,96189,30,,,1,12,,96190,30,,,1,52,,96191,30,,,1,12,,96192,30,,,1,13,,96193,30,,,1,12,,96194,30,,,1,12,,96195,30,,,1,54,,96196,30,,,1,17,,96197,30,,,1,16,,96198,30,,,1,16,,96199,30,,,1,55,,96200,30,,,1,14,,96201,30,,,1,15,,96202,30,,,1,14,,96203,30,,,1,58,,96204,30,,,1,17,,96205,30,,,1,17,,96206,30,,,1,58,,96207,30,,,1,19,,96208,30,,,1,17,,96209,30,,,1,18,,96210,30,,,1,58,,96211,30,,,1,16,,96212,30,,,1,18,,96213,30,,,1,57,,96214,30,,,1,19,,96215,30,,,1,18,,96216,30,,,1,18,,96217,30,,,1,58,,96218,30,,,1
80401,'20260319',534,,96219,30,,,1,15,,96220,30,,,1,54,,96221,30,,,1,16,,96222,30,,,1,16,,96223,30,,,1,16,,96224,30,,,1,51,,96225,30,,,1,12,,96226,30,,,1,12,,96227,30,,,1,10,,96228,30,,,1,10,,96229,30,,,1,12,,96230,30,,,1,54,,96231,30,,,1,16,,96232,30,,,1,14,,96233,30,,,1,14,,96234,30,,,1,55,,96235,30,,,1,14,,96236,30,,,1,15,,96237,30,,,1,14,,96238,30,,,1,54,,96239,30,,,1,15,,96240,30,,,1,15,,96241,30,,,1,15,,96242,30,,,1,55,,96243,30,,,1,15,,96244,30,,,1,15,,96245,30,,,1,15,,96246,30,,,1,55,,96247,30,,,1,16,,96248,30,,,1,15,,96249,30,,,1,16,,96250,30,,,1,55,,96251,30,,,1,15,,96252,30,,,1,15,,96253,30,,,1,15,,96254,30,,,1,55,,96255,30,,,1,14,,96256,30,,,1,16,,96257,30,,,1,15,,96258,30,,,1,55,,96259,30,,,1,16,,96260,30,,,1,13,,96261,30,,,1,12,,96263,30,,,1,50,,96264,30,,,1,13,,96262,30,,,1,11,,96265,30,,,1,11,,96266,30,,,1,12,,96267,30,,,1,52,,96268,30,,,1,12,,96269,30,,,1,13,,96270,30,,,1,12,,96271,30,,,1,12,,96272,30,,,1,54,,96273,30,,,1,17,,96274,30,,,1,16,,96275,30,,,1,16,,96276,30,,,1,55,,96277,30,,,1,14,,96278,30,,,1,15,,96279,30,,,1,14,,96280,30,,,1,58,,96281,30,,,1,17,,96282,30,,,1,17,,96283,30,,,1,58,,96284,30,,,1,19,,96285,30,,,1,17,,96286,30,,,1,18,,96287,30,,,1,58,,96288,30,,,1,16,,96289,30,,,1,18,,96290,30,,,1,57,,96291,30,,,1,19,,96292,30,,,1,18,,96293,30,,,1,18,,96294,30,,,1,58,,96295,30,,,1
80401,'20260320',534,,96296,30,,,1,15,,96297,30,,,1,54,,96298,30,,,1,16,,96299,30,,,1,16,,96300,30,,,1,16,,96301,30,,,1,51,,96302,30,,,1,12,,96303,30,,,1,12,,96304,30,,,1,10,,96305,30,,,1,10,,96306,30,,,1,12,,96307,30,,,1,54,,96308,30,,,1,16,,96309,30,,,1,14,,96310,30,,,1,14,,96311,30,,,1,55,,96312,30,,,1,14,,96313,30,,,1,15,,96314,30,,,1,14,,96315,30,,,1,54,,96316,30,,,1,15,,96317,30,,,1,15,,96318,30,,,1,15,,96319,30,,,1,55,,96320,30,,,1,15,,96321,30,,,1,15,,96322,30,,,1,15,,96323,30,,,1,55,,96324,30,,,1,16,,96325,30,,,1,15,,96326,30,,,1,16,,96327,30,,,1,55,,96328,30,,,1,15,,96329,30,,,1,15,,96330,30,,,1,15,,96331,30,,,1,55,,96332,30,,,1,14,,96333,30,,,1,16,,96334,30,,,1,15,,96335,30,,,1,55,,96336,30,,,1,16,,96337,30,,,1,13,,96338,30,,,1,12,,96340,30,,,1,50,,96341,30,,,1,13,,96339,30,,,1,11,,96342,30,,,1,11,,96343,30,,,1,12,,96344,30,,,1,52,,96345,30,,,1,12,,96346,30,,,1,13,,96347,30,,,1,12,,96348,30,,,1,12,,96349,30,,,1,54,,96350,30,,,1,17,,96351,30,,,1,16,,96352,30,,,1,16,,96353,30,,,1,55,,96354,30,,,1,14,,96355,30,,,1,15,,96356,30,,,1,14,,96357,30,,,1,58,,96358,30,,,1,17,,96359,30,,,1,17,,96360,30,,,1,58,,96361,30,,,1,19,,96362,30,,,1,17,,96363,30,,,1,18,,96364,30,,,1,58,,96365,30,,,1,16,,96366,30,,,1,18,,96367,30,,,1,57,,96368,30,,,1,19,,96369,30,,,1,18,,96370,30,,,1,18,,96371,30,,,1,58,,96372,30,,,1
80401,'20260321',646,,96373,30,,,1,58,,96425,30,,,1,18,,96424,30,,,1,18,,96374,30,,,1,17,,96375,30,,,1,55,,96426,30,,,1,15,,96413,30,,,1,14,,96414,30,,,1,15,,96415,30,,,1,56,,96427,30,,,1,14,,96376,30,,,1,15,,96416,30,,,1,14,,96417,30,,,1,56,,96428,30,,,1,16,,96377,30,,,1,14,,96418,30,,,1,15,,96419,30,,,1,55,,96429,30,,,1,15,,96378,30,,,1,16,,96420,30,,,1,14,,96421,30,,,1,55,,96379,30,,,1,15,,96422,30,,,1,15,,96380,30,,,1,15,,96381,30,,,1,55,,96382,30,,,1,15,,96383,30,,,1,15,,96384,30,,,1,15,,96385,30,,,1,55,,96386,30,,,1,15,,96387,30,,,1,15,,96388,30,,,1,15,,96389,30,,,1,56,,96390,30,,,1,15,,96391,30,,,1,15,,96392,30,,,1,15,,96393,30,,,1,55,,96394,30,,,1,15,,96395,30,,,1,15,,96396,30,,,1,15,,96397,30,,,1,57,,96398,30,,,1,18,,96399,30,,,1,18,,96400,30,,,1,59,,96423,30,,,1,19,,96434,30,,,1,17,,96401,30,,,1,59,,96402,30,,,1,19,,96435,30,,,1,18,,96403,30,,,1,18,,96436,30,,,1,58,,96404,30,,,1,18,,96405,30,,,1,17,,96437,30,,,1,58,,96406,30,,,1,18,,96432,30,,,1,18,,96407,30,,,1,58,,96408,30,,,1,18,,96431,30,,,1,18,,96409,30,,,1,17,,96430,30,,,1,59,,96410,30,,,1,18,,96411,30,,,1,18,,96433,30,,,1,58,,96412,30,,,1
80401,'20260322',646,,96438,30,,,1,58,,96439,30,,,1,18,,96490,30,,,1,18,,96489,30,,,1,17,,96440,30,,,1,55,,96491,30,,,1,15,,96478,30,,,1,14,,96479,30,,,1,15,,96480,30,,,1,56,,96492,30,,,1,14,,96442,30,,,1,15,,96481,30,,,1,14,,96482,30,,,1,56,,96493,30,,,1,16,,96441,30,,,1,14,,96483,30,,,1,15,,96484,30,,,1,55,,96494,30,,,1,15,,96443,30,,,1,16,,96485,30,,,1,14,,96486,30,,,1,55,,96444,30,,,1,15,,96487,30,,,1,15,,96445,30,,,1,15,,96446,30,,,1,55,,96447,30,,,1,15,,96448,30,,,1,15,,96449,30,,,1,15,,96450,30,,,1,55,,96451,30,,,1,15,,96452,30,,,1,15,,96453,30,,,1,15,,96454,30,,,1,56,,96455,30,,,1,15,,96456,30,,,1,15,,96457,30,,,1,15,,96458,30,,,1,55,,96459,30,,,1,15,,96460,30,,,1,15,,96461,30,,,1,15,,96462,30,,,1,57,,96463,30,,,1,18,,96464,30,,,1,18,,96465,30,,,1,59,,96466,30,,,1,19,,96488,30,,,1,17,,96495,30,,,1,59,,96467,30,,,1,19,,96468,30,,,1,18,,96496,30,,,1,18,,96469,30,,,1,58,,96497,30,,,1,18,,96470,30,,,1,17,,96471,30,,,1,58,,96498,30,,,1,18,,96472,30,,,1,18,,96499,30,,,1,58,,96473,30,,,1,18,,96474,30,,,1,18,,96500,30,,,1,17,,96475,30,,,1,59,,96501,30,,,1,18,,96476,30,,,1,18,,96502,30,,,1,58,,96477,30,,,1
80401,'20260323',534,,96579,30,,,1,15,,96568,30,,,1,55,,96503,30,,,1,14,,96567,30,,,1,14,,96550,30,,,1,16,,96504,30,,,1,55,,96505,30,,,1,12,,96506,30,,,1,13,,96507,30,,,1,9,,96562,30,,,1,10,,96557,30,,,1,10,,96508,30,,,1,51,,96509,30,,,1,16,,96510,30,,,1,15,,96511,30,,,1,15,,96512,30,,,1,55,,96513,30,,,1,15,,96514,30,,,1,16,,96563,30,,,1,15,,96515,30,,,1,55,,96516,30,,,1,15,,96517,30,,,1,15,,96518,30,,,1,15,,96519,30,,,1,55,,96564,30,,,1,15,,96558,30,,,1,15,,96520,30,,,1,15,,96521,30,,,1,55,,96522,30,,,1,13,,96523,30,,,1,14,,96524,30,,,1,15,,96565,30,,,1,54,,96525,30,,,1,15,,96526,30,,,1,14,,96527,30,,,1,15,,96559,30,,,1,55,,96528,30,,,1,15,,96529,30,,,1,16,,96530,30,,,1,15,,96531,30,,,1,56,,96532,30,,,1,14,,96533,30,,,1,16,,96561,30,,,1,14,,96534,30,,,1,53,,96535,30,,,1,12,,96536,30,,,1,11,,96566,30,,,1,11,,96537,30,,,1,13,,96538,30,,,1,51,,96539,30,,,1,11,,96540,30,,,1,13,,96549,30,,,1,12,,96574,30,,,1,16,,96551,30,,,1,56,,96541,30,,,1,14,,96577,30,,,1,15,,96560,30,,,1,14,,96552,30,,,1,55,,96553,30,,,1,15,,96542,30,,,1,12,,96543,30,,,1,16,,96570,30,,,1,57,,96554,30,,,1,17,,96571,30,,,1,17,,96572,30,,,1,58,,96573,30,,,1,18,,96569,30,,,1,19,,96556,30,,,1,17,,96555,30,,,1,58,,96544,30,,,1,16,,96545,30,,,1,18,,96576,30,,,1,58,,96546,30,,,1,18,,96575,30,,,1,18,,96547,30,,,1,18,,96548,30,,,1,58,,96578,30,,,1
80401,'20260324',534,,96656,30,,,1,15,,96645,30,,,1,55,,96580,30,,,1,14,,96644,30,,,1,14,,96627,30,,,1,16,,96581,30,,,1,55,,96582,30,,,1,12,,96583,30,,,1,13,,96584,30,,,1,9,,96639,30,,,1,10,,96634,30,,,1,10,,96585,30,,,1,51,,96586,30,,,1,16,,96587,30,,,1,15,,96588,30,,,1,15,,96589,30,,,1,55,,96590,30,,,1,15,,96591,30,,,1,16,,96640,30,,,1,15,,96592,30,,,1,55,,96593,30,,,1,15,,96594,30,,,1,15,,96595,30,,,1,15,,96596,30,,,1,55,,96641,30,,,1,15,,96635,30,,,1,15,,96597,30,,,1,15,,96598,30,,,1,55,,96599,30,,,1,13,,96600,30,,,1,14,,96601,30,,,1,15,,96642,30,,,1,54,,96602,30,,,1,15,,96603,30,,,1,14,,96604,30,,,1,15,,96636,30,,,1,55,,96605,30,,,1,15,,96606,30,,,1,16,,96607,30,,,1,15,,96608,30,,,1,56,,96609,30,,,1,14,,96610,30,,,1,16,,96638,30,,,1,14,,96611,30,,,1,53,,96612,30,,,1,12,,96613,30,,,1,11,,96643,30,,,1,11,,96614,30,,,1,13,,96615,30,,,1,51,,96616,30,,,1,11,,96617,30,,,1,13,,96626,30,,,1,12,,96651,30,,,1,16,,96628,30,,,1,56,,96618,30,,,1,14,,96654,30,,,1,15,,96637,30,,,1,14,,96629,30,,,1,55,,96630,30,,,1,15,,96619,30,,,1,12,,96620,30,,,1,16,,96647,30,,,1,57,,96631,30,,,1,17,,96648,30,,,1,17,,96649,30,,,1,58,,96650,30,,,1,18,,96646,30,,,1,19,,96633,30,,,1,17,,96632,30,,,1,58,,96621,30,,,1,16,,96622,30,,,1,18,,96653,30,,,1,58,,96623,30,,,1,18,,96652,30,,,1,18,,96624,30,,,1,18,,96625,30,,,1,58,,96655,30,,,1
80401,'20260325',534,,96733,30,,,1,15,,96722,30,,,1,55,,96657,30,,,1,14,,96721,30,,,1,14,,96704,30,,,1,16,,96658,30,,,1,55,,96659,30,,,1,12,,96660,30,,,1,13,,96661,30,,,1,9,,96716,30,,,1,10,,96711,30,,,1,10,,96662,30,,,1,51,,96663,30,,,1,16,,96664,30,,,1,15,,96665,30,,,1,15,,96666,30,,,1,55,,96667,30,,,1,15,,96668,30,,,1,16,,96717,30,,,1,15,,96669,30,,,1,55,,96670,30,,,1,15,,96671,30,,,1,15,,96672,30,,,1,15,,96673,30,,,1,55,,96718,30,,,1,15,,96712,30,,,1,15,,96674,30,,,1,15,,96675,30,,,1,55,,96676,30,,,1,13,,96677,30,,,1,14,,96678,30,,,1,15,,96719,30,,,1,54,,96679,30,,,1,15,,96680,30,,,1,14,,96681,30,,,1,15,,96713,30,,,1,55,,96682,30,,,1,15,,96683,30,,,1,16,,96684,30,,,1,15,,96685,30,,,1,56,,96686,30,,,1,14,,96687,30,,,1,16,,96715,30,,,1,14,,96688,30,,,1,53,,96689,30,,,1,12,,96690,30,,,1,11,,96720,30,,,1,11,,96691,30,,,1,13,,96692,30,,,1,51,,96693,30,,,1,11,,96694,30,,,1,13,,96703,30,,,1,12,,96728,30,,,1,16,,96705,30,,,1,56,,96695,30,,,1,14,,96731,30,,,1,15,,96714,30,,,1,14,,96706,30,,,1,55,,96707,30,,,1,15,,96696,30,,,1,12,,96697,30,,,1,16,,96724,30,,,1,57,,96708,30,,,1,17,,96725,30,,,1,17,,96726,30,,,1,58,,96727,30,,,1,18,,96723,30,,,1,19,,96710,30,,,1,17,,96709,30,,,1,58,,96698,30,,,1,16,,96699,30,,,1,18,,96730,30,,,1,58,,96700,30,,,1,18,,96729,30,,,1,18,,96701,30,,,1,18,,96702,30,,,1,58,,96732,30,,,1
80401,'20260326',534,,96810,30,,,1,15,,96799,30,,,1,55,,96734,30,,,1,14,,96798,30,,,1,14,,96781,30,,,1,16,,96735,30,,,1,55,,96736,30,,,1,12,,96737,30,,,1,13,,96738,30,,,1,9,,96793,30,,,1,10,,96788,30,,,1,10,,96739,30,,,1,51,,96740,30,,,1,16,,96741,30,,,1,15,,96742,30,,,1,15,,96743,30,,,1,55,,96744,30,,,1,15,,96745,30,,,1,16,,96794,30,,,1,15,,96746,30,,,1,55,,96747,30,,,1,15,,96748,30,,,1,15,,96749,30,,,1,15,,96750,30,,,1,55,,96795,30,,,1,15,,96789,30,,,1,15,,96751,30,,,1,15,,96752,30,,,1,55,,96753,30,,,1,13,,96754,30,,,1,14,,96755,30,,,1,15,,96796,30,,,1,54,,96756,30,,,1,15,,96757,30,,,1,14,,96758,30,,,1,15,,96790,30,,,1,55,,96759,30,,,1,15,,96760,30,,,1,16,,96761,30,,,1,15,,96762,30,,,1,56,,96763,30,,,1,14,,96764,30,,,1,16,,96792,30,,,1,14,,96765,30,,,1,53,,96766,30,,,1,12,,96767,30,,,1,11,,96797,30,,,1,11,,96768,30,,,1,13,,96769,30,,,1,51,,96770,30,,,1,11,,96771,30,,,1,13,,96780,30,,,1,12,,96805,30,,,1,16,,96782,30,,,1,56,,96772,30,,,1,14,,96808,30,,,1,15,,96791,30,,,1,14,,96783,30,,,1,55,,96784,30,,,1,15,,96773,30,,,1,12,,96774,30,,,1,16,,96801,30,,,1,57,,96785,30,,,1,17,,96802,30,,,1,17,,96803,30,,,1,58,,96804,30,,,1,18,,96800,30,,,1,19,,96787,30,,,1,17,,96786,30,,,1,58,,96775,30,,,1,16,,96776,30,,,1,18,,96807,30,,,1,58,,96777,30,,,1,18,,96806,30,,,1,18,,96778,30,,,1,18,,96779,30,,,1,58,,96809,30,,,1
80401,'20260327',534,,96887,30,,,1,15,,96876,30,,,1,55,,96811,30,,,1,14,,96875,30,,,1,14,,96858,30,,,1,16,,96812,30,,,1,55,,96813,30,,,1,12,,96814,30,,,1,13,,96815,30,,,1,9,,96870,30,,,1,10,,96865,30,,,1,10,,96816,30,,,1,51,,96817,30,,,1,16,,96818,30,,,1,15,,96819,30,,,1,15,,96820,30,,,1,55,,96821,30,,,1,15,,96822,30,,,1,16,,96871,30,,,1,15,,96823,30,,,1,55,,96824,30,,,1,15,,96825,30,,,1,15,,96826,30,,,1,15,,96827,30,,,1,55,,96872,30,,,1,15,,96866,30,,,1,15,,96828,30,,,1,15,,96829,30,,,1,55,,96830,30,,,1,13,,96831,30,,,1,14,,96832,30,,,1,15,,96873,30,,,1,54,,96833,30,,,1,15,,96834,30,,,1,14,,96835,30,,,1,15,,96867,30,,,1,55,,96836,30,,,1,15,,96837,30,,,1,16,,96838,30,,,1,15,,96839,30,,,1,56,,96840,30,,,1,14,,96841,30,,,1,16,,96869,30,,,1,14,,96842,30,,,1,53,,96843,30,,,1,12,,96844,30,,,1,11,,96874,30,,,1,11,,96845,30,,,1,13,,96846,30,,,1,51,,96847,30,,,1,11,,96848,30,,,1,13,,96857,30,,,1,12,,96882,30,,,1,16,,96859,30,,,1,56,,96849,30,,,1,14,,96885,30,,,1,15,,96868,30,,,1,14,,96860,30,,,1,55,,96861,30,,,1,15,,96850,30,,,1,12,,96851,30,,,1,16,,96878,30,,,1,57,,96862,30,,,1,17,,96879,30,,,1,17,,96880,30,,,1,58,,96881,30,,,1,18,,96877,30,,,1,19,,96864,30,,,1,17,,96863,30,,,1,58,,96852,30,,,1,16,,96853,30,,,1,18,,96884,30,,,1,58,,96854,30,,,1,18,,96883,30,,,1,18,,96855,30,,,1,18,,96856,30,,,1,58,,96886,30,,,1
80401,'20260328',646,,96888,30,,,1,58,,96940,30,,,1,18,,96939,30,,,1,18,,96889,30,,,1,17,,96890,30,,,1,55,,96941,30,,,1,15,,96928,30,,,1,14,,96929,30,,,1,15,,96930,30,,,1,56,,96942,30,,,1,14,,96891,30,,,1,15,,96931,30,,,1,14,,96932,30,,,1,56,,96943,30,,,1,16,,96892,30,,,1,14,,96933,30,,,1,15,,96934,30,,,1,55,,96944,30,,,1,15,,96893,30,,,1,16,,96935,30,,,1,14,,96936,30,,,1,55,,96894,30,,,1,15,,96937,30,,,1,15,,96895,30,,,1,15,,96896,30,,,1,55,,96897,30,,,1,15,,96898,30,,,1,15,,96899,30,,,1,15,,96900,30,,,1,55,,96901,30,,,1,15,,96902,30,,,1,15,,96903,30,,,1,15,,96904,30,,,1,56,,96905,30,,,1,15,,96906,30,,,1,15,,96907,30,,,1,15,,96908,30,,,1,55,,96909,30,,,1,15,,96910,30,,,1,15,,96911,30,,,1,15,,96912,30,,,1,57,,96913,30,,,1,18,,96914,30,,,1,18,,96915,30,,,1,59,,96938,30,,,1,19,,96949,30,,,1,17,,96916,30,,,1,59,,96917,30,,,1,19,,96950,30,,,1,18,,96918,30,,,1,18,,96951,30,,,1,58,,96919,30,,,1,18,,96920,30,,,1,17,,96952,30,,,1,58,,96921,30,,,1,18,,96947,30,,,1,18,,96922,30,,,1,58,,96923,30,,,1,18,,96946,30,,,1,18,,96924,30,,,1,17,,96945,30,,,1,59,,96925,30,,,1,18,,96926,30,,,1,18,,96948,30,,,1,58,,96927,30,,,1
80401,'20260329',646,,96953,30,,,1,58,,96954,30,,,1,18,,97005,30,,,1,18,,97004,30,,,1,17,,96955,30,,,1,55,,97006,30,,,1,15,,96993,30,,,1,14,,96994,30,,,1,15,,96995,30,,,1,56,,97007,30,,,1,14,,96957,30,,,1,15,,96996,30,,,1,14,,96997,30,,,1,56,,97008,30,,,1,16,,96956,30,,,1,14,,96998,30,,,1,15,,96999,30,,,1,55,,97009,30,,,1,15,,96958,30,,,1,16,,97000,30,,,1,14,,97001,30,,,1,55,,96959,30,,,1,15,,97002,30,,,1,15,,96960,30,,,1,15,,96961,30,,,1,55,,96962,30,,,1,15,,96963,30,,,1,15,,96964,30,,,1,15,,96965,30,,,1,55,,96966,30,,,1,15,,96967,30,,,1,15,,96968,30,,,1,15,,96969,30,,,1,56,,96970,30,,,1,15,,96971,30,,,1,15,,96972,30,,,1,15,,96973,30,,,1,55,,96974,30,,,1,15,,96975,30,,,1,15,,96976,30,,,1,15,,96977,30,,,1,57,,96978,30,,,1,18,,96979,30,,,1,18,,96980,30,,,1,59,,96981,30,,,1,19,,97003,30,,,1,17,,97010,30,,,1,59,,96982,30,,,1,19,,96983,30,,,1,18,,97011,30,,,1,18,,96984,30,,,1,58,,97012,30,,,1,18,,96985,30,,,1,17,,96986,30,,,1,58,,97013,30,,,1,18,,96987,30,,,1,18,,97014,30,,,1,58,,96988,30,,,1,18,,96989,30,,,1,18,,97015,30,,,1,17,,96990,30,,,1,59,,97016,30,,,1,18,,96991,30,,,1,18,,97017,30,,,1,58,,96992,30,,,1
80401,'20260330',534,,97094,30,,,1,15,,97083,30,,,1,55,,97018,30,,,1,14,,97082,30,,,1,14,,97065,30,,,1,16,,97019,30,,,1,55,,97020,30,,,1,12,,97021,30,,,1,13,,97022,30,,,1,9,,97077,30,,,1,10,,97072,30,,,1,10,,97023,30,,,1,51,,97024,30,,,1,16,,97025,30,,,1,15,,97026,30,,,1,15,,97027,30,,,1,55,,97028,30,,,1,15,,97029,30,,,1,16,,97078,30,,,1,15,,97030,30,,,1,55,,97031,30,,,1,15,,97032,30,,,1,15,,97033,30,,,1,15,,97034,30,,,1,55,,97079,30,,,1,15,,97073,30,,,1,15,,97035,30,,,1,15,,97036,30,,,1,55,,97037,30,,,1,13,,97038,30,,,1,14,,97039,30,,,1,15,,97080,30,,,1,54,,97040,30,,,1,15,,97041,30,,,1,14,,97042,30,,,1,15,,97074,30,,,1,55,,97043,30,,,1,15,,97044,30,,,1,16,,97045,30,,,1,15,,97046,30,,,1,56,,97047,30,,,1,14,,97048,30,,,1,16,,97076,30,,,1,14,,97049,30,,,1,53,,97050,30,,,1,12,,97051,30,,,1,11,,97081,30,,,1,11,,97052,30,,,1,13,,97053,30,,,1,51,,97054,30,,,1,11,,97055,30,,,1,13,,97064,30,,,1,12,,97089,30,,,1,16,,97066,30,,,1,56,,97056,30,,,1,14,,97092,30,,,1,15,,97075,30,,,1,14,,97067,30,,,1,55,,97068,30,,,1,15,,97057,30,,,1,12,,97058,30,,,1,16,,97085,30,,,1,57,,97069,30,,,1,17,,97086,30,,,1,17,,97087,30,,,1,58,,97088,30,,,1,18,,97084,30,,,1,19,,97071,30,,,1,17,,97070,30,,,1,58,,97059,30,,,1,16,,97060,30,,,1,18,,97091,30,,,1,58,,97061,30,,,1,18,,97090,30,,,1,18,,97062,30,,,1,18,,97063,30,,,1,58,,97093,30,,,1
80401,'20260331',534,,97171,30,,,1,15,,97160,30,,,1,55,,97095,30,,,1,14,,97159,30,,,1,14,,97142,30,,,1,16,,97096,30,,,1,55,,97097,30,,,1,12,,97098,30,,,1,13,,97099,30,,,1,9,,97154,30,,,1,10,,97149,30,,,1,10,,97100,30,,,1,51,,97101,30,,,1,16,,97102,30,,,1,15,,97103,30,,,1,15,,97104,30,,,1,55,,97105,30,,,1,15,,97106,30,,,1,16,,97155,30,,,1,15,,97107,30,,,1,55,,97108,30,,,1,15,,97109,30,,,1,15,,97110,30,,,1,15,,97111,30,,,1,55,,97156,30,,,1,15,,97150,30,,,1,15,,97112,30,,,1,15,,97113,30,,,1,55,,97114,30,,,1,13,,97115,30,,,1,14,,97116,30,,,1,15,,97157,30,,,1,54,,97117,30,,,1,15,,97118,30,,,1,14,,97119,30,,,1,15,,97151,30,,,1,55,,97120,30,,,1,15,,97121,30,,,1,16,,97122,30,,,1,15,,97123,30,,,1,56,,97124,30,,,1,14,,97125,30,,,1,16,,97153,30,,,1,14,,97126,30,,,1,53,,97127,30,,,1,12,,97128,30,,,1,11,,97158,30,,,1,11,,97129,30,,,1,13,,97130,30,,,1,51,,97131,30,,,1,11,,97132,30,,,1,13,,97141,30,,,1,12,,97166,30,,,1,16,,97143,30,,,1,56,,97133,30,,,1,14,,97169,30,,,1,15,,97152,30,,,1,14,,97144,30,,,1,55,,97145,30,,,1,15,,97134,30,,,1,12,,97135,30,,,1,16,,97162,30,,,1,57,,97146,30,,,1,17,,97163,30,,,1,17,,97164,30,,,1,58,,97165,30,,,1,18,,97161,30,,,1,19,,97148,30,,,1,17,,97147,30,,,1,58,,97136,30,,,1,16,,97137,30,,,1,18,,97168,30,,,1,58,,97138,30,,,1,18,,97167,30,,,1,18,,97139,30,,,1,18,,97140,30,,,1,58,,97170,30,,,1
