9002,'20260413',654,,253227,39,,,0,68,,253228,39,,,0,34,,253229,39,,,0,76,,253230,39,,,0,20,,253226,26,,,0,2,,253231,39,,,0
9002,'20260414',654,,253233,39,,,0,68,,253234,39,,,0,34,,253235,39,,,0,76,,253236,39,,,0,20,,253232,26,,,0,2,,253237,39,,,0
9002,'20260415',654,,253239,39,,,0,68,,253240,39,,,0,34,,253241,39,,,0,76,,253242,39,,,0,20,,253238,26,,,0,2,,253243,39,,,0
9002,'20260416',654,,253245,39,,,0,68,,253246,39,,,0,34,,253247,39,,,0,76,,253248,39,,,0,20,,253244,26,,,0,2,,253249,39,,,0
9002,'20260417',654,,253251,39,,,0,68,,253252,39,,,0,34,,253253,39,,,0,76,,253254,39,,,0,20,,253250,26,,,0,2,,253255,39,,,0
9002,'20260420',654,,209103,39,,,0,68,,209104,39,,,0,34,,209107,39,,,0,76,,209105,39,,,0,20,,209108,26,,,0,2,,209106,39,,,0
9002,'20260421',654,,253256,39,,,0,68,,253257,39,,,0,34,,253260,39,,,0,76,,253258,39,,,0,20,,253261,26,,,0,2,,253259,39,,,0
9002,'20260422',654,,253262,39,,,0,68,,253263,39,,,0,34,,253266,39,,,0,76,,253264,39,,,0,20,,253267,26,,,0,2,,253265,39,,,0
9002,'20260423',654,,253268,39,,,0,68,,253269,39,,,0,34,,253272,39,,,0,76,,253270,39,,,0,20,,253273,26,,,0,2,,253271,39,,,0
9002,'20260424',654,,253274,39,,,0,68,,253275,39,,,0,34,,253278,39,,,0,76,,253276,39,,,0,20,,253279,26,,,0,2,,253277,39,,,0
9002,'20260427',654,,253280,39,,,0,68,,253281,39,,,0,34,,253284,39,,,0,76,,253282,39,,,0,20,,253285,26,,,0,2,,253283,39,,,0
9601,'20260413',630,,255542,46,,,0,95,,255543,46,,,0,82,,255544,46,,,0,25,,255545,46,,,0,98,,255546,46,,,0,99,,255547,46,,,0,101,,255548,46,,,0,100,,255549,46,,,0,101,,255550,46,,,0,100,,255551,46,,,0,101,,255552,46,,,0,99,,255553,46,,,0,104,,255554,46,,,0,97,,255555,46,,,0,98,,255556,46,,,0,99,,255557,46,,,0,100,,255558,46,,,0,100,,255559,46,,,0,100,,255560,46,,,0
9601,'20260414',630,,255561,46,,,0,95,,255562,46,,,0,82,,255563,46,,,0,25,,255564,46,,,0,98,,255565,46,,,0,99,,255566,46,,,0,101,,255567,46,,,0,100,,255568,46,,,0,101,,255569,46,,,0,100,,255570,46,,,0,101,,255571,46,,,0,99,,255572,46,,,0,104,,255573,46,,,0,97,,255574,46,,,0,98,,255575,46,,,0,99,,255576,46,,,0,100,,255577,46,,,0,100,,255578,46,,,0,100,,255579,46,,,0
9601,'20260415',630,,255580,46,,,0,95,,255581,46,,,0,82,,255582,46,,,0,25,,255583,46,,,0,98,,255584,46,,,0,99,,255585,46,,,0,101,,255586,46,,,0,100,,255587,46,,,0,101,,255588,46,,,0,100,,255589,46,,,0,101,,255590,46,,,0,99,,255591,46,,,0,104,,255592,46,,,0,97,,255593,46,,,0,98,,255594,46,,,0,99,,255595,46,,,0,100,,255596,46,,,0,100,,255597,46,,,0,100,,255598,46,,,0
9601,'20260416',630,,255599,46,,,0,95,,255600,46,,,0,82,,255601,46,,,0,25,,255602,46,,,0,98,,255603,46,,,0,99,,255604,46,,,0,101,,255605,46,,,0,100,,255606,46,,,0,101,,255607,46,,,0,100,,255608,46,,,0,101,,255609,46,,,0,99,,255610,46,,,0,104,,255611,46,,,0,97,,255612,46,,,0,98,,255613,46,,,0,99,,255614,46,,,0,100,,255615,46,,,0,100,,255616,46,,,0,100,,255617,46,,,0
9601,'20260417',630,,255618,46,,,0,95,,255619,46,,,0,82,,255620,46,,,0,25,,255621,46,,,0,98,,255622,46,,,0,99,,255623,46,,,0,101,,255624,46,,,0,100,,255625,46,,,0,101,,255626,46,,,0,100,,255627,46,,,0,101,,255628,46,,,0,99,,255629,46,,,0,104,,255630,46,,,0,97,,255631,46,,,0,98,,255632,46,,,0,99,,255633,46,,,0,100,,255634,46,,,0,100,,255635,46,,,0,100,,255636,46,,,0
9601,'20260418',758,,211277,46,,,0,100,,211278,46,,,0,100,,211279,46,,,0,100,,211280,46,,,0,147,,211281,46,,,0,95,,211282,46,,,0,56,,211283,46,,,0,144,,211284,46,,,0,103,,211285,46,,,0,97,,211286,46,,,0,105,,211287,46,,,0,54,,211288,46,,,0,99,,211289,46,,,0,101,,211290,46,,,0,99,,211291,46,,,0,100,,211292,46,,,0
9601,'20260419',758,,211293,46,,,0,100,,211294,46,,,0,100,,211295,46,,,0,100,,211296,46,,,0,147,,211297,46,,,0,95,,211298,46,,,0,56,,211299,46,,,0,144,,211300,46,,,0,103,,211301,46,,,0,97,,211302,46,,,0,105,,211303,46,,,0,54,,211304,46,,,0,99,,211305,46,,,0,101,,211306,46,,,0,99,,211307,46,,,0,100,,211308,46,,,0
9601,'20260420',630,,211309,46,,,0,95,,211310,46,,,0,82,,211311,46,,,0,25,,211312,46,,,0,98,,211327,46,,,0,99,,211313,46,,,0,101,,211314,46,,,0,100,,211315,46,,,0,101,,211316,46,,,0,100,,211317,46,,,0,101,,211318,46,,,0,99,,211319,46,,,0,104,,211320,46,,,0,97,,211321,46,,,0,98,,211322,46,,,0,99,,211323,46,,,0,100,,211324,46,,,0,100,,211325,46,,,0,100,,211326,46,,,0
9601,'20260421',630,,255637,46,,,0,95,,255638,46,,,0,82,,255639,46,,,0,25,,255640,46,,,0,98,,255655,46,,,0,99,,255641,46,,,0,101,,255642,46,,,0,100,,255643,46,,,0,101,,255644,46,,,0,100,,255645,46,,,0,101,,255646,46,,,0,99,,255647,46,,,0,104,,255648,46,,,0,97,,255649,46,,,0,98,,255650,46,,,0,99,,255651,46,,,0,100,,255652,46,,,0,100,,255653,46,,,0,100,,255654,46,,,0
9601,'20260422',630,,255656,46,,,0,95,,255657,46,,,0,82,,255658,46,,,0,25,,255659,46,,,0,98,,255674,46,,,0,99,,255660,46,,,0,101,,255661,46,,,0,100,,255662,46,,,0,101,,255663,46,,,0,100,,255664,46,,,0,101,,255665,46,,,0,99,,255666,46,,,0,104,,255667,46,,,0,97,,255668,46,,,0,98,,255669,46,,,0,99,,255670,46,,,0,100,,255671,46,,,0,100,,255672,46,,,0,100,,255673,46,,,0
9601,'20260423',630,,255675,46,,,0,95,,255676,46,,,0,82,,255677,46,,,0,25,,255678,46,,,0,98,,255693,46,,,0,99,,255679,46,,,0,101,,255680,46,,,0,100,,255681,46,,,0,101,,255682,46,,,0,100,,255683,46,,,0,101,,255684,46,,,0,99,,255685,46,,,0,104,,255686,46,,,0,97,,255687,46,,,0,98,,255688,46,,,0,99,,255689,46,,,0,100,,255690,46,,,0,100,,255691,46,,,0,100,,255692,46,,,0
9601,'20260424',630,,255694,46,,,0,95,,255695,46,,,0,82,,255696,46,,,0,25,,255697,46,,,0,98,,255712,46,,,0,99,,255698,46,,,0,101,,255699,46,,,0,100,,255700,46,,,0,101,,255701,46,,,0,100,,255702,46,,,0,101,,255703,46,,,0,99,,255704,46,,,0,104,,255705,46,,,0,97,,255706,46,,,0,98,,255707,46,,,0,99,,255708,46,,,0,100,,255709,46,,,0,100,,255710,46,,,0,100,,255711,46,,,0
9601,'20260425',758,,255713,46,,,0,100,,255714,46,,,0,100,,255715,46,,,0,100,,255716,46,,,0,147,,255717,46,,,0,95,,255718,46,,,0,56,,255719,46,,,0,144,,255720,46,,,0,103,,255721,46,,,0,97,,255722,46,,,0,105,,255723,46,,,0,54,,255724,46,,,0,99,,255725,46,,,0,101,,255726,46,,,0,99,,255727,46,,,0,100,,255728,46,,,0
9601,'20260426',758,,255729,46,,,0,100,,255730,46,,,0,100,,255731,46,,,0,100,,255732,46,,,0,147,,255733,46,,,0,95,,255734,46,,,0,56,,255735,46,,,0,144,,255736,46,,,0,103,,255737,46,,,0,97,,255738,46,,,0,105,,255739,46,,,0,54,,255740,46,,,0,99,,255741,46,,,0,101,,255742,46,,,0,99,,255743,46,,,0,100,,255744,46,,,0
9601,'20260427',630,,255745,46,,,0,95,,255746,46,,,0,82,,255747,46,,,0,25,,255748,46,,,0,98,,255763,46,,,0,99,,255749,46,,,0,101,,255750,46,,,0,100,,255751,46,,,0,101,,255752,46,,,0,100,,255753,46,,,0,101,,255754,46,,,0,99,,255755,46,,,0,104,,255756,46,,,0,97,,255757,46,,,0,98,,255758,46,,,0,99,,255759,46,,,0,100,,255760,46,,,0,100,,255761,46,,,0,100,,255762,46,,,0
63000,'20260413',1537,,261045,2,,,0,70,,261046,2,,,0,35,,261047,2,,,0
63000,'20260414',1537,,261048,2,,,0,70,,261049,2,,,0,35,,261050,2,,,0
63000,'20260415',1537,,261051,2,,,0,70,,261052,2,,,0,35,,261053,2,,,0
63000,'20260416',1537,,261054,2,,,0,70,,261055,2,,,0,35,,261056,2,,,0
63000,'20260417',1537,,261057,2,,,0,70,,261058,2,,,0,35,,261059,2,,,0
63000,'20260420',1537,,215564,2,,,0,70,,215565,2,,,0,35,,215566,2,,,0
63000,'20260421',1537,,261060,2,,,0,70,,261061,2,,,0,35,,261062,2,,,0
63000,'20260422',1537,,261063,2,,,0,70,,261064,2,,,0,35,,261065,2,,,0
63000,'20260423',1537,,261066,2,,,0,70,,261067,2,,,0,35,,261068,2,,,0
63000,'20260424',1537,,261069,2,,,0,70,,261070,2,,,0,35,,261071,2,,,0
63000,'20260427',1537,,261072,2,,,0,70,,261073,2,,,0,35,,261074,2,,,0
65000,'20260413',1551,,261105,2,,,0,70,,261106,2,,,0,30,,261107,2,,,0
65000,'20260414',1551,,261108,2,,,0,70,,261109,2,,,0,30,,261110,2,,,0
65000,'20260415',1551,,261111,2,,,0,70,,261112,2,,,0,30,,261113,2,,,0
65000,'20260416',1551,,261114,2,,,0,70,,261115,2,,,0,30,,261116,2,,,0
65000,'20260417',1551,,261117,2,,,0,70,,261118,2,,,0,30,,261119,2,,,0
65000,'20260420',1551,,215612,2,,,0,70,,215613,2,,,0,30,,215614,2,,,0
65000,'20260421',1551,,261120,2,,,0,70,,261121,2,,,0,30,,261122,2,,,0
65000,'20260422',1551,,261123,2,,,0,70,,261124,2,,,0,30,,261125,2,,,0
65000,'20260423',1551,,261126,2,,,0,70,,261127,2,,,0,30,,261128,2,,,0
65000,'20260424',1551,,261129,2,,,0,70,,261130,2,,,0,30,,261131,2,,,0
65000,'20260427',1551,,261132,2,,,0,70,,261133,2,,,0,30,,261134,2,,,0
80502,'20260413',507,,271786,2,,,0,15,,271787,2,,,0,14,,271788,2,,,0,9,,271789,2,,,0,8,,271790,2,,,0,5,,271791,2,,,0,48,,271792,2,,,0,7,,271793,2,,,0,5,,271794,2,,,0,8,,271795,2,,,0,6,,271796,2,,,0,4,,271797,2,,,0,5,,271798,2,,,0,6,,271799,2,,,0,5,,271800,2,,,0,4,,271801,2,,,0,45,,271802,2,,,0,4,,271803,2,,,0,5,,271804,2,,,0,5,,271805,2,,,0,5,,271806,2,,,0,4,,271807,2,,,0,5,,271808,2,,,0,6,,271809,2,,,0,6,,271810,2,,,0,7,,271811,2,,,0,7,,271812,2,,,0,48,,271813,2,,,0,7,,271814,2,,,0,9,,271815,2,,,0,9,,271816,2,,,0,9,,271817,2,,,0,9,,271818,2,,,0,7,,271819,2,,,0,49,,271820,2,,,0,11,,271821,2,,,0,13,,271822,2,,,0,14,,271823,2,,,0,14,,271824,2,,,0,53,,271825,2,,,0,9,,271826,2,,,0,9,,271827,2,,,0,9,,271828,2,,,0,9,,271829,2,,,0,9,,271830,2,,,0,7,,271831,2,,,0,47,,271832,2,,,0,7,,271833,2,,,0,8,,271834,2,,,0,9,,271835,2,,,0,9,,271836,2,,,0,8,,271837,2,,,0,7,,271838,2,,,0,48,,271839,2,,,0,8,,271840,2,,,0,8,,271841,2,,,0,8,,271842,2,,,0,8,,271843,2,,,0,9,,271844,2,,,0,8,,271845,2,,,0,8,,271846,2,,,0,47,,271847,2,,,0,6,,271848,2,,,0,6,,271849,2,,,0,6,,271850,2,,,0,6,,271851,2,,,0,6,,271852,2,,,0,5,,271853,2,,,0,8,,271854,2,,,0,5,,271855,2,,,0,46,,271856,2,,,0,6,,271857,2,,,0,6,,271858,2,,,0,6,,271859,2,,,0,6,,271860,2,,,0,6,,271861,2,,,0,5,,271862,2,,,0,6,,271863,2,,,0,4,,271864,2,,,0,6,,271865,2,,,0,4,,271866,2,,,0,4,,271867,2,,,0,45,,271868,2,,,0,3,,271869,2,,,0,4,,271870,2,,,0,4,,271871,2,,,0,4,,271872,2,,,0,4,,271873,2,,,0,4,,271874,2,,,0,4,,271875,2,,,0,3,,271876,2,,,0,5,,271877,2,,,0,5,,271878,2,,,0,4,,271879,2,,,0,5,,271880,2,,,0,4,,271881,2,,,0,45,,271882,2,,,0,6,,271883,2,,,0,4,,271884,2,,,0,5,,271885,2,,,0,5,,271886,2,,,0,5,,271887,2,,,0,5,,271888,2,,,0,5,,271889,2,,,0,5,,271890,2,,,0,7,,271891,2,,,0,5,,271892,2,,,0,4,,271893,2,,,0,45,,271894,2,,,0,5,,271895,2,,,0,6,,271896,2,,,0,5,,271897,2,,,0,6,,271898,2,,,0,6,,271899,2,,,0,5,,271900,2,,,0,5,,271901,2,,,0,7,,271902,2,,,0,9,,271903,2,,,0,49,,271904,2,,,0,8,,271905,2,,,0,8,,271906,2,,,0,10,,271907,2,,,0,7,,271908,2,,,0,9,,271909,2,,,0,7,,271910,2,,,0,48,,271911,2,,,0,7,,271912,2,,,0,9,,271913,2,,,0,8,,271914,2,,,0,8,,271915,2,,,0,9,,271916,2,,,0,8,,271917,2,,,0,50,,271918,2,,,0,10,,271919,2,,,0,11,,271920,2,,,0,10,,271921,2,,,0,10,,271922,2,,,0,11,,271923,2,,,0,51,,271924,2,,,0,13,,271925,2,,,0,12,,271926,2,,,0,12,,271927,2,,,0,14,,271928,2,,,0,57,,271929,2,,,0,15,,271930,2,,,0,15,,271931,2,,,0,15,,271932,2,,,0,55,,271933,2,,,0,15,,271934,2,,,0,15,,271935,2,,,0,15,,271936,2,,,0,55,,271937,2,,,0,15,,271938,2,,,0,15,,271939,2,,,0,15,,271940,2,,,0,55,,271941,2,,,0
80502,'20260414',507,,271945,2,,,0,15,,271946,2,,,0,14,,271947,2,,,0,9,,271948,2,,,0,8,,271949,2,,,0,5,,271950,2,,,0,48,,271951,2,,,0,7,,271952,2,,,0,5,,271953,2,,,0,8,,271954,2,,,0,6,,271955,2,,,0,4,,271956,2,,,0,5,,271957,2,,,0,6,,271958,2,,,0,5,,271959,2,,,0,4,,271960,2,,,0,45,,271961,2,,,0,4,,271962,2,,,0,5,,271963,2,,,0,5,,271964,2,,,0,5,,271965,2,,,0,4,,271966,2,,,0,5,,271967,2,,,0,6,,271968,2,,,0,6,,271969,2,,,0,7,,271970,2,,,0,7,,271971,2,,,0,48,,271972,2,,,0,7,,271973,2,,,0,9,,271974,2,,,0,9,,271975,2,,,0,9,,271976,2,,,0,9,,271977,2,,,0,7,,271978,2,,,0,49,,271979,2,,,0,11,,271980,2,,,0,13,,271981,2,,,0,14,,271982,2,,,0,14,,271983,2,,,0,53,,271984,2,,,0,9,,271985,2,,,0,9,,271986,2,,,0,9,,271987,2,,,0,9,,271988,2,,,0,9,,271989,2,,,0,7,,271990,2,,,0,47,,271991,2,,,0,7,,271992,2,,,0,8,,271993,2,,,0,9,,271994,2,,,0,9,,271995,2,,,0,8,,271996,2,,,0,7,,271997,2,,,0,48,,271998,2,,,0,8,,271999,2,,,0,8,,272000,2,,,0,8,,272001,2,,,0,8,,272002,2,,,0,9,,272003,2,,,0,8,,272004,2,,,0,8,,272005,2,,,0,47,,272006,2,,,0,6,,272007,2,,,0,6,,272008,2,,,0,6,,272009,2,,,0,6,,272010,2,,,0,6,,272011,2,,,0,5,,272012,2,,,0,8,,272013,2,,,0,5,,272014,2,,,0,46,,272015,2,,,0,6,,272016,2,,,0,6,,272017,2,,,0,6,,272018,2,,,0,6,,272019,2,,,0,6,,272020,2,,,0,5,,272021,2,,,0,6,,272022,2,,,0,4,,272023,2,,,0,6,,272024,2,,,0,4,,272025,2,,,0,4,,272026,2,,,0,45,,272027,2,,,0,3,,272028,2,,,0,4,,272029,2,,,0,4,,272030,2,,,0,4,,272031,2,,,0,4,,272032,2,,,0,4,,272033,2,,,0,4,,272034,2,,,0,3,,272035,2,,,0,5,,272036,2,,,0,5,,272037,2,,,0,4,,272038,2,,,0,5,,272039,2,,,0,4,,272040,2,,,0,45,,272041,2,,,0,6,,272042,2,,,0,4,,272043,2,,,0,5,,272044,2,,,0,5,,272045,2,,,0,5,,272046,2,,,0,5,,272047,2,,,0,5,,272048,2,,,0,5,,272049,2,,,0,7,,272050,2,,,0,5,,272051,2,,,0,4,,272052,2,,,0,45,,272053,2,,,0,5,,272054,2,,,0,6,,272055,2,,,0,5,,272056,2,,,0,6,,272057,2,,,0,6,,272058,2,,,0,5,,272059,2,,,0,5,,272060,2,,,0,7,,272061,2,,,0,9,,272062,2,,,0,49,,272063,2,,,0,8,,272064,2,,,0,8,,272065,2,,,0,10,,272066,2,,,0,7,,272067,2,,,0,9,,272068,2,,,0,7,,272069,2,,,0,48,,272070,2,,,0,7,,272071,2,,,0,9,,272072,2,,,0,8,,272073,2,,,0,8,,272074,2,,,0,9,,272075,2,,,0,8,,272076,2,,,0,50,,272077,2,,,0,10,,272078,2,,,0,11,,272079,2,,,0,10,,272080,2,,,0,10,,272081,2,,,0,11,,272082,2,,,0,51,,272083,2,,,0,13,,272084,2,,,0,12,,272085,2,,,0,12,,272086,2,,,0,14,,272087,2,,,0,57,,272088,2,,,0,15,,272089,2,,,0,15,,272090,2,,,0,15,,272091,2,,,0,55,,272092,2,,,0,15,,272093,2,,,0,15,,272094,2,,,0,15,,272095,2,,,0,55,,272096,2,,,0,15,,272097,2,,,0,15,,272098,2,,,0,15,,272099,2,,,0,55,,272100,2,,,0
80502,'20260415',507,,272104,2,,,0,15,,272105,2,,,0,14,,272106,2,,,0,9,,272107,2,,,0,8,,272108,2,,,0,5,,272109,2,,,0,48,,272110,2,,,0,7,,272111,2,,,0,5,,272112,2,,,0,8,,272113,2,,,0,6,,272114,2,,,0,4,,272115,2,,,0,5,,272116,2,,,0,6,,272117,2,,,0,5,,272118,2,,,0,4,,272119,2,,,0,45,,272120,2,,,0,4,,272121,2,,,0,5,,272122,2,,,0,5,,272123,2,,,0,5,,272124,2,,,0,4,,272125,2,,,0,5,,272126,2,,,0,6,,272127,2,,,0,6,,272128,2,,,0,7,,272129,2,,,0,7,,272130,2,,,0,48,,272131,2,,,0,7,,272132,2,,,0,9,,272133,2,,,0,9,,272134,2,,,0,9,,272135,2,,,0,9,,272136,2,,,0,7,,272137,2,,,0,49,,272138,2,,,0,11,,272139,2,,,0,13,,272140,2,,,0,14,,272141,2,,,0,14,,272142,2,,,0,53,,272143,2,,,0,9,,272144,2,,,0,9,,272145,2,,,0,9,,272146,2,,,0,9,,272147,2,,,0,9,,272148,2,,,0,7,,272149,2,,,0,47,,272150,2,,,0,7,,272151,2,,,0,8,,272152,2,,,0,9,,272153,2,,,0,9,,272154,2,,,0,8,,272155,2,,,0,7,,272156,2,,,0,48,,272157,2,,,0,8,,272158,2,,,0,8,,272159,2,,,0,8,,272160,2,,,0,8,,272161,2,,,0,9,,272162,2,,,0,8,,272163,2,,,0,8,,272164,2,,,0,47,,272165,2,,,0,6,,272166,2,,,0,6,,272167,2,,,0,6,,272168,2,,,0,6,,272169,2,,,0,6,,272170,2,,,0,5,,272171,2,,,0,8,,272172,2,,,0,5,,272173,2,,,0,46,,272174,2,,,0,6,,272175,2,,,0,6,,272176,2,,,0,6,,272177,2,,,0,6,,272178,2,,,0,6,,272179,2,,,0,5,,272180,2,,,0,6,,272181,2,,,0,4,,272182,2,,,0,6,,272183,2,,,0,4,,272184,2,,,0,4,,272185,2,,,0,45,,272186,2,,,0,3,,272187,2,,,0,4,,272188,2,,,0,4,,272189,2,,,0,4,,272190,2,,,0,4,,272191,2,,,0,4,,272192,2,,,0,4,,272193,2,,,0,3,,272194,2,,,0,5,,272195,2,,,0,5,,272196,2,,,0,4,,272197,2,,,0,5,,272198,2,,,0,4,,272199,2,,,0,45,,272200,2,,,0,6,,272201,2,,,0,4,,272202,2,,,0,5,,272203,2,,,0,5,,272204,2,,,0,5,,272205,2,,,0,5,,272206,2,,,0,5,,272207,2,,,0,5,,272208,2,,,0,7,,272209,2,,,0,5,,272210,2,,,0,4,,272211,2,,,0,45,,272212,2,,,0,5,,272213,2,,,0,6,,272214,2,,,0,5,,272215,2,,,0,6,,272216,2,,,0,6,,272217,2,,,0,5,,272218,2,,,0,5,,272219,2,,,0,7,,272220,2,,,0,9,,272221,2,,,0,49,,272222,2,,,0,8,,272223,2,,,0,8,,272224,2,,,0,10,,272225,2,,,0,7,,272226,2,,,0,9,,272227,2,,,0,7,,272228,2,,,0,48,,272229,2,,,0,7,,272230,2,,,0,9,,272231,2,,,0,8,,272232,2,,,0,8,,272233,2,,,0,9,,272234,2,,,0,8,,272235,2,,,0,50,,272236,2,,,0,10,,272237,2,,,0,11,,272238,2,,,0,10,,272239,2,,,0,10,,272240,2,,,0,11,,272241,2,,,0,51,,272242,2,,,0,13,,272243,2,,,0,12,,272244,2,,,0,12,,272245,2,,,0,14,,272246,2,,,0,57,,272247,2,,,0,15,,272248,2,,,0,15,,272249,2,,,0,15,,272250,2,,,0,55,,272251,2,,,0,15,,272252,2,,,0,15,,272253,2,,,0,15,,272254,2,,,0,55,,272255,2,,,0,15,,272256,2,,,0,15,,272257,2,,,0,15,,272258,2,,,0,55,,272259,2,,,0
80502,'20260416',507,,272263,2,,,0,15,,272264,2,,,0,14,,272265,2,,,0,9,,272266,2,,,0,8,,272267,2,,,0,5,,272268,2,,,0,48,,272269,2,,,0,7,,272270,2,,,0,5,,272271,2,,,0,8,,272272,2,,,0,6,,272273,2,,,0,4,,272274,2,,,0,5,,272275,2,,,0,6,,272276,2,,,0,5,,272277,2,,,0,4,,272278,2,,,0,45,,272279,2,,,0,4,,272280,2,,,0,5,,272281,2,,,0,5,,272282,2,,,0,5,,272283,2,,,0,4,,272284,2,,,0,5,,272285,2,,,0,6,,272286,2,,,0,6,,272287,2,,,0,7,,272288,2,,,0,7,,272289,2,,,0,48,,272290,2,,,0,7,,272291,2,,,0,9,,272292,2,,,0,9,,272293,2,,,0,9,,272294,2,,,0,9,,272295,2,,,0,7,,272296,2,,,0,49,,272297,2,,,0,11,,272298,2,,,0,13,,272299,2,,,0,14,,272300,2,,,0,14,,272301,2,,,0,53,,272302,2,,,0,9,,272303,2,,,0,9,,272304,2,,,0,9,,272305,2,,,0,9,,272306,2,,,0,9,,272307,2,,,0,7,,272308,2,,,0,47,,272309,2,,,0,7,,272310,2,,,0,8,,272311,2,,,0,9,,272312,2,,,0,9,,272313,2,,,0,8,,272314,2,,,0,7,,272315,2,,,0,48,,272316,2,,,0,8,,272317,2,,,0,8,,272318,2,,,0,8,,272319,2,,,0,8,,272320,2,,,0,9,,272321,2,,,0,8,,272322,2,,,0,8,,272323,2,,,0,47,,272324,2,,,0,6,,272325,2,,,0,6,,272326,2,,,0,6,,272327,2,,,0,6,,272328,2,,,0,6,,272329,2,,,0,5,,272330,2,,,0,8,,272331,2,,,0,5,,272332,2,,,0,46,,272333,2,,,0,6,,272334,2,,,0,6,,272335,2,,,0,6,,272336,2,,,0,6,,272337,2,,,0,6,,272338,2,,,0,5,,272339,2,,,0,6,,272340,2,,,0,4,,272341,2,,,0,6,,272342,2,,,0,4,,272343,2,,,0,4,,272344,2,,,0,45,,272345,2,,,0,3,,272346,2,,,0,4,,272347,2,,,0,4,,272348,2,,,0,4,,272349,2,,,0,4,,272350,2,,,0,4,,272351,2,,,0,4,,272352,2,,,0,3,,272353,2,,,0,5,,272354,2,,,0,5,,272355,2,,,0,4,,272356,2,,,0,5,,272357,2,,,0,4,,272358,2,,,0,45,,272359,2,,,0,6,,272360,2,,,0,4,,272361,2,,,0,5,,272362,2,,,0,5,,272363,2,,,0,5,,272364,2,,,0,5,,272365,2,,,0,5,,272366,2,,,0,5,,272367,2,,,0,7,,272368,2,,,0,5,,272369,2,,,0,4,,272370,2,,,0,45,,272371,2,,,0,5,,272372,2,,,0,6,,272373,2,,,0,5,,272374,2,,,0,6,,272375,2,,,0,6,,272376,2,,,0,5,,272377,2,,,0,5,,272378,2,,,0,7,,272379,2,,,0,9,,272380,2,,,0,49,,272381,2,,,0,8,,272382,2,,,0,8,,272383,2,,,0,10,,272384,2,,,0,7,,272385,2,,,0,9,,272386,2,,,0,7,,272387,2,,,0,48,,272388,2,,,0,7,,272389,2,,,0,9,,272390,2,,,0,8,,272391,2,,,0,8,,272392,2,,,0,9,,272393,2,,,0,8,,272394,2,,,0,50,,272395,2,,,0,10,,272396,2,,,0,11,,272397,2,,,0,10,,272398,2,,,0,10,,272399,2,,,0,11,,272400,2,,,0,51,,272401,2,,,0,13,,272402,2,,,0,12,,272403,2,,,0,12,,272404,2,,,0,14,,272405,2,,,0,57,,272406,2,,,0,15,,272407,2,,,0,15,,272408,2,,,0,15,,272409,2,,,0,55,,272410,2,,,0,15,,272411,2,,,0,15,,272412,2,,,0,15,,272413,2,,,0,55,,272414,2,,,0,15,,272415,2,,,0,15,,272416,2,,,0,15,,272417,2,,,0,55,,272418,2,,,0
80502,'20260417',507,,272422,2,,,0,15,,272423,2,,,0,14,,272424,2,,,0,9,,272425,2,,,0,8,,272426,2,,,0,5,,272427,2,,,0,48,,272428,2,,,0,7,,272429,2,,,0,5,,272430,2,,,0,8,,272431,2,,,0,6,,272432,2,,,0,4,,272433,2,,,0,5,,272434,2,,,0,6,,272435,2,,,0,5,,272436,2,,,0,4,,272437,2,,,0,45,,272438,2,,,0,4,,272439,2,,,0,5,,272440,2,,,0,5,,272441,2,,,0,5,,272442,2,,,0,4,,272443,2,,,0,5,,272444,2,,,0,6,,272445,2,,,0,6,,272446,2,,,0,7,,272447,2,,,0,7,,272448,2,,,0,48,,272449,2,,,0,7,,272450,2,,,0,9,,272451,2,,,0,9,,272452,2,,,0,9,,272453,2,,,0,9,,272454,2,,,0,7,,272455,2,,,0,49,,272456,2,,,0,11,,272457,2,,,0,13,,272458,2,,,0,14,,272459,2,,,0,14,,272460,2,,,0,53,,272461,2,,,0,9,,272462,2,,,0,9,,272463,2,,,0,9,,272464,2,,,0,9,,272465,2,,,0,9,,272466,2,,,0,7,,272467,2,,,0,47,,272468,2,,,0,7,,272469,2,,,0,8,,272470,2,,,0,9,,272471,2,,,0,9,,272472,2,,,0,8,,272473,2,,,0,7,,272474,2,,,0,48,,272475,2,,,0,8,,272476,2,,,0,8,,272477,2,,,0,8,,272478,2,,,0,8,,272479,2,,,0,9,,272480,2,,,0,8,,272481,2,,,0,8,,272482,2,,,0,47,,272483,2,,,0,6,,272484,2,,,0,6,,272485,2,,,0,6,,272486,2,,,0,6,,272487,2,,,0,6,,272488,2,,,0,5,,272489,2,,,0,8,,272490,2,,,0,5,,272491,2,,,0,46,,272492,2,,,0,6,,272493,2,,,0,6,,272494,2,,,0,6,,272495,2,,,0,6,,272496,2,,,0,6,,272497,2,,,0,5,,272498,2,,,0,6,,272499,2,,,0,4,,272500,2,,,0,6,,272501,2,,,0,4,,272502,2,,,0,4,,272503,2,,,0,45,,272504,2,,,0,3,,272505,2,,,0,4,,272506,2,,,0,4,,272507,2,,,0,4,,272508,2,,,0,4,,272509,2,,,0,4,,272510,2,,,0,4,,272511,2,,,0,3,,272512,2,,,0,5,,272513,2,,,0,5,,272514,2,,,0,4,,272515,2,,,0,5,,272516,2,,,0,4,,272517,2,,,0,45,,272518,2,,,0,6,,272519,2,,,0,4,,272520,2,,,0,5,,272521,2,,,0,5,,272522,2,,,0,5,,272523,2,,,0,5,,272524,2,,,0,5,,272525,2,,,0,5,,272526,2,,,0,7,,272527,2,,,0,5,,272528,2,,,0,4,,272529,2,,,0,45,,272530,2,,,0,5,,272531,2,,,0,6,,272532,2,,,0,5,,272533,2,,,0,6,,272534,2,,,0,6,,272535,2,,,0,5,,272536,2,,,0,5,,272537,2,,,0,7,,272538,2,,,0,9,,272539,2,,,0,49,,272540,2,,,0,8,,272541,2,,,0,8,,272542,2,,,0,10,,272543,2,,,0,7,,272544,2,,,0,9,,272545,2,,,0,7,,272546,2,,,0,48,,272547,2,,,0,7,,272548,2,,,0,9,,272549,2,,,0,8,,272550,2,,,0,8,,272551,2,,,0,9,,272552,2,,,0,8,,272553,2,,,0,50,,272554,2,,,0,10,,272555,2,,,0,11,,272556,2,,,0,10,,272557,2,,,0,10,,272558,2,,,0,11,,272559,2,,,0,51,,272560,2,,,0,13,,272561,2,,,0,12,,272562,2,,,0,12,,272563,2,,,0,14,,272564,2,,,0,57,,272565,2,,,0,15,,272566,2,,,0,15,,272567,2,,,0,15,,272568,2,,,0,55,,272569,2,,,0,15,,272570,2,,,0,15,,272571,2,,,0,15,,272572,2,,,0,55,,272573,2,,,0,15,,272574,2,,,0,15,,272575,2,,,0,15,,272576,2,,,0,55,,272577,2,,,0
80502,'20260418',543,,226394,2,,,0,15,,226395,2,,,0,55,,226498,2,,,0,15,,226396,2,,,0,15,,226397,2,,,0,14,,226398,2,,,0,54,,226499,2,,,0,15,,226399,2,,,0,15,,226400,2,,,0,15,,226401,2,,,0,55,,226402,2,,,0,14,,226500,2,,,0,13,,226403,2,,,0,10,,226404,2,,,0,10,,226405,2,,,0,50,,226406,2,,,0,10,,226407,2,,,0,10,,226408,2,,,0,9,,226409,2,,,0,10,,226410,2,,,0,10,,226411,2,,,0,50,,226412,2,,,0,10,,226413,2,,,0,10,,226414,2,,,0,10,,226415,2,,,0,9,,226416,2,,,0,8,,226417,2,,,0,48,,226418,2,,,0,8,,226419,2,,,0,8,,226420,2,,,0,7,,226421,2,,,0,8,,226422,2,,,0,8,,226423,2,,,0,8,,226424,2,,,0,8,,226425,2,,,0,48,,226426,2,,,0,8,,226427,2,,,0,8,,226428,2,,,0,8,,226429,2,,,0,8,,226430,2,,,0,7,,226431,2,,,0,7,,226432,2,,,0,8,,226433,2,,,0,48,,226434,2,,,0,8,,226435,2,,,0,8,,226436,2,,,0,8,,226437,2,,,0,8,,226438,2,,,0,8,,226439,2,,,0,8,,226440,2,,,0,48,,226441,2,,,0,8,,226442,2,,,0,8,,226443,2,,,0,8,,226444,2,,,0,8,,226445,2,,,0,8,,226446,2,,,0,8,,226447,2,,,0,8,,226448,2,,,0,48,,226449,2,,,0,8,,226450,2,,,0,8,,226451,2,,,0,8,,226452,2,,,0,8,,226453,2,,,0,9,,226454,2,,,0,7,,226455,2,,,0,48,,226456,2,,,0,9,,226457,2,,,0,8,,226458,2,,,0,8,,226459,2,,,0,8,,226460,2,,,0,8,,226461,2,,,0,8,,226462,2,,,0,48,,226463,2,,,0,8,,226464,2,,,0,8,,226465,2,,,0,10,,226466,2,,,0,10,,226467,2,,,0,10,,226468,2,,,0,11,,226469,2,,,0,50,,226470,2,,,0,10,,226471,2,,,0,11,,226472,2,,,0,10,,226473,2,,,0,12,,226474,2,,,0,54,,226475,2,,,0,15,,226476,2,,,0,15,,226477,2,,,0,15,,226478,2,,,0,55,,226479,2,,,0,15,,226480,2,,,0,15,,226481,2,,,0,15,,226482,2,,,0,55,,226483,2,,,0,15,,226484,2,,,0,15,,226501,2,,,0,15,,226485,2,,,0,56,,226486,2,,,0,15,,226487,2,,,0,15,,226488,2,,,0,15,,226489,2,,,0,55,,226490,2,,,0,15,,226491,2,,,0,15,,226492,2,,,0,15,,226493,2,,,0,55,,226494,2,,,0,15,,226497,2,,,0,15,,226495,2,,,0,15,,226496,2,,,0
80502,'20260419',543,,226603,2,,,0,15,,226602,2,,,0,55,,226604,2,,,0,15,,226601,2,,,0,15,,226600,2,,,0,14,,226596,2,,,0,54,,226595,2,,,0,15,,226599,2,,,0,15,,226598,2,,,0,15,,226597,2,,,0,55,,226593,2,,,0,14,,226577,2,,,0,13,,226582,2,,,0,10,,226584,2,,,0,10,,226583,2,,,0,50,,226574,2,,,0,10,,226573,2,,,0,10,,226571,2,,,0,9,,226587,2,,,0,10,,226586,2,,,0,10,,226588,2,,,0,50,,226570,2,,,0,10,,226576,2,,,0,10,,226594,2,,,0,10,,226581,2,,,0,9,,226572,2,,,0,8,,226580,2,,,0,48,,226575,2,,,0,8,,226589,2,,,0,8,,226585,2,,,0,7,,226592,2,,,0,8,,226578,2,,,0,8,,226591,2,,,0,8,,226579,2,,,0,8,,226590,2,,,0,48,,226559,2,,,0,8,,226556,2,,,0,8,,226544,2,,,0,8,,226547,2,,,0,8,,226569,2,,,0,7,,226558,2,,,0,7,,226562,2,,,0,8,,226566,2,,,0,48,,226555,2,,,0,8,,226553,2,,,0,8,,226565,2,,,0,8,,226561,2,,,0,8,,226550,2,,,0,8,,226548,2,,,0,8,,226557,2,,,0,48,,226554,2,,,0,8,,226568,2,,,0,8,,226549,2,,,0,8,,226567,2,,,0,8,,226546,2,,,0,8,,226552,2,,,0,8,,226551,2,,,0,8,,226545,2,,,0,48,,226560,2,,,0,8,,226564,2,,,0,8,,226563,2,,,0,8,,226539,2,,,0,8,,226529,2,,,0,9,,226534,2,,,0,7,,226540,2,,,0,48,,226528,2,,,0,9,,226530,2,,,0,8,,226527,2,,,0,8,,226526,2,,,0,8,,226525,2,,,0,8,,226543,2,,,0,8,,226542,2,,,0,48,,226541,2,,,0,8,,226538,2,,,0,8,,226537,2,,,0,10,,226535,2,,,0,10,,226536,2,,,0,10,,226533,2,,,0,11,,226532,2,,,0,50,,226531,2,,,0,10,,226522,2,,,0,11,,226608,2,,,0,10,,226524,2,,,0,12,,226519,2,,,0,54,,226514,2,,,0,15,,226523,2,,,0,15,,226513,2,,,0,15,,226520,2,,,0,55,,226521,2,,,0,15,,226517,2,,,0,15,,226515,2,,,0,15,,226516,2,,,0,55,,226518,2,,,0,15,,226512,2,,,0,15,,226511,2,,,0,15,,226510,2,,,0,56,,226506,2,,,0,15,,226503,2,,,0,15,,226607,2,,,0,15,,226504,2,,,0,55,,226502,2,,,0,15,,226509,2,,,0,15,,226505,2,,,0,15,,226508,2,,,0,55,,226507,2,,,0,15,,226605,2,,,0,15,,226606,2,,,0,15,,226609,2,,,0
80502,'20260420',522,,226610,2,,,0,14,,226611,2,,,0,9,,226612,2,,,0,8,,226613,2,,,0,5,,226614,2,,,0,48,,226615,2,,,0,7,,226616,2,,,0,5,,226617,2,,,0,8,,226618,2,,,0,6,,226619,2,,,0,4,,226620,2,,,0,5,,226621,2,,,0,6,,226622,2,,,0,5,,226623,2,,,0,4,,226624,2,,,0,45,,226625,2,,,0,4,,226626,2,,,0,5,,226627,2,,,0,5,,226628,2,,,0,5,,226629,2,,,0,4,,226630,2,,,0,5,,226631,2,,,0,6,,226632,2,,,0,6,,226633,2,,,0,7,,226634,2,,,0,7,,226635,2,,,0,48,,226636,2,,,0,7,,226637,2,,,0,9,,226638,2,,,0,9,,226639,2,,,0,9,,226640,2,,,0,9,,226641,2,,,0,7,,226642,2,,,0,49,,226643,2,,,0,11,,226644,2,,,0,13,,226645,2,,,0,14,,226646,2,,,0,14,,226647,2,,,0,53,,226648,2,,,0,9,,226649,2,,,0,9,,226650,2,,,0,9,,226651,2,,,0,9,,226652,2,,,0,9,,226653,2,,,0,7,,226654,2,,,0,47,,226655,2,,,0,7,,226656,2,,,0,8,,226657,2,,,0,9,,226658,2,,,0,9,,226659,2,,,0,8,,226660,2,,,0,7,,226661,2,,,0,48,,226662,2,,,0,8,,226663,2,,,0,8,,226664,2,,,0,8,,226665,2,,,0,8,,226666,2,,,0,9,,226667,2,,,0,8,,226668,2,,,0,8,,226669,2,,,0,47,,226670,2,,,0,6,,226671,2,,,0,6,,226672,2,,,0,6,,226673,2,,,0,6,,226674,2,,,0,6,,226675,2,,,0,5,,226676,2,,,0,8,,226677,2,,,0,5,,226678,2,,,0,46,,226679,2,,,0,6,,226680,2,,,0,6,,226681,2,,,0,6,,226682,2,,,0,6,,226683,2,,,0,6,,226684,2,,,0,5,,226685,2,,,0,6,,226686,2,,,0,4,,226687,2,,,0,6,,226688,2,,,0,4,,226689,2,,,0,4,,226690,2,,,0,45,,226759,2,,,0,3,,226691,2,,,0,4,,226692,2,,,0,4,,226693,2,,,0,4,,226694,2,,,0,4,,226695,2,,,0,4,,226696,2,,,0,4,,226699,2,,,0,3,,226697,2,,,0,5,,226763,2,,,0,5,,226698,2,,,0,4,,226700,2,,,0,5,,226701,2,,,0,4,,226702,2,,,0,45,,226703,2,,,0,6,,226704,2,,,0,4,,226705,2,,,0,5,,226706,2,,,0,5,,226707,2,,,0,5,,226708,2,,,0,5,,226709,2,,,0,5,,226710,2,,,0,5,,226711,2,,,0,7,,226712,2,,,0,5,,226713,2,,,0,4,,226714,2,,,0,45,,226715,2,,,0,5,,226716,2,,,0,6,,226717,2,,,0,5,,226718,2,,,0,6,,226719,2,,,0,6,,226720,2,,,0,5,,226721,2,,,0,5,,226722,2,,,0,7,,226723,2,,,0,9,,226724,2,,,0,49,,226725,2,,,0,8,,226726,2,,,0,8,,226727,2,,,0,10,,226728,2,,,0,7,,226729,2,,,0,9,,226730,2,,,0,7,,226731,2,,,0,48,,226732,2,,,0,7,,226733,2,,,0,9,,226734,2,,,0,8,,226735,2,,,0,8,,226736,2,,,0,9,,226737,2,,,0,8,,226738,2,,,0,50,,226739,2,,,0,10,,226740,2,,,0,11,,226741,2,,,0,10,,226742,2,,,0,10,,226743,2,,,0,11,,226744,2,,,0,51,,226745,2,,,0,13,,226746,2,,,0,12,,226747,2,,,0,12,,226748,2,,,0,14,,226749,2,,,0,57,,226750,2,,,0,15,,226751,2,,,0,15,,226752,2,,,0,15,,226753,2,,,0,55,,226762,2,,,0,15,,226754,2,,,0,15,,226755,2,,,0,15,,226760,2,,,0,55,,226756,2,,,0,15,,226757,2,,,0,15,,226758,2,,,0,15,,226761,2,,,0,55,,226764,2,,,0
80502,'20260421',522,,272578,2,,,0,14,,272579,2,,,0,9,,272580,2,,,0,8,,272581,2,,,0,5,,272582,2,,,0,48,,272583,2,,,0,7,,272584,2,,,0,5,,272585,2,,,0,8,,272586,2,,,0,6,,272587,2,,,0,4,,272588,2,,,0,5,,272589,2,,,0,6,,272590,2,,,0,5,,272591,2,,,0,4,,272592,2,,,0,45,,272593,2,,,0,4,,272594,2,,,0,5,,272595,2,,,0,5,,272596,2,,,0,5,,272597,2,,,0,4,,272598,2,,,0,5,,272599,2,,,0,6,,272600,2,,,0,6,,272601,2,,,0,7,,272602,2,,,0,7,,272603,2,,,0,48,,272604,2,,,0,7,,272605,2,,,0,9,,272606,2,,,0,9,,272607,2,,,0,9,,272608,2,,,0,9,,272609,2,,,0,7,,272610,2,,,0,49,,272611,2,,,0,11,,272612,2,,,0,13,,272613,2,,,0,14,,272614,2,,,0,14,,272615,2,,,0,53,,272616,2,,,0,9,,272617,2,,,0,9,,272618,2,,,0,9,,272619,2,,,0,9,,272620,2,,,0,9,,272621,2,,,0,7,,272622,2,,,0,47,,272623,2,,,0,7,,272624,2,,,0,8,,272625,2,,,0,9,,272626,2,,,0,9,,272627,2,,,0,8,,272628,2,,,0,7,,272629,2,,,0,48,,272630,2,,,0,8,,272631,2,,,0,8,,272632,2,,,0,8,,272633,2,,,0,8,,272634,2,,,0,9,,272635,2,,,0,8,,272636,2,,,0,8,,272637,2,,,0,47,,272638,2,,,0,6,,272639,2,,,0,6,,272640,2,,,0,6,,272641,2,,,0,6,,272642,2,,,0,6,,272643,2,,,0,5,,272644,2,,,0,8,,272645,2,,,0,5,,272646,2,,,0,46,,272647,2,,,0,6,,272648,2,,,0,6,,272649,2,,,0,6,,272650,2,,,0,6,,272651,2,,,0,6,,272652,2,,,0,5,,272653,2,,,0,6,,272654,2,,,0,4,,272655,2,,,0,6,,272656,2,,,0,4,,272657,2,,,0,4,,272658,2,,,0,45,,272727,2,,,0,3,,272659,2,,,0,4,,272660,2,,,0,4,,272661,2,,,0,4,,272662,2,,,0,4,,272663,2,,,0,4,,272664,2,,,0,4,,272667,2,,,0,3,,272665,2,,,0,5,,272731,2,,,0,5,,272666,2,,,0,4,,272668,2,,,0,5,,272669,2,,,0,4,,272670,2,,,0,45,,272671,2,,,0,6,,272672,2,,,0,4,,272673,2,,,0,5,,272674,2,,,0,5,,272675,2,,,0,5,,272676,2,,,0,5,,272677,2,,,0,5,,272678,2,,,0,5,,272679,2,,,0,7,,272680,2,,,0,5,,272681,2,,,0,4,,272682,2,,,0,45,,272683,2,,,0,5,,272684,2,,,0,6,,272685,2,,,0,5,,272686,2,,,0,6,,272687,2,,,0,6,,272688,2,,,0,5,,272689,2,,,0,5,,272690,2,,,0,7,,272691,2,,,0,9,,272692,2,,,0,49,,272693,2,,,0,8,,272694,2,,,0,8,,272695,2,,,0,10,,272696,2,,,0,7,,272697,2,,,0,9,,272698,2,,,0,7,,272699,2,,,0,48,,272700,2,,,0,7,,272701,2,,,0,9,,272702,2,,,0,8,,272703,2,,,0,8,,272704,2,,,0,9,,272705,2,,,0,8,,272706,2,,,0,50,,272707,2,,,0,10,,272708,2,,,0,11,,272709,2,,,0,10,,272710,2,,,0,10,,272711,2,,,0,11,,272712,2,,,0,51,,272713,2,,,0,13,,272714,2,,,0,12,,272715,2,,,0,12,,272716,2,,,0,14,,272717,2,,,0,57,,272718,2,,,0,15,,272719,2,,,0,15,,272720,2,,,0,15,,272721,2,,,0,55,,272730,2,,,0,15,,272722,2,,,0,15,,272723,2,,,0,15,,272728,2,,,0,55,,272724,2,,,0,15,,272725,2,,,0,15,,272726,2,,,0,15,,272729,2,,,0,55,,272732,2,,,0
80502,'20260422',522,,272733,2,,,0,14,,272734,2,,,0,9,,272735,2,,,0,8,,272736,2,,,0,5,,272737,2,,,0,48,,272738,2,,,0,7,,272739,2,,,0,5,,272740,2,,,0,8,,272741,2,,,0,6,,272742,2,,,0,4,,272743,2,,,0,5,,272744,2,,,0,6,,272745,2,,,0,5,,272746,2,,,0,4,,272747,2,,,0,45,,272748,2,,,0,4,,272749,2,,,0,5,,272750,2,,,0,5,,272751,2,,,0,5,,272752,2,,,0,4,,272753,2,,,0,5,,272754,2,,,0,6,,272755,2,,,0,6,,272756,2,,,0,7,,272757,2,,,0,7,,272758,2,,,0,48,,272759,2,,,0,7,,272760,2,,,0,9,,272761,2,,,0,9,,272762,2,,,0,9,,272763,2,,,0,9,,272764,2,,,0,7,,272765,2,,,0,49,,272766,2,,,0,11,,272767,2,,,0,13,,272768,2,,,0,14,,272769,2,,,0,14,,272770,2,,,0,53,,272771,2,,,0,9,,272772,2,,,0,9,,272773,2,,,0,9,,272774,2,,,0,9,,272775,2,,,0,9,,272776,2,,,0,7,,272777,2,,,0,47,,272778,2,,,0,7,,272779,2,,,0,8,,272780,2,,,0,9,,272781,2,,,0,9,,272782,2,,,0,8,,272783,2,,,0,7,,272784,2,,,0,48,,272785,2,,,0,8,,272786,2,,,0,8,,272787,2,,,0,8,,272788,2,,,0,8,,272789,2,,,0,9,,272790,2,,,0,8,,272791,2,,,0,8,,272792,2,,,0,47,,272793,2,,,0,6,,272794,2,,,0,6,,272795,2,,,0,6,,272796,2,,,0,6,,272797,2,,,0,6,,272798,2,,,0,5,,272799,2,,,0,8,,272800,2,,,0,5,,272801,2,,,0,46,,272802,2,,,0,6,,272803,2,,,0,6,,272804,2,,,0,6,,272805,2,,,0,6,,272806,2,,,0,6,,272807,2,,,0,5,,272808,2,,,0,6,,272809,2,,,0,4,,272810,2,,,0,6,,272811,2,,,0,4,,272812,2,,,0,4,,272813,2,,,0,45,,272882,2,,,0,3,,272814,2,,,0,4,,272815,2,,,0,4,,272816,2,,,0,4,,272817,2,,,0,4,,272818,2,,,0,4,,272819,2,,,0,4,,272822,2,,,0,3,,272820,2,,,0,5,,272886,2,,,0,5,,272821,2,,,0,4,,272823,2,,,0,5,,272824,2,,,0,4,,272825,2,,,0,45,,272826,2,,,0,6,,272827,2,,,0,4,,272828,2,,,0,5,,272829,2,,,0,5,,272830,2,,,0,5,,272831,2,,,0,5,,272832,2,,,0,5,,272833,2,,,0,5,,272834,2,,,0,7,,272835,2,,,0,5,,272836,2,,,0,4,,272837,2,,,0,45,,272838,2,,,0,5,,272839,2,,,0,6,,272840,2,,,0,5,,272841,2,,,0,6,,272842,2,,,0,6,,272843,2,,,0,5,,272844,2,,,0,5,,272845,2,,,0,7,,272846,2,,,0,9,,272847,2,,,0,49,,272848,2,,,0,8,,272849,2,,,0,8,,272850,2,,,0,10,,272851,2,,,0,7,,272852,2,,,0,9,,272853,2,,,0,7,,272854,2,,,0,48,,272855,2,,,0,7,,272856,2,,,0,9,,272857,2,,,0,8,,272858,2,,,0,8,,272859,2,,,0,9,,272860,2,,,0,8,,272861,2,,,0,50,,272862,2,,,0,10,,272863,2,,,0,11,,272864,2,,,0,10,,272865,2,,,0,10,,272866,2,,,0,11,,272867,2,,,0,51,,272868,2,,,0,13,,272869,2,,,0,12,,272870,2,,,0,12,,272871,2,,,0,14,,272872,2,,,0,57,,272873,2,,,0,15,,272874,2,,,0,15,,272875,2,,,0,15,,272876,2,,,0,55,,272885,2,,,0,15,,272877,2,,,0,15,,272878,2,,,0,15,,272883,2,,,0,55,,272879,2,,,0,15,,272880,2,,,0,15,,272881,2,,,0,15,,272884,2,,,0,55,,272887,2,,,0
80502,'20260423',522,,272888,2,,,0,14,,272889,2,,,0,9,,272890,2,,,0,8,,272891,2,,,0,5,,272892,2,,,0,48,,272893,2,,,0,7,,272894,2,,,0,5,,272895,2,,,0,8,,272896,2,,,0,6,,272897,2,,,0,4,,272898,2,,,0,5,,272899,2,,,0,6,,272900,2,,,0,5,,272901,2,,,0,4,,272902,2,,,0,45,,272903,2,,,0,4,,272904,2,,,0,5,,272905,2,,,0,5,,272906,2,,,0,5,,272907,2,,,0,4,,272908,2,,,0,5,,272909,2,,,0,6,,272910,2,,,0,6,,272911,2,,,0,7,,272912,2,,,0,7,,272913,2,,,0,48,,272914,2,,,0,7,,272915,2,,,0,9,,272916,2,,,0,9,,272917,2,,,0,9,,272918,2,,,0,9,,272919,2,,,0,7,,272920,2,,,0,49,,272921,2,,,0,11,,272922,2,,,0,13,,272923,2,,,0,14,,272924,2,,,0,14,,272925,2,,,0,53,,272926,2,,,0,9,,272927,2,,,0,9,,272928,2,,,0,9,,272929,2,,,0,9,,272930,2,,,0,9,,272931,2,,,0,7,,272932,2,,,0,47,,272933,2,,,0,7,,272934,2,,,0,8,,272935,2,,,0,9,,272936,2,,,0,9,,272937,2,,,0,8,,272938,2,,,0,7,,272939,2,,,0,48,,272940,2,,,0,8,,272941,2,,,0,8,,272942,2,,,0,8,,272943,2,,,0,8,,272944,2,,,0,9,,272945,2,,,0,8,,272946,2,,,0,8,,272947,2,,,0,47,,272948,2,,,0,6,,272949,2,,,0,6,,272950,2,,,0,6,,272951,2,,,0,6,,272952,2,,,0,6,,272953,2,,,0,5,,272954,2,,,0,8,,272955,2,,,0,5,,272956,2,,,0,46,,272957,2,,,0,6,,272958,2,,,0,6,,272959,2,,,0,6,,272960,2,,,0,6,,272961,2,,,0,6,,272962,2,,,0,5,,272963,2,,,0,6,,272964,2,,,0,4,,272965,2,,,0,6,,272966,2,,,0,4,,272967,2,,,0,4,,272968,2,,,0,45,,273037,2,,,0,3,,272969,2,,,0,4,,272970,2,,,0,4,,272971,2,,,0,4,,272972,2,,,0,4,,272973,2,,,0,4,,272974,2,,,0,4,,272977,2,,,0,3,,272975,2,,,0,5,,273041,2,,,0,5,,272976,2,,,0,4,,272978,2,,,0,5,,272979,2,,,0,4,,272980,2,,,0,45,,272981,2,,,0,6,,272982,2,,,0,4,,272983,2,,,0,5,,272984,2,,,0,5,,272985,2,,,0,5,,272986,2,,,0,5,,272987,2,,,0,5,,272988,2,,,0,5,,272989,2,,,0,7,,272990,2,,,0,5,,272991,2,,,0,4,,272992,2,,,0,45,,272993,2,,,0,5,,272994,2,,,0,6,,272995,2,,,0,5,,272996,2,,,0,6,,272997,2,,,0,6,,272998,2,,,0,5,,272999,2,,,0,5,,273000,2,,,0,7,,273001,2,,,0,9,,273002,2,,,0,49,,273003,2,,,0,8,,273004,2,,,0,8,,273005,2,,,0,10,,273006,2,,,0,7,,273007,2,,,0,9,,273008,2,,,0,7,,273009,2,,,0,48,,273010,2,,,0,7,,273011,2,,,0,9,,273012,2,,,0,8,,273013,2,,,0,8,,273014,2,,,0,9,,273015,2,,,0,8,,273016,2,,,0,50,,273017,2,,,0,10,,273018,2,,,0,11,,273019,2,,,0,10,,273020,2,,,0,10,,273021,2,,,0,11,,273022,2,,,0,51,,273023,2,,,0,13,,273024,2,,,0,12,,273025,2,,,0,12,,273026,2,,,0,14,,273027,2,,,0,57,,273028,2,,,0,15,,273029,2,,,0,15,,273030,2,,,0,15,,273031,2,,,0,55,,273040,2,,,0,15,,273032,2,,,0,15,,273033,2,,,0,15,,273038,2,,,0,55,,273034,2,,,0,15,,273035,2,,,0,15,,273036,2,,,0,15,,273039,2,,,0,55,,273042,2,,,0
80502,'20260424',522,,273043,2,,,0,14,,273044,2,,,0,9,,273045,2,,,0,8,,273046,2,,,0,5,,273047,2,,,0,48,,273048,2,,,0,7,,273049,2,,,0,5,,273050,2,,,0,8,,273051,2,,,0,6,,273052,2,,,0,4,,273053,2,,,0,5,,273054,2,,,0,6,,273055,2,,,0,5,,273056,2,,,0,4,,273057,2,,,0,45,,273058,2,,,0,4,,273059,2,,,0,5,,273060,2,,,0,5,,273061,2,,,0,5,,273062,2,,,0,4,,273063,2,,,0,5,,273064,2,,,0,6,,273065,2,,,0,6,,273066,2,,,0,7,,273067,2,,,0,7,,273068,2,,,0,48,,273069,2,,,0,7,,273070,2,,,0,9,,273071,2,,,0,9,,273072,2,,,0,9,,273073,2,,,0,9,,273074,2,,,0,7,,273075,2,,,0,49,,273076,2,,,0,11,,273077,2,,,0,13,,273078,2,,,0,14,,273079,2,,,0,14,,273080,2,,,0,53,,273081,2,,,0,9,,273082,2,,,0,9,,273083,2,,,0,9,,273084,2,,,0,9,,273085,2,,,0,9,,273086,2,,,0,7,,273087,2,,,0,47,,273088,2,,,0,7,,273089,2,,,0,8,,273090,2,,,0,9,,273091,2,,,0,9,,273092,2,,,0,8,,273093,2,,,0,7,,273094,2,,,0,48,,273095,2,,,0,8,,273096,2,,,0,8,,273097,2,,,0,8,,273098,2,,,0,8,,273099,2,,,0,9,,273100,2,,,0,8,,273101,2,,,0,8,,273102,2,,,0,47,,273103,2,,,0,6,,273104,2,,,0,6,,273105,2,,,0,6,,273106,2,,,0,6,,273107,2,,,0,6,,273108,2,,,0,5,,273109,2,,,0,8,,273110,2,,,0,5,,273111,2,,,0,46,,273112,2,,,0,6,,273113,2,,,0,6,,273114,2,,,0,6,,273115,2,,,0,6,,273116,2,,,0,6,,273117,2,,,0,5,,273118,2,,,0,6,,273119,2,,,0,4,,273120,2,,,0,6,,273121,2,,,0,4,,273122,2,,,0,4,,273123,2,,,0,45,,273192,2,,,0,3,,273124,2,,,0,4,,273125,2,,,0,4,,273126,2,,,0,4,,273127,2,,,0,4,,273128,2,,,0,4,,273129,2,,,0,4,,273132,2,,,0,3,,273130,2,,,0,5,,273196,2,,,0,5,,273131,2,,,0,4,,273133,2,,,0,5,,273134,2,,,0,4,,273135,2,,,0,45,,273136,2,,,0,6,,273137,2,,,0,4,,273138,2,,,0,5,,273139,2,,,0,5,,273140,2,,,0,5,,273141,2,,,0,5,,273142,2,,,0,5,,273143,2,,,0,5,,273144,2,,,0,7,,273145,2,,,0,5,,273146,2,,,0,4,,273147,2,,,0,45,,273148,2,,,0,5,,273149,2,,,0,6,,273150,2,,,0,5,,273151,2,,,0,6,,273152,2,,,0,6,,273153,2,,,0,5,,273154,2,,,0,5,,273155,2,,,0,7,,273156,2,,,0,9,,273157,2,,,0,49,,273158,2,,,0,8,,273159,2,,,0,8,,273160,2,,,0,10,,273161,2,,,0,7,,273162,2,,,0,9,,273163,2,,,0,7,,273164,2,,,0,48,,273165,2,,,0,7,,273166,2,,,0,9,,273167,2,,,0,8,,273168,2,,,0,8,,273169,2,,,0,9,,273170,2,,,0,8,,273171,2,,,0,50,,273172,2,,,0,10,,273173,2,,,0,11,,273174,2,,,0,10,,273175,2,,,0,10,,273176,2,,,0,11,,273177,2,,,0,51,,273178,2,,,0,13,,273179,2,,,0,12,,273180,2,,,0,12,,273181,2,,,0,14,,273182,2,,,0,57,,273183,2,,,0,15,,273184,2,,,0,15,,273185,2,,,0,15,,273186,2,,,0,55,,273195,2,,,0,15,,273187,2,,,0,15,,273188,2,,,0,15,,273193,2,,,0,55,,273189,2,,,0,15,,273190,2,,,0,15,,273191,2,,,0,15,,273194,2,,,0,55,,273197,2,,,0
80502,'20260425',543,,273198,2,,,0,15,,273199,2,,,0,55,,273302,2,,,0,15,,273200,2,,,0,15,,273201,2,,,0,14,,273202,2,,,0,54,,273303,2,,,0,15,,273203,2,,,0,15,,273204,2,,,0,15,,273205,2,,,0,55,,273206,2,,,0,14,,273304,2,,,0,13,,273207,2,,,0,10,,273208,2,,,0,10,,273209,2,,,0,50,,273210,2,,,0,10,,273211,2,,,0,10,,273212,2,,,0,9,,273213,2,,,0,10,,273214,2,,,0,10,,273215,2,,,0,50,,273216,2,,,0,10,,273217,2,,,0,10,,273218,2,,,0,10,,273219,2,,,0,9,,273220,2,,,0,8,,273221,2,,,0,48,,273222,2,,,0,8,,273223,2,,,0,8,,273224,2,,,0,7,,273225,2,,,0,8,,273226,2,,,0,8,,273227,2,,,0,8,,273228,2,,,0,8,,273229,2,,,0,48,,273230,2,,,0,8,,273231,2,,,0,8,,273232,2,,,0,8,,273233,2,,,0,8,,273234,2,,,0,7,,273235,2,,,0,7,,273236,2,,,0,8,,273237,2,,,0,48,,273238,2,,,0,8,,273239,2,,,0,8,,273240,2,,,0,8,,273241,2,,,0,8,,273242,2,,,0,8,,273243,2,,,0,8,,273244,2,,,0,48,,273245,2,,,0,8,,273246,2,,,0,8,,273247,2,,,0,8,,273248,2,,,0,8,,273249,2,,,0,8,,273250,2,,,0,8,,273251,2,,,0,8,,273252,2,,,0,48,,273253,2,,,0,8,,273254,2,,,0,8,,273255,2,,,0,8,,273256,2,,,0,8,,273257,2,,,0,9,,273258,2,,,0,7,,273259,2,,,0,48,,273260,2,,,0,9,,273261,2,,,0,8,,273262,2,,,0,8,,273263,2,,,0,8,,273264,2,,,0,8,,273265,2,,,0,8,,273266,2,,,0,48,,273267,2,,,0,8,,273268,2,,,0,8,,273269,2,,,0,10,,273270,2,,,0,10,,273271,2,,,0,10,,273272,2,,,0,11,,273273,2,,,0,50,,273274,2,,,0,10,,273275,2,,,0,11,,273276,2,,,0,10,,273277,2,,,0,12,,273278,2,,,0,54,,273279,2,,,0,15,,273280,2,,,0,15,,273281,2,,,0,15,,273282,2,,,0,55,,273283,2,,,0,15,,273284,2,,,0,15,,273285,2,,,0,15,,273286,2,,,0,55,,273287,2,,,0,15,,273288,2,,,0,15,,273305,2,,,0,15,,273289,2,,,0,56,,273290,2,,,0,15,,273291,2,,,0,15,,273292,2,,,0,15,,273293,2,,,0,55,,273294,2,,,0,15,,273295,2,,,0,15,,273296,2,,,0,15,,273297,2,,,0,55,,273298,2,,,0,15,,273301,2,,,0,15,,273299,2,,,0,15,,273300,2,,,0
80502,'20260426',543,,273407,2,,,0,15,,273406,2,,,0,55,,273408,2,,,0,15,,273405,2,,,0,15,,273404,2,,,0,14,,273400,2,,,0,54,,273399,2,,,0,15,,273403,2,,,0,15,,273402,2,,,0,15,,273401,2,,,0,55,,273397,2,,,0,14,,273381,2,,,0,13,,273386,2,,,0,10,,273388,2,,,0,10,,273387,2,,,0,50,,273378,2,,,0,10,,273377,2,,,0,10,,273375,2,,,0,9,,273391,2,,,0,10,,273390,2,,,0,10,,273392,2,,,0,50,,273374,2,,,0,10,,273380,2,,,0,10,,273398,2,,,0,10,,273385,2,,,0,9,,273376,2,,,0,8,,273384,2,,,0,48,,273379,2,,,0,8,,273393,2,,,0,8,,273389,2,,,0,7,,273396,2,,,0,8,,273382,2,,,0,8,,273395,2,,,0,8,,273383,2,,,0,8,,273394,2,,,0,48,,273363,2,,,0,8,,273360,2,,,0,8,,273348,2,,,0,8,,273351,2,,,0,8,,273373,2,,,0,7,,273362,2,,,0,7,,273366,2,,,0,8,,273370,2,,,0,48,,273359,2,,,0,8,,273357,2,,,0,8,,273369,2,,,0,8,,273365,2,,,0,8,,273354,2,,,0,8,,273352,2,,,0,8,,273361,2,,,0,48,,273358,2,,,0,8,,273372,2,,,0,8,,273353,2,,,0,8,,273371,2,,,0,8,,273350,2,,,0,8,,273356,2,,,0,8,,273355,2,,,0,8,,273349,2,,,0,48,,273364,2,,,0,8,,273368,2,,,0,8,,273367,2,,,0,8,,273343,2,,,0,8,,273333,2,,,0,9,,273338,2,,,0,7,,273344,2,,,0,48,,273332,2,,,0,9,,273334,2,,,0,8,,273331,2,,,0,8,,273330,2,,,0,8,,273329,2,,,0,8,,273347,2,,,0,8,,273346,2,,,0,48,,273345,2,,,0,8,,273342,2,,,0,8,,273341,2,,,0,10,,273339,2,,,0,10,,273340,2,,,0,10,,273337,2,,,0,11,,273336,2,,,0,50,,273335,2,,,0,10,,273326,2,,,0,11,,273412,2,,,0,10,,273328,2,,,0,12,,273323,2,,,0,54,,273318,2,,,0,15,,273327,2,,,0,15,,273317,2,,,0,15,,273324,2,,,0,55,,273325,2,,,0,15,,273321,2,,,0,15,,273319,2,,,0,15,,273320,2,,,0,55,,273322,2,,,0,15,,273316,2,,,0,15,,273315,2,,,0,15,,273314,2,,,0,56,,273310,2,,,0,15,,273307,2,,,0,15,,273411,2,,,0,15,,273308,2,,,0,55,,273306,2,,,0,15,,273313,2,,,0,15,,273309,2,,,0,15,,273312,2,,,0,55,,273311,2,,,0,15,,273409,2,,,0,15,,273410,2,,,0,15,,273413,2,,,0
80502,'20260427',522,,273414,2,,,0,14,,273415,2,,,0,9,,273416,2,,,0,8,,273417,2,,,0,5,,273418,2,,,0,48,,273419,2,,,0,7,,273420,2,,,0,5,,273421,2,,,0,8,,273422,2,,,0,6,,273423,2,,,0,4,,273424,2,,,0,5,,273425,2,,,0,6,,273426,2,,,0,5,,273427,2,,,0,4,,273428,2,,,0,45,,273429,2,,,0,4,,273430,2,,,0,5,,273431,2,,,0,5,,273432,2,,,0,5,,273433,2,,,0,4,,273434,2,,,0,5,,273435,2,,,0,6,,273436,2,,,0,6,,273437,2,,,0,7,,273438,2,,,0,7,,273439,2,,,0,48,,273440,2,,,0,7,,273441,2,,,0,9,,273442,2,,,0,9,,273443,2,,,0,9,,273444,2,,,0,9,,273445,2,,,0,7,,273446,2,,,0,49,,273447,2,,,0,11,,273448,2,,,0,13,,273449,2,,,0,14,,273450,2,,,0,14,,273451,2,,,0,53,,273452,2,,,0,9,,273453,2,,,0,9,,273454,2,,,0,9,,273455,2,,,0,9,,273456,2,,,0,9,,273457,2,,,0,7,,273458,2,,,0,47,,273459,2,,,0,7,,273460,2,,,0,8,,273461,2,,,0,9,,273462,2,,,0,9,,273463,2,,,0,8,,273464,2,,,0,7,,273465,2,,,0,48,,273466,2,,,0,8,,273467,2,,,0,8,,273468,2,,,0,8,,273469,2,,,0,8,,273470,2,,,0,9,,273471,2,,,0,8,,273472,2,,,0,8,,273473,2,,,0,47,,273474,2,,,0,6,,273475,2,,,0,6,,273476,2,,,0,6,,273477,2,,,0,6,,273478,2,,,0,6,,273479,2,,,0,5,,273480,2,,,0,8,,273481,2,,,0,5,,273482,2,,,0,46,,273483,2,,,0,6,,273484,2,,,0,6,,273485,2,,,0,6,,273486,2,,,0,6,,273487,2,,,0,6,,273488,2,,,0,5,,273489,2,,,0,6,,273490,2,,,0,4,,273491,2,,,0,6,,273492,2,,,0,4,,273493,2,,,0,4,,273494,2,,,0,45,,273563,2,,,0,3,,273495,2,,,0,4,,273496,2,,,0,4,,273497,2,,,0,4,,273498,2,,,0,4,,273499,2,,,0,4,,273500,2,,,0,4,,273503,2,,,0,3,,273501,2,,,0,5,,273567,2,,,0,5,,273502,2,,,0,4,,273504,2,,,0,5,,273505,2,,,0,4,,273506,2,,,0,45,,273507,2,,,0,6,,273508,2,,,0,4,,273509,2,,,0,5,,273510,2,,,0,5,,273511,2,,,0,5,,273512,2,,,0,5,,273513,2,,,0,5,,273514,2,,,0,5,,273515,2,,,0,7,,273516,2,,,0,5,,273517,2,,,0,4,,273518,2,,,0,45,,273519,2,,,0,5,,273520,2,,,0,6,,273521,2,,,0,5,,273522,2,,,0,6,,273523,2,,,0,6,,273524,2,,,0,5,,273525,2,,,0,5,,273526,2,,,0,7,,273527,2,,,0,9,,273528,2,,,0,49,,273529,2,,,0,8,,273530,2,,,0,8,,273531,2,,,0,10,,273532,2,,,0,7,,273533,2,,,0,9,,273534,2,,,0,7,,273535,2,,,0,48,,273536,2,,,0,7,,273537,2,,,0,9,,273538,2,,,0,8,,273539,2,,,0,8,,273540,2,,,0,9,,273541,2,,,0,8,,273542,2,,,0,50,,273543,2,,,0,10,,273544,2,,,0,11,,273545,2,,,0,10,,273546,2,,,0,10,,273547,2,,,0,11,,273548,2,,,0,51,,273549,2,,,0,13,,273550,2,,,0,12,,273551,2,,,0,12,,273552,2,,,0,14,,273553,2,,,0,57,,273554,2,,,0,15,,273555,2,,,0,15,,273556,2,,,0,15,,273557,2,,,0,55,,273566,2,,,0,15,,273558,2,,,0,15,,273559,2,,,0,15,,273564,2,,,0,55,,273560,2,,,0,15,,273561,2,,,0,15,,273562,2,,,0,15,,273565,2,,,0,55,,273568,2,,,0
