9403,'20260707',708,,881958,22,,,0,104,,881959,22,,,0,97,,881960,22,,,0,100,,881961,22,,,0,100,,881962,22,,,0,100,,881963,22,,,0,100,,881964,22,,,0,100,,881965,22,,,0,99,,881966,22,,,0,31,,881967,22,,,0,65,,881968,22,,,0,30,,881969,22,,,0,80,,881970,22,,,0,30,,881971,22,,,0,65,,881972,22,,,0,99,,881973,22,,,0,101,,881974,22,,,0,100,,881975,22,,,0,101,,881976,22,,,0,100,,881977,22,,,0
9403,'20260708',708,,881978,22,,,0,104,,881979,22,,,0,97,,881980,22,,,0,100,,881981,22,,,0,100,,881982,22,,,0,100,,881983,22,,,0,100,,881984,22,,,0,100,,881985,22,,,0,99,,881986,22,,,0,31,,881987,22,,,0,65,,881988,22,,,0,30,,881989,22,,,0,80,,881990,22,,,0,30,,881991,22,,,0,65,,881992,22,,,0,99,,881993,22,,,0,101,,881994,22,,,0,100,,881995,22,,,0,101,,881996,22,,,0,100,,881997,22,,,0
9403,'20260709',708,,881998,22,,,0,104,,881999,22,,,0,97,,882000,22,,,0,100,,882001,22,,,0,100,,882002,22,,,0,100,,882003,22,,,0,100,,882004,22,,,0,100,,882005,22,,,0,99,,882006,22,,,0,31,,882007,22,,,0,65,,882008,22,,,0,30,,882009,22,,,0,80,,882010,22,,,0,30,,882011,22,,,0,65,,882012,22,,,0,99,,882013,22,,,0,101,,882014,22,,,0,100,,882015,22,,,0,101,,882016,22,,,0,100,,882017,22,,,0
9403,'20260710',708,,908702,22,,,0,104,,908703,22,,,0,97,,908704,22,,,0,100,,908705,22,,,0,100,,908706,22,,,0,100,,908707,22,,,0,100,,908708,22,,,0,100,,908709,22,,,0,99,,908710,22,,,0,31,,908711,22,,,0,65,,908712,22,,,0,30,,908713,22,,,0,80,,908714,22,,,0,30,,908715,22,,,0,65,,908716,22,,,0,99,,908717,22,,,0,101,,908718,22,,,0,100,,908719,22,,,0,101,,908720,22,,,0,100,,908721,22,,,0
9403,'20260711',712,,854150,22,,,0,100,,854151,22,,,0,100,,854152,22,,,0,100,,854153,22,,,0,100,,854154,22,,,0,99,,854155,22,,,0,100,,854156,22,,,0,100,,854157,22,,,0,97,,854158,22,,,0,99,,854159,22,,,0,105,,854160,22,,,0,100,,854161,22,,,0,100,,854162,22,,,0,100,,854163,22,,,0,100,,854164,22,,,0,100,,854165,22,,,0,100,,854166,22,,,0
9403,'20260712',712,,854167,22,,,0,100,,854168,22,,,0,100,,854169,22,,,0,100,,854170,22,,,0,100,,854171,22,,,0,99,,854172,22,,,0,100,,854173,22,,,0,100,,854174,22,,,0,97,,854175,22,,,0,99,,854176,22,,,0,105,,854177,22,,,0,100,,854178,22,,,0,100,,854179,22,,,0,100,,854180,22,,,0,100,,854181,22,,,0,100,,854182,22,,,0,100,,854183,22,,,0
9403,'20260713',708,,854188,22,,,0,104,,854189,22,,,0,97,,854190,22,,,0,100,,854191,22,,,0,100,,854192,22,,,0,100,,854193,22,,,0,100,,854194,22,,,0,100,,854195,22,,,0,99,,854196,22,,,0,31,,854197,22,,,0,65,,854198,22,,,0,30,,854184,22,,,0,80,,854185,22,,,0,30,,854203,22,,,0,65,,854202,22,,,0,99,,854186,22,,,0,101,,854187,22,,,0,100,,854199,22,,,0,101,,854200,22,,,0,100,,854201,22,,,0
9403,'20260714',708,,854208,22,,,0,104,,854209,22,,,0,97,,854210,22,,,0,100,,854211,22,,,0,100,,854212,22,,,0,100,,854213,22,,,0,100,,854214,22,,,0,100,,854215,22,,,0,99,,854216,22,,,0,31,,854217,22,,,0,65,,854218,22,,,0,30,,854204,22,,,0,80,,854205,22,,,0,30,,854223,22,,,0,65,,854222,22,,,0,99,,854206,22,,,0,101,,854207,22,,,0,100,,854219,22,,,0,101,,854220,22,,,0,100,,854221,22,,,0
9403,'20260715',708,,882022,22,,,0,104,,882023,22,,,0,97,,882024,22,,,0,100,,882025,22,,,0,100,,882026,22,,,0,100,,882027,22,,,0,100,,882028,22,,,0,100,,882029,22,,,0,99,,882030,22,,,0,31,,882031,22,,,0,65,,882032,22,,,0,30,,882018,22,,,0,80,,882019,22,,,0,30,,882037,22,,,0,65,,882036,22,,,0,99,,882020,22,,,0,101,,882021,22,,,0,100,,882033,22,,,0,101,,882034,22,,,0,100,,882035,22,,,0
9403,'20260716',708,,882042,22,,,0,104,,882043,22,,,0,97,,882044,22,,,0,100,,882045,22,,,0,100,,882046,22,,,0,100,,882047,22,,,0,100,,882048,22,,,0,100,,882049,22,,,0,99,,882050,22,,,0,31,,882051,22,,,0,65,,882052,22,,,0,30,,882038,22,,,0,80,,882039,22,,,0,30,,882057,22,,,0,65,,882056,22,,,0,99,,882040,22,,,0,101,,882041,22,,,0,100,,882053,22,,,0,101,,882054,22,,,0,100,,882055,22,,,0
9403,'20260717',708,,882062,22,,,0,104,,882063,22,,,0,97,,882064,22,,,0,100,,882065,22,,,0,100,,882066,22,,,0,100,,882067,22,,,0,100,,882068,22,,,0,100,,882069,22,,,0,99,,882070,22,,,0,31,,882071,22,,,0,65,,882072,22,,,0,30,,882058,22,,,0,80,,882059,22,,,0,30,,882077,22,,,0,65,,882076,22,,,0,99,,882060,22,,,0,101,,882061,22,,,0,100,,882073,22,,,0,101,,882074,22,,,0,100,,882075,22,,,0
9403,'20260718',712,,908722,22,,,0,100,,908723,22,,,0,100,,908724,22,,,0,100,,908725,22,,,0,100,,908726,22,,,0,99,,908727,22,,,0,100,,908728,22,,,0,100,,908729,22,,,0,97,,908730,22,,,0,99,,908731,22,,,0,105,,908732,22,,,0,100,,908733,22,,,0,100,,908734,22,,,0,100,,908735,22,,,0,100,,908736,22,,,0,100,,908737,22,,,0,100,,908738,22,,,0
9403,'20260719',712,,908739,22,,,0,100,,908740,22,,,0,100,,908741,22,,,0,100,,908742,22,,,0,100,,908743,22,,,0,99,,908744,22,,,0,100,,908745,22,,,0,100,,908746,22,,,0,97,,908747,22,,,0,99,,908748,22,,,0,105,,908749,22,,,0,100,,908750,22,,,0,100,,908751,22,,,0,100,,908752,22,,,0,100,,908753,22,,,0,100,,908754,22,,,0,100,,908755,22,,,0
9403,'20260720',708,,908760,22,,,0,104,,908761,22,,,0,97,,908762,22,,,0,100,,908763,22,,,0,100,,908764,22,,,0,100,,908765,22,,,0,100,,908766,22,,,0,100,,908767,22,,,0,99,,908768,22,,,0,31,,908769,22,,,0,65,,908770,22,,,0,30,,908756,22,,,0,80,,908757,22,,,0,30,,908775,22,,,0,65,,908774,22,,,0,99,,908758,22,,,0,101,,908759,22,,,0,100,,908771,22,,,0,101,,908772,22,,,0,100,,908773,22,,,0
9403,'20260721',708,,908780,22,,,0,104,,908781,22,,,0,97,,908782,22,,,0,100,,908783,22,,,0,100,,908784,22,,,0,100,,908785,22,,,0,100,,908786,22,,,0,100,,908787,22,,,0,99,,908788,22,,,0,31,,908789,22,,,0,65,,908790,22,,,0,30,,908776,22,,,0,80,,908777,22,,,0,30,,908795,22,,,0,65,,908794,22,,,0,99,,908778,22,,,0,101,,908779,22,,,0,100,,908791,22,,,0,101,,908792,22,,,0,100,,908793,22,,,0
29403,'20260707',1618,,884406,29,4,,0,103,,884407,29,4,,0,24,,884408,29,4,,0
29403,'20260708',1618,,884409,29,4,,0,103,,884410,29,4,,0,24,,884411,29,4,,0
29403,'20260709',1618,,884412,29,4,,0,103,,884413,29,4,,0,24,,884414,29,4,,0
29403,'20260710',1618,,909787,29,4,,0,103,,909788,29,4,,0,24,,909789,29,4,,0
29403,'20260713',1618,,855218,29,4,,0,103,,855219,29,4,,0,24,,855220,29,4,,0
29403,'20260714',1618,,855221,29,4,,0,103,,855222,29,4,,0,24,,855223,29,4,,0
29403,'20260715',1618,,884415,29,4,,0,103,,884416,29,4,,0,24,,884417,29,4,,0
29403,'20260716',1618,,884418,29,4,,0,103,,884419,29,4,,0,24,,884420,29,4,,0
29403,'20260717',1618,,884421,29,4,,0,103,,884422,29,4,,0,24,,884423,29,4,,0
29403,'20260720',1618,,909790,29,4,,0,103,,909791,29,4,,0,24,,909792,29,4,,0
29403,'20260721',1618,,909793,29,4,,0,103,,909794,29,4,,0,24,,909795,29,4,,0
99103,'20260710',2617,,916714,55,,,0,130,,916715,55,,,0
99103,'20260711',2617,,861853,55,,,0,130,,861854,55,,,0
99103,'20260717',2617,,899674,55,,,0,130,,899675,55,,,0
99103,'20260718',2617,,916716,55,,,0,130,,916717,55,,,0
