5303,'20260619',601,,744980,35,,,0,102,,744981,35,,,0,26,,744982,35,,,0,75,,744983,35,,,0,28,,744984,35,,,0,73,,744985,35,,,0,39,,744986,35,,,0,77,,744987,35,,,0,81,,744988,35,,,0,100,,744989,35,,,0,100,,744990,35,,,0,101,,744991,35,,,0,100,,744992,35,,,0,102,,744993,35,,,0,26,,744994,35,,,0,79,,744995,35,,,0,94,,744996,35,,,0,98,,744997,35,,,0,101,,744998,35,,,0,101,,744999,35,,,0,100,,745000,35,,,0,101,,745001,35,,,0
5303,'20260620',654,,774107,35,,,0,105,,774108,35,,,0,141,,774109,35,,,0,101,,774110,35,,,0,100,,774111,35,,,0,100,,774112,35,,,0,99,,774113,35,,,0,101,,774114,35,,,0,99,,774115,35,,,0,107,,774116,35,,,0,96,,774117,35,,,0,97,,774118,35,,,0,100,,774119,35,,,0,100,,774120,35,,,0,58,,774121,35,,,0,100,,774122,35,,,0,98,,774123,35,,,0
5303,'20260621',654,,774124,35,,,0,105,,774125,35,,,0,141,,774126,35,,,0,101,,774127,35,,,0,100,,774128,35,,,0,100,,774129,35,,,0,99,,774130,35,,,0,101,,774131,35,,,0,99,,774132,35,,,0,107,,774133,35,,,0,96,,774134,35,,,0,97,,774135,35,,,0,100,,774136,35,,,0,100,,774137,35,,,0,58,,774138,35,,,0,100,,774139,35,,,0,98,,774140,35,,,0
5303,'20260622',601,,774141,35,,,0,102,,774142,35,,,0,26,,774143,35,,,0,75,,774144,35,,,0,28,,774145,35,,,0,73,,774146,35,,,0,39,,774147,35,,,0,77,,774148,35,,,0,81,,774149,35,,,0,100,,774150,35,,,0,100,,774151,35,,,0,101,,774152,35,,,0,100,,774153,35,,,0,102,,774154,35,,,0,26,,774155,35,,,0,76,,774156,35,,,0,97,,774157,35,,,0,98,,774158,35,,,0,101,,774159,35,,,0,101,,774160,35,,,0,100,,774161,35,,,0,101,,774162,35,,,0
5303,'20260623',601,,774163,35,,,0,102,,774164,35,,,0,26,,774165,35,,,0,75,,774166,35,,,0,28,,774167,35,,,0,73,,774168,35,,,0,39,,774169,35,,,0,77,,774170,35,,,0,81,,774171,35,,,0,100,,774172,35,,,0,100,,774173,35,,,0,101,,774174,35,,,0,100,,774175,35,,,0,102,,774176,35,,,0,26,,774177,35,,,0,76,,774178,35,,,0,97,,774179,35,,,0,98,,774180,35,,,0,101,,774181,35,,,0,101,,774182,35,,,0,100,,774183,35,,,0,101,,774184,35,,,0
5303,'20260624',654,,774185,35,,,0,105,,774186,35,,,0,141,,774187,35,,,0,101,,774188,35,,,0,100,,774189,35,,,0,100,,774190,35,,,0,99,,774191,35,,,0,101,,774192,35,,,0,99,,774193,35,,,0,107,,774194,35,,,0,96,,774195,35,,,0,97,,774196,35,,,0,100,,774197,35,,,0,100,,774198,35,,,0,58,,774199,35,,,0,100,,774200,35,,,0,98,,774201,35,,,0
5303,'20260625',601,,710409,35,,,0,102,,710396,35,,,0,26,,710407,35,,,0,75,,710408,35,,,0,28,,710397,35,,,0,73,,710411,35,,,0,39,,710410,35,,,0,77,,710398,35,,,0,81,,710413,35,,,0,100,,710399,35,,,0,100,,710400,35,,,0,101,,710414,35,,,0,100,,710401,35,,,0,102,,710412,35,,,0,26,,710417,35,,,0,76,,710415,35,,,0,97,,710402,35,,,0,98,,710403,35,,,0,101,,710404,35,,,0,101,,710416,35,,,0,100,,710405,35,,,0,101,,710406,35,,,0
5303,'20260626',601,,710431,35,,,0,102,,710418,35,,,0,26,,710429,35,,,0,75,,710430,35,,,0,28,,710419,35,,,0,73,,710433,35,,,0,39,,710432,35,,,0,77,,710420,35,,,0,81,,710435,35,,,0,100,,710421,35,,,0,100,,710422,35,,,0,101,,710436,35,,,0,100,,710423,35,,,0,102,,710434,35,,,0,26,,710439,35,,,0,76,,710437,35,,,0,97,,710424,35,,,0,98,,710425,35,,,0,101,,710426,35,,,0,101,,710438,35,,,0,100,,710427,35,,,0,101,,710428,35,,,0
5303,'20260627',654,,745080,35,,,0,105,,745092,35,,,0,141,,745081,35,,,0,101,,745082,35,,,0,100,,745083,35,,,0,100,,745093,35,,,0,99,,745084,35,,,0,101,,745094,35,,,0,99,,745085,35,,,0,107,,745086,35,,,0,96,,745087,35,,,0,97,,745095,35,,,0,100,,745088,35,,,0,100,,745089,35,,,0,58,,745096,35,,,0,100,,745090,35,,,0,98,,745091,35,,,0
5303,'20260628',654,,745097,35,,,0,105,,745109,35,,,0,141,,745098,35,,,0,101,,745099,35,,,0,100,,745100,35,,,0,100,,745110,35,,,0,99,,745101,35,,,0,101,,745111,35,,,0,99,,745102,35,,,0,107,,745103,35,,,0,96,,745104,35,,,0,97,,745112,35,,,0,100,,745105,35,,,0,100,,745106,35,,,0,58,,745113,35,,,0,100,,745107,35,,,0,98,,745108,35,,,0
5303,'20260629',601,,745127,35,,,0,102,,745114,35,,,0,26,,745125,35,,,0,75,,745126,35,,,0,28,,745115,35,,,0,73,,745129,35,,,0,39,,745128,35,,,0,77,,745116,35,,,0,81,,745131,35,,,0,100,,745117,35,,,0,100,,745118,35,,,0,101,,745132,35,,,0,100,,745119,35,,,0,102,,745130,35,,,0,26,,745135,35,,,0,76,,745133,35,,,0,97,,745120,35,,,0,98,,745121,35,,,0,101,,745122,35,,,0,101,,745134,35,,,0,100,,745123,35,,,0,101,,745124,35,,,0
5303,'20260630',601,,745149,35,,,0,102,,745136,35,,,0,26,,745147,35,,,0,75,,745148,35,,,0,28,,745137,35,,,0,73,,745151,35,,,0,39,,745150,35,,,0,77,,745138,35,,,0,81,,745153,35,,,0,100,,745139,35,,,0,100,,745140,35,,,0,101,,745154,35,,,0,100,,745141,35,,,0,102,,745152,35,,,0,26,,745157,35,,,0,76,,745155,35,,,0,97,,745142,35,,,0,98,,745143,35,,,0,101,,745144,35,,,0,101,,745156,35,,,0,100,,745145,35,,,0,101,,745146,35,,,0
5303,'20260701',654,,774202,35,,,0,105,,774214,35,,,0,141,,774203,35,,,0,101,,774204,35,,,0,100,,774205,35,,,0,100,,774215,35,,,0,99,,774206,35,,,0,101,,774216,35,,,0,99,,774207,35,,,0,107,,774208,35,,,0,96,,774209,35,,,0,97,,774217,35,,,0,100,,774210,35,,,0,100,,774211,35,,,0,58,,774218,35,,,0,100,,774212,35,,,0,98,,774213,35,,,0
5303,'20260702',601,,774232,35,,,0,102,,774219,35,,,0,26,,774230,35,,,0,75,,774231,35,,,0,28,,774220,35,,,0,73,,774234,35,,,0,39,,774233,35,,,0,77,,774221,35,,,0,81,,774236,35,,,0,100,,774222,35,,,0,100,,774223,35,,,0,101,,774237,35,,,0,100,,774224,35,,,0,102,,774235,35,,,0,26,,774240,35,,,0,76,,774238,35,,,0,97,,774225,35,,,0,98,,774226,35,,,0,101,,774227,35,,,0,101,,774239,35,,,0,100,,774228,35,,,0,101,,774229,35,,,0
5303,'20260703',601,,774254,35,,,0,102,,774241,35,,,0,26,,774252,35,,,0,75,,774253,35,,,0,28,,774242,35,,,0,73,,774256,35,,,0,39,,774255,35,,,0,77,,774243,35,,,0,81,,774258,35,,,0,100,,774244,35,,,0,100,,774245,35,,,0,101,,774259,35,,,0,100,,774246,35,,,0,102,,774257,35,,,0,26,,774262,35,,,0,76,,774260,35,,,0,97,,774247,35,,,0,98,,774248,35,,,0,101,,774249,35,,,0,101,,774261,35,,,0,100,,774250,35,,,0,101,,774251,35,,,0
35001,'20260619',641,,755698,37,,,0,60,,755699,37,,,0,29,,755700,37,,,0,71,,755701,37,,,0,110,,755702,37,,,0,205,,755703,37,,,0
55001,'20260619',648,,756069,37,,,0,68,,756070,37,,,0,25,,756071,37,,,0,107,,756072,37,,,0
55001,'20260622',633,,783581,37,,,0,21,,783582,37,,,0,73,,783583,37,,,0,90,,783584,37,,,0
55001,'20260623',633,,783585,37,,,0,21,,783586,37,,,0,73,,783587,37,,,0,90,,783588,37,,,0
55001,'20260625',633,,723852,37,,,0,21,,723851,37,,,0,73,,723853,37,,,0,90,,723854,37,,,0
55001,'20260626',633,,723856,37,,,0,21,,723855,37,,,0,73,,723857,37,,,0,90,,723858,37,,,0
55001,'20260629',633,,756082,37,,,0,21,,756081,37,,,0,73,,756083,37,,,0,90,,756084,37,,,0
55001,'20260630',633,,756086,37,,,0,21,,756085,37,,,0,73,,756087,37,,,0,90,,756088,37,,,0
55001,'20260702',633,,783590,37,,,0,21,,783589,37,,,0,73,,783591,37,,,0,90,,783592,37,,,0
55001,'20260703',633,,783594,37,,,0,21,,783593,37,,,0,73,,783595,37,,,0,90,,783596,37,,,0
