1603,'20260423',719,,307264,16,,,0,26,,307265,16,,,0,902,,307275,16,,,0,68,,307276,16,,,0
1603,'20260424',719,,307283,16,,,0,26,,307284,16,,,0,902,,307294,16,,,0,68,,307295,16,,,0
1603,'20260427',719,,333611,16,,,0,26,,333612,16,,,0,902,,333622,16,,,0,68,,333623,16,,,0
1603,'20260428',719,,333630,16,,,0,26,,333631,16,,,0,902,,333641,16,,,0,68,,333642,16,,,0
1603,'20260429',719,,281025,16,,,0,26,,281026,16,,,0,902,,281027,16,,,0,68,,281028,16,,,0
1603,'20260430',719,,281044,16,,,0,26,,281045,16,,,0,902,,281046,16,,,0,68,,281047,16,,,0
1603,'20260501',719,,307301,16,,,0,26,,307302,16,,,0,902,,307303,16,,,0,68,,307304,16,,,0
1603,'20260504',719,,307328,16,,,0,26,,307329,16,,,0,902,,307330,16,,,0,68,,307331,16,,,0
1603,'20260505',719,,333648,16,,,0,26,,333649,16,,,0,902,,333650,16,,,0,68,,333651,16,,,0
1603,'20260506',719,,333667,16,,,0,26,,333668,16,,,0,902,,333669,16,,,0,68,,333670,16,,,0
1603,'20260507',719,,333686,16,,,0,26,,333687,16,,,0,902,,333688,16,,,0,68,,333689,16,,,0
