7601,'20260427',535,,341064,10,,,1,99,,341065,10,,,1,25,,341066,10,,,1,65,,341067,10,,,1,32,,341068,10,,,1,74,,341069,10,,,1,103,,341070,10,,,1,100,,341071,10,,,1,97,,341072,10,,,1,70,,341073,10,,,1,30,,341074,10,,,1,70,,341075,10,,,1,53,,341076,10,,,1,97,,341077,10,,,1,68,,341078,10,,,1,32,,341079,10,,,1,79,,341080,10,,,1,76,,341081,10,,,1,34,,341082,10,,,1,71,,341083,10,,,1,33,,341084,10,,,1,105,,341085,10,,,1,102,,341086,10,,,1,98,,341087,10,,,1,100,,341088,10,,,1,100,,341089,10,,,1
7601,'20260428',535,,341090,10,,,1,99,,341091,10,,,1,25,,341092,10,,,1,65,,341093,10,,,1,32,,341094,10,,,1,74,,341095,10,,,1,103,,341096,10,,,1,100,,341097,10,,,1,97,,341098,10,,,1,70,,341099,10,,,1,30,,341100,10,,,1,70,,341101,10,,,1,53,,341102,10,,,1,97,,341103,10,,,1,68,,341104,10,,,1,32,,341105,10,,,1,79,,341106,10,,,1,76,,341107,10,,,1,34,,341108,10,,,1,71,,341109,10,,,1,33,,341110,10,,,1,105,,341111,10,,,1,102,,341112,10,,,1,98,,341113,10,,,1,100,,341114,10,,,1,100,,341115,10,,,1
7601,'20260429',535,,367315,10,,,1,99,,367316,10,,,1,25,,367317,10,,,1,65,,367318,10,,,1,32,,367319,10,,,1,74,,367320,10,,,1,103,,367321,10,,,1,100,,367322,10,,,1,97,,367323,10,,,1,70,,367324,10,,,1,30,,367325,10,,,1,70,,367326,10,,,1,53,,367327,10,,,1,97,,367328,10,,,1,68,,367329,10,,,1,32,,367330,10,,,1,79,,367331,10,,,1,76,,367332,10,,,1,34,,367333,10,,,1,71,,367334,10,,,1,33,,367335,10,,,1,105,,367336,10,,,1,102,,367337,10,,,1,98,,367338,10,,,1,100,,367339,10,,,1,100,,367340,10,,,1
7601,'20260430',535,,367341,10,,,1,99,,367342,10,,,1,25,,367343,10,,,1,65,,367344,10,,,1,32,,367345,10,,,1,74,,367346,10,,,1,103,,367347,10,,,1,100,,367348,10,,,1,97,,367349,10,,,1,70,,367350,10,,,1,30,,367351,10,,,1,70,,367352,10,,,1,53,,367353,10,,,1,97,,367354,10,,,1,68,,367355,10,,,1,32,,367356,10,,,1,79,,367357,10,,,1,76,,367358,10,,,1,34,,367359,10,,,1,71,,367360,10,,,1,33,,367361,10,,,1,105,,367362,10,,,1,102,,367363,10,,,1,98,,367364,10,,,1,100,,367365,10,,,1,100,,367366,10,,,1
7601,'20260501',535,,367367,10,,,1,99,,367368,10,,,1,25,,367369,10,,,1,65,,367370,10,,,1,32,,367371,10,,,1,74,,367372,10,,,1,103,,367373,10,,,1,100,,367374,10,,,1,97,,367375,10,,,1,70,,367376,10,,,1,30,,367377,10,,,1,70,,367378,10,,,1,53,,367379,10,,,1,97,,367380,10,,,1,68,,367381,10,,,1,32,,367382,10,,,1,79,,367383,10,,,1,76,,367384,10,,,1,34,,367385,10,,,1,71,,367386,10,,,1,33,,367387,10,,,1,105,,367388,10,,,1,102,,367389,10,,,1,98,,367390,10,,,1,100,,367391,10,,,1,100,,367392,10,,,1
7601,'20260502',619,,314780,10,,,1,28,,314781,10,,,1,71,,314763,10,,,1,30,,314782,10,,,1,71,,314764,10,,,1,30,,314783,10,,,1,70,,314765,10,,,1,100,,314766,10,,,1,101,,314767,10,,,1,95,,314768,10,,,1,36,,314784,10,,,1,61,,314769,10,,,1,39,,314785,10,,,1,70,,314770,10,,,1,100,,314771,10,,,1,100,,314772,10,,,1,30,,314786,10,,,1,70,,314773,10,,,1,30,,314787,10,,,1,69,,314774,10,,,1,100,,314775,10,,,1,99,,314776,10,,,1,100,,314777,10,,,1,100,,314778,10,,,1,108,,314779,10,,,1
7601,'20260503',619,,314805,10,,,1,28,,314806,10,,,1,71,,314804,10,,,1,30,,314807,10,,,1,71,,314788,10,,,1,30,,314808,10,,,1,70,,314789,10,,,1,100,,314790,10,,,1,101,,314791,10,,,1,95,,314792,10,,,1,36,,314809,10,,,1,61,,314793,10,,,1,39,,314810,10,,,1,70,,314794,10,,,1,100,,314795,10,,,1,100,,314796,10,,,1,30,,314811,10,,,1,70,,314797,10,,,1,30,,314812,10,,,1,69,,314798,10,,,1,100,,314799,10,,,1,99,,314800,10,,,1,100,,314801,10,,,1,100,,314802,10,,,1,108,,314803,10,,,1
7601,'20260504',535,,314813,10,,,1,99,,314814,10,,,1,25,,314815,10,,,1,65,,314816,10,,,1,32,,314817,10,,,1,74,,314818,10,,,1,103,,314819,10,,,1,100,,314820,10,,,1,97,,314821,10,,,1,70,,314822,10,,,1,30,,314823,10,,,1,70,,314824,10,,,1,53,,314825,10,,,1,97,,314826,10,,,1,68,,314827,10,,,1,32,,314828,10,,,1,79,,314829,10,,,1,76,,314830,10,,,1,34,,314831,10,,,1,71,,314832,10,,,1,33,,314833,10,,,1,105,,314834,10,,,1,102,,314835,10,,,1,98,,314836,10,,,1,100,,314837,10,,,1,100,,314838,10,,,1
7601,'20260505',535,,341116,10,,,1,99,,341117,10,,,1,25,,341118,10,,,1,65,,341119,10,,,1,32,,341120,10,,,1,74,,341121,10,,,1,103,,341122,10,,,1,100,,341123,10,,,1,97,,341124,10,,,1,70,,341125,10,,,1,30,,341126,10,,,1,70,,341127,10,,,1,53,,341128,10,,,1,97,,341129,10,,,1,68,,341130,10,,,1,32,,341131,10,,,1,79,,341132,10,,,1,76,,341133,10,,,1,34,,341134,10,,,1,71,,341135,10,,,1,33,,341136,10,,,1,105,,341137,10,,,1,102,,341138,10,,,1,98,,341139,10,,,1,100,,341140,10,,,1,100,,341141,10,,,1
7601,'20260506',535,,341142,10,,,1,99,,341143,10,,,1,25,,341144,10,,,1,65,,341145,10,,,1,32,,341146,10,,,1,74,,341147,10,,,1,103,,341148,10,,,1,100,,341149,10,,,1,97,,341150,10,,,1,70,,341151,10,,,1,30,,341152,10,,,1,70,,341153,10,,,1,53,,341154,10,,,1,97,,341155,10,,,1,68,,341156,10,,,1,32,,341157,10,,,1,79,,341158,10,,,1,76,,341159,10,,,1,34,,341160,10,,,1,71,,341161,10,,,1,33,,341162,10,,,1,105,,341163,10,,,1,102,,341164,10,,,1,98,,341165,10,,,1,100,,341166,10,,,1,100,,341167,10,,,1
7601,'20260507',535,,341168,10,,,1,99,,341169,10,,,1,25,,341170,10,,,1,65,,341171,10,,,1,32,,341172,10,,,1,74,,341173,10,,,1,103,,341174,10,,,1,100,,341175,10,,,1,97,,341176,10,,,1,70,,341177,10,,,1,30,,341178,10,,,1,70,,341179,10,,,1,53,,341180,10,,,1,97,,341181,10,,,1,68,,341182,10,,,1,32,,341183,10,,,1,79,,341184,10,,,1,76,,341185,10,,,1,34,,341186,10,,,1,71,,341187,10,,,1,33,,341188,10,,,1,105,,341189,10,,,1,102,,341190,10,,,1,98,,341191,10,,,1,100,,341192,10,,,1,100,,341193,10,,,1
7601,'20260508',535,,367393,10,,,1,99,,367394,10,,,1,25,,367395,10,,,1,65,,367396,10,,,1,32,,367397,10,,,1,74,,367398,10,,,1,103,,367399,10,,,1,100,,367400,10,,,1,97,,367401,10,,,1,70,,367402,10,,,1,30,,367403,10,,,1,70,,367404,10,,,1,53,,367405,10,,,1,97,,367406,10,,,1,68,,367407,10,,,1,32,,367408,10,,,1,79,,367409,10,,,1,76,,367410,10,,,1,34,,367411,10,,,1,71,,367412,10,,,1,33,,367413,10,,,1,105,,367414,10,,,1,102,,367415,10,,,1,98,,367416,10,,,1,100,,367417,10,,,1,100,,367418,10,,,1
7601,'20260509',619,,367436,10,,,1,28,,367437,10,,,1,71,,367419,10,,,1,30,,367438,10,,,1,71,,367420,10,,,1,30,,367439,10,,,1,70,,367421,10,,,1,100,,367422,10,,,1,101,,367423,10,,,1,95,,367424,10,,,1,36,,367440,10,,,1,61,,367425,10,,,1,39,,367441,10,,,1,70,,367426,10,,,1,100,,367427,10,,,1,100,,367428,10,,,1,30,,367442,10,,,1,70,,367429,10,,,1,30,,367443,10,,,1,69,,367430,10,,,1,100,,367431,10,,,1,99,,367432,10,,,1,100,,367433,10,,,1,100,,367434,10,,,1,108,,367435,10,,,1
7601,'20260510',619,,367461,10,,,1,28,,367462,10,,,1,71,,367460,10,,,1,30,,367463,10,,,1,71,,367444,10,,,1,30,,367464,10,,,1,70,,367445,10,,,1,100,,367446,10,,,1,101,,367447,10,,,1,95,,367448,10,,,1,36,,367465,10,,,1,61,,367449,10,,,1,39,,367466,10,,,1,70,,367450,10,,,1,100,,367451,10,,,1,100,,367452,10,,,1,30,,367467,10,,,1,70,,367453,10,,,1,30,,367468,10,,,1,69,,367454,10,,,1,100,,367455,10,,,1,99,,367456,10,,,1,100,,367457,10,,,1,100,,367458,10,,,1,108,,367459,10,,,1
7601,'20260511',535,,367469,10,,,1,99,,367470,10,,,1,25,,367471,10,,,1,65,,367472,10,,,1,32,,367473,10,,,1,74,,367474,10,,,1,103,,367475,10,,,1,100,,367476,10,,,1,97,,367477,10,,,1,70,,367478,10,,,1,30,,367479,10,,,1,70,,367480,10,,,1,53,,367481,10,,,1,97,,367482,10,,,1,68,,367483,10,,,1,32,,367484,10,,,1,79,,367485,10,,,1,76,,367486,10,,,1,34,,367487,10,,,1,71,,367488,10,,,1,33,,367489,10,,,1,105,,367490,10,,,1,102,,367491,10,,,1,98,,367492,10,,,1,100,,367493,10,,,1,100,,367494,10,,,1
8001,'20260427',609,,341821,24,,,0,29,,341822,24,,,0,70,,341823,24,,,0,29,,341824,24,,,0,70,,341825,24,,,0,31,,341826,24,,,0,70,,341827,24,,,0,31,,341828,24,,,0,70,,341829,24,,,0,30,,341830,24,,,0,70,,341831,24,,,0,30,,341832,24,,,0,70,,341833,24,,,0,30,,341834,24,,,0,70,,341835,24,,,0,30,,341836,24,,,0,70,,341837,24,,,0,30,,341838,24,,,0,69,,341839,24,,,0,30,,341840,24,,,0,69,,341841,24,,,0,29,,341842,24,,,0,71,,341843,24,,,0,30,,341844,24,,,0,71,,341845,24,,,0,31,,341846,24,,,0,70,,341847,24,,,0,100,,341848,24,,,0,100,,341849,24,,,0,100,,341850,24,,,0,100,,341851,24,,,0,30,,341852,24,,,0
8001,'20260428',609,,341858,24,,,0,29,,341859,24,,,0,70,,341860,24,,,0,29,,341861,24,,,0,70,,341862,24,,,0,31,,341863,24,,,0,70,,341864,24,,,0,31,,341865,24,,,0,70,,341866,24,,,0,30,,341867,24,,,0,70,,341868,24,,,0,30,,341869,24,,,0,70,,341870,24,,,0,30,,341871,24,,,0,70,,341872,24,,,0,30,,341873,24,,,0,70,,341874,24,,,0,30,,341875,24,,,0,69,,341876,24,,,0,30,,341877,24,,,0,69,,341878,24,,,0,29,,341879,24,,,0,71,,341880,24,,,0,30,,341881,24,,,0,71,,341882,24,,,0,31,,341883,24,,,0,70,,341884,24,,,0,100,,341885,24,,,0,100,,341886,24,,,0,100,,341887,24,,,0,100,,341888,24,,,0,30,,341889,24,,,0
8001,'20260429',609,,368050,24,,,0,29,,368051,24,,,0,70,,368052,24,,,0,29,,368053,24,,,0,70,,368054,24,,,0,31,,368055,24,,,0,70,,368056,24,,,0,31,,368057,24,,,0,70,,368058,24,,,0,30,,368059,24,,,0,70,,368060,24,,,0,30,,368061,24,,,0,70,,368062,24,,,0,30,,368063,24,,,0,70,,368064,24,,,0,30,,368065,24,,,0,70,,368066,24,,,0,30,,368067,24,,,0,69,,368068,24,,,0,30,,368069,24,,,0,69,,368070,24,,,0,29,,368071,24,,,0,71,,368072,24,,,0,30,,368073,24,,,0,71,,368074,24,,,0,31,,368075,24,,,0,70,,368076,24,,,0,100,,368077,24,,,0,100,,368078,24,,,0,100,,368079,24,,,0,100,,368080,24,,,0,30,,368081,24,,,0
8001,'20260430',609,,368087,24,,,0,29,,368088,24,,,0,70,,368089,24,,,0,29,,368090,24,,,0,70,,368091,24,,,0,31,,368092,24,,,0,70,,368093,24,,,0,31,,368094,24,,,0,70,,368095,24,,,0,30,,368096,24,,,0,70,,368097,24,,,0,30,,368098,24,,,0,70,,368099,24,,,0,30,,368100,24,,,0,70,,368101,24,,,0,30,,368102,24,,,0,70,,368103,24,,,0,30,,368104,24,,,0,69,,368105,24,,,0,30,,368106,24,,,0,69,,368107,24,,,0,29,,368108,24,,,0,71,,368109,24,,,0,30,,368110,24,,,0,71,,368111,24,,,0,31,,368112,24,,,0,70,,368113,24,,,0,100,,368114,24,,,0,100,,368115,24,,,0,100,,368116,24,,,0,100,,368117,24,,,0,30,,368118,24,,,0
8001,'20260501',609,,368124,24,,,0,29,,368125,24,,,0,70,,368126,24,,,0,29,,368127,24,,,0,70,,368128,24,,,0,31,,368129,24,,,0,70,,368130,24,,,0,31,,368131,24,,,0,70,,368132,24,,,0,30,,368133,24,,,0,70,,368134,24,,,0,30,,368135,24,,,0,70,,368136,24,,,0,30,,368137,24,,,0,70,,368138,24,,,0,30,,368139,24,,,0,70,,368140,24,,,0,30,,368141,24,,,0,69,,368142,24,,,0,30,,368143,24,,,0,69,,368144,24,,,0,29,,368145,24,,,0,71,,368146,24,,,0,30,,368147,24,,,0,71,,368148,24,,,0,31,,368149,24,,,0,70,,368150,24,,,0,100,,368151,24,,,0,100,,368152,24,,,0,100,,368153,24,,,0,100,,368154,24,,,0,30,,368155,24,,,0
8001,'20260502',610,,315571,24,,,0,30,,315540,24,,,0,70,,315558,24,,,0,30,,315541,24,,,0,70,,315559,24,,,0,30,,315542,24,,,0,70,,315560,24,,,0,30,,315543,24,,,0,70,,315561,24,,,0,30,,315544,24,,,0,70,,315562,24,,,0,30,,315545,24,,,0,69,,315563,24,,,0,30,,315546,24,,,0,70,,315564,24,,,0,30,,315547,24,,,0,70,,315565,24,,,0,30,,315548,24,,,0,70,,315566,24,,,0,30,,315549,24,,,0,70,,315567,24,,,0,30,,315550,24,,,0,70,,315568,24,,,0,30,,315551,24,,,0,70,,315569,24,,,0,30,,315552,24,,,0,70,,315570,24,,,0,30,,315553,24,,,0,100,,315554,24,,,0,100,,315555,24,,,0,101,,315556,24,,,0,100,,315557,24,,,0
8001,'20260503',610,,315607,24,,,0,30,,315576,24,,,0,70,,315594,24,,,0,30,,315577,24,,,0,70,,315595,24,,,0,30,,315578,24,,,0,70,,315596,24,,,0,30,,315579,24,,,0,70,,315597,24,,,0,30,,315580,24,,,0,70,,315598,24,,,0,30,,315581,24,,,0,69,,315599,24,,,0,30,,315582,24,,,0,70,,315600,24,,,0,30,,315583,24,,,0,70,,315601,24,,,0,30,,315584,24,,,0,70,,315602,24,,,0,30,,315585,24,,,0,70,,315603,24,,,0,30,,315586,24,,,0,70,,315604,24,,,0,30,,315587,24,,,0,70,,315605,24,,,0,30,,315588,24,,,0,70,,315606,24,,,0,30,,315589,24,,,0,100,,315590,24,,,0,100,,315591,24,,,0,101,,315592,24,,,0,100,,315593,24,,,0
8001,'20260504',609,,315612,24,,,0,29,,315613,24,,,0,70,,315614,24,,,0,29,,315615,24,,,0,70,,315616,24,,,0,31,,315617,24,,,0,70,,315618,24,,,0,31,,315619,24,,,0,70,,315620,24,,,0,30,,315621,24,,,0,70,,315622,24,,,0,30,,315623,24,,,0,70,,315624,24,,,0,30,,315625,24,,,0,70,,315626,24,,,0,30,,315627,24,,,0,70,,315628,24,,,0,30,,315629,24,,,0,69,,315630,24,,,0,30,,315631,24,,,0,69,,315632,24,,,0,29,,315633,24,,,0,71,,315634,24,,,0,30,,315635,24,,,0,71,,315636,24,,,0,31,,315637,24,,,0,70,,315643,24,,,0,100,,315644,24,,,0,100,,315645,24,,,0,100,,315646,24,,,0,100,,315647,24,,,0,30,,315642,24,,,0
8001,'20260505',609,,341894,24,,,0,29,,341895,24,,,0,70,,341896,24,,,0,29,,341897,24,,,0,70,,341898,24,,,0,31,,341899,24,,,0,70,,341900,24,,,0,31,,341901,24,,,0,70,,341902,24,,,0,30,,341903,24,,,0,70,,341904,24,,,0,30,,341905,24,,,0,70,,341906,24,,,0,30,,341907,24,,,0,70,,341908,24,,,0,30,,341909,24,,,0,70,,341910,24,,,0,30,,341911,24,,,0,69,,341912,24,,,0,30,,341913,24,,,0,69,,341914,24,,,0,29,,341915,24,,,0,71,,341916,24,,,0,30,,341917,24,,,0,71,,341918,24,,,0,31,,341919,24,,,0,70,,341925,24,,,0,100,,341926,24,,,0,100,,341927,24,,,0,100,,341928,24,,,0,100,,341929,24,,,0,30,,341924,24,,,0
8001,'20260506',609,,341930,24,,,0,29,,341931,24,,,0,70,,341932,24,,,0,29,,341933,24,,,0,70,,341934,24,,,0,31,,341935,24,,,0,70,,341936,24,,,0,31,,341937,24,,,0,70,,341938,24,,,0,30,,341939,24,,,0,70,,341940,24,,,0,30,,341941,24,,,0,70,,341942,24,,,0,30,,341943,24,,,0,70,,341944,24,,,0,30,,341945,24,,,0,70,,341946,24,,,0,30,,341947,24,,,0,69,,341948,24,,,0,30,,341949,24,,,0,69,,341950,24,,,0,29,,341951,24,,,0,71,,341952,24,,,0,30,,341953,24,,,0,71,,341954,24,,,0,31,,341955,24,,,0,70,,341961,24,,,0,100,,341962,24,,,0,100,,341963,24,,,0,100,,341964,24,,,0,100,,341965,24,,,0,30,,341960,24,,,0
8001,'20260507',609,,341966,24,,,0,29,,341967,24,,,0,70,,341968,24,,,0,29,,341969,24,,,0,70,,341970,24,,,0,31,,341971,24,,,0,70,,341972,24,,,0,31,,341973,24,,,0,70,,341974,24,,,0,30,,341975,24,,,0,70,,341976,24,,,0,30,,341977,24,,,0,70,,341978,24,,,0,30,,341979,24,,,0,70,,341980,24,,,0,30,,341981,24,,,0,70,,341982,24,,,0,30,,341983,24,,,0,69,,341984,24,,,0,30,,341985,24,,,0,69,,341986,24,,,0,29,,341987,24,,,0,71,,341988,24,,,0,30,,341989,24,,,0,71,,341990,24,,,0,31,,341991,24,,,0,70,,341997,24,,,0,100,,341998,24,,,0,100,,341999,24,,,0,100,,342000,24,,,0,100,,342001,24,,,0,30,,341996,24,,,0
8001,'20260508',609,,368160,24,,,0,29,,368161,24,,,0,70,,368162,24,,,0,29,,368163,24,,,0,70,,368164,24,,,0,31,,368165,24,,,0,70,,368166,24,,,0,31,,368167,24,,,0,70,,368168,24,,,0,30,,368169,24,,,0,70,,368170,24,,,0,30,,368171,24,,,0,70,,368172,24,,,0,30,,368173,24,,,0,70,,368174,24,,,0,30,,368175,24,,,0,70,,368176,24,,,0,30,,368177,24,,,0,69,,368178,24,,,0,30,,368179,24,,,0,69,,368180,24,,,0,29,,368181,24,,,0,71,,368182,24,,,0,30,,368183,24,,,0,71,,368184,24,,,0,31,,368185,24,,,0,70,,368191,24,,,0,100,,368192,24,,,0,100,,368193,24,,,0,100,,368194,24,,,0,100,,368195,24,,,0,30,,368190,24,,,0
8001,'20260509',610,,368227,24,,,0,30,,368196,24,,,0,70,,368214,24,,,0,30,,368197,24,,,0,70,,368215,24,,,0,30,,368198,24,,,0,70,,368216,24,,,0,30,,368199,24,,,0,70,,368217,24,,,0,30,,368200,24,,,0,70,,368218,24,,,0,30,,368201,24,,,0,69,,368219,24,,,0,30,,368202,24,,,0,70,,368220,24,,,0,30,,368203,24,,,0,70,,368221,24,,,0,30,,368204,24,,,0,70,,368222,24,,,0,30,,368205,24,,,0,70,,368223,24,,,0,30,,368206,24,,,0,70,,368224,24,,,0,30,,368207,24,,,0,70,,368225,24,,,0,30,,368208,24,,,0,70,,368226,24,,,0,30,,368209,24,,,0,100,,368210,24,,,0,100,,368211,24,,,0,101,,368212,24,,,0,100,,368213,24,,,0
8001,'20260510',610,,368263,24,,,0,30,,368232,24,,,0,70,,368250,24,,,0,30,,368233,24,,,0,70,,368251,24,,,0,30,,368234,24,,,0,70,,368252,24,,,0,30,,368235,24,,,0,70,,368253,24,,,0,30,,368236,24,,,0,70,,368254,24,,,0,30,,368237,24,,,0,69,,368255,24,,,0,30,,368238,24,,,0,70,,368256,24,,,0,30,,368239,24,,,0,70,,368257,24,,,0,30,,368240,24,,,0,70,,368258,24,,,0,30,,368241,24,,,0,70,,368259,24,,,0,30,,368242,24,,,0,70,,368260,24,,,0,30,,368243,24,,,0,70,,368261,24,,,0,30,,368244,24,,,0,70,,368262,24,,,0,30,,368245,24,,,0,100,,368246,24,,,0,100,,368247,24,,,0,101,,368248,24,,,0,100,,368249,24,,,0
8001,'20260511',609,,368268,24,,,0,29,,368269,24,,,0,70,,368270,24,,,0,29,,368271,24,,,0,70,,368272,24,,,0,31,,368273,24,,,0,70,,368274,24,,,0,31,,368275,24,,,0,70,,368276,24,,,0,30,,368277,24,,,0,70,,368278,24,,,0,30,,368279,24,,,0,70,,368280,24,,,0,30,,368281,24,,,0,70,,368282,24,,,0,30,,368283,24,,,0,70,,368284,24,,,0,30,,368285,24,,,0,69,,368286,24,,,0,30,,368287,24,,,0,69,,368288,24,,,0,29,,368289,24,,,0,71,,368290,24,,,0,30,,368291,24,,,0,71,,368292,24,,,0,31,,368293,24,,,0,70,,368299,24,,,0,100,,368300,24,,,0,100,,368301,24,,,0,100,,368302,24,,,0,100,,368303,24,,,0,30,,368298,24,,,0
28001,'20260427',632,,345790,26,,,0,75,,345791,26,,,0,19,,345792,26,,,0,19,,345793,26,,,0,12,,345794,26,,,0,50,,345795,26,,,0
28001,'20260428',632,,345796,26,,,0,75,,345797,26,,,0,19,,345798,26,,,0,19,,345799,26,,,0,12,,345800,26,,,0,50,,345801,26,,,0
28001,'20260429',632,,372096,26,,,0,75,,372097,26,,,0,19,,372098,26,,,0,19,,372099,26,,,0,12,,372100,26,,,0,50,,372101,26,,,0
28001,'20260430',632,,372102,26,,,0,75,,372103,26,,,0,19,,372104,26,,,0,19,,372105,26,,,0,12,,372106,26,,,0,50,,372107,26,,,0
28001,'20260501',632,,372108,26,,,0,75,,372109,26,,,0,19,,372110,26,,,0,19,,372111,26,,,0,12,,372112,26,,,0,50,,372113,26,,,0
28001,'20260504',632,,319464,26,,,0,75,,319465,26,,,0,19,,319466,26,,,0,19,,319469,26,,,0,12,,319467,26,,,0,50,,319468,26,,,0
28001,'20260505',632,,345802,26,,,0,75,,345803,26,,,0,19,,345804,26,,,0,19,,345807,26,,,0,12,,345805,26,,,0,50,,345806,26,,,0
28001,'20260506',632,,345808,26,,,0,75,,345809,26,,,0,19,,345810,26,,,0,19,,345813,26,,,0,12,,345811,26,,,0,50,,345812,26,,,0
28001,'20260507',632,,345814,26,,,0,75,,345815,26,,,0,19,,345816,26,,,0,19,,345819,26,,,0,12,,345817,26,,,0,50,,345818,26,,,0
28001,'20260508',632,,372114,26,,,0,75,,372115,26,,,0,19,,372116,26,,,0,19,,372119,26,,,0,12,,372117,26,,,0,50,,372118,26,,,0
28001,'20260511',632,,372120,26,,,0,75,,372121,26,,,0,19,,372122,26,,,0,19,,372125,26,,,0,12,,372123,26,,,0,50,,372124,26,,,0
38001,'20260427',658,,346710,26,,,0,56,,346711,26,,,0,25,,346712,26,,,0,367,,346713,26,,,0
38001,'20260428',658,,346714,26,,,0,56,,346715,26,,,0,25,,346716,26,,,0,367,,346717,26,,,0
38001,'20260429',658,,373016,26,,,0,56,,373017,26,,,0,25,,373018,26,,,0,367,,373019,26,,,0
38001,'20260430',658,,373020,26,,,0,56,,373021,26,,,0,25,,373022,26,,,0,367,,373023,26,,,0
38001,'20260501',658,,373024,26,,,0,56,,373025,26,,,0,25,,373026,26,,,0,367,,373027,26,,,0
38001,'20260504',658,,320376,26,,,0,56,,320378,26,,,0,25,,320377,26,,,0,367,,320379,26,,,0
38001,'20260505',658,,346718,26,,,0,56,,346720,26,,,0,25,,346719,26,,,0,367,,346721,26,,,0
38001,'20260506',658,,346722,26,,,0,56,,346724,26,,,0,25,,346723,26,,,0,367,,346725,26,,,0
38001,'20260507',658,,346726,26,,,0,56,,346728,26,,,0,25,,346727,26,,,0,367,,346729,26,,,0
38001,'20260508',658,,373028,26,,,0,56,,373030,26,,,0,25,,373029,26,,,0,367,,373031,26,,,0
38001,'20260511',658,,373032,26,,,0,56,,373034,26,,,0,25,,373033,26,,,0,367,,373035,26,,,0
58001,'20260427',703,,347281,26,,,0,31,,347282,26,,,0,79,,347283,26,,,0
58001,'20260428',703,,347284,26,,,0,31,,347285,26,,,0,79,,347286,26,,,0
58001,'20260429',703,,373584,26,,,0,31,,373585,26,,,0,79,,373586,26,,,0
58001,'20260430',703,,373587,26,,,0,31,,373588,26,,,0,79,,373589,26,,,0
58001,'20260501',703,,373590,26,,,0,31,,373591,26,,,0,79,,373592,26,,,0
58001,'20260504',703,,320941,26,,,0,31,,320940,26,,,0,79,,320942,26,,,0
58001,'20260505',703,,347288,26,,,0,31,,347287,26,,,0,79,,347289,26,,,0
58001,'20260506',703,,347291,26,,,0,31,,347290,26,,,0,79,,347292,26,,,0
58001,'20260507',703,,347294,26,,,0,31,,347293,26,,,0,79,,347295,26,,,0
58001,'20260508',703,,373594,26,,,0,31,,373593,26,,,0,79,,373595,26,,,0
58001,'20260511',703,,373597,26,,,0,31,,373596,26,,,0,79,,373598,26,,,0
