37201,'20260612',644,,695938,63,,,0,61,,695939,63,,,0,34,,695940,63,,,0,177,,695941,63,,,0,200,,695942,63,,,0
37201,'20260615',644,,723314,63,,,0,61,,723315,63,,,0,34,,723316,63,,,0,177,,723317,63,,,0,200,,723318,63,,,0
37201,'20260616',644,,723319,63,,,0,61,,723320,63,,,0,34,,723321,63,,,0,177,,723322,63,,,0,200,,723323,63,,,0
37201,'20260617',644,,723324,63,,,0,61,,723325,63,,,0,34,,723326,63,,,0,177,,723327,63,,,0,200,,723328,63,,,0
37201,'20260618',644,,723329,63,,,0,61,,723330,63,,,0,34,,723331,63,,,0,177,,723332,63,,,0,200,,723333,63,,,0
37201,'20260619',644,,674209,63,,,0,61,,674208,63,,,0,34,,674212,63,,,0,177,,674210,63,,,0,200,,674211,63,,,0
57201,'20260612',649,,696177,63,,,0,61,,696178,63,,,0,39,,696179,63,,,0
57201,'20260615',649,,724034,63,,,0,61,,724035,63,,,0,39,,724036,63,,,0
57201,'20260616',649,,724037,63,,,0,61,,724038,63,,,0,39,,724039,63,,,0
57201,'20260617',649,,724040,63,,,0,61,,724041,63,,,0,39,,724042,63,,,0
57201,'20260618',649,,724043,63,,,0,61,,724044,63,,,0,39,,724045,63,,,0
57201,'20260619',649,,675068,63,,,0,61,,675069,63,,,0,39,,675070,63,,,0
57201,'20260622',643,,696180,63,,,0,61,,696181,63,,,0,33,,696182,63,,,0
57201,'20260623',643,,724046,63,,,0,61,,724047,63,,,0,33,,724048,63,,,0
57201,'20260625',643,,724049,63,,,0,61,,724050,63,,,0,33,,724051,63,,,0
57201,'20260626',643,,724052,63,,,0,61,,724053,63,,,0,33,,724054,63,,,0
