29102,'20260413',655,,258428,61,4,,0,65,,258429,61,4,,0,34,,258430,61,4,,0,69,,258431,61,4,,0
29102,'20260414',655,,258432,61,4,,0,65,,258433,61,4,,0,34,,258434,61,4,,0,69,,258435,61,4,,0
29102,'20260415',655,,258436,61,4,,0,65,,258437,61,4,,0,34,,258438,61,4,,0,69,,258439,61,4,,0
29102,'20260416',655,,258440,61,4,,0,65,,258441,61,4,,0,34,,258442,61,4,,0,69,,258443,61,4,,0
29102,'20260417',655,,258444,61,4,,0,65,,258445,61,4,,0,34,,258446,61,4,,0,69,,258447,61,4,,0
29102,'20260420',655,,213487,61,4,,0,65,,213490,61,4,,0,34,,213488,61,4,,0,69,,213489,61,4,,0
29102,'20260421',655,,258448,61,4,,0,65,,258451,61,4,,0,34,,258449,61,4,,0,69,,258450,61,4,,0
29102,'20260422',655,,258452,61,4,,0,65,,258455,61,4,,0,34,,258453,61,4,,0,69,,258454,61,4,,0
29102,'20260423',655,,258456,61,4,,0,65,,258459,61,4,,0,34,,258457,61,4,,0,69,,258458,61,4,,0
29102,'20260424',655,,258460,61,4,,0,65,,258463,61,4,,0,34,,258461,61,4,,0,69,,258462,61,4,,0
29102,'20260427',655,,258464,61,4,,0,65,,258467,61,4,,0,34,,258465,61,4,,0,69,,258466,61,4,,0
29103,'20260413',1510,,258468,1,,,0,30,,258469,1,,,0,70,,258470,1,,,0,30,,258471,1,,,0
29103,'20260414',1510,,258472,1,,,0,30,,258473,1,,,0,70,,258474,1,,,0,30,,258475,1,,,0
29103,'20260415',1510,,258476,1,,,0,30,,258477,1,,,0,70,,258478,1,,,0,30,,258479,1,,,0
29103,'20260416',1510,,258480,1,,,0,30,,258481,1,,,0,70,,258482,1,,,0,30,,258483,1,,,0
29103,'20260417',1510,,258484,1,,,0,30,,258485,1,,,0,70,,258486,1,,,0,30,,258487,1,,,0
29103,'20260420',1510,,213522,1,,,0,30,,213519,1,,,0,70,,213521,1,,,0,30,,213520,1,,,0
29103,'20260421',1510,,258491,1,,,0,30,,258488,1,,,0,70,,258490,1,,,0,30,,258489,1,,,0
29103,'20260422',1510,,258495,1,,,0,30,,258492,1,,,0,70,,258494,1,,,0,30,,258493,1,,,0
29103,'20260423',1510,,258499,1,,,0,30,,258496,1,,,0,70,,258498,1,,,0,30,,258497,1,,,0
29103,'20260424',1510,,258503,1,,,0,30,,258500,1,,,0,70,,258502,1,,,0,30,,258501,1,,,0
29103,'20260427',1510,,258507,1,,,0,30,,258504,1,,,0,70,,258506,1,,,0,30,,258505,1,,,0
29402,'20260413',656,,258568,51,4,,0,99,,258569,51,4,,0,69,,258570,51,4,,0
29402,'20260414',656,,258571,51,4,,0,99,,258572,51,4,,0,69,,258573,51,4,,0
29402,'20260415',656,,258574,51,4,,0,99,,258575,51,4,,0,69,,258576,51,4,,0
29402,'20260416',656,,258577,51,4,,0,99,,258578,51,4,,0,69,,258579,51,4,,0
29402,'20260417',656,,258580,51,4,,0,99,,258581,51,4,,0,69,,258582,51,4,,0
29402,'20260420',656,,213592,51,4,,0,99,,213593,51,4,,0,69,,213594,51,4,,0
29402,'20260421',656,,258583,51,4,,0,99,,258584,51,4,,0,69,,258585,51,4,,0
29402,'20260422',656,,258586,51,4,,0,99,,258587,51,4,,0,69,,258588,51,4,,0
29402,'20260423',656,,258589,51,4,,0,99,,258590,51,4,,0,69,,258591,51,4,,0
29402,'20260424',656,,258592,51,4,,0,99,,258593,51,4,,0,69,,258594,51,4,,0
29402,'20260427',656,,258595,51,4,,0,99,,258596,51,4,,0,69,,258597,51,4,,0
29403,'20260413',1535,,258598,1,,,0,100,,258599,1,,,0,75,,258600,1,,,0
29403,'20260414',1535,,258601,1,,,0,100,,258602,1,,,0,75,,258603,1,,,0
29403,'20260415',1535,,258604,1,,,0,100,,258605,1,,,0,75,,258606,1,,,0
29403,'20260416',1535,,258607,1,,,0,100,,258608,1,,,0,75,,258609,1,,,0
29403,'20260417',1535,,258610,1,,,0,100,,258611,1,,,0,75,,258612,1,,,0
29403,'20260420',1535,,213616,1,,,0,100,,213617,1,,,0,75,,213618,1,,,0
29403,'20260421',1535,,258613,1,,,0,100,,258614,1,,,0,75,,258615,1,,,0
29403,'20260422',1535,,258616,1,,,0,100,,258617,1,,,0,75,,258618,1,,,0
29403,'20260423',1535,,258619,1,,,0,100,,258620,1,,,0,75,,258621,1,,,0
29403,'20260424',1535,,258622,1,,,0,100,,258623,1,,,0,75,,258624,1,,,0
29403,'20260427',1535,,258625,1,,,0,100,,258626,1,,,0,75,,258627,1,,,0
