28100,'20260709',1625,,883914,8,4,,0,30,,883915,8,4,,0,68,,883916,8,4,,0,29,,883917,8,4,,0,63,,883918,8,4,,0
28100,'20260710',1625,,909571,8,4,,0,30,,909572,8,4,,0,68,,909573,8,4,,0,29,,909574,8,4,,0,63,,909575,8,4,,0
28100,'20260713',1625,,928922,8,4,,0,30,,928923,8,4,,0,68,,928924,8,4,,0,29,,928925,8,4,,0,63,,928926,8,4,,0
28100,'20260714',1625,,928927,8,4,,0,30,,928928,8,4,,0,68,,928929,8,4,,0,29,,928930,8,4,,0,63,,928931,8,4,,0
28100,'20260715',1625,,883921,8,4,,0,30,,883920,8,4,,0,68,,883919,8,4,,0,29,,883923,8,4,,0,63,,883922,8,4,,0
28100,'20260716',1625,,883926,8,4,,0,30,,883925,8,4,,0,68,,883924,8,4,,0,29,,883928,8,4,,0,63,,883927,8,4,,0
28100,'20260717',1625,,883931,8,4,,0,30,,883930,8,4,,0,68,,883929,8,4,,0,29,,883933,8,4,,0,63,,883932,8,4,,0
28100,'20260720',1625,,909578,8,4,,0,30,,909577,8,4,,0,68,,909576,8,4,,0,29,,909580,8,4,,0,63,,909579,8,4,,0
28100,'20260721',1625,,909583,8,4,,0,30,,909582,8,4,,0,68,,909581,8,4,,0,29,,909585,8,4,,0,63,,909584,8,4,,0
28100,'20260722',1625,,928934,8,4,,0,30,,928933,8,4,,0,68,,928932,8,4,,0,29,,928936,8,4,,0,63,,928935,8,4,,0
28100,'20260723',1625,,928939,8,4,,0,30,,928938,8,4,,0,68,,928937,8,4,,0,29,,928941,8,4,,0,63,,928940,8,4,,0
58100,'20260709',1648,,885460,11,4,,0,97,,885461,11,4,,0
58100,'20260710',1648,,910208,11,4,,0,97,,910209,11,4,,0
58100,'20260713',1648,,930120,11,4,,0,97,,930121,11,4,,0
58100,'20260714',1648,,930122,11,4,,0,97,,930123,11,4,,0
58100,'20260715',1648,,885462,11,4,,0,97,,885463,11,4,,0
58100,'20260716',1648,,885464,11,4,,0,97,,885465,11,4,,0
58100,'20260717',1648,,885466,11,4,,0,97,,885467,11,4,,0
58100,'20260720',1648,,910210,11,4,,0,97,,910211,11,4,,0
58100,'20260721',1648,,910212,11,4,,0,97,,910213,11,4,,0
58100,'20260722',1648,,930124,11,4,,0,97,,930125,11,4,,0
58100,'20260723',1648,,930126,11,4,,0,97,,930127,11,4,,0
