'20240930daily',7700,62600,4,'',0,3000,4,'',0,7500,4,'',0,7100,4,'',0,2900,4,'',0,2800,4,'',0,6900,4,'',0,9900,4,'',0,10100,4,'',0,10200,4,'',0,10000,4,'',0,10000,4,'',0,10500,4,'',0,10600,4,'',0,7000,4,'',0,2700,4,'',0,6600,4,'',0,2600,4,'',0,2800,4,'',0,6900,4,'',0,10000,4,'',0,10000,4,'',0,2900,4,'',0,7000,4,'',0,9900,4,'',0,10000,4,'',0,9800,4,'',0
'20241001daily',7700,62600,4,'',0,3000,4,'',0,7500,4,'',0,7100,4,'',0,2900,4,'',0,2800,4,'',0,6900,4,'',0,9900,4,'',0,10100,4,'',0,10200,4,'',0,10000,4,'',0,10000,4,'',0,10500,4,'',0,10600,4,'',0,7000,4,'',0,2700,4,'',0,6600,4,'',0,2600,4,'',0,2800,4,'',0,6900,4,'',0,10000,4,'',0,10000,4,'',0,2900,4,'',0,7000,4,'',0,9900,4,'',0,10000,4,'',0,9800,4,'',0
'20241002daily',7700,62600,4,'',0,3000,4,'',0,7500,4,'',0,7100,4,'',0,2900,4,'',0,2800,4,'',0,6900,4,'',0,9900,4,'',0,10100,4,'',0,10200,4,'',0,10000,4,'',0,10000,4,'',0,10500,4,'',0,10600,4,'',0,7000,4,'',0,2700,4,'',0,6600,4,'',0,2600,4,'',0,2800,4,'',0,6900,4,'',0,10000,4,'',0,10000,4,'',0,2900,4,'',0,7000,4,'',0,9900,4,'',0,10000,4,'',0,9800,4,'',0
'20241003daily',7700,62600,4,'',0,3000,4,'',0,7500,4,'',0,7100,4,'',0,2900,4,'',0,2800,4,'',0,6900,4,'',0,9900,4,'',0,10100,4,'',0,10200,4,'',0,10000,4,'',0,10000,4,'',0,10500,4,'',0,10600,4,'',0,7000,4,'',0,2700,4,'',0,6600,4,'',0,2600,4,'',0,2800,4,'',0,6900,4,'',0,10000,4,'',0,10000,4,'',0,2900,4,'',0,7000,4,'',0,9900,4,'',0,10000,4,'',0,9800,4,'',0
'20241004daily',7700,62600,4,'',0,3000,4,'',0,7500,4,'',0,7100,4,'',0,2900,4,'',0,2800,4,'',0,6900,4,'',0,9900,4,'',0,10100,4,'',0,10200,4,'',0,10000,4,'',0,10000,4,'',0,10500,4,'',0,10600,4,'',0,7000,4,'',0,2700,4,'',0,6600,4,'',0,5400,4,'',0,6900,4,'',0,10000,4,'',0,10000,4,'',0,2900,4,'',0,7000,4,'',0,9900,4,'',0,10000,4,'',0,9800,4,'',0
'20241005daily',7700,72400,4,'',0,10000,4,'',0,10000,4,'',0,10200,4,'',0,10000,4,'',0,10100,4,'',0,10100,4,'',0,10000,4,'',0,10100,4,'',0,10000,4,'',0,10000,4,'',0,2800,4,'',0,6900,4,'',0,10000,4,'',0,10000,4,'',0,10000,4,'',0,9900,4,'',0,10000,4,'',0,9900,4,'',0,10000,4,'',0
'20241006daily',7700,72400,4,'',0,10000,4,'',0,10000,4,'',0,10200,4,'',0,10000,4,'',0,10100,4,'',0,10100,4,'',0,10000,4,'',0,10100,4,'',0,10000,4,'',0,10000,4,'',0,2800,4,'',0,6900,4,'',0,10000,4,'',0,10000,4,'',0,10000,4,'',0,9900,4,'',0,10000,4,'',0,9900,4,'',0,10000,4,'',0
'20241007daily',7700,62600,4,'',0,3000,4,'',0,7500,4,'',0,7100,4,'',0,2900,4,'',0,2800,4,'',0,6900,4,'',0,9900,4,'',0,10100,4,'',0,10200,4,'',0,10000,4,'',0,10000,4,'',0,10500,4,'',0,10600,4,'',0,7000,4,'',0,2700,4,'',0,6600,4,'',0,2600,4,'',0,2800,4,'',0,6900,4,'',0,10000,4,'',0,10000,4,'',0,2900,4,'',0,7000,4,'',0,9900,4,'',0,10000,4,'',0,9800,4,'',0
'20241008daily',7700,62600,4,'',0,3000,4,'',0,7500,4,'',0,7100,4,'',0,2900,4,'',0,2800,4,'',0,6900,4,'',0,9900,4,'',0,10100,4,'',0,10200,4,'',0,10000,4,'',0,10000,4,'',0,10500,4,'',0,10600,4,'',0,7000,4,'',0,2700,4,'',0,6600,4,'',0,2600,4,'',0,2800,4,'',0,6900,4,'',0,10000,4,'',0,10000,4,'',0,2900,4,'',0,7000,4,'',0,9900,4,'',0,10000,4,'',0,9800,4,'',0
'20241009daily',7700,62600,4,'',0,3000,4,'',0,7500,4,'',0,7100,4,'',0,2900,4,'',0,2800,4,'',0,6900,4,'',0,9900,4,'',0,10100,4,'',0,10200,4,'',0,10000,4,'',0,10000,4,'',0,10500,4,'',0,10600,4,'',0,7000,4,'',0,2700,4,'',0,6600,4,'',0,2600,4,'',0,2800,4,'',0,6900,4,'',0,10000,4,'',0,10000,4,'',0,2900,4,'',0,7000,4,'',0,9900,4,'',0,10000,4,'',0,9800,4,'',0
'20241010daily',7700,62600,4,'',0,3000,4,'',0,7500,4,'',0,7100,4,'',0,2900,4,'',0,2800,4,'',0,6900,4,'',0,9900,4,'',0,10100,4,'',0,10200,4,'',0,10000,4,'',0,10000,4,'',0,10500,4,'',0,10600,4,'',0,7000,4,'',0,2700,4,'',0,6600,4,'',0,2600,4,'',0,2800,4,'',0,6900,4,'',0,10000,4,'',0,10000,4,'',0,2900,4,'',0,7000,4,'',0,9900,4,'',0,10000,4,'',0,9800,4,'',0
'20241011daily',7700,62600,4,'',0,3000,4,'',0,7500,4,'',0,7100,4,'',0,2900,4,'',0,2800,4,'',0,6900,4,'',0,9900,4,'',0,10100,4,'',0,10200,4,'',0,10000,4,'',0,10000,4,'',0,10500,4,'',0,10600,4,'',0,7000,4,'',0,2700,4,'',0,6600,4,'',0,2600,4,'',0,2800,4,'',0,6900,4,'',0,10000,4,'',0,10000,4,'',0,2900,4,'',0,7000,4,'',0,9900,4,'',0,10000,4,'',0,9800,4,'',0
'20241012daily',7700,72400,4,'',0,10000,4,'',0,10000,4,'',0,10200,4,'',0,10000,4,'',0,10100,4,'',0,10100,4,'',0,10000,4,'',0,10100,4,'',0,10000,4,'',0,10000,4,'',0,2800,4,'',0,6900,4,'',0,10000,4,'',0,10000,4,'',0,10000,4,'',0,9900,4,'',0,10000,4,'',0,9900,4,'',0,10000,4,'',0
'20241013daily',7700,72400,4,'',0,10000,4,'',0,10000,4,'',0,10200,4,'',0,10000,4,'',0,10100,4,'',0,10100,4,'',0,10000,4,'',0,10100,4,'',0,10000,4,'',0,10000,4,'',0,2800,4,'',0,6900,4,'',0,10000,4,'',0,10000,4,'',0,10000,4,'',0,9900,4,'',0,10000,4,'',0,9900,4,'',0,10000,4,'',0
'20241014daily',7700,72400,4,'',0,10000,4,'',0,10000,4,'',0,10200,4,'',0,10000,4,'',0,10100,4,'',0,10100,4,'',0,10000,4,'',0,10100,4,'',0,10000,4,'',0,10000,4,'',0,2800,4,'',0,6900,4,'',0,10000,4,'',0,10000,4,'',0,10000,4,'',0,9900,4,'',0,10000,4,'',0,9900,4,'',0,10000,4,'',0
'20241015daily',7700,62600,4,'',0,3000,4,'',0,7500,4,'',0,7100,4,'',0,2900,4,'',0,2800,4,'',0,6900,4,'',0,9900,4,'',0,10100,4,'',0,10200,4,'',0,10000,4,'',0,10000,4,'',0,10500,4,'',0,10600,4,'',0,7000,4,'',0,2700,4,'',0,6600,4,'',0,2600,4,'',0,2800,4,'',0,6900,4,'',0,10000,4,'',0,10000,4,'',0,2900,4,'',0,7000,4,'',0,9900,4,'',0,10000,4,'',0,9800,4,'',0
'20240930daily',27700,161000,4,'',0,2700,4,'',0,200,4,'',0,6400,4,'',0,2000,4,'',0,3300,4,'',0,5200,4,'',0,2500,4,'',0
'20241001daily',27700,161000,4,'',0,2700,4,'',0,200,4,'',0,6400,4,'',0,2000,4,'',0,3300,4,'',0,5200,4,'',0,2500,4,'',0
'20241002daily',27700,161000,4,'',0,2700,4,'',0,200,4,'',0,6400,4,'',0,2000,4,'',0,3300,4,'',0,5200,4,'',0,2500,4,'',0
'20241003daily',27700,161000,4,'',0,2700,4,'',0,200,4,'',0,6400,4,'',0,2000,4,'',0,3300,4,'',0,5200,4,'',0,2500,4,'',0
'20241004daily',27700,161000,4,'',0,2700,4,'',0,200,4,'',0,6400,4,'',0,2000,4,'',0,3300,4,'',0,5200,4,'',0,2500,4,'',0
'20241007daily',27700,161000,4,'',0,2700,4,'',0,200,4,'',0,6400,4,'',0,2000,4,'',0,3300,4,'',0,5200,4,'',0,2500,4,'',0
'20241008daily',27700,161000,4,'',0,2700,4,'',0,200,4,'',0,6400,4,'',0,2000,4,'',0,3300,4,'',0,5200,4,'',0,2500,4,'',0
'20241009daily',27700,161000,4,'',0,2700,4,'',0,200,4,'',0,6400,4,'',0,2000,4,'',0,3300,4,'',0,5200,4,'',0,2500,4,'',0
'20241010daily',27700,161000,4,'',0,2700,4,'',0,200,4,'',0,6400,4,'',0,2000,4,'',0,3300,4,'',0,5200,4,'',0,2500,4,'',0
'20241011daily',27700,161000,4,'',0,2700,4,'',0,200,4,'',0,6400,4,'',0,2000,4,'',0,3300,4,'',0,5200,4,'',0,2500,4,'',0
'20241015daily',27700,161000,4,'',0,2700,4,'',0,200,4,'',0,6400,4,'',0,2000,4,'',0,3300,4,'',0,5200,4,'',0,2500,4,'',0
'20240930daily',37700,130100,4,'',0,33900,4,'',0,7500,4,'',0,2600,4,'',0,7200,4,'',0,9700,4,'',0
'20241001daily',37700,130100,4,'',0,33900,4,'',0,7500,4,'',0,2600,4,'',0,7200,4,'',0,9700,4,'',0
'20241002daily',37700,130100,4,'',0,33900,4,'',0,7500,4,'',0,2600,4,'',0,7200,4,'',0,9700,4,'',0
'20241003daily',37700,130100,4,'',0,33900,4,'',0,7500,4,'',0,2600,4,'',0,7200,4,'',0,9700,4,'',0
'20241004daily',37700,130100,4,'',0,33900,4,'',0,7500,4,'',0,2600,4,'',0,7200,4,'',0,9700,4,'',0
'20241007daily',37700,130100,4,'',0,33900,4,'',0,7500,4,'',0,2600,4,'',0,7200,4,'',0,9700,4,'',0
'20241008daily',37700,130100,4,'',0,33900,4,'',0,7500,4,'',0,2600,4,'',0,7200,4,'',0,9700,4,'',0
'20241009daily',37700,130100,4,'',0,33900,4,'',0,7500,4,'',0,2600,4,'',0,7200,4,'',0,9700,4,'',0
'20241010daily',37700,130100,4,'',0,33900,4,'',0,7500,4,'',0,2600,4,'',0,7200,4,'',0,9700,4,'',0
'20241011daily',37700,130100,4,'',0,33900,4,'',0,7500,4,'',0,2600,4,'',0,7200,4,'',0,9700,4,'',0
'20241015daily',37700,130100,4,'',0,33900,4,'',0,7500,4,'',0,2600,4,'',0,7200,4,'',0,9700,4,'',0
'20240930daily',57700,163400,4,'',0,7700,4,'',0,4200,4,'',0,5700,4,'',0,1600,4,'',0
'20241001daily',57700,163400,4,'',0,7700,4,'',0,4200,4,'',0,5700,4,'',0,1600,4,'',0
'20241002daily',57700,163400,4,'',0,7700,4,'',0,4200,4,'',0,5700,4,'',0,1600,4,'',0
'20241003daily',57700,163400,4,'',0,7700,4,'',0,4200,4,'',0,5700,4,'',0,1600,4,'',0
'20241004daily',57700,163400,4,'',0,7700,4,'',0,4200,4,'',0,5700,4,'',0,1600,4,'',0
'20241007daily',57700,163400,4,'',0,7700,4,'',0,4200,4,'',0,5700,4,'',0,1600,4,'',0
'20241008daily',57700,163400,4,'',0,7700,4,'',0,4200,4,'',0,5700,4,'',0,1600,4,'',0
'20241009daily',57700,163400,4,'',0,7700,4,'',0,4200,4,'',0,5700,4,'',0,1600,4,'',0
'20241010daily',57700,163400,4,'',0,7700,4,'',0,4200,4,'',0,5700,4,'',0,1600,4,'',0
'20241011daily',57700,163400,4,'',0,7700,4,'',0,4200,4,'',0,5700,4,'',0,1600,4,'',0
'20241015daily',57700,163400,4,'',0,7700,4,'',0,4200,4,'',0,5700,4,'',0,1600,4,'',0
