9301,'20260703',556,,853933,36,,,0,95,,853934,36,,,0,60,,853935,36,,,0,14,,853936,36,,,0,31,,853937,36,,,0,71,,853938,36,,,0,29,,853939,36,,,0,71,,853940,36,,,0,99,,853941,36,,,0,100,,853942,36,,,0,100,,853943,36,,,0,101,,853944,36,,,0,99,,853945,36,,,0,100,,853946,36,,,0,30,,853947,36,,,0,63,,853948,36,,,0,81,,853949,36,,,0,35,,853950,36,,,0,95,,853951,36,,,0,100,,853952,36,,,0,101,,853953,36,,,0,99,,853954,36,,,0,105,,853955,36,,,0
9301,'20260704',723,,881467,36,,,0,101,,881468,36,,,0,100,,881469,36,,,0,95,,881470,36,,,0,104,,881471,36,,,0,100,,881472,36,,,0,99,,881473,36,,,0,106,,881474,36,,,0,101,,881475,36,,,0,92,,881476,36,,,0,109,,881477,36,,,0,94,,881478,36,,,0,99,,881479,36,,,0,100,,881480,36,,,0,199,,881481,36,,,0,199,,881482,36,,,0
9301,'20260705',723,,881483,36,,,0,101,,881484,36,,,0,100,,881485,36,,,0,95,,881486,36,,,0,104,,881487,36,,,0,100,,881488,36,,,0,99,,881489,36,,,0,106,,881490,36,,,0,101,,881491,36,,,0,92,,881492,36,,,0,109,,881493,36,,,0,94,,881494,36,,,0,99,,881495,36,,,0,100,,881496,36,,,0,199,,881497,36,,,0,199,,881498,36,,,0
9301,'20260706',556,,881499,36,,,0,95,,881500,36,,,0,60,,881501,36,,,0,14,,881502,36,,,0,31,,881503,36,,,0,71,,881504,36,,,0,29,,881505,36,,,0,71,,881506,36,,,0,99,,881507,36,,,0,100,,881508,36,,,0,100,,881509,36,,,0,101,,881510,36,,,0,99,,881511,36,,,0,100,,881512,36,,,0,30,,881513,36,,,0,63,,881514,36,,,0,81,,881515,36,,,0,35,,881516,36,,,0,95,,881517,36,,,0,100,,881518,36,,,0,101,,881519,36,,,0,99,,881520,36,,,0,105,,881521,36,,,0
9301,'20260707',556,,881522,36,,,0,95,,881523,36,,,0,60,,881524,36,,,0,14,,881525,36,,,0,31,,881526,36,,,0,71,,881527,36,,,0,29,,881528,36,,,0,71,,881529,36,,,0,99,,881530,36,,,0,100,,881531,36,,,0,100,,881532,36,,,0,101,,881533,36,,,0,99,,881534,36,,,0,100,,881535,36,,,0,30,,881536,36,,,0,63,,881537,36,,,0,81,,881538,36,,,0,35,,881539,36,,,0,95,,881540,36,,,0,100,,881541,36,,,0,101,,881542,36,,,0,99,,881543,36,,,0,105,,881544,36,,,0
9301,'20260708',556,,881545,36,,,0,95,,881546,36,,,0,60,,881547,36,,,0,14,,881548,36,,,0,31,,881549,36,,,0,71,,881550,36,,,0,29,,881551,36,,,0,71,,881552,36,,,0,99,,881553,36,,,0,100,,881554,36,,,0,100,,881555,36,,,0,101,,881556,36,,,0,99,,881557,36,,,0,100,,881558,36,,,0,30,,881559,36,,,0,63,,881560,36,,,0,81,,881561,36,,,0,35,,881562,36,,,0,95,,881563,36,,,0,100,,881564,36,,,0,101,,881565,36,,,0,99,,881566,36,,,0,105,,881567,36,,,0
9301,'20260709',556,,881568,36,,,0,95,,881569,36,,,0,60,,881570,36,,,0,14,,881571,36,,,0,31,,881572,36,,,0,71,,881573,36,,,0,29,,881574,36,,,0,71,,881575,36,,,0,99,,881576,36,,,0,100,,881577,36,,,0,100,,881578,36,,,0,101,,881579,36,,,0,99,,881580,36,,,0,100,,881581,36,,,0,30,,881582,36,,,0,63,,881583,36,,,0,81,,881584,36,,,0,35,,881585,36,,,0,95,,881586,36,,,0,100,,881587,36,,,0,101,,881588,36,,,0,99,,881589,36,,,0,105,,881590,36,,,0
9301,'20260710',556,,830732,36,,,0,95,,830717,36,,,0,60,,830739,36,,,0,14,,830718,36,,,0,31,,830719,36,,,0,71,,830720,36,,,0,29,,830721,36,,,0,71,,830730,36,,,0,99,,830722,36,,,0,100,,830735,36,,,0,100,,830723,36,,,0,101,,830736,36,,,0,99,,830724,36,,,0,100,,830728,36,,,0,30,,830737,36,,,0,63,,830725,36,,,0,81,,830738,36,,,0,35,,830731,36,,,0,95,,830729,36,,,0,100,,830733,36,,,0,101,,830726,36,,,0,99,,830734,36,,,0,105,,830727,36,,,0
9301,'20260711',723,,853961,36,,,0,101,,853956,36,,,0,100,,853970,36,,,0,95,,853963,36,,,0,104,,853965,36,,,0,100,,853957,36,,,0,99,,853966,36,,,0,106,,853964,36,,,0,101,,853967,36,,,0,92,,853958,36,,,0,109,,853968,36,,,0,94,,853962,36,,,0,99,,853969,36,,,0,100,,853959,36,,,0,199,,853960,36,,,0,199,,853971,36,,,0
9301,'20260712',723,,853984,36,,,0,101,,853977,36,,,0,100,,853985,36,,,0,95,,853972,36,,,0,104,,853980,36,,,0,100,,853973,36,,,0,99,,853981,36,,,0,106,,853978,36,,,0,101,,853982,36,,,0,92,,853974,36,,,0,109,,853983,36,,,0,94,,853979,36,,,0,99,,853986,36,,,0,100,,853975,36,,,0,199,,853976,36,,,0,199,,853987,36,,,0
9301,'20260713',556,,854003,36,,,0,95,,853988,36,,,0,60,,854010,36,,,0,14,,853989,36,,,0,31,,853990,36,,,0,71,,853991,36,,,0,29,,853992,36,,,0,71,,854001,36,,,0,99,,853993,36,,,0,100,,854006,36,,,0,100,,853994,36,,,0,101,,854007,36,,,0,99,,853995,36,,,0,100,,853999,36,,,0,30,,854008,36,,,0,63,,853996,36,,,0,81,,854009,36,,,0,35,,854002,36,,,0,95,,854000,36,,,0,100,,854004,36,,,0,101,,853997,36,,,0,99,,854005,36,,,0,105,,853998,36,,,0
9301,'20260714',556,,854026,36,,,0,95,,854011,36,,,0,60,,854033,36,,,0,14,,854012,36,,,0,31,,854013,36,,,0,71,,854014,36,,,0,29,,854015,36,,,0,71,,854024,36,,,0,99,,854016,36,,,0,100,,854029,36,,,0,100,,854017,36,,,0,101,,854030,36,,,0,99,,854018,36,,,0,100,,854022,36,,,0,30,,854031,36,,,0,63,,854019,36,,,0,81,,854032,36,,,0,35,,854025,36,,,0,95,,854023,36,,,0,100,,854027,36,,,0,101,,854020,36,,,0,99,,854028,36,,,0,105,,854021,36,,,0
9301,'20260715',556,,881606,36,,,0,95,,881591,36,,,0,60,,881613,36,,,0,14,,881592,36,,,0,31,,881593,36,,,0,71,,881594,36,,,0,29,,881595,36,,,0,71,,881604,36,,,0,99,,881596,36,,,0,100,,881609,36,,,0,100,,881597,36,,,0,101,,881610,36,,,0,99,,881598,36,,,0,100,,881602,36,,,0,30,,881611,36,,,0,63,,881599,36,,,0,81,,881612,36,,,0,35,,881605,36,,,0,95,,881603,36,,,0,100,,881607,36,,,0,101,,881600,36,,,0,99,,881608,36,,,0,105,,881601,36,,,0
9301,'20260716',556,,881629,36,,,0,95,,881614,36,,,0,60,,881636,36,,,0,14,,881615,36,,,0,31,,881616,36,,,0,71,,881617,36,,,0,29,,881618,36,,,0,71,,881627,36,,,0,99,,881619,36,,,0,100,,881632,36,,,0,100,,881620,36,,,0,101,,881633,36,,,0,99,,881621,36,,,0,100,,881625,36,,,0,30,,881634,36,,,0,63,,881622,36,,,0,81,,881635,36,,,0,35,,881628,36,,,0,95,,881626,36,,,0,100,,881630,36,,,0,101,,881623,36,,,0,99,,881631,36,,,0,105,,881624,36,,,0
9301,'20260717',556,,881652,36,,,0,95,,881637,36,,,0,60,,881659,36,,,0,14,,881638,36,,,0,31,,881639,36,,,0,71,,881640,36,,,0,29,,881641,36,,,0,71,,881650,36,,,0,99,,881642,36,,,0,100,,881655,36,,,0,100,,881643,36,,,0,101,,881656,36,,,0,99,,881644,36,,,0,100,,881648,36,,,0,30,,881657,36,,,0,63,,881645,36,,,0,81,,881658,36,,,0,35,,881651,36,,,0,95,,881649,36,,,0,100,,881653,36,,,0,101,,881646,36,,,0,99,,881654,36,,,0,105,,881647,36,,,0
9301,'20262511',723,,881665,36,,,0,101,,881660,36,,,0,100,,881674,36,,,0,95,,881667,36,,,0,104,,881669,36,,,0,100,,881661,36,,,0,99,,881670,36,,,0,106,,881668,36,,,0,101,,881671,36,,,0,92,,881662,36,,,0,109,,881672,36,,,0,94,,881666,36,,,0,99,,881673,36,,,0,100,,881663,36,,,0,199,,881664,36,,,0,199,,881675,36,,,0
9301,'20262611',723,,881688,36,,,0,101,,881681,36,,,0,100,,881689,36,,,0,95,,881676,36,,,0,104,,881684,36,,,0,100,,881677,36,,,0,99,,881685,36,,,0,106,,881682,36,,,0,101,,881686,36,,,0,92,,881678,36,,,0,109,,881687,36,,,0,94,,881683,36,,,0,99,,881690,36,,,0,100,,881679,36,,,0,199,,881680,36,,,0,199,,881691,36,,,0
9600,'20260703',647,,854224,44,,,0,104,,854225,44,,,0,100,,854226,44,,,0,99,,854227,44,,,0,100,,854228,44,,,0,100,,854229,44,,,0,101,,854230,44,,,0,100,,854231,44,,,0,100,,854232,44,,,0,98,,854233,44,,,0,65,,854234,44,,,0,38,,854235,44,,,0,73,,854236,44,,,0,28,,854237,44,,,0,99,,854238,44,,,0,99,,854239,44,,,0,100,,854240,44,,,0,100,,854241,44,,,0,101,,854242,44,,,0
9600,'20260704',721,,882112,44,,,0,100,,882113,44,,,0,100,,882114,44,,,0,98,,882115,44,,,0,106,,882116,44,,,0,95,,882117,44,,,0,96,,882118,44,,,0,109,,882119,44,,,0,98,,882120,44,,,0,101,,882121,44,,,0,107,,882122,44,,,0,92,,882123,44,,,0,98,,882124,44,,,0,101,,882125,44,,,0,99,,882126,44,,,0,100,,882127,44,,,0
9600,'20260705',721,,882128,44,,,0,100,,882129,44,,,0,100,,882130,44,,,0,98,,882131,44,,,0,106,,882132,44,,,0,95,,882133,44,,,0,96,,882134,44,,,0,109,,882135,44,,,0,98,,882136,44,,,0,101,,882137,44,,,0,107,,882138,44,,,0,92,,882139,44,,,0,98,,882140,44,,,0,101,,882141,44,,,0,99,,882142,44,,,0,100,,882143,44,,,0
9600,'20260706',647,,882144,44,,,0,104,,882145,44,,,0,100,,882146,44,,,0,99,,882147,44,,,0,100,,882148,44,,,0,100,,882149,44,,,0,101,,882150,44,,,0,100,,882151,44,,,0,100,,882152,44,,,0,98,,882153,44,,,0,65,,882154,44,,,0,38,,882155,44,,,0,73,,882156,44,,,0,28,,882157,44,,,0,99,,882158,44,,,0,99,,882159,44,,,0,100,,882160,44,,,0,100,,882161,44,,,0,101,,882162,44,,,0
9600,'20260707',647,,882163,44,,,0,104,,882164,44,,,0,100,,882165,44,,,0,99,,882166,44,,,0,100,,882167,44,,,0,100,,882168,44,,,0,101,,882169,44,,,0,100,,882170,44,,,0,100,,882171,44,,,0,98,,882172,44,,,0,65,,882173,44,,,0,38,,882174,44,,,0,73,,882175,44,,,0,28,,882176,44,,,0,99,,882177,44,,,0,99,,882178,44,,,0,100,,882179,44,,,0,100,,882180,44,,,0,101,,882181,44,,,0
9600,'20260708',647,,882182,44,,,0,104,,882183,44,,,0,100,,882184,44,,,0,99,,882185,44,,,0,100,,882186,44,,,0,100,,882187,44,,,0,101,,882188,44,,,0,100,,882189,44,,,0,100,,882190,44,,,0,98,,882191,44,,,0,65,,882192,44,,,0,38,,882193,44,,,0,73,,882194,44,,,0,28,,882195,44,,,0,99,,882196,44,,,0,99,,882197,44,,,0,100,,882198,44,,,0,100,,882199,44,,,0,101,,882200,44,,,0
9600,'20260709',647,,882201,44,,,0,104,,882202,44,,,0,100,,882203,44,,,0,99,,882204,44,,,0,100,,882205,44,,,0,100,,882206,44,,,0,101,,882207,44,,,0,100,,882208,44,,,0,100,,882209,44,,,0,98,,882210,44,,,0,65,,882211,44,,,0,38,,882212,44,,,0,73,,882213,44,,,0,28,,882214,44,,,0,99,,882215,44,,,0,99,,882216,44,,,0,100,,882217,44,,,0,100,,882218,44,,,0,101,,882219,44,,,0
9600,'20260710',647,,831228,44,,,0,104,,831229,44,,,0,100,,831230,44,,,0,99,,831231,44,,,0,100,,831232,44,,,0,100,,831233,44,,,0,101,,831234,44,,,0,100,,831235,44,,,0,100,,831236,44,,,0,98,,831237,44,,,0,65,,831238,44,,,0,38,,831239,44,,,0,73,,831240,44,,,0,28,,831246,44,,,0,99,,831241,44,,,0,99,,831242,44,,,0,100,,831243,44,,,0,100,,831244,44,,,0,101,,831245,44,,,0
9600,'20260711',721,,854258,44,,,0,100,,854243,44,,,0,100,,854244,44,,,0,98,,854245,44,,,0,106,,854246,44,,,0,95,,854247,44,,,0,96,,854248,44,,,0,109,,854249,44,,,0,98,,854250,44,,,0,101,,854251,44,,,0,107,,854252,44,,,0,92,,854253,44,,,0,98,,854254,44,,,0,101,,854255,44,,,0,99,,854256,44,,,0,100,,854257,44,,,0
9600,'20260712',721,,854259,44,,,0,100,,854260,44,,,0,100,,854261,44,,,0,98,,854262,44,,,0,106,,854263,44,,,0,95,,854264,44,,,0,96,,854265,44,,,0,109,,854266,44,,,0,98,,854267,44,,,0,101,,854268,44,,,0,107,,854269,44,,,0,92,,854270,44,,,0,98,,854271,44,,,0,101,,854272,44,,,0,99,,854273,44,,,0,100,,854274,44,,,0
9600,'20260713',647,,854275,44,,,0,104,,854276,44,,,0,100,,854277,44,,,0,99,,854278,44,,,0,100,,854279,44,,,0,100,,854280,44,,,0,101,,854281,44,,,0,100,,854282,44,,,0,100,,854283,44,,,0,98,,854284,44,,,0,65,,854285,44,,,0,38,,854286,44,,,0,73,,854287,44,,,0,28,,854293,44,,,0,99,,854288,44,,,0,99,,854289,44,,,0,100,,854290,44,,,0,100,,854291,44,,,0,101,,854292,44,,,0
9600,'20260714',647,,854294,44,,,0,104,,854295,44,,,0,100,,854296,44,,,0,99,,854297,44,,,0,100,,854298,44,,,0,100,,854299,44,,,0,101,,854300,44,,,0,100,,854301,44,,,0,100,,854302,44,,,0,98,,854303,44,,,0,65,,854304,44,,,0,38,,854305,44,,,0,73,,854306,44,,,0,28,,854312,44,,,0,99,,854307,44,,,0,99,,854308,44,,,0,100,,854309,44,,,0,100,,854310,44,,,0,101,,854311,44,,,0
9600,'20260715',647,,882220,44,,,0,104,,882221,44,,,0,100,,882222,44,,,0,99,,882223,44,,,0,100,,882224,44,,,0,100,,882225,44,,,0,101,,882226,44,,,0,100,,882227,44,,,0,100,,882228,44,,,0,98,,882229,44,,,0,65,,882230,44,,,0,38,,882231,44,,,0,73,,882232,44,,,0,28,,882238,44,,,0,99,,882233,44,,,0,99,,882234,44,,,0,100,,882235,44,,,0,100,,882236,44,,,0,101,,882237,44,,,0
9600,'20260716',647,,882239,44,,,0,104,,882240,44,,,0,100,,882241,44,,,0,99,,882242,44,,,0,100,,882243,44,,,0,100,,882244,44,,,0,101,,882245,44,,,0,100,,882246,44,,,0,100,,882247,44,,,0,98,,882248,44,,,0,65,,882249,44,,,0,38,,882250,44,,,0,73,,882251,44,,,0,28,,882257,44,,,0,99,,882252,44,,,0,99,,882253,44,,,0,100,,882254,44,,,0,100,,882255,44,,,0,101,,882256,44,,,0
9600,'20260717',647,,882258,44,,,0,104,,882259,44,,,0,100,,882260,44,,,0,99,,882261,44,,,0,100,,882262,44,,,0,100,,882263,44,,,0,101,,882264,44,,,0,100,,882265,44,,,0,100,,882266,44,,,0,98,,882267,44,,,0,65,,882268,44,,,0,38,,882269,44,,,0,73,,882270,44,,,0,28,,882276,44,,,0,99,,882271,44,,,0,99,,882272,44,,,0,100,,882273,44,,,0,100,,882274,44,,,0,101,,882275,44,,,0
9600,'20262511',721,,882292,44,,,0,100,,882277,44,,,0,100,,882278,44,,,0,98,,882279,44,,,0,106,,882280,44,,,0,95,,882281,44,,,0,96,,882282,44,,,0,109,,882283,44,,,0,98,,882284,44,,,0,101,,882285,44,,,0,107,,882286,44,,,0,92,,882287,44,,,0,98,,882288,44,,,0,101,,882289,44,,,0,99,,882290,44,,,0,100,,882291,44,,,0
9600,'20262611',721,,882293,44,,,0,100,,882294,44,,,0,100,,882295,44,,,0,98,,882296,44,,,0,106,,882297,44,,,0,95,,882298,44,,,0,96,,882299,44,,,0,109,,882300,44,,,0,98,,882301,44,,,0,101,,882302,44,,,0,107,,882303,44,,,0,92,,882304,44,,,0,98,,882305,44,,,0,101,,882306,44,,,0,99,,882307,44,,,0,100,,882308,44,,,0
28302,'20260703',650,,855059,34,,,0,65,,855060,34,,,0,26,,855061,34,,,0
28302,'20260706',650,,884039,34,,,0,65,,884040,34,,,0,26,,884041,34,,,0
28302,'20260707',650,,884042,34,,,0,65,,884043,34,,,0,26,,884044,34,,,0
28302,'20260708',650,,884045,34,,,0,65,,884046,34,,,0,26,,884047,34,,,0
28302,'20260709',650,,884048,34,,,0,65,,884049,34,,,0,26,,884050,34,,,0
28302,'20260710',650,,832740,34,,,0,65,,832738,34,,,0,26,,832739,34,,,0
28302,'20260713',650,,855064,34,,,0,65,,855062,34,,,0,26,,855063,34,,,0
28302,'20260714',650,,855067,34,,,0,65,,855065,34,,,0,26,,855066,34,,,0
28302,'20260715',650,,884053,34,,,0,65,,884051,34,,,0,26,,884052,34,,,0
28302,'20260716',650,,884056,34,,,0,65,,884054,34,,,0,26,,884055,34,,,0
28302,'20260717',650,,884059,34,,,0,65,,884057,34,,,0,26,,884058,34,,,0
