5401,'20260406',640,,199922,22,,,1,104,,199923,22,,,1,100,,199924,22,,,1,101,,199925,22,,,1,100,,199926,22,,,1,71,,199927,22,,,1,29,,199928,22,,,1,71,,199929,22,,,1,29,,199930,22,,,1,70,,199931,22,,,1,30,,199932,22,,,1,72,,199933,22,,,1,29,,199934,22,,,1,67,,199935,22,,,1,32,,199936,22,,,1,72,,199937,22,,,1,25,,199938,22,,,1,75,,199939,22,,,1,34,,199940,22,,,1,95,,199941,22,,,1,101,,199942,22,,,1,99,,199943,22,,,1,99,,199944,22,,,1,101,,199945,22,,,1,98,,199946,22,,,1
5401,'20260407',533,,199947,22,,,1,67,,199948,22,,,1,18,,199949,22,,,1,15,,199950,22,,,1,19,,199951,22,,,1,57,,199952,22,,,1,17,,199953,22,,,1,15,,199954,22,,,1,60,,199955,22,,,1,15,,199956,22,,,1,28,,199957,22,,,1,70,,199958,22,,,1,29,,199959,22,,,1,68,,199960,22,,,1,30,,199961,22,,,1,71,,199962,22,,,1,30,,199963,22,,,1,71,,199964,22,,,1,31,,199965,22,,,1,70,,199966,22,,,1,31,,199967,22,,,1,68,,199968,22,,,1,30,,199969,22,,,1,70,,199970,22,,,1,31,,199971,22,,,1,63,,199972,22,,,1,38,,199973,22,,,1,71,,199974,22,,,1,26,,199975,22,,,1,98,,199976,22,,,1,100,,199977,22,,,1,105,,199978,22,,,1,102,,199979,22,,,1,99,,199980,22,,,1,103,,199981,22,,,1
5401,'20260408',533,,199982,22,,,1,67,,199983,22,,,1,18,,199984,22,,,1,15,,199985,22,,,1,19,,199986,22,,,1,57,,199987,22,,,1,17,,199988,22,,,1,15,,199989,22,,,1,60,,199990,22,,,1,15,,199991,22,,,1,28,,199992,22,,,1,70,,199993,22,,,1,29,,199994,22,,,1,68,,199995,22,,,1,30,,199996,22,,,1,71,,199997,22,,,1,30,,199998,22,,,1,71,,199999,22,,,1,31,,200000,22,,,1,70,,200001,22,,,1,31,,200002,22,,,1,68,,200003,22,,,1,30,,200004,22,,,1,70,,200005,22,,,1,31,,200006,22,,,1,63,,200007,22,,,1,38,,200008,22,,,1,71,,200009,22,,,1,26,,200010,22,,,1,98,,200011,22,,,1,100,,200012,22,,,1,105,,200013,22,,,1,102,,200014,22,,,1,99,,200015,22,,,1,103,,200016,22,,,1
5401,'20260409',533,,200017,22,,,1,67,,200018,22,,,1,18,,200019,22,,,1,15,,200020,22,,,1,19,,200021,22,,,1,57,,200022,22,,,1,17,,200023,22,,,1,15,,200024,22,,,1,60,,200025,22,,,1,15,,200026,22,,,1,28,,200027,22,,,1,70,,200028,22,,,1,29,,200029,22,,,1,68,,200030,22,,,1,30,,200031,22,,,1,71,,200032,22,,,1,30,,200033,22,,,1,71,,200034,22,,,1,31,,200035,22,,,1,70,,200036,22,,,1,31,,200037,22,,,1,68,,200038,22,,,1,30,,200039,22,,,1,70,,200040,22,,,1,31,,200041,22,,,1,63,,200042,22,,,1,38,,200043,22,,,1,71,,200044,22,,,1,26,,200045,22,,,1,98,,200046,22,,,1,100,,200047,22,,,1,105,,200048,22,,,1,102,,200049,22,,,1,99,,200050,22,,,1,103,,200051,22,,,1
5401,'20260410',533,,200052,22,,,1,67,,200053,22,,,1,18,,200054,22,,,1,15,,200055,22,,,1,19,,200056,22,,,1,57,,200057,22,,,1,17,,200058,22,,,1,15,,200059,22,,,1,60,,200060,22,,,1,15,,200061,22,,,1,28,,200062,22,,,1,70,,200063,22,,,1,29,,200064,22,,,1,68,,200065,22,,,1,30,,200066,22,,,1,71,,200067,22,,,1,30,,200068,22,,,1,71,,200069,22,,,1,31,,200070,22,,,1,70,,200071,22,,,1,31,,200072,22,,,1,68,,200073,22,,,1,30,,200074,22,,,1,70,,200075,22,,,1,31,,200076,22,,,1,63,,200077,22,,,1,38,,200078,22,,,1,71,,200079,22,,,1,26,,200080,22,,,1,98,,200081,22,,,1,100,,200082,22,,,1,105,,200083,22,,,1,102,,200084,22,,,1,99,,200085,22,,,1,103,,200086,22,,,1
5401,'20260411',640,,155585,22,,,1,104,,155586,22,,,1,100,,155587,22,,,1,101,,155588,22,,,1,100,,155589,22,,,1,71,,155608,22,,,1,29,,155590,22,,,1,71,,155601,22,,,1,29,,155591,22,,,1,70,,155602,22,,,1,30,,155592,22,,,1,72,,155603,22,,,1,29,,155593,22,,,1,67,,155604,22,,,1,32,,155594,22,,,1,72,,155605,22,,,1,25,,155595,22,,,1,75,,155606,22,,,1,34,,155609,22,,,1,95,,155607,22,,,1,101,,155596,22,,,1,99,,155597,22,,,1,99,,155598,22,,,1,101,,155599,22,,,1,98,,155600,22,,,1
5401,'20260412',640,,155624,22,,,1,104,,155626,22,,,1,100,,155613,22,,,1,101,,155615,22,,,1,100,,155627,22,,,1,71,,155618,22,,,1,29,,155621,22,,,1,71,,155617,22,,,1,29,,155610,22,,,1,70,,155629,22,,,1,30,,155625,22,,,1,72,,155612,22,,,1,29,,155628,22,,,1,67,,155630,22,,,1,32,,155616,22,,,1,72,,155631,22,,,1,25,,155619,22,,,1,75,,155632,22,,,1,34,,155634,22,,,1,95,,155633,22,,,1,101,,155623,22,,,1,99,,155622,22,,,1,99,,155611,22,,,1,101,,155614,22,,,1,98,,155620,22,,,1
5401,'20260413',533,,155657,22,,,1,67,,155669,22,,,1,18,,155635,22,,,1,15,,155656,22,,,1,19,,155636,22,,,1,57,,155653,22,,,1,17,,155637,22,,,1,15,,155650,22,,,1,60,,155651,22,,,1,15,,155638,22,,,1,28,,155654,22,,,1,70,,155639,22,,,1,29,,155658,22,,,1,68,,155640,22,,,1,30,,155655,22,,,1,71,,155641,22,,,1,30,,155659,22,,,1,71,,155642,22,,,1,31,,155660,22,,,1,70,,155643,22,,,1,31,,155661,22,,,1,68,,155644,22,,,1,30,,155662,22,,,1,70,,155645,22,,,1,31,,155652,22,,,1,63,,155646,22,,,1,38,,155663,22,,,1,71,,155647,22,,,1,26,,155664,22,,,1,98,,155665,22,,,1,100,,155666,22,,,1,105,,155667,22,,,1,102,,155668,22,,,1,99,,155648,22,,,1,103,,155649,22,,,1
5401,'20260414',533,,155692,22,,,1,67,,155704,22,,,1,18,,155670,22,,,1,15,,155691,22,,,1,19,,155671,22,,,1,57,,155688,22,,,1,17,,155672,22,,,1,15,,155685,22,,,1,60,,155686,22,,,1,15,,155673,22,,,1,28,,155689,22,,,1,70,,155674,22,,,1,29,,155693,22,,,1,68,,155675,22,,,1,30,,155690,22,,,1,71,,155676,22,,,1,30,,155694,22,,,1,71,,155677,22,,,1,31,,155695,22,,,1,70,,155678,22,,,1,31,,155696,22,,,1,68,,155679,22,,,1,30,,155697,22,,,1,70,,155680,22,,,1,31,,155687,22,,,1,63,,155681,22,,,1,38,,155698,22,,,1,71,,155682,22,,,1,26,,155699,22,,,1,98,,155700,22,,,1,100,,155701,22,,,1,105,,155702,22,,,1,102,,155703,22,,,1,99,,155683,22,,,1,103,,155684,22,,,1
5401,'20260415',533,,200109,22,,,1,67,,200121,22,,,1,18,,200087,22,,,1,15,,200108,22,,,1,19,,200088,22,,,1,57,,200105,22,,,1,17,,200089,22,,,1,15,,200102,22,,,1,60,,200103,22,,,1,15,,200090,22,,,1,28,,200106,22,,,1,70,,200091,22,,,1,29,,200110,22,,,1,68,,200092,22,,,1,30,,200107,22,,,1,71,,200093,22,,,1,30,,200111,22,,,1,71,,200094,22,,,1,31,,200112,22,,,1,70,,200095,22,,,1,31,,200113,22,,,1,68,,200096,22,,,1,30,,200114,22,,,1,70,,200097,22,,,1,31,,200104,22,,,1,63,,200098,22,,,1,38,,200115,22,,,1,71,,200099,22,,,1,26,,200116,22,,,1,98,,200117,22,,,1,100,,200118,22,,,1,105,,200119,22,,,1,102,,200120,22,,,1,99,,200100,22,,,1,103,,200101,22,,,1
5401,'20260416',533,,200144,22,,,1,67,,200156,22,,,1,18,,200122,22,,,1,15,,200143,22,,,1,19,,200123,22,,,1,57,,200140,22,,,1,17,,200124,22,,,1,15,,200137,22,,,1,60,,200138,22,,,1,15,,200125,22,,,1,28,,200141,22,,,1,70,,200126,22,,,1,29,,200145,22,,,1,68,,200127,22,,,1,30,,200142,22,,,1,71,,200128,22,,,1,30,,200146,22,,,1,71,,200129,22,,,1,31,,200147,22,,,1,70,,200130,22,,,1,31,,200148,22,,,1,68,,200131,22,,,1,30,,200149,22,,,1,70,,200132,22,,,1,31,,200139,22,,,1,63,,200133,22,,,1,38,,200150,22,,,1,71,,200134,22,,,1,26,,200151,22,,,1,98,,200152,22,,,1,100,,200153,22,,,1,105,,200154,22,,,1,102,,200155,22,,,1,99,,200135,22,,,1,103,,200136,22,,,1
5401,'20260417',533,,200179,22,,,1,67,,200191,22,,,1,18,,200157,22,,,1,15,,200178,22,,,1,19,,200158,22,,,1,57,,200175,22,,,1,17,,200159,22,,,1,15,,200172,22,,,1,60,,200173,22,,,1,15,,200160,22,,,1,28,,200176,22,,,1,70,,200161,22,,,1,29,,200180,22,,,1,68,,200162,22,,,1,30,,200177,22,,,1,71,,200163,22,,,1,30,,200181,22,,,1,71,,200164,22,,,1,31,,200182,22,,,1,70,,200165,22,,,1,31,,200183,22,,,1,68,,200166,22,,,1,30,,200184,22,,,1,70,,200167,22,,,1,31,,200174,22,,,1,63,,200168,22,,,1,38,,200185,22,,,1,71,,200169,22,,,1,26,,200186,22,,,1,98,,200187,22,,,1,100,,200188,22,,,1,105,,200189,22,,,1,102,,200190,22,,,1,99,,200170,22,,,1,103,,200171,22,,,1
5401,'20260418',640,,200192,22,,,1,104,,200193,22,,,1,100,,200194,22,,,1,101,,200195,22,,,1,100,,200196,22,,,1,71,,200215,22,,,1,29,,200197,22,,,1,71,,200208,22,,,1,29,,200198,22,,,1,70,,200209,22,,,1,30,,200199,22,,,1,72,,200210,22,,,1,29,,200200,22,,,1,67,,200211,22,,,1,32,,200201,22,,,1,72,,200212,22,,,1,25,,200202,22,,,1,75,,200213,22,,,1,34,,200216,22,,,1,95,,200214,22,,,1,101,,200203,22,,,1,99,,200204,22,,,1,99,,200205,22,,,1,101,,200206,22,,,1,98,,200207,22,,,1
5401,'20260419',640,,200231,22,,,1,104,,200233,22,,,1,100,,200220,22,,,1,101,,200222,22,,,1,100,,200234,22,,,1,71,,200225,22,,,1,29,,200228,22,,,1,71,,200224,22,,,1,29,,200217,22,,,1,70,,200236,22,,,1,30,,200232,22,,,1,72,,200219,22,,,1,29,,200235,22,,,1,67,,200237,22,,,1,32,,200223,22,,,1,72,,200238,22,,,1,25,,200226,22,,,1,75,,200239,22,,,1,34,,200241,22,,,1,95,,200240,22,,,1,101,,200230,22,,,1,99,,200229,22,,,1,99,,200218,22,,,1,101,,200221,22,,,1,98,,200227,22,,,1
5401,'20260420',533,,200264,22,,,1,67,,200276,22,,,1,18,,200242,22,,,1,15,,200263,22,,,1,19,,200243,22,,,1,57,,200260,22,,,1,17,,200244,22,,,1,15,,200257,22,,,1,60,,200258,22,,,1,15,,200245,22,,,1,28,,200261,22,,,1,70,,200246,22,,,1,29,,200265,22,,,1,68,,200247,22,,,1,30,,200262,22,,,1,71,,200248,22,,,1,30,,200266,22,,,1,71,,200249,22,,,1,31,,200267,22,,,1,70,,200250,22,,,1,31,,200268,22,,,1,68,,200251,22,,,1,30,,200269,22,,,1,70,,200252,22,,,1,31,,200259,22,,,1,63,,200253,22,,,1,38,,200270,22,,,1,71,,200254,22,,,1,26,,200271,22,,,1,98,,200272,22,,,1,100,,200273,22,,,1,105,,200274,22,,,1,102,,200275,22,,,1,99,,200255,22,,,1,103,,200256,22,,,1
25401,'20260407',626,,212248,22,,,0,26,,212249,22,,,0,65,,212250,22,,,0,15,,212251,22,,,0,15,,212252,22,,,0,75,,212253,22,,,0
25401,'20260408',626,,212254,22,,,0,26,,212255,22,,,0,65,,212256,22,,,0,15,,212257,22,,,0,15,,212258,22,,,0,75,,212259,22,,,0
25401,'20260409',626,,212260,22,,,0,26,,212261,22,,,0,65,,212262,22,,,0,15,,212263,22,,,0,15,,212264,22,,,0,75,,212265,22,,,0
25401,'20260410',626,,212266,22,,,0,26,,212267,22,,,0,65,,212268,22,,,0,15,,212269,22,,,0,15,,212270,22,,,0,75,,212271,22,,,0
25401,'20260413',626,,168896,22,,,0,26,,168897,22,,,0,65,,168898,22,,,0,15,,168899,22,,,0,15,,168900,22,,,0,75,,168901,22,,,0
25401,'20260414',626,,168902,22,,,0,26,,168903,22,,,0,65,,168904,22,,,0,15,,168905,22,,,0,15,,168906,22,,,0,75,,168907,22,,,0
25401,'20260415',626,,212272,22,,,0,26,,212273,22,,,0,65,,212274,22,,,0,15,,212275,22,,,0,15,,212276,22,,,0,75,,212277,22,,,0
25401,'20260416',626,,212278,22,,,0,26,,212279,22,,,0,65,,212280,22,,,0,15,,212281,22,,,0,15,,212282,22,,,0,75,,212283,22,,,0
25401,'20260417',626,,212284,22,,,0,26,,212285,22,,,0,65,,212286,22,,,0,15,,212287,22,,,0,15,,212288,22,,,0,75,,212289,22,,,0
25401,'20260420',626,,212290,22,,,0,26,,212291,22,,,0,65,,212292,22,,,0,15,,212293,22,,,0,15,,212294,22,,,0,75,,212295,22,,,0
35401,'20260407',659,,214075,22,,,0,442,,214076,22,,,0
35401,'20260408',659,,214077,22,,,0,442,,214078,22,,,0
35401,'20260409',659,,214079,22,,,0,442,,214080,22,,,0
35401,'20260410',659,,214081,22,,,0,442,,214082,22,,,0
35401,'20260413',659,,170923,22,,,0,442,,170924,22,,,0
35401,'20260414',659,,170925,22,,,0,442,,170926,22,,,0
35401,'20260415',659,,214083,22,,,0,442,,214084,22,,,0
35401,'20260416',659,,214085,22,,,0,442,,214086,22,,,0
35401,'20260417',659,,214087,22,,,0,442,,214088,22,,,0
35401,'20260420',659,,214089,22,,,0,442,,214090,22,,,0
55401,'20260407',701,,215031,22,,,0,22,,215032,22,,,0
55401,'20260408',701,,215033,22,,,0,22,,215034,22,,,0
55401,'20260409',701,,215035,22,,,0,22,,215036,22,,,0
55401,'20260410',701,,215037,22,,,0,22,,215038,22,,,0
55401,'20260413',701,,172006,22,,,0,22,,172005,22,,,0
55401,'20260414',701,,172008,22,,,0,22,,172007,22,,,0
55401,'20260415',701,,215040,22,,,0,22,,215039,22,,,0
55401,'20260416',701,,215042,22,,,0,22,,215041,22,,,0
55401,'20260417',701,,215044,22,,,0,22,,215043,22,,,0
55401,'20260420',701,,215046,22,,,0,22,,215045,22,,,0
7005401,'20260407',858,,230605,14,,,0
7005401,'20260408',858,,230607,14,,,0
7005401,'20260409',858,,230609,14,,,0
7005401,'20260410',858,,230611,14,,,0
7005401,'20260413',858,,189029,14,,,0
7005401,'20260414',858,,189031,14,,,0
7005401,'20260415',858,,230613,14,,,0
7005401,'20260416',858,,230615,14,,,0
7005401,'20260417',858,,230617,14,,,0
7005401,'20260420',858,,230619,14,,,0
