3101,'20260526',633,,548633,42,,,0,71,,548634,42,,,0,44,,548635,42,,,0,70,,548636,42,,,0,29,,548637,42,,,0,78,,548638,42,,,0,96,,548639,42,,,0,99,,548640,42,,,0,100,,548641,42,,,0,102,,548642,42,,,0,99,,548643,42,,,0,101,,548644,42,,,0,106,,548645,42,,,0,85,,548646,42,,,0,26,,548647,42,,,0,67,,548648,42,,,0,27,,548649,42,,,0,26,,548650,42,,,0,68,,548651,42,,,0,29,,548652,42,,,0,76,,548653,42,,,0,95,,548654,42,,,0,100,,548655,42,,,0,100,,548656,42,,,0
3101,'20260527',633,,548657,42,,,0,71,,548658,42,,,0,44,,548659,42,,,0,70,,548660,42,,,0,29,,548661,42,,,0,78,,548662,42,,,0,96,,548663,42,,,0,99,,548664,42,,,0,100,,548665,42,,,0,102,,548666,42,,,0,99,,548667,42,,,0,101,,548668,42,,,0,106,,548669,42,,,0,85,,548670,42,,,0,26,,548671,42,,,0,67,,548672,42,,,0,27,,548673,42,,,0,26,,548674,42,,,0,68,,548675,42,,,0,29,,548676,42,,,0,76,,548677,42,,,0,95,,548678,42,,,0,100,,548679,42,,,0,100,,548680,42,,,0
3101,'20260528',633,,548681,42,,,0,71,,548682,42,,,0,44,,548683,42,,,0,70,,548684,42,,,0,29,,548685,42,,,0,78,,548686,42,,,0,96,,548687,42,,,0,99,,548688,42,,,0,100,,548689,42,,,0,102,,548690,42,,,0,99,,548691,42,,,0,101,,548692,42,,,0,106,,548693,42,,,0,85,,548694,42,,,0,26,,548695,42,,,0,67,,548696,42,,,0,27,,548697,42,,,0,26,,548698,42,,,0,68,,548699,42,,,0,29,,548700,42,,,0,76,,548701,42,,,0,95,,548702,42,,,0,100,,548703,42,,,0,100,,548704,42,,,0
3101,'20260529',633,,580383,42,,,0,71,,580384,42,,,0,44,,580385,42,,,0,70,,580386,42,,,0,29,,580387,42,,,0,78,,580388,42,,,0,96,,580389,42,,,0,99,,580390,42,,,0,100,,580391,42,,,0,102,,580392,42,,,0,99,,580393,42,,,0,101,,580394,42,,,0,106,,580395,42,,,0,85,,580396,42,,,0,26,,580397,42,,,0,67,,580398,42,,,0,27,,580399,42,,,0,26,,580400,42,,,0,68,,580401,42,,,0,29,,580402,42,,,0,76,,580403,42,,,0,95,,580404,42,,,0,100,,580405,42,,,0,100,,580406,42,,,0
3101,'20260530',609,,517422,42,,,0,194,,517414,42,,,0,202,,517415,42,,,0,200,,517416,42,,,0,200,,517417,42,,,0,199,,517418,42,,,0,198,,517419,42,,,0,206,,517420,42,,,0,202,,517421,42,,,0,198,,517423,42,,,0
3101,'20260531',609,,517432,42,,,0,194,,517424,42,,,0,202,,517425,42,,,0,200,,517426,42,,,0,200,,517427,42,,,0,199,,517428,42,,,0,198,,517429,42,,,0,206,,517430,42,,,0,202,,517431,42,,,0,198,,517433,42,,,0
3101,'20260601',633,,517434,42,,,0,71,,517435,42,,,0,44,,517436,42,,,0,70,,517437,42,,,0,29,,517438,42,,,0,78,,517439,42,,,0,96,,517440,42,,,0,99,,517441,42,,,0,100,,517442,42,,,0,102,,517443,42,,,0,99,,517444,42,,,0,101,,517445,42,,,0,106,,517446,42,,,0,85,,517454,42,,,0,26,,517447,42,,,0,67,,517456,42,,,0,27,,517448,42,,,0,26,,517455,42,,,0,68,,517449,42,,,0,29,,517457,42,,,0,76,,517450,42,,,0,95,,517451,42,,,0,100,,517452,42,,,0,100,,517453,42,,,0
3101,'20260602',633,,517458,42,,,0,71,,517459,42,,,0,44,,517460,42,,,0,70,,517461,42,,,0,29,,517462,42,,,0,78,,517463,42,,,0,96,,517464,42,,,0,99,,517465,42,,,0,100,,517466,42,,,0,102,,517467,42,,,0,99,,517468,42,,,0,101,,517469,42,,,0,106,,517470,42,,,0,85,,517478,42,,,0,26,,517471,42,,,0,67,,517480,42,,,0,27,,517472,42,,,0,26,,517479,42,,,0,68,,517473,42,,,0,29,,517481,42,,,0,76,,517474,42,,,0,95,,517475,42,,,0,100,,517476,42,,,0,100,,517477,42,,,0
3101,'20260603',633,,548705,42,,,0,71,,548706,42,,,0,44,,548707,42,,,0,70,,548708,42,,,0,29,,548709,42,,,0,78,,548710,42,,,0,96,,548711,42,,,0,99,,548712,42,,,0,100,,548713,42,,,0,102,,548714,42,,,0,99,,548715,42,,,0,101,,548716,42,,,0,106,,548717,42,,,0,85,,548725,42,,,0,26,,548718,42,,,0,67,,548727,42,,,0,27,,548719,42,,,0,26,,548726,42,,,0,68,,548720,42,,,0,29,,548728,42,,,0,76,,548721,42,,,0,95,,548722,42,,,0,100,,548723,42,,,0,100,,548724,42,,,0
3101,'20260604',633,,548729,42,,,0,71,,548730,42,,,0,44,,548731,42,,,0,70,,548732,42,,,0,29,,548733,42,,,0,78,,548734,42,,,0,96,,548735,42,,,0,99,,548736,42,,,0,100,,548737,42,,,0,102,,548738,42,,,0,99,,548739,42,,,0,101,,548740,42,,,0,106,,548741,42,,,0,85,,548749,42,,,0,26,,548742,42,,,0,67,,548751,42,,,0,27,,548743,42,,,0,26,,548750,42,,,0,68,,548744,42,,,0,29,,548752,42,,,0,76,,548745,42,,,0,95,,548746,42,,,0,100,,548747,42,,,0,100,,548748,42,,,0
3101,'20260605',633,,548753,42,,,0,71,,548754,42,,,0,44,,548755,42,,,0,70,,548756,42,,,0,29,,548757,42,,,0,78,,548758,42,,,0,96,,548759,42,,,0,99,,548760,42,,,0,100,,548761,42,,,0,102,,548762,42,,,0,99,,548763,42,,,0,101,,548764,42,,,0,106,,548765,42,,,0,85,,548773,42,,,0,26,,548766,42,,,0,67,,548775,42,,,0,27,,548767,42,,,0,26,,548774,42,,,0,68,,548768,42,,,0,29,,548776,42,,,0,76,,548769,42,,,0,95,,548770,42,,,0,100,,548771,42,,,0,100,,548772,42,,,0
3101,'20260606',609,,580415,42,,,0,194,,580407,42,,,0,202,,580408,42,,,0,200,,580409,42,,,0,200,,580410,42,,,0,199,,580411,42,,,0,198,,580412,42,,,0,206,,580413,42,,,0,202,,580414,42,,,0,198,,580416,42,,,0
3101,'20260607',609,,580425,42,,,0,194,,580417,42,,,0,202,,580418,42,,,0,200,,580419,42,,,0,200,,580420,42,,,0,199,,580421,42,,,0,198,,580422,42,,,0,206,,580423,42,,,0,202,,580424,42,,,0,198,,580426,42,,,0
3101,'20260608',633,,580427,42,,,0,71,,580428,42,,,0,44,,580429,42,,,0,70,,580430,42,,,0,29,,580431,42,,,0,78,,580432,42,,,0,96,,580433,42,,,0,99,,580434,42,,,0,100,,580435,42,,,0,102,,580436,42,,,0,99,,580437,42,,,0,101,,580438,42,,,0,106,,580439,42,,,0,85,,580447,42,,,0,26,,580440,42,,,0,67,,580449,42,,,0,27,,580441,42,,,0,26,,580448,42,,,0,68,,580442,42,,,0,29,,580450,42,,,0,76,,580443,42,,,0,95,,580444,42,,,0,100,,580445,42,,,0,100,,580446,42,,,0
3101,'20260609',633,,580451,42,,,0,71,,580452,42,,,0,44,,580453,42,,,0,70,,580454,42,,,0,29,,580455,42,,,0,78,,580456,42,,,0,96,,580457,42,,,0,99,,580458,42,,,0,100,,580459,42,,,0,102,,580460,42,,,0,99,,580461,42,,,0,101,,580462,42,,,0,106,,580463,42,,,0,85,,580471,42,,,0,26,,580464,42,,,0,67,,580473,42,,,0,27,,580465,42,,,0,26,,580472,42,,,0,68,,580466,42,,,0,29,,580474,42,,,0,76,,580467,42,,,0,95,,580468,42,,,0,100,,580469,42,,,0,100,,580470,42,,,0
3201,'20260526',604,,548932,38,,,0,28,,548933,38,,,0,72,,548934,38,,,0,18,,548935,38,,,0,91,,548936,38,,,0,28,,548937,38,,,0,69,,548938,38,,,0,100,,548939,38,,,0,200,,548940,38,,,0,200,,548941,38,,,0,344,,548942,38,,,0,159,,548943,38,,,0,196,,548944,38,,,0,199,,548945,38,,,0
3201,'20260527',604,,548946,38,,,0,28,,548947,38,,,0,72,,548948,38,,,0,18,,548949,38,,,0,91,,548950,38,,,0,28,,548951,38,,,0,69,,548952,38,,,0,100,,548953,38,,,0,200,,548954,38,,,0,200,,548955,38,,,0,344,,548956,38,,,0,159,,548957,38,,,0,196,,548958,38,,,0,199,,548959,38,,,0
3201,'20260528',604,,548960,38,,,0,28,,548961,38,,,0,72,,548962,38,,,0,18,,548963,38,,,0,91,,548964,38,,,0,28,,548965,38,,,0,69,,548966,38,,,0,100,,548967,38,,,0,200,,548968,38,,,0,200,,548969,38,,,0,344,,548970,38,,,0,159,,548971,38,,,0,196,,548972,38,,,0,199,,548973,38,,,0
3201,'20260529',604,,580538,38,,,0,28,,580539,38,,,0,72,,580540,38,,,0,18,,580541,38,,,0,91,,580542,38,,,0,28,,580543,38,,,0,69,,580544,38,,,0,100,,580545,38,,,0,200,,580546,38,,,0,200,,580547,38,,,0,344,,580548,38,,,0,159,,580549,38,,,0,196,,580550,38,,,0,199,,580551,38,,,0
3201,'20260530',712,,517646,38,,,0,200,,517647,38,,,0,200,,517648,38,,,0,193,,517649,38,,,0,200,,517650,38,,,0,207,,517651,38,,,0,200,,517652,38,,,0,200,,517653,38,,,0,200,,517654,38,,,0
3201,'20260531',712,,517655,38,,,0,200,,517656,38,,,0,200,,517657,38,,,0,193,,517658,38,,,0,200,,517659,38,,,0,207,,517660,38,,,0,200,,517661,38,,,0,200,,517662,38,,,0,200,,517663,38,,,0
3201,'20260601',604,,517664,38,,,0,28,,517665,38,,,0,72,,517666,38,,,0,18,,517667,38,,,0,91,,517668,38,,,0,28,,517669,38,,,0,69,,517670,38,,,0,100,,517671,38,,,0,200,,517672,38,,,0,200,,517673,38,,,0,344,,517674,38,,,0,159,,517675,38,,,0,196,,517676,38,,,0,199,,517677,38,,,0
3201,'20260602',604,,517678,38,,,0,28,,517679,38,,,0,72,,517680,38,,,0,18,,517681,38,,,0,91,,517682,38,,,0,28,,517683,38,,,0,69,,517684,38,,,0,100,,517685,38,,,0,200,,517686,38,,,0,200,,517687,38,,,0,344,,517688,38,,,0,159,,517689,38,,,0,196,,517690,38,,,0,199,,517691,38,,,0
3201,'20260603',604,,548974,38,,,0,28,,548975,38,,,0,72,,548976,38,,,0,18,,548977,38,,,0,91,,548978,38,,,0,28,,548979,38,,,0,69,,548980,38,,,0,100,,548981,38,,,0,200,,548982,38,,,0,200,,548983,38,,,0,344,,548984,38,,,0,159,,548985,38,,,0,196,,548986,38,,,0,199,,548987,38,,,0
3201,'20260604',604,,548988,38,,,0,28,,548989,38,,,0,72,,548990,38,,,0,18,,548991,38,,,0,91,,548992,38,,,0,28,,548993,38,,,0,69,,548994,38,,,0,100,,548995,38,,,0,200,,548996,38,,,0,200,,548997,38,,,0,344,,548998,38,,,0,159,,548999,38,,,0,196,,549000,38,,,0,199,,549001,38,,,0
3201,'20260605',604,,549002,38,,,0,28,,549003,38,,,0,72,,549004,38,,,0,18,,549005,38,,,0,91,,549006,38,,,0,28,,549007,38,,,0,69,,549008,38,,,0,100,,549009,38,,,0,200,,549010,38,,,0,200,,549011,38,,,0,344,,549012,38,,,0,159,,549013,38,,,0,196,,549014,38,,,0,199,,549015,38,,,0
3201,'20260606',712,,580552,38,,,0,200,,580553,38,,,0,200,,580554,38,,,0,193,,580555,38,,,0,200,,580556,38,,,0,207,,580557,38,,,0,200,,580558,38,,,0,200,,580559,38,,,0,200,,580560,38,,,0
3201,'20260607',712,,580561,38,,,0,200,,580562,38,,,0,200,,580563,38,,,0,193,,580564,38,,,0,200,,580565,38,,,0,207,,580566,38,,,0,200,,580567,38,,,0,200,,580568,38,,,0,200,,580569,38,,,0
3201,'20260608',604,,580570,38,,,0,28,,580571,38,,,0,72,,580572,38,,,0,18,,580573,38,,,0,91,,580574,38,,,0,28,,580575,38,,,0,69,,580576,38,,,0,100,,580577,38,,,0,200,,580578,38,,,0,200,,580579,38,,,0,344,,580580,38,,,0,159,,580581,38,,,0,196,,580582,38,,,0,199,,580583,38,,,0
3201,'20260609',604,,580584,38,,,0,28,,580585,38,,,0,72,,580586,38,,,0,18,,580587,38,,,0,91,,580588,38,,,0,28,,580589,38,,,0,69,,580590,38,,,0,100,,580591,38,,,0,200,,580592,38,,,0,200,,580593,38,,,0,344,,580594,38,,,0,159,,580595,38,,,0,196,,580596,38,,,0,199,,580597,38,,,0
3301,'20260526',1635,,549040,9,,,0,80,,549041,9,,,0,20,,549042,9,,,0
3301,'20260527',1635,,549043,9,,,0,80,,549044,9,,,0,20,,549045,9,,,0
3301,'20260528',1635,,549046,9,,,0,80,,549047,9,,,0,20,,549048,9,,,0
3301,'20260529',1635,,580607,9,,,0,80,,580608,9,,,0,20,,580609,9,,,0
3301,'20260601',1635,,517722,9,,,0,80,,517723,9,,,0,20,,517724,9,,,0
3301,'20260602',1635,,517725,9,,,0,80,,517726,9,,,0,20,,517727,9,,,0
3301,'20260603',1635,,549049,9,,,0,80,,549050,9,,,0,20,,549051,9,,,0
3301,'20260604',1635,,549052,9,,,0,80,,549053,9,,,0,20,,549054,9,,,0
3301,'20260605',1635,,549055,9,,,0,80,,549056,9,,,0,20,,549057,9,,,0
3301,'20260608',1635,,580610,9,,,0,80,,580611,9,,,0,20,,580612,9,,,0
3301,'20260609',1635,,580613,9,,,0,80,,580614,9,,,0,20,,580615,9,,,0
3401,'20260526',632,,549215,28,,,0,73,,549216,28,,,0,37,,549217,28,,,0,73,,549218,28,,,0,30,,549219,28,,,0,213,,549220,28,,,0,200,,549221,28,,,0,200,,549222,28,,,0,246,,549223,28,,,0,28,,549224,28,,,0,70,,549225,28,,,0,31,,549226,28,,,0,70,,549227,28,,,0,53,,549228,28,,,0,198,,549229,28,,,0,200,,549230,28,,,0
3401,'20260527',632,,549231,28,,,0,73,,549232,28,,,0,37,,549233,28,,,0,73,,549234,28,,,0,30,,549235,28,,,0,213,,549236,28,,,0,200,,549237,28,,,0,200,,549238,28,,,0,246,,549239,28,,,0,28,,549240,28,,,0,70,,549241,28,,,0,31,,549242,28,,,0,70,,549243,28,,,0,53,,549244,28,,,0,198,,549245,28,,,0,200,,549246,28,,,0
3401,'20260528',632,,549247,28,,,0,73,,549248,28,,,0,37,,549249,28,,,0,73,,549250,28,,,0,30,,549251,28,,,0,213,,549252,28,,,0,200,,549253,28,,,0,200,,549254,28,,,0,246,,549255,28,,,0,28,,549256,28,,,0,70,,549257,28,,,0,31,,549258,28,,,0,70,,549259,28,,,0,53,,549260,28,,,0,198,,549261,28,,,0,200,,549262,28,,,0
3401,'20260529',632,,580679,28,,,0,73,,580680,28,,,0,37,,580681,28,,,0,73,,580682,28,,,0,30,,580683,28,,,0,213,,580684,28,,,0,200,,580685,28,,,0,200,,580686,28,,,0,246,,580687,28,,,0,28,,580688,28,,,0,70,,580689,28,,,0,31,,580690,28,,,0,70,,580691,28,,,0,53,,580692,28,,,0,198,,580693,28,,,0,200,,580694,28,,,0
3401,'20260530',706,,517900,28,,,0,201,,517903,28,,,0,200,,517901,28,,,0,200,,517905,28,,,0,200,,517902,28,,,0,200,,517906,28,,,0,199,,517907,28,,,0,200,,517908,28,,,0,200,,517904,28,,,0
3401,'20260531',706,,517909,28,,,0,201,,517910,28,,,0,200,,517911,28,,,0,200,,517912,28,,,0,200,,517913,28,,,0,200,,517914,28,,,0,199,,517915,28,,,0,200,,517916,28,,,0,200,,517917,28,,,0
3401,'20260601',632,,517925,28,,,0,73,,517918,28,,,0,37,,517919,28,,,0,73,,517920,28,,,0,30,,517933,28,,,0,213,,517926,28,,,0,200,,517921,28,,,0,200,,517927,28,,,0,246,,517931,28,,,0,28,,517924,28,,,0,70,,517922,28,,,0,31,,517923,28,,,0,70,,517932,28,,,0,53,,517928,28,,,0,198,,517929,28,,,0,200,,517930,28,,,0
3401,'20260602',632,,517941,28,,,0,73,,517934,28,,,0,37,,517935,28,,,0,73,,517936,28,,,0,30,,517949,28,,,0,213,,517942,28,,,0,200,,517937,28,,,0,200,,517943,28,,,0,246,,517947,28,,,0,28,,517940,28,,,0,70,,517938,28,,,0,31,,517939,28,,,0,70,,517948,28,,,0,53,,517944,28,,,0,198,,517945,28,,,0,200,,517946,28,,,0
3401,'20260603',632,,549270,28,,,0,73,,549263,28,,,0,37,,549264,28,,,0,73,,549265,28,,,0,30,,549278,28,,,0,213,,549271,28,,,0,200,,549266,28,,,0,200,,549272,28,,,0,246,,549276,28,,,0,28,,549269,28,,,0,70,,549267,28,,,0,31,,549268,28,,,0,70,,549277,28,,,0,53,,549273,28,,,0,198,,549274,28,,,0,200,,549275,28,,,0
3401,'20260604',632,,549286,28,,,0,73,,549279,28,,,0,37,,549280,28,,,0,73,,549281,28,,,0,30,,549294,28,,,0,213,,549287,28,,,0,200,,549282,28,,,0,200,,549288,28,,,0,246,,549292,28,,,0,28,,549285,28,,,0,70,,549283,28,,,0,31,,549284,28,,,0,70,,549293,28,,,0,53,,549289,28,,,0,198,,549290,28,,,0,200,,549291,28,,,0
3401,'20260605',632,,549302,28,,,0,73,,549295,28,,,0,37,,549296,28,,,0,73,,549297,28,,,0,30,,549310,28,,,0,213,,549303,28,,,0,200,,549298,28,,,0,200,,549304,28,,,0,246,,549308,28,,,0,28,,549301,28,,,0,70,,549299,28,,,0,31,,549300,28,,,0,70,,549309,28,,,0,53,,549305,28,,,0,198,,549306,28,,,0,200,,549307,28,,,0
3401,'20260606',706,,580695,28,,,0,201,,580698,28,,,0,200,,580696,28,,,0,200,,580700,28,,,0,200,,580697,28,,,0,200,,580701,28,,,0,199,,580702,28,,,0,200,,580703,28,,,0,200,,580699,28,,,0
3401,'20260607',706,,580704,28,,,0,201,,580705,28,,,0,200,,580706,28,,,0,200,,580707,28,,,0,200,,580708,28,,,0,200,,580709,28,,,0,199,,580710,28,,,0,200,,580711,28,,,0,200,,580712,28,,,0
3401,'20260608',632,,580720,28,,,0,73,,580713,28,,,0,37,,580714,28,,,0,73,,580715,28,,,0,30,,580728,28,,,0,213,,580721,28,,,0,200,,580716,28,,,0,200,,580722,28,,,0,246,,580726,28,,,0,28,,580719,28,,,0,70,,580717,28,,,0,31,,580718,28,,,0,70,,580727,28,,,0,53,,580723,28,,,0,198,,580724,28,,,0,200,,580725,28,,,0
3401,'20260609',632,,580736,28,,,0,73,,580729,28,,,0,37,,580730,28,,,0,73,,580731,28,,,0,30,,580744,28,,,0,213,,580737,28,,,0,200,,580732,28,,,0,200,,580738,28,,,0,246,,580742,28,,,0,28,,580735,28,,,0,70,,580733,28,,,0,31,,580734,28,,,0,70,,580743,28,,,0,53,,580739,28,,,0,198,,580740,28,,,0,200,,580741,28,,,0
