1203,'20260626',632,,795643,8,,,0,69,,795644,8,,,0,33,,795645,8,,,0,75,,795646,8,,,0,26,,795647,8,,,0,70,,795648,8,,,0,98,,795649,8,,,0,98,,795650,8,,,0,57,,795651,8,,,0,101,,795652,8,,,0,100,,795653,8,,,0,98,,795654,8,,,0,100,,795655,8,,,0,145,,795656,8,,,0,101,,795657,8,,,0,101,,795658,8,,,0,99,,795659,8,,,0,100,,795660,8,,,0,100,,795661,8,,,0,99,,795662,8,,,0
1203,'20260627',740,,817009,8,,,0,100,,817010,8,,,0,98,,817011,8,,,0,100,,817012,8,,,0,100,,817013,8,,,0,105,,817014,8,,,0,95,,817015,8,,,0,100,,817016,8,,,0,99,,817017,8,,,0,101,,817018,8,,,0,102,,817019,8,,,0,101,,817020,8,,,0,100,,817021,8,,,0,100,,817022,8,,,0,100,,817023,8,,,0,100,,817024,8,,,0
1203,'20260628',740,,817025,8,,,0,100,,817026,8,,,0,98,,817027,8,,,0,100,,817028,8,,,0,100,,817029,8,,,0,105,,817030,8,,,0,95,,817031,8,,,0,100,,817032,8,,,0,99,,817033,8,,,0,101,,817034,8,,,0,102,,817035,8,,,0,101,,817036,8,,,0,100,,817037,8,,,0,100,,817038,8,,,0,100,,817039,8,,,0,100,,817040,8,,,0
1203,'20260629',632,,817041,8,,,0,69,,817042,8,,,0,33,,817043,8,,,0,75,,817044,8,,,0,26,,817045,8,,,0,70,,817046,8,,,0,98,,817047,8,,,0,98,,817048,8,,,0,57,,817049,8,,,0,101,,817050,8,,,0,100,,817051,8,,,0,98,,817052,8,,,0,100,,817053,8,,,0,145,,817054,8,,,0,101,,817055,8,,,0,101,,817056,8,,,0,99,,817057,8,,,0,100,,817058,8,,,0,100,,817059,8,,,0,99,,817060,8,,,0
1203,'20260630',632,,817061,8,,,0,69,,817062,8,,,0,33,,817063,8,,,0,75,,817064,8,,,0,26,,817065,8,,,0,70,,817066,8,,,0,98,,817067,8,,,0,98,,817068,8,,,0,57,,817069,8,,,0,101,,817070,8,,,0,100,,817071,8,,,0,98,,817072,8,,,0,100,,817073,8,,,0,145,,817074,8,,,0,101,,817075,8,,,0,101,,817076,8,,,0,99,,817077,8,,,0,100,,817078,8,,,0,100,,817079,8,,,0,99,,817080,8,,,0
1203,'20260701',740,,817081,8,,,0,100,,817082,8,,,0,98,,817083,8,,,0,100,,817084,8,,,0,100,,817085,8,,,0,105,,817086,8,,,0,95,,817087,8,,,0,100,,817088,8,,,0,99,,817089,8,,,0,101,,817090,8,,,0,102,,817091,8,,,0,101,,817092,8,,,0,100,,817093,8,,,0,100,,817094,8,,,0,100,,817095,8,,,0,100,,817096,8,,,0
1203,'20260702',632,,817097,8,,,0,69,,817098,8,,,0,33,,817099,8,,,0,75,,817100,8,,,0,26,,817101,8,,,0,70,,817102,8,,,0,98,,817103,8,,,0,98,,817104,8,,,0,57,,817105,8,,,0,101,,817106,8,,,0,100,,817107,8,,,0,98,,817108,8,,,0,100,,817109,8,,,0,145,,817110,8,,,0,101,,817111,8,,,0,101,,817112,8,,,0,99,,817113,8,,,0,100,,817114,8,,,0,100,,817115,8,,,0,99,,817116,8,,,0
1203,'20260703',632,,770167,8,,,0,69,,770185,8,,,0,33,,770168,8,,,0,75,,770169,8,,,0,26,,770186,8,,,0,70,,770170,8,,,0,98,,770171,8,,,0,98,,770172,8,,,0,57,,770173,8,,,0,101,,770174,8,,,0,100,,770175,8,,,0,98,,770176,8,,,0,100,,770177,8,,,0,145,,770178,8,,,0,101,,770179,8,,,0,101,,770180,8,,,0,99,,770181,8,,,0,100,,770182,8,,,0,100,,770183,8,,,0,99,,770184,8,,,0
1203,'20260704',740,,795663,8,,,0,100,,795664,8,,,0,98,,795665,8,,,0,100,,795666,8,,,0,100,,795667,8,,,0,105,,795668,8,,,0,95,,795669,8,,,0,100,,795670,8,,,0,99,,795671,8,,,0,101,,795672,8,,,0,102,,795673,8,,,0,101,,795674,8,,,0,100,,795675,8,,,0,100,,795676,8,,,0,100,,795677,8,,,0,100,,795678,8,,,0
1203,'20260705',740,,795679,8,,,0,100,,795680,8,,,0,98,,795681,8,,,0,100,,795682,8,,,0,100,,795683,8,,,0,105,,795684,8,,,0,95,,795685,8,,,0,100,,795686,8,,,0,99,,795687,8,,,0,101,,795688,8,,,0,102,,795689,8,,,0,101,,795690,8,,,0,100,,795691,8,,,0,100,,795692,8,,,0,100,,795694,8,,,0,100,,795693,8,,,0
1203,'20260706',632,,795695,8,,,0,69,,795713,8,,,0,33,,795696,8,,,0,75,,795697,8,,,0,26,,795714,8,,,0,70,,795698,8,,,0,98,,795699,8,,,0,98,,795700,8,,,0,57,,795701,8,,,0,101,,795702,8,,,0,100,,795703,8,,,0,98,,795704,8,,,0,100,,795705,8,,,0,145,,795706,8,,,0,101,,795707,8,,,0,101,,795708,8,,,0,99,,795709,8,,,0,100,,795710,8,,,0,100,,795711,8,,,0,99,,795712,8,,,0
1203,'20260707',632,,795715,8,,,0,69,,795733,8,,,0,33,,795716,8,,,0,75,,795717,8,,,0,26,,795734,8,,,0,70,,795718,8,,,0,98,,795719,8,,,0,98,,795720,8,,,0,57,,795721,8,,,0,101,,795722,8,,,0,100,,795723,8,,,0,98,,795724,8,,,0,100,,795725,8,,,0,145,,795726,8,,,0,101,,795727,8,,,0,101,,795728,8,,,0,99,,795729,8,,,0,100,,795730,8,,,0,100,,795731,8,,,0,99,,795732,8,,,0
1203,'20260708',632,,817117,8,,,0,69,,817135,8,,,0,33,,817118,8,,,0,75,,817119,8,,,0,26,,817136,8,,,0,70,,817120,8,,,0,98,,817121,8,,,0,98,,817122,8,,,0,57,,817123,8,,,0,101,,817124,8,,,0,100,,817125,8,,,0,98,,817126,8,,,0,100,,817127,8,,,0,145,,817128,8,,,0,101,,817129,8,,,0,101,,817130,8,,,0,99,,817131,8,,,0,100,,817132,8,,,0,100,,817133,8,,,0,99,,817134,8,,,0
1203,'20260709',632,,817137,8,,,0,69,,817155,8,,,0,33,,817138,8,,,0,75,,817139,8,,,0,26,,817156,8,,,0,70,,817140,8,,,0,98,,817141,8,,,0,98,,817142,8,,,0,57,,817143,8,,,0,101,,817144,8,,,0,100,,817145,8,,,0,98,,817146,8,,,0,100,,817147,8,,,0,145,,817148,8,,,0,101,,817149,8,,,0,101,,817150,8,,,0,99,,817151,8,,,0,100,,817152,8,,,0,100,,817153,8,,,0,99,,817154,8,,,0
1203,'20260710',632,,817157,8,,,0,69,,817175,8,,,0,33,,817158,8,,,0,75,,817159,8,,,0,26,,817176,8,,,0,70,,817160,8,,,0,98,,817161,8,,,0,98,,817162,8,,,0,57,,817163,8,,,0,101,,817164,8,,,0,100,,817165,8,,,0,98,,817166,8,,,0,100,,817167,8,,,0,145,,817168,8,,,0,101,,817169,8,,,0,101,,817170,8,,,0,99,,817171,8,,,0,100,,817172,8,,,0,100,,817173,8,,,0,99,,817174,8,,,0
