100,'20260529',630,,577278,3,,,1,29,,577279,3,,,1,60,,577280,3,,,1,20,,577281,3,,,1,62,,577282,3,,,1,29,,577283,3,,,1,70,,577284,3,,,1,29,,577285,3,,,1,30,,577286,3,,,1,70,,577287,3,,,1,71,,577288,3,,,1,30,,577289,3,,,1,70,,577290,3,,,1,30,,577291,3,,,1,70,,577292,3,,,1,30,,577293,3,,,1,70,,577294,3,,,1,30,,577295,3,,,1,18,,577296,3,,,1,61,,577297,3,,,1,20,,577298,3,,,1,19,,577299,3,,,1,56,,577300,3,,,1,14,,577301,3,,,1,17,,577302,3,,,1,15,,577303,3,,,1,61,,577304,3,,,1,20,,577305,3,,,1,21,,577306,3,,,1,67,,577307,3,,,1,29,,577308,3,,,1,70,,577309,3,,,1,30,,577310,3,,,1,69,,577311,3,,,1,30,,577312,3,,,1,70,,577313,3,,,1,100,,577314,3,,,1,101,,577315,3,,,1,100,,577316,3,,,1
100,'20260530',621,,595143,3,,,1,100,,595144,3,,,1,100,,595145,3,,,1,100,,595146,3,,,1,100,,595147,3,,,1,101,,595148,3,,,1,100,,595149,3,,,1,31,,595150,3,,,1,70,,595151,3,,,1,30,,595152,3,,,1,70,,595153,3,,,1,30,,595154,3,,,1,70,,595155,3,,,1,25,,595156,3,,,1,74,,595157,3,,,1,25,,595158,3,,,1,75,,595159,3,,,1,30,,595160,3,,,1,70,,595161,3,,,1,100,,595162,3,,,1,100,,595163,3,,,1,100,,595164,3,,,1,100,,595165,3,,,1,99,,595166,3,,,1,100,,595167,3,,,1
100,'20260531',621,,595168,3,,,1,100,,595169,3,,,1,100,,595170,3,,,1,100,,595171,3,,,1,100,,595172,3,,,1,101,,595173,3,,,1,100,,595174,3,,,1,31,,595175,3,,,1,70,,595176,3,,,1,30,,595177,3,,,1,70,,595178,3,,,1,30,,595179,3,,,1,70,,595180,3,,,1,25,,595181,3,,,1,74,,595182,3,,,1,25,,595183,3,,,1,75,,595184,3,,,1,30,,595185,3,,,1,70,,595186,3,,,1,100,,595187,3,,,1,100,,595188,3,,,1,100,,595189,3,,,1,100,,595190,3,,,1,99,,595191,3,,,1,100,,595192,3,,,1
100,'20260601',630,,595193,3,,,1,29,,595194,3,,,1,60,,595195,3,,,1,20,,595196,3,,,1,62,,595197,3,,,1,29,,595198,3,,,1,70,,595199,3,,,1,29,,595200,3,,,1,30,,595201,3,,,1,70,,595202,3,,,1,71,,595203,3,,,1,30,,595204,3,,,1,70,,595205,3,,,1,30,,595206,3,,,1,70,,595207,3,,,1,30,,595208,3,,,1,70,,595209,3,,,1,30,,595210,3,,,1,18,,595211,3,,,1,61,,595212,3,,,1,20,,595213,3,,,1,19,,595214,3,,,1,56,,595215,3,,,1,14,,595216,3,,,1,17,,595217,3,,,1,15,,595218,3,,,1,61,,595219,3,,,1,20,,595220,3,,,1,21,,595221,3,,,1,67,,595222,3,,,1,29,,595223,3,,,1,70,,595224,3,,,1,30,,595225,3,,,1,69,,595226,3,,,1,30,,595227,3,,,1,70,,595228,3,,,1,100,,595229,3,,,1,101,,595230,3,,,1,100,,595231,3,,,1
100,'20260602',630,,595232,3,,,1,29,,595233,3,,,1,60,,595234,3,,,1,20,,595235,3,,,1,62,,595236,3,,,1,29,,595237,3,,,1,70,,595238,3,,,1,29,,595239,3,,,1,30,,595240,3,,,1,70,,595241,3,,,1,71,,595242,3,,,1,30,,595243,3,,,1,70,,595244,3,,,1,30,,595245,3,,,1,70,,595246,3,,,1,30,,595247,3,,,1,70,,595248,3,,,1,30,,595249,3,,,1,18,,595250,3,,,1,61,,595251,3,,,1,20,,595252,3,,,1,19,,595253,3,,,1,56,,595254,3,,,1,14,,595255,3,,,1,17,,595256,3,,,1,15,,595257,3,,,1,61,,595258,3,,,1,20,,595259,3,,,1,21,,595260,3,,,1,67,,595261,3,,,1,29,,595262,3,,,1,70,,595263,3,,,1,30,,595264,3,,,1,69,,595265,3,,,1,30,,595266,3,,,1,70,,595267,3,,,1,100,,595268,3,,,1,101,,595269,3,,,1,100,,595270,3,,,1
100,'20260603',630,,595271,3,,,1,29,,595272,3,,,1,60,,595273,3,,,1,20,,595274,3,,,1,62,,595275,3,,,1,29,,595276,3,,,1,70,,595277,3,,,1,29,,595278,3,,,1,30,,595279,3,,,1,70,,595280,3,,,1,71,,595281,3,,,1,30,,595282,3,,,1,70,,595283,3,,,1,30,,595284,3,,,1,70,,595285,3,,,1,30,,595286,3,,,1,70,,595287,3,,,1,30,,595288,3,,,1,18,,595289,3,,,1,61,,595290,3,,,1,20,,595291,3,,,1,19,,595292,3,,,1,56,,595293,3,,,1,14,,595294,3,,,1,17,,595295,3,,,1,15,,595296,3,,,1,61,,595297,3,,,1,20,,595298,3,,,1,21,,595299,3,,,1,67,,595300,3,,,1,29,,595301,3,,,1,70,,595302,3,,,1,30,,595303,3,,,1,69,,595304,3,,,1,30,,595305,3,,,1,70,,595306,3,,,1,100,,595307,3,,,1,101,,595308,3,,,1,100,,595309,3,,,1
100,'20260604',630,,595310,3,,,1,29,,595311,3,,,1,60,,595312,3,,,1,20,,595313,3,,,1,62,,595314,3,,,1,29,,595315,3,,,1,70,,595316,3,,,1,29,,595317,3,,,1,30,,595318,3,,,1,70,,595319,3,,,1,71,,595320,3,,,1,30,,595321,3,,,1,70,,595322,3,,,1,30,,595323,3,,,1,70,,595324,3,,,1,30,,595325,3,,,1,70,,595326,3,,,1,30,,595327,3,,,1,18,,595328,3,,,1,61,,595329,3,,,1,20,,595330,3,,,1,19,,595331,3,,,1,56,,595332,3,,,1,14,,595333,3,,,1,17,,595334,3,,,1,15,,595335,3,,,1,61,,595336,3,,,1,20,,595337,3,,,1,21,,595338,3,,,1,67,,595339,3,,,1,29,,595340,3,,,1,70,,595341,3,,,1,30,,595342,3,,,1,69,,595343,3,,,1,30,,595344,3,,,1,70,,595345,3,,,1,100,,595346,3,,,1,101,,595347,3,,,1,100,,595348,3,,,1
100,'20260605',630,,542805,3,,,1,29,,542774,3,,,1,60,,542807,3,,,1,20,,542775,3,,,1,62,,542776,3,,,1,29,,542777,3,,,1,70,,542778,3,,,1,29,,542779,3,,,1,30,,542780,3,,,1,70,,542781,3,,,1,71,,542782,3,,,1,30,,542783,3,,,1,70,,542784,3,,,1,30,,542785,3,,,1,70,,542786,3,,,1,30,,542787,3,,,1,70,,542788,3,,,1,30,,542789,3,,,1,18,,542790,3,,,1,61,,542808,3,,,1,20,,542791,3,,,1,19,,542809,3,,,1,56,,542812,3,,,1,14,,542792,3,,,1,17,,542810,3,,,1,15,,542793,3,,,1,61,,542811,3,,,1,20,,542794,3,,,1,21,,542795,3,,,1,67,,542796,3,,,1,29,,542797,3,,,1,70,,542798,3,,,1,30,,542799,3,,,1,69,,542800,3,,,1,30,,542801,3,,,1,70,,542802,3,,,1,100,,542803,3,,,1,101,,542804,3,,,1,100,,542806,3,,,1
100,'20260606',621,,577318,3,,,1,100,,577319,3,,,1,100,,577320,3,,,1,100,,577321,3,,,1,100,,577322,3,,,1,101,,577323,3,,,1,100,,577324,3,,,1,31,,577325,3,,,1,70,,577326,3,,,1,30,,577327,3,,,1,70,,577328,3,,,1,30,,577329,3,,,1,70,,577330,3,,,1,25,,577331,3,,,1,74,,577332,3,,,1,25,,577333,3,,,1,75,,577334,3,,,1,30,,577335,3,,,1,70,,577336,3,,,1,100,,577337,3,,,1,100,,577338,3,,,1,100,,577339,3,,,1,100,,577340,3,,,1,99,,577317,3,,,1,100,,577341,3,,,1
100,'20260607',621,,577342,3,,,1,100,,577343,3,,,1,100,,577344,3,,,1,100,,577345,3,,,1,100,,577346,3,,,1,101,,577347,3,,,1,100,,577348,3,,,1,31,,577349,3,,,1,70,,577350,3,,,1,30,,577351,3,,,1,70,,577352,3,,,1,30,,577353,3,,,1,70,,577354,3,,,1,25,,577355,3,,,1,74,,577356,3,,,1,25,,577357,3,,,1,75,,577358,3,,,1,30,,577359,3,,,1,70,,577360,3,,,1,100,,577361,3,,,1,100,,577362,3,,,1,100,,577363,3,,,1,100,,577364,3,,,1,99,,577365,3,,,1,100,,577366,3,,,1
100,'20260608',630,,577398,3,,,1,29,,577367,3,,,1,60,,577400,3,,,1,20,,577368,3,,,1,62,,577369,3,,,1,29,,577370,3,,,1,70,,577371,3,,,1,29,,577372,3,,,1,30,,577373,3,,,1,70,,577374,3,,,1,71,,577375,3,,,1,30,,577376,3,,,1,70,,577377,3,,,1,30,,577378,3,,,1,70,,577379,3,,,1,30,,577380,3,,,1,70,,577381,3,,,1,30,,577382,3,,,1,18,,577383,3,,,1,61,,577401,3,,,1,20,,577384,3,,,1,19,,577402,3,,,1,56,,577405,3,,,1,14,,577385,3,,,1,17,,577403,3,,,1,15,,577386,3,,,1,61,,577404,3,,,1,20,,577387,3,,,1,21,,577388,3,,,1,67,,577389,3,,,1,29,,577390,3,,,1,70,,577391,3,,,1,30,,577392,3,,,1,69,,577393,3,,,1,30,,577394,3,,,1,70,,577395,3,,,1,100,,577396,3,,,1,101,,577397,3,,,1,100,,577399,3,,,1
100,'20260609',630,,577437,3,,,1,29,,577406,3,,,1,60,,577439,3,,,1,20,,577407,3,,,1,62,,577408,3,,,1,29,,577409,3,,,1,70,,577410,3,,,1,29,,577411,3,,,1,30,,577412,3,,,1,70,,577413,3,,,1,71,,577414,3,,,1,30,,577415,3,,,1,70,,577416,3,,,1,30,,577417,3,,,1,70,,577418,3,,,1,30,,577419,3,,,1,70,,577420,3,,,1,30,,577421,3,,,1,18,,577422,3,,,1,61,,577440,3,,,1,20,,577423,3,,,1,19,,577441,3,,,1,56,,577444,3,,,1,14,,577424,3,,,1,17,,577442,3,,,1,15,,577425,3,,,1,61,,577443,3,,,1,20,,577426,3,,,1,21,,577427,3,,,1,67,,577428,3,,,1,29,,577429,3,,,1,70,,577430,3,,,1,30,,577431,3,,,1,69,,577432,3,,,1,30,,577433,3,,,1,70,,577434,3,,,1,100,,577435,3,,,1,101,,577436,3,,,1,100,,577438,3,,,1
100,'20260610',630,,595380,3,,,1,29,,595349,3,,,1,60,,595382,3,,,1,20,,595350,3,,,1,62,,595351,3,,,1,29,,595352,3,,,1,70,,595353,3,,,1,29,,595354,3,,,1,30,,595355,3,,,1,70,,595356,3,,,1,71,,595357,3,,,1,30,,595358,3,,,1,70,,595359,3,,,1,30,,595360,3,,,1,70,,595361,3,,,1,30,,595362,3,,,1,70,,595363,3,,,1,30,,595364,3,,,1,18,,595365,3,,,1,61,,595383,3,,,1,20,,595366,3,,,1,19,,595384,3,,,1,56,,595387,3,,,1,14,,595367,3,,,1,17,,595385,3,,,1,15,,595368,3,,,1,61,,595386,3,,,1,20,,595369,3,,,1,21,,595370,3,,,1,67,,595371,3,,,1,29,,595372,3,,,1,70,,595373,3,,,1,30,,595374,3,,,1,69,,595375,3,,,1,30,,595376,3,,,1,70,,595377,3,,,1,100,,595378,3,,,1,101,,595379,3,,,1,100,,595381,3,,,1
100,'20260611',630,,595419,3,,,1,29,,595388,3,,,1,60,,595421,3,,,1,20,,595389,3,,,1,62,,595390,3,,,1,29,,595391,3,,,1,70,,595392,3,,,1,29,,595393,3,,,1,30,,595394,3,,,1,70,,595395,3,,,1,71,,595396,3,,,1,30,,595397,3,,,1,70,,595398,3,,,1,30,,595399,3,,,1,70,,595400,3,,,1,30,,595401,3,,,1,70,,595402,3,,,1,30,,595403,3,,,1,18,,595404,3,,,1,61,,595422,3,,,1,20,,595405,3,,,1,19,,595423,3,,,1,56,,595426,3,,,1,14,,595406,3,,,1,17,,595424,3,,,1,15,,595407,3,,,1,61,,595425,3,,,1,20,,595408,3,,,1,21,,595409,3,,,1,67,,595410,3,,,1,29,,595411,3,,,1,70,,595412,3,,,1,30,,595413,3,,,1,69,,595414,3,,,1,30,,595415,3,,,1,70,,595416,3,,,1,100,,595417,3,,,1,101,,595418,3,,,1,100,,595420,3,,,1
100,'20260612',630,,595458,3,,,1,29,,595427,3,,,1,60,,595460,3,,,1,20,,595428,3,,,1,62,,595429,3,,,1,29,,595430,3,,,1,70,,595431,3,,,1,29,,595432,3,,,1,30,,595433,3,,,1,70,,595434,3,,,1,71,,595435,3,,,1,30,,595436,3,,,1,70,,595437,3,,,1,30,,595438,3,,,1,70,,595439,3,,,1,30,,595440,3,,,1,70,,595441,3,,,1,30,,595442,3,,,1,18,,595443,3,,,1,61,,595461,3,,,1,20,,595444,3,,,1,19,,595462,3,,,1,56,,595465,3,,,1,14,,595445,3,,,1,17,,595463,3,,,1,15,,595446,3,,,1,61,,595464,3,,,1,20,,595447,3,,,1,21,,595448,3,,,1,67,,595449,3,,,1,29,,595450,3,,,1,70,,595451,3,,,1,30,,595452,3,,,1,69,,595453,3,,,1,30,,595454,3,,,1,70,,595455,3,,,1,100,,595456,3,,,1,101,,595457,3,,,1,100,,595459,3,,,1
100,'20261511',621,,595467,3,,,1,100,,595468,3,,,1,100,,595469,3,,,1,100,,595470,3,,,1,100,,595471,3,,,1,101,,595472,3,,,1,100,,595473,3,,,1,31,,595474,3,,,1,70,,595475,3,,,1,30,,595476,3,,,1,70,,595477,3,,,1,30,,595478,3,,,1,70,,595479,3,,,1,25,,595480,3,,,1,74,,595481,3,,,1,25,,595482,3,,,1,75,,595483,3,,,1,30,,595484,3,,,1,70,,595485,3,,,1,100,,595486,3,,,1,100,,595487,3,,,1,100,,595488,3,,,1,100,,595489,3,,,1,99,,595466,3,,,1,100,,595490,3,,,1
100,'20261611',621,,595491,3,,,1,100,,595492,3,,,1,100,,595493,3,,,1,100,,595494,3,,,1,100,,595495,3,,,1,101,,595496,3,,,1,100,,595497,3,,,1,31,,595498,3,,,1,70,,595499,3,,,1,30,,595500,3,,,1,70,,595501,3,,,1,30,,595502,3,,,1,70,,595503,3,,,1,25,,595504,3,,,1,74,,595505,3,,,1,25,,595506,3,,,1,75,,595507,3,,,1,30,,595508,3,,,1,70,,595509,3,,,1,100,,595510,3,,,1,100,,595511,3,,,1,100,,595512,3,,,1,100,,595513,3,,,1,99,,595514,3,,,1,100,,595515,3,,,1
