1603,'20260413',715,,235889,7,,,0,25,,235890,7,,,0,902,,235900,7,,,0,68,,235901,7,,,0
1603,'20260414',715,,235908,7,,,0,25,,235909,7,,,0,902,,235919,7,,,0,68,,235920,7,,,0
1603,'20260415',715,,235927,7,,,0,25,,235928,7,,,0,902,,235938,7,,,0,68,,235939,7,,,0
1603,'20260416',715,,235946,7,,,0,25,,235947,7,,,0,902,,235957,7,,,0,68,,235958,7,,,0
1603,'20260417',715,,235965,7,,,0,25,,235966,7,,,0,902,,235976,7,,,0,68,,235977,7,,,0
1603,'20260420',715,,193839,7,,,0,25,,193840,7,,,0,902,,193841,7,,,0,68,,193842,7,,,0
1603,'20260421',715,,235983,7,,,0,25,,235984,7,,,0,902,,235985,7,,,0,68,,235986,7,,,0
1603,'20260422',715,,236002,7,,,0,25,,236003,7,,,0,902,,236004,7,,,0,68,,236005,7,,,0
1603,'20260423',715,,236021,7,,,0,25,,236022,7,,,0,902,,236023,7,,,0,68,,236024,7,,,0
1603,'20260424',715,,236040,7,,,0,25,,236041,7,,,0,902,,236042,7,,,0,68,,236043,7,,,0
1603,'20260427',715,,236067,7,,,0,25,,236068,7,,,0,902,,236069,7,,,0,68,,236070,7,,,0
