7401,'20260720',544,,979806,3,,,1,95,,979807,3,,,1,99,,979808,3,,,1,104,,979809,3,,,1,101,,979810,3,,,1,100,,979811,3,,,1,99,,979812,3,,,1,101,,979813,3,,,1,100,,979814,3,,,1,99,,979815,3,,,1,96,,979816,3,,,1,100,,979817,3,,,1,102,,979818,3,,,1,105,,979819,3,,,1,100,,979820,3,,,1,100,,979821,3,,,1,100,,979822,3,,,1,170,,979823,3,,,1
7401,'20260721',544,,979826,3,,,1,95,,979827,3,,,1,99,,979828,3,,,1,104,,979829,3,,,1,101,,979830,3,,,1,100,,979831,3,,,1,99,,979832,3,,,1,101,,979833,3,,,1,100,,979834,3,,,1,99,,979835,3,,,1,96,,979836,3,,,1,100,,979837,3,,,1,102,,979838,3,,,1,105,,979839,3,,,1,100,,979840,3,,,1,100,,979841,3,,,1,100,,979842,3,,,1,170,,979843,3,,,1
7401,'20260722',544,,979846,3,,,1,95,,979847,3,,,1,99,,979848,3,,,1,104,,979849,3,,,1,101,,979850,3,,,1,100,,979851,3,,,1,99,,979852,3,,,1,101,,979853,3,,,1,100,,979854,3,,,1,99,,979855,3,,,1,96,,979856,3,,,1,100,,979857,3,,,1,102,,979858,3,,,1,105,,979859,3,,,1,100,,979860,3,,,1,100,,979861,3,,,1,100,,979862,3,,,1,170,,979863,3,,,1
7401,'20260723',544,,979866,3,,,1,95,,979867,3,,,1,99,,979868,3,,,1,104,,979869,3,,,1,101,,979870,3,,,1,100,,979871,3,,,1,99,,979872,3,,,1,101,,979873,3,,,1,100,,979874,3,,,1,99,,979875,3,,,1,96,,979876,3,,,1,100,,979877,3,,,1,102,,979878,3,,,1,105,,979879,3,,,1,100,,979880,3,,,1,100,,979881,3,,,1,100,,979882,3,,,1,170,,979883,3,,,1
7401,'20260724',544,,1004812,3,,,1,95,,1004813,3,,,1,99,,1004814,3,,,1,104,,1004815,3,,,1,101,,1004816,3,,,1,100,,1004817,3,,,1,99,,1004818,3,,,1,101,,1004819,3,,,1,100,,1004820,3,,,1,99,,1004821,3,,,1,96,,1004822,3,,,1,100,,1004823,3,,,1,102,,1004824,3,,,1,105,,1004825,3,,,1,100,,1004826,3,,,1,100,,1004827,3,,,1,100,,1004828,3,,,1,170,,1004829,3,,,1
7401,'20260725',645,,949447,3,,,1,99,,949433,3,,,1,100,,949434,3,,,1,100,,949448,3,,,1,99,,949441,3,,,1,101,,949442,3,,,1,99,,949443,3,,,1,100,,949444,3,,,1,100,,949445,3,,,1,98,,949446,3,,,1,100,,949435,3,,,1,103,,949439,3,,,1,100,,949440,3,,,1,100,,949436,3,,,1,99,,949437,3,,,1,104,,949438,3,,,1,170,,949449,3,,,1
7401,'20260726',645,,949450,3,,,1,99,,949465,3,,,1,100,,949451,3,,,1,100,,949466,3,,,1,99,,949453,3,,,1,101,,949454,3,,,1,99,,949455,3,,,1,100,,949456,3,,,1,100,,949457,3,,,1,98,,949458,3,,,1,100,,949459,3,,,1,103,,949460,3,,,1,100,,949461,3,,,1,100,,949462,3,,,1,99,,949463,3,,,1,104,,949464,3,,,1,170,,949452,3,,,1
7401,'20260727',544,,949467,3,,,1,95,,949468,3,,,1,99,,949469,3,,,1,104,,949470,3,,,1,101,,949471,3,,,1,100,,949472,3,,,1,99,,949473,3,,,1,101,,949474,3,,,1,100,,949475,3,,,1,99,,949476,3,,,1,96,,949482,3,,,1,100,,949477,3,,,1,102,,949478,3,,,1,105,,949484,3,,,1,100,,949479,3,,,1,100,,949483,3,,,1,100,,949480,3,,,1,170,,949481,3,,,1
7401,'20260728',544,,949487,3,,,1,95,,949488,3,,,1,99,,949489,3,,,1,104,,949490,3,,,1,101,,949491,3,,,1,100,,949492,3,,,1,99,,949493,3,,,1,101,,949494,3,,,1,100,,949495,3,,,1,99,,949496,3,,,1,96,,949502,3,,,1,100,,949497,3,,,1,102,,949498,3,,,1,105,,949504,3,,,1,100,,949499,3,,,1,100,,949503,3,,,1,100,,949500,3,,,1,170,,949501,3,,,1
7401,'20260729',544,,979884,3,,,1,95,,979885,3,,,1,99,,979886,3,,,1,104,,979887,3,,,1,101,,979888,3,,,1,100,,979889,3,,,1,99,,979890,3,,,1,101,,979891,3,,,1,100,,979892,3,,,1,99,,979893,3,,,1,96,,979899,3,,,1,100,,979894,3,,,1,102,,979895,3,,,1,105,,979901,3,,,1,100,,979896,3,,,1,100,,979900,3,,,1,100,,979897,3,,,1,170,,979898,3,,,1
7401,'20260730',544,,979904,3,,,1,95,,979905,3,,,1,99,,979906,3,,,1,104,,979907,3,,,1,101,,979908,3,,,1,100,,979909,3,,,1,99,,979910,3,,,1,101,,979911,3,,,1,100,,979912,3,,,1,99,,979913,3,,,1,96,,979919,3,,,1,100,,979914,3,,,1,102,,979915,3,,,1,105,,979921,3,,,1,100,,979916,3,,,1,100,,979920,3,,,1,100,,979917,3,,,1,170,,979918,3,,,1
7401,'20260731',544,,979924,3,,,1,95,,979925,3,,,1,99,,979926,3,,,1,104,,979927,3,,,1,101,,979928,3,,,1,100,,979929,3,,,1,99,,979930,3,,,1,101,,979931,3,,,1,100,,979932,3,,,1,99,,979933,3,,,1,96,,979939,3,,,1,100,,979934,3,,,1,102,,979935,3,,,1,105,,979941,3,,,1,100,,979936,3,,,1,100,,979940,3,,,1,100,,979937,3,,,1,170,,979938,3,,,1
7401,'20260801',645,,1004844,3,,,1,99,,1004830,3,,,1,100,,1004831,3,,,1,100,,1004845,3,,,1,99,,1004838,3,,,1,101,,1004839,3,,,1,99,,1004840,3,,,1,100,,1004841,3,,,1,100,,1004842,3,,,1,98,,1004843,3,,,1,100,,1004832,3,,,1,103,,1004836,3,,,1,100,,1004837,3,,,1,100,,1004833,3,,,1,99,,1004834,3,,,1,104,,1004835,3,,,1,170,,1004846,3,,,1
7401,'20260802',645,,1004847,3,,,1,99,,1004862,3,,,1,100,,1004848,3,,,1,100,,1004863,3,,,1,99,,1004850,3,,,1,101,,1004851,3,,,1,99,,1004852,3,,,1,100,,1004853,3,,,1,100,,1004854,3,,,1,98,,1004855,3,,,1,100,,1004856,3,,,1,103,,1004857,3,,,1,100,,1004858,3,,,1,100,,1004859,3,,,1,99,,1004860,3,,,1,104,,1004861,3,,,1,170,,1004849,3,,,1
7401,'20260803',544,,1004864,3,,,1,95,,1004865,3,,,1,99,,1004866,3,,,1,104,,1004867,3,,,1,101,,1004868,3,,,1,100,,1004869,3,,,1,99,,1004870,3,,,1,101,,1004871,3,,,1,100,,1004872,3,,,1,99,,1004873,3,,,1,96,,1004879,3,,,1,100,,1004874,3,,,1,102,,1004875,3,,,1,105,,1004881,3,,,1,100,,1004876,3,,,1,100,,1004880,3,,,1,100,,1004877,3,,,1,170,,1004878,3,,,1
8401,'20260720',607,,982359,3,,,1,27,,982360,3,,,1,67,,982361,3,,,1,29,,982362,3,,,1,28,,982363,3,,,1,74,,982364,3,,,1,73,,982365,3,,,1,101,,982366,3,,,1,100,,982367,3,,,1,98,,982368,3,,,1,102,,982369,3,,,1,99,,982370,3,,,1,97,,982371,3,,,1,53,,982372,3,,,1,148,,982373,3,,,1,104,,982374,3,,,1,101,,982375,3,,,1,100,,982376,3,,,1,102,,982377,3,,,1,100,,982378,3,,,1,100,,982379,3,,,1
8401,'20260721',607,,982380,3,,,1,27,,982381,3,,,1,67,,982382,3,,,1,29,,982383,3,,,1,28,,982384,3,,,1,74,,982385,3,,,1,73,,982386,3,,,1,101,,982387,3,,,1,100,,982388,3,,,1,98,,982389,3,,,1,102,,982390,3,,,1,99,,982391,3,,,1,97,,982392,3,,,1,53,,982393,3,,,1,148,,982394,3,,,1,104,,982395,3,,,1,101,,982396,3,,,1,100,,982397,3,,,1,102,,982398,3,,,1,100,,982399,3,,,1,100,,982400,3,,,1
8401,'20260722',607,,982401,3,,,1,27,,982402,3,,,1,67,,982403,3,,,1,29,,982404,3,,,1,28,,982405,3,,,1,74,,982406,3,,,1,73,,982407,3,,,1,101,,982408,3,,,1,100,,982409,3,,,1,98,,982410,3,,,1,102,,982411,3,,,1,99,,982412,3,,,1,97,,982413,3,,,1,53,,982414,3,,,1,148,,982415,3,,,1,104,,982416,3,,,1,101,,982417,3,,,1,100,,982418,3,,,1,102,,982419,3,,,1,100,,982420,3,,,1,100,,982421,3,,,1
8401,'20260723',607,,982422,3,,,1,27,,982423,3,,,1,67,,982424,3,,,1,29,,982425,3,,,1,28,,982426,3,,,1,74,,982427,3,,,1,73,,982428,3,,,1,101,,982429,3,,,1,100,,982430,3,,,1,98,,982431,3,,,1,102,,982432,3,,,1,99,,982433,3,,,1,97,,982434,3,,,1,53,,982435,3,,,1,148,,982436,3,,,1,104,,982437,3,,,1,101,,982438,3,,,1,100,,982439,3,,,1,102,,982440,3,,,1,100,,982441,3,,,1,100,,982442,3,,,1
8401,'20260724',607,,1005913,3,,,1,27,,1005914,3,,,1,67,,1005915,3,,,1,29,,1005916,3,,,1,28,,1005917,3,,,1,74,,1005918,3,,,1,73,,1005919,3,,,1,101,,1005920,3,,,1,100,,1005921,3,,,1,98,,1005922,3,,,1,102,,1005923,3,,,1,99,,1005924,3,,,1,97,,1005925,3,,,1,53,,1005926,3,,,1,148,,1005927,3,,,1,104,,1005928,3,,,1,101,,1005929,3,,,1,100,,1005930,3,,,1,102,,1005931,3,,,1,100,,1005932,3,,,1,100,,1005933,3,,,1
8401,'20260725',611,,951701,3,,,1,98,,951716,3,,,1,99,,951702,3,,,1,99,,951715,3,,,1,100,,951703,3,,,1,100,,951710,3,,,1,100,,951711,3,,,1,98,,951712,3,,,1,100,,951713,3,,,1,99,,951714,3,,,1,102,,951705,3,,,1,101,,951704,3,,,1,102,,951706,3,,,1,100,,951709,3,,,1,100,,951708,3,,,1,100,,951707,3,,,1,102,,951717,3,,,1,100,,951718,3,,,1
8401,'20260726',611,,951731,3,,,1,98,,951735,3,,,1,99,,951734,3,,,1,99,,951732,3,,,1,100,,951719,3,,,1,100,,951725,3,,,1,100,,951720,3,,,1,98,,951726,3,,,1,100,,951721,3,,,1,99,,951727,3,,,1,102,,951722,3,,,1,101,,951728,3,,,1,102,,951723,3,,,1,100,,951729,3,,,1,100,,951724,3,,,1,100,,951730,3,,,1,102,,951733,3,,,1,100,,951736,3,,,1
8401,'20260727',607,,951737,3,,,1,27,,951756,3,,,1,67,,951738,3,,,1,29,,951757,3,,,1,28,,951739,3,,,1,74,,951754,3,,,1,73,,951740,3,,,1,101,,951741,3,,,1,100,,951742,3,,,1,98,,951743,3,,,1,102,,951744,3,,,1,99,,951745,3,,,1,97,,951746,3,,,1,53,,951747,3,,,1,148,,951748,3,,,1,104,,951749,3,,,1,101,,951750,3,,,1,100,,951751,3,,,1,102,,951752,3,,,1,100,,951753,3,,,1,100,,951755,3,,,1
8401,'20260728',607,,951758,3,,,1,27,,951777,3,,,1,67,,951759,3,,,1,29,,951778,3,,,1,28,,951760,3,,,1,74,,951775,3,,,1,73,,951761,3,,,1,101,,951762,3,,,1,100,,951763,3,,,1,98,,951764,3,,,1,102,,951765,3,,,1,99,,951766,3,,,1,97,,951767,3,,,1,53,,951768,3,,,1,148,,951769,3,,,1,104,,951770,3,,,1,101,,951771,3,,,1,100,,951772,3,,,1,102,,951773,3,,,1,100,,951774,3,,,1,100,,951776,3,,,1
8401,'20260729',607,,982443,3,,,1,27,,982462,3,,,1,67,,982444,3,,,1,29,,982463,3,,,1,28,,982445,3,,,1,74,,982460,3,,,1,73,,982446,3,,,1,101,,982447,3,,,1,100,,982448,3,,,1,98,,982449,3,,,1,102,,982450,3,,,1,99,,982451,3,,,1,97,,982452,3,,,1,53,,982453,3,,,1,148,,982454,3,,,1,104,,982455,3,,,1,101,,982456,3,,,1,100,,982457,3,,,1,102,,982458,3,,,1,100,,982459,3,,,1,100,,982461,3,,,1
8401,'20260730',607,,982464,3,,,1,27,,982483,3,,,1,67,,982465,3,,,1,29,,982484,3,,,1,28,,982466,3,,,1,74,,982481,3,,,1,73,,982467,3,,,1,101,,982468,3,,,1,100,,982469,3,,,1,98,,982470,3,,,1,102,,982471,3,,,1,99,,982472,3,,,1,97,,982473,3,,,1,53,,982474,3,,,1,148,,982475,3,,,1,104,,982476,3,,,1,101,,982477,3,,,1,100,,982478,3,,,1,102,,982479,3,,,1,100,,982480,3,,,1,100,,982482,3,,,1
8401,'20260731',607,,982485,3,,,1,27,,982504,3,,,1,67,,982486,3,,,1,29,,982505,3,,,1,28,,982487,3,,,1,74,,982502,3,,,1,73,,982488,3,,,1,101,,982489,3,,,1,100,,982490,3,,,1,98,,982491,3,,,1,102,,982492,3,,,1,99,,982493,3,,,1,97,,982494,3,,,1,53,,982495,3,,,1,148,,982496,3,,,1,104,,982497,3,,,1,101,,982498,3,,,1,100,,982499,3,,,1,102,,982500,3,,,1,100,,982501,3,,,1,100,,982503,3,,,1
8401,'20260801',611,,1005934,3,,,1,98,,1005949,3,,,1,99,,1005935,3,,,1,99,,1005948,3,,,1,100,,1005936,3,,,1,100,,1005943,3,,,1,100,,1005944,3,,,1,98,,1005945,3,,,1,100,,1005946,3,,,1,99,,1005947,3,,,1,102,,1005938,3,,,1,101,,1005937,3,,,1,102,,1005939,3,,,1,100,,1005942,3,,,1,100,,1005941,3,,,1,100,,1005940,3,,,1,102,,1005950,3,,,1,100,,1005951,3,,,1
8401,'20260802',611,,1005964,3,,,1,98,,1005968,3,,,1,99,,1005967,3,,,1,99,,1005965,3,,,1,100,,1005952,3,,,1,100,,1005958,3,,,1,100,,1005953,3,,,1,98,,1005959,3,,,1,100,,1005954,3,,,1,99,,1005960,3,,,1,102,,1005955,3,,,1,101,,1005961,3,,,1,102,,1005956,3,,,1,100,,1005962,3,,,1,100,,1005957,3,,,1,100,,1005963,3,,,1,102,,1005966,3,,,1,100,,1005969,3,,,1
8401,'20260803',607,,1005970,3,,,1,27,,1005989,3,,,1,67,,1005971,3,,,1,29,,1005990,3,,,1,28,,1005972,3,,,1,74,,1005987,3,,,1,73,,1005973,3,,,1,101,,1005974,3,,,1,100,,1005975,3,,,1,98,,1005976,3,,,1,102,,1005977,3,,,1,99,,1005978,3,,,1,97,,1005979,3,,,1,53,,1005980,3,,,1,148,,1005981,3,,,1,104,,1005982,3,,,1,101,,1005983,3,,,1,100,,1005984,3,,,1,102,,1005985,3,,,1,100,,1005986,3,,,1,100,,1005988,3,,,1
