6401,'20260529',936,,583182,2,,,0,100,,583183,2,,,0,100,,583184,2,,,0,100,,583185,2,,,0,100,,583186,2,,,0,100,,583187,2,,,0,100,,583188,2,,,0,100,,583189,2,,,0,100,,583190,2,,,0,100,,583191,2,,,0,100,,583192,2,,,0,100,,583193,2,,,0,100,,583194,2,,,0,100,,583195,2,,,0
6401,'20260530',636,,608337,2,,,0,100,,608338,2,,,0,100,,608339,2,,,0,100,,608340,2,,,0,100,,608341,2,,,0,100,,608342,2,,,0,100,,608343,2,,,0,100,,608344,2,,,0,100,,608345,2,,,0,100,,608346,2,,,0,100,,608347,2,,,0,100,,608348,2,,,0,100,,608349,2,,,0,100,,608350,2,,,0,100,,608351,2,,,0,100,,608352,2,,,0,100,,608353,2,,,0,100,,608354,2,,,0
6401,'20260531',636,,608355,2,,,0,100,,608356,2,,,0,100,,608357,2,,,0,100,,608358,2,,,0,100,,608359,2,,,0,100,,608360,2,,,0,100,,608361,2,,,0,100,,608362,2,,,0,100,,608363,2,,,0,100,,608364,2,,,0,100,,608365,2,,,0,100,,608366,2,,,0,100,,608367,2,,,0,100,,608368,2,,,0,100,,608369,2,,,0,100,,608370,2,,,0,100,,608371,2,,,0,100,,608372,2,,,0
6401,'20260601',936,,608373,2,,,0,100,,608374,2,,,0,100,,608375,2,,,0,100,,608376,2,,,0,100,,608377,2,,,0,100,,608378,2,,,0,100,,608379,2,,,0,100,,608380,2,,,0,100,,608381,2,,,0,100,,608382,2,,,0,100,,608383,2,,,0,100,,608384,2,,,0,100,,608385,2,,,0,100,,608386,2,,,0
6401,'20260602',936,,608387,2,,,0,100,,608388,2,,,0,100,,608389,2,,,0,100,,608390,2,,,0,100,,608391,2,,,0,100,,608392,2,,,0,100,,608393,2,,,0,100,,608394,2,,,0,100,,608395,2,,,0,100,,608396,2,,,0,100,,608397,2,,,0,100,,608398,2,,,0,100,,608399,2,,,0,100,,608400,2,,,0
6401,'20260603',936,,608401,2,,,0,100,,608402,2,,,0,100,,608403,2,,,0,100,,608404,2,,,0,100,,608405,2,,,0,100,,608406,2,,,0,100,,608407,2,,,0,100,,608408,2,,,0,100,,608409,2,,,0,100,,608410,2,,,0,100,,608411,2,,,0,100,,608412,2,,,0,100,,608413,2,,,0,100,,608414,2,,,0
6401,'20260604',936,,608415,2,,,0,100,,608416,2,,,0,100,,608417,2,,,0,100,,608418,2,,,0,100,,608419,2,,,0,100,,608420,2,,,0,100,,608421,2,,,0,100,,608422,2,,,0,100,,608423,2,,,0,100,,608424,2,,,0,100,,608425,2,,,0,100,,608426,2,,,0,100,,608427,2,,,0,100,,608428,2,,,0
6401,'20260605',936,,554003,2,,,0,100,,554004,2,,,0,100,,554005,2,,,0,100,,554006,2,,,0,100,,554007,2,,,0,100,,554008,2,,,0,100,,554009,2,,,0,100,,554010,2,,,0,100,,554011,2,,,0,100,,554012,2,,,0,100,,554013,2,,,0,100,,554014,2,,,0,100,,554015,2,,,0,100,,554016,2,,,0
6401,'20260606',636,,583196,2,,,0,100,,583197,2,,,0,100,,583198,2,,,0,100,,583199,2,,,0,100,,583200,2,,,0,100,,583201,2,,,0,100,,583202,2,,,0,100,,583203,2,,,0,100,,583204,2,,,0,100,,583205,2,,,0,100,,583206,2,,,0,100,,583207,2,,,0,100,,583208,2,,,0,100,,583209,2,,,0,100,,583210,2,,,0,100,,583211,2,,,0,100,,583212,2,,,0,100,,583213,2,,,0
6401,'20260607',636,,583214,2,,,0,100,,583215,2,,,0,100,,583216,2,,,0,100,,583217,2,,,0,100,,583218,2,,,0,100,,583219,2,,,0,100,,583220,2,,,0,100,,583221,2,,,0,100,,583222,2,,,0,100,,583223,2,,,0,100,,583224,2,,,0,100,,583225,2,,,0,100,,583226,2,,,0,100,,583227,2,,,0,100,,583228,2,,,0,100,,583229,2,,,0,100,,583230,2,,,0,100,,583231,2,,,0
6401,'20260608',936,,583232,2,,,0,100,,583233,2,,,0,100,,583234,2,,,0,100,,583235,2,,,0,100,,583236,2,,,0,100,,583237,2,,,0,100,,583238,2,,,0,100,,583239,2,,,0,100,,583240,2,,,0,100,,583241,2,,,0,100,,583242,2,,,0,100,,583243,2,,,0,100,,583244,2,,,0,100,,583245,2,,,0
6401,'20260609',936,,583246,2,,,0,100,,583247,2,,,0,100,,583248,2,,,0,100,,583249,2,,,0,100,,583250,2,,,0,100,,583251,2,,,0,100,,583252,2,,,0,100,,583253,2,,,0,100,,583254,2,,,0,100,,583255,2,,,0,100,,583256,2,,,0,100,,583257,2,,,0,100,,583258,2,,,0,100,,583259,2,,,0
6401,'20260610',936,,608429,2,,,0,100,,608430,2,,,0,100,,608431,2,,,0,100,,608432,2,,,0,100,,608433,2,,,0,100,,608434,2,,,0,100,,608435,2,,,0,100,,608436,2,,,0,100,,608437,2,,,0,100,,608438,2,,,0,100,,608439,2,,,0,100,,608440,2,,,0,100,,608441,2,,,0,100,,608442,2,,,0
6401,'20260611',936,,608443,2,,,0,100,,608444,2,,,0,100,,608445,2,,,0,100,,608446,2,,,0,100,,608447,2,,,0,100,,608448,2,,,0,100,,608449,2,,,0,100,,608450,2,,,0,100,,608451,2,,,0,100,,608452,2,,,0,100,,608453,2,,,0,100,,608454,2,,,0,100,,608455,2,,,0,100,,608456,2,,,0
6401,'20260612',936,,608457,2,,,0,100,,608458,2,,,0,100,,608459,2,,,0,100,,608460,2,,,0,100,,608461,2,,,0,100,,608462,2,,,0,100,,608463,2,,,0,100,,608464,2,,,0,100,,608465,2,,,0,100,,608466,2,,,0,100,,608467,2,,,0,100,,608468,2,,,0,100,,608469,2,,,0,100,,608470,2,,,0
6401,'20261511',636,,608471,2,,,0,100,,608472,2,,,0,100,,608473,2,,,0,100,,608474,2,,,0,100,,608475,2,,,0,100,,608476,2,,,0,100,,608477,2,,,0,100,,608478,2,,,0,100,,608479,2,,,0,100,,608480,2,,,0,100,,608481,2,,,0,100,,608482,2,,,0,100,,608483,2,,,0,100,,608484,2,,,0,100,,608485,2,,,0,100,,608486,2,,,0,100,,608487,2,,,0,100,,608488,2,,,0
6401,'20261611',636,,608489,2,,,0,100,,608490,2,,,0,100,,608491,2,,,0,100,,608492,2,,,0,100,,608493,2,,,0,100,,608494,2,,,0,100,,608495,2,,,0,100,,608496,2,,,0,100,,608497,2,,,0,100,,608498,2,,,0,100,,608499,2,,,0,100,,608500,2,,,0,100,,608501,2,,,0,100,,608502,2,,,0,100,,608503,2,,,0,100,,608504,2,,,0,100,,608505,2,,,0,100,,608506,2,,,0
8501,'20260529',1211,,585612,2,,,0,390,,585613,2,,,0,102,,585614,2,,,0,26,,585615,2,,,0,12,,585616,2,,,0
8501,'20260530',1715,,613728,2,,,0
8501,'20260531',1715,,613729,2,,,0
8501,'20260601',1211,,613730,2,,,0,390,,613731,2,,,0,102,,613732,2,,,0,26,,613733,2,,,0,12,,613734,2,,,0
8501,'20260602',1211,,613735,2,,,0,390,,613736,2,,,0,102,,613737,2,,,0,26,,613738,2,,,0,12,,613739,2,,,0
8501,'20260603',1211,,613740,2,,,0,390,,613741,2,,,0,102,,613742,2,,,0,26,,613743,2,,,0,12,,613744,2,,,0
8501,'20260604',1211,,613745,2,,,0,390,,613746,2,,,0,102,,613747,2,,,0,26,,613748,2,,,0,12,,613749,2,,,0
8501,'20260605',1211,,558464,2,,,0,390,,558465,2,,,0,102,,558466,2,,,0,26,,558467,2,,,0,12,,558468,2,,,0
8501,'20260606',1715,,585617,2,,,0
8501,'20260607',1715,,585618,2,,,0
8501,'20260608',1211,,585619,2,,,0,390,,585620,2,,,0,102,,585621,2,,,0,26,,585622,2,,,0,12,,585623,2,,,0
8501,'20260609',1211,,585624,2,,,0,390,,585625,2,,,0,102,,585626,2,,,0,26,,585627,2,,,0,12,,585628,2,,,0
8501,'20260610',1211,,613750,2,,,0,390,,613751,2,,,0,102,,613752,2,,,0,26,,613753,2,,,0,12,,613754,2,,,0
8501,'20260611',1211,,613755,2,,,0,390,,613756,2,,,0,102,,613757,2,,,0,26,,613758,2,,,0,12,,613759,2,,,0
8501,'20260612',1211,,613760,2,,,0,390,,613761,2,,,0,102,,613762,2,,,0,26,,613763,2,,,0,12,,613764,2,,,0
8501,'20261511',1715,,613765,2,,,0
8501,'20261611',1715,,613766,2,,,0
18501,'20260529',648,,586987,16,,,0,85,,586988,16,,,0,92,,586989,16,,,0,79,,586990,16,,,0,848,,586991,4,,,0
18501,'20260601',648,,616802,16,,,0,85,,616803,16,,,0,92,,616804,16,,,0,79,,616805,16,,,0,848,,616806,4,,,0
18501,'20260602',648,,616807,16,,,0,85,,616808,16,,,0,92,,616809,16,,,0,79,,616810,16,,,0,848,,616811,4,,,0
18501,'20260603',648,,616812,16,,,0,85,,616813,16,,,0,92,,616814,16,,,0,79,,616815,16,,,0,848,,616816,4,,,0
18501,'20260604',648,,616817,16,,,0,85,,616818,16,,,0,92,,616819,16,,,0,79,,616820,16,,,0,848,,616821,4,,,0
18501,'20260605',648,,561131,16,,,0,85,,561132,16,,,0,92,,561133,16,,,0,79,,561135,16,,,0,848,,561134,4,,,0
18501,'20260608',648,,586992,16,,,0,85,,586993,16,,,0,92,,586994,16,,,0,79,,586996,16,,,0,848,,586995,4,,,0
18501,'20260609',648,,586997,16,,,0,85,,586998,16,,,0,92,,586999,16,,,0,79,,587001,16,,,0,848,,587000,4,,,0
18501,'20260610',648,,616822,16,,,0,85,,616823,16,,,0,92,,616824,16,,,0,79,,616826,16,,,0,848,,616825,4,,,0
18501,'20260611',648,,616827,16,,,0,85,,616828,16,,,0,92,,616829,16,,,0,79,,616831,16,,,0,848,,616830,4,,,0
18501,'20260612',648,,616832,16,,,0,85,,616833,16,,,0,92,,616834,16,,,0,79,,616836,16,,,0,848,,616835,4,,,0
