7401,'20260406',704,,204909,37,,,1,100,,204910,37,,,1,99,,204911,37,,,1,100,,204912,37,,,1,100,,204913,37,,,1,100,,204914,37,,,1,100,,204915,37,,,1,99,,204916,37,,,1,100,,204917,37,,,1,100,,204918,37,,,1,100,,204919,37,,,1,101,,204920,37,,,1,102,,204921,37,,,1,100,,204922,37,,,1,100,,204923,37,,,1,100,,204924,37,,,1,131,,204925,37,,,1
7401,'20260407',603,,204928,37,,,1,55,,204929,37,,,1,101,,204930,37,,,1,143,,204931,37,,,1,100,,204932,37,,,1,100,,204933,37,,,1,99,,204934,37,,,1,100,,204935,37,,,1,100,,204936,37,,,1,100,,204937,37,,,1,36,,204926,9,,,1,21,,204938,37,,,1,78,,204927,9,,,1,22,,204939,37,,,1,144,,204940,37,,,1,101,,204941,37,,,1,100,,204942,37,,,1,100,,204943,37,,,1,100,,204944,37,,,1,130,,204945,37,,,1
7401,'20260408',603,,204948,37,,,1,55,,204949,37,,,1,101,,204950,37,,,1,143,,204951,37,,,1,100,,204952,37,,,1,100,,204953,37,,,1,99,,204954,37,,,1,100,,204955,37,,,1,100,,204956,37,,,1,100,,204957,37,,,1,36,,204946,9,,,1,21,,204958,37,,,1,78,,204947,9,,,1,22,,204959,37,,,1,144,,204960,37,,,1,101,,204961,37,,,1,100,,204962,37,,,1,100,,204963,37,,,1,100,,204964,37,,,1,130,,204965,37,,,1
7401,'20260409',603,,204968,37,,,1,55,,204969,37,,,1,101,,204970,37,,,1,143,,204971,37,,,1,100,,204972,37,,,1,100,,204973,37,,,1,99,,204974,37,,,1,100,,204975,37,,,1,100,,204976,37,,,1,100,,204977,37,,,1,36,,204966,9,,,1,21,,204978,37,,,1,78,,204967,9,,,1,22,,204979,37,,,1,144,,204980,37,,,1,101,,204981,37,,,1,100,,204982,37,,,1,100,,204983,37,,,1,100,,204984,37,,,1,130,,204985,37,,,1
7401,'20260410',603,,204988,37,,,1,55,,204989,37,,,1,101,,204990,37,,,1,143,,204991,37,,,1,100,,204992,37,,,1,100,,204993,37,,,1,99,,204994,37,,,1,100,,204995,37,,,1,100,,204996,37,,,1,100,,204997,37,,,1,36,,204986,9,,,1,21,,204998,37,,,1,78,,204987,9,,,1,22,,204999,37,,,1,144,,205000,37,,,1,101,,205001,37,,,1,100,,205002,37,,,1,100,,205003,37,,,1,100,,205004,37,,,1,130,,205005,37,,,1
7401,'20260411',704,,160961,37,,,1,100,,160947,37,,,1,99,,160948,37,,,1,100,,160962,37,,,1,100,,160955,37,,,1,100,,160956,37,,,1,100,,160957,37,,,1,99,,160958,37,,,1,100,,160959,37,,,1,100,,160960,37,,,1,100,,160949,37,,,1,101,,160953,37,,,1,102,,160954,37,,,1,100,,160950,37,,,1,100,,160951,37,,,1,100,,160952,37,,,1,131,,160963,37,,,1
7401,'20260412',704,,160964,37,,,1,100,,160979,37,,,1,99,,160965,37,,,1,100,,160980,37,,,1,100,,160967,37,,,1,100,,160968,37,,,1,100,,160969,37,,,1,99,,160970,37,,,1,100,,160971,37,,,1,100,,160972,37,,,1,100,,160973,37,,,1,101,,160974,37,,,1,102,,160975,37,,,1,100,,160976,37,,,1,100,,160977,37,,,1,100,,160978,37,,,1,131,,160966,37,,,1
7401,'20260413',603,,160981,37,,,1,55,,160982,37,,,1,101,,160983,37,,,1,143,,160984,37,,,1,100,,160985,37,,,1,100,,160986,37,,,1,99,,160987,37,,,1,100,,160988,37,,,1,100,,160989,37,,,1,100,,160990,37,,,1,36,,161000,9,,,1,21,,160996,37,,,1,78,,160999,9,,,1,22,,160991,37,,,1,144,,160992,37,,,1,101,,160998,37,,,1,100,,160993,37,,,1,100,,160997,37,,,1,100,,160994,37,,,1,130,,160995,37,,,1
7401,'20260414',603,,161001,37,,,1,55,,161002,37,,,1,101,,161003,37,,,1,143,,161004,37,,,1,100,,161005,37,,,1,100,,161006,37,,,1,99,,161007,37,,,1,100,,161008,37,,,1,100,,161009,37,,,1,100,,161010,37,,,1,36,,161020,9,,,1,21,,161016,37,,,1,78,,161019,9,,,1,22,,161011,37,,,1,144,,161012,37,,,1,101,,161018,37,,,1,100,,161013,37,,,1,100,,161017,37,,,1,100,,161014,37,,,1,130,,161015,37,,,1
7401,'20260415',603,,205006,37,,,1,55,,205007,37,,,1,101,,205008,37,,,1,143,,205009,37,,,1,100,,205010,37,,,1,100,,205011,37,,,1,99,,205012,37,,,1,100,,205013,37,,,1,100,,205014,37,,,1,100,,205015,37,,,1,36,,205025,9,,,1,21,,205021,37,,,1,78,,205024,9,,,1,22,,205016,37,,,1,144,,205017,37,,,1,101,,205023,37,,,1,100,,205018,37,,,1,100,,205022,37,,,1,100,,205019,37,,,1,130,,205020,37,,,1
7401,'20260416',603,,205026,37,,,1,55,,205027,37,,,1,101,,205028,37,,,1,143,,205029,37,,,1,100,,205030,37,,,1,100,,205031,37,,,1,99,,205032,37,,,1,100,,205033,37,,,1,100,,205034,37,,,1,100,,205035,37,,,1,36,,205045,9,,,1,21,,205041,37,,,1,78,,205044,9,,,1,22,,205036,37,,,1,144,,205037,37,,,1,101,,205043,37,,,1,100,,205038,37,,,1,100,,205042,37,,,1,100,,205039,37,,,1,130,,205040,37,,,1
7401,'20260417',603,,205046,37,,,1,55,,205047,37,,,1,101,,205048,37,,,1,143,,205049,37,,,1,100,,205050,37,,,1,100,,205051,37,,,1,99,,205052,37,,,1,100,,205053,37,,,1,100,,205054,37,,,1,100,,205055,37,,,1,36,,205065,9,,,1,21,,205061,37,,,1,78,,205064,9,,,1,22,,205056,37,,,1,144,,205057,37,,,1,101,,205063,37,,,1,100,,205058,37,,,1,100,,205062,37,,,1,100,,205059,37,,,1,130,,205060,37,,,1
7401,'20260418',704,,205080,37,,,1,100,,205066,37,,,1,99,,205067,37,,,1,100,,205081,37,,,1,100,,205074,37,,,1,100,,205075,37,,,1,100,,205076,37,,,1,99,,205077,37,,,1,100,,205078,37,,,1,100,,205079,37,,,1,100,,205068,37,,,1,101,,205072,37,,,1,102,,205073,37,,,1,100,,205069,37,,,1,100,,205070,37,,,1,100,,205071,37,,,1,131,,205082,37,,,1
7401,'20260419',704,,205083,37,,,1,100,,205098,37,,,1,99,,205084,37,,,1,100,,205099,37,,,1,100,,205086,37,,,1,100,,205087,37,,,1,100,,205088,37,,,1,99,,205089,37,,,1,100,,205090,37,,,1,100,,205091,37,,,1,100,,205092,37,,,1,101,,205093,37,,,1,102,,205094,37,,,1,100,,205095,37,,,1,100,,205096,37,,,1,100,,205097,37,,,1,131,,205085,37,,,1
7401,'20260420',603,,205100,37,,,1,55,,205101,37,,,1,101,,205102,37,,,1,143,,205103,37,,,1,100,,205104,37,,,1,100,,205105,37,,,1,99,,205106,37,,,1,100,,205107,37,,,1,100,,205108,37,,,1,100,,205109,37,,,1,36,,205119,9,,,1,21,,205115,37,,,1,78,,205118,9,,,1,22,,205110,37,,,1,144,,205111,37,,,1,101,,205117,37,,,1,100,,205112,37,,,1,100,,205116,37,,,1,100,,205113,37,,,1,130,,205114,37,,,1
