400,'20260717',657,,939691,6,,,0,71,,939692,6,,,0,26,,939693,6,,,0,73,,939694,6,,,0,88,,939695,6,,,0,100,,939696,6,,,0,100,,939697,6,,,0,102,,939698,6,,,0,93,,939699,6,,,0,104,,939700,6,,,0,97,,939701,6,,,0,27,,939702,6,,,0,68,,939703,6,,,0,34,,939704,6,,,0,67,,939705,6,,,0,30,,939706,6,,,0,96,,939707,6,,,0,99,,939708,6,,,0,100,,939709,6,,,0,103,,939710,6,,,0,99,,939711,6,,,0,100,,939712,6,,,0
400,'20260718',722,,968765,6,,,0,99,,968766,6,,,0,98,,968767,6,,,0,100,,968768,6,,,0,101,,968769,6,,,0,98,,968770,6,,,0,99,,968771,6,,,0,100,,968772,6,,,0,101,,968773,6,,,0,98,,968774,6,,,0,109,,968775,6,,,0,94,,968776,6,,,0,99,,968777,6,,,0,99,,968778,6,,,0,100,,968779,6,,,0,99,,968780,6,,,0,98,,968781,6,,,0
400,'20260719',722,,968782,6,,,0,99,,968783,6,,,0,98,,968784,6,,,0,100,,968785,6,,,0,101,,968786,6,,,0,98,,968787,6,,,0,99,,968788,6,,,0,100,,968789,6,,,0,101,,968790,6,,,0,98,,968791,6,,,0,109,,968792,6,,,0,94,,968793,6,,,0,99,,968794,6,,,0,99,,968795,6,,,0,100,,968796,6,,,0,99,,968797,6,,,0,98,,968798,6,,,0
400,'20260720',657,,968799,6,,,0,71,,968800,6,,,0,26,,968801,6,,,0,73,,968802,6,,,0,88,,968803,6,,,0,100,,968804,6,,,0,100,,968805,6,,,0,102,,968806,6,,,0,93,,968807,6,,,0,104,,968808,6,,,0,97,,968809,6,,,0,27,,968810,6,,,0,68,,968811,6,,,0,34,,968812,6,,,0,67,,968813,6,,,0,30,,968814,6,,,0,96,,968815,6,,,0,99,,968816,6,,,0,100,,968817,6,,,0,103,,968818,6,,,0,99,,968819,6,,,0,100,,968820,6,,,0
400,'20260721',657,,968821,6,,,0,71,,968822,6,,,0,26,,968823,6,,,0,73,,968824,6,,,0,88,,968825,6,,,0,100,,968826,6,,,0,100,,968827,6,,,0,102,,968828,6,,,0,93,,968829,6,,,0,104,,968830,6,,,0,97,,968831,6,,,0,27,,968832,6,,,0,68,,968833,6,,,0,34,,968834,6,,,0,67,,968835,6,,,0,30,,968836,6,,,0,96,,968837,6,,,0,99,,968838,6,,,0,100,,968839,6,,,0,103,,968840,6,,,0,99,,968841,6,,,0,100,,968842,6,,,0
400,'20260722',657,,968843,6,,,0,71,,968844,6,,,0,26,,968845,6,,,0,73,,968846,6,,,0,88,,968847,6,,,0,100,,968848,6,,,0,100,,968849,6,,,0,102,,968850,6,,,0,93,,968851,6,,,0,104,,968852,6,,,0,97,,968853,6,,,0,27,,968854,6,,,0,68,,968855,6,,,0,34,,968856,6,,,0,67,,968857,6,,,0,30,,968858,6,,,0,96,,968859,6,,,0,99,,968860,6,,,0,100,,968861,6,,,0,103,,968862,6,,,0,99,,968863,6,,,0,100,,968864,6,,,0
400,'20260723',657,,968865,6,,,0,71,,968866,6,,,0,26,,968867,6,,,0,73,,968868,6,,,0,88,,968869,6,,,0,100,,968870,6,,,0,100,,968871,6,,,0,102,,968872,6,,,0,93,,968873,6,,,0,104,,968874,6,,,0,97,,968875,6,,,0,27,,968876,6,,,0,68,,968877,6,,,0,34,,968878,6,,,0,67,,968879,6,,,0,30,,968880,6,,,0,96,,968881,6,,,0,99,,968882,6,,,0,100,,968883,6,,,0,103,,968884,6,,,0,99,,968885,6,,,0,100,,968886,6,,,0
400,'20260724',657,,939713,6,,,0,71,,939714,6,,,0,26,,939715,6,,,0,73,,939716,6,,,0,88,,939717,6,,,0,100,,939718,6,,,0,100,,939719,6,,,0,102,,939720,6,,,0,93,,939721,6,,,0,104,,939722,6,,,0,97,,939723,6,,,0,27,,939724,6,,,0,68,,939725,6,,,0,34,,939726,6,,,0,67,,939727,6,,,0,30,,939728,6,,,0,96,,939729,6,,,0,99,,939730,6,,,0,100,,939731,6,,,0,103,,939732,6,,,0,99,,939733,6,,,0,100,,939734,6,,,0
400,'20260725',722,,939735,6,,,0,99,,939736,6,,,0,98,,939737,6,,,0,100,,939738,6,,,0,101,,939739,6,,,0,98,,939740,6,,,0,99,,939741,6,,,0,100,,939742,6,,,0,101,,939743,6,,,0,98,,939744,6,,,0,109,,939745,6,,,0,94,,939746,6,,,0,99,,939747,6,,,0,99,,939748,6,,,0,100,,939749,6,,,0,99,,939750,6,,,0,98,,939751,6,,,0
400,'20260726',722,,939752,6,,,0,99,,939753,6,,,0,98,,939754,6,,,0,100,,939755,6,,,0,101,,939756,6,,,0,98,,939757,6,,,0,99,,939758,6,,,0,100,,939759,6,,,0,101,,939760,6,,,0,98,,939761,6,,,0,109,,939762,6,,,0,94,,939763,6,,,0,99,,939764,6,,,0,99,,939765,6,,,0,100,,939766,6,,,0,99,,939767,6,,,0,98,,939768,6,,,0
400,'20260727',657,,939769,6,,,0,71,,939770,6,,,0,26,,939771,6,,,0,73,,939772,6,,,0,88,,939773,6,,,0,100,,939774,6,,,0,100,,939775,6,,,0,102,,939776,6,,,0,93,,939777,6,,,0,104,,939778,6,,,0,97,,939779,6,,,0,27,,939780,6,,,0,68,,939781,6,,,0,34,,939782,6,,,0,67,,939783,6,,,0,30,,939784,6,,,0,96,,939785,6,,,0,99,,939786,6,,,0,100,,939787,6,,,0,103,,939788,6,,,0,99,,939789,6,,,0,100,,939790,6,,,0
400,'20260728',657,,939791,6,,,0,71,,939792,6,,,0,26,,939793,6,,,0,73,,939794,6,,,0,88,,939795,6,,,0,100,,939796,6,,,0,100,,939797,6,,,0,102,,939798,6,,,0,93,,939799,6,,,0,104,,939800,6,,,0,97,,939801,6,,,0,27,,939802,6,,,0,68,,939803,6,,,0,34,,939804,6,,,0,67,,939805,6,,,0,30,,939806,6,,,0,96,,939807,6,,,0,99,,939808,6,,,0,100,,939809,6,,,0,103,,939810,6,,,0,99,,939811,6,,,0,100,,939812,6,,,0
400,'20260729',657,,968887,6,,,0,71,,968888,6,,,0,26,,968889,6,,,0,73,,968890,6,,,0,88,,968891,6,,,0,100,,968892,6,,,0,100,,968893,6,,,0,102,,968894,6,,,0,93,,968895,6,,,0,104,,968896,6,,,0,97,,968897,6,,,0,27,,968898,6,,,0,68,,968899,6,,,0,34,,968900,6,,,0,67,,968901,6,,,0,30,,968902,6,,,0,96,,968903,6,,,0,99,,968904,6,,,0,100,,968905,6,,,0,103,,968906,6,,,0,99,,968907,6,,,0,100,,968908,6,,,0
400,'20260730',657,,968909,6,,,0,71,,968910,6,,,0,26,,968911,6,,,0,73,,968912,6,,,0,88,,968913,6,,,0,100,,968914,6,,,0,100,,968915,6,,,0,102,,968916,6,,,0,93,,968917,6,,,0,104,,968918,6,,,0,97,,968919,6,,,0,27,,968920,6,,,0,68,,968921,6,,,0,34,,968922,6,,,0,67,,968923,6,,,0,30,,968924,6,,,0,96,,968925,6,,,0,99,,968926,6,,,0,100,,968927,6,,,0,103,,968928,6,,,0,99,,968929,6,,,0,100,,968930,6,,,0
400,'20260731',657,,968931,6,,,0,71,,968932,6,,,0,26,,968933,6,,,0,73,,968934,6,,,0,88,,968935,6,,,0,100,,968936,6,,,0,100,,968937,6,,,0,102,,968938,6,,,0,93,,968939,6,,,0,104,,968940,6,,,0,97,,968941,6,,,0,27,,968942,6,,,0,68,,968943,6,,,0,34,,968944,6,,,0,67,,968945,6,,,0,30,,968946,6,,,0,96,,968947,6,,,0,99,,968948,6,,,0,100,,968949,6,,,0,103,,968950,6,,,0,99,,968951,6,,,0,100,,968952,6,,,0
