3600,'20260420',744,,283300,52,,,0,70,,283301,52,,,0,30,,283302,52,,,0,98,,283303,52,,,0,100,,283304,52,,,0,101,,283305,52,,,0,100,,283306,52,,,0,100,,283307,52,,,0,100,,283308,52,,,0,102,,283309,52,,,0,70,,283310,52,,,0,30,,283311,52,,,0,70,,283312,52,,,0,28,,283313,52,,,0,69,,283314,52,,,0,30,,283315,52,,,0,100,,283316,52,,,0,100,,283317,52,,,0,99,,283318,52,,,0,99,,283319,52,,,0,100,,283320,52,,,0,100,,283321,52,,,0
3600,'20260421',744,,283322,52,,,0,70,,283323,52,,,0,30,,283324,52,,,0,98,,283325,52,,,0,100,,283326,52,,,0,101,,283327,52,,,0,100,,283328,52,,,0,100,,283329,52,,,0,100,,283330,52,,,0,102,,283331,52,,,0,70,,283332,52,,,0,30,,283333,52,,,0,70,,283334,52,,,0,28,,283335,52,,,0,69,,283336,52,,,0,30,,283337,52,,,0,100,,283338,52,,,0,100,,283339,52,,,0,99,,283340,52,,,0,99,,283341,52,,,0,100,,283342,52,,,0,100,,283343,52,,,0
3600,'20260422',744,,309549,52,,,0,70,,309550,52,,,0,30,,309551,52,,,0,98,,309552,52,,,0,100,,309553,52,,,0,101,,309554,52,,,0,100,,309555,52,,,0,100,,309556,52,,,0,100,,309557,52,,,0,102,,309558,52,,,0,70,,309559,52,,,0,30,,309560,52,,,0,70,,309561,52,,,0,28,,309562,52,,,0,69,,309563,52,,,0,30,,309564,52,,,0,100,,309565,52,,,0,100,,309566,52,,,0,99,,309567,52,,,0,99,,309568,52,,,0,100,,309569,52,,,0,100,,309570,52,,,0
3600,'20260423',744,,309571,52,,,0,70,,309572,52,,,0,30,,309573,52,,,0,98,,309574,52,,,0,100,,309575,52,,,0,101,,309576,52,,,0,100,,309577,52,,,0,100,,309578,52,,,0,100,,309579,52,,,0,102,,309580,52,,,0,70,,309581,52,,,0,30,,309582,52,,,0,70,,309583,52,,,0,28,,309584,52,,,0,69,,309585,52,,,0,30,,309586,52,,,0,100,,309587,52,,,0,100,,309588,52,,,0,99,,309589,52,,,0,99,,309590,52,,,0,100,,309591,52,,,0,100,,309592,52,,,0
3600,'20260424',744,,309593,52,,,0,70,,309594,52,,,0,30,,309595,52,,,0,98,,309596,52,,,0,100,,309597,52,,,0,101,,309598,52,,,0,100,,309599,52,,,0,100,,309600,52,,,0,100,,309601,52,,,0,102,,309602,52,,,0,70,,309603,52,,,0,30,,309604,52,,,0,70,,309605,52,,,0,28,,309606,52,,,0,69,,309607,52,,,0,30,,309608,52,,,0,100,,309609,52,,,0,100,,309610,52,,,0,99,,309611,52,,,0,99,,309612,52,,,0,100,,309613,52,,,0,100,,309614,52,,,0
3600,'20260425',741,,240305,52,,,0,100,,240306,52,,,0,100,,240307,52,,,0,101,,240308,52,,,0,100,,240309,52,,,0,100,,240310,52,,,0,100,,240311,52,,,0,100,,240312,52,,,0,100,,240313,52,,,0,100,,240314,52,,,0,100,,240315,52,,,0,100,,240316,52,,,0,100,,240318,52,,,0,100,,240303,52,,,0,99,,240319,52,,,0,100,,240304,52,,,0,100,,240317,52,,,0,100,,240320,52,,,0
3600,'20260426',741,,240338,52,,,0,100,,240336,52,,,0,100,,240330,52,,,0,101,,240333,52,,,0,100,,240322,52,,,0,100,,240321,52,,,0,100,,240329,52,,,0,100,,240328,52,,,0,100,,240327,52,,,0,100,,240326,52,,,0,100,,240325,52,,,0,100,,240324,52,,,0,100,,240334,52,,,0,100,,240323,52,,,0,99,,240335,52,,,0,100,,240332,52,,,0,100,,240331,52,,,0,100,,240337,52,,,0
3600,'20260427',744,,240339,52,,,0,70,,240360,52,,,0,30,,240340,52,,,0,98,,240341,52,,,0,100,,240342,52,,,0,101,,240343,52,,,0,100,,240344,52,,,0,100,,240345,52,,,0,100,,240346,52,,,0,102,,240347,52,,,0,70,,240348,52,,,0,30,,240349,52,,,0,70,,240350,52,,,0,28,,240351,52,,,0,69,,240352,52,,,0,30,,240354,52,,,0,100,,240355,52,,,0,100,,240356,52,,,0,99,,240357,52,,,0,99,,240358,52,,,0,100,,240359,52,,,0,100,,240353,52,,,0
3600,'20260428',744,,283344,52,,,0,70,,283365,52,,,0,30,,283345,52,,,0,98,,283346,52,,,0,100,,283347,52,,,0,101,,283348,52,,,0,100,,283349,52,,,0,100,,283350,52,,,0,100,,283351,52,,,0,102,,283352,52,,,0,70,,283353,52,,,0,30,,283354,52,,,0,70,,283355,52,,,0,28,,283356,52,,,0,69,,283357,52,,,0,30,,283359,52,,,0,100,,283360,52,,,0,100,,283361,52,,,0,99,,283362,52,,,0,99,,283363,52,,,0,100,,283364,52,,,0,100,,283358,52,,,0
3600,'20260429',744,,283366,52,,,0,70,,283387,52,,,0,30,,283367,52,,,0,98,,283368,52,,,0,100,,283369,52,,,0,101,,283370,52,,,0,100,,283371,52,,,0,100,,283372,52,,,0,100,,283373,52,,,0,102,,283374,52,,,0,70,,283375,52,,,0,30,,283376,52,,,0,70,,283377,52,,,0,28,,283378,52,,,0,69,,283379,52,,,0,30,,283381,52,,,0,100,,283382,52,,,0,100,,283383,52,,,0,99,,283384,52,,,0,99,,283385,52,,,0,100,,283386,52,,,0,100,,283380,52,,,0
3600,'20260430',744,,283388,52,,,0,70,,283409,52,,,0,30,,283389,52,,,0,98,,283390,52,,,0,100,,283391,52,,,0,101,,283392,52,,,0,100,,283393,52,,,0,100,,283394,52,,,0,100,,283395,52,,,0,102,,283396,52,,,0,70,,283397,52,,,0,30,,283398,52,,,0,70,,283399,52,,,0,28,,283400,52,,,0,69,,283401,52,,,0,30,,283403,52,,,0,100,,283404,52,,,0,100,,283405,52,,,0,99,,283406,52,,,0,99,,283407,52,,,0,100,,283408,52,,,0,100,,283402,52,,,0
3600,'20260501',744,,309615,52,,,0,70,,309636,52,,,0,30,,309616,52,,,0,98,,309617,52,,,0,100,,309618,52,,,0,101,,309619,52,,,0,100,,309620,52,,,0,100,,309621,52,,,0,100,,309622,52,,,0,102,,309623,52,,,0,70,,309624,52,,,0,30,,309625,52,,,0,70,,309626,52,,,0,28,,309627,52,,,0,69,,309628,52,,,0,30,,309630,52,,,0,100,,309631,52,,,0,100,,309632,52,,,0,99,,309633,52,,,0,99,,309634,52,,,0,100,,309635,52,,,0,100,,309629,52,,,0
3600,'20260502',741,,309639,52,,,0,100,,309640,52,,,0,100,,309641,52,,,0,101,,309642,52,,,0,100,,309643,52,,,0,100,,309644,52,,,0,100,,309645,52,,,0,100,,309646,52,,,0,100,,309647,52,,,0,100,,309648,52,,,0,100,,309649,52,,,0,100,,309650,52,,,0,100,,309652,52,,,0,100,,309637,52,,,0,99,,309653,52,,,0,100,,309638,52,,,0,100,,309651,52,,,0,100,,309654,52,,,0
3600,'20260503',741,,309672,52,,,0,100,,309670,52,,,0,100,,309664,52,,,0,101,,309667,52,,,0,100,,309656,52,,,0,100,,309655,52,,,0,100,,309663,52,,,0,100,,309662,52,,,0,100,,309661,52,,,0,100,,309660,52,,,0,100,,309659,52,,,0,100,,309658,52,,,0,100,,309668,52,,,0,100,,309657,52,,,0,99,,309669,52,,,0,100,,309666,52,,,0,100,,309665,52,,,0,100,,309671,52,,,0
3600,'20260504',744,,309673,52,,,0,70,,309694,52,,,0,30,,309674,52,,,0,98,,309675,52,,,0,100,,309676,52,,,0,101,,309677,52,,,0,100,,309678,52,,,0,100,,309679,52,,,0,100,,309680,52,,,0,102,,309681,52,,,0,70,,309682,52,,,0,30,,309683,52,,,0,70,,309684,52,,,0,28,,309685,52,,,0,69,,309686,52,,,0,30,,309688,52,,,0,100,,309689,52,,,0,100,,309690,52,,,0,99,,309691,52,,,0,99,,309692,52,,,0,100,,309693,52,,,0,100,,309687,52,,,0
23600,'20260420',1603,,292383,19,4,,0,32,,292384,19,4,,0,12,,292385,19,4,,0,53,,292386,19,4,,0,28,,292387,19,4,,0,73,,292388,19,4,,0
23600,'20260421',1603,,292389,19,4,,0,32,,292390,19,4,,0,12,,292391,19,4,,0,53,,292392,19,4,,0,28,,292393,19,4,,0,73,,292394,19,4,,0
23600,'20260422',1603,,318673,19,4,,0,32,,318674,19,4,,0,12,,318675,19,4,,0,53,,318676,19,4,,0,28,,318677,19,4,,0,73,,318678,19,4,,0
23600,'20260423',1603,,318679,19,4,,0,32,,318680,19,4,,0,12,,318681,19,4,,0,53,,318682,19,4,,0,28,,318683,19,4,,0,73,,318684,19,4,,0
23600,'20260424',1603,,318685,19,4,,0,32,,318686,19,4,,0,12,,318687,19,4,,0,53,,318688,19,4,,0,28,,318689,19,4,,0,73,,318690,19,4,,0
23600,'20260427',1603,,256318,19,4,,0,32,,256319,19,4,,0,12,,256320,19,4,,0,53,,256321,19,4,,0,28,,256322,19,4,,0,73,,256323,19,4,,0
23600,'20260428',1603,,292395,19,4,,0,32,,292396,19,4,,0,12,,292397,19,4,,0,53,,292398,19,4,,0,28,,292399,19,4,,0,73,,292400,19,4,,0
23600,'20260429',1603,,292401,19,4,,0,32,,292402,19,4,,0,12,,292403,19,4,,0,53,,292404,19,4,,0,28,,292405,19,4,,0,73,,292406,19,4,,0
23600,'20260430',1603,,292407,19,4,,0,32,,292408,19,4,,0,12,,292409,19,4,,0,53,,292410,19,4,,0,28,,292411,19,4,,0,73,,292412,19,4,,0
23600,'20260501',1603,,318691,19,4,,0,32,,318692,19,4,,0,12,,318693,19,4,,0,53,,318694,19,4,,0,28,,318695,19,4,,0,73,,318696,19,4,,0
23600,'20260504',1603,,318697,19,4,,0,32,,318698,19,4,,0,12,,318699,19,4,,0,53,,318700,19,4,,0,28,,318701,19,4,,0,73,,318702,19,4,,0
33600,'20260420',1648,,293660,17,4,,0,90,,293661,17,4,,0
33600,'20260421',1648,,293662,17,4,,0,90,,293663,17,4,,0
33600,'20260422',1648,,319950,17,4,,0,90,,319951,17,4,,0
33600,'20260423',1648,,319952,17,4,,0,90,,319953,17,4,,0
33600,'20260424',1648,,319954,17,4,,0,90,,319955,17,4,,0
33600,'20260427',1648,,258836,17,4,,0,90,,258837,17,4,,0
33600,'20260428',1648,,293664,17,4,,0,90,,293665,17,4,,0
33600,'20260429',1648,,293666,17,4,,0,90,,293667,17,4,,0
33600,'20260430',1648,,293668,17,4,,0,90,,293669,17,4,,0
33600,'20260501',1648,,319956,17,4,,0,90,,319957,17,4,,0
33600,'20260504',1648,,319958,17,4,,0,90,,319959,17,4,,0
53600,'20260420',1653,,294297,15,4,,0,73,,294298,15,4,,0,20,,294299,15,4,,0
53600,'20260421',1653,,294300,15,4,,0,73,,294301,15,4,,0,20,,294302,15,4,,0
53600,'20260422',1653,,320588,15,4,,0,73,,320589,15,4,,0,20,,320590,15,4,,0
53600,'20260423',1653,,320591,15,4,,0,73,,320592,15,4,,0,20,,320593,15,4,,0
53600,'20260424',1653,,320594,15,4,,0,73,,320595,15,4,,0,20,,320596,15,4,,0
53600,'20260427',1653,,260132,15,4,,0,73,,260133,15,4,,0,20,,260134,15,4,,0
53600,'20260428',1653,,294303,15,4,,0,73,,294304,15,4,,0,20,,294305,15,4,,0
53600,'20260429',1653,,294306,15,4,,0,73,,294307,15,4,,0,20,,294308,15,4,,0
53600,'20260430',1653,,294309,15,4,,0,73,,294310,15,4,,0,20,,294311,15,4,,0
53600,'20260501',1653,,320597,15,4,,0,73,,320598,15,4,,0,20,,320599,15,4,,0
53600,'20260504',1653,,320600,15,4,,0,73,,320601,15,4,,0,20,,320602,15,4,,0
93600,'20260424',2602,,330497,55,,,0
93600,'20260425',2602,,277613,55,,,0
93600,'20260501',2602,,330498,55,,,0
93600,'20260502',2602,,330499,55,,,0
