28400,'20260427',1626,,345960,44,4,,0,33,,345961,44,4,,0,67,,345962,44,4,,0,26,,345963,44,4,,0,64,,345964,44,4,,0
28400,'20260428',1626,,345965,44,4,,0,33,,345966,44,4,,0,67,,345967,44,4,,0,26,,345968,44,4,,0,64,,345969,44,4,,0
28400,'20260429',1626,,372266,44,4,,0,33,,372267,44,4,,0,67,,372268,44,4,,0,26,,372269,44,4,,0,64,,372270,44,4,,0
28400,'20260430',1626,,372271,44,4,,0,33,,372272,44,4,,0,67,,372273,44,4,,0,26,,372274,44,4,,0,64,,372275,44,4,,0
28400,'20260501',1626,,372276,44,4,,0,33,,372277,44,4,,0,67,,372278,44,4,,0,26,,372279,44,4,,0,64,,372280,44,4,,0
28400,'20260504',1626,,319630,44,4,,0,33,,319631,44,4,,0,67,,319632,44,4,,0,26,,319633,44,4,,0,64,,319634,44,4,,0
28400,'20260505',1626,,345970,44,4,,0,33,,345971,44,4,,0,67,,345972,44,4,,0,26,,345973,44,4,,0,64,,345974,44,4,,0
28400,'20260506',1626,,345975,44,4,,0,33,,345976,44,4,,0,67,,345977,44,4,,0,26,,345978,44,4,,0,64,,345979,44,4,,0
28400,'20260507',1626,,345980,44,4,,0,33,,345981,44,4,,0,67,,345982,44,4,,0,26,,345983,44,4,,0,64,,345984,44,4,,0
28400,'20260508',1626,,372281,44,4,,0,33,,372282,44,4,,0,67,,372283,44,4,,0,26,,372284,44,4,,0,64,,372285,44,4,,0
28400,'20260511',1626,,372286,44,4,,0,33,,372287,44,4,,0,67,,372288,44,4,,0,26,,372289,44,4,,0,64,,372290,44,4,,0
38400,'20260427',1651,,346822,34,4,,0,92,,346823,34,4,,0,115,,346824,34,4,,0
38400,'20260428',1651,,346825,34,4,,0,92,,346826,34,4,,0,115,,346827,34,4,,0
38400,'20260429',1651,,373129,34,4,,0,92,,373130,34,4,,0,115,,373131,34,4,,0
38400,'20260430',1651,,373132,34,4,,0,92,,373133,34,4,,0,115,,373134,34,4,,0
38400,'20260501',1651,,373135,34,4,,0,92,,373136,34,4,,0,115,,373137,34,4,,0
38400,'20260504',1651,,320485,34,4,,0,92,,320486,34,4,,0,115,,320487,34,4,,0
38400,'20260505',1651,,346828,34,4,,0,92,,346829,34,4,,0,115,,346830,34,4,,0
38400,'20260506',1651,,346831,34,4,,0,92,,346832,34,4,,0,115,,346833,34,4,,0
38400,'20260507',1651,,346834,34,4,,0,92,,346835,34,4,,0,115,,346836,34,4,,0
38400,'20260508',1651,,373138,34,4,,0,92,,373139,34,4,,0,115,,373140,34,4,,0
38400,'20260511',1651,,373141,34,4,,0,92,,373142,34,4,,0,115,,373143,34,4,,0
58400,'20260427',1617,,347376,32,4,,0,29,,347377,32,4,,0,70,,347378,32,4,,0,35,,347379,32,4,,0
58400,'20260428',1617,,347380,32,4,,0,29,,347381,32,4,,0,70,,347382,32,4,,0,35,,347383,32,4,,0
58400,'20260429',1617,,373679,32,4,,0,29,,373680,32,4,,0,70,,373681,32,4,,0,35,,373682,32,4,,0
58400,'20260430',1617,,373683,32,4,,0,29,,373684,32,4,,0,70,,373685,32,4,,0,35,,373686,32,4,,0
58400,'20260501',1617,,373687,32,4,,0,29,,373688,32,4,,0,70,,373689,32,4,,0,35,,373690,32,4,,0
58400,'20260504',1617,,321041,32,4,,0,29,,321039,32,4,,0,70,,321040,32,4,,0,35,,321042,32,4,,0
58400,'20260505',1617,,347386,32,4,,0,29,,347384,32,4,,0,70,,347385,32,4,,0,35,,347387,32,4,,0
58400,'20260506',1617,,347390,32,4,,0,29,,347388,32,4,,0,70,,347389,32,4,,0,35,,347391,32,4,,0
58400,'20260507',1617,,347394,32,4,,0,29,,347392,32,4,,0,70,,347393,32,4,,0,35,,347395,32,4,,0
58400,'20260508',1617,,373693,32,4,,0,29,,373691,32,4,,0,70,,373692,32,4,,0,35,,373694,32,4,,0
58400,'20260511',1617,,373697,32,4,,0,29,,373695,32,4,,0,70,,373696,32,4,,0,35,,373698,32,4,,0
97203,'20260501',2625,,383162,76,,,0
97203,'20260502',2625,,330514,76,,,0
97203,'20260508',2625,,383163,76,,,0
97203,'20260509',2625,,383164,76,,,0
