8600,'20260427',705,,342960,40,,,0,30,,342961,40,,,0,69,,342962,40,,,0,28,,342963,40,,,0,104,,342964,40,,,0,100,,342965,40,,,0,98,,342966,40,,,0,100,,342967,40,,,0,70,,342968,40,,,0,31,,342969,40,,,0,100,,342970,40,,,0,99,,342971,40,,,0,20,,342978,44,,,0,50,,342979,44,,,0,46,,342980,44,,,0,78,,342981,44,,,0,75,,342982,44,,,0,30,,342972,40,,,0,102,,342973,40,,,0,101,,342974,40,,,0,100,,342975,40,,,0,100,,342976,40,,,0,101,,342977,40,,,0
8600,'20260428',705,,342983,40,,,0,30,,342984,40,,,0,69,,342985,40,,,0,28,,342986,40,,,0,104,,342987,40,,,0,100,,342988,40,,,0,98,,342989,40,,,0,100,,342990,40,,,0,70,,342991,40,,,0,31,,342992,40,,,0,100,,342993,40,,,0,99,,342994,40,,,0,20,,343001,44,,,0,50,,343002,44,,,0,46,,343003,44,,,0,78,,343004,44,,,0,75,,343005,44,,,0,30,,342995,40,,,0,102,,342996,40,,,0,101,,342997,40,,,0,100,,342998,40,,,0,100,,342999,40,,,0,101,,343000,40,,,0
8600,'20260429',705,,369226,40,,,0,30,,369227,40,,,0,69,,369228,40,,,0,28,,369229,40,,,0,104,,369230,40,,,0,100,,369231,40,,,0,98,,369232,40,,,0,100,,369233,40,,,0,70,,369234,40,,,0,31,,369235,40,,,0,100,,369236,40,,,0,99,,369237,40,,,0,20,,369244,44,,,0,50,,369245,44,,,0,46,,369246,44,,,0,78,,369247,44,,,0,75,,369248,44,,,0,30,,369238,40,,,0,102,,369239,40,,,0,101,,369240,40,,,0,100,,369241,40,,,0,100,,369242,40,,,0,101,,369243,40,,,0
8600,'20260430',705,,369249,40,,,0,30,,369250,40,,,0,69,,369251,40,,,0,28,,369252,40,,,0,104,,369253,40,,,0,100,,369254,40,,,0,98,,369255,40,,,0,100,,369256,40,,,0,70,,369257,40,,,0,31,,369258,40,,,0,100,,369259,40,,,0,99,,369260,40,,,0,20,,369267,44,,,0,50,,369268,44,,,0,46,,369269,44,,,0,78,,369270,44,,,0,75,,369271,44,,,0,30,,369261,40,,,0,102,,369262,40,,,0,101,,369263,40,,,0,100,,369264,40,,,0,100,,369265,40,,,0,101,,369266,40,,,0
8600,'20260501',705,,369272,40,,,0,30,,369273,40,,,0,69,,369274,40,,,0,28,,369275,40,,,0,104,,369276,40,,,0,100,,369277,40,,,0,98,,369278,40,,,0,100,,369279,40,,,0,70,,369280,40,,,0,31,,369281,40,,,0,100,,369282,40,,,0,99,,369283,40,,,0,20,,369290,44,,,0,50,,369291,44,,,0,46,,369292,44,,,0,78,,369293,44,,,0,75,,369294,44,,,0,30,,369284,40,,,0,102,,369285,40,,,0,101,,369286,40,,,0,100,,369287,40,,,0,100,,369288,40,,,0,101,,369289,40,,,0
8600,'20260502',736,,316662,40,,,0,100,,316671,40,,,0,100,,316666,40,,,0,100,,316672,40,,,0,100,,316667,40,,,0,99,,316673,40,,,0,100,,316668,40,,,0,99,,316674,40,,,0,100,,316669,40,,,0,100,,316675,40,,,0,100,,316670,40,,,0,101,,316676,40,,,0,100,,316663,40,,,0,101,,316677,40,,,0,100,,316665,40,,,0,101,,316678,40,,,0,101,,316664,40,,,0,100,,316679,40,,,0
8600,'20260503',736,,316680,40,,,0,100,,316689,40,,,0,100,,316681,40,,,0,100,,316690,40,,,0,100,,316682,40,,,0,99,,316691,40,,,0,100,,316683,40,,,0,99,,316692,40,,,0,100,,316684,40,,,0,100,,316693,40,,,0,100,,316685,40,,,0,101,,316694,40,,,0,100,,316686,40,,,0,101,,316695,40,,,0,100,,316687,40,,,0,101,,316696,40,,,0,101,,316688,40,,,0,100,,316697,40,,,0
8600,'20260504',705,,316699,40,,,0,30,,316698,40,,,0,69,,316700,40,,,0,28,,316701,40,,,0,104,,316702,40,,,0,100,,316715,40,,,0,98,,316704,40,,,0,100,,316705,40,,,0,70,,316720,40,,,0,31,,316706,40,,,0,100,,316716,40,,,0,99,,316703,40,,,0,20,,316707,44,,,0,50,,316708,44,,,0,46,,316709,44,,,0,78,,316710,44,,,0,75,,316711,44,,,0,30,,316717,40,,,0,102,,316712,40,,,0,101,,316718,40,,,0,100,,316713,40,,,0,100,,316719,40,,,0,101,,316714,40,,,0
8600,'20260505',705,,343007,40,,,0,30,,343006,40,,,0,69,,343008,40,,,0,28,,343009,40,,,0,104,,343010,40,,,0,100,,343023,40,,,0,98,,343012,40,,,0,100,,343013,40,,,0,70,,343028,40,,,0,31,,343014,40,,,0,100,,343024,40,,,0,99,,343011,40,,,0,20,,343015,44,,,0,50,,343016,44,,,0,46,,343017,44,,,0,78,,343018,44,,,0,75,,343019,44,,,0,30,,343025,40,,,0,102,,343020,40,,,0,101,,343026,40,,,0,100,,343021,40,,,0,100,,343027,40,,,0,101,,343022,40,,,0
8600,'20260506',705,,343030,40,,,0,30,,343029,40,,,0,69,,343031,40,,,0,28,,343032,40,,,0,104,,343033,40,,,0,100,,343046,40,,,0,98,,343035,40,,,0,100,,343036,40,,,0,70,,343051,40,,,0,31,,343037,40,,,0,100,,343047,40,,,0,99,,343034,40,,,0,20,,343038,44,,,0,50,,343039,44,,,0,46,,343040,44,,,0,78,,343041,44,,,0,75,,343042,44,,,0,30,,343048,40,,,0,102,,343043,40,,,0,101,,343049,40,,,0,100,,343044,40,,,0,100,,343050,40,,,0,101,,343045,40,,,0
8600,'20260507',705,,343053,40,,,0,30,,343052,40,,,0,69,,343054,40,,,0,28,,343055,40,,,0,104,,343056,40,,,0,100,,343069,40,,,0,98,,343058,40,,,0,100,,343059,40,,,0,70,,343074,40,,,0,31,,343060,40,,,0,100,,343070,40,,,0,99,,343057,40,,,0,20,,343061,44,,,0,50,,343062,44,,,0,46,,343063,44,,,0,78,,343064,44,,,0,75,,343065,44,,,0,30,,343071,40,,,0,102,,343066,40,,,0,101,,343072,40,,,0,100,,343067,40,,,0,100,,343073,40,,,0,101,,343068,40,,,0
8600,'20260508',705,,369296,40,,,0,30,,369295,40,,,0,69,,369297,40,,,0,28,,369298,40,,,0,104,,369299,40,,,0,100,,369312,40,,,0,98,,369301,40,,,0,100,,369302,40,,,0,70,,369317,40,,,0,31,,369303,40,,,0,100,,369313,40,,,0,99,,369300,40,,,0,20,,369304,44,,,0,50,,369305,44,,,0,46,,369306,44,,,0,78,,369307,44,,,0,75,,369308,44,,,0,30,,369314,40,,,0,102,,369309,40,,,0,101,,369315,40,,,0,100,,369310,40,,,0,100,,369316,40,,,0,101,,369311,40,,,0
8600,'20260509',736,,369318,40,,,0,100,,369327,40,,,0,100,,369322,40,,,0,100,,369328,40,,,0,100,,369323,40,,,0,99,,369329,40,,,0,100,,369324,40,,,0,99,,369330,40,,,0,100,,369325,40,,,0,100,,369331,40,,,0,100,,369326,40,,,0,101,,369332,40,,,0,100,,369319,40,,,0,101,,369333,40,,,0,100,,369321,40,,,0,101,,369334,40,,,0,101,,369320,40,,,0,100,,369335,40,,,0
8600,'20260510',736,,369336,40,,,0,100,,369345,40,,,0,100,,369337,40,,,0,100,,369346,40,,,0,100,,369338,40,,,0,99,,369347,40,,,0,100,,369339,40,,,0,99,,369348,40,,,0,100,,369340,40,,,0,100,,369349,40,,,0,100,,369341,40,,,0,101,,369350,40,,,0,100,,369342,40,,,0,101,,369351,40,,,0,100,,369343,40,,,0,101,,369352,40,,,0,101,,369344,40,,,0,100,,369353,40,,,0
8600,'20260511',705,,369355,40,,,0,30,,369354,40,,,0,69,,369356,40,,,0,28,,369357,40,,,0,104,,369358,40,,,0,100,,369371,40,,,0,98,,369360,40,,,0,100,,369361,40,,,0,70,,369376,40,,,0,31,,369362,40,,,0,100,,369372,40,,,0,99,,369359,40,,,0,20,,369363,44,,,0,50,,369364,44,,,0,46,,369365,44,,,0,78,,369366,44,,,0,75,,369367,44,,,0,30,,369373,40,,,0,102,,369368,40,,,0,101,,369374,40,,,0,100,,369369,40,,,0,100,,369375,40,,,0,101,,369370,40,,,0
7008600,'20260427',831,,356997,19,,,0
7008600,'20260428',831,,356999,19,,,0
7008600,'20260429',831,,383358,19,,,0
7008600,'20260430',831,,383360,19,,,0
7008600,'20260501',831,,383362,19,,,0
7008600,'20260504',831,,330716,19,,,0
7008600,'20260505',831,,357001,19,,,0
7008600,'20260506',831,,357002,19,,,0
7008600,'20260507',831,,357003,19,,,0
7008600,'20260508',831,,383364,19,,,0
7008600,'20260511',831,,383365,19,,,0
