9203,'20260526',613,,559703,32,,,0,100,,559704,32,,,0,103,,559705,32,,,0,100,,559706,32,,,0,101,,559707,32,,,0,98,,559708,32,,,0,102,,559709,32,,,0,100,,559710,32,,,0,100,,559711,32,,,0,100,,559712,32,,,0,30,,559713,32,,,0,70,,559714,32,,,0,31,,559715,32,,,0,70,,559716,32,,,0,31,,559717,32,,,0,69,,559718,32,,,0,98,,559719,32,,,0,100,,559720,32,,,0,99,,559721,32,,,0,99,,559722,32,,,0,100,,559723,32,,,0
9203,'20260527',613,,559724,32,,,0,100,,559725,32,,,0,103,,559726,32,,,0,100,,559727,32,,,0,101,,559728,32,,,0,98,,559729,32,,,0,102,,559730,32,,,0,100,,559731,32,,,0,100,,559732,32,,,0,100,,559733,32,,,0,30,,559734,32,,,0,70,,559735,32,,,0,31,,559736,32,,,0,70,,559737,32,,,0,31,,559738,32,,,0,69,,559739,32,,,0,98,,559740,32,,,0,100,,559741,32,,,0,99,,559742,32,,,0,99,,559743,32,,,0,100,,559744,32,,,0
9203,'20260528',613,,559745,32,,,0,100,,559746,32,,,0,103,,559747,32,,,0,100,,559748,32,,,0,101,,559749,32,,,0,98,,559750,32,,,0,102,,559751,32,,,0,100,,559752,32,,,0,100,,559753,32,,,0,100,,559754,32,,,0,30,,559755,32,,,0,70,,559756,32,,,0,31,,559757,32,,,0,70,,559758,32,,,0,31,,559759,32,,,0,69,,559760,32,,,0,98,,559761,32,,,0,100,,559762,32,,,0,99,,559763,32,,,0,99,,559764,32,,,0,100,,559765,32,,,0
9203,'20260529',613,,586233,32,,,0,100,,586234,32,,,0,103,,586235,32,,,0,100,,586236,32,,,0,101,,586237,32,,,0,98,,586238,32,,,0,102,,586239,32,,,0,100,,586240,32,,,0,100,,586241,32,,,0,100,,586242,32,,,0,30,,586243,32,,,0,70,,586244,32,,,0,31,,586245,32,,,0,70,,586246,32,,,0,31,,586247,32,,,0,69,,586248,32,,,0,98,,586249,32,,,0,100,,586250,32,,,0,99,,586251,32,,,0,99,,586252,32,,,0,100,,586253,32,,,0
9203,'20260530',733,,527180,32,,,0,100,,527174,32,,,0,100,,527164,32,,,0,100,,527173,32,,,0,100,,527175,32,,,0,100,,527165,32,,,0,100,,527166,32,,,0,100,,527167,32,,,0,100,,527168,32,,,0,101,,527176,32,,,0,102,,527169,32,,,0,96,,527170,32,,,0,101,,527171,32,,,0,100,,527172,32,,,0,100,,527177,32,,,0,100,,527179,32,,,0,100,,527178,32,,,0
9203,'20260531',733,,527197,32,,,0,100,,527192,32,,,0,100,,527181,32,,,0,100,,527191,32,,,0,100,,527193,32,,,0,100,,527182,32,,,0,100,,527183,32,,,0,100,,527194,32,,,0,100,,527184,32,,,0,101,,527185,32,,,0,102,,527195,32,,,0,96,,527186,32,,,0,101,,527187,32,,,0,100,,527188,32,,,0,100,,527196,32,,,0,100,,527189,32,,,0,100,,527190,32,,,0
9203,'20260601',613,,527214,32,,,0,100,,527198,32,,,0,103,,527199,32,,,0,100,,527200,32,,,0,101,,527201,32,,,0,98,,527202,32,,,0,102,,527203,32,,,0,100,,527204,32,,,0,100,,527207,32,,,0,100,,527217,32,,,0,30,,527209,32,,,0,70,,527215,32,,,0,31,,527210,32,,,0,70,,527218,32,,,0,31,,527216,32,,,0,69,,527211,32,,,0,98,,527208,32,,,0,100,,527212,32,,,0,99,,527205,32,,,0,99,,527206,32,,,0,100,,527213,32,,,0
9203,'20260602',613,,527235,32,,,0,100,,527219,32,,,0,103,,527220,32,,,0,100,,527221,32,,,0,101,,527222,32,,,0,98,,527223,32,,,0,102,,527224,32,,,0,100,,527225,32,,,0,100,,527228,32,,,0,100,,527238,32,,,0,30,,527230,32,,,0,70,,527236,32,,,0,31,,527231,32,,,0,70,,527239,32,,,0,31,,527237,32,,,0,69,,527232,32,,,0,98,,527229,32,,,0,100,,527233,32,,,0,99,,527226,32,,,0,99,,527227,32,,,0,100,,527234,32,,,0
9203,'20260603',613,,559782,32,,,0,100,,559766,32,,,0,103,,559767,32,,,0,100,,559768,32,,,0,101,,559769,32,,,0,98,,559770,32,,,0,102,,559771,32,,,0,100,,559772,32,,,0,100,,559775,32,,,0,100,,559785,32,,,0,30,,559777,32,,,0,70,,559783,32,,,0,31,,559778,32,,,0,70,,559786,32,,,0,31,,559784,32,,,0,69,,559779,32,,,0,98,,559776,32,,,0,100,,559780,32,,,0,99,,559773,32,,,0,99,,559774,32,,,0,100,,559781,32,,,0
9203,'20260604',613,,559803,32,,,0,100,,559787,32,,,0,103,,559788,32,,,0,100,,559789,32,,,0,101,,559790,32,,,0,98,,559791,32,,,0,102,,559792,32,,,0,100,,559793,32,,,0,100,,559796,32,,,0,100,,559806,32,,,0,30,,559798,32,,,0,70,,559804,32,,,0,31,,559799,32,,,0,70,,559807,32,,,0,31,,559805,32,,,0,69,,559800,32,,,0,98,,559797,32,,,0,100,,559801,32,,,0,99,,559794,32,,,0,99,,559795,32,,,0,100,,559802,32,,,0
9203,'20260605',613,,559824,32,,,0,100,,559808,32,,,0,103,,559809,32,,,0,100,,559810,32,,,0,101,,559811,32,,,0,98,,559812,32,,,0,102,,559813,32,,,0,100,,559814,32,,,0,100,,559817,32,,,0,100,,559827,32,,,0,30,,559819,32,,,0,70,,559825,32,,,0,31,,559820,32,,,0,70,,559828,32,,,0,31,,559826,32,,,0,69,,559821,32,,,0,98,,559818,32,,,0,100,,559822,32,,,0,99,,559815,32,,,0,99,,559816,32,,,0,100,,559823,32,,,0
9203,'20260606',733,,586270,32,,,0,100,,586264,32,,,0,100,,586254,32,,,0,100,,586263,32,,,0,100,,586265,32,,,0,100,,586255,32,,,0,100,,586256,32,,,0,100,,586257,32,,,0,100,,586258,32,,,0,101,,586266,32,,,0,102,,586259,32,,,0,96,,586260,32,,,0,101,,586261,32,,,0,100,,586262,32,,,0,100,,586267,32,,,0,100,,586269,32,,,0,100,,586268,32,,,0
9203,'20260607',733,,586287,32,,,0,100,,586282,32,,,0,100,,586271,32,,,0,100,,586281,32,,,0,100,,586283,32,,,0,100,,586272,32,,,0,100,,586273,32,,,0,100,,586284,32,,,0,100,,586274,32,,,0,101,,586275,32,,,0,102,,586285,32,,,0,96,,586276,32,,,0,101,,586277,32,,,0,100,,586278,32,,,0,100,,586286,32,,,0,100,,586279,32,,,0,100,,586280,32,,,0
9203,'20260608',613,,586304,32,,,0,100,,586288,32,,,0,103,,586289,32,,,0,100,,586290,32,,,0,101,,586291,32,,,0,98,,586292,32,,,0,102,,586293,32,,,0,100,,586294,32,,,0,100,,586297,32,,,0,100,,586307,32,,,0,30,,586299,32,,,0,70,,586305,32,,,0,31,,586300,32,,,0,70,,586308,32,,,0,31,,586306,32,,,0,69,,586301,32,,,0,98,,586298,32,,,0,100,,586302,32,,,0,99,,586295,32,,,0,99,,586296,32,,,0,100,,586303,32,,,0
9203,'20260609',613,,586325,32,,,0,100,,586309,32,,,0,103,,586310,32,,,0,100,,586311,32,,,0,101,,586312,32,,,0,98,,586313,32,,,0,102,,586314,32,,,0,100,,586315,32,,,0,100,,586318,32,,,0,100,,586328,32,,,0,30,,586320,32,,,0,70,,586326,32,,,0,31,,586321,32,,,0,70,,586329,32,,,0,31,,586327,32,,,0,69,,586322,32,,,0,98,,586319,32,,,0,100,,586323,32,,,0,99,,586316,32,,,0,99,,586317,32,,,0,100,,586324,32,,,0
29203,'20260526',1633,,562837,25,4,,0,71,,562838,25,4,,0,27,,562839,25,4,,0
29203,'20260527',1633,,562840,25,4,,0,71,,562841,25,4,,0,27,,562842,25,4,,0
29203,'20260528',1633,,562843,25,4,,0,71,,562844,25,4,,0,27,,562845,25,4,,0
29203,'20260529',1633,,587729,25,4,,0,71,,587730,25,4,,0,27,,587731,25,4,,0
29203,'20260601',1633,,529857,25,4,,0,71,,529858,25,4,,0,27,,529856,25,4,,0
29203,'20260602',1633,,529860,25,4,,0,71,,529861,25,4,,0,27,,529859,25,4,,0
29203,'20260603',1633,,562847,25,4,,0,71,,562848,25,4,,0,27,,562846,25,4,,0
29203,'20260604',1633,,562850,25,4,,0,71,,562851,25,4,,0,27,,562849,25,4,,0
29203,'20260605',1633,,562853,25,4,,0,71,,562854,25,4,,0,27,,562852,25,4,,0
29203,'20260608',1633,,587733,25,4,,0,71,,587734,25,4,,0,27,,587732,25,4,,0
29203,'20260609',1633,,587736,25,4,,0,71,,587737,25,4,,0,27,,587735,25,4,,0
99203,'20260529',2620,,595019,65,,,0,130,,595020,65,,,0
99203,'20260530',2620,,542208,65,,,0,130,,542209,65,,,0
99203,'20260605',2620,,576942,65,,,0,130,,576943,65,,,0
99203,'20260606',2620,,595021,65,,,0,130,,595022,65,,,0
