80002,'20260709',2132,,886149,1,,,1,15,,886144,1,,,1,55,,886140,1,,,1,16,,886150,1,,,1,16,,886145,1,,,1,16,,886141,1,,,1,56,,886151,1,,,1,16,,886146,1,,,1,16,,886142,1,,,1,19,,886152,1,,,1,52,,886147,1,,,1,16,,886143,1,,,1,14,,886153,1,,,1,15,,886148,1,,,1
93101,'20260703',2649,,861833,34,4,,0
93101,'20260704',2649,,899640,34,4,,0
93101,'20260710',2649,,845095,34,4,,0
93101,'20260711',2649,,861834,34,4,,0
93101,'20260717',2649,,899641,34,4,,0
93101,'20262511',2649,,899642,34,4,,0
93600,'20260703',2532,,861835,1,,,0
93600,'20260704',2532,,899643,1,,,0
93600,'20260710',2532,,845097,1,,,0
93600,'20260711',2532,,861836,1,,,0
93600,'20260717',2532,,899644,1,,,0
93600,'20262511',2532,,899645,1,,,0
98200,'20260703',2530,,861849,1,,,0
98200,'20260704',2530,,899664,1,,,0
98200,'20260710',2530,,845111,1,,,0
98200,'20260711',2530,,861850,1,,,0
98200,'20260717',2530,,899665,1,,,0
98200,'20262511',2530,,899666,1,,,0
