7900,'20260505',608,,398838,32,,,0,101,,398839,32,,,0,30,,398840,32,,,0,70,,398841,32,,,0,100,,398842,32,,,0,100,,398843,32,,,0,100,,398844,32,,,0,100,,398845,32,,,0,101,,398832,56,,,0,99,,398846,32,,,0,100,,398847,32,,,0,101,,398848,32,,,0,33,,398833,56,,,0,69,,398834,56,,,0,28,,398835,56,,,0,70,,398836,56,,,0,30,,398837,56,,,0,69,,398849,32,,,0,100,,398850,32,,,0,100,,398851,32,,,0,99,,398852,32,,,0,100,,398853,32,,,0
7900,'20260506',608,,398860,32,,,0,101,,398861,32,,,0,30,,398862,32,,,0,70,,398863,32,,,0,100,,398864,32,,,0,100,,398865,32,,,0,100,,398866,32,,,0,100,,398867,32,,,0,101,,398854,56,,,0,99,,398868,32,,,0,100,,398869,32,,,0,101,,398870,32,,,0,33,,398855,56,,,0,69,,398856,56,,,0,28,,398857,56,,,0,70,,398858,56,,,0,30,,398859,56,,,0,69,,398871,32,,,0,100,,398872,32,,,0,100,,398873,32,,,0,99,,398874,32,,,0,100,,398875,32,,,0
7900,'20260507',608,,398882,32,,,0,101,,398883,32,,,0,30,,398884,32,,,0,70,,398885,32,,,0,100,,398886,32,,,0,100,,398887,32,,,0,100,,398888,32,,,0,100,,398889,32,,,0,101,,398876,56,,,0,99,,398890,32,,,0,100,,398891,32,,,0,101,,398892,32,,,0,33,,398877,56,,,0,69,,398878,56,,,0,28,,398879,56,,,0,70,,398880,56,,,0,30,,398881,56,,,0,69,,398893,32,,,0,100,,398894,32,,,0,100,,398895,32,,,0,99,,398896,32,,,0,100,,398897,32,,,0
7900,'20260508',608,,428930,32,,,0,101,,428931,32,,,0,30,,428932,32,,,0,70,,428933,32,,,0,100,,428934,32,,,0,100,,428935,32,,,0,100,,428936,32,,,0,100,,428937,32,,,0,101,,428924,56,,,0,99,,428938,32,,,0,100,,428939,32,,,0,101,,428940,32,,,0,33,,428925,56,,,0,69,,428926,56,,,0,28,,428927,56,,,0,70,,428928,56,,,0,30,,428929,56,,,0,69,,428941,32,,,0,100,,428942,32,,,0,100,,428943,32,,,0,99,,428944,32,,,0,100,,428945,32,,,0
7900,'20260509',738,,367599,32,,,0,70,,367590,32,,,0,100,,367591,32,,,0,100,,367592,32,,,0,100,,367588,32,,,0,100,,367594,32,,,0,100,,367583,32,,,0,101,,367595,32,,,0,100,,367589,32,,,0,100,,367597,32,,,0,100,,367584,32,,,0,100,,367585,32,,,0,99,,367598,32,,,0,100,,367596,32,,,0,100,,367586,32,,,0,100,,367593,32,,,0,100,,367587,32,,,0
7900,'20260510',738,,367616,32,,,0,70,,367607,32,,,0,100,,367608,32,,,0,100,,367609,32,,,0,100,,367604,32,,,0,100,,367610,32,,,0,100,,367600,32,,,0,101,,367611,32,,,0,100,,367605,32,,,0,100,,367612,32,,,0,100,,367601,32,,,0,100,,367602,32,,,0,99,,367613,32,,,0,100,,367614,32,,,0,100,,367606,32,,,0,100,,367615,32,,,0,100,,367603,32,,,0
7900,'20260511',608,,367637,32,,,0,101,,367635,32,,,0,30,,367638,32,,,0,70,,367633,32,,,0,100,,367636,32,,,0,100,,367634,32,,,0,100,,367617,32,,,0,100,,367618,32,,,0,101,,367619,56,,,0,99,,367620,32,,,0,100,,367621,32,,,0,101,,367622,32,,,0,33,,367623,56,,,0,69,,367624,56,,,0,28,,367625,56,,,0,70,,367626,56,,,0,30,,367627,56,,,0,69,,367628,32,,,0,100,,367629,32,,,0,100,,367630,32,,,0,99,,367631,32,,,0,100,,367632,32,,,0
7900,'20260512',608,,398918,32,,,0,101,,398916,32,,,0,30,,398919,32,,,0,70,,398914,32,,,0,100,,398917,32,,,0,100,,398915,32,,,0,100,,398898,32,,,0,100,,398899,32,,,0,101,,398900,56,,,0,99,,398901,32,,,0,100,,398902,32,,,0,101,,398903,32,,,0,33,,398904,56,,,0,69,,398905,56,,,0,28,,398906,56,,,0,70,,398907,56,,,0,30,,398908,56,,,0,69,,398909,32,,,0,100,,398910,32,,,0,100,,398911,32,,,0,99,,398912,32,,,0,100,,398913,32,,,0
7900,'20260513',608,,398940,32,,,0,101,,398938,32,,,0,30,,398941,32,,,0,70,,398936,32,,,0,100,,398939,32,,,0,100,,398937,32,,,0,100,,398920,32,,,0,100,,398921,32,,,0,101,,398922,56,,,0,99,,398923,32,,,0,100,,398924,32,,,0,101,,398925,32,,,0,33,,398926,56,,,0,69,,398927,56,,,0,28,,398928,56,,,0,70,,398929,56,,,0,30,,398930,56,,,0,69,,398931,32,,,0,100,,398932,32,,,0,100,,398933,32,,,0,99,,398934,32,,,0,100,,398935,32,,,0
7900,'20260514',608,,398962,32,,,0,101,,398960,32,,,0,30,,398963,32,,,0,70,,398958,32,,,0,100,,398961,32,,,0,100,,398959,32,,,0,100,,398942,32,,,0,100,,398943,32,,,0,101,,398944,56,,,0,99,,398945,32,,,0,100,,398946,32,,,0,101,,398947,32,,,0,33,,398948,56,,,0,69,,398949,56,,,0,28,,398950,56,,,0,70,,398951,56,,,0,30,,398952,56,,,0,69,,398953,32,,,0,100,,398954,32,,,0,100,,398955,32,,,0,99,,398956,32,,,0,100,,398957,32,,,0
7900,'20260515',608,,398984,32,,,0,101,,398982,32,,,0,30,,398985,32,,,0,70,,398980,32,,,0,100,,398983,32,,,0,100,,398981,32,,,0,100,,398964,32,,,0,100,,398965,32,,,0,101,,398966,56,,,0,99,,398967,32,,,0,100,,398968,32,,,0,101,,398969,32,,,0,33,,398970,56,,,0,69,,398971,56,,,0,28,,398972,56,,,0,70,,398973,56,,,0,30,,398974,56,,,0,69,,398975,32,,,0,100,,398976,32,,,0,100,,398977,32,,,0,99,,398978,32,,,0,100,,398979,32,,,0
7900,'20260516',738,,428962,32,,,0,70,,428953,32,,,0,100,,428954,32,,,0,100,,428955,32,,,0,100,,428951,32,,,0,100,,428957,32,,,0,100,,428946,32,,,0,101,,428958,32,,,0,100,,428952,32,,,0,100,,428960,32,,,0,100,,428947,32,,,0,100,,428948,32,,,0,99,,428961,32,,,0,100,,428959,32,,,0,100,,428949,32,,,0,100,,428956,32,,,0,100,,428950,32,,,0
7900,'20260517',738,,428979,32,,,0,70,,428970,32,,,0,100,,428971,32,,,0,100,,428972,32,,,0,100,,428967,32,,,0,100,,428973,32,,,0,100,,428963,32,,,0,101,,428974,32,,,0,100,,428968,32,,,0,100,,428975,32,,,0,100,,428964,32,,,0,100,,428965,32,,,0,99,,428976,32,,,0,100,,428977,32,,,0,100,,428969,32,,,0,100,,428978,32,,,0,100,,428966,32,,,0
7900,'20260518',738,,428996,32,,,0,70,,428987,32,,,0,100,,428988,32,,,0,100,,428989,32,,,0,100,,428984,32,,,0,100,,428990,32,,,0,100,,428980,32,,,0,101,,428991,32,,,0,100,,428985,32,,,0,100,,428992,32,,,0,100,,428981,32,,,0,100,,428982,32,,,0,99,,428993,32,,,0,100,,428994,32,,,0,100,,428986,32,,,0,100,,428995,32,,,0,100,,428983,32,,,0
7900,'20260519',608,,429017,32,,,0,101,,429015,32,,,0,30,,429018,32,,,0,70,,429013,32,,,0,100,,429016,32,,,0,100,,429014,32,,,0,100,,428997,32,,,0,100,,428998,32,,,0,101,,428999,56,,,0,99,,429000,32,,,0,100,,429001,32,,,0,101,,429002,32,,,0,33,,429003,56,,,0,69,,429004,56,,,0,28,,429005,56,,,0,70,,429006,56,,,0,30,,429007,56,,,0,69,,429008,32,,,0,100,,429009,32,,,0,100,,429010,32,,,0,99,,429011,32,,,0,100,,429012,32,,,0
8001,'20260505',603,,399686,12,,,0,29,,399687,12,,,0,69,,399688,12,,,0,29,,399689,12,,,0,29,,399690,12,,,0,71,,399691,12,,,0,71,,399692,12,,,0,32,,399693,12,,,0,70,,399694,12,,,0,30,,399695,12,,,0,70,,399696,12,,,0,30,,399697,12,,,0,69,,399698,12,,,0,30,,399699,12,,,0,70,,399700,12,,,0,30,,399701,12,,,0,70,,399702,12,,,0,30,,399703,12,,,0,69,,399704,12,,,0,30,,399705,12,,,0,69,,399706,12,,,0,27,,399707,12,,,0,73,,399708,12,,,0,30,,399709,12,,,0,72,,399710,12,,,0,32,,399711,12,,,0,70,,399712,12,,,0,100,,399713,12,,,0,100,,399714,12,,,0,100,,399715,12,,,0,101,,399716,12,,,0,30,,399717,12,,,0
8001,'20260506',603,,399723,12,,,0,29,,399724,12,,,0,69,,399725,12,,,0,29,,399726,12,,,0,29,,399727,12,,,0,71,,399728,12,,,0,71,,399729,12,,,0,32,,399730,12,,,0,70,,399731,12,,,0,30,,399732,12,,,0,70,,399733,12,,,0,30,,399734,12,,,0,69,,399735,12,,,0,30,,399736,12,,,0,70,,399737,12,,,0,30,,399738,12,,,0,70,,399739,12,,,0,30,,399740,12,,,0,69,,399741,12,,,0,30,,399742,12,,,0,69,,399743,12,,,0,27,,399744,12,,,0,73,,399745,12,,,0,30,,399746,12,,,0,72,,399747,12,,,0,32,,399748,12,,,0,70,,399749,12,,,0,100,,399750,12,,,0,100,,399751,12,,,0,100,,399752,12,,,0,101,,399753,12,,,0,30,,399754,12,,,0
8001,'20260507',603,,399760,12,,,0,29,,399761,12,,,0,69,,399762,12,,,0,29,,399763,12,,,0,29,,399764,12,,,0,71,,399765,12,,,0,71,,399766,12,,,0,32,,399767,12,,,0,70,,399768,12,,,0,30,,399769,12,,,0,70,,399770,12,,,0,30,,399771,12,,,0,69,,399772,12,,,0,30,,399773,12,,,0,70,,399774,12,,,0,30,,399775,12,,,0,70,,399776,12,,,0,30,,399777,12,,,0,69,,399778,12,,,0,30,,399779,12,,,0,69,,399780,12,,,0,27,,399781,12,,,0,73,,399782,12,,,0,30,,399783,12,,,0,72,,399784,12,,,0,32,,399785,12,,,0,70,,399786,12,,,0,100,,399787,12,,,0,100,,399788,12,,,0,100,,399789,12,,,0,101,,399790,12,,,0,30,,399791,12,,,0
8001,'20260508',603,,429305,12,,,0,29,,429306,12,,,0,69,,429307,12,,,0,29,,429308,12,,,0,29,,429309,12,,,0,71,,429310,12,,,0,71,,429311,12,,,0,32,,429312,12,,,0,70,,429313,12,,,0,30,,429314,12,,,0,70,,429315,12,,,0,30,,429316,12,,,0,69,,429317,12,,,0,30,,429318,12,,,0,70,,429319,12,,,0,30,,429320,12,,,0,70,,429321,12,,,0,30,,429322,12,,,0,69,,429323,12,,,0,30,,429324,12,,,0,69,,429325,12,,,0,27,,429326,12,,,0,73,,429327,12,,,0,30,,429328,12,,,0,72,,429329,12,,,0,32,,429330,12,,,0,70,,429331,12,,,0,100,,429332,12,,,0,100,,429333,12,,,0,100,,429334,12,,,0,101,,429335,12,,,0,30,,429336,12,,,0
8001,'20260509',605,,368227,12,,,0,30,,368196,12,,,0,70,,368214,12,,,0,30,,368197,12,,,0,70,,368215,12,,,0,30,,368198,12,,,0,70,,368216,12,,,0,30,,368199,12,,,0,69,,368217,12,,,0,30,,368200,12,,,0,70,,368218,12,,,0,30,,368201,12,,,0,69,,368219,12,,,0,30,,368202,12,,,0,70,,368220,12,,,0,30,,368203,12,,,0,70,,368221,12,,,0,30,,368204,12,,,0,70,,368222,12,,,0,30,,368205,12,,,0,70,,368223,12,,,0,30,,368206,12,,,0,70,,368224,12,,,0,30,,368207,12,,,0,71,,368225,12,,,0,30,,368208,12,,,0,70,,368226,12,,,0,30,,368209,12,,,0,100,,368210,12,,,0,100,,368211,12,,,0,101,,368212,12,,,0,100,,368213,12,,,0
8001,'20260510',605,,368263,12,,,0,30,,368232,12,,,0,70,,368250,12,,,0,30,,368233,12,,,0,70,,368251,12,,,0,30,,368234,12,,,0,70,,368252,12,,,0,30,,368235,12,,,0,69,,368253,12,,,0,30,,368236,12,,,0,70,,368254,12,,,0,30,,368237,12,,,0,69,,368255,12,,,0,30,,368238,12,,,0,70,,368256,12,,,0,30,,368239,12,,,0,70,,368257,12,,,0,30,,368240,12,,,0,70,,368258,12,,,0,30,,368241,12,,,0,70,,368259,12,,,0,30,,368242,12,,,0,70,,368260,12,,,0,30,,368243,12,,,0,71,,368261,12,,,0,30,,368244,12,,,0,70,,368262,12,,,0,30,,368245,12,,,0,100,,368246,12,,,0,100,,368247,12,,,0,101,,368248,12,,,0,100,,368249,12,,,0
8001,'20260511',603,,368268,12,,,0,29,,368269,12,,,0,69,,368270,12,,,0,29,,368271,12,,,0,29,,368272,12,,,0,71,,368273,12,,,0,71,,368274,12,,,0,32,,368275,12,,,0,70,,368276,12,,,0,30,,368277,12,,,0,70,,368278,12,,,0,30,,368279,12,,,0,69,,368280,12,,,0,30,,368281,12,,,0,70,,368282,12,,,0,30,,368283,12,,,0,70,,368284,12,,,0,30,,368285,12,,,0,69,,368286,12,,,0,30,,368287,12,,,0,69,,368288,12,,,0,27,,368289,12,,,0,73,,368290,12,,,0,30,,368291,12,,,0,72,,368292,12,,,0,32,,368293,12,,,0,70,,368299,12,,,0,100,,368300,12,,,0,100,,368301,12,,,0,100,,368302,12,,,0,101,,368303,12,,,0,30,,368298,12,,,0
8001,'20260512',603,,399796,12,,,0,29,,399797,12,,,0,69,,399798,12,,,0,29,,399799,12,,,0,29,,399800,12,,,0,71,,399801,12,,,0,71,,399802,12,,,0,32,,399803,12,,,0,70,,399804,12,,,0,30,,399805,12,,,0,70,,399806,12,,,0,30,,399807,12,,,0,69,,399808,12,,,0,30,,399809,12,,,0,70,,399810,12,,,0,30,,399811,12,,,0,70,,399812,12,,,0,30,,399813,12,,,0,69,,399814,12,,,0,30,,399815,12,,,0,69,,399816,12,,,0,27,,399817,12,,,0,73,,399818,12,,,0,30,,399819,12,,,0,72,,399820,12,,,0,32,,399821,12,,,0,70,,399827,12,,,0,100,,399828,12,,,0,100,,399829,12,,,0,100,,399830,12,,,0,101,,399831,12,,,0,30,,399826,12,,,0
8001,'20260513',603,,399832,12,,,0,29,,399833,12,,,0,69,,399834,12,,,0,29,,399835,12,,,0,29,,399836,12,,,0,71,,399837,12,,,0,71,,399838,12,,,0,32,,399839,12,,,0,70,,399840,12,,,0,30,,399841,12,,,0,70,,399842,12,,,0,30,,399843,12,,,0,69,,399844,12,,,0,30,,399845,12,,,0,70,,399846,12,,,0,30,,399847,12,,,0,70,,399848,12,,,0,30,,399849,12,,,0,69,,399850,12,,,0,30,,399851,12,,,0,69,,399852,12,,,0,27,,399853,12,,,0,73,,399854,12,,,0,30,,399855,12,,,0,72,,399856,12,,,0,32,,399857,12,,,0,70,,399863,12,,,0,100,,399864,12,,,0,100,,399865,12,,,0,100,,399866,12,,,0,101,,399867,12,,,0,30,,399862,12,,,0
8001,'20260514',603,,399868,12,,,0,29,,399869,12,,,0,69,,399870,12,,,0,29,,399871,12,,,0,29,,399872,12,,,0,71,,399873,12,,,0,71,,399874,12,,,0,32,,399875,12,,,0,70,,399876,12,,,0,30,,399877,12,,,0,70,,399878,12,,,0,30,,399879,12,,,0,69,,399880,12,,,0,30,,399881,12,,,0,70,,399882,12,,,0,30,,399883,12,,,0,70,,399884,12,,,0,30,,399885,12,,,0,69,,399886,12,,,0,30,,399887,12,,,0,69,,399888,12,,,0,27,,399889,12,,,0,73,,399890,12,,,0,30,,399891,12,,,0,72,,399892,12,,,0,32,,399893,12,,,0,70,,399899,12,,,0,100,,399900,12,,,0,100,,399901,12,,,0,100,,399902,12,,,0,101,,399903,12,,,0,30,,399898,12,,,0
8001,'20260515',603,,399904,12,,,0,29,,399905,12,,,0,69,,399906,12,,,0,29,,399907,12,,,0,29,,399908,12,,,0,71,,399909,12,,,0,71,,399910,12,,,0,32,,399911,12,,,0,70,,399912,12,,,0,30,,399913,12,,,0,70,,399914,12,,,0,30,,399915,12,,,0,69,,399916,12,,,0,30,,399917,12,,,0,70,,399918,12,,,0,30,,399919,12,,,0,70,,399920,12,,,0,30,,399921,12,,,0,69,,399922,12,,,0,30,,399923,12,,,0,69,,399924,12,,,0,27,,399925,12,,,0,73,,399926,12,,,0,30,,399927,12,,,0,72,,399928,12,,,0,32,,399929,12,,,0,70,,399935,12,,,0,100,,399936,12,,,0,100,,399937,12,,,0,100,,399938,12,,,0,101,,399939,12,,,0,30,,399934,12,,,0
8001,'20260516',605,,429372,12,,,0,30,,429341,12,,,0,70,,429359,12,,,0,30,,429342,12,,,0,70,,429360,12,,,0,30,,429343,12,,,0,70,,429361,12,,,0,30,,429344,12,,,0,69,,429362,12,,,0,30,,429345,12,,,0,70,,429363,12,,,0,30,,429346,12,,,0,69,,429364,12,,,0,30,,429347,12,,,0,70,,429365,12,,,0,30,,429348,12,,,0,70,,429366,12,,,0,30,,429349,12,,,0,70,,429367,12,,,0,30,,429350,12,,,0,70,,429368,12,,,0,30,,429351,12,,,0,70,,429369,12,,,0,30,,429352,12,,,0,71,,429370,12,,,0,30,,429353,12,,,0,70,,429371,12,,,0,30,,429354,12,,,0,100,,429355,12,,,0,100,,429356,12,,,0,101,,429357,12,,,0,100,,429358,12,,,0
8001,'20260517',605,,429408,12,,,0,30,,429377,12,,,0,70,,429395,12,,,0,30,,429378,12,,,0,70,,429396,12,,,0,30,,429379,12,,,0,70,,429397,12,,,0,30,,429380,12,,,0,69,,429398,12,,,0,30,,429381,12,,,0,70,,429399,12,,,0,30,,429382,12,,,0,69,,429400,12,,,0,30,,429383,12,,,0,70,,429401,12,,,0,30,,429384,12,,,0,70,,429402,12,,,0,30,,429385,12,,,0,70,,429403,12,,,0,30,,429386,12,,,0,70,,429404,12,,,0,30,,429387,12,,,0,70,,429405,12,,,0,30,,429388,12,,,0,71,,429406,12,,,0,30,,429389,12,,,0,70,,429407,12,,,0,30,,429390,12,,,0,100,,429391,12,,,0,100,,429392,12,,,0,101,,429393,12,,,0,100,,429394,12,,,0
8001,'20260518',605,,429444,12,,,0,30,,429413,12,,,0,70,,429431,12,,,0,30,,429414,12,,,0,70,,429432,12,,,0,30,,429415,12,,,0,70,,429433,12,,,0,30,,429416,12,,,0,69,,429434,12,,,0,30,,429417,12,,,0,70,,429435,12,,,0,30,,429418,12,,,0,69,,429436,12,,,0,30,,429419,12,,,0,70,,429437,12,,,0,30,,429420,12,,,0,70,,429438,12,,,0,30,,429421,12,,,0,70,,429439,12,,,0,30,,429422,12,,,0,70,,429440,12,,,0,30,,429423,12,,,0,70,,429441,12,,,0,30,,429424,12,,,0,71,,429442,12,,,0,30,,429425,12,,,0,70,,429443,12,,,0,30,,429426,12,,,0,100,,429427,12,,,0,100,,429428,12,,,0,101,,429429,12,,,0,100,,429430,12,,,0
8001,'20260519',603,,429449,12,,,0,29,,429450,12,,,0,69,,429451,12,,,0,29,,429452,12,,,0,29,,429453,12,,,0,71,,429454,12,,,0,71,,429455,12,,,0,32,,429456,12,,,0,70,,429457,12,,,0,30,,429458,12,,,0,70,,429459,12,,,0,30,,429460,12,,,0,69,,429461,12,,,0,30,,429462,12,,,0,70,,429463,12,,,0,30,,429464,12,,,0,70,,429465,12,,,0,30,,429466,12,,,0,69,,429467,12,,,0,30,,429468,12,,,0,69,,429469,12,,,0,27,,429470,12,,,0,73,,429471,12,,,0,30,,429472,12,,,0,72,,429473,12,,,0,32,,429474,12,,,0,70,,429480,12,,,0,100,,429481,12,,,0,100,,429482,12,,,0,100,,429483,12,,,0,101,,429484,12,,,0,30,,429479,12,,,0
27900,'20260505',1632,,405525,45,4,,0,72,,405526,45,4,,0,34,,405527,45,4,,0,78,,405528,45,4,,0
27900,'20260506',1632,,405529,45,4,,0,72,,405530,45,4,,0,34,,405531,45,4,,0,78,,405532,45,4,,0
27900,'20260507',1632,,405533,45,4,,0,72,,405534,45,4,,0,34,,405535,45,4,,0,78,,405536,45,4,,0
27900,'20260508',1632,,431653,45,4,,0,72,,431654,45,4,,0,34,,431655,45,4,,0,78,,431656,45,4,,0
27900,'20260511',1632,,372042,45,4,,0,72,,372045,45,4,,0,34,,372044,45,4,,0,78,,372043,45,4,,0
27900,'20260512',1632,,405537,45,4,,0,72,,405540,45,4,,0,34,,405539,45,4,,0,78,,405538,45,4,,0
27900,'20260513',1632,,405541,45,4,,0,72,,405544,45,4,,0,34,,405543,45,4,,0,78,,405542,45,4,,0
27900,'20260514',1632,,405545,45,4,,0,72,,405548,45,4,,0,34,,405547,45,4,,0,78,,405546,45,4,,0
27900,'20260515',1632,,405549,45,4,,0,72,,405552,45,4,,0,34,,405551,45,4,,0,78,,405550,45,4,,0
27900,'20260519',1632,,431657,45,4,,0,72,,431660,45,4,,0,34,,431659,45,4,,0,78,,431658,45,4,,0
