5801,'20260331',606,,157013,12,,,0,30,,157014,12,,,0,68,,157015,12,,,0,32,,157016,12,,,0,71,,157017,12,,,0,30,,157018,12,,,0,70,,157019,12,,,0,105,,157020,12,,,0,103,,157021,12,,,0,101,,157022,12,,,0,100,,157023,12,,,0,100,,157024,12,,,0,99,,157025,12,,,0,99,,157026,12,,,0,103,,157027,12,,,0,101,,157028,12,,,0,99,,157029,12,,,0,99,,157030,12,,,0,101,,157031,12,,,0,100,,157032,12,,,0,99,,157033,12,,,0
5801,'20260401',606,,157034,12,,,0,30,,157035,12,,,0,68,,157036,12,,,0,32,,157037,12,,,0,71,,157038,12,,,0,30,,157039,12,,,0,70,,157040,12,,,0,105,,157041,12,,,0,103,,157042,12,,,0,101,,157043,12,,,0,100,,157044,12,,,0,100,,157045,12,,,0,99,,157046,12,,,0,99,,157047,12,,,0,103,,157048,12,,,0,101,,157049,12,,,0,99,,157050,12,,,0,99,,157051,12,,,0,101,,157052,12,,,0,100,,157053,12,,,0,99,,157054,12,,,0
5801,'20260402',606,,157055,12,,,0,30,,157056,12,,,0,68,,157057,12,,,0,32,,157058,12,,,0,71,,157059,12,,,0,30,,157060,12,,,0,70,,157061,12,,,0,105,,157062,12,,,0,103,,157063,12,,,0,101,,157064,12,,,0,100,,157065,12,,,0,100,,157066,12,,,0,99,,157067,12,,,0,99,,157068,12,,,0,103,,157069,12,,,0,101,,157070,12,,,0,99,,157071,12,,,0,99,,157072,12,,,0,101,,157073,12,,,0,100,,157074,12,,,0,99,,157075,12,,,0
5801,'20260403',706,,157076,12,,,0,100,,157077,12,,,0,100,,157078,12,,,0,101,,157079,12,,,0,100,,157080,12,,,0,100,,157081,12,,,0,100,,157082,12,,,0,100,,157083,12,,,0,101,,157084,12,,,0,101,,157085,12,,,0,101,,157086,12,,,0,105,,157087,12,,,0,93,,157088,12,,,0,98,,157089,12,,,0,100,,157090,12,,,0,100,,157091,12,,,0,100,,157092,12,,,0
5801,'20260404',706,,115494,12,,,0,100,,115495,12,,,0,100,,115502,12,,,0,101,,115500,12,,,0,100,,115503,12,,,0,100,,115496,12,,,0,100,,115497,12,,,0,100,,115504,12,,,0,101,,115501,12,,,0,101,,115505,12,,,0,101,,115506,12,,,0,105,,115498,12,,,0,93,,115499,12,,,0,98,,115507,12,,,0,100,,115508,12,,,0,100,,115509,12,,,0,100,,115510,12,,,0
5801,'20260405',706,,115518,12,,,0,100,,115513,12,,,0,100,,115520,12,,,0,101,,115514,12,,,0,100,,115521,12,,,0,100,,115525,12,,,0,100,,115519,12,,,0,100,,115522,12,,,0,101,,115523,12,,,0,101,,115526,12,,,0,101,,115516,12,,,0,105,,115524,12,,,0,93,,115517,12,,,0,98,,115511,12,,,0,100,,115515,12,,,0,100,,115527,12,,,0,100,,115512,12,,,0
5801,'20260406',706,,115535,12,,,0,100,,115530,12,,,0,100,,115537,12,,,0,101,,115531,12,,,0,100,,115538,12,,,0,100,,115542,12,,,0,100,,115536,12,,,0,100,,115539,12,,,0,101,,115540,12,,,0,101,,115543,12,,,0,101,,115533,12,,,0,105,,115541,12,,,0,93,,115534,12,,,0,98,,115528,12,,,0,100,,115532,12,,,0,100,,115544,12,,,0,100,,115529,12,,,0
5801,'20260407',606,,157111,12,,,0,30,,157093,12,,,0,68,,157094,12,,,0,32,,157095,12,,,0,71,,157096,12,,,0,30,,157112,12,,,0,70,,157106,12,,,0,105,,157107,12,,,0,103,,157097,12,,,0,101,,157098,12,,,0,100,,157108,12,,,0,100,,157101,12,,,0,99,,157109,12,,,0,99,,157104,12,,,0,103,,157099,12,,,0,101,,157100,12,,,0,99,,157102,12,,,0,99,,157110,12,,,0,101,,157105,12,,,0,100,,157103,12,,,0,99,,157113,12,,,0
5801,'20260408',606,,157132,12,,,0,30,,157114,12,,,0,68,,157115,12,,,0,32,,157116,12,,,0,71,,157117,12,,,0,30,,157133,12,,,0,70,,157127,12,,,0,105,,157128,12,,,0,103,,157118,12,,,0,101,,157119,12,,,0,100,,157129,12,,,0,100,,157122,12,,,0,99,,157130,12,,,0,99,,157125,12,,,0,103,,157120,12,,,0,101,,157121,12,,,0,99,,157123,12,,,0,99,,157131,12,,,0,101,,157126,12,,,0,100,,157124,12,,,0,99,,157134,12,,,0
5801,'20260409',606,,157153,12,,,0,30,,157135,12,,,0,68,,157136,12,,,0,32,,157137,12,,,0,71,,157138,12,,,0,30,,157154,12,,,0,70,,157148,12,,,0,105,,157149,12,,,0,103,,157139,12,,,0,101,,157140,12,,,0,100,,157150,12,,,0,100,,157143,12,,,0,99,,157151,12,,,0,99,,157146,12,,,0,103,,157141,12,,,0,101,,157142,12,,,0,99,,157144,12,,,0,99,,157152,12,,,0,101,,157147,12,,,0,100,,157145,12,,,0,99,,157155,12,,,0
5801,'20260410',606,,157174,12,,,0,30,,157156,12,,,0,68,,157157,12,,,0,32,,157158,12,,,0,71,,157159,12,,,0,30,,157175,12,,,0,70,,157169,12,,,0,105,,157170,12,,,0,103,,157160,12,,,0,101,,157161,12,,,0,100,,157171,12,,,0,100,,157164,12,,,0,99,,157172,12,,,0,99,,157167,12,,,0,103,,157162,12,,,0,101,,157163,12,,,0,99,,157165,12,,,0,99,,157173,12,,,0,101,,157168,12,,,0,100,,157166,12,,,0,99,,157176,12,,,0
5801,'20260411',706,,157177,12,,,0,100,,157178,12,,,0,100,,157185,12,,,0,101,,157183,12,,,0,100,,157186,12,,,0,100,,157179,12,,,0,100,,157180,12,,,0,100,,157187,12,,,0,101,,157184,12,,,0,101,,157188,12,,,0,101,,157189,12,,,0,105,,157181,12,,,0,93,,157182,12,,,0,98,,157190,12,,,0,100,,157191,12,,,0,100,,157192,12,,,0,100,,157193,12,,,0
5801,'20260412',706,,157201,12,,,0,100,,157196,12,,,0,100,,157203,12,,,0,101,,157197,12,,,0,100,,157204,12,,,0,100,,157208,12,,,0,100,,157202,12,,,0,100,,157205,12,,,0,101,,157206,12,,,0,101,,157209,12,,,0,101,,157199,12,,,0,105,,157207,12,,,0,93,,157200,12,,,0,98,,157194,12,,,0,100,,157198,12,,,0,100,,157210,12,,,0,100,,157195,12,,,0
5801,'20260413',606,,157229,12,,,0,30,,157211,12,,,0,68,,157212,12,,,0,32,,157213,12,,,0,71,,157214,12,,,0,30,,157230,12,,,0,70,,157224,12,,,0,105,,157225,12,,,0,103,,157215,12,,,0,101,,157216,12,,,0,100,,157226,12,,,0,100,,157219,12,,,0,99,,157227,12,,,0,99,,157222,12,,,0,103,,157217,12,,,0,101,,157218,12,,,0,99,,157220,12,,,0,99,,157228,12,,,0,101,,157223,12,,,0,100,,157221,12,,,0,99,,157231,12,,,0
5801,'20260414',606,,157250,12,,,0,30,,157232,12,,,0,68,,157233,12,,,0,32,,157234,12,,,0,71,,157235,12,,,0,30,,157251,12,,,0,70,,157245,12,,,0,105,,157246,12,,,0,103,,157236,12,,,0,101,,157237,12,,,0,100,,157247,12,,,0,100,,157240,12,,,0,99,,157248,12,,,0,99,,157243,12,,,0,103,,157238,12,,,0,101,,157239,12,,,0,99,,157241,12,,,0,99,,157249,12,,,0,101,,157244,12,,,0,100,,157242,12,,,0,99,,157252,12,,,0
25801,'20260331',639,,169079,12,,,0,69,,169080,12,,,0,29,,169081,12,,,0,79,,169082,12,,,0
25801,'20260401',639,,169083,12,,,0,69,,169084,12,,,0,29,,169085,12,,,0,79,,169086,12,,,0
25801,'20260402',639,,169087,12,,,0,69,,169088,12,,,0,29,,169089,12,,,0,79,,169090,12,,,0
25801,'20260407',639,,169091,12,,,0,69,,169092,12,,,0,29,,169093,12,,,0,79,,169094,12,,,0
25801,'20260408',639,,169095,12,,,0,69,,169096,12,,,0,29,,169097,12,,,0,79,,169098,12,,,0
25801,'20260409',639,,169099,12,,,0,69,,169100,12,,,0,29,,169101,12,,,0,79,,169102,12,,,0
25801,'20260410',639,,169103,12,,,0,69,,169104,12,,,0,29,,169105,12,,,0,79,,169106,12,,,0
25801,'20260413',639,,169107,12,,,0,69,,169108,12,,,0,29,,169109,12,,,0,79,,169110,12,,,0
25801,'20260414',639,,169111,12,,,0,69,,169112,12,,,0,29,,169113,12,,,0,79,,169114,12,,,0
35801,'20260331',651,,170999,12,,,0,69,,171000,12,,,0
35801,'20260401',651,,171001,12,,,0,69,,171002,12,,,0
35801,'20260402',651,,171003,12,,,0,69,,171004,12,,,0
35801,'20260407',651,,171005,12,,,0,69,,171006,12,,,0
35801,'20260408',651,,171007,12,,,0,69,,171008,12,,,0
35801,'20260409',651,,171009,12,,,0,69,,171010,12,,,0
35801,'20260410',651,,171011,12,,,0,69,,171012,12,,,0
35801,'20260413',651,,171013,12,,,0,69,,171014,12,,,0
35801,'20260414',651,,171015,12,,,0,69,,171016,12,,,0
55801,'20260331',703,,172081,12,,,0,32,,172082,12,,,0
55801,'20260401',703,,172083,12,,,0,32,,172084,12,,,0
55801,'20260402',703,,172085,12,,,0,32,,172086,12,,,0
55801,'20260407',703,,172087,12,,,0,32,,172088,12,,,0
55801,'20260408',703,,172089,12,,,0,32,,172090,12,,,0
55801,'20260409',703,,172091,12,,,0,32,,172092,12,,,0
55801,'20260410',703,,172093,12,,,0,32,,172094,12,,,0
55801,'20260413',703,,172095,12,,,0,32,,172096,12,,,0
55801,'20260414',703,,172097,12,,,0,32,,172098,12,,,0
