27401,'20260724',630,,1007339,3,,,0,28,,1007340,3,,,0,70,,1007341,3,,,0,7,,1007342,3,,,0,74,,1007343,3,,,0
27401,'20260727',630,,1033822,3,,,0,28,,1033823,3,,,0,70,,1033824,3,,,0,7,,1033825,3,,,0,74,,1033826,3,,,0
27401,'20260728',630,,1033827,3,,,0,28,,1033828,3,,,0,70,,1033829,3,,,0,7,,1033830,3,,,0,74,,1033831,3,,,0
27401,'20260729',630,,1033832,3,,,0,28,,1033833,3,,,0,70,,1033834,3,,,0,7,,1033835,3,,,0,74,,1033836,3,,,0
27401,'20260730',630,,1033837,3,,,0,28,,1033838,3,,,0,70,,1033839,3,,,0,7,,1033840,3,,,0,74,,1033841,3,,,0
27401,'20260731',630,,986229,3,,,0,28,,986230,3,,,0,70,,986231,3,,,0,7,,986233,3,,,0,74,,986232,3,,,0
27401,'20260803',630,,1007344,3,,,0,28,,1007345,3,,,0,70,,1007346,3,,,0,7,,1007348,3,,,0,74,,1007347,3,,,0
27401,'20260804',630,,1033842,3,,,0,28,,1033843,3,,,0,70,,1033844,3,,,0,7,,1033846,3,,,0,74,,1033845,3,,,0
27401,'20260805',630,,1033847,3,,,0,28,,1033848,3,,,0,70,,1033849,3,,,0,7,,1033851,3,,,0,74,,1033850,3,,,0
27401,'20260806',630,,1033852,3,,,0,28,,1033853,3,,,0,70,,1033854,3,,,0,7,,1033856,3,,,0,74,,1033855,3,,,0
27401,'20260807',630,,1033857,3,,,0,28,,1033858,3,,,0,70,,1033859,3,,,0,7,,1033861,3,,,0,74,,1033860,3,,,0
57401,'20260724',628,,1007727,3,,,0,26,,1007728,3,,,0,74,,1007729,3,,,0
57401,'20260727',628,,1035152,3,,,0,26,,1035153,3,,,0,74,,1035154,3,,,0
57401,'20260728',628,,1035155,3,,,0,26,,1035156,3,,,0,74,,1035157,3,,,0
57401,'20260729',628,,1035158,3,,,0,26,,1035159,3,,,0,74,,1035160,3,,,0
57401,'20260730',628,,1035161,3,,,0,26,,1035162,3,,,0,74,,1035163,3,,,0
57401,'20260731',628,,987671,3,,,0,26,,987672,3,,,0,74,,987670,3,,,0
57401,'20260803',628,,1007731,3,,,0,26,,1007732,3,,,0,74,,1007730,3,,,0
57401,'20260804',628,,1035165,3,,,0,26,,1035166,3,,,0,74,,1035164,3,,,0
57401,'20260805',628,,1035168,3,,,0,26,,1035169,3,,,0,74,,1035167,3,,,0
57401,'20260806',628,,1035171,3,,,0,26,,1035172,3,,,0,74,,1035170,3,,,0
57401,'20260807',628,,1035174,3,,,0,26,,1035175,3,,,0,74,,1035173,3,,,0
