8101,'20260616',621,,717351,19,,,0,29,,717352,19,,,0,66,,717353,19,,,0,28,,717354,19,,,0,76,,717355,19,,,0,32,,717356,19,,,0,70,,717357,19,,,0,100,,717358,19,,,0,100,,717359,19,,,0,100,,717360,19,,,0,100,,717361,19,,,0,99,,717362,19,,,0,98,,717363,19,,,0,28,,717364,19,,,0,70,,717365,19,,,0,31,,717366,19,,,0,71,,717367,19,,,0,103,,717368,19,,,0,101,,717369,19,,,0,100,,717370,19,,,0,101,,717371,19,,,0,100,,717372,19,,,0,100,,717373,19,,,0
8101,'20260617',621,,717374,19,,,0,29,,717375,19,,,0,66,,717376,19,,,0,28,,717377,19,,,0,76,,717378,19,,,0,32,,717379,19,,,0,70,,717380,19,,,0,100,,717381,19,,,0,100,,717382,19,,,0,100,,717383,19,,,0,100,,717384,19,,,0,99,,717385,19,,,0,98,,717386,19,,,0,28,,717387,19,,,0,70,,717388,19,,,0,31,,717389,19,,,0,71,,717390,19,,,0,103,,717391,19,,,0,101,,717392,19,,,0,100,,717393,19,,,0,101,,717394,19,,,0,100,,717395,19,,,0,100,,717396,19,,,0
8101,'20260618',621,,717397,19,,,0,29,,717398,19,,,0,66,,717399,19,,,0,28,,717400,19,,,0,76,,717401,19,,,0,32,,717402,19,,,0,70,,717403,19,,,0,100,,717404,19,,,0,100,,717405,19,,,0,100,,717406,19,,,0,100,,717407,19,,,0,99,,717408,19,,,0,98,,717409,19,,,0,28,,717410,19,,,0,70,,717411,19,,,0,31,,717412,19,,,0,71,,717413,19,,,0,103,,717414,19,,,0,101,,717415,19,,,0,100,,717416,19,,,0,101,,717417,19,,,0,100,,717418,19,,,0,100,,717419,19,,,0
8101,'20260619',621,,751080,19,,,0,29,,751081,19,,,0,66,,751082,19,,,0,28,,751083,19,,,0,76,,751084,19,,,0,32,,751085,19,,,0,70,,751086,19,,,0,100,,751087,19,,,0,100,,751088,19,,,0,100,,751089,19,,,0,100,,751090,19,,,0,99,,751091,19,,,0,98,,751092,19,,,0,28,,751093,19,,,0,70,,751094,19,,,0,31,,751095,19,,,0,71,,751096,19,,,0,103,,751097,19,,,0,101,,751098,19,,,0,100,,751099,19,,,0,101,,751100,19,,,0,100,,751101,19,,,0,100,,751102,19,,,0
8101,'20260620',625,,751103,19,,,0,99,,751104,19,,,0,100,,751105,19,,,0,100,,751106,19,,,0,100,,751107,19,,,0,99,,751108,19,,,0,100,,751109,19,,,0,99,,751110,19,,,0,100,,751111,19,,,0,100,,751112,19,,,0,100,,751113,19,,,0,102,,751114,19,,,0,100,,751115,19,,,0,100,,751116,19,,,0,100,,751117,19,,,0,100,,751118,19,,,0,101,,751119,19,,,0,100,,751120,19,,,0
8101,'20260621',625,,751121,19,,,0,99,,751122,19,,,0,100,,751123,19,,,0,100,,751124,19,,,0,100,,751125,19,,,0,99,,751126,19,,,0,100,,751127,19,,,0,99,,751128,19,,,0,100,,751129,19,,,0,100,,751130,19,,,0,100,,751131,19,,,0,102,,751132,19,,,0,100,,751133,19,,,0,100,,751134,19,,,0,100,,751135,19,,,0,100,,751136,19,,,0,101,,751137,19,,,0,100,,751138,19,,,0
8101,'20260622',621,,751139,19,,,0,29,,751140,19,,,0,66,,751141,19,,,0,28,,751142,19,,,0,76,,751143,19,,,0,32,,751144,19,,,0,70,,751145,19,,,0,100,,751146,19,,,0,100,,751147,19,,,0,100,,751148,19,,,0,100,,751149,19,,,0,99,,751150,19,,,0,98,,751151,19,,,0,28,,751152,19,,,0,67,,751153,19,,,0,34,,751154,19,,,0,71,,751155,19,,,0,103,,751156,19,,,0,101,,751157,19,,,0,100,,751158,19,,,0,101,,751159,19,,,0,100,,751160,19,,,0,100,,751161,19,,,0
8101,'20260623',621,,751162,19,,,0,29,,751163,19,,,0,66,,751164,19,,,0,28,,751165,19,,,0,76,,751166,19,,,0,32,,751167,19,,,0,70,,751168,19,,,0,100,,751169,19,,,0,100,,751170,19,,,0,100,,751171,19,,,0,100,,751172,19,,,0,99,,751173,19,,,0,98,,751174,19,,,0,28,,751175,19,,,0,67,,751176,19,,,0,34,,751177,19,,,0,71,,751178,19,,,0,103,,751179,19,,,0,101,,751180,19,,,0,100,,751181,19,,,0,101,,751182,19,,,0,100,,751183,19,,,0,100,,751184,19,,,0
8101,'20260624',625,,717443,19,,,0,99,,717444,19,,,0,100,,717445,19,,,0,100,,717446,19,,,0,100,,717447,19,,,0,99,,717448,19,,,0,100,,717449,19,,,0,99,,717450,19,,,0,100,,717451,19,,,0,100,,717452,19,,,0,100,,717453,19,,,0,102,,717454,19,,,0,100,,717455,19,,,0,100,,717456,19,,,0,100,,717457,19,,,0,100,,717458,19,,,0,101,,717459,19,,,0,100,,717460,19,,,0
8101,'20260625',621,,717461,19,,,0,29,,717462,19,,,0,66,,717463,19,,,0,28,,717464,19,,,0,76,,717465,19,,,0,32,,717466,19,,,0,70,,717467,19,,,0,100,,717468,19,,,0,100,,717469,19,,,0,100,,717470,19,,,0,100,,717471,19,,,0,99,,717472,19,,,0,98,,717473,19,,,0,28,,717474,19,,,0,67,,717475,19,,,0,34,,717476,19,,,0,71,,717477,19,,,0,103,,717478,19,,,0,101,,717479,19,,,0,100,,717480,19,,,0,101,,717481,19,,,0,100,,717482,19,,,0,100,,717483,19,,,0
8101,'20260626',621,,717484,19,,,0,29,,717485,19,,,0,66,,717486,19,,,0,28,,717487,19,,,0,76,,717488,19,,,0,32,,717489,19,,,0,70,,717490,19,,,0,100,,717491,19,,,0,100,,717492,19,,,0,100,,717493,19,,,0,100,,717494,19,,,0,99,,717495,19,,,0,98,,717496,19,,,0,28,,717497,19,,,0,67,,717498,19,,,0,34,,717499,19,,,0,71,,717500,19,,,0,103,,717501,19,,,0,101,,717502,19,,,0,100,,717503,19,,,0,101,,717504,19,,,0,100,,717505,19,,,0,100,,717506,19,,,0
8101,'20260627',625,,751185,19,,,0,99,,751186,19,,,0,100,,751187,19,,,0,100,,751188,19,,,0,100,,751189,19,,,0,99,,751190,19,,,0,100,,751191,19,,,0,99,,751192,19,,,0,100,,751193,19,,,0,100,,751194,19,,,0,100,,751195,19,,,0,102,,751196,19,,,0,100,,751197,19,,,0,100,,751198,19,,,0,100,,751199,19,,,0,100,,751200,19,,,0,101,,751201,19,,,0,100,,751202,19,,,0
8101,'20260628',625,,751203,19,,,0,99,,751204,19,,,0,100,,751205,19,,,0,100,,751206,19,,,0,100,,751207,19,,,0,99,,751208,19,,,0,100,,751209,19,,,0,99,,751210,19,,,0,100,,751211,19,,,0,100,,751212,19,,,0,100,,751213,19,,,0,102,,751214,19,,,0,100,,751215,19,,,0,100,,751216,19,,,0,100,,751217,19,,,0,100,,751218,19,,,0,101,,751219,19,,,0,100,,751220,19,,,0
8101,'20260629',621,,751221,19,,,0,29,,751222,19,,,0,66,,751223,19,,,0,28,,751224,19,,,0,76,,751225,19,,,0,32,,751226,19,,,0,70,,751227,19,,,0,100,,751228,19,,,0,100,,751229,19,,,0,100,,751230,19,,,0,100,,751231,19,,,0,99,,751232,19,,,0,98,,751233,19,,,0,28,,751234,19,,,0,67,,751235,19,,,0,34,,751236,19,,,0,71,,751237,19,,,0,103,,751238,19,,,0,101,,751239,19,,,0,100,,751240,19,,,0,101,,751241,19,,,0,100,,751242,19,,,0,100,,751243,19,,,0
8101,'20260630',621,,751244,19,,,0,29,,751245,19,,,0,66,,751246,19,,,0,28,,751247,19,,,0,76,,751248,19,,,0,32,,751249,19,,,0,70,,751250,19,,,0,100,,751251,19,,,0,100,,751252,19,,,0,100,,751253,19,,,0,100,,751254,19,,,0,99,,751255,19,,,0,98,,751256,19,,,0,28,,751257,19,,,0,67,,751258,19,,,0,34,,751259,19,,,0,71,,751260,19,,,0,103,,751261,19,,,0,101,,751262,19,,,0,100,,751263,19,,,0,101,,751264,19,,,0,100,,751265,19,,,0,100,,751266,19,,,0
