28400,'20260602',1630,,618260,53,4,,0,73,,618261,53,4,,0,27,,618262,53,4,,0,26,,618263,53,4,,0,64,,618264,53,4,,0
28400,'20260603',1630,,618265,53,4,,0,73,,618266,53,4,,0,27,,618267,53,4,,0,26,,618268,53,4,,0,64,,618269,53,4,,0
28400,'20260604',1630,,618270,53,4,,0,73,,618271,53,4,,0,27,,618272,53,4,,0,26,,618273,53,4,,0,64,,618274,53,4,,0
28400,'20260605',1630,,645635,53,4,,0,73,,645636,53,4,,0,27,,645637,53,4,,0,26,,645638,53,4,,0,64,,645639,53,4,,0
28400,'20260608',1630,,587614,53,4,,0,73,,587615,53,4,,0,27,,587616,53,4,,0,26,,587617,53,4,,0,64,,587618,53,4,,0
28400,'20260609',1630,,587619,53,4,,0,73,,587620,53,4,,0,27,,587621,53,4,,0,26,,587622,53,4,,0,64,,587623,53,4,,0
28400,'20260610',1630,,618275,53,4,,0,73,,618276,53,4,,0,27,,618277,53,4,,0,26,,618278,53,4,,0,64,,618279,53,4,,0
28400,'20260611',1630,,618280,53,4,,0,73,,618281,53,4,,0,27,,618282,53,4,,0,26,,618283,53,4,,0,64,,618284,53,4,,0
28400,'20260612',1630,,618285,53,4,,0,73,,618286,53,4,,0,27,,618287,53,4,,0,26,,618288,53,4,,0,64,,618289,53,4,,0
28400,'20260615',1630,,645640,53,4,,0,73,,645641,53,4,,0,27,,645642,53,4,,0,26,,645643,53,4,,0,64,,645644,53,4,,0
28400,'20260616',1630,,645645,53,4,,0,73,,645646,53,4,,0,27,,645647,53,4,,0,26,,645648,53,4,,0,64,,645649,53,4,,0
38400,'20260602',1655,,619455,43,4,,0,92,,619456,43,4,,0,155,,619457,43,4,,0
38400,'20260603',1655,,619458,43,4,,0,92,,619459,43,4,,0,155,,619460,43,4,,0
38400,'20260604',1655,,619461,43,4,,0,92,,619462,43,4,,0,155,,619463,43,4,,0
38400,'20260605',1655,,646148,43,4,,0,92,,646149,43,4,,0,155,,646150,43,4,,0
38400,'20260608',1655,,588125,43,4,,0,92,,588126,43,4,,0,155,,588127,43,4,,0
38400,'20260609',1655,,588128,43,4,,0,92,,588129,43,4,,0,155,,588130,43,4,,0
38400,'20260610',1655,,619464,43,4,,0,92,,619465,43,4,,0,155,,619466,43,4,,0
38400,'20260611',1655,,619467,43,4,,0,92,,619468,43,4,,0,155,,619469,43,4,,0
38400,'20260612',1655,,619470,43,4,,0,92,,619471,43,4,,0,155,,619472,43,4,,0
38400,'20260615',1655,,646151,43,4,,0,92,,646152,43,4,,0,155,,646153,43,4,,0
38400,'20260616',1655,,646154,43,4,,0,92,,646155,43,4,,0,155,,646156,43,4,,0
58400,'20260602',1621,,620378,41,4,,0,29,,620379,41,4,,0,70,,620380,41,4,,0,35,,620381,41,4,,0
58400,'20260603',1621,,620382,41,4,,0,29,,620383,41,4,,0,70,,620384,41,4,,0,35,,620385,41,4,,0
58400,'20260604',1621,,620386,41,4,,0,29,,620387,41,4,,0,70,,620388,41,4,,0,35,,620389,41,4,,0
58400,'20260605',1621,,646478,41,4,,0,29,,646479,41,4,,0,70,,646480,41,4,,0,35,,646481,41,4,,0
58400,'20260608',1621,,588458,41,4,,0,29,,588456,41,4,,0,70,,588457,41,4,,0,35,,588459,41,4,,0
58400,'20260609',1621,,588462,41,4,,0,29,,588460,41,4,,0,70,,588461,41,4,,0,35,,588463,41,4,,0
58400,'20260610',1621,,620392,41,4,,0,29,,620390,41,4,,0,70,,620391,41,4,,0,35,,620393,41,4,,0
58400,'20260611',1621,,620396,41,4,,0,29,,620394,41,4,,0,70,,620395,41,4,,0,35,,620397,41,4,,0
58400,'20260612',1621,,620400,41,4,,0,29,,620398,41,4,,0,70,,620399,41,4,,0,35,,620401,41,4,,0
58400,'20260615',1621,,646484,41,4,,0,29,,646482,41,4,,0,70,,646483,41,4,,0,35,,646485,41,4,,0
58400,'20260616',1621,,646488,41,4,,0,29,,646486,41,4,,0,70,,646487,41,4,,0,35,,646489,41,4,,0
