6500,'20260317',1556,,66722,14,,,0,73,,66723,14,,,0,76,,66724,14,,,0,36,,66725,14,,,0,62,,66726,14,,,0
6500,'20260318',1556,,66727,14,,,0,73,,66728,14,,,0,76,,66729,14,,,0,36,,66730,14,,,0,62,,66731,14,,,0
6500,'20260319',1556,,66732,14,,,0,73,,66733,14,,,0,76,,66734,14,,,0,36,,66735,14,,,0,62,,66736,14,,,0
6500,'20260320',1556,,66737,14,,,0,73,,66738,14,,,0,76,,66739,14,,,0,36,,66740,14,,,0,62,,66741,14,,,0
6500,'20260323',1556,,66742,14,,,0,73,,66743,14,,,0,76,,66744,14,,,0,37,,66745,14,,,0,61,,66746,14,,,0
6500,'20260324',1556,,66747,14,,,0,73,,66748,14,,,0,76,,66749,14,,,0,37,,66750,14,,,0,61,,66751,14,,,0
6500,'20260325',1556,,66752,14,,,0,73,,66753,14,,,0,76,,66754,14,,,0,37,,66755,14,,,0,61,,66756,14,,,0
6500,'20260326',1556,,66757,14,,,0,73,,66758,14,,,0,76,,66759,14,,,0,37,,66760,14,,,0,61,,66761,14,,,0
6500,'20260327',1556,,66762,14,,,0,73,,66763,14,,,0,76,,66764,14,,,0,37,,66765,14,,,0,61,,66766,14,,,0
6500,'20260330',1556,,66767,14,,,0,73,,66768,14,,,0,76,,66769,14,,,0,37,,66770,14,,,0,61,,66771,14,,,0
6500,'20260331',1556,,66772,14,,,0,73,,66773,14,,,0,76,,66774,14,,,0,37,,66775,14,,,0,61,,66776,14,,,0
8200,'20260317',610,,72718,9,,,0,26,,72719,9,,,0,99,,72720,9,,,0,70,,72721,9,,,0,29,,72722,9,,,0,103,,72723,9,,,0,100,,72724,9,,,0,99,,72725,9,,,0,99,,72726,9,,,0,100,,72727,9,,,0,99,,72728,9,,,0,98,,72729,9,,,0,69,,72730,9,,,0,29,,72731,9,,,0,72,,72732,9,,,0,35,,72733,9,,,0,71,,72734,9,,,0,31,,72735,9,,,0,101,,72736,9,,,0,99,,72737,9,,,0,101,,72738,9,,,0,173,,72739,9,,,0
8200,'20260318',610,,72740,9,,,0,26,,72741,9,,,0,99,,72742,9,,,0,70,,72743,9,,,0,29,,72744,9,,,0,103,,72745,9,,,0,100,,72746,9,,,0,99,,72747,9,,,0,99,,72748,9,,,0,100,,72749,9,,,0,99,,72750,9,,,0,98,,72751,9,,,0,69,,72752,9,,,0,29,,72753,9,,,0,72,,72754,9,,,0,35,,72755,9,,,0,71,,72756,9,,,0,31,,72757,9,,,0,101,,72758,9,,,0,99,,72759,9,,,0,101,,72760,9,,,0,173,,72761,9,,,0
8200,'20260319',610,,72762,9,,,0,26,,72763,9,,,0,99,,72764,9,,,0,70,,72765,9,,,0,29,,72766,9,,,0,103,,72767,9,,,0,100,,72768,9,,,0,99,,72769,9,,,0,99,,72770,9,,,0,100,,72771,9,,,0,99,,72772,9,,,0,98,,72773,9,,,0,69,,72774,9,,,0,29,,72775,9,,,0,72,,72776,9,,,0,35,,72777,9,,,0,71,,72778,9,,,0,31,,72779,9,,,0,101,,72780,9,,,0,99,,72781,9,,,0,101,,72782,9,,,0,173,,72783,9,,,0
8200,'20260320',610,,72784,9,,,0,26,,72785,9,,,0,99,,72786,9,,,0,70,,72787,9,,,0,29,,72788,9,,,0,103,,72789,9,,,0,100,,72790,9,,,0,99,,72791,9,,,0,99,,72792,9,,,0,100,,72793,9,,,0,99,,72794,9,,,0,98,,72795,9,,,0,69,,72796,9,,,0,29,,72797,9,,,0,72,,72798,9,,,0,35,,72799,9,,,0,71,,72800,9,,,0,31,,72801,9,,,0,101,,72802,9,,,0,99,,72803,9,,,0,101,,72804,9,,,0,173,,72805,9,,,0
8200,'20260321',641,,72820,9,,,0,100,,72806,9,,,0,99,,72810,9,,,0,98,,72811,9,,,0,100,,72818,9,,,0,100,,72812,9,,,0,98,,72807,9,,,0,100,,72813,9,,,0,100,,72819,9,,,0,100,,72814,9,,,0,101,,72822,9,,,0,102,,72808,9,,,0,100,,72815,9,,,0,102,,72817,9,,,0,100,,72821,9,,,0,101,,72816,9,,,0,171,,72809,9,,,0,130,,72823,9,,,0
8200,'20260322',641,,72836,9,,,0,100,,72837,9,,,0,99,,72833,9,,,0,98,,72838,9,,,0,100,,72832,9,,,0,100,,72834,9,,,0,98,,72827,9,,,0,100,,72824,9,,,0,100,,72830,9,,,0,100,,72831,9,,,0,101,,72840,9,,,0,102,,72828,9,,,0,100,,72825,9,,,0,102,,72835,9,,,0,100,,72839,9,,,0,101,,72826,9,,,0,171,,72829,9,,,0,130,,72841,9,,,0
8200,'20260323',610,,72859,9,,,0,26,,72842,9,,,0,99,,72863,9,,,0,70,,72849,9,,,0,29,,72858,9,,,0,103,,72850,9,,,0,100,,72857,9,,,0,99,,72851,9,,,0,99,,72843,9,,,0,100,,72852,9,,,0,99,,72856,9,,,0,98,,72853,9,,,0,69,,72844,9,,,0,29,,72845,9,,,0,72,,72846,9,,,0,35,,72847,9,,,0,71,,72854,9,,,0,31,,72855,9,,,0,101,,72861,9,,,0,99,,72860,9,,,0,101,,72862,9,,,0,171,,72848,9,,,0
8200,'20260324',610,,72881,9,,,0,26,,72864,9,,,0,99,,72885,9,,,0,70,,72871,9,,,0,29,,72880,9,,,0,103,,72872,9,,,0,100,,72879,9,,,0,99,,72873,9,,,0,99,,72865,9,,,0,100,,72874,9,,,0,99,,72878,9,,,0,98,,72875,9,,,0,69,,72866,9,,,0,29,,72867,9,,,0,72,,72868,9,,,0,35,,72869,9,,,0,71,,72876,9,,,0,31,,72877,9,,,0,101,,72883,9,,,0,99,,72882,9,,,0,101,,72884,9,,,0,171,,72870,9,,,0
8200,'20260325',610,,72903,9,,,0,26,,72886,9,,,0,99,,72907,9,,,0,70,,72893,9,,,0,29,,72902,9,,,0,103,,72894,9,,,0,100,,72901,9,,,0,99,,72895,9,,,0,99,,72887,9,,,0,100,,72896,9,,,0,99,,72900,9,,,0,98,,72897,9,,,0,69,,72888,9,,,0,29,,72889,9,,,0,72,,72890,9,,,0,35,,72891,9,,,0,71,,72898,9,,,0,31,,72899,9,,,0,101,,72905,9,,,0,99,,72904,9,,,0,101,,72906,9,,,0,171,,72892,9,,,0
8200,'20260326',610,,72925,9,,,0,26,,72908,9,,,0,99,,72929,9,,,0,70,,72915,9,,,0,29,,72924,9,,,0,103,,72916,9,,,0,100,,72923,9,,,0,99,,72917,9,,,0,99,,72909,9,,,0,100,,72918,9,,,0,99,,72922,9,,,0,98,,72919,9,,,0,69,,72910,9,,,0,29,,72911,9,,,0,72,,72912,9,,,0,35,,72913,9,,,0,71,,72920,9,,,0,31,,72921,9,,,0,101,,72927,9,,,0,99,,72926,9,,,0,101,,72928,9,,,0,171,,72914,9,,,0
8200,'20260327',610,,72947,9,,,0,26,,72930,9,,,0,99,,72951,9,,,0,70,,72937,9,,,0,29,,72946,9,,,0,103,,72938,9,,,0,100,,72945,9,,,0,99,,72939,9,,,0,99,,72931,9,,,0,100,,72940,9,,,0,99,,72944,9,,,0,98,,72941,9,,,0,69,,72932,9,,,0,29,,72933,9,,,0,72,,72934,9,,,0,35,,72935,9,,,0,71,,72942,9,,,0,31,,72943,9,,,0,101,,72949,9,,,0,99,,72948,9,,,0,101,,72950,9,,,0,171,,72936,9,,,0
8200,'20260328',641,,72966,9,,,0,100,,72952,9,,,0,99,,72956,9,,,0,98,,72957,9,,,0,100,,72964,9,,,0,100,,72958,9,,,0,98,,72953,9,,,0,100,,72959,9,,,0,100,,72965,9,,,0,100,,72960,9,,,0,101,,72968,9,,,0,102,,72954,9,,,0,100,,72961,9,,,0,102,,72963,9,,,0,100,,72967,9,,,0,101,,72962,9,,,0,171,,72955,9,,,0,130,,72969,9,,,0
8200,'20260329',641,,72982,9,,,0,100,,72983,9,,,0,99,,72979,9,,,0,98,,72984,9,,,0,100,,72978,9,,,0,100,,72980,9,,,0,98,,72973,9,,,0,100,,72970,9,,,0,100,,72976,9,,,0,100,,72977,9,,,0,101,,72986,9,,,0,102,,72974,9,,,0,100,,72971,9,,,0,102,,72981,9,,,0,100,,72985,9,,,0,101,,72972,9,,,0,171,,72975,9,,,0,130,,72987,9,,,0
8200,'20260330',610,,73005,9,,,0,26,,72988,9,,,0,99,,73009,9,,,0,70,,72995,9,,,0,29,,73004,9,,,0,103,,72996,9,,,0,100,,73003,9,,,0,99,,72997,9,,,0,99,,72989,9,,,0,100,,72998,9,,,0,99,,73002,9,,,0,98,,72999,9,,,0,69,,72990,9,,,0,29,,72991,9,,,0,72,,72992,9,,,0,35,,72993,9,,,0,71,,73000,9,,,0,31,,73001,9,,,0,101,,73007,9,,,0,99,,73006,9,,,0,101,,73008,9,,,0,171,,72994,9,,,0
8200,'20260331',610,,73027,9,,,0,26,,73010,9,,,0,99,,73031,9,,,0,70,,73017,9,,,0,29,,73026,9,,,0,103,,73018,9,,,0,100,,73025,9,,,0,99,,73019,9,,,0,99,,73011,9,,,0,100,,73020,9,,,0,99,,73024,9,,,0,98,,73021,9,,,0,69,,73012,9,,,0,29,,73013,9,,,0,72,,73014,9,,,0,35,,73015,9,,,0,71,,73022,9,,,0,31,,73023,9,,,0,101,,73029,9,,,0,99,,73028,9,,,0,101,,73030,9,,,0,171,,73016,9,,,0
8600,'20260317',647,,74062,14,,,0,71,,74063,14,,,0,28,,74064,14,,,0,69,,74065,14,,,0,105,,74066,14,,,0,100,,74067,14,,,0,98,,74068,14,,,0,100,,74069,14,,,0,29,,74070,14,,,0,72,,74071,14,,,0,100,,74072,14,,,0,97,,74073,14,,,0,19,,74080,18,,,0,16,,74081,18,,,0,80,,74082,18,,,0,79,,74083,18,,,0,36,,74084,18,,,0,71,,74074,14,,,0,103,,74075,14,,,0,101,,74076,14,,,0,100,,74077,14,,,0,100,,74078,14,,,0,101,,74079,14,,,0
8600,'20260318',647,,74085,14,,,0,71,,74086,14,,,0,28,,74087,14,,,0,69,,74088,14,,,0,105,,74089,14,,,0,100,,74090,14,,,0,98,,74091,14,,,0,100,,74092,14,,,0,29,,74093,14,,,0,72,,74094,14,,,0,100,,74095,14,,,0,97,,74096,14,,,0,19,,74103,18,,,0,16,,74104,18,,,0,80,,74105,18,,,0,79,,74106,18,,,0,36,,74107,18,,,0,71,,74097,14,,,0,103,,74098,14,,,0,101,,74099,14,,,0,100,,74100,14,,,0,100,,74101,14,,,0,101,,74102,14,,,0
8600,'20260319',647,,74108,14,,,0,71,,74109,14,,,0,28,,74110,14,,,0,69,,74111,14,,,0,105,,74112,14,,,0,100,,74113,14,,,0,98,,74114,14,,,0,100,,74115,14,,,0,29,,74116,14,,,0,72,,74117,14,,,0,100,,74118,14,,,0,97,,74119,14,,,0,19,,74126,18,,,0,16,,74127,18,,,0,80,,74128,18,,,0,79,,74129,18,,,0,36,,74130,18,,,0,71,,74120,14,,,0,103,,74121,14,,,0,101,,74122,14,,,0,100,,74123,14,,,0,100,,74124,14,,,0,101,,74125,14,,,0
8600,'20260320',647,,74131,14,,,0,71,,74132,14,,,0,28,,74133,14,,,0,69,,74134,14,,,0,105,,74135,14,,,0,100,,74136,14,,,0,98,,74137,14,,,0,100,,74138,14,,,0,29,,74139,14,,,0,72,,74140,14,,,0,100,,74141,14,,,0,97,,74142,14,,,0,19,,74149,18,,,0,16,,74150,18,,,0,80,,74151,18,,,0,79,,74152,18,,,0,36,,74153,18,,,0,71,,74143,14,,,0,103,,74144,14,,,0,101,,74145,14,,,0,100,,74146,14,,,0,100,,74147,14,,,0,101,,74148,14,,,0
8600,'20260321',722,,74154,14,,,0,100,,74163,14,,,0,100,,74158,14,,,0,100,,74164,14,,,0,99,,74159,14,,,0,99,,74165,14,,,0,99,,74160,14,,,0,99,,74166,14,,,0,99,,74161,14,,,0,100,,74167,14,,,0,101,,74162,14,,,0,102,,74168,14,,,0,100,,74155,14,,,0,101,,74169,14,,,0,101,,74157,14,,,0,101,,74170,14,,,0,101,,74156,14,,,0,100,,74171,14,,,0
8600,'20260322',722,,74172,14,,,0,100,,74181,14,,,0,100,,74173,14,,,0,100,,74182,14,,,0,99,,74174,14,,,0,99,,74183,14,,,0,99,,74175,14,,,0,99,,74184,14,,,0,99,,74176,14,,,0,100,,74185,14,,,0,101,,74177,14,,,0,102,,74186,14,,,0,100,,74178,14,,,0,101,,74187,14,,,0,101,,74179,14,,,0,101,,74188,14,,,0,101,,74180,14,,,0,100,,74189,14,,,0
8600,'20260323',647,,74191,14,,,0,71,,74190,14,,,0,28,,74192,14,,,0,69,,74193,14,,,0,105,,74194,14,,,0,100,,74207,14,,,0,98,,74196,14,,,0,100,,74197,14,,,0,29,,74212,14,,,0,72,,74198,14,,,0,100,,74208,14,,,0,97,,74195,14,,,0,19,,74199,18,,,0,10,,74200,18,,,0,86,,74201,18,,,0,79,,74202,18,,,0,36,,74203,18,,,0,71,,74209,14,,,0,103,,74204,14,,,0,101,,74210,14,,,0,100,,74205,14,,,0,100,,74211,14,,,0,101,,74206,14,,,0
8600,'20260324',647,,74214,14,,,0,71,,74213,14,,,0,28,,74215,14,,,0,69,,74216,14,,,0,105,,74217,14,,,0,100,,74230,14,,,0,98,,74219,14,,,0,100,,74220,14,,,0,29,,74235,14,,,0,72,,74221,14,,,0,100,,74231,14,,,0,97,,74218,14,,,0,19,,74222,18,,,0,10,,74223,18,,,0,86,,74224,18,,,0,79,,74225,18,,,0,36,,74226,18,,,0,71,,74232,14,,,0,103,,74227,14,,,0,101,,74233,14,,,0,100,,74228,14,,,0,100,,74234,14,,,0,101,,74229,14,,,0
8600,'20260325',647,,74237,14,,,0,71,,74236,14,,,0,28,,74238,14,,,0,69,,74239,14,,,0,105,,74240,14,,,0,100,,74253,14,,,0,98,,74242,14,,,0,100,,74243,14,,,0,29,,74258,14,,,0,72,,74244,14,,,0,100,,74254,14,,,0,97,,74241,14,,,0,19,,74245,18,,,0,10,,74246,18,,,0,86,,74247,18,,,0,79,,74248,18,,,0,36,,74249,18,,,0,71,,74255,14,,,0,103,,74250,14,,,0,101,,74256,14,,,0,100,,74251,14,,,0,100,,74257,14,,,0,101,,74252,14,,,0
8600,'20260326',647,,74260,14,,,0,71,,74259,14,,,0,28,,74261,14,,,0,69,,74262,14,,,0,105,,74263,14,,,0,100,,74276,14,,,0,98,,74265,14,,,0,100,,74266,14,,,0,29,,74281,14,,,0,72,,74267,14,,,0,100,,74277,14,,,0,97,,74264,14,,,0,19,,74268,18,,,0,10,,74269,18,,,0,86,,74270,18,,,0,79,,74271,18,,,0,36,,74272,18,,,0,71,,74278,14,,,0,103,,74273,14,,,0,101,,74279,14,,,0,100,,74274,14,,,0,100,,74280,14,,,0,101,,74275,14,,,0
8600,'20260327',647,,74283,14,,,0,71,,74282,14,,,0,28,,74284,14,,,0,69,,74285,14,,,0,105,,74286,14,,,0,100,,74299,14,,,0,98,,74288,14,,,0,100,,74289,14,,,0,29,,74304,14,,,0,72,,74290,14,,,0,100,,74300,14,,,0,97,,74287,14,,,0,19,,74291,18,,,0,10,,74292,18,,,0,86,,74293,18,,,0,79,,74294,18,,,0,36,,74295,18,,,0,71,,74301,14,,,0,103,,74296,14,,,0,101,,74302,14,,,0,100,,74297,14,,,0,100,,74303,14,,,0,101,,74298,14,,,0
8600,'20260328',722,,74305,14,,,0,100,,74314,14,,,0,100,,74309,14,,,0,100,,74315,14,,,0,99,,74310,14,,,0,99,,74316,14,,,0,99,,74311,14,,,0,99,,74317,14,,,0,99,,74312,14,,,0,100,,74318,14,,,0,101,,74313,14,,,0,102,,74319,14,,,0,100,,74306,14,,,0,101,,74320,14,,,0,101,,74308,14,,,0,101,,74321,14,,,0,101,,74307,14,,,0,100,,74322,14,,,0
8600,'20260329',722,,74323,14,,,0,100,,74332,14,,,0,100,,74324,14,,,0,100,,74333,14,,,0,99,,74325,14,,,0,99,,74334,14,,,0,99,,74326,14,,,0,99,,74335,14,,,0,99,,74327,14,,,0,100,,74336,14,,,0,101,,74328,14,,,0,102,,74337,14,,,0,100,,74329,14,,,0,101,,74338,14,,,0,101,,74330,14,,,0,101,,74339,14,,,0,101,,74331,14,,,0,100,,74340,14,,,0
8600,'20260330',647,,74342,14,,,0,71,,74341,14,,,0,28,,74343,14,,,0,69,,74344,14,,,0,105,,74345,14,,,0,100,,74358,14,,,0,98,,74347,14,,,0,100,,74348,14,,,0,29,,74363,14,,,0,72,,74349,14,,,0,100,,74359,14,,,0,97,,74346,14,,,0,19,,74350,18,,,0,10,,74351,18,,,0,86,,74352,18,,,0,79,,74353,18,,,0,36,,74354,18,,,0,71,,74360,14,,,0,103,,74355,14,,,0,101,,74361,14,,,0,100,,74356,14,,,0,100,,74362,14,,,0,101,,74357,14,,,0
8600,'20260331',647,,74365,14,,,0,71,,74364,14,,,0,28,,74366,14,,,0,69,,74367,14,,,0,105,,74368,14,,,0,100,,74381,14,,,0,98,,74370,14,,,0,100,,74371,14,,,0,29,,74386,14,,,0,72,,74372,14,,,0,100,,74382,14,,,0,97,,74369,14,,,0,19,,74373,18,,,0,10,,74374,18,,,0,86,,74375,18,,,0,79,,74376,18,,,0,36,,74377,18,,,0,71,,74383,14,,,0,103,,74378,14,,,0,101,,74384,14,,,0,100,,74379,14,,,0,100,,74385,14,,,0,101,,74380,14,,,0
98200,'20260320',2540,,102989,12,,,0
98200,'20260321',2540,,102990,12,,,0
98200,'20260327',2540,,102991,12,,,0
98200,'20260328',2540,,102992,12,,,0
