6102,'20260331',611,,157676,8,,,1,30,,157677,8,,,1,71,,157678,8,,,1,30,,157679,8,,,1,70,,157680,8,,,1,30,,157681,8,,,1,70,,157682,8,,,1,30,,157683,8,,,1,71,,157684,8,,,1,30,,157685,8,,,1,70,,157686,8,,,1,30,,157687,8,,,1,70,,157688,8,,,1,30,,157689,8,,,1,70,,157690,8,,,1,30,,157691,8,,,1,70,,157692,8,,,1,30,,157693,8,,,1,70,,157694,8,,,1,30,,157695,8,,,1,70,,157696,8,,,1,30,,157697,8,,,1,70,,157698,8,,,1,29,,157699,8,,,1,70,,157700,8,,,1,100,,157701,8,,,1,100,,157702,8,,,1,100,,157703,8,,,1,30,,157704,8,,,1,69,,157705,8,,,1,100,,157706,8,,,1
6102,'20260401',611,,157707,8,,,1,30,,157708,8,,,1,71,,157709,8,,,1,30,,157710,8,,,1,70,,157711,8,,,1,30,,157712,8,,,1,70,,157713,8,,,1,30,,157714,8,,,1,71,,157715,8,,,1,30,,157716,8,,,1,70,,157717,8,,,1,30,,157718,8,,,1,70,,157719,8,,,1,30,,157720,8,,,1,70,,157721,8,,,1,30,,157722,8,,,1,70,,157723,8,,,1,30,,157724,8,,,1,70,,157725,8,,,1,30,,157726,8,,,1,70,,157727,8,,,1,30,,157728,8,,,1,70,,157729,8,,,1,29,,157730,8,,,1,70,,157731,8,,,1,100,,157732,8,,,1,100,,157733,8,,,1,100,,157734,8,,,1,30,,157735,8,,,1,69,,157736,8,,,1,100,,157737,8,,,1
6102,'20260402',611,,157738,8,,,1,30,,157739,8,,,1,71,,157740,8,,,1,30,,157741,8,,,1,70,,157742,8,,,1,30,,157743,8,,,1,70,,157744,8,,,1,30,,157745,8,,,1,71,,157746,8,,,1,30,,157747,8,,,1,70,,157748,8,,,1,30,,157749,8,,,1,70,,157750,8,,,1,30,,157751,8,,,1,70,,157752,8,,,1,30,,157753,8,,,1,70,,157754,8,,,1,30,,157755,8,,,1,70,,157756,8,,,1,30,,157757,8,,,1,70,,157758,8,,,1,30,,157759,8,,,1,70,,157760,8,,,1,29,,157761,8,,,1,70,,157762,8,,,1,100,,157763,8,,,1,100,,157764,8,,,1,100,,157765,8,,,1,30,,157766,8,,,1,69,,157767,8,,,1,100,,157768,8,,,1
6102,'20260403',711,,157769,8,,,1,100,,157770,8,,,1,30,,157771,8,,,1,70,,157772,8,,,1,101,,157773,8,,,1,101,,157774,8,,,1,30,,157775,8,,,1,70,,157776,8,,,1,30,,157777,8,,,1,70,,157778,8,,,1,30,,157779,8,,,1,70,,157780,8,,,1,30,,157781,8,,,1,70,,157782,8,,,1,30,,157783,8,,,1,70,,157784,8,,,1,30,,157785,8,,,1,70,,157786,8,,,1,30,,157787,8,,,1,69,,157788,8,,,1,100,,157789,8,,,1,99,,157790,8,,,1,100,,157791,8,,,1,100,,157792,8,,,1,100,,157793,8,,,1
6102,'20260404',711,,116166,8,,,1,100,,116167,8,,,1,30,,116183,8,,,1,70,,116168,8,,,1,101,,116169,8,,,1,101,,116170,8,,,1,30,,116184,8,,,1,70,,116171,8,,,1,30,,116185,8,,,1,70,,116172,8,,,1,30,,116186,8,,,1,70,,116173,8,,,1,30,,116187,8,,,1,70,,116174,8,,,1,30,,116188,8,,,1,70,,116175,8,,,1,30,,116189,8,,,1,70,,116176,8,,,1,30,,116190,8,,,1,69,,116177,8,,,1,100,,116178,8,,,1,99,,116179,8,,,1,100,,116180,8,,,1,100,,116181,8,,,1,100,,116182,8,,,1
6102,'20260405',711,,116191,8,,,1,100,,116192,8,,,1,30,,116208,8,,,1,70,,116193,8,,,1,101,,116194,8,,,1,101,,116195,8,,,1,30,,116209,8,,,1,70,,116196,8,,,1,30,,116210,8,,,1,70,,116197,8,,,1,30,,116211,8,,,1,70,,116198,8,,,1,30,,116212,8,,,1,70,,116199,8,,,1,30,,116213,8,,,1,70,,116200,8,,,1,30,,116214,8,,,1,70,,116201,8,,,1,30,,116215,8,,,1,69,,116202,8,,,1,100,,116203,8,,,1,99,,116204,8,,,1,100,,116205,8,,,1,100,,116206,8,,,1,100,,116207,8,,,1
6102,'20260406',711,,116216,8,,,1,100,,116217,8,,,1,30,,116233,8,,,1,70,,116218,8,,,1,101,,116219,8,,,1,101,,116220,8,,,1,30,,116234,8,,,1,70,,116221,8,,,1,30,,116235,8,,,1,70,,116222,8,,,1,30,,116236,8,,,1,70,,116223,8,,,1,30,,116237,8,,,1,70,,116224,8,,,1,30,,116238,8,,,1,70,,116225,8,,,1,30,,116239,8,,,1,70,,116226,8,,,1,30,,116240,8,,,1,69,,116227,8,,,1,100,,116228,8,,,1,99,,116229,8,,,1,100,,116230,8,,,1,100,,116231,8,,,1,100,,116232,8,,,1
6102,'20260407',611,,157794,8,,,1,30,,157795,8,,,1,71,,157796,8,,,1,30,,157797,8,,,1,70,,157798,8,,,1,30,,157799,8,,,1,70,,157800,8,,,1,30,,157818,8,,,1,71,,157801,8,,,1,30,,157819,8,,,1,70,,157802,8,,,1,30,,157820,8,,,1,70,,157803,8,,,1,30,,157821,8,,,1,70,,157804,8,,,1,30,,157822,8,,,1,70,,157805,8,,,1,30,,157823,8,,,1,70,,157806,8,,,1,30,,157824,8,,,1,70,,157807,8,,,1,30,,157808,8,,,1,70,,157809,8,,,1,29,,157810,8,,,1,70,,157811,8,,,1,100,,157812,8,,,1,100,,157813,8,,,1,100,,157814,8,,,1,30,,157817,8,,,1,69,,157815,8,,,1,100,,157816,8,,,1
6102,'20260408',611,,157825,8,,,1,30,,157826,8,,,1,71,,157827,8,,,1,30,,157828,8,,,1,70,,157829,8,,,1,30,,157830,8,,,1,70,,157831,8,,,1,30,,157849,8,,,1,71,,157832,8,,,1,30,,157850,8,,,1,70,,157833,8,,,1,30,,157851,8,,,1,70,,157834,8,,,1,30,,157852,8,,,1,70,,157835,8,,,1,30,,157853,8,,,1,70,,157836,8,,,1,30,,157854,8,,,1,70,,157837,8,,,1,30,,157855,8,,,1,70,,157838,8,,,1,30,,157839,8,,,1,70,,157840,8,,,1,29,,157841,8,,,1,70,,157842,8,,,1,100,,157843,8,,,1,100,,157844,8,,,1,100,,157845,8,,,1,30,,157848,8,,,1,69,,157846,8,,,1,100,,157847,8,,,1
6102,'20260409',611,,157856,8,,,1,30,,157857,8,,,1,71,,157858,8,,,1,30,,157859,8,,,1,70,,157860,8,,,1,30,,157861,8,,,1,70,,157862,8,,,1,30,,157880,8,,,1,71,,157863,8,,,1,30,,157881,8,,,1,70,,157864,8,,,1,30,,157882,8,,,1,70,,157865,8,,,1,30,,157883,8,,,1,70,,157866,8,,,1,30,,157884,8,,,1,70,,157867,8,,,1,30,,157885,8,,,1,70,,157868,8,,,1,30,,157886,8,,,1,70,,157869,8,,,1,30,,157870,8,,,1,70,,157871,8,,,1,29,,157872,8,,,1,70,,157873,8,,,1,100,,157874,8,,,1,100,,157875,8,,,1,100,,157876,8,,,1,30,,157879,8,,,1,69,,157877,8,,,1,100,,157878,8,,,1
6102,'20260410',611,,157887,8,,,1,30,,157888,8,,,1,71,,157889,8,,,1,30,,157890,8,,,1,70,,157891,8,,,1,30,,157892,8,,,1,70,,157893,8,,,1,30,,157911,8,,,1,71,,157894,8,,,1,30,,157912,8,,,1,70,,157895,8,,,1,30,,157913,8,,,1,70,,157896,8,,,1,30,,157914,8,,,1,70,,157897,8,,,1,30,,157915,8,,,1,70,,157898,8,,,1,30,,157916,8,,,1,70,,157899,8,,,1,30,,157917,8,,,1,70,,157900,8,,,1,30,,157901,8,,,1,70,,157902,8,,,1,29,,157903,8,,,1,70,,157904,8,,,1,100,,157905,8,,,1,100,,157906,8,,,1,100,,157907,8,,,1,30,,157910,8,,,1,69,,157908,8,,,1,100,,157909,8,,,1
6102,'20260411',711,,157918,8,,,1,100,,157919,8,,,1,30,,157935,8,,,1,70,,157920,8,,,1,101,,157921,8,,,1,101,,157922,8,,,1,30,,157936,8,,,1,70,,157923,8,,,1,30,,157937,8,,,1,70,,157924,8,,,1,30,,157938,8,,,1,70,,157925,8,,,1,30,,157939,8,,,1,70,,157926,8,,,1,30,,157940,8,,,1,70,,157927,8,,,1,30,,157941,8,,,1,70,,157928,8,,,1,30,,157942,8,,,1,69,,157929,8,,,1,100,,157930,8,,,1,99,,157931,8,,,1,100,,157932,8,,,1,100,,157933,8,,,1,100,,157934,8,,,1
6102,'20260412',711,,157943,8,,,1,100,,157944,8,,,1,30,,157960,8,,,1,70,,157945,8,,,1,101,,157946,8,,,1,101,,157947,8,,,1,30,,157961,8,,,1,70,,157948,8,,,1,30,,157962,8,,,1,70,,157949,8,,,1,30,,157963,8,,,1,70,,157950,8,,,1,30,,157964,8,,,1,70,,157951,8,,,1,30,,157965,8,,,1,70,,157952,8,,,1,30,,157966,8,,,1,70,,157953,8,,,1,30,,157967,8,,,1,69,,157954,8,,,1,100,,157955,8,,,1,99,,157956,8,,,1,100,,157957,8,,,1,100,,157958,8,,,1,100,,157959,8,,,1
6102,'20260413',611,,157968,8,,,1,30,,157969,8,,,1,71,,157970,8,,,1,30,,157971,8,,,1,70,,157972,8,,,1,30,,157973,8,,,1,70,,157974,8,,,1,30,,157992,8,,,1,71,,157975,8,,,1,30,,157993,8,,,1,70,,157976,8,,,1,30,,157994,8,,,1,70,,157977,8,,,1,30,,157995,8,,,1,70,,157978,8,,,1,30,,157996,8,,,1,70,,157979,8,,,1,30,,157997,8,,,1,70,,157980,8,,,1,30,,157998,8,,,1,70,,157981,8,,,1,30,,157982,8,,,1,70,,157983,8,,,1,29,,157984,8,,,1,70,,157985,8,,,1,100,,157986,8,,,1,100,,157987,8,,,1,100,,157988,8,,,1,30,,157991,8,,,1,69,,157989,8,,,1,100,,157990,8,,,1
6102,'20260414',611,,157999,8,,,1,30,,158000,8,,,1,71,,158001,8,,,1,30,,158002,8,,,1,70,,158003,8,,,1,30,,158004,8,,,1,70,,158005,8,,,1,30,,158023,8,,,1,71,,158006,8,,,1,30,,158024,8,,,1,70,,158007,8,,,1,30,,158025,8,,,1,70,,158008,8,,,1,30,,158026,8,,,1,70,,158009,8,,,1,30,,158027,8,,,1,70,,158010,8,,,1,30,,158028,8,,,1,70,,158011,8,,,1,30,,158029,8,,,1,70,,158012,8,,,1,30,,158013,8,,,1,70,,158014,8,,,1,29,,158015,8,,,1,70,,158016,8,,,1,100,,158017,8,,,1,100,,158018,8,,,1,100,,158019,8,,,1,30,,158022,8,,,1,69,,158020,8,,,1,100,,158021,8,,,1
8200,'20260331',621,,163538,22,,,0,27,,163539,22,,,0,99,,163540,22,,,0,70,,163541,22,,,0,29,,163542,22,,,0,101,,163543,22,,,0,100,,163544,22,,,0,100,,163545,22,,,0,99,,163546,22,,,0,100,,163547,22,,,0,99,,163548,22,,,0,100,,163549,22,,,0,69,,163550,22,,,0,30,,163551,22,,,0,70,,163552,22,,,0,34,,163553,22,,,0,70,,163554,22,,,0,30,,163555,22,,,0,100,,163556,22,,,0,99,,163557,22,,,0,101,,163558,22,,,0,171,,163559,22,,,0
8200,'20260401',621,,163560,22,,,0,27,,163561,22,,,0,99,,163562,22,,,0,70,,163563,22,,,0,29,,163564,22,,,0,101,,163565,22,,,0,100,,163566,22,,,0,100,,163567,22,,,0,99,,163568,22,,,0,100,,163569,22,,,0,99,,163570,22,,,0,100,,163571,22,,,0,69,,163572,22,,,0,30,,163573,22,,,0,70,,163574,22,,,0,34,,163575,22,,,0,70,,163576,22,,,0,30,,163577,22,,,0,100,,163578,22,,,0,99,,163579,22,,,0,101,,163580,22,,,0,171,,163581,22,,,0
8200,'20260402',621,,163582,22,,,0,27,,163583,22,,,0,99,,163584,22,,,0,70,,163585,22,,,0,29,,163586,22,,,0,101,,163587,22,,,0,100,,163588,22,,,0,100,,163589,22,,,0,99,,163590,22,,,0,100,,163591,22,,,0,99,,163592,22,,,0,100,,163593,22,,,0,69,,163594,22,,,0,30,,163595,22,,,0,70,,163596,22,,,0,34,,163597,22,,,0,70,,163598,22,,,0,30,,163599,22,,,0,100,,163600,22,,,0,99,,163601,22,,,0,101,,163602,22,,,0,171,,163603,22,,,0
8200,'20260403',650,,163604,22,,,0,100,,163605,22,,,0,99,,163606,22,,,0,98,,163607,22,,,0,100,,163608,22,,,0,100,,163609,22,,,0,99,,163610,22,,,0,100,,163611,22,,,0,100,,163612,22,,,0,100,,163613,22,,,0,101,,163614,22,,,0,101,,163615,22,,,0,100,,163616,22,,,0,101,,163617,22,,,0,100,,163618,22,,,0,101,,163619,22,,,0,170,,163620,22,,,0,130,,163621,22,,,0
8200,'20260404',650,,121362,22,,,0,100,,121348,22,,,0,99,,121352,22,,,0,98,,121353,22,,,0,100,,121360,22,,,0,100,,121354,22,,,0,99,,121349,22,,,0,100,,121355,22,,,0,100,,121361,22,,,0,100,,121356,22,,,0,101,,121364,22,,,0,101,,121350,22,,,0,100,,121357,22,,,0,101,,121359,22,,,0,100,,121363,22,,,0,101,,121358,22,,,0,170,,121351,22,,,0,130,,121365,22,,,0
8200,'20260405',650,,121378,22,,,0,100,,121379,22,,,0,99,,121375,22,,,0,98,,121380,22,,,0,100,,121374,22,,,0,100,,121376,22,,,0,99,,121369,22,,,0,100,,121366,22,,,0,100,,121372,22,,,0,100,,121373,22,,,0,101,,121382,22,,,0,101,,121370,22,,,0,100,,121367,22,,,0,101,,121377,22,,,0,100,,121381,22,,,0,101,,121368,22,,,0,170,,121371,22,,,0,130,,121383,22,,,0
8200,'20260406',650,,121396,22,,,0,100,,121397,22,,,0,99,,121393,22,,,0,98,,121398,22,,,0,100,,121392,22,,,0,100,,121394,22,,,0,99,,121387,22,,,0,100,,121384,22,,,0,100,,121390,22,,,0,100,,121391,22,,,0,101,,121400,22,,,0,101,,121388,22,,,0,100,,121385,22,,,0,101,,121395,22,,,0,100,,121399,22,,,0,101,,121386,22,,,0,170,,121389,22,,,0,130,,121401,22,,,0
8200,'20260407',621,,163639,22,,,0,27,,163622,22,,,0,99,,163643,22,,,0,70,,163629,22,,,0,29,,163638,22,,,0,101,,163630,22,,,0,100,,163637,22,,,0,100,,163631,22,,,0,99,,163623,22,,,0,100,,163632,22,,,0,99,,163636,22,,,0,100,,163633,22,,,0,69,,163624,22,,,0,30,,163625,22,,,0,70,,163626,22,,,0,34,,163627,22,,,0,70,,163634,22,,,0,30,,163635,22,,,0,100,,163641,22,,,0,99,,163640,22,,,0,101,,163642,22,,,0,171,,163628,22,,,0
8200,'20260408',621,,163661,22,,,0,27,,163644,22,,,0,99,,163665,22,,,0,70,,163651,22,,,0,29,,163660,22,,,0,101,,163652,22,,,0,100,,163659,22,,,0,100,,163653,22,,,0,99,,163645,22,,,0,100,,163654,22,,,0,99,,163658,22,,,0,100,,163655,22,,,0,69,,163646,22,,,0,30,,163647,22,,,0,70,,163648,22,,,0,34,,163649,22,,,0,70,,163656,22,,,0,30,,163657,22,,,0,100,,163663,22,,,0,99,,163662,22,,,0,101,,163664,22,,,0,171,,163650,22,,,0
8200,'20260409',621,,163683,22,,,0,27,,163666,22,,,0,99,,163687,22,,,0,70,,163673,22,,,0,29,,163682,22,,,0,101,,163674,22,,,0,100,,163681,22,,,0,100,,163675,22,,,0,99,,163667,22,,,0,100,,163676,22,,,0,99,,163680,22,,,0,100,,163677,22,,,0,69,,163668,22,,,0,30,,163669,22,,,0,70,,163670,22,,,0,34,,163671,22,,,0,70,,163678,22,,,0,30,,163679,22,,,0,100,,163685,22,,,0,99,,163684,22,,,0,101,,163686,22,,,0,171,,163672,22,,,0
8200,'20260410',621,,163705,22,,,0,27,,163688,22,,,0,99,,163709,22,,,0,70,,163695,22,,,0,29,,163704,22,,,0,101,,163696,22,,,0,100,,163703,22,,,0,100,,163697,22,,,0,99,,163689,22,,,0,100,,163698,22,,,0,99,,163702,22,,,0,100,,163699,22,,,0,69,,163690,22,,,0,30,,163691,22,,,0,70,,163692,22,,,0,34,,163693,22,,,0,70,,163700,22,,,0,30,,163701,22,,,0,100,,163707,22,,,0,99,,163706,22,,,0,101,,163708,22,,,0,171,,163694,22,,,0
8200,'20260411',650,,163724,22,,,0,100,,163710,22,,,0,99,,163714,22,,,0,98,,163715,22,,,0,100,,163722,22,,,0,100,,163716,22,,,0,99,,163711,22,,,0,100,,163717,22,,,0,100,,163723,22,,,0,100,,163718,22,,,0,101,,163726,22,,,0,101,,163712,22,,,0,100,,163719,22,,,0,101,,163721,22,,,0,100,,163725,22,,,0,101,,163720,22,,,0,170,,163713,22,,,0,130,,163727,22,,,0
8200,'20260412',650,,163740,22,,,0,100,,163741,22,,,0,99,,163737,22,,,0,98,,163742,22,,,0,100,,163736,22,,,0,100,,163738,22,,,0,99,,163731,22,,,0,100,,163728,22,,,0,100,,163734,22,,,0,100,,163735,22,,,0,101,,163744,22,,,0,101,,163732,22,,,0,100,,163729,22,,,0,101,,163739,22,,,0,100,,163743,22,,,0,101,,163730,22,,,0,170,,163733,22,,,0,130,,163745,22,,,0
8200,'20260413',621,,163763,22,,,0,27,,163746,22,,,0,99,,163767,22,,,0,70,,163753,22,,,0,29,,163762,22,,,0,101,,163754,22,,,0,100,,163761,22,,,0,100,,163755,22,,,0,99,,163747,22,,,0,100,,163756,22,,,0,99,,163760,22,,,0,100,,163757,22,,,0,69,,163748,22,,,0,30,,163749,22,,,0,70,,163750,22,,,0,34,,163751,22,,,0,70,,163758,22,,,0,30,,163759,22,,,0,100,,163765,22,,,0,99,,163764,22,,,0,101,,163766,22,,,0,171,,163752,22,,,0
8200,'20260414',621,,163785,22,,,0,27,,163768,22,,,0,99,,163789,22,,,0,70,,163775,22,,,0,29,,163784,22,,,0,101,,163776,22,,,0,100,,163783,22,,,0,100,,163777,22,,,0,99,,163769,22,,,0,100,,163778,22,,,0,99,,163782,22,,,0,100,,163779,22,,,0,69,,163770,22,,,0,30,,163771,22,,,0,70,,163772,22,,,0,34,,163773,22,,,0,70,,163780,22,,,0,30,,163781,22,,,0,100,,163787,22,,,0,99,,163786,22,,,0,101,,163788,22,,,0,171,,163774,22,,,0
98200,'20260403',2548,,188780,25,,,0
98200,'20260404',2548,,143218,25,,,0
98200,'20260410',2548,,188781,25,,,0
98200,'20260411',2548,,188782,25,,,0
