1802,'20260308',707,,5473,11,,,0,100,,5474,11,,,0,101,,5475,11,,,0,100,,5476,11,,,0,101,,5477,11,,,0,100,,5478,11,,,0,99,,5479,11,,,0,101,,5480,11,,,0,100,,5481,11,,,0,101,,5482,11,,,0,99,,5483,11,,,0,101,,5484,11,,,0,101,,5485,11,,,0,96,,5486,11,,,0,100,,5487,11,,,0,100,,5488,11,,,0,99,,5489,11,,,0
1802,'20260309',629,,5490,11,,,0,24,,5491,11,,,0,56,,5492,11,,,0,16,,5493,11,,,0,16,,5494,11,,,0,13,,5495,11,,,0,73,,5496,11,,,0,31,,5497,11,,,0,71,,5498,11,,,0,72,,5499,11,,,0,29,,5500,11,,,0,29,,5501,11,,,0,70,,5502,11,,,0,20,,5503,11,,,0,60,,5504,11,,,0,21,,5505,11,,,0,71,,5506,11,,,0,30,,5507,11,,,0,70,,5508,11,,,0,30,,5509,11,,,0,70,,5510,11,,,0,9,,5511,11,,,0,9,,5512,11,,,0,13,,5513,11,,,0,8,,5514,11,,,0,10,,5515,11,,,0,54,,5516,11,,,0,13,,5517,11,,,0,18,,5518,11,,,0,13,,5519,11,,,0,55,,5520,11,,,0,16,,5521,11,,,0,14,,5522,11,,,0,14,,5523,11,,,0,55,,5524,11,,,0,15,,5525,11,,,0,14,,5526,11,,,0,69,,5527,11,,,0,31,,5528,11,,,0,99,,5529,11,,,0,98,,5530,11,,,0,98,,5531,11,,,0,98,,5532,11,,,0,98,,5533,11,,,0
1802,'20260310',629,,5534,11,,,0,24,,5535,11,,,0,56,,5536,11,,,0,16,,5537,11,,,0,16,,5538,11,,,0,13,,5539,11,,,0,73,,5540,11,,,0,31,,5541,11,,,0,71,,5542,11,,,0,72,,5543,11,,,0,29,,5544,11,,,0,29,,5545,11,,,0,70,,5546,11,,,0,20,,5547,11,,,0,60,,5548,11,,,0,21,,5549,11,,,0,71,,5550,11,,,0,30,,5551,11,,,0,70,,5552,11,,,0,30,,5553,11,,,0,70,,5554,11,,,0,9,,5555,11,,,0,9,,5556,11,,,0,13,,5557,11,,,0,8,,5558,11,,,0,10,,5559,11,,,0,54,,5560,11,,,0,13,,5561,11,,,0,18,,5562,11,,,0,13,,5563,11,,,0,55,,5564,11,,,0,16,,5565,11,,,0,14,,5566,11,,,0,14,,5567,11,,,0,55,,5568,11,,,0,15,,5569,11,,,0,14,,5570,11,,,0,69,,5571,11,,,0,31,,5572,11,,,0,99,,5573,11,,,0,98,,5574,11,,,0,98,,5575,11,,,0,98,,5576,11,,,0,98,,5577,11,,,0
1802,'20260311',629,,5578,11,,,0,24,,5579,11,,,0,56,,5580,11,,,0,16,,5581,11,,,0,16,,5582,11,,,0,13,,5583,11,,,0,73,,5584,11,,,0,31,,5585,11,,,0,71,,5586,11,,,0,72,,5587,11,,,0,29,,5588,11,,,0,29,,5589,11,,,0,70,,5590,11,,,0,20,,5591,11,,,0,60,,5592,11,,,0,21,,5593,11,,,0,71,,5594,11,,,0,30,,5595,11,,,0,70,,5596,11,,,0,30,,5597,11,,,0,70,,5598,11,,,0,9,,5599,11,,,0,9,,5600,11,,,0,13,,5601,11,,,0,8,,5602,11,,,0,10,,5603,11,,,0,54,,5604,11,,,0,13,,5605,11,,,0,18,,5606,11,,,0,13,,5607,11,,,0,55,,5608,11,,,0,16,,5609,11,,,0,14,,5610,11,,,0,14,,5611,11,,,0,55,,5612,11,,,0,15,,5613,11,,,0,14,,5614,11,,,0,69,,5615,11,,,0,31,,5616,11,,,0,99,,5617,11,,,0,98,,5618,11,,,0,98,,5619,11,,,0,98,,5620,11,,,0,98,,5621,11,,,0
1802,'20260312',629,,5622,11,,,0,24,,5623,11,,,0,56,,5624,11,,,0,16,,5625,11,,,0,16,,5626,11,,,0,13,,5627,11,,,0,73,,5628,11,,,0,31,,5629,11,,,0,71,,5630,11,,,0,72,,5631,11,,,0,29,,5632,11,,,0,29,,5633,11,,,0,70,,5634,11,,,0,20,,5635,11,,,0,60,,5636,11,,,0,21,,5637,11,,,0,71,,5638,11,,,0,30,,5639,11,,,0,70,,5640,11,,,0,30,,5641,11,,,0,70,,5642,11,,,0,9,,5643,11,,,0,9,,5644,11,,,0,13,,5645,11,,,0,8,,5646,11,,,0,10,,5647,11,,,0,54,,5648,11,,,0,13,,5649,11,,,0,18,,5650,11,,,0,13,,5651,11,,,0,55,,5652,11,,,0,16,,5653,11,,,0,14,,5654,11,,,0,14,,5655,11,,,0,55,,5656,11,,,0,15,,5657,11,,,0,14,,5658,11,,,0,69,,5659,11,,,0,31,,5660,11,,,0,99,,5661,11,,,0,98,,5662,11,,,0,98,,5663,11,,,0,98,,5664,11,,,0,98,,5665,11,,,0
1802,'20260313',629,,5666,11,,,0,24,,5667,11,,,0,56,,5668,11,,,0,16,,5669,11,,,0,16,,5670,11,,,0,13,,5671,11,,,0,73,,5672,11,,,0,31,,5673,11,,,0,71,,5674,11,,,0,72,,5675,11,,,0,29,,5676,11,,,0,29,,5677,11,,,0,70,,5678,11,,,0,20,,5679,11,,,0,60,,5680,11,,,0,21,,5681,11,,,0,71,,5682,11,,,0,30,,5683,11,,,0,70,,5684,11,,,0,30,,5685,11,,,0,70,,5686,11,,,0,9,,5687,11,,,0,9,,5688,11,,,0,13,,5689,11,,,0,8,,5690,11,,,0,10,,5691,11,,,0,54,,5692,11,,,0,13,,5693,11,,,0,18,,5694,11,,,0,13,,5695,11,,,0,55,,5696,11,,,0,16,,5697,11,,,0,14,,5698,11,,,0,14,,5699,11,,,0,55,,5700,11,,,0,15,,5701,11,,,0,14,,5702,11,,,0,69,,5703,11,,,0,31,,5704,11,,,0,99,,5705,11,,,0,98,,5706,11,,,0,98,,5707,11,,,0,98,,5708,11,,,0,98,,5709,11,,,0
1802,'20260314',707,,5725,11,,,0,100,,5711,11,,,0,101,,5712,11,,,0,100,,5713,11,,,0,101,,5714,11,,,0,100,,5715,11,,,0,99,,5716,11,,,0,101,,5717,11,,,0,100,,5718,11,,,0,101,,5719,11,,,0,99,,5720,11,,,0,101,,5721,11,,,0,101,,5722,11,,,0,96,,5723,11,,,0,100,,5724,11,,,0,100,,5710,11,,,0,99,,5726,11,,,0
1802,'20260315',707,,5742,11,,,0,100,,5728,11,,,0,101,,5729,11,,,0,100,,5730,11,,,0,101,,5731,11,,,0,100,,5732,11,,,0,99,,5733,11,,,0,101,,5734,11,,,0,100,,5735,11,,,0,101,,5736,11,,,0,99,,5737,11,,,0,101,,5738,11,,,0,101,,5739,11,,,0,96,,5740,11,,,0,100,,5741,11,,,0,100,,5727,11,,,0,99,,5743,11,,,0
1802,'20260316',629,,5744,11,,,0,24,,5745,11,,,0,56,,5777,11,,,0,16,,5746,11,,,0,16,,5778,11,,,0,13,,5747,11,,,0,73,,5748,11,,,0,31,,5749,11,,,0,71,,5750,11,,,0,72,,5751,11,,,0,29,,5752,11,,,0,29,,5753,11,,,0,70,,5784,11,,,0,20,,5754,11,,,0,60,,5755,11,,,0,21,,5756,11,,,0,71,,5757,11,,,0,30,,5758,11,,,0,70,,5759,11,,,0,30,,5760,11,,,0,70,,5761,11,,,0,9,,5780,11,,,0,9,,5785,11,,,0,13,,5762,11,,,0,8,,5781,11,,,0,10,,5786,11,,,0,54,,5763,11,,,0,13,,5782,11,,,0,18,,5764,11,,,0,13,,5783,11,,,0,55,,5765,11,,,0,16,,5766,11,,,0,14,,5767,11,,,0,14,,5768,11,,,0,55,,5769,11,,,0,15,,5770,11,,,0,14,,5771,11,,,0,69,,5779,11,,,0,31,,5787,11,,,0,99,,5775,11,,,0,98,,5773,11,,,0,98,,5776,11,,,0,98,,5772,11,,,0,98,,5774,11,,,0
1802,'20260317',629,,5788,11,,,0,24,,5789,11,,,0,56,,5821,11,,,0,16,,5790,11,,,0,16,,5822,11,,,0,13,,5791,11,,,0,73,,5792,11,,,0,31,,5793,11,,,0,71,,5794,11,,,0,72,,5795,11,,,0,29,,5796,11,,,0,29,,5797,11,,,0,70,,5828,11,,,0,20,,5798,11,,,0,60,,5799,11,,,0,21,,5800,11,,,0,71,,5801,11,,,0,30,,5802,11,,,0,70,,5803,11,,,0,30,,5804,11,,,0,70,,5805,11,,,0,9,,5824,11,,,0,9,,5829,11,,,0,13,,5806,11,,,0,8,,5825,11,,,0,10,,5830,11,,,0,54,,5807,11,,,0,13,,5826,11,,,0,18,,5808,11,,,0,13,,5827,11,,,0,55,,5809,11,,,0,16,,5810,11,,,0,14,,5811,11,,,0,14,,5812,11,,,0,55,,5813,11,,,0,15,,5814,11,,,0,14,,5815,11,,,0,69,,5823,11,,,0,31,,5831,11,,,0,99,,5819,11,,,0,98,,5817,11,,,0,98,,5820,11,,,0,98,,5816,11,,,0,98,,5818,11,,,0
1802,'20260318',629,,5832,11,,,0,24,,5833,11,,,0,56,,5865,11,,,0,16,,5834,11,,,0,16,,5866,11,,,0,13,,5835,11,,,0,73,,5836,11,,,0,31,,5837,11,,,0,71,,5838,11,,,0,72,,5839,11,,,0,29,,5840,11,,,0,29,,5841,11,,,0,70,,5872,11,,,0,20,,5842,11,,,0,60,,5843,11,,,0,21,,5844,11,,,0,71,,5845,11,,,0,30,,5846,11,,,0,70,,5847,11,,,0,30,,5848,11,,,0,70,,5849,11,,,0,9,,5868,11,,,0,9,,5873,11,,,0,13,,5850,11,,,0,8,,5869,11,,,0,10,,5874,11,,,0,54,,5851,11,,,0,13,,5870,11,,,0,18,,5852,11,,,0,13,,5871,11,,,0,55,,5853,11,,,0,16,,5854,11,,,0,14,,5855,11,,,0,14,,5856,11,,,0,55,,5857,11,,,0,15,,5858,11,,,0,14,,5859,11,,,0,69,,5867,11,,,0,31,,5875,11,,,0,99,,5863,11,,,0,98,,5861,11,,,0,98,,5864,11,,,0,98,,5860,11,,,0,98,,5862,11,,,0
1802,'20260319',629,,5876,11,,,0,24,,5877,11,,,0,56,,5909,11,,,0,16,,5878,11,,,0,16,,5910,11,,,0,13,,5879,11,,,0,73,,5880,11,,,0,31,,5881,11,,,0,71,,5882,11,,,0,72,,5883,11,,,0,29,,5884,11,,,0,29,,5885,11,,,0,70,,5916,11,,,0,20,,5886,11,,,0,60,,5887,11,,,0,21,,5888,11,,,0,71,,5889,11,,,0,30,,5890,11,,,0,70,,5891,11,,,0,30,,5892,11,,,0,70,,5893,11,,,0,9,,5912,11,,,0,9,,5917,11,,,0,13,,5894,11,,,0,8,,5913,11,,,0,10,,5918,11,,,0,54,,5895,11,,,0,13,,5914,11,,,0,18,,5896,11,,,0,13,,5915,11,,,0,55,,5897,11,,,0,16,,5898,11,,,0,14,,5899,11,,,0,14,,5900,11,,,0,55,,5901,11,,,0,15,,5902,11,,,0,14,,5903,11,,,0,69,,5911,11,,,0,31,,5919,11,,,0,99,,5907,11,,,0,98,,5905,11,,,0,98,,5908,11,,,0,98,,5904,11,,,0,98,,5906,11,,,0
1802,'20260320',629,,5920,11,,,0,24,,5921,11,,,0,56,,5953,11,,,0,16,,5922,11,,,0,16,,5954,11,,,0,13,,5923,11,,,0,73,,5924,11,,,0,31,,5925,11,,,0,71,,5926,11,,,0,72,,5927,11,,,0,29,,5928,11,,,0,29,,5929,11,,,0,70,,5960,11,,,0,20,,5930,11,,,0,60,,5931,11,,,0,21,,5932,11,,,0,71,,5933,11,,,0,30,,5934,11,,,0,70,,5935,11,,,0,30,,5936,11,,,0,70,,5937,11,,,0,9,,5956,11,,,0,9,,5961,11,,,0,13,,5938,11,,,0,8,,5957,11,,,0,10,,5962,11,,,0,54,,5939,11,,,0,13,,5958,11,,,0,18,,5940,11,,,0,13,,5959,11,,,0,55,,5941,11,,,0,16,,5942,11,,,0,14,,5943,11,,,0,14,,5944,11,,,0,55,,5945,11,,,0,15,,5946,11,,,0,14,,5947,11,,,0,69,,5955,11,,,0,31,,5963,11,,,0,99,,5951,11,,,0,98,,5949,11,,,0,98,,5952,11,,,0,98,,5948,11,,,0,98,,5950,11,,,0
