5201,'20260514',621,,467907,29,,,0,30,,467908,29,,,0,71,,467909,29,,,0,78,,467910,29,,,0,24,,467911,29,,,0,29,,467912,29,,,0,69,,467913,29,,,0,100,,467914,29,,,0,100,,467915,29,,,0,100,,467916,29,,,0,100,,467917,29,,,0,100,,467918,29,,,0,101,,467919,29,,,0,30,,467920,29,,,0,72,,467921,29,,,0,32,,467922,29,,,0,66,,467923,29,,,0,29,,467924,29,,,0,70,,467925,29,,,0,99,,467926,29,,,0,100,,467927,29,,,0,100,,467928,29,,,0,100,,467929,29,,,0,100,,467930,29,,,0
5201,'20260515',621,,467931,29,,,0,30,,467932,29,,,0,71,,467933,29,,,0,78,,467934,29,,,0,24,,467935,29,,,0,29,,467936,29,,,0,69,,467937,29,,,0,100,,467938,29,,,0,100,,467939,29,,,0,100,,467940,29,,,0,100,,467941,29,,,0,100,,467942,29,,,0,101,,467943,29,,,0,30,,467944,29,,,0,72,,467945,29,,,0,32,,467946,29,,,0,66,,467947,29,,,0,29,,467948,29,,,0,70,,467949,29,,,0,99,,467950,29,,,0,100,,467951,29,,,0,100,,467952,29,,,0,100,,467953,29,,,0,100,,467954,29,,,0
5201,'20260516',720,,496069,29,,,0,100,,496070,29,,,0,100,,496071,29,,,0,100,,496072,29,,,0,101,,496073,29,,,0,100,,496074,29,,,0,100,,496075,29,,,0,100,,496076,29,,,0,96,,496077,29,,,0,104,,496078,29,,,0,100,,496079,29,,,0,100,,496080,29,,,0,99,,496081,29,,,0,100,,496082,29,,,0,100,,496083,29,,,0,100,,496084,29,,,0,100,,496085,29,,,0
5201,'20260517',720,,496086,29,,,0,100,,496087,29,,,0,100,,496088,29,,,0,100,,496089,29,,,0,101,,496090,29,,,0,100,,496091,29,,,0,100,,496092,29,,,0,100,,496093,29,,,0,96,,496094,29,,,0,104,,496095,29,,,0,100,,496096,29,,,0,100,,496097,29,,,0,99,,496098,29,,,0,100,,496099,29,,,0,100,,496100,29,,,0,100,,496101,29,,,0,100,,496102,29,,,0
5201,'20260518',720,,496103,29,,,0,100,,496104,29,,,0,100,,496105,29,,,0,100,,496106,29,,,0,101,,496107,29,,,0,100,,496108,29,,,0,100,,496109,29,,,0,100,,496110,29,,,0,96,,496111,29,,,0,104,,496112,29,,,0,100,,496113,29,,,0,100,,496114,29,,,0,99,,496115,29,,,0,100,,496116,29,,,0,100,,496117,29,,,0,100,,496118,29,,,0,100,,496119,29,,,0
5201,'20260519',621,,496120,29,,,0,30,,496121,29,,,0,71,,496122,29,,,0,78,,496123,29,,,0,24,,496124,29,,,0,29,,496125,29,,,0,69,,496126,29,,,0,100,,496127,29,,,0,100,,496128,29,,,0,100,,496129,29,,,0,100,,496130,29,,,0,100,,496131,29,,,0,101,,496132,29,,,0,30,,496133,29,,,0,72,,496134,29,,,0,32,,496135,29,,,0,66,,496136,29,,,0,29,,496137,29,,,0,70,,496138,29,,,0,99,,496139,29,,,0,100,,496140,29,,,0,100,,496141,29,,,0,100,,496142,29,,,0,100,,496143,29,,,0
5201,'20260520',621,,443917,29,,,0,30,,443894,29,,,0,71,,443895,29,,,0,78,,443896,29,,,0,24,,443897,29,,,0,29,,443898,29,,,0,69,,443899,29,,,0,100,,443916,29,,,0,100,,443900,29,,,0,100,,443901,29,,,0,100,,443902,29,,,0,100,,443903,29,,,0,101,,443904,29,,,0,30,,443905,29,,,0,72,,443906,29,,,0,32,,443907,29,,,0,66,,443908,29,,,0,29,,443909,29,,,0,70,,443910,29,,,0,99,,443911,29,,,0,100,,443912,29,,,0,100,,443913,29,,,0,100,,443914,29,,,0,100,,443915,29,,,0
5201,'20260521',621,,443941,29,,,0,30,,443918,29,,,0,71,,443919,29,,,0,78,,443920,29,,,0,24,,443921,29,,,0,29,,443922,29,,,0,69,,443923,29,,,0,100,,443940,29,,,0,100,,443924,29,,,0,100,,443925,29,,,0,100,,443926,29,,,0,100,,443927,29,,,0,101,,443928,29,,,0,30,,443929,29,,,0,72,,443930,29,,,0,32,,443931,29,,,0,66,,443932,29,,,0,29,,443933,29,,,0,70,,443934,29,,,0,99,,443935,29,,,0,100,,443936,29,,,0,100,,443937,29,,,0,100,,443938,29,,,0,100,,443939,29,,,0
5201,'20260522',621,,467978,29,,,0,30,,467955,29,,,0,71,,467956,29,,,0,78,,467957,29,,,0,24,,467958,29,,,0,29,,467959,29,,,0,69,,467960,29,,,0,100,,467977,29,,,0,100,,467961,29,,,0,100,,467962,29,,,0,100,,467963,29,,,0,100,,467964,29,,,0,101,,467965,29,,,0,30,,467966,29,,,0,72,,467967,29,,,0,32,,467968,29,,,0,66,,467969,29,,,0,29,,467970,29,,,0,70,,467971,29,,,0,99,,467972,29,,,0,100,,467973,29,,,0,100,,467974,29,,,0,100,,467975,29,,,0,100,,467976,29,,,0
5201,'20260523',720,,467979,29,,,0,100,,467980,29,,,0,100,,467981,29,,,0,100,,467982,29,,,0,101,,467983,29,,,0,100,,467984,29,,,0,100,,467985,29,,,0,100,,467986,29,,,0,96,,467987,29,,,0,104,,467988,29,,,0,100,,467989,29,,,0,100,,467990,29,,,0,99,,467991,29,,,0,100,,467994,29,,,0,100,,467992,29,,,0,100,,467995,29,,,0,100,,467993,29,,,0
5201,'20260524',720,,468012,29,,,0,100,,468008,29,,,0,100,,468007,29,,,0,100,,467996,29,,,0,101,,467997,29,,,0,100,,467998,29,,,0,100,,467999,29,,,0,100,,468000,29,,,0,96,,468001,29,,,0,104,,468002,29,,,0,100,,468003,29,,,0,100,,468004,29,,,0,99,,468009,29,,,0,100,,468005,29,,,0,100,,468010,29,,,0,100,,468006,29,,,0,100,,468011,29,,,0
5201,'20260525',621,,468036,29,,,0,30,,468013,29,,,0,71,,468014,29,,,0,78,,468015,29,,,0,24,,468016,29,,,0,29,,468017,29,,,0,69,,468018,29,,,0,100,,468035,29,,,0,100,,468019,29,,,0,100,,468020,29,,,0,100,,468021,29,,,0,100,,468022,29,,,0,101,,468023,29,,,0,30,,468024,29,,,0,72,,468025,29,,,0,32,,468026,29,,,0,66,,468027,29,,,0,29,,468028,29,,,0,70,,468029,29,,,0,99,,468030,29,,,0,100,,468031,29,,,0,100,,468032,29,,,0,100,,468033,29,,,0,100,,468034,29,,,0
5201,'20260526',621,,468060,29,,,0,30,,468037,29,,,0,71,,468038,29,,,0,78,,468039,29,,,0,24,,468040,29,,,0,29,,468041,29,,,0,69,,468042,29,,,0,100,,468059,29,,,0,100,,468043,29,,,0,100,,468044,29,,,0,100,,468045,29,,,0,100,,468046,29,,,0,101,,468047,29,,,0,30,,468048,29,,,0,72,,468049,29,,,0,32,,468050,29,,,0,66,,468051,29,,,0,29,,468052,29,,,0,70,,468053,29,,,0,99,,468054,29,,,0,100,,468055,29,,,0,100,,468056,29,,,0,100,,468057,29,,,0,100,,468058,29,,,0
5201,'20260527',621,,496167,29,,,0,30,,496144,29,,,0,71,,496145,29,,,0,78,,496146,29,,,0,24,,496147,29,,,0,29,,496148,29,,,0,69,,496149,29,,,0,100,,496166,29,,,0,100,,496150,29,,,0,100,,496151,29,,,0,100,,496152,29,,,0,100,,496153,29,,,0,101,,496154,29,,,0,30,,496155,29,,,0,72,,496156,29,,,0,32,,496157,29,,,0,66,,496158,29,,,0,29,,496159,29,,,0,70,,496160,29,,,0,99,,496161,29,,,0,100,,496162,29,,,0,100,,496163,29,,,0,100,,496164,29,,,0,100,,496165,29,,,0
5201,'20260528',621,,496191,29,,,0,30,,496168,29,,,0,71,,496169,29,,,0,78,,496170,29,,,0,24,,496171,29,,,0,29,,496172,29,,,0,69,,496173,29,,,0,100,,496190,29,,,0,100,,496174,29,,,0,100,,496175,29,,,0,100,,496176,29,,,0,100,,496177,29,,,0,101,,496178,29,,,0,30,,496179,29,,,0,72,,496180,29,,,0,32,,496181,29,,,0,66,,496182,29,,,0,29,,496183,29,,,0,70,,496184,29,,,0,99,,496185,29,,,0,100,,496186,29,,,0,100,,496187,29,,,0,100,,496188,29,,,0,100,,496189,29,,,0
