'20250422daily',53600,164530,4,'',0,8210,4,'',0,2210,4,'',0
'20250423daily',53600,164530,4,'',0,8210,4,'',0,2210,4,'',0
'20250424daily',53600,164530,4,'',0,8210,4,'',0,2210,4,'',0
'20250425daily',53600,164530,4,'',0,8210,4,'',0,2210,4,'',0
'20250428daily',53600,164530,4,'',0,8210,4,'',0,2210,4,'',0
'20250429daily',53600,164530,4,'',0,8210,4,'',0,2210,4,'',0
'20250430daily',53600,164530,4,'',0,8210,4,'',0,2210,4,'',0
'20250501daily',53600,164530,4,'',0,8210,4,'',0,2210,4,'',0
'20250502daily',53600,164530,4,'',0,8210,4,'',0,2210,4,'',0
'20250505daily',53600,164530,4,'',0,8210,4,'',0,2210,4,'',0
'20250506daily',53600,164530,4,'',0,8210,4,'',0,2210,4,'',0
