7601,'20260612',537,,693277,14,,,1,98,,693278,14,,,1,66,,693279,14,,,1,25,,693280,14,,,1,32,,693281,14,,,1,74,,693282,14,,,1,103,,693283,14,,,1,100,,693284,14,,,1,97,,693285,14,,,1,70,,693286,14,,,1,30,,693287,14,,,1,70,,693288,14,,,1,53,,693276,14,,,1,97,,693289,14,,,1,69,,693290,14,,,1,32,,693291,14,,,1,79,,693292,14,,,1,76,,693275,14,,,1,33,,693293,14,,,1,71,,693294,14,,,1,33,,693295,14,,,1,104,,693296,14,,,1,102,,693297,14,,,1,99,,693298,14,,,1,100,,693299,14,,,1,100,,693300,14,,,1
7601,'20260613',621,,715700,14,,,1,28,,715701,14,,,1,71,,715702,14,,,1,30,,715703,14,,,1,71,,715704,14,,,1,30,,715705,14,,,1,70,,715706,14,,,1,99,,715707,14,,,1,101,,715708,14,,,1,96,,715709,14,,,1,36,,715710,14,,,1,61,,715711,14,,,1,39,,715712,14,,,1,70,,715713,14,,,1,100,,715714,14,,,1,100,,715715,14,,,1,30,,715716,14,,,1,70,,715717,14,,,1,29,,715718,14,,,1,69,,715719,14,,,1,100,,715720,14,,,1,100,,715721,14,,,1,100,,715722,14,,,1,100,,715723,14,,,1,108,,715724,14,,,1
7601,'20260614',621,,715725,14,,,1,28,,715726,14,,,1,71,,715727,14,,,1,30,,715728,14,,,1,71,,715729,14,,,1,30,,715730,14,,,1,70,,715731,14,,,1,99,,715732,14,,,1,101,,715733,14,,,1,96,,715734,14,,,1,36,,715735,14,,,1,61,,715736,14,,,1,39,,715737,14,,,1,70,,715738,14,,,1,100,,715739,14,,,1,100,,715740,14,,,1,30,,715741,14,,,1,70,,715742,14,,,1,29,,715743,14,,,1,69,,715744,14,,,1,100,,715745,14,,,1,100,,715746,14,,,1,100,,715747,14,,,1,100,,715748,14,,,1,108,,715749,14,,,1
7601,'20260615',537,,715752,14,,,1,98,,715753,14,,,1,66,,715754,14,,,1,25,,715755,14,,,1,32,,715756,14,,,1,74,,715757,14,,,1,103,,715758,14,,,1,100,,715759,14,,,1,97,,715760,14,,,1,70,,715761,14,,,1,30,,715762,14,,,1,70,,715763,14,,,1,53,,715751,14,,,1,97,,715764,14,,,1,69,,715765,14,,,1,32,,715766,14,,,1,79,,715767,14,,,1,76,,715750,14,,,1,33,,715768,14,,,1,71,,715769,14,,,1,33,,715770,14,,,1,104,,715771,14,,,1,102,,715772,14,,,1,99,,715773,14,,,1,100,,715774,14,,,1,100,,715775,14,,,1
7601,'20260616',537,,715778,14,,,1,98,,715779,14,,,1,66,,715780,14,,,1,25,,715781,14,,,1,32,,715782,14,,,1,74,,715783,14,,,1,103,,715784,14,,,1,100,,715785,14,,,1,97,,715786,14,,,1,70,,715787,14,,,1,30,,715788,14,,,1,70,,715789,14,,,1,53,,715777,14,,,1,97,,715790,14,,,1,69,,715791,14,,,1,32,,715792,14,,,1,79,,715793,14,,,1,76,,715776,14,,,1,33,,715794,14,,,1,71,,715795,14,,,1,33,,715796,14,,,1,104,,715797,14,,,1,102,,715798,14,,,1,99,,715799,14,,,1,100,,715800,14,,,1,100,,715801,14,,,1
7601,'20260617',537,,715804,14,,,1,98,,715805,14,,,1,66,,715806,14,,,1,25,,715807,14,,,1,32,,715808,14,,,1,74,,715809,14,,,1,103,,715810,14,,,1,100,,715811,14,,,1,97,,715812,14,,,1,70,,715813,14,,,1,30,,715814,14,,,1,70,,715815,14,,,1,53,,715803,14,,,1,97,,715816,14,,,1,69,,715817,14,,,1,32,,715818,14,,,1,79,,715819,14,,,1,76,,715802,14,,,1,33,,715820,14,,,1,71,,715821,14,,,1,33,,715822,14,,,1,104,,715823,14,,,1,102,,715824,14,,,1,99,,715825,14,,,1,100,,715826,14,,,1,100,,715827,14,,,1
7601,'20260618',537,,715830,14,,,1,98,,715831,14,,,1,66,,715832,14,,,1,25,,715833,14,,,1,32,,715834,14,,,1,74,,715835,14,,,1,103,,715836,14,,,1,100,,715837,14,,,1,97,,715838,14,,,1,70,,715839,14,,,1,30,,715840,14,,,1,70,,715841,14,,,1,53,,715829,14,,,1,97,,715842,14,,,1,69,,715843,14,,,1,32,,715844,14,,,1,79,,715845,14,,,1,76,,715828,14,,,1,33,,715846,14,,,1,71,,715847,14,,,1,33,,715848,14,,,1,104,,715849,14,,,1,102,,715850,14,,,1,99,,715851,14,,,1,100,,715852,14,,,1,100,,715853,14,,,1
7601,'20260619',537,,666880,14,,,1,98,,666881,14,,,1,66,,666882,14,,,1,25,,666883,14,,,1,32,,666884,14,,,1,74,,666885,14,,,1,103,,666886,14,,,1,100,,666887,14,,,1,97,,666888,14,,,1,70,,666889,14,,,1,30,,666890,14,,,1,70,,666891,14,,,1,53,,666892,14,,,1,97,,666893,14,,,1,69,,666894,14,,,1,32,,666895,14,,,1,79,,666896,14,,,1,76,,666897,14,,,1,33,,666898,14,,,1,71,,666899,14,,,1,33,,666900,14,,,1,104,,666901,14,,,1,102,,666902,14,,,1,99,,666903,14,,,1,100,,666904,14,,,1,100,,666905,14,,,1
7601,'20260620',619,,693318,14,,,1,28,,693319,14,,,1,72,,693301,14,,,1,30,,693320,14,,,1,71,,693302,14,,,1,30,,693321,14,,,1,70,,693303,14,,,1,100,,693304,14,,,1,101,,693305,14,,,1,101,,693306,14,,,1,30,,693322,14,,,1,56,,693307,14,,,1,43,,693323,14,,,1,72,,693308,14,,,1,100,,693309,14,,,1,100,,693310,14,,,1,31,,693324,14,,,1,68,,693311,14,,,1,29,,693325,14,,,1,71,,693312,14,,,1,99,,693313,14,,,1,99,,693314,14,,,1,100,,693315,14,,,1,100,,693316,14,,,1,114,,693317,14,,,1
7601,'20260621',619,,693343,14,,,1,28,,693344,14,,,1,72,,693342,14,,,1,30,,693345,14,,,1,71,,693326,14,,,1,30,,693346,14,,,1,70,,693327,14,,,1,100,,693328,14,,,1,101,,693329,14,,,1,101,,693330,14,,,1,30,,693347,14,,,1,56,,693331,14,,,1,43,,693348,14,,,1,72,,693332,14,,,1,100,,693333,14,,,1,100,,693334,14,,,1,31,,693349,14,,,1,68,,693335,14,,,1,29,,693350,14,,,1,71,,693336,14,,,1,99,,693337,14,,,1,99,,693338,14,,,1,100,,693339,14,,,1,100,,693340,14,,,1,114,,693341,14,,,1
7601,'20260622',539,,693351,14,,,1,91,,693352,14,,,1,29,,693353,14,,,1,65,,693376,14,,,1,33,,693354,14,,,1,78,,693355,14,,,1,101,,693356,14,,,1,98,,693357,14,,,1,95,,693358,14,,,1,72,,693359,14,,,1,26,,693360,14,,,1,30,,693361,14,,,1,100,,693362,14,,,1,88,,693363,14,,,1,68,,693364,14,,,1,31,,693365,14,,,1,86,,693366,14,,,1,77,,693367,14,,,1,32,,693368,14,,,1,76,,693369,14,,,1,24,,693370,14,,,1,103,,693371,14,,,1,100,,693372,14,,,1,99,,693373,14,,,1,100,,693374,14,,,1,108,,693375,14,,,1
7601,'20260623',539,,715854,14,,,1,91,,715855,14,,,1,29,,715856,14,,,1,65,,715879,14,,,1,33,,715857,14,,,1,78,,715858,14,,,1,101,,715859,14,,,1,98,,715860,14,,,1,95,,715861,14,,,1,72,,715862,14,,,1,26,,715863,14,,,1,30,,715864,14,,,1,100,,715865,14,,,1,88,,715866,14,,,1,68,,715867,14,,,1,31,,715868,14,,,1,86,,715869,14,,,1,77,,715870,14,,,1,32,,715871,14,,,1,76,,715872,14,,,1,24,,715873,14,,,1,103,,715874,14,,,1,100,,715875,14,,,1,99,,715876,14,,,1,100,,715877,14,,,1,108,,715878,14,,,1
7601,'20260624',619,,715897,14,,,1,28,,715898,14,,,1,72,,715896,14,,,1,30,,715899,14,,,1,71,,715880,14,,,1,30,,715900,14,,,1,70,,715881,14,,,1,100,,715882,14,,,1,101,,715883,14,,,1,101,,715884,14,,,1,30,,715901,14,,,1,56,,715885,14,,,1,43,,715902,14,,,1,72,,715886,14,,,1,100,,715887,14,,,1,100,,715888,14,,,1,31,,715903,14,,,1,68,,715889,14,,,1,29,,715904,14,,,1,71,,715890,14,,,1,99,,715891,14,,,1,99,,715892,14,,,1,100,,715893,14,,,1,100,,715894,14,,,1,114,,715895,14,,,1
7601,'20260625',539,,715905,14,,,1,91,,715906,14,,,1,29,,715907,14,,,1,65,,715930,14,,,1,33,,715908,14,,,1,78,,715909,14,,,1,101,,715910,14,,,1,98,,715911,14,,,1,95,,715912,14,,,1,72,,715913,14,,,1,26,,715914,14,,,1,30,,715915,14,,,1,100,,715916,14,,,1,88,,715917,14,,,1,68,,715918,14,,,1,31,,715919,14,,,1,86,,715920,14,,,1,77,,715921,14,,,1,32,,715922,14,,,1,76,,715923,14,,,1,24,,715924,14,,,1,103,,715925,14,,,1,100,,715926,14,,,1,99,,715927,14,,,1,100,,715928,14,,,1,108,,715929,14,,,1
7601,'20260626',539,,715931,14,,,1,91,,715932,14,,,1,29,,715933,14,,,1,65,,715956,14,,,1,33,,715934,14,,,1,78,,715935,14,,,1,101,,715936,14,,,1,98,,715937,14,,,1,95,,715938,14,,,1,72,,715939,14,,,1,26,,715940,14,,,1,30,,715941,14,,,1,100,,715942,14,,,1,88,,715943,14,,,1,68,,715944,14,,,1,31,,715945,14,,,1,86,,715946,14,,,1,77,,715947,14,,,1,32,,715948,14,,,1,76,,715949,14,,,1,24,,715950,14,,,1,103,,715951,14,,,1,100,,715952,14,,,1,99,,715953,14,,,1,100,,715954,14,,,1,108,,715955,14,,,1
63001,'20260612',733,,696256,7,,,0,70,,696257,7,,,0,29,,696258,7,,,0
63001,'20260615',733,,724314,7,,,0,70,,724315,7,,,0,29,,724316,7,,,0
63001,'20260616',733,,724317,7,,,0,70,,724318,7,,,0,29,,724319,7,,,0
63001,'20260617',733,,724320,7,,,0,70,,724321,7,,,0,29,,724322,7,,,0
63001,'20260618',733,,724323,7,,,0,70,,724324,7,,,0,29,,724325,7,,,0
63001,'20260619',733,,675369,7,,,0,70,,675370,7,,,0,29,,675371,7,,,0
63001,'20260622',733,,696259,7,,,0,70,,696260,7,,,0,29,,696261,7,,,0
63001,'20260623',733,,724326,7,,,0,70,,724327,7,,,0,29,,724328,7,,,0
63001,'20260625',733,,724329,7,,,0,70,,724330,7,,,0,29,,724331,7,,,0
63001,'20260626',733,,724332,7,,,0,70,,724333,7,,,0,29,,724334,7,,,0
