2201,'20260616',628,,706598,11,,,0,30,,706599,11,,,0,72,,706600,11,,,0,70,,706601,11,,,0,29,,706602,11,,,0,701,,706603,11,,,0,70,,706604,11,,,0,31,,706605,11,,,0,69,,706606,11,,,0,29,,706607,11,,,0,99,,706608,11,,,0
2201,'20260617',628,,706609,11,,,0,30,,706610,11,,,0,72,,706611,11,,,0,70,,706612,11,,,0,29,,706613,11,,,0,701,,706614,11,,,0,70,,706615,11,,,0,31,,706616,11,,,0,69,,706617,11,,,0,29,,706618,11,,,0,99,,706619,11,,,0
2201,'20260618',628,,706620,11,,,0,30,,706621,11,,,0,72,,706622,11,,,0,70,,706623,11,,,0,29,,706624,11,,,0,701,,706625,11,,,0,70,,706626,11,,,0,31,,706627,11,,,0,69,,706628,11,,,0,29,,706629,11,,,0,99,,706630,11,,,0
2201,'20260619',628,,741897,11,,,0,30,,741898,11,,,0,72,,741899,11,,,0,70,,741900,11,,,0,29,,741901,11,,,0,701,,741902,11,,,0,70,,741903,11,,,0,31,,741904,11,,,0,69,,741905,11,,,0,29,,741906,11,,,0,99,,741907,11,,,0
2201,'20260622',628,,741917,11,,,0,30,,741908,11,,,0,72,,741909,11,,,0,70,,741910,11,,,0,29,,741911,11,,,0,701,,741912,11,,,0,70,,741913,11,,,0,31,,741914,11,,,0,69,,741915,11,,,0,34,,741916,11,,,0,94,,741918,11,,,0
2201,'20260623',628,,741928,11,,,0,30,,741919,11,,,0,72,,741920,11,,,0,70,,741921,11,,,0,29,,741922,11,,,0,701,,741923,11,,,0,70,,741924,11,,,0,31,,741925,11,,,0,69,,741926,11,,,0,34,,741927,11,,,0,94,,741929,11,,,0
2201,'20260625',628,,706651,11,,,0,30,,706642,11,,,0,72,,706643,11,,,0,70,,706644,11,,,0,29,,706645,11,,,0,701,,706646,11,,,0,70,,706647,11,,,0,31,,706648,11,,,0,69,,706649,11,,,0,34,,706650,11,,,0,94,,706652,11,,,0
2201,'20260626',628,,706662,11,,,0,30,,706653,11,,,0,72,,706654,11,,,0,70,,706655,11,,,0,29,,706656,11,,,0,701,,706657,11,,,0,70,,706658,11,,,0,31,,706659,11,,,0,69,,706660,11,,,0,34,,706661,11,,,0,94,,706663,11,,,0
2201,'20260629',628,,741939,11,,,0,30,,741930,11,,,0,72,,741931,11,,,0,70,,741932,11,,,0,29,,741933,11,,,0,701,,741934,11,,,0,70,,741935,11,,,0,31,,741936,11,,,0,69,,741937,11,,,0,34,,741938,11,,,0,94,,741940,11,,,0
2201,'20260630',628,,741950,11,,,0,30,,741941,11,,,0,72,,741942,11,,,0,70,,741943,11,,,0,29,,741944,11,,,0,701,,741945,11,,,0,70,,741946,11,,,0,31,,741947,11,,,0,69,,741948,11,,,0,34,,741949,11,,,0,94,,741951,11,,,0
