8101,'20260501',620,,368497,17,,,0,29,,368498,17,,,0,66,,368499,17,,,0,28,,368500,17,,,0,76,,368501,17,,,0,32,,368502,17,,,0,70,,368503,17,,,0,100,,368504,17,,,0,100,,368505,17,,,0,100,,368506,17,,,0,100,,368507,17,,,0,99,,368508,17,,,0,98,,368509,17,,,0,28,,368510,17,,,0,70,,368511,17,,,0,31,,368512,17,,,0,71,,368513,17,,,0,103,,368514,17,,,0,101,,368515,17,,,0,100,,368516,17,,,0,102,,368517,17,,,0,100,,368518,17,,,0,100,,368519,17,,,0
8101,'20260502',624,,400156,17,,,0,99,,400157,17,,,0,100,,400158,17,,,0,100,,400159,17,,,0,100,,400160,17,,,0,99,,400161,17,,,0,100,,400162,17,,,0,99,,400163,17,,,0,100,,400164,17,,,0,100,,400165,17,,,0,100,,400166,17,,,0,102,,400167,17,,,0,100,,400168,17,,,0,100,,400169,17,,,0,100,,400170,17,,,0,100,,400171,17,,,0,101,,400172,17,,,0,100,,400173,17,,,0
8101,'20260503',624,,400174,17,,,0,99,,400175,17,,,0,100,,400176,17,,,0,100,,400177,17,,,0,100,,400178,17,,,0,99,,400179,17,,,0,100,,400180,17,,,0,99,,400181,17,,,0,100,,400182,17,,,0,100,,400183,17,,,0,100,,400184,17,,,0,102,,400185,17,,,0,100,,400186,17,,,0,100,,400187,17,,,0,100,,400188,17,,,0,100,,400189,17,,,0,101,,400190,17,,,0,100,,400191,17,,,0
8101,'20260504',620,,400192,17,,,0,29,,400193,17,,,0,66,,400194,17,,,0,28,,400195,17,,,0,76,,400196,17,,,0,32,,400197,17,,,0,70,,400198,17,,,0,100,,400199,17,,,0,100,,400200,17,,,0,100,,400201,17,,,0,100,,400202,17,,,0,99,,400203,17,,,0,98,,400204,17,,,0,28,,400205,17,,,0,70,,400206,17,,,0,31,,400207,17,,,0,71,,400208,17,,,0,103,,400209,17,,,0,101,,400210,17,,,0,100,,400211,17,,,0,102,,400212,17,,,0,100,,400213,17,,,0,100,,400214,17,,,0
8101,'20260505',620,,400215,17,,,0,29,,400216,17,,,0,66,,400217,17,,,0,28,,400218,17,,,0,76,,400219,17,,,0,32,,400220,17,,,0,70,,400221,17,,,0,100,,400222,17,,,0,100,,400223,17,,,0,100,,400224,17,,,0,100,,400225,17,,,0,99,,400226,17,,,0,98,,400227,17,,,0,28,,400228,17,,,0,70,,400229,17,,,0,31,,400230,17,,,0,71,,400231,17,,,0,103,,400232,17,,,0,101,,400233,17,,,0,100,,400234,17,,,0,102,,400235,17,,,0,100,,400236,17,,,0,100,,400237,17,,,0
8101,'20260506',620,,400238,17,,,0,29,,400239,17,,,0,66,,400240,17,,,0,28,,400241,17,,,0,76,,400242,17,,,0,32,,400243,17,,,0,70,,400244,17,,,0,100,,400245,17,,,0,100,,400246,17,,,0,100,,400247,17,,,0,100,,400248,17,,,0,99,,400249,17,,,0,98,,400250,17,,,0,28,,400251,17,,,0,70,,400252,17,,,0,31,,400253,17,,,0,71,,400254,17,,,0,103,,400255,17,,,0,101,,400256,17,,,0,100,,400257,17,,,0,102,,400258,17,,,0,100,,400259,17,,,0,100,,400260,17,,,0
8101,'20260507',620,,400261,17,,,0,29,,400262,17,,,0,66,,400263,17,,,0,28,,400264,17,,,0,76,,400265,17,,,0,32,,400266,17,,,0,70,,400267,17,,,0,100,,400268,17,,,0,100,,400269,17,,,0,100,,400270,17,,,0,100,,400271,17,,,0,99,,400272,17,,,0,98,,400273,17,,,0,28,,400274,17,,,0,70,,400275,17,,,0,31,,400276,17,,,0,71,,400277,17,,,0,103,,400278,17,,,0,101,,400279,17,,,0,100,,400280,17,,,0,102,,400281,17,,,0,100,,400282,17,,,0,100,,400283,17,,,0
8101,'20260508',620,,368520,17,,,0,29,,368521,17,,,0,66,,368522,17,,,0,28,,368523,17,,,0,76,,368524,17,,,0,32,,368525,17,,,0,70,,368526,17,,,0,100,,368527,17,,,0,100,,368528,17,,,0,100,,368529,17,,,0,100,,368530,17,,,0,99,,368531,17,,,0,98,,368532,17,,,0,28,,368533,17,,,0,70,,368534,17,,,0,31,,368535,17,,,0,71,,368536,17,,,0,103,,368537,17,,,0,101,,368538,17,,,0,100,,368539,17,,,0,102,,368540,17,,,0,100,,368541,17,,,0,100,,368542,17,,,0
8101,'20260509',624,,368543,17,,,0,99,,368544,17,,,0,100,,368545,17,,,0,100,,368546,17,,,0,100,,368547,17,,,0,99,,368548,17,,,0,100,,368549,17,,,0,99,,368550,17,,,0,100,,368551,17,,,0,100,,368552,17,,,0,100,,368553,17,,,0,102,,368554,17,,,0,100,,368555,17,,,0,100,,368556,17,,,0,100,,368557,17,,,0,100,,368558,17,,,0,101,,368559,17,,,0,100,,368560,17,,,0
8101,'20260510',624,,368561,17,,,0,99,,368562,17,,,0,100,,368563,17,,,0,100,,368564,17,,,0,100,,368565,17,,,0,99,,368566,17,,,0,100,,368567,17,,,0,99,,368568,17,,,0,100,,368569,17,,,0,100,,368570,17,,,0,100,,368571,17,,,0,102,,368572,17,,,0,100,,368573,17,,,0,100,,368574,17,,,0,100,,368575,17,,,0,100,,368576,17,,,0,101,,368577,17,,,0,100,,368578,17,,,0
8101,'20260511',620,,368579,17,,,0,29,,368580,17,,,0,66,,368581,17,,,0,28,,368582,17,,,0,76,,368583,17,,,0,32,,368584,17,,,0,70,,368585,17,,,0,100,,368586,17,,,0,100,,368587,17,,,0,100,,368588,17,,,0,100,,368589,17,,,0,99,,368590,17,,,0,98,,368591,17,,,0,28,,368592,17,,,0,70,,368593,17,,,0,31,,368594,17,,,0,71,,368595,17,,,0,103,,368596,17,,,0,101,,368597,17,,,0,100,,368598,17,,,0,102,,368599,17,,,0,100,,368600,17,,,0,100,,368601,17,,,0
8101,'20260512',620,,400284,17,,,0,29,,400285,17,,,0,66,,400286,17,,,0,28,,400287,17,,,0,76,,400288,17,,,0,32,,400289,17,,,0,70,,400290,17,,,0,100,,400291,17,,,0,100,,400292,17,,,0,100,,400293,17,,,0,100,,400294,17,,,0,99,,400295,17,,,0,98,,400296,17,,,0,28,,400297,17,,,0,70,,400298,17,,,0,31,,400299,17,,,0,71,,400300,17,,,0,103,,400301,17,,,0,101,,400302,17,,,0,100,,400303,17,,,0,102,,400304,17,,,0,100,,400305,17,,,0,100,,400306,17,,,0
8101,'20260513',620,,400307,17,,,0,29,,400308,17,,,0,66,,400309,17,,,0,28,,400310,17,,,0,76,,400311,17,,,0,32,,400312,17,,,0,70,,400313,17,,,0,100,,400314,17,,,0,100,,400315,17,,,0,100,,400316,17,,,0,100,,400317,17,,,0,99,,400318,17,,,0,98,,400319,17,,,0,28,,400320,17,,,0,70,,400321,17,,,0,31,,400322,17,,,0,71,,400323,17,,,0,103,,400324,17,,,0,101,,400325,17,,,0,100,,400326,17,,,0,102,,400327,17,,,0,100,,400328,17,,,0,100,,400329,17,,,0
8101,'20260514',620,,400330,17,,,0,29,,400331,17,,,0,66,,400332,17,,,0,28,,400333,17,,,0,76,,400334,17,,,0,32,,400335,17,,,0,70,,400336,17,,,0,100,,400337,17,,,0,100,,400338,17,,,0,100,,400339,17,,,0,100,,400340,17,,,0,99,,400341,17,,,0,98,,400342,17,,,0,28,,400343,17,,,0,70,,400344,17,,,0,31,,400345,17,,,0,71,,400346,17,,,0,103,,400347,17,,,0,101,,400348,17,,,0,100,,400349,17,,,0,102,,400350,17,,,0,100,,400351,17,,,0,100,,400352,17,,,0
8101,'20260515',620,,400353,17,,,0,29,,400354,17,,,0,66,,400355,17,,,0,28,,400356,17,,,0,76,,400357,17,,,0,32,,400358,17,,,0,70,,400359,17,,,0,100,,400360,17,,,0,100,,400361,17,,,0,100,,400362,17,,,0,100,,400363,17,,,0,99,,400364,17,,,0,98,,400365,17,,,0,28,,400366,17,,,0,70,,400367,17,,,0,31,,400368,17,,,0,71,,400369,17,,,0,103,,400370,17,,,0,101,,400371,17,,,0,100,,400372,17,,,0,102,,400373,17,,,0,100,,400374,17,,,0,100,,400375,17,,,0
38200,'20260501',1253,,373082,43,4,,0,454,,373083,43,4,,0,46,,373084,43,4,,0,104,,373085,43,4,,0
38200,'20260504',1253,,407197,43,4,,0,454,,407198,43,4,,0,46,,407199,43,4,,0,104,,407200,43,4,,0
38200,'20260505',1253,,407201,43,4,,0,454,,407202,43,4,,0,46,,407203,43,4,,0,104,,407204,43,4,,0
38200,'20260506',1253,,407205,43,4,,0,454,,407206,43,4,,0,46,,407207,43,4,,0,104,,407208,43,4,,0
38200,'20260507',1253,,407209,43,4,,0,454,,407210,43,4,,0,46,,407211,43,4,,0,104,,407212,43,4,,0
38200,'20260508',1253,,373086,43,4,,0,454,,373087,43,4,,0,46,,373088,43,4,,0,104,,373089,43,4,,0
38200,'20260511',1253,,373090,43,4,,0,454,,373091,43,4,,0,46,,373092,43,4,,0,104,,373093,43,4,,0
38200,'20260512',1253,,407213,43,4,,0,454,,407214,43,4,,0,46,,407215,43,4,,0,104,,407216,43,4,,0
38200,'20260513',1253,,407217,43,4,,0,454,,407218,43,4,,0,46,,407219,43,4,,0,104,,407220,43,4,,0
38200,'20260514',1253,,407221,43,4,,0,454,,407222,43,4,,0,46,,407223,43,4,,0,104,,407224,43,4,,0
38200,'20260515',1253,,407225,43,4,,0,454,,407226,43,4,,0,46,,407227,43,4,,0,104,,407228,43,4,,0
58200,'20260501',1626,,373639,41,4,,0,11,,373640,41,4,,0,72,,373641,41,4,,0,30,,373642,41,4,,0,63,,373643,41,4,,0
58200,'20260504',1626,,408085,41,4,,0,11,,408086,41,4,,0,72,,408087,41,4,,0,30,,408088,41,4,,0,63,,408089,41,4,,0
58200,'20260505',1626,,408090,41,4,,0,11,,408091,41,4,,0,72,,408092,41,4,,0,30,,408093,41,4,,0,63,,408094,41,4,,0
58200,'20260506',1626,,408095,41,4,,0,11,,408096,41,4,,0,72,,408097,41,4,,0,30,,408098,41,4,,0,63,,408099,41,4,,0
58200,'20260507',1626,,408100,41,4,,0,11,,408101,41,4,,0,72,,408102,41,4,,0,30,,408103,41,4,,0,63,,408104,41,4,,0
58200,'20260508',1626,,373647,41,4,,0,11,,373648,41,4,,0,72,,373645,41,4,,0,30,,373646,41,4,,0,63,,373644,41,4,,0
58200,'20260511',1626,,373652,41,4,,0,11,,373653,41,4,,0,72,,373650,41,4,,0,30,,373651,41,4,,0,63,,373649,41,4,,0
58200,'20260512',1626,,408108,41,4,,0,11,,408109,41,4,,0,72,,408106,41,4,,0,30,,408107,41,4,,0,63,,408105,41,4,,0
58200,'20260513',1626,,408113,41,4,,0,11,,408114,41,4,,0,72,,408111,41,4,,0,30,,408112,41,4,,0,63,,408110,41,4,,0
58200,'20260514',1626,,408118,41,4,,0,11,,408119,41,4,,0,72,,408116,41,4,,0,30,,408117,41,4,,0,63,,408115,41,4,,0
58200,'20260515',1626,,408123,41,4,,0,11,,408124,41,4,,0,72,,408121,41,4,,0,30,,408122,41,4,,0,63,,408120,41,4,,0
