8401,'20260507',617,,401091,20,,,1,24,,401092,20,,,1,70,,401093,20,,,1,31,,401094,20,,,1,70,,401095,20,,,1,32,,401096,20,,,1,72,,401097,20,,,1,101,,401098,20,,,1,100,,401099,20,,,1,98,,401100,20,,,1,102,,401101,20,,,1,99,,401102,20,,,1,97,,401103,20,,,1,95,,401104,20,,,1,107,,401105,20,,,1,102,,401106,20,,,1,101,,401107,20,,,1,100,,401108,20,,,1,101,,401109,20,,,1,100,,401110,20,,,1,100,,401111,20,,,1
8401,'20260508',617,,429963,20,,,1,24,,429964,20,,,1,70,,429965,20,,,1,31,,429966,20,,,1,70,,429967,20,,,1,32,,429968,20,,,1,72,,429969,20,,,1,101,,429970,20,,,1,100,,429971,20,,,1,98,,429972,20,,,1,102,,429973,20,,,1,99,,429974,20,,,1,97,,429975,20,,,1,95,,429976,20,,,1,107,,429977,20,,,1,102,,429978,20,,,1,101,,429979,20,,,1,100,,429980,20,,,1,101,,429981,20,,,1,100,,429982,20,,,1,100,,429983,20,,,1
8401,'20260509',618,,448780,20,,,1,99,,448781,20,,,1,99,,448782,20,,,1,100,,448783,20,,,1,100,,448784,20,,,1,100,,448785,20,,,1,100,,448786,20,,,1,99,,448787,20,,,1,100,,448788,20,,,1,100,,448789,20,,,1,101,,448790,20,,,1,101,,448791,20,,,1,100,,448792,20,,,1,100,,448793,20,,,1,100,,448794,20,,,1,100,,448795,20,,,1,101,,448796,20,,,1,100,,448797,20,,,1
8401,'20260510',618,,448798,20,,,1,99,,448799,20,,,1,99,,448800,20,,,1,100,,448801,20,,,1,100,,448802,20,,,1,100,,448803,20,,,1,100,,448804,20,,,1,99,,448805,20,,,1,100,,448806,20,,,1,100,,448807,20,,,1,101,,448808,20,,,1,101,,448809,20,,,1,100,,448810,20,,,1,100,,448811,20,,,1,100,,448812,20,,,1,100,,448813,20,,,1,101,,448814,20,,,1,100,,448815,20,,,1
8401,'20260511',617,,448816,20,,,1,24,,448817,20,,,1,70,,448818,20,,,1,31,,448819,20,,,1,70,,448820,20,,,1,32,,448821,20,,,1,72,,448822,20,,,1,101,,448823,20,,,1,100,,448824,20,,,1,98,,448825,20,,,1,102,,448826,20,,,1,99,,448827,20,,,1,97,,448828,20,,,1,95,,448829,20,,,1,107,,448830,20,,,1,102,,448831,20,,,1,101,,448832,20,,,1,100,,448833,20,,,1,101,,448834,20,,,1,100,,448835,20,,,1,100,,448836,20,,,1
8401,'20260512',617,,448837,20,,,1,24,,448838,20,,,1,70,,448839,20,,,1,31,,448840,20,,,1,70,,448841,20,,,1,32,,448842,20,,,1,72,,448843,20,,,1,101,,448844,20,,,1,100,,448845,20,,,1,98,,448846,20,,,1,102,,448847,20,,,1,99,,448848,20,,,1,97,,448849,20,,,1,95,,448850,20,,,1,107,,448851,20,,,1,102,,448852,20,,,1,101,,448853,20,,,1,100,,448854,20,,,1,101,,448855,20,,,1,100,,448856,20,,,1,100,,448857,20,,,1
8401,'20260513',617,,401133,20,,,1,24,,401152,20,,,1,70,,401134,20,,,1,31,,401153,20,,,1,70,,401135,20,,,1,32,,401150,20,,,1,72,,401136,20,,,1,101,,401137,20,,,1,100,,401138,20,,,1,98,,401139,20,,,1,102,,401140,20,,,1,99,,401141,20,,,1,97,,401142,20,,,1,95,,401143,20,,,1,107,,401144,20,,,1,102,,401145,20,,,1,101,,401146,20,,,1,100,,401147,20,,,1,101,,401148,20,,,1,100,,401149,20,,,1,100,,401151,20,,,1
8401,'20260514',617,,401154,20,,,1,24,,401173,20,,,1,70,,401155,20,,,1,31,,401174,20,,,1,70,,401156,20,,,1,32,,401171,20,,,1,72,,401157,20,,,1,101,,401158,20,,,1,100,,401159,20,,,1,98,,401160,20,,,1,102,,401161,20,,,1,99,,401162,20,,,1,97,,401163,20,,,1,95,,401164,20,,,1,107,,401165,20,,,1,102,,401166,20,,,1,101,,401167,20,,,1,100,,401168,20,,,1,101,,401169,20,,,1,100,,401170,20,,,1,100,,401172,20,,,1
8401,'20260515',617,,401175,20,,,1,24,,401194,20,,,1,70,,401176,20,,,1,31,,401195,20,,,1,70,,401177,20,,,1,32,,401192,20,,,1,72,,401178,20,,,1,101,,401179,20,,,1,100,,401180,20,,,1,98,,401181,20,,,1,102,,401182,20,,,1,99,,401183,20,,,1,97,,401184,20,,,1,95,,401185,20,,,1,107,,401186,20,,,1,102,,401187,20,,,1,101,,401188,20,,,1,100,,401189,20,,,1,101,,401190,20,,,1,100,,401191,20,,,1,100,,401193,20,,,1
8401,'20260516',618,,429984,20,,,1,99,,429999,20,,,1,99,,429985,20,,,1,100,,429998,20,,,1,100,,429986,20,,,1,100,,429993,20,,,1,100,,429994,20,,,1,99,,429995,20,,,1,100,,429996,20,,,1,100,,429997,20,,,1,101,,429988,20,,,1,101,,429987,20,,,1,100,,429989,20,,,1,100,,429992,20,,,1,100,,429991,20,,,1,100,,429990,20,,,1,101,,430000,20,,,1,100,,430001,20,,,1
8401,'20260517',618,,430014,20,,,1,99,,430018,20,,,1,99,,430017,20,,,1,100,,430015,20,,,1,100,,430002,20,,,1,100,,430008,20,,,1,100,,430003,20,,,1,99,,430009,20,,,1,100,,430004,20,,,1,100,,430010,20,,,1,101,,430005,20,,,1,101,,430011,20,,,1,100,,430006,20,,,1,100,,430012,20,,,1,100,,430007,20,,,1,100,,430013,20,,,1,101,,430016,20,,,1,100,,430019,20,,,1
8401,'20260518',618,,430032,20,,,1,99,,430036,20,,,1,99,,430035,20,,,1,100,,430033,20,,,1,100,,430020,20,,,1,100,,430026,20,,,1,100,,430021,20,,,1,99,,430027,20,,,1,100,,430022,20,,,1,100,,430028,20,,,1,101,,430023,20,,,1,101,,430029,20,,,1,100,,430024,20,,,1,100,,430030,20,,,1,100,,430025,20,,,1,100,,430031,20,,,1,101,,430034,20,,,1,100,,430037,20,,,1
8401,'20260519',617,,430038,20,,,1,24,,430057,20,,,1,70,,430039,20,,,1,31,,430058,20,,,1,70,,430040,20,,,1,32,,430055,20,,,1,72,,430041,20,,,1,101,,430042,20,,,1,100,,430043,20,,,1,98,,430044,20,,,1,102,,430045,20,,,1,99,,430046,20,,,1,97,,430047,20,,,1,95,,430048,20,,,1,107,,430049,20,,,1,102,,430050,20,,,1,101,,430051,20,,,1,100,,430052,20,,,1,101,,430053,20,,,1,100,,430054,20,,,1,100,,430056,20,,,1
8401,'20260520',617,,448858,20,,,1,24,,448877,20,,,1,70,,448859,20,,,1,31,,448878,20,,,1,70,,448860,20,,,1,32,,448875,20,,,1,72,,448861,20,,,1,101,,448862,20,,,1,100,,448863,20,,,1,98,,448864,20,,,1,102,,448865,20,,,1,99,,448866,20,,,1,97,,448867,20,,,1,95,,448868,20,,,1,107,,448869,20,,,1,102,,448870,20,,,1,101,,448871,20,,,1,100,,448872,20,,,1,101,,448873,20,,,1,100,,448874,20,,,1,100,,448876,20,,,1
8401,'20260521',617,,448879,20,,,1,24,,448898,20,,,1,70,,448880,20,,,1,31,,448899,20,,,1,70,,448881,20,,,1,32,,448896,20,,,1,72,,448882,20,,,1,101,,448883,20,,,1,100,,448884,20,,,1,98,,448885,20,,,1,102,,448886,20,,,1,99,,448887,20,,,1,97,,448888,20,,,1,95,,448889,20,,,1,107,,448890,20,,,1,102,,448891,20,,,1,101,,448892,20,,,1,100,,448893,20,,,1,101,,448894,20,,,1,100,,448895,20,,,1,100,,448897,20,,,1
28401,'20260507',630,,405960,16,,,0,24,,405961,16,,,0,63,,405962,16,,,0,18,,405963,16,,,0,24,,405964,16,,,0
28401,'20260508',630,,431759,16,,,0,24,,431760,16,,,0,63,,431761,16,,,0,18,,431762,16,,,0,24,,431763,16,,,0
28401,'20260511',630,,451482,16,,,0,24,,451483,16,,,0,63,,451484,16,,,0,18,,451485,16,,,0,24,,451486,16,,,0
28401,'20260512',630,,451487,16,,,0,24,,451488,16,,,0,63,,451489,16,,,0,18,,451490,16,,,0,24,,451491,16,,,0
28401,'20260513',630,,405973,16,,,0,24,,405970,16,,,0,63,,405974,16,,,0,18,,405971,16,,,0,24,,405972,16,,,0
28401,'20260514',630,,405978,16,,,0,24,,405975,16,,,0,63,,405979,16,,,0,18,,405976,16,,,0,24,,405977,16,,,0
28401,'20260515',630,,405983,16,,,0,24,,405980,16,,,0,63,,405984,16,,,0,18,,405981,16,,,0,24,,405982,16,,,0
28401,'20260519',630,,431767,16,,,0,24,,431764,16,,,0,63,,431768,16,,,0,18,,431765,16,,,0,24,,431766,16,,,0
28401,'20260520',630,,451495,16,,,0,24,,451492,16,,,0,63,,451496,16,,,0,18,,451493,16,,,0,24,,451494,16,,,0
28401,'20260521',630,,451500,16,,,0,24,,451497,16,,,0,63,,451501,16,,,0,18,,451498,16,,,0,24,,451499,16,,,0
38401,'20260507',626,,407321,16,,,0,21,,407322,16,,,0,72,,407323,16,,,0,181,,407324,16,,,0
38401,'20260508',626,,432100,16,,,0,21,,432101,16,,,0,72,,432102,16,,,0,181,,432103,16,,,0
38401,'20260511',626,,452164,16,,,0,21,,452165,16,,,0,72,,452166,16,,,0,181,,452167,16,,,0
38401,'20260512',626,,452168,16,,,0,21,,452169,16,,,0,72,,452170,16,,,0,181,,452171,16,,,0
38401,'20260513',626,,407331,16,,,0,21,,407329,16,,,0,72,,407330,16,,,0,181,,407332,16,,,0
38401,'20260514',626,,407335,16,,,0,21,,407333,16,,,0,72,,407334,16,,,0,181,,407336,16,,,0
38401,'20260515',626,,407339,16,,,0,21,,407337,16,,,0,72,,407338,16,,,0,181,,407340,16,,,0
38401,'20260519',626,,432106,16,,,0,21,,432104,16,,,0,72,,432105,16,,,0,181,,432107,16,,,0
38401,'20260520',626,,452174,16,,,0,21,,452172,16,,,0,72,,452173,16,,,0,181,,452175,16,,,0
38401,'20260521',626,,452178,16,,,0,21,,452176,16,,,0,72,,452177,16,,,0,181,,452179,16,,,0
58401,'20260507',623,,408206,16,,,0,27,,408207,16,,,0,71,,408208,16,,,0
58401,'20260508',623,,432322,16,,,0,27,,432323,16,,,0,71,,432324,16,,,0
58401,'20260511',623,,452608,16,,,0,27,,452609,16,,,0,71,,452610,16,,,0
58401,'20260512',623,,452611,16,,,0,27,,452612,16,,,0,71,,452613,16,,,0
58401,'20260513',623,,408213,16,,,0,27,,408212,16,,,0,71,,408214,16,,,0
58401,'20260514',623,,408216,16,,,0,27,,408215,16,,,0,71,,408217,16,,,0
58401,'20260515',623,,408219,16,,,0,27,,408218,16,,,0,71,,408220,16,,,0
58401,'20260519',623,,432326,16,,,0,27,,432325,16,,,0,71,,432327,16,,,0
58401,'20260520',623,,452615,16,,,0,27,,452614,16,,,0,71,,452616,16,,,0
58401,'20260521',623,,452618,16,,,0,27,,452617,16,,,0,71,,452619,16,,,0
