29000,'20260519',1623,,503246,25,4,,0,33,,503247,25,4,,0,70,,503248,25,4,,0,75,,503249,25,4,,0,39,,503250,25,4,,0
29000,'20260520',1623,,529724,25,4,,0,33,,529725,25,4,,0,70,,529726,25,4,,0,75,,529727,25,4,,0,39,,529728,25,4,,0
29000,'20260521',1623,,529729,25,4,,0,33,,529730,25,4,,0,70,,529731,25,4,,0,75,,529732,25,4,,0,39,,529733,25,4,,0
29000,'20260522',1623,,529734,25,4,,0,33,,529735,25,4,,0,70,,529736,25,4,,0,75,,529737,25,4,,0,39,,529738,25,4,,0
29000,'20260525',1623,,478575,25,4,,0,33,,478576,25,4,,0,70,,478577,25,4,,0,75,,478578,25,4,,0,39,,478579,25,4,,0
29000,'20260526',1623,,478580,25,4,,0,33,,478581,25,4,,0,70,,478582,25,4,,0,75,,478583,25,4,,0,39,,478584,25,4,,0
29000,'20260527',1623,,503251,25,4,,0,33,,503252,25,4,,0,70,,503253,25,4,,0,75,,503254,25,4,,0,39,,503255,25,4,,0
29000,'20260528',1623,,503256,25,4,,0,33,,503257,25,4,,0,70,,503258,25,4,,0,75,,503259,25,4,,0,39,,503260,25,4,,0
29000,'20260529',1623,,529739,25,4,,0,33,,529740,25,4,,0,70,,529741,25,4,,0,75,,529742,25,4,,0,39,,529743,25,4,,0
29000,'20260601',1623,,529744,25,4,,0,33,,529745,25,4,,0,70,,529746,25,4,,0,75,,529747,25,4,,0,39,,529748,25,4,,0
29000,'20260602',1623,,529749,25,4,,0,33,,529750,25,4,,0,70,,529751,25,4,,0,75,,529752,25,4,,0,39,,529753,25,4,,0
80400,'20260519',638,,508519,36,,,1,16,,508520,36,,,1,56,,508521,36,,,1,16,,508522,36,,,1,16,,508523,36,,,1,16,,508524,36,,,1,55,,508525,36,,,1,14,,508526,36,,,1,14,,508527,36,,,1,14,,508528,36,,,1,52,,508529,36,,,1,15,,508530,36,,,1,16,,508531,36,,,1,15,,508532,36,,,1,55,,508533,36,,,1,15,,508534,36,,,1,15,,508535,36,,,1,15,,508536,36,,,1,55,,508537,36,,,1,15,,508538,36,,,1,17,,508539,36,,,1,15,,508540,36,,,1,55,,508541,36,,,1,15,,508542,36,,,1,15,,508543,36,,,1,15,,508544,36,,,1,55,,508545,36,,,1,15,,508546,36,,,1,16,,508547,36,,,1,14,,508548,36,,,1,55,,508549,36,,,1,15,,508550,36,,,1,15,,508551,36,,,1,15,,508552,36,,,1,54,,508553,36,,,1,15,,508554,36,,,1,15,,508555,36,,,1,17,,508556,36,,,1,53,,508557,36,,,1,13,,508558,36,,,1,14,,508559,36,,,1,11,,508560,36,,,1,12,,508561,36,,,1,50,,508562,36,,,1,9,,508563,36,,,1,10,,508564,36,,,1,12,,508565,36,,,1,13,,508566,36,,,1,52,,508567,36,,,1,15,,508568,36,,,1,14,,508569,36,,,1,14,,508570,36,,,1,57,,508571,36,,,1,18,,508572,36,,,1,17,,508573,36,,,1,19,,508574,36,,,1,58,,508575,36,,,1,18,,508576,36,,,1,19,,508577,36,,,1,58,,508578,36,,,1,18,,508579,36,,,1,18,,508580,36,,,1,58,,508581,36,,,1,18,,508582,36,,,1,18,,508583,36,,,1,58,,508584,36,,,1,17,,508585,36,,,1,18,,508586,36,,,1,18,,508587,36,,,1,58,,508588,36,,,1,18,,508589,36,,,1,18,,508590,36,,,1
80400,'20260520',638,,537221,36,,,1,16,,537222,36,,,1,56,,537223,36,,,1,16,,537224,36,,,1,16,,537225,36,,,1,16,,537226,36,,,1,55,,537227,36,,,1,14,,537228,36,,,1,14,,537229,36,,,1,14,,537230,36,,,1,52,,537231,36,,,1,15,,537232,36,,,1,16,,537233,36,,,1,15,,537234,36,,,1,55,,537235,36,,,1,15,,537236,36,,,1,15,,537237,36,,,1,15,,537238,36,,,1,55,,537239,36,,,1,15,,537240,36,,,1,17,,537241,36,,,1,15,,537242,36,,,1,55,,537243,36,,,1,15,,537244,36,,,1,15,,537245,36,,,1,15,,537246,36,,,1,55,,537247,36,,,1,15,,537248,36,,,1,16,,537249,36,,,1,14,,537250,36,,,1,55,,537251,36,,,1,15,,537252,36,,,1,15,,537253,36,,,1,15,,537254,36,,,1,54,,537255,36,,,1,15,,537256,36,,,1,15,,537257,36,,,1,17,,537258,36,,,1,53,,537259,36,,,1,13,,537260,36,,,1,14,,537261,36,,,1,11,,537262,36,,,1,12,,537263,36,,,1,50,,537264,36,,,1,9,,537265,36,,,1,10,,537266,36,,,1,12,,537267,36,,,1,13,,537268,36,,,1,52,,537269,36,,,1,15,,537270,36,,,1,14,,537271,36,,,1,14,,537272,36,,,1,57,,537273,36,,,1,18,,537274,36,,,1,17,,537275,36,,,1,19,,537276,36,,,1,58,,537277,36,,,1,18,,537278,36,,,1,19,,537279,36,,,1,58,,537280,36,,,1,18,,537281,36,,,1,18,,537282,36,,,1,58,,537283,36,,,1,18,,537284,36,,,1,18,,537285,36,,,1,58,,537286,36,,,1,17,,537287,36,,,1,18,,537288,36,,,1,18,,537289,36,,,1,58,,537290,36,,,1,18,,537291,36,,,1,18,,537292,36,,,1
80400,'20260521',638,,537293,36,,,1,16,,537294,36,,,1,56,,537295,36,,,1,16,,537296,36,,,1,16,,537297,36,,,1,16,,537298,36,,,1,55,,537299,36,,,1,14,,537300,36,,,1,14,,537301,36,,,1,14,,537302,36,,,1,52,,537303,36,,,1,15,,537304,36,,,1,16,,537305,36,,,1,15,,537306,36,,,1,55,,537307,36,,,1,15,,537308,36,,,1,15,,537309,36,,,1,15,,537310,36,,,1,55,,537311,36,,,1,15,,537312,36,,,1,17,,537313,36,,,1,15,,537314,36,,,1,55,,537315,36,,,1,15,,537316,36,,,1,15,,537317,36,,,1,15,,537318,36,,,1,55,,537319,36,,,1,15,,537320,36,,,1,16,,537321,36,,,1,14,,537322,36,,,1,55,,537323,36,,,1,15,,537324,36,,,1,15,,537325,36,,,1,15,,537326,36,,,1,54,,537327,36,,,1,15,,537328,36,,,1,15,,537329,36,,,1,17,,537330,36,,,1,53,,537331,36,,,1,13,,537332,36,,,1,14,,537333,36,,,1,11,,537334,36,,,1,12,,537335,36,,,1,50,,537336,36,,,1,9,,537337,36,,,1,10,,537338,36,,,1,12,,537339,36,,,1,13,,537340,36,,,1,52,,537341,36,,,1,15,,537342,36,,,1,14,,537343,36,,,1,14,,537344,36,,,1,57,,537345,36,,,1,18,,537346,36,,,1,17,,537347,36,,,1,19,,537348,36,,,1,58,,537349,36,,,1,18,,537350,36,,,1,19,,537351,36,,,1,58,,537352,36,,,1,18,,537353,36,,,1,18,,537354,36,,,1,58,,537355,36,,,1,18,,537356,36,,,1,18,,537357,36,,,1,58,,537358,36,,,1,17,,537359,36,,,1,18,,537360,36,,,1,18,,537361,36,,,1,58,,537362,36,,,1,18,,537363,36,,,1,18,,537364,36,,,1
80400,'20260522',638,,537365,36,,,1,16,,537366,36,,,1,56,,537367,36,,,1,16,,537368,36,,,1,16,,537369,36,,,1,16,,537370,36,,,1,55,,537371,36,,,1,14,,537372,36,,,1,14,,537373,36,,,1,14,,537374,36,,,1,52,,537375,36,,,1,15,,537376,36,,,1,16,,537377,36,,,1,15,,537378,36,,,1,55,,537379,36,,,1,15,,537380,36,,,1,15,,537381,36,,,1,15,,537382,36,,,1,55,,537383,36,,,1,15,,537384,36,,,1,17,,537385,36,,,1,15,,537386,36,,,1,55,,537387,36,,,1,15,,537388,36,,,1,15,,537389,36,,,1,15,,537390,36,,,1,55,,537391,36,,,1,15,,537392,36,,,1,16,,537393,36,,,1,14,,537394,36,,,1,55,,537395,36,,,1,15,,537396,36,,,1,15,,537397,36,,,1,15,,537398,36,,,1,54,,537399,36,,,1,15,,537400,36,,,1,15,,537401,36,,,1,17,,537402,36,,,1,53,,537403,36,,,1,13,,537404,36,,,1,14,,537405,36,,,1,11,,537406,36,,,1,12,,537407,36,,,1,50,,537408,36,,,1,9,,537409,36,,,1,10,,537410,36,,,1,12,,537411,36,,,1,13,,537412,36,,,1,52,,537413,36,,,1,15,,537414,36,,,1,14,,537415,36,,,1,14,,537416,36,,,1,57,,537417,36,,,1,18,,537418,36,,,1,17,,537419,36,,,1,19,,537420,36,,,1,58,,537421,36,,,1,18,,537422,36,,,1,19,,537423,36,,,1,58,,537424,36,,,1,18,,537425,36,,,1,18,,537426,36,,,1,58,,537427,36,,,1,18,,537428,36,,,1,18,,537429,36,,,1,58,,537430,36,,,1,17,,537431,36,,,1,18,,537432,36,,,1,18,,537433,36,,,1,58,,537434,36,,,1,18,,537435,36,,,1,18,,537436,36,,,1
80400,'20260523',718,,486385,36,,,1,17,,486338,36,,,1,19,,486339,36,,,1,59,,486340,36,,,1,18,,486386,36,,,1,19,,486390,36,,,1,59,,486341,36,,,1,17,,486342,36,,,1,17,,486381,36,,,1,58,,486391,36,,,1,18,,486387,36,,,1,18,,486382,36,,,1,18,,486389,36,,,1,59,,486343,36,,,1,17,,486383,36,,,1,18,,486344,36,,,1,59,,486384,36,,,1,15,,486345,36,,,1,15,,486392,36,,,1,15,,486346,36,,,1,55,,486347,36,,,1,15,,486348,36,,,1,15,,486349,36,,,1,15,,486350,36,,,1,55,,486351,36,,,1,15,,486352,36,,,1,15,,486353,36,,,1,15,,486354,36,,,1,55,,486355,36,,,1,15,,486356,36,,,1,15,,486357,36,,,1,15,,486358,36,,,1,55,,486359,36,,,1,15,,486360,36,,,1,15,,486361,36,,,1,15,,486362,36,,,1,55,,486363,36,,,1,14,,486364,36,,,1,16,,486365,36,,,1,16,,486366,36,,,1,54,,486367,36,,,1,14,,486368,36,,,1,19,,486369,36,,,1,59,,486393,36,,,1,19,,486388,36,,,1,18,,486394,36,,,1,18,,486370,36,,,1,57,,486395,36,,,1,19,,486371,36,,,1,18,,486372,36,,,1,58,,486396,36,,,1,18,,486373,36,,,1,18,,486397,36,,,1,58,,486374,36,,,1,18,,486375,36,,,1,19,,486398,36,,,1,18,,486376,36,,,1,58,,486399,36,,,1,18,,486377,36,,,1,18,,486378,36,,,1,57,,486400,36,,,1,18,,486379,36,,,1,18,,486380,36,,,1
80400,'20260524',718,,486449,36,,,1,17,,486401,36,,,1,19,,486453,36,,,1,59,,486402,36,,,1,18,,486403,36,,,1,19,,486451,36,,,1,59,,486404,36,,,1,17,,486405,36,,,1,17,,486406,36,,,1,58,,486447,36,,,1,18,,486454,36,,,1,18,,486450,36,,,1,18,,486407,36,,,1,59,,486455,36,,,1,17,,486408,36,,,1,18,,486409,36,,,1,59,,486410,36,,,1,15,,486448,36,,,1,15,,486411,36,,,1,15,,486412,36,,,1,55,,486413,36,,,1,15,,486414,36,,,1,15,,486415,36,,,1,15,,486416,36,,,1,55,,486417,36,,,1,15,,486418,36,,,1,15,,486419,36,,,1,15,,486420,36,,,1,55,,486421,36,,,1,15,,486422,36,,,1,15,,486423,36,,,1,15,,486424,36,,,1,55,,486425,36,,,1,15,,486426,36,,,1,15,,486427,36,,,1,15,,486428,36,,,1,55,,486429,36,,,1,14,,486430,36,,,1,16,,486431,36,,,1,16,,486432,36,,,1,54,,486433,36,,,1,14,,486434,36,,,1,19,,486456,36,,,1,59,,486435,36,,,1,19,,486452,36,,,1,18,,486457,36,,,1,18,,486436,36,,,1,57,,486458,36,,,1,19,,486437,36,,,1,18,,486438,36,,,1,58,,486459,36,,,1,18,,486439,36,,,1,18,,486460,36,,,1,58,,486440,36,,,1,18,,486441,36,,,1,19,,486461,36,,,1,18,,486442,36,,,1,58,,486462,36,,,1,18,,486443,36,,,1,18,,486444,36,,,1,57,,486463,36,,,1,18,,486445,36,,,1,18,,486446,36,,,1
80400,'20260525',638,,486531,36,,,1,16,,486464,36,,,1,56,,486465,36,,,1,16,,486527,36,,,1,16,,486476,36,,,1,16,,486478,36,,,1,55,,486479,36,,,1,14,,486532,36,,,1,14,,486480,36,,,1,14,,486481,36,,,1,52,,486482,36,,,1,15,,486483,36,,,1,16,,486484,36,,,1,15,,486520,36,,,1,55,,486524,36,,,1,15,,486485,36,,,1,15,,486486,36,,,1,15,,486487,36,,,1,55,,486521,36,,,1,15,,486488,36,,,1,17,,486489,36,,,1,15,,486525,36,,,1,55,,486490,36,,,1,15,,486491,36,,,1,15,,486492,36,,,1,15,,486493,36,,,1,55,,486494,36,,,1,15,,486522,36,,,1,16,,486495,36,,,1,14,,486496,36,,,1,55,,486497,36,,,1,15,,486498,36,,,1,15,,486529,36,,,1,15,,486499,36,,,1,54,,486500,36,,,1,15,,486501,36,,,1,15,,486502,36,,,1,17,,486503,36,,,1,53,,486504,36,,,1,13,,486505,36,,,1,14,,486506,36,,,1,11,,486507,36,,,1,12,,486508,36,,,1,50,,486509,36,,,1,9,,486526,36,,,1,10,,486510,36,,,1,12,,486511,36,,,1,13,,486512,36,,,1,52,,486513,36,,,1,15,,486514,36,,,1,14,,486477,36,,,1,14,,486475,36,,,1,57,,486474,36,,,1,18,,486515,36,,,1,17,,486516,36,,,1,19,,486517,36,,,1,58,,486519,36,,,1,18,,486466,36,,,1,19,,486523,36,,,1,58,,486467,36,,,1,18,,486528,36,,,1,18,,486468,36,,,1,58,,486530,36,,,1,18,,486469,36,,,1,18,,486470,36,,,1,58,,486533,36,,,1,17,,486471,36,,,1,18,,486534,36,,,1,18,,486472,36,,,1,58,,486473,36,,,1,18,,486535,36,,,1,18,,486518,36,,,1
80400,'20260526',638,,486603,36,,,1,16,,486536,36,,,1,56,,486537,36,,,1,16,,486599,36,,,1,16,,486548,36,,,1,16,,486550,36,,,1,55,,486551,36,,,1,14,,486604,36,,,1,14,,486552,36,,,1,14,,486553,36,,,1,52,,486554,36,,,1,15,,486555,36,,,1,16,,486556,36,,,1,15,,486592,36,,,1,55,,486596,36,,,1,15,,486557,36,,,1,15,,486558,36,,,1,15,,486559,36,,,1,55,,486593,36,,,1,15,,486560,36,,,1,17,,486561,36,,,1,15,,486597,36,,,1,55,,486562,36,,,1,15,,486563,36,,,1,15,,486564,36,,,1,15,,486565,36,,,1,55,,486566,36,,,1,15,,486594,36,,,1,16,,486567,36,,,1,14,,486568,36,,,1,55,,486569,36,,,1,15,,486570,36,,,1,15,,486601,36,,,1,15,,486571,36,,,1,54,,486572,36,,,1,15,,486573,36,,,1,15,,486574,36,,,1,17,,486575,36,,,1,53,,486576,36,,,1,13,,486577,36,,,1,14,,486578,36,,,1,11,,486579,36,,,1,12,,486580,36,,,1,50,,486581,36,,,1,9,,486598,36,,,1,10,,486582,36,,,1,12,,486583,36,,,1,13,,486584,36,,,1,52,,486585,36,,,1,15,,486586,36,,,1,14,,486549,36,,,1,14,,486547,36,,,1,57,,486546,36,,,1,18,,486587,36,,,1,17,,486588,36,,,1,19,,486589,36,,,1,58,,486591,36,,,1,18,,486538,36,,,1,19,,486595,36,,,1,58,,486539,36,,,1,18,,486600,36,,,1,18,,486540,36,,,1,58,,486602,36,,,1,18,,486541,36,,,1,18,,486542,36,,,1,58,,486605,36,,,1,17,,486543,36,,,1,18,,486606,36,,,1,18,,486544,36,,,1,58,,486545,36,,,1,18,,486607,36,,,1,18,,486590,36,,,1
80400,'20260527',638,,508658,36,,,1,16,,508591,36,,,1,56,,508592,36,,,1,16,,508654,36,,,1,16,,508603,36,,,1,16,,508605,36,,,1,55,,508606,36,,,1,14,,508659,36,,,1,14,,508607,36,,,1,14,,508608,36,,,1,52,,508609,36,,,1,15,,508610,36,,,1,16,,508611,36,,,1,15,,508647,36,,,1,55,,508651,36,,,1,15,,508612,36,,,1,15,,508613,36,,,1,15,,508614,36,,,1,55,,508648,36,,,1,15,,508615,36,,,1,17,,508616,36,,,1,15,,508652,36,,,1,55,,508617,36,,,1,15,,508618,36,,,1,15,,508619,36,,,1,15,,508620,36,,,1,55,,508621,36,,,1,15,,508649,36,,,1,16,,508622,36,,,1,14,,508623,36,,,1,55,,508624,36,,,1,15,,508625,36,,,1,15,,508656,36,,,1,15,,508626,36,,,1,54,,508627,36,,,1,15,,508628,36,,,1,15,,508629,36,,,1,17,,508630,36,,,1,53,,508631,36,,,1,13,,508632,36,,,1,14,,508633,36,,,1,11,,508634,36,,,1,12,,508635,36,,,1,50,,508636,36,,,1,9,,508653,36,,,1,10,,508637,36,,,1,12,,508638,36,,,1,13,,508639,36,,,1,52,,508640,36,,,1,15,,508641,36,,,1,14,,508604,36,,,1,14,,508602,36,,,1,57,,508601,36,,,1,18,,508642,36,,,1,17,,508643,36,,,1,19,,508644,36,,,1,58,,508646,36,,,1,18,,508593,36,,,1,19,,508650,36,,,1,58,,508594,36,,,1,18,,508655,36,,,1,18,,508595,36,,,1,58,,508657,36,,,1,18,,508596,36,,,1,18,,508597,36,,,1,58,,508660,36,,,1,17,,508598,36,,,1,18,,508661,36,,,1,18,,508599,36,,,1,58,,508600,36,,,1,18,,508662,36,,,1,18,,508645,36,,,1
80400,'20260528',638,,508730,36,,,1,16,,508663,36,,,1,56,,508664,36,,,1,16,,508726,36,,,1,16,,508675,36,,,1,16,,508677,36,,,1,55,,508678,36,,,1,14,,508731,36,,,1,14,,508679,36,,,1,14,,508680,36,,,1,52,,508681,36,,,1,15,,508682,36,,,1,16,,508683,36,,,1,15,,508719,36,,,1,55,,508723,36,,,1,15,,508684,36,,,1,15,,508685,36,,,1,15,,508686,36,,,1,55,,508720,36,,,1,15,,508687,36,,,1,17,,508688,36,,,1,15,,508724,36,,,1,55,,508689,36,,,1,15,,508690,36,,,1,15,,508691,36,,,1,15,,508692,36,,,1,55,,508693,36,,,1,15,,508721,36,,,1,16,,508694,36,,,1,14,,508695,36,,,1,55,,508696,36,,,1,15,,508697,36,,,1,15,,508728,36,,,1,15,,508698,36,,,1,54,,508699,36,,,1,15,,508700,36,,,1,15,,508701,36,,,1,17,,508702,36,,,1,53,,508703,36,,,1,13,,508704,36,,,1,14,,508705,36,,,1,11,,508706,36,,,1,12,,508707,36,,,1,50,,508708,36,,,1,9,,508725,36,,,1,10,,508709,36,,,1,12,,508710,36,,,1,13,,508711,36,,,1,52,,508712,36,,,1,15,,508713,36,,,1,14,,508676,36,,,1,14,,508674,36,,,1,57,,508673,36,,,1,18,,508714,36,,,1,17,,508715,36,,,1,19,,508716,36,,,1,58,,508718,36,,,1,18,,508665,36,,,1,19,,508722,36,,,1,58,,508666,36,,,1,18,,508727,36,,,1,18,,508667,36,,,1,58,,508729,36,,,1,18,,508668,36,,,1,18,,508669,36,,,1,58,,508732,36,,,1,17,,508670,36,,,1,18,,508733,36,,,1,18,,508671,36,,,1,58,,508672,36,,,1,18,,508734,36,,,1,18,,508717,36,,,1
80400,'20260529',638,,537504,36,,,1,16,,537437,36,,,1,56,,537438,36,,,1,16,,537500,36,,,1,16,,537449,36,,,1,16,,537451,36,,,1,55,,537452,36,,,1,14,,537505,36,,,1,14,,537453,36,,,1,14,,537454,36,,,1,52,,537455,36,,,1,15,,537456,36,,,1,16,,537457,36,,,1,15,,537493,36,,,1,55,,537497,36,,,1,15,,537458,36,,,1,15,,537459,36,,,1,15,,537460,36,,,1,55,,537494,36,,,1,15,,537461,36,,,1,17,,537462,36,,,1,15,,537498,36,,,1,55,,537463,36,,,1,15,,537464,36,,,1,15,,537465,36,,,1,15,,537466,36,,,1,55,,537467,36,,,1,15,,537495,36,,,1,16,,537468,36,,,1,14,,537469,36,,,1,55,,537470,36,,,1,15,,537471,36,,,1,15,,537502,36,,,1,15,,537472,36,,,1,54,,537473,36,,,1,15,,537474,36,,,1,15,,537475,36,,,1,17,,537476,36,,,1,53,,537477,36,,,1,13,,537478,36,,,1,14,,537479,36,,,1,11,,537480,36,,,1,12,,537481,36,,,1,50,,537482,36,,,1,9,,537499,36,,,1,10,,537483,36,,,1,12,,537484,36,,,1,13,,537485,36,,,1,52,,537486,36,,,1,15,,537487,36,,,1,14,,537450,36,,,1,14,,537448,36,,,1,57,,537447,36,,,1,18,,537488,36,,,1,17,,537489,36,,,1,19,,537490,36,,,1,58,,537492,36,,,1,18,,537439,36,,,1,19,,537496,36,,,1,58,,537440,36,,,1,18,,537501,36,,,1,18,,537441,36,,,1,58,,537503,36,,,1,18,,537442,36,,,1,18,,537443,36,,,1,58,,537506,36,,,1,17,,537444,36,,,1,18,,537507,36,,,1,18,,537445,36,,,1,58,,537446,36,,,1,18,,537508,36,,,1,18,,537491,36,,,1
80400,'20260530',718,,537556,36,,,1,17,,537509,36,,,1,19,,537510,36,,,1,59,,537511,36,,,1,18,,537557,36,,,1,19,,537561,36,,,1,59,,537512,36,,,1,17,,537513,36,,,1,17,,537552,36,,,1,58,,537562,36,,,1,18,,537558,36,,,1,18,,537553,36,,,1,18,,537560,36,,,1,59,,537514,36,,,1,17,,537554,36,,,1,18,,537515,36,,,1,59,,537555,36,,,1,15,,537516,36,,,1,15,,537563,36,,,1,15,,537517,36,,,1,55,,537518,36,,,1,15,,537519,36,,,1,15,,537520,36,,,1,15,,537521,36,,,1,55,,537522,36,,,1,15,,537523,36,,,1,15,,537524,36,,,1,15,,537525,36,,,1,55,,537526,36,,,1,15,,537527,36,,,1,15,,537528,36,,,1,15,,537529,36,,,1,55,,537530,36,,,1,15,,537531,36,,,1,15,,537532,36,,,1,15,,537533,36,,,1,55,,537534,36,,,1,14,,537535,36,,,1,16,,537536,36,,,1,16,,537537,36,,,1,54,,537538,36,,,1,14,,537539,36,,,1,19,,537540,36,,,1,59,,537564,36,,,1,19,,537559,36,,,1,18,,537565,36,,,1,18,,537541,36,,,1,57,,537566,36,,,1,19,,537542,36,,,1,18,,537543,36,,,1,58,,537567,36,,,1,18,,537544,36,,,1,18,,537568,36,,,1,58,,537545,36,,,1,18,,537546,36,,,1,19,,537569,36,,,1,18,,537547,36,,,1,58,,537570,36,,,1,18,,537548,36,,,1,18,,537549,36,,,1,57,,537571,36,,,1,18,,537550,36,,,1,18,,537551,36,,,1
80400,'20260531',718,,537620,36,,,1,17,,537572,36,,,1,19,,537624,36,,,1,59,,537573,36,,,1,18,,537574,36,,,1,19,,537622,36,,,1,59,,537575,36,,,1,17,,537576,36,,,1,17,,537577,36,,,1,58,,537618,36,,,1,18,,537625,36,,,1,18,,537621,36,,,1,18,,537578,36,,,1,59,,537626,36,,,1,17,,537579,36,,,1,18,,537580,36,,,1,59,,537581,36,,,1,15,,537619,36,,,1,15,,537582,36,,,1,15,,537583,36,,,1,55,,537584,36,,,1,15,,537585,36,,,1,15,,537586,36,,,1,15,,537587,36,,,1,55,,537588,36,,,1,15,,537589,36,,,1,15,,537590,36,,,1,15,,537591,36,,,1,55,,537592,36,,,1,15,,537593,36,,,1,15,,537594,36,,,1,15,,537595,36,,,1,55,,537596,36,,,1,15,,537597,36,,,1,15,,537598,36,,,1,15,,537599,36,,,1,55,,537600,36,,,1,14,,537601,36,,,1,16,,537602,36,,,1,16,,537603,36,,,1,54,,537604,36,,,1,14,,537605,36,,,1,19,,537627,36,,,1,59,,537606,36,,,1,19,,537623,36,,,1,18,,537628,36,,,1,18,,537607,36,,,1,57,,537629,36,,,1,19,,537608,36,,,1,18,,537609,36,,,1,58,,537630,36,,,1,18,,537610,36,,,1,18,,537631,36,,,1,58,,537611,36,,,1,18,,537612,36,,,1,19,,537632,36,,,1,18,,537613,36,,,1,58,,537633,36,,,1,18,,537614,36,,,1,18,,537615,36,,,1,57,,537634,36,,,1,18,,537616,36,,,1,18,,537617,36,,,1
80400,'20260601',638,,537702,36,,,1,16,,537635,36,,,1,56,,537636,36,,,1,16,,537698,36,,,1,16,,537647,36,,,1,16,,537649,36,,,1,55,,537650,36,,,1,14,,537703,36,,,1,14,,537651,36,,,1,14,,537652,36,,,1,52,,537653,36,,,1,15,,537654,36,,,1,16,,537655,36,,,1,15,,537691,36,,,1,55,,537695,36,,,1,15,,537656,36,,,1,15,,537657,36,,,1,15,,537658,36,,,1,55,,537692,36,,,1,15,,537659,36,,,1,17,,537660,36,,,1,15,,537696,36,,,1,55,,537661,36,,,1,15,,537662,36,,,1,15,,537663,36,,,1,15,,537664,36,,,1,55,,537665,36,,,1,15,,537693,36,,,1,16,,537666,36,,,1,14,,537667,36,,,1,55,,537668,36,,,1,15,,537669,36,,,1,15,,537700,36,,,1,15,,537670,36,,,1,54,,537671,36,,,1,15,,537672,36,,,1,15,,537673,36,,,1,17,,537674,36,,,1,53,,537675,36,,,1,13,,537676,36,,,1,14,,537677,36,,,1,11,,537678,36,,,1,12,,537679,36,,,1,50,,537680,36,,,1,9,,537697,36,,,1,10,,537681,36,,,1,12,,537682,36,,,1,13,,537683,36,,,1,52,,537684,36,,,1,15,,537685,36,,,1,14,,537648,36,,,1,14,,537646,36,,,1,57,,537645,36,,,1,18,,537686,36,,,1,17,,537687,36,,,1,19,,537688,36,,,1,58,,537690,36,,,1,18,,537637,36,,,1,19,,537694,36,,,1,58,,537638,36,,,1,18,,537699,36,,,1,18,,537639,36,,,1,58,,537701,36,,,1,18,,537640,36,,,1,18,,537641,36,,,1,58,,537704,36,,,1,17,,537642,36,,,1,18,,537705,36,,,1,18,,537643,36,,,1,58,,537644,36,,,1,18,,537706,36,,,1,18,,537689,36,,,1
80400,'20260602',638,,537774,36,,,1,16,,537707,36,,,1,56,,537708,36,,,1,16,,537770,36,,,1,16,,537719,36,,,1,16,,537721,36,,,1,55,,537722,36,,,1,14,,537775,36,,,1,14,,537723,36,,,1,14,,537724,36,,,1,52,,537725,36,,,1,15,,537726,36,,,1,16,,537727,36,,,1,15,,537763,36,,,1,55,,537767,36,,,1,15,,537728,36,,,1,15,,537729,36,,,1,15,,537730,36,,,1,55,,537764,36,,,1,15,,537731,36,,,1,17,,537732,36,,,1,15,,537768,36,,,1,55,,537733,36,,,1,15,,537734,36,,,1,15,,537735,36,,,1,15,,537736,36,,,1,55,,537737,36,,,1,15,,537765,36,,,1,16,,537738,36,,,1,14,,537739,36,,,1,55,,537740,36,,,1,15,,537741,36,,,1,15,,537772,36,,,1,15,,537742,36,,,1,54,,537743,36,,,1,15,,537744,36,,,1,15,,537745,36,,,1,17,,537746,36,,,1,53,,537747,36,,,1,13,,537748,36,,,1,14,,537749,36,,,1,11,,537750,36,,,1,12,,537751,36,,,1,50,,537752,36,,,1,9,,537769,36,,,1,10,,537753,36,,,1,12,,537754,36,,,1,13,,537755,36,,,1,52,,537756,36,,,1,15,,537757,36,,,1,14,,537720,36,,,1,14,,537718,36,,,1,57,,537717,36,,,1,18,,537758,36,,,1,17,,537759,36,,,1,19,,537760,36,,,1,58,,537762,36,,,1,18,,537709,36,,,1,19,,537766,36,,,1,58,,537710,36,,,1,18,,537771,36,,,1,18,,537711,36,,,1,58,,537773,36,,,1,18,,537712,36,,,1,18,,537713,36,,,1,58,,537776,36,,,1,17,,537714,36,,,1,18,,537777,36,,,1,18,,537715,36,,,1,58,,537716,36,,,1,18,,537778,36,,,1,18,,537761,36,,,1
90400,'20260522',2604,,542141,36,,,0
90400,'20260523',2604,,490990,36,,,0
90400,'20260529',2604,,542142,36,,,0
90400,'20260530',2604,,542143,36,,,0
