7900,'20260717',658,,949949,12,,,0,100,,949950,12,,,0,100,,949951,12,,,0,100,,949952,12,,,0,100,,949953,12,,,0,100,,949954,12,,,0,100,,949955,12,,,0,100,,949956,12,,,0,100,,949957,12,,,0,100,,949958,12,,,0,101,,949959,12,,,0,99,,949960,12,,,0,100,,949961,12,,,0,100,,949962,12,,,0,100,,949963,12,,,0,99,,949964,12,,,0,100,,949965,12,,,0
7900,'20260718',727,,980403,12,,,0,30,,980404,12,,,0,100,,980405,12,,,0,100,,980406,12,,,0,100,,980407,12,,,0,100,,980408,12,,,0,100,,980409,12,,,0,101,,980410,12,,,0,100,,980411,12,,,0,100,,980412,12,,,0,100,,980413,12,,,0,100,,980414,12,,,0,99,,980415,12,,,0,100,,980416,12,,,0,100,,980417,12,,,0,100,,980418,12,,,0,100,,980419,12,,,0
7900,'20260719',727,,980420,12,,,0,30,,980421,12,,,0,100,,980422,12,,,0,100,,980423,12,,,0,100,,980424,12,,,0,100,,980425,12,,,0,100,,980426,12,,,0,101,,980427,12,,,0,100,,980428,12,,,0,100,,980429,12,,,0,100,,980430,12,,,0,100,,980431,12,,,0,99,,980432,12,,,0,100,,980433,12,,,0,100,,980434,12,,,0,100,,980435,12,,,0,100,,980436,12,,,0
7900,'20260720',658,,980437,12,,,0,100,,980438,12,,,0,100,,980439,12,,,0,100,,980440,12,,,0,100,,980441,12,,,0,100,,980442,12,,,0,100,,980443,12,,,0,100,,980444,12,,,0,100,,980445,12,,,0,100,,980446,12,,,0,101,,980447,12,,,0,99,,980448,12,,,0,100,,980449,12,,,0,100,,980450,12,,,0,100,,980451,12,,,0,99,,980452,12,,,0,100,,980453,12,,,0
7900,'20260721',658,,980454,12,,,0,100,,980455,12,,,0,100,,980456,12,,,0,100,,980457,12,,,0,100,,980458,12,,,0,100,,980459,12,,,0,100,,980460,12,,,0,100,,980461,12,,,0,100,,980462,12,,,0,100,,980463,12,,,0,101,,980464,12,,,0,99,,980465,12,,,0,100,,980466,12,,,0,100,,980467,12,,,0,100,,980468,12,,,0,99,,980469,12,,,0,100,,980470,12,,,0
7900,'20260722',658,,980471,12,,,0,100,,980472,12,,,0,100,,980473,12,,,0,100,,980474,12,,,0,100,,980475,12,,,0,100,,980476,12,,,0,100,,980477,12,,,0,100,,980478,12,,,0,100,,980479,12,,,0,100,,980480,12,,,0,101,,980481,12,,,0,99,,980482,12,,,0,100,,980483,12,,,0,100,,980484,12,,,0,100,,980485,12,,,0,99,,980486,12,,,0,100,,980487,12,,,0
7900,'20260723',658,,980488,12,,,0,100,,980489,12,,,0,100,,980490,12,,,0,100,,980491,12,,,0,100,,980492,12,,,0,100,,980493,12,,,0,100,,980494,12,,,0,100,,980495,12,,,0,100,,980496,12,,,0,100,,980497,12,,,0,101,,980498,12,,,0,99,,980499,12,,,0,100,,980500,12,,,0,100,,980501,12,,,0,100,,980502,12,,,0,99,,980503,12,,,0,100,,980504,12,,,0
7900,'20260724',658,,949981,12,,,0,100,,949979,12,,,0,100,,949982,12,,,0,100,,949980,12,,,0,100,,949966,12,,,0,100,,949967,12,,,0,100,,949968,12,,,0,100,,949969,12,,,0,100,,949970,12,,,0,100,,949971,12,,,0,101,,949972,12,,,0,99,,949973,12,,,0,100,,949974,12,,,0,100,,949975,12,,,0,100,,949976,12,,,0,99,,949977,12,,,0,100,,949978,12,,,0
7900,'20260725',727,,949999,12,,,0,30,,949990,12,,,0,100,,949991,12,,,0,100,,949992,12,,,0,100,,949988,12,,,0,100,,949994,12,,,0,100,,949983,12,,,0,101,,949995,12,,,0,100,,949989,12,,,0,100,,949997,12,,,0,100,,949984,12,,,0,100,,949985,12,,,0,99,,949998,12,,,0,100,,949996,12,,,0,100,,949986,12,,,0,100,,949993,12,,,0,100,,949987,12,,,0
7900,'20260726',727,,950016,12,,,0,30,,950007,12,,,0,100,,950008,12,,,0,100,,950009,12,,,0,100,,950004,12,,,0,100,,950010,12,,,0,100,,950000,12,,,0,101,,950011,12,,,0,100,,950005,12,,,0,100,,950012,12,,,0,100,,950001,12,,,0,100,,950002,12,,,0,99,,950013,12,,,0,100,,950014,12,,,0,100,,950006,12,,,0,100,,950015,12,,,0,100,,950003,12,,,0
7900,'20260727',658,,950032,12,,,0,100,,950030,12,,,0,100,,950033,12,,,0,100,,950031,12,,,0,100,,950017,12,,,0,100,,950018,12,,,0,100,,950019,12,,,0,100,,950020,12,,,0,100,,950021,12,,,0,100,,950022,12,,,0,101,,950023,12,,,0,99,,950024,12,,,0,100,,950025,12,,,0,100,,950026,12,,,0,100,,950027,12,,,0,99,,950028,12,,,0,100,,950029,12,,,0
7900,'20260728',658,,950049,12,,,0,100,,950047,12,,,0,100,,950050,12,,,0,100,,950048,12,,,0,100,,950034,12,,,0,100,,950035,12,,,0,100,,950036,12,,,0,100,,950037,12,,,0,100,,950038,12,,,0,100,,950039,12,,,0,101,,950040,12,,,0,99,,950041,12,,,0,100,,950042,12,,,0,100,,950043,12,,,0,100,,950044,12,,,0,99,,950045,12,,,0,100,,950046,12,,,0
7900,'20260729',658,,980520,12,,,0,100,,980518,12,,,0,100,,980521,12,,,0,100,,980519,12,,,0,100,,980505,12,,,0,100,,980506,12,,,0,100,,980507,12,,,0,100,,980508,12,,,0,100,,980509,12,,,0,100,,980510,12,,,0,101,,980511,12,,,0,99,,980512,12,,,0,100,,980513,12,,,0,100,,980514,12,,,0,100,,980515,12,,,0,99,,980516,12,,,0,100,,980517,12,,,0
7900,'20260730',658,,980537,12,,,0,100,,980535,12,,,0,100,,980538,12,,,0,100,,980536,12,,,0,100,,980522,12,,,0,100,,980523,12,,,0,100,,980524,12,,,0,100,,980525,12,,,0,100,,980526,12,,,0,100,,980527,12,,,0,101,,980528,12,,,0,99,,980529,12,,,0,100,,980530,12,,,0,100,,980531,12,,,0,100,,980532,12,,,0,99,,980533,12,,,0,100,,980534,12,,,0
7900,'20260731',658,,980554,12,,,0,100,,980552,12,,,0,100,,980555,12,,,0,100,,980553,12,,,0,100,,980539,12,,,0,100,,980540,12,,,0,100,,980541,12,,,0,100,,980542,12,,,0,100,,980543,12,,,0,100,,980544,12,,,0,101,,980545,12,,,0,99,,980546,12,,,0,100,,980547,12,,,0,100,,980548,12,,,0,100,,980549,12,,,0,99,,980550,12,,,0,100,,980551,12,,,0
