23901,'20260427',653,,345148,23,,,0,58,,345149,23,,,0,18,,345150,23,,,0,28,,345151,23,,,0,57,,345152,23,,,0
23901,'20260428',653,,345153,23,,,0,58,,345154,23,,,0,18,,345155,23,,,0,28,,345156,23,,,0,57,,345157,23,,,0
23901,'20260429',653,,371454,23,,,0,58,,371455,23,,,0,18,,371456,23,,,0,28,,371457,23,,,0,57,,371458,23,,,0
23901,'20260430',653,,371459,23,,,0,58,,371460,23,,,0,18,,371461,23,,,0,28,,371462,23,,,0,57,,371463,23,,,0
23901,'20260501',653,,371464,23,,,0,58,,371465,23,,,0,18,,371466,23,,,0,28,,371467,23,,,0,57,,371468,23,,,0
23901,'20260504',653,,318818,23,,,0,58,,318819,23,,,0,18,,318822,23,,,0,28,,318820,23,,,0,57,,318821,23,,,0
23901,'20260505',653,,345158,23,,,0,58,,345159,23,,,0,18,,345162,23,,,0,28,,345160,23,,,0,57,,345161,23,,,0
23901,'20260506',653,,345163,23,,,0,58,,345164,23,,,0,18,,345167,23,,,0,28,,345165,23,,,0,57,,345166,23,,,0
23901,'20260507',653,,345168,23,,,0,58,,345169,23,,,0,18,,345172,23,,,0,28,,345170,23,,,0,57,,345171,23,,,0
23901,'20260508',653,,371469,23,,,0,58,,371470,23,,,0,18,,371473,23,,,0,28,,371471,23,,,0,57,,371472,23,,,0
23901,'20260511',653,,371474,23,,,0,58,,371475,23,,,0,18,,371478,23,,,0,28,,371476,23,,,0,57,,371477,23,,,0
