7202,'20260720',533,,979108,7,,,0,70,,979109,7,,,0,28,,979110,7,,,0,26,,979111,7,,,0,66,,979112,7,,,0,30,,979113,7,,,0,74,,979114,7,,,0,73,,979115,7,,,0,30,,979116,7,,,0,71,,979117,7,,,0,30,,979118,7,,,0,70,,979119,7,,,0,30,,979120,7,,,0,70,,979121,7,,,0,29,,979122,7,,,0,70,,979123,7,,,0,30,,979124,7,,,0,70,,979125,7,,,0,28,,979126,7,,,0,29,,979127,7,,,0,66,,979128,7,,,0,28,,979129,7,,,0,66,,979130,7,,,0,34,,979131,7,,,0,73,,979132,7,,,0,34,,979133,7,,,0,72,,979134,7,,,0,100,,979135,7,,,0,100,,979136,7,,,0,101,,979137,7,,,0,102,,979138,7,,,0,100,,979139,7,,,0
7202,'20260721',533,,979140,7,,,0,70,,979141,7,,,0,28,,979142,7,,,0,26,,979143,7,,,0,66,,979144,7,,,0,30,,979145,7,,,0,74,,979146,7,,,0,73,,979147,7,,,0,30,,979148,7,,,0,71,,979149,7,,,0,30,,979150,7,,,0,70,,979151,7,,,0,30,,979152,7,,,0,70,,979153,7,,,0,29,,979154,7,,,0,70,,979155,7,,,0,30,,979156,7,,,0,70,,979157,7,,,0,28,,979158,7,,,0,29,,979159,7,,,0,66,,979160,7,,,0,28,,979161,7,,,0,66,,979162,7,,,0,34,,979163,7,,,0,73,,979164,7,,,0,34,,979165,7,,,0,72,,979166,7,,,0,100,,979167,7,,,0,100,,979168,7,,,0,101,,979169,7,,,0,102,,979170,7,,,0,100,,979171,7,,,0
7202,'20260722',533,,979172,7,,,0,70,,979173,7,,,0,28,,979174,7,,,0,26,,979175,7,,,0,66,,979176,7,,,0,30,,979177,7,,,0,74,,979178,7,,,0,73,,979179,7,,,0,30,,979180,7,,,0,71,,979181,7,,,0,30,,979182,7,,,0,70,,979183,7,,,0,30,,979184,7,,,0,70,,979185,7,,,0,29,,979186,7,,,0,70,,979187,7,,,0,30,,979188,7,,,0,70,,979189,7,,,0,28,,979190,7,,,0,29,,979191,7,,,0,66,,979192,7,,,0,28,,979193,7,,,0,66,,979194,7,,,0,34,,979195,7,,,0,73,,979196,7,,,0,34,,979197,7,,,0,72,,979198,7,,,0,100,,979199,7,,,0,100,,979200,7,,,0,101,,979201,7,,,0,102,,979202,7,,,0,100,,979203,7,,,0
7202,'20260723',533,,979204,7,,,0,70,,979205,7,,,0,28,,979206,7,,,0,26,,979207,7,,,0,66,,979208,7,,,0,30,,979209,7,,,0,74,,979210,7,,,0,73,,979211,7,,,0,30,,979212,7,,,0,71,,979213,7,,,0,30,,979214,7,,,0,70,,979215,7,,,0,30,,979216,7,,,0,70,,979217,7,,,0,29,,979218,7,,,0,70,,979219,7,,,0,30,,979220,7,,,0,70,,979221,7,,,0,28,,979222,7,,,0,29,,979223,7,,,0,66,,979224,7,,,0,28,,979225,7,,,0,66,,979226,7,,,0,34,,979227,7,,,0,73,,979228,7,,,0,34,,979229,7,,,0,72,,979230,7,,,0,100,,979231,7,,,0,100,,979232,7,,,0,101,,979233,7,,,0,102,,979234,7,,,0,100,,979235,7,,,0
7202,'20260724',533,,1004534,7,,,0,70,,1004535,7,,,0,28,,1004536,7,,,0,26,,1004537,7,,,0,66,,1004538,7,,,0,30,,1004539,7,,,0,74,,1004540,7,,,0,73,,1004541,7,,,0,30,,1004542,7,,,0,71,,1004543,7,,,0,30,,1004544,7,,,0,70,,1004545,7,,,0,30,,1004546,7,,,0,70,,1004547,7,,,0,29,,1004548,7,,,0,70,,1004549,7,,,0,30,,1004550,7,,,0,70,,1004551,7,,,0,28,,1004552,7,,,0,29,,1004553,7,,,0,66,,1004554,7,,,0,28,,1004555,7,,,0,66,,1004556,7,,,0,34,,1004557,7,,,0,73,,1004558,7,,,0,34,,1004559,7,,,0,72,,1004560,7,,,0,100,,1004561,7,,,0,100,,1004562,7,,,0,101,,1004563,7,,,0,102,,1004564,7,,,0,100,,1004565,7,,,0
7202,'20260725',633,,948869,7,,,0,100,,948870,7,,,0,100,,948871,7,,,0,99,,948872,7,,,0,100,,948873,7,,,0,98,,948874,7,,,0,100,,948875,7,,,0,100,,948876,7,,,0,98,,948877,7,,,0,102,,948878,7,,,0,100,,948879,7,,,0,101,,948880,7,,,0,100,,948881,7,,,0,102,,948882,7,,,0,100,,948883,7,,,0,100,,948884,7,,,0,101,,948885,7,,,0,100,,948886,7,,,0
7202,'20260726',633,,948887,7,,,0,100,,948888,7,,,0,100,,948889,7,,,0,99,,948890,7,,,0,100,,948891,7,,,0,98,,948892,7,,,0,100,,948893,7,,,0,100,,948894,7,,,0,98,,948895,7,,,0,102,,948896,7,,,0,100,,948897,7,,,0,101,,948898,7,,,0,100,,948899,7,,,0,102,,948900,7,,,0,100,,948901,7,,,0,100,,948902,7,,,0,101,,948903,7,,,0,100,,948904,7,,,0
7202,'20260727',533,,948905,7,,,0,70,,948906,7,,,0,28,,948907,7,,,0,26,,948908,7,,,0,66,,948909,7,,,0,30,,948910,7,,,0,74,,948911,7,,,0,73,,948927,7,,,0,30,,948912,7,,,0,71,,948928,7,,,0,30,,948913,7,,,0,70,,948929,7,,,0,30,,948914,7,,,0,70,,948930,7,,,0,29,,948915,7,,,0,70,,948931,7,,,0,30,,948916,7,,,0,70,,948932,7,,,0,28,,948917,7,,,0,29,,948933,7,,,0,66,,948918,7,,,0,28,,948934,7,,,0,66,,948919,7,,,0,34,,948935,7,,,0,73,,948920,7,,,0,34,,948936,7,,,0,72,,948921,7,,,0,100,,948922,7,,,0,100,,948923,7,,,0,101,,948924,7,,,0,102,,948925,7,,,0,100,,948926,7,,,0
7202,'20260728',533,,948937,7,,,0,70,,948938,7,,,0,28,,948939,7,,,0,26,,948940,7,,,0,66,,948941,7,,,0,30,,948942,7,,,0,74,,948943,7,,,0,73,,948959,7,,,0,30,,948944,7,,,0,71,,948960,7,,,0,30,,948945,7,,,0,70,,948961,7,,,0,30,,948946,7,,,0,70,,948962,7,,,0,29,,948947,7,,,0,70,,948963,7,,,0,30,,948948,7,,,0,70,,948964,7,,,0,28,,948949,7,,,0,29,,948965,7,,,0,66,,948950,7,,,0,28,,948966,7,,,0,66,,948951,7,,,0,34,,948967,7,,,0,73,,948952,7,,,0,34,,948968,7,,,0,72,,948953,7,,,0,100,,948954,7,,,0,100,,948955,7,,,0,101,,948956,7,,,0,102,,948957,7,,,0,100,,948958,7,,,0
7202,'20260729',533,,979236,7,,,0,70,,979237,7,,,0,28,,979238,7,,,0,26,,979239,7,,,0,66,,979240,7,,,0,30,,979241,7,,,0,74,,979242,7,,,0,73,,979258,7,,,0,30,,979243,7,,,0,71,,979259,7,,,0,30,,979244,7,,,0,70,,979260,7,,,0,30,,979245,7,,,0,70,,979261,7,,,0,29,,979246,7,,,0,70,,979262,7,,,0,30,,979247,7,,,0,70,,979263,7,,,0,28,,979248,7,,,0,29,,979264,7,,,0,66,,979249,7,,,0,28,,979265,7,,,0,66,,979250,7,,,0,34,,979266,7,,,0,73,,979251,7,,,0,34,,979267,7,,,0,72,,979252,7,,,0,100,,979253,7,,,0,100,,979254,7,,,0,101,,979255,7,,,0,102,,979256,7,,,0,100,,979257,7,,,0
7202,'20260730',533,,979268,7,,,0,70,,979269,7,,,0,28,,979270,7,,,0,26,,979271,7,,,0,66,,979272,7,,,0,30,,979273,7,,,0,74,,979274,7,,,0,73,,979290,7,,,0,30,,979275,7,,,0,71,,979291,7,,,0,30,,979276,7,,,0,70,,979292,7,,,0,30,,979277,7,,,0,70,,979293,7,,,0,29,,979278,7,,,0,70,,979294,7,,,0,30,,979279,7,,,0,70,,979295,7,,,0,28,,979280,7,,,0,29,,979296,7,,,0,66,,979281,7,,,0,28,,979297,7,,,0,66,,979282,7,,,0,34,,979298,7,,,0,73,,979283,7,,,0,34,,979299,7,,,0,72,,979284,7,,,0,100,,979285,7,,,0,100,,979286,7,,,0,101,,979287,7,,,0,102,,979288,7,,,0,100,,979289,7,,,0
7202,'20260731',533,,979300,7,,,0,70,,979301,7,,,0,28,,979302,7,,,0,26,,979303,7,,,0,66,,979304,7,,,0,30,,979305,7,,,0,74,,979306,7,,,0,73,,979322,7,,,0,30,,979307,7,,,0,71,,979323,7,,,0,30,,979308,7,,,0,70,,979324,7,,,0,30,,979309,7,,,0,70,,979325,7,,,0,29,,979310,7,,,0,70,,979326,7,,,0,30,,979311,7,,,0,70,,979327,7,,,0,28,,979312,7,,,0,29,,979328,7,,,0,66,,979313,7,,,0,28,,979329,7,,,0,66,,979314,7,,,0,34,,979330,7,,,0,73,,979315,7,,,0,34,,979331,7,,,0,72,,979316,7,,,0,100,,979317,7,,,0,100,,979318,7,,,0,101,,979319,7,,,0,102,,979320,7,,,0,100,,979321,7,,,0
7202,'20260801',633,,1004566,7,,,0,100,,1004567,7,,,0,100,,1004568,7,,,0,99,,1004569,7,,,0,100,,1004570,7,,,0,98,,1004571,7,,,0,100,,1004572,7,,,0,100,,1004573,7,,,0,98,,1004574,7,,,0,102,,1004575,7,,,0,100,,1004576,7,,,0,101,,1004577,7,,,0,100,,1004578,7,,,0,102,,1004579,7,,,0,100,,1004580,7,,,0,100,,1004581,7,,,0,101,,1004582,7,,,0,100,,1004583,7,,,0
7202,'20260802',633,,1004584,7,,,0,100,,1004585,7,,,0,100,,1004586,7,,,0,99,,1004587,7,,,0,100,,1004588,7,,,0,98,,1004589,7,,,0,100,,1004590,7,,,0,100,,1004591,7,,,0,98,,1004592,7,,,0,102,,1004593,7,,,0,100,,1004594,7,,,0,101,,1004595,7,,,0,100,,1004596,7,,,0,102,,1004597,7,,,0,100,,1004598,7,,,0,100,,1004599,7,,,0,101,,1004600,7,,,0,100,,1004601,7,,,0
7202,'20260803',533,,1004602,7,,,0,70,,1004603,7,,,0,28,,1004604,7,,,0,26,,1004605,7,,,0,66,,1004606,7,,,0,30,,1004607,7,,,0,74,,1004608,7,,,0,73,,1004624,7,,,0,30,,1004609,7,,,0,71,,1004625,7,,,0,30,,1004610,7,,,0,70,,1004626,7,,,0,30,,1004611,7,,,0,70,,1004627,7,,,0,29,,1004612,7,,,0,70,,1004628,7,,,0,30,,1004613,7,,,0,70,,1004629,7,,,0,28,,1004614,7,,,0,29,,1004630,7,,,0,66,,1004615,7,,,0,28,,1004631,7,,,0,66,,1004616,7,,,0,34,,1004632,7,,,0,73,,1004617,7,,,0,34,,1004633,7,,,0,72,,1004618,7,,,0,100,,1004619,7,,,0,100,,1004620,7,,,0,101,,1004621,7,,,0,102,,1004622,7,,,0,100,,1004623,7,,,0
