18500,'20260630',927,,831559,25,4,,0,628,,831560,33,,,0,102,,831561,33,,,0,85,,831562,33,,,0,63,,831563,33,,,0,41,,831564,33,,,0
18500,'20260702',927,,831565,25,4,,0,628,,831566,33,,,0,102,,831567,33,,,0,85,,831568,33,,,0,63,,831569,33,,,0,41,,831570,33,,,0
18500,'20260703',927,,854474,25,4,,0,628,,854475,33,,,0,102,,854476,33,,,0,85,,854477,33,,,0,63,,854478,33,,,0,41,,854479,33,,,0
18500,'20260706',927,,805339,25,4,,0,628,,805335,33,,,0,102,,805336,33,,,0,85,,805337,33,,,0,63,,805338,33,,,0,41,,805340,33,,,0
18500,'20260707',927,,805345,25,4,,0,628,,805341,33,,,0,102,,805342,33,,,0,85,,805343,33,,,0,63,,805344,33,,,0,41,,805346,33,,,0
18500,'20260708',927,,831575,25,4,,0,628,,831571,33,,,0,102,,831572,33,,,0,85,,831573,33,,,0,63,,831574,33,,,0,41,,831576,33,,,0
18500,'20260709',927,,831581,25,4,,0,628,,831577,33,,,0,102,,831578,33,,,0,85,,831579,33,,,0,63,,831580,33,,,0,41,,831582,33,,,0
18500,'20260710',927,,831587,25,4,,0,628,,831583,33,,,0,102,,831584,33,,,0,85,,831585,33,,,0,63,,831586,33,,,0,41,,831588,33,,,0
18500,'20260713',927,,854484,25,4,,0,628,,854480,33,,,0,102,,854481,33,,,0,85,,854482,33,,,0,63,,854483,33,,,0,41,,854485,33,,,0
18500,'20260714',927,,854490,25,4,,0,628,,854486,33,,,0,102,,854487,33,,,0,85,,854488,33,,,0,63,,854489,33,,,0,41,,854491,33,,,0
27200,'20260630',1613,,832331,7,4,,0,32,,832332,7,4,,0,86,,832333,7,4,,0,85,,832334,7,4,,0
27200,'20260702',1613,,832335,7,4,,0,32,,832336,7,4,,0,86,,832337,7,4,,0,85,,832338,7,4,,0
27200,'20260703',1613,,854861,7,4,,0,32,,854862,7,4,,0,86,,854863,7,4,,0,85,,854864,7,4,,0
27200,'20260706',1613,,805848,7,4,,0,32,,805849,7,4,,0,86,,805850,7,4,,0,85,,805847,7,4,,0
27200,'20260707',1613,,805852,7,4,,0,32,,805853,7,4,,0,86,,805854,7,4,,0,85,,805851,7,4,,0
27200,'20260708',1613,,832340,7,4,,0,32,,832341,7,4,,0,86,,832342,7,4,,0,85,,832339,7,4,,0
27200,'20260709',1613,,832344,7,4,,0,32,,832345,7,4,,0,86,,832346,7,4,,0,85,,832343,7,4,,0
27200,'20260710',1613,,832348,7,4,,0,32,,832349,7,4,,0,86,,832350,7,4,,0,85,,832347,7,4,,0
27200,'20260713',1613,,854866,7,4,,0,32,,854867,7,4,,0,86,,854868,7,4,,0,85,,854865,7,4,,0
27200,'20260714',1613,,854870,7,4,,0,32,,854871,7,4,,0,86,,854872,7,4,,0,85,,854869,7,4,,0
58200,'20260630',1602,,833597,7,,,0,53,,833598,7,,,0,95,,833599,7,,,0
58200,'20260702',1602,,833600,7,,,0,53,,833601,7,,,0,95,,833602,7,,,0
58200,'20260703',1602,,855511,7,,,0,53,,855512,7,,,0,95,,855513,7,,,0
58200,'20260706',1602,,806689,7,,,0,53,,806688,7,,,0,95,,806687,7,,,0
58200,'20260707',1602,,806692,7,,,0,53,,806691,7,,,0,95,,806690,7,,,0
58200,'20260708',1602,,833605,7,,,0,53,,833604,7,,,0,95,,833603,7,,,0
58200,'20260709',1602,,833608,7,,,0,53,,833607,7,,,0,95,,833606,7,,,0
58200,'20260710',1602,,833611,7,,,0,53,,833610,7,,,0,95,,833609,7,,,0
58200,'20260713',1602,,855516,7,,,0,53,,855515,7,,,0,95,,855514,7,,,0
58200,'20260714',1602,,855519,7,,,0,53,,855518,7,,,0,95,,855517,7,,,0
