3100,'20260605',634,,638320,4,,,0,81,,638321,4,,,0,30,,638322,4,,,0,70,,638323,4,,,0,39,,638324,4,,,0,97,,638325,4,,,0,99,,638326,4,,,0,100,,638327,4,,,0,101,,638328,4,,,0,99,,638329,4,,,0,99,,638330,4,,,0,66,,638331,4,,,0,39,,638332,4,,,0,80,,638333,4,,,0,71,,638334,4,,,0,29,,638335,4,,,0,69,,638336,4,,,0,56,,638337,4,,,0,146,,638338,4,,,0,95,,638339,4,,,0,100,,638340,4,,,0,100,,638341,4,,,0,158,,638342,4,,,0
3100,'20260606',735,,659078,4,,,0,202,,659079,4,,,0,199,,659080,4,,,0,200,,659081,4,,,0,199,,659082,4,,,0,199,,659083,4,,,0,206,,659084,4,,,0,202,,659085,4,,,0,198,,659086,4,,,0,118,,659087,4,,,0
3100,'20260607',735,,659088,4,,,0,202,,659089,4,,,0,199,,659090,4,,,0,200,,659091,4,,,0,199,,659092,4,,,0,199,,659093,4,,,0,206,,659094,4,,,0,202,,659095,4,,,0,198,,659096,4,,,0,118,,659097,4,,,0
3100,'20260608',634,,659098,4,,,0,81,,659099,4,,,0,30,,659100,4,,,0,70,,659101,4,,,0,39,,659102,4,,,0,97,,659103,4,,,0,99,,659104,4,,,0,100,,659105,4,,,0,101,,659106,4,,,0,99,,659107,4,,,0,99,,659108,4,,,0,66,,659109,4,,,0,39,,659110,4,,,0,80,,659111,4,,,0,71,,659112,4,,,0,29,,659113,4,,,0,69,,659114,4,,,0,56,,659115,4,,,0,146,,659116,4,,,0,95,,659117,4,,,0,100,,659118,4,,,0,100,,659119,4,,,0,158,,659120,4,,,0
3100,'20260609',634,,659121,4,,,0,81,,659122,4,,,0,30,,659123,4,,,0,70,,659124,4,,,0,39,,659125,4,,,0,97,,659126,4,,,0,99,,659127,4,,,0,100,,659128,4,,,0,101,,659129,4,,,0,99,,659130,4,,,0,99,,659131,4,,,0,66,,659132,4,,,0,39,,659133,4,,,0,80,,659134,4,,,0,71,,659135,4,,,0,29,,659136,4,,,0,69,,659137,4,,,0,56,,659138,4,,,0,146,,659139,4,,,0,95,,659140,4,,,0,100,,659141,4,,,0,100,,659142,4,,,0,158,,659143,4,,,0
3100,'20260610',634,,659144,4,,,0,81,,659145,4,,,0,30,,659146,4,,,0,70,,659147,4,,,0,39,,659148,4,,,0,97,,659149,4,,,0,99,,659150,4,,,0,100,,659151,4,,,0,101,,659152,4,,,0,99,,659153,4,,,0,99,,659154,4,,,0,66,,659155,4,,,0,39,,659156,4,,,0,80,,659157,4,,,0,71,,659158,4,,,0,29,,659159,4,,,0,69,,659160,4,,,0,56,,659161,4,,,0,146,,659162,4,,,0,95,,659163,4,,,0,100,,659164,4,,,0,100,,659165,4,,,0,158,,659166,4,,,0
3100,'20260611',634,,659167,4,,,0,81,,659168,4,,,0,30,,659169,4,,,0,70,,659170,4,,,0,39,,659171,4,,,0,97,,659172,4,,,0,99,,659173,4,,,0,100,,659174,4,,,0,101,,659175,4,,,0,99,,659176,4,,,0,99,,659177,4,,,0,66,,659178,4,,,0,39,,659179,4,,,0,80,,659180,4,,,0,71,,659181,4,,,0,29,,659182,4,,,0,69,,659183,4,,,0,56,,659184,4,,,0,146,,659185,4,,,0,95,,659186,4,,,0,100,,659187,4,,,0,100,,659188,4,,,0,158,,659189,4,,,0
3100,'20260612',634,,602070,4,,,0,81,,602091,4,,,0,30,,602089,4,,,0,70,,602090,4,,,0,39,,602071,4,,,0,97,,602072,4,,,0,99,,602073,4,,,0,100,,602074,4,,,0,101,,602075,4,,,0,99,,602076,4,,,0,99,,602077,4,,,0,66,,602078,4,,,0,39,,602079,4,,,0,80,,602080,4,,,0,71,,602081,4,,,0,29,,602082,4,,,0,69,,602083,4,,,0,56,,602084,4,,,0,146,,602085,4,,,0,95,,602086,4,,,0,100,,602087,4,,,0,100,,602088,4,,,0,158,,602092,4,,,0
3100,'20260613',735,,638343,4,,,0,202,,638344,4,,,0,199,,638345,4,,,0,200,,638346,4,,,0,199,,638347,4,,,0,199,,638348,4,,,0,206,,638349,4,,,0,202,,638350,4,,,0,198,,638351,4,,,0,118,,638352,4,,,0
3100,'20260614',735,,638353,4,,,0,202,,638354,4,,,0,199,,638355,4,,,0,200,,638356,4,,,0,199,,638357,4,,,0,199,,638358,4,,,0,206,,638359,4,,,0,202,,638360,4,,,0,198,,638361,4,,,0,118,,638362,4,,,0
3100,'20260615',634,,638363,4,,,0,81,,638384,4,,,0,30,,638382,4,,,0,70,,638383,4,,,0,39,,638364,4,,,0,97,,638365,4,,,0,99,,638366,4,,,0,100,,638367,4,,,0,101,,638368,4,,,0,99,,638369,4,,,0,99,,638370,4,,,0,66,,638371,4,,,0,39,,638372,4,,,0,80,,638373,4,,,0,71,,638374,4,,,0,29,,638375,4,,,0,69,,638376,4,,,0,56,,638377,4,,,0,146,,638378,4,,,0,95,,638379,4,,,0,100,,638380,4,,,0,100,,638381,4,,,0,158,,638385,4,,,0
3100,'20260616',634,,638386,4,,,0,81,,638407,4,,,0,30,,638405,4,,,0,70,,638406,4,,,0,39,,638387,4,,,0,97,,638388,4,,,0,99,,638389,4,,,0,100,,638390,4,,,0,101,,638391,4,,,0,99,,638392,4,,,0,99,,638393,4,,,0,66,,638394,4,,,0,39,,638395,4,,,0,80,,638396,4,,,0,71,,638397,4,,,0,29,,638398,4,,,0,69,,638399,4,,,0,56,,638400,4,,,0,146,,638401,4,,,0,95,,638402,4,,,0,100,,638403,4,,,0,100,,638404,4,,,0,158,,638408,4,,,0
3100,'20260617',634,,659190,4,,,0,81,,659211,4,,,0,30,,659209,4,,,0,70,,659210,4,,,0,39,,659191,4,,,0,97,,659192,4,,,0,99,,659193,4,,,0,100,,659194,4,,,0,101,,659195,4,,,0,99,,659196,4,,,0,99,,659197,4,,,0,66,,659198,4,,,0,39,,659199,4,,,0,80,,659200,4,,,0,71,,659201,4,,,0,29,,659202,4,,,0,69,,659203,4,,,0,56,,659204,4,,,0,146,,659205,4,,,0,95,,659206,4,,,0,100,,659207,4,,,0,100,,659208,4,,,0,158,,659212,4,,,0
3100,'20260618',634,,659213,4,,,0,81,,659234,4,,,0,30,,659232,4,,,0,70,,659233,4,,,0,39,,659214,4,,,0,97,,659215,4,,,0,99,,659216,4,,,0,100,,659217,4,,,0,101,,659218,4,,,0,99,,659219,4,,,0,99,,659220,4,,,0,66,,659221,4,,,0,39,,659222,4,,,0,80,,659223,4,,,0,71,,659224,4,,,0,29,,659225,4,,,0,69,,659226,4,,,0,56,,659227,4,,,0,146,,659228,4,,,0,95,,659229,4,,,0,100,,659230,4,,,0,100,,659231,4,,,0,158,,659235,4,,,0
3100,'20260619',634,,659236,4,,,0,81,,659257,4,,,0,30,,659255,4,,,0,70,,659256,4,,,0,39,,659237,4,,,0,97,,659238,4,,,0,99,,659239,4,,,0,100,,659240,4,,,0,101,,659241,4,,,0,99,,659242,4,,,0,99,,659243,4,,,0,66,,659244,4,,,0,39,,659245,4,,,0,80,,659246,4,,,0,71,,659247,4,,,0,29,,659248,4,,,0,69,,659249,4,,,0,56,,659250,4,,,0,146,,659251,4,,,0,95,,659252,4,,,0,100,,659253,4,,,0,100,,659254,4,,,0,158,,659258,4,,,0
3200,'20260605',800,,638501,4,,,0,132,,638502,4,,,0,200,,638503,4,,,0,200,,638504,4,,,0,177,,638505,4,,,0,34,,638506,4,,,0,100,,638507,4,,,0,69,,638508,4,,,0,23,,638509,4,,,0,69,,638510,4,,,0,29,,638511,4,,,0,70,,638512,4,,,0,129,,638513,4,,,0,199,,638514,4,,,0,202,,638515,4,,,0
3200,'20260606',838,,659447,4,,,0,199,,659448,4,,,0,200,,659449,4,,,0,200,,659450,4,,,0,200,,659451,4,,,0,200,,659452,4,,,0,200,,659453,4,,,0,201,,659454,4,,,0,99,,659455,4,,,0
3200,'20260607',838,,659456,4,,,0,199,,659457,4,,,0,200,,659458,4,,,0,200,,659459,4,,,0,200,,659460,4,,,0,200,,659461,4,,,0,200,,659462,4,,,0,201,,659463,4,,,0,99,,659464,4,,,0
3200,'20260608',800,,659465,4,,,0,132,,659466,4,,,0,200,,659467,4,,,0,200,,659468,4,,,0,177,,659469,4,,,0,34,,659470,4,,,0,100,,659471,4,,,0,69,,659472,4,,,0,23,,659473,4,,,0,69,,659474,4,,,0,29,,659475,4,,,0,70,,659476,4,,,0,129,,659477,4,,,0,199,,659478,4,,,0,202,,659479,4,,,0
3200,'20260609',800,,659480,4,,,0,132,,659481,4,,,0,200,,659482,4,,,0,200,,659483,4,,,0,177,,659484,4,,,0,34,,659485,4,,,0,100,,659486,4,,,0,69,,659487,4,,,0,23,,659488,4,,,0,69,,659489,4,,,0,29,,659490,4,,,0,70,,659491,4,,,0,129,,659492,4,,,0,199,,659493,4,,,0,202,,659494,4,,,0
3200,'20260610',800,,659495,4,,,0,132,,659496,4,,,0,200,,659497,4,,,0,200,,659498,4,,,0,177,,659499,4,,,0,34,,659500,4,,,0,100,,659501,4,,,0,69,,659502,4,,,0,23,,659503,4,,,0,69,,659504,4,,,0,29,,659505,4,,,0,70,,659506,4,,,0,129,,659507,4,,,0,199,,659508,4,,,0,202,,659509,4,,,0
3200,'20260611',800,,659510,4,,,0,132,,659511,4,,,0,200,,659512,4,,,0,200,,659513,4,,,0,177,,659514,4,,,0,34,,659515,4,,,0,100,,659516,4,,,0,69,,659517,4,,,0,23,,659518,4,,,0,69,,659519,4,,,0,29,,659520,4,,,0,70,,659521,4,,,0,129,,659522,4,,,0,199,,659523,4,,,0,202,,659524,4,,,0
3200,'20260612',800,,602429,4,,,0,132,,602430,4,,,0,200,,602431,4,,,0,200,,602432,4,,,0,177,,602433,4,,,0,34,,602434,4,,,0,100,,602443,4,,,0,69,,602435,4,,,0,23,,602436,4,,,0,69,,602437,4,,,0,29,,602438,4,,,0,70,,602439,4,,,0,129,,602440,4,,,0,199,,602441,4,,,0,202,,602442,4,,,0
3200,'20260613',838,,638516,4,,,0,199,,638517,4,,,0,200,,638518,4,,,0,200,,638519,4,,,0,200,,638520,4,,,0,200,,638521,4,,,0,200,,638522,4,,,0,201,,638523,4,,,0,99,,638524,4,,,0
3200,'20260614',838,,638525,4,,,0,199,,638526,4,,,0,200,,638527,4,,,0,200,,638528,4,,,0,200,,638529,4,,,0,200,,638530,4,,,0,200,,638531,4,,,0,201,,638532,4,,,0,99,,638533,4,,,0
3200,'20260615',800,,638534,4,,,0,132,,638535,4,,,0,200,,638536,4,,,0,200,,638537,4,,,0,177,,638538,4,,,0,34,,638539,4,,,0,100,,638548,4,,,0,69,,638540,4,,,0,23,,638541,4,,,0,69,,638542,4,,,0,29,,638543,4,,,0,70,,638544,4,,,0,129,,638545,4,,,0,199,,638546,4,,,0,202,,638547,4,,,0
3200,'20260616',800,,638549,4,,,0,132,,638550,4,,,0,200,,638551,4,,,0,200,,638552,4,,,0,177,,638553,4,,,0,34,,638554,4,,,0,100,,638563,4,,,0,69,,638555,4,,,0,23,,638556,4,,,0,69,,638557,4,,,0,29,,638558,4,,,0,70,,638559,4,,,0,129,,638560,4,,,0,199,,638561,4,,,0,202,,638562,4,,,0
3200,'20260617',800,,659525,4,,,0,132,,659526,4,,,0,200,,659527,4,,,0,200,,659528,4,,,0,177,,659529,4,,,0,34,,659530,4,,,0,100,,659539,4,,,0,69,,659531,4,,,0,23,,659532,4,,,0,69,,659533,4,,,0,29,,659534,4,,,0,70,,659535,4,,,0,129,,659536,4,,,0,199,,659537,4,,,0,202,,659538,4,,,0
3200,'20260618',800,,659540,4,,,0,132,,659541,4,,,0,200,,659542,4,,,0,200,,659543,4,,,0,177,,659544,4,,,0,34,,659545,4,,,0,100,,659554,4,,,0,69,,659546,4,,,0,23,,659547,4,,,0,69,,659548,4,,,0,29,,659549,4,,,0,70,,659550,4,,,0,129,,659551,4,,,0,199,,659552,4,,,0,202,,659553,4,,,0
3200,'20260619',800,,659555,4,,,0,132,,659556,4,,,0,200,,659557,4,,,0,200,,659558,4,,,0,177,,659559,4,,,0,34,,659560,4,,,0,100,,659569,4,,,0,69,,659561,4,,,0,23,,659562,4,,,0,69,,659563,4,,,0,29,,659564,4,,,0,70,,659565,4,,,0,129,,659566,4,,,0,199,,659567,4,,,0,202,,659568,4,,,0
3300,'20260605',705,,638624,4,,,0,25,,638625,4,,,0,75,,638626,4,,,0
3300,'20260608',705,,659686,4,,,0,25,,659687,4,,,0,75,,659688,4,,,0
3300,'20260609',705,,659689,4,,,0,25,,659690,4,,,0,75,,659691,4,,,0
3300,'20260610',705,,659692,4,,,0,25,,659693,4,,,0,75,,659694,4,,,0
3300,'20260611',705,,659695,4,,,0,25,,659696,4,,,0,75,,659697,4,,,0
3300,'20260612',705,,602614,4,,,0,25,,602615,4,,,0,75,,602616,4,,,0
3300,'20260615',705,,638627,4,,,0,25,,638628,4,,,0,75,,638629,4,,,0
3300,'20260616',705,,638630,4,,,0,25,,638631,4,,,0,75,,638632,4,,,0
3300,'20260617',705,,659698,4,,,0,25,,659699,4,,,0,75,,659700,4,,,0
3300,'20260618',705,,659701,4,,,0,25,,659702,4,,,0,75,,659703,4,,,0
3300,'20260619',705,,659704,4,,,0,25,,659705,4,,,0,75,,659706,4,,,0
3400,'20260605',642,,638642,4,,,0,74,,638643,4,,,0,33,,638644,4,,,0,70,,638645,4,,,0,214,,638646,4,,,0,200,,638647,4,,,0,200,,638648,4,,,0,201,,638649,4,,,0,69,,638650,4,,,0,33,,638651,4,,,0,73,,638652,4,,,0,31,,638653,4,,,0,93,,638654,4,,,0,200,,638655,4,,,0,200,,638656,4,,,0
3400,'20260606',644,,659728,4,,,0,199,,659729,4,,,0,199,,659730,4,,,0,200,,659731,4,,,0,200,,659732,4,,,0,200,,659733,4,,,0,202,,659734,4,,,0,201,,659735,4,,,0,200,,659736,4,,,0
3400,'20260607',644,,659737,4,,,0,199,,659738,4,,,0,199,,659739,4,,,0,200,,659740,4,,,0,200,,659741,4,,,0,200,,659742,4,,,0,202,,659743,4,,,0,201,,659744,4,,,0,200,,659745,4,,,0
3400,'20260608',642,,659746,4,,,0,74,,659747,4,,,0,33,,659748,4,,,0,70,,659749,4,,,0,214,,659750,4,,,0,200,,659751,4,,,0,200,,659752,4,,,0,201,,659753,4,,,0,69,,659754,4,,,0,33,,659755,4,,,0,73,,659756,4,,,0,31,,659757,4,,,0,93,,659758,4,,,0,200,,659759,4,,,0,200,,659760,4,,,0
3400,'20260609',642,,659761,4,,,0,74,,659762,4,,,0,33,,659763,4,,,0,70,,659764,4,,,0,214,,659765,4,,,0,200,,659766,4,,,0,200,,659767,4,,,0,201,,659768,4,,,0,69,,659769,4,,,0,33,,659770,4,,,0,73,,659771,4,,,0,31,,659772,4,,,0,93,,659773,4,,,0,200,,659774,4,,,0,200,,659775,4,,,0
3400,'20260610',642,,659776,4,,,0,74,,659777,4,,,0,33,,659778,4,,,0,70,,659779,4,,,0,214,,659780,4,,,0,200,,659781,4,,,0,200,,659782,4,,,0,201,,659783,4,,,0,69,,659784,4,,,0,33,,659785,4,,,0,73,,659786,4,,,0,31,,659787,4,,,0,93,,659788,4,,,0,200,,659789,4,,,0,200,,659790,4,,,0
3400,'20260611',642,,659791,4,,,0,74,,659792,4,,,0,33,,659793,4,,,0,70,,659794,4,,,0,214,,659795,4,,,0,200,,659796,4,,,0,200,,659797,4,,,0,201,,659798,4,,,0,69,,659799,4,,,0,33,,659800,4,,,0,73,,659801,4,,,0,31,,659802,4,,,0,93,,659803,4,,,0,200,,659804,4,,,0,200,,659805,4,,,0
3400,'20260612',642,,602759,4,,,0,74,,602746,4,,,0,33,,602753,4,,,0,70,,602760,4,,,0,214,,602758,4,,,0,200,,602747,4,,,0,200,,602756,4,,,0,201,,602754,4,,,0,69,,602748,4,,,0,33,,602749,4,,,0,73,,602750,4,,,0,31,,602752,4,,,0,93,,602755,4,,,0,200,,602757,4,,,0,200,,602751,4,,,0
3400,'20260613',644,,638657,4,,,0,199,,638658,4,,,0,199,,638659,4,,,0,200,,638661,4,,,0,200,,638660,4,,,0,200,,638663,4,,,0,202,,638664,4,,,0,201,,638665,4,,,0,200,,638662,4,,,0
3400,'20260614',644,,638668,4,,,0,199,,638669,4,,,0,199,,638670,4,,,0,200,,638671,4,,,0,200,,638672,4,,,0,200,,638673,4,,,0,202,,638674,4,,,0,201,,638667,4,,,0,200,,638666,4,,,0
3400,'20260615',642,,638688,4,,,0,74,,638675,4,,,0,33,,638682,4,,,0,70,,638689,4,,,0,214,,638687,4,,,0,200,,638676,4,,,0,200,,638685,4,,,0,201,,638683,4,,,0,69,,638677,4,,,0,33,,638678,4,,,0,73,,638679,4,,,0,31,,638681,4,,,0,93,,638684,4,,,0,200,,638686,4,,,0,200,,638680,4,,,0
3400,'20260616',642,,638703,4,,,0,74,,638690,4,,,0,33,,638697,4,,,0,70,,638704,4,,,0,214,,638702,4,,,0,200,,638691,4,,,0,200,,638700,4,,,0,201,,638698,4,,,0,69,,638692,4,,,0,33,,638693,4,,,0,73,,638694,4,,,0,31,,638696,4,,,0,93,,638699,4,,,0,200,,638701,4,,,0,200,,638695,4,,,0
3400,'20260617',642,,659819,4,,,0,74,,659806,4,,,0,33,,659813,4,,,0,70,,659820,4,,,0,214,,659818,4,,,0,200,,659807,4,,,0,200,,659816,4,,,0,201,,659814,4,,,0,69,,659808,4,,,0,33,,659809,4,,,0,73,,659810,4,,,0,31,,659812,4,,,0,93,,659815,4,,,0,200,,659817,4,,,0,200,,659811,4,,,0
3400,'20260618',642,,659834,4,,,0,74,,659821,4,,,0,33,,659828,4,,,0,70,,659835,4,,,0,214,,659833,4,,,0,200,,659822,4,,,0,200,,659831,4,,,0,201,,659829,4,,,0,69,,659823,4,,,0,33,,659824,4,,,0,73,,659825,4,,,0,31,,659827,4,,,0,93,,659830,4,,,0,200,,659832,4,,,0,200,,659826,4,,,0
3400,'20260619',642,,659849,4,,,0,74,,659836,4,,,0,33,,659843,4,,,0,70,,659850,4,,,0,214,,659848,4,,,0,200,,659837,4,,,0,200,,659846,4,,,0,201,,659844,4,,,0,69,,659838,4,,,0,33,,659839,4,,,0,73,,659840,4,,,0,31,,659842,4,,,0,93,,659845,4,,,0,200,,659847,4,,,0,200,,659841,4,,,0
93100,'20260605',2608,,653017,37,,,0,125,,653018,58,,,0
93100,'20260606',2608,,687594,37,,,0,125,,687595,58,,,0
93100,'20260612',2608,,634932,37,,,0,125,,634933,58,,,0
93100,'20260613',2608,,653019,37,,,0,125,,653020,58,,,0
93100,'20260619',2608,,687596,37,,,0,125,,687597,58,,,0
