23900,'20260514',1539,,477431,20,4,,0,79,,477432,20,4,,0,30,,477433,20,4,,0,74,,477434,20,4,,0,22,,477435,20,4,,0,65,,477436,20,4,,0
23900,'20260515',1539,,477437,20,4,,0,79,,477438,20,4,,0,30,,477439,20,4,,0,74,,477440,20,4,,0,22,,477441,20,4,,0,65,,477442,20,4,,0
23900,'20260519',1539,,502681,20,4,,0,79,,502682,20,4,,0,30,,502683,20,4,,0,74,,502684,20,4,,0,22,,502685,20,4,,0,65,,502686,20,4,,0
23900,'20260520',1539,,450804,20,4,,0,79,,450800,20,4,,0,30,,450801,20,4,,0,74,,450805,20,4,,0,22,,450802,20,4,,0,65,,450803,20,4,,0
23900,'20260521',1539,,450810,20,4,,0,79,,450806,20,4,,0,30,,450807,20,4,,0,74,,450811,20,4,,0,22,,450808,20,4,,0,65,,450809,20,4,,0
23900,'20260522',1539,,477447,20,4,,0,79,,477443,20,4,,0,30,,477444,20,4,,0,74,,477448,20,4,,0,22,,477445,20,4,,0,65,,477446,20,4,,0
23900,'20260525',1539,,477453,20,4,,0,79,,477449,20,4,,0,30,,477450,20,4,,0,74,,477454,20,4,,0,22,,477451,20,4,,0,65,,477452,20,4,,0
23900,'20260526',1539,,477459,20,4,,0,79,,477455,20,4,,0,30,,477456,20,4,,0,74,,477460,20,4,,0,22,,477457,20,4,,0,65,,477458,20,4,,0
23900,'20260527',1539,,502691,20,4,,0,79,,502687,20,4,,0,30,,502688,20,4,,0,74,,502692,20,4,,0,22,,502689,20,4,,0,65,,502690,20,4,,0
23900,'20260528',1539,,502697,20,4,,0,79,,502693,20,4,,0,30,,502694,20,4,,0,74,,502698,20,4,,0,22,,502695,20,4,,0,65,,502696,20,4,,0
33700,'20260514',1240,,478866,19,4,,0,303,,478867,19,4,,0,103,,478868,19,4,,0,97,,478869,19,4,,0,105,,478870,19,4,,0
33700,'20260515',1240,,478871,19,4,,0,303,,478872,19,4,,0,103,,478873,19,4,,0,97,,478874,19,4,,0,105,,478875,19,4,,0
33700,'20260519',1240,,503399,19,4,,0,303,,503400,19,4,,0,103,,503401,19,4,,0,97,,503402,19,4,,0,105,,503403,19,4,,0
33700,'20260520',1240,,451756,19,4,,0,303,,451760,19,4,,0,103,,451757,19,4,,0,97,,451758,19,4,,0,105,,451759,19,4,,0
33700,'20260521',1240,,451761,19,4,,0,303,,451765,19,4,,0,103,,451762,19,4,,0,97,,451763,19,4,,0,105,,451764,19,4,,0
33700,'20260522',1240,,478876,19,4,,0,303,,478880,19,4,,0,103,,478877,19,4,,0,97,,478878,19,4,,0,105,,478879,19,4,,0
33700,'20260525',1240,,478881,19,4,,0,303,,478885,19,4,,0,103,,478882,19,4,,0,97,,478883,19,4,,0,105,,478884,19,4,,0
33700,'20260526',1240,,478886,19,4,,0,303,,478890,19,4,,0,103,,478887,19,4,,0,97,,478888,19,4,,0,105,,478889,19,4,,0
33700,'20260527',1240,,503404,19,4,,0,303,,503408,19,4,,0,103,,503405,19,4,,0,97,,503406,19,4,,0,105,,503407,19,4,,0
33700,'20260528',1240,,503409,19,4,,0,303,,503413,19,4,,0,103,,503410,19,4,,0,97,,503411,19,4,,0,105,,503412,19,4,,0
53700,'20260514',1617,,479642,17,4,,0,38,,479643,17,4,,0,67,,479644,17,4,,0,35,,479645,17,4,,0
53700,'20260515',1617,,479646,17,4,,0,38,,479647,17,4,,0,67,,479648,17,4,,0,35,,479649,17,4,,0
53700,'20260519',1617,,503897,17,4,,0,38,,503898,17,4,,0,67,,503899,17,4,,0,35,,503900,17,4,,0
53700,'20260520',1617,,452275,17,4,,0,38,,452272,17,4,,0,67,,452274,17,4,,0,35,,452273,17,4,,0
53700,'20260521',1617,,452279,17,4,,0,38,,452276,17,4,,0,67,,452278,17,4,,0,35,,452277,17,4,,0
53700,'20260522',1617,,479653,17,4,,0,38,,479650,17,4,,0,67,,479652,17,4,,0,35,,479651,17,4,,0
53700,'20260525',1617,,479657,17,4,,0,38,,479654,17,4,,0,67,,479656,17,4,,0,35,,479655,17,4,,0
53700,'20260526',1617,,479661,17,4,,0,38,,479658,17,4,,0,67,,479660,17,4,,0,35,,479659,17,4,,0
53700,'20260527',1617,,503904,17,4,,0,38,,503901,17,4,,0,67,,503903,17,4,,0,35,,503902,17,4,,0
53700,'20260528',1617,,503908,17,4,,0,38,,503905,17,4,,0,67,,503907,17,4,,0,35,,503906,17,4,,0
1008200,'20260514',813,,491090,35,,,0
1008200,'20260515',813,,491091,35,,,0
1008200,'20260519',813,,511844,35,,,0
1008200,'20260520',813,,460631,35,,,0
1008200,'20260521',813,,460632,35,,,0
1008200,'20260522',813,,491092,35,,,0
1008200,'20260525',813,,491093,35,,,0
1008200,'20260526',813,,491094,35,,,0
1008200,'20260527',813,,511845,35,,,0
1008200,'20260528',813,,511846,35,,,0
