13600,'20260317',1536,,78235,1,,,0,70,,78236,1,,,0,15,,78237,1,,,0,15,,78238,1,,,0,70,,78239,1,,,0,30,,78240,1,,,0
13600,'20260318',1536,,78241,1,,,0,70,,78242,1,,,0,15,,78243,1,,,0,15,,78244,1,,,0,70,,78245,1,,,0,30,,78246,1,,,0
13600,'20260319',1536,,78247,1,,,0,70,,78248,1,,,0,15,,78249,1,,,0,15,,78250,1,,,0,70,,78251,1,,,0,30,,78252,1,,,0
13600,'20260320',1536,,78253,1,,,0,70,,78254,1,,,0,15,,78255,1,,,0,15,,78256,1,,,0,70,,78257,1,,,0,30,,78258,1,,,0
23000,'20260317',1515,,78488,1,,,0,18,,78489,1,,,0,14,,78490,1,,,0,57,,78491,1,,,0,17,,78492,1,,,0,16,,78493,1,,,0,64,,78494,1,,,0,25,,78495,1,,,0,12,,78496,1,,,0
23000,'20260318',1515,,78497,1,,,0,18,,78498,1,,,0,14,,78499,1,,,0,57,,78500,1,,,0,17,,78501,1,,,0,16,,78502,1,,,0,64,,78503,1,,,0,25,,78504,1,,,0,12,,78505,1,,,0
23000,'20260319',1515,,78506,1,,,0,18,,78507,1,,,0,14,,78508,1,,,0,57,,78509,1,,,0,17,,78510,1,,,0,16,,78511,1,,,0,64,,78512,1,,,0,25,,78513,1,,,0,12,,78514,1,,,0
23000,'20260320',1515,,78515,1,,,0,18,,78516,1,,,0,14,,78517,1,,,0,57,,78518,1,,,0,17,,78519,1,,,0,16,,78520,1,,,0,64,,78521,1,,,0,25,,78522,1,,,0,12,,78523,1,,,0
23600,'20260317',1537,,78653,1,,,0,70,,78654,1,,,0,15,,78655,1,,,0,15,,78656,1,,,0,70,,78657,1,,,0,30,,78658,1,,,0
23600,'20260318',1537,,78659,1,,,0,70,,78660,1,,,0,15,,78661,1,,,0,15,,78662,1,,,0,70,,78663,1,,,0,30,,78664,1,,,0
23600,'20260319',1537,,78665,1,,,0,70,,78666,1,,,0,15,,78667,1,,,0,15,,78668,1,,,0,70,,78669,1,,,0,30,,78670,1,,,0
23600,'20260320',1537,,78671,1,,,0,70,,78672,1,,,0,15,,78673,1,,,0,15,,78674,1,,,0,70,,78675,1,,,0,30,,78676,1,,,0
23800,'20260317',1538,,78774,1,,,0,70,,78775,1,,,0,42,,78776,1,,,0,88,,78777,1,,,0
23800,'20260318',1538,,78778,1,,,0,70,,78779,1,,,0,42,,78780,1,,,0,88,,78781,1,,,0
23800,'20260319',1538,,78782,1,,,0,70,,78783,1,,,0,42,,78784,1,,,0,88,,78785,1,,,0
23800,'20260320',1538,,78786,1,,,0,70,,78787,1,,,0,42,,78788,1,,,0,88,,78789,1,,,0
23900,'20260317',1512,,78862,1,,,0,30,,78863,1,,,0,70,,78864,1,,,0,35,,78865,1,,,0,65,,78866,1,,,0,30,,78867,1,,,0
23900,'20260318',1512,,78868,1,,,0,30,,78869,1,,,0,70,,78870,1,,,0,35,,78871,1,,,0,65,,78872,1,,,0,30,,78873,1,,,0
23900,'20260319',1512,,78874,1,,,0,30,,78875,1,,,0,70,,78876,1,,,0,35,,78877,1,,,0,65,,78878,1,,,0,30,,78879,1,,,0
23900,'20260320',1512,,78880,1,,,0,30,,78881,1,,,0,70,,78882,1,,,0,35,,78883,1,,,0,65,,78884,1,,,0,30,,78885,1,,,0
