7600,'20260626',537,,801974,27,,,1,98,,801975,27,,,1,100,,801976,27,,,1,76,,801977,27,,,1,32,,801978,27,,,1,69,,801979,27,,,1,32,,801980,27,,,1,96,,801981,27,,,1,100,,801982,27,,,1,98,,801983,27,,,1,72,,801984,27,,,1,25,,801985,27,,,1,71,,801986,27,,,1,101,,801987,27,,,1,99,,801988,27,,,1,37,,801989,27,,,1,75,,801990,27,,,1,38,,801991,27,,,1,64,,801992,27,,,1,25,,801993,27,,,1,93,,801994,27,,,1,103,,801995,27,,,1,97,,801996,27,,,1,96,,801997,27,,,1,99,,801998,27,,,1
7600,'20260627',616,,826492,27,,,1,30,,826493,27,,,1,70,,826494,27,,,1,28,,826495,27,,,1,73,,826496,27,,,1,29,,826497,27,,,1,72,,826498,27,,,1,102,,826499,27,,,1,103,,826500,27,,,1,100,,826501,27,,,1,24,,826502,27,,,1,80,,826503,27,,,1,31,,826504,27,,,1,56,,826505,27,,,1,116,,826506,27,,,1,102,,826507,27,,,1,68,,826508,27,,,1,30,,826509,27,,,1,71,,826510,27,,,1,26,,826511,27,,,1,27,,826512,27,,,1,68,,826513,27,,,1,98,,826514,27,,,1,97,,826515,27,,,1,100,,826516,27,,,1,98,,826517,27,,,1
7600,'20260628',616,,826518,27,,,1,30,,826519,27,,,1,70,,826520,27,,,1,28,,826521,27,,,1,73,,826522,27,,,1,29,,826523,27,,,1,72,,826524,27,,,1,102,,826525,27,,,1,103,,826526,27,,,1,100,,826527,27,,,1,24,,826528,27,,,1,80,,826529,27,,,1,31,,826530,27,,,1,56,,826531,27,,,1,116,,826532,27,,,1,102,,826533,27,,,1,68,,826534,27,,,1,30,,826535,27,,,1,71,,826536,27,,,1,26,,826537,27,,,1,27,,826538,27,,,1,68,,826539,27,,,1,98,,826540,27,,,1,97,,826541,27,,,1,100,,826542,27,,,1,98,,826543,27,,,1
7600,'20260629',537,,826544,27,,,1,98,,826545,27,,,1,100,,826546,27,,,1,76,,826547,27,,,1,32,,826548,27,,,1,69,,826549,27,,,1,32,,826550,27,,,1,96,,826551,27,,,1,100,,826552,27,,,1,98,,826553,27,,,1,72,,826554,27,,,1,25,,826555,27,,,1,71,,826556,27,,,1,101,,826557,27,,,1,99,,826558,27,,,1,37,,826559,27,,,1,75,,826560,27,,,1,38,,826561,27,,,1,64,,826562,27,,,1,25,,826563,27,,,1,93,,826564,27,,,1,103,,826565,27,,,1,97,,826566,27,,,1,96,,826567,27,,,1,99,,826568,27,,,1
7600,'20260630',537,,826569,27,,,1,98,,826570,27,,,1,100,,826571,27,,,1,76,,826572,27,,,1,32,,826573,27,,,1,69,,826574,27,,,1,32,,826575,27,,,1,96,,826576,27,,,1,100,,826577,27,,,1,98,,826578,27,,,1,72,,826579,27,,,1,25,,826580,27,,,1,71,,826581,27,,,1,101,,826582,27,,,1,99,,826583,27,,,1,37,,826584,27,,,1,75,,826585,27,,,1,38,,826586,27,,,1,64,,826587,27,,,1,25,,826588,27,,,1,93,,826589,27,,,1,103,,826590,27,,,1,97,,826591,27,,,1,96,,826592,27,,,1,99,,826593,27,,,1
7600,'20260701',616,,826594,27,,,1,30,,826595,27,,,1,70,,826596,27,,,1,28,,826597,27,,,1,73,,826598,27,,,1,29,,826599,27,,,1,72,,826600,27,,,1,102,,826601,27,,,1,103,,826602,27,,,1,100,,826603,27,,,1,24,,826604,27,,,1,80,,826605,27,,,1,31,,826606,27,,,1,56,,826607,27,,,1,116,,826608,27,,,1,102,,826609,27,,,1,68,,826610,27,,,1,30,,826611,27,,,1,71,,826612,27,,,1,26,,826613,27,,,1,27,,826614,27,,,1,68,,826615,27,,,1,98,,826616,27,,,1,97,,826617,27,,,1,100,,826618,27,,,1,98,,826619,27,,,1
7600,'20260702',537,,826620,27,,,1,98,,826621,27,,,1,100,,826622,27,,,1,76,,826623,27,,,1,32,,826624,27,,,1,69,,826625,27,,,1,32,,826626,27,,,1,96,,826627,27,,,1,100,,826628,27,,,1,98,,826629,27,,,1,72,,826630,27,,,1,25,,826631,27,,,1,71,,826632,27,,,1,101,,826633,27,,,1,99,,826634,27,,,1,37,,826635,27,,,1,75,,826636,27,,,1,38,,826637,27,,,1,64,,826638,27,,,1,25,,826639,27,,,1,93,,826640,27,,,1,103,,826641,27,,,1,97,,826642,27,,,1,96,,826643,27,,,1,99,,826644,27,,,1
7600,'20260703',537,,778198,27,,,1,98,,778199,27,,,1,100,,778200,27,,,1,76,,778201,27,,,1,32,,778222,27,,,1,69,,778202,27,,,1,32,,778203,27,,,1,96,,778204,27,,,1,100,,778205,27,,,1,98,,778206,27,,,1,72,,778207,27,,,1,25,,778208,27,,,1,71,,778209,27,,,1,101,,778210,27,,,1,99,,778211,27,,,1,37,,778212,27,,,1,75,,778213,27,,,1,38,,778214,27,,,1,64,,778215,27,,,1,25,,778216,27,,,1,93,,778217,27,,,1,103,,778218,27,,,1,97,,778219,27,,,1,96,,778220,27,,,1,99,,778221,27,,,1
7600,'20260704',616,,802015,27,,,1,30,,802018,27,,,1,70,,802024,27,,,1,28,,802017,27,,,1,73,,801999,27,,,1,29,,802019,27,,,1,72,,802000,27,,,1,102,,802001,27,,,1,103,,802002,27,,,1,100,,802003,27,,,1,24,,802020,27,,,1,80,,802004,27,,,1,31,,802021,27,,,1,56,,802005,27,,,1,116,,802006,27,,,1,102,,802007,27,,,1,68,,802022,27,,,1,30,,802008,27,,,1,71,,802023,27,,,1,26,,802009,27,,,1,27,,802016,27,,,1,68,,802010,27,,,1,98,,802011,27,,,1,97,,802012,27,,,1,100,,802013,27,,,1,98,,802014,27,,,1
7600,'20260705',616,,802042,27,,,1,30,,802043,27,,,1,70,,802025,27,,,1,28,,802044,27,,,1,73,,802026,27,,,1,29,,802045,27,,,1,72,,802027,27,,,1,102,,802028,27,,,1,103,,802029,27,,,1,100,,802030,27,,,1,24,,802046,27,,,1,80,,802031,27,,,1,31,,802047,27,,,1,56,,802032,27,,,1,116,,802033,27,,,1,102,,802034,27,,,1,68,,802048,27,,,1,30,,802035,27,,,1,71,,802049,27,,,1,26,,802036,27,,,1,27,,802050,27,,,1,68,,802037,27,,,1,98,,802038,27,,,1,97,,802039,27,,,1,100,,802040,27,,,1,98,,802041,27,,,1
7600,'20260706',537,,802051,27,,,1,98,,802052,27,,,1,100,,802053,27,,,1,76,,802054,27,,,1,32,,802075,27,,,1,69,,802055,27,,,1,32,,802056,27,,,1,96,,802057,27,,,1,100,,802058,27,,,1,98,,802059,27,,,1,72,,802060,27,,,1,25,,802061,27,,,1,71,,802062,27,,,1,101,,802063,27,,,1,99,,802064,27,,,1,37,,802065,27,,,1,75,,802066,27,,,1,38,,802067,27,,,1,64,,802068,27,,,1,25,,802069,27,,,1,93,,802070,27,,,1,103,,802071,27,,,1,97,,802072,27,,,1,96,,802073,27,,,1,99,,802074,27,,,1
7600,'20260707',537,,802076,27,,,1,98,,802077,27,,,1,100,,802078,27,,,1,76,,802079,27,,,1,32,,802100,27,,,1,69,,802080,27,,,1,32,,802081,27,,,1,96,,802082,27,,,1,100,,802083,27,,,1,98,,802084,27,,,1,72,,802085,27,,,1,25,,802086,27,,,1,71,,802087,27,,,1,101,,802088,27,,,1,99,,802089,27,,,1,37,,802090,27,,,1,75,,802091,27,,,1,38,,802092,27,,,1,64,,802093,27,,,1,25,,802094,27,,,1,93,,802095,27,,,1,103,,802096,27,,,1,97,,802097,27,,,1,96,,802098,27,,,1,99,,802099,27,,,1
7600,'20260708',537,,826645,27,,,1,98,,826646,27,,,1,100,,826647,27,,,1,76,,826648,27,,,1,32,,826669,27,,,1,69,,826649,27,,,1,32,,826650,27,,,1,96,,826651,27,,,1,100,,826652,27,,,1,98,,826653,27,,,1,72,,826654,27,,,1,25,,826655,27,,,1,71,,826656,27,,,1,101,,826657,27,,,1,99,,826658,27,,,1,37,,826659,27,,,1,75,,826660,27,,,1,38,,826661,27,,,1,64,,826662,27,,,1,25,,826663,27,,,1,93,,826664,27,,,1,103,,826665,27,,,1,97,,826666,27,,,1,96,,826667,27,,,1,99,,826668,27,,,1
7600,'20260709',537,,826670,27,,,1,98,,826671,27,,,1,100,,826672,27,,,1,76,,826673,27,,,1,32,,826694,27,,,1,69,,826674,27,,,1,32,,826675,27,,,1,96,,826676,27,,,1,100,,826677,27,,,1,98,,826678,27,,,1,72,,826679,27,,,1,25,,826680,27,,,1,71,,826681,27,,,1,101,,826682,27,,,1,99,,826683,27,,,1,37,,826684,27,,,1,75,,826685,27,,,1,38,,826686,27,,,1,64,,826687,27,,,1,25,,826688,27,,,1,93,,826689,27,,,1,103,,826690,27,,,1,97,,826691,27,,,1,96,,826692,27,,,1,99,,826693,27,,,1
7600,'20260710',537,,826695,27,,,1,98,,826696,27,,,1,100,,826697,27,,,1,76,,826698,27,,,1,32,,826719,27,,,1,69,,826699,27,,,1,32,,826700,27,,,1,96,,826701,27,,,1,100,,826702,27,,,1,98,,826703,27,,,1,72,,826704,27,,,1,25,,826705,27,,,1,71,,826706,27,,,1,101,,826707,27,,,1,99,,826708,27,,,1,37,,826709,27,,,1,75,,826710,27,,,1,38,,826711,27,,,1,64,,826712,27,,,1,25,,826713,27,,,1,93,,826714,27,,,1,103,,826715,27,,,1,97,,826716,27,,,1,96,,826717,27,,,1,99,,826718,27,,,1
8000,'20260626',659,,802504,57,,,0,70,,802505,57,,,0,30,,802506,57,,,0,70,,802507,57,,,0,30,,802508,57,,,0,69,,802509,57,,,0,30,,802510,57,,,0,70,,802511,57,,,0,30,,802512,57,,,0,70,,802513,57,,,0,30,,802514,57,,,0,70,,802515,57,,,0,30,,802516,57,,,0,70,,802517,57,,,0,30,,802518,57,,,0,70,,802519,57,,,0,31,,802520,57,,,0,70,,802521,57,,,0,30,,802522,57,,,0,71,,802523,57,,,0,29,,802524,57,,,0,70,,802525,57,,,0,30,,802526,57,,,0,70,,802527,57,,,0,29,,802528,57,,,0,70,,802529,57,,,0,100,,802531,57,,,0,100,,802533,57,,,0,100,,802535,57,,,0,100,,802537,57,,,0,100,,802539,57,,,0,30,,802540,57,,,0
8000,'20260627',658,,827266,57,,,0,70,,827267,57,,,0,30,,827268,57,,,0,70,,827269,57,,,0,30,,827270,57,,,0,70,,827271,57,,,0,30,,827272,57,,,0,70,,827273,57,,,0,30,,827274,57,,,0,70,,827275,57,,,0,30,,827276,57,,,0,70,,827277,57,,,0,31,,827278,57,,,0,70,,827279,57,,,0,30,,827280,57,,,0,70,,827281,57,,,0,30,,827282,57,,,0,70,,827283,57,,,0,30,,827284,57,,,0,70,,827285,57,,,0,30,,827286,57,,,0,70,,827287,57,,,0,30,,827288,57,,,0,69,,827289,57,,,0,30,,827290,57,,,0,70,,827291,57,,,0,30,,827292,57,,,0,100,,827294,57,,,0,100,,827296,57,,,0,100,,827298,57,,,0,100,,827300,57,,,0,100,,827302,57,,,0
8000,'20260628',658,,827303,57,,,0,70,,827304,57,,,0,30,,827305,57,,,0,70,,827306,57,,,0,30,,827307,57,,,0,70,,827308,57,,,0,30,,827309,57,,,0,70,,827310,57,,,0,30,,827311,57,,,0,70,,827312,57,,,0,30,,827313,57,,,0,70,,827314,57,,,0,31,,827315,57,,,0,70,,827316,57,,,0,30,,827317,57,,,0,70,,827318,57,,,0,30,,827319,57,,,0,70,,827320,57,,,0,30,,827321,57,,,0,70,,827322,57,,,0,30,,827323,57,,,0,70,,827324,57,,,0,30,,827325,57,,,0,69,,827326,57,,,0,30,,827327,57,,,0,70,,827328,57,,,0,30,,827329,57,,,0,100,,827331,57,,,0,100,,827333,57,,,0,100,,827335,57,,,0,100,,827337,57,,,0,100,,827339,57,,,0
8000,'20260629',659,,827341,57,,,0,70,,827342,57,,,0,30,,827343,57,,,0,70,,827344,57,,,0,30,,827345,57,,,0,69,,827346,57,,,0,30,,827347,57,,,0,70,,827348,57,,,0,30,,827349,57,,,0,70,,827350,57,,,0,30,,827351,57,,,0,70,,827352,57,,,0,30,,827353,57,,,0,70,,827354,57,,,0,30,,827355,57,,,0,70,,827356,57,,,0,31,,827357,57,,,0,70,,827358,57,,,0,30,,827359,57,,,0,71,,827360,57,,,0,29,,827361,57,,,0,70,,827362,57,,,0,30,,827363,57,,,0,70,,827364,57,,,0,29,,827365,57,,,0,70,,827366,57,,,0,100,,827368,57,,,0,100,,827370,57,,,0,100,,827372,57,,,0,100,,827374,57,,,0,100,,827376,57,,,0,30,,827377,57,,,0
8000,'20260630',659,,827379,57,,,0,70,,827380,57,,,0,30,,827381,57,,,0,70,,827382,57,,,0,30,,827383,57,,,0,69,,827384,57,,,0,30,,827385,57,,,0,70,,827386,57,,,0,30,,827387,57,,,0,70,,827388,57,,,0,30,,827389,57,,,0,70,,827390,57,,,0,30,,827391,57,,,0,70,,827392,57,,,0,30,,827393,57,,,0,70,,827394,57,,,0,31,,827395,57,,,0,70,,827396,57,,,0,30,,827397,57,,,0,71,,827398,57,,,0,29,,827399,57,,,0,70,,827400,57,,,0,30,,827401,57,,,0,70,,827402,57,,,0,29,,827403,57,,,0,70,,827404,57,,,0,100,,827406,57,,,0,100,,827408,57,,,0,100,,827410,57,,,0,100,,827412,57,,,0,100,,827414,57,,,0,30,,827415,57,,,0
8000,'20260701',658,,827416,57,,,0,70,,827417,57,,,0,30,,827418,57,,,0,70,,827419,57,,,0,30,,827420,57,,,0,70,,827421,57,,,0,30,,827422,57,,,0,70,,827423,57,,,0,30,,827424,57,,,0,70,,827425,57,,,0,30,,827426,57,,,0,70,,827427,57,,,0,31,,827428,57,,,0,70,,827429,57,,,0,30,,827430,57,,,0,70,,827431,57,,,0,30,,827432,57,,,0,70,,827433,57,,,0,30,,827434,57,,,0,70,,827435,57,,,0,30,,827436,57,,,0,70,,827437,57,,,0,30,,827438,57,,,0,69,,827439,57,,,0,30,,827440,57,,,0,70,,827441,57,,,0,30,,827442,57,,,0,100,,827444,57,,,0,100,,827446,57,,,0,100,,827448,57,,,0,100,,827450,57,,,0,100,,827452,57,,,0
8000,'20260702',659,,827454,57,,,0,70,,827455,57,,,0,30,,827456,57,,,0,70,,827457,57,,,0,30,,827458,57,,,0,69,,827459,57,,,0,30,,827460,57,,,0,70,,827461,57,,,0,30,,827462,57,,,0,70,,827463,57,,,0,30,,827464,57,,,0,70,,827465,57,,,0,30,,827466,57,,,0,70,,827467,57,,,0,30,,827468,57,,,0,70,,827469,57,,,0,31,,827470,57,,,0,70,,827471,57,,,0,30,,827472,57,,,0,71,,827473,57,,,0,29,,827474,57,,,0,70,,827475,57,,,0,30,,827476,57,,,0,70,,827477,57,,,0,29,,827478,57,,,0,70,,827479,57,,,0,100,,827481,57,,,0,100,,827483,57,,,0,100,,827485,57,,,0,100,,827487,57,,,0,100,,827489,57,,,0,30,,827490,57,,,0
8000,'20260703',659,,778969,57,,,0,70,,778970,57,,,0,30,,778971,57,,,0,70,,778972,57,,,0,30,,778973,57,,,0,69,,778974,57,,,0,30,,778975,57,,,0,70,,778976,57,,,0,30,,778977,57,,,0,70,,778978,57,,,0,30,,778979,57,,,0,70,,778980,57,,,0,30,,778981,57,,,0,70,,778982,57,,,0,30,,778983,57,,,0,70,,778984,57,,,0,31,,778985,57,,,0,70,,778986,57,,,0,30,,778987,57,,,0,71,,778988,57,,,0,29,,778989,57,,,0,70,,778990,57,,,0,30,,778991,57,,,0,70,,778992,57,,,0,29,,778993,57,,,0,70,,779000,57,,,0,100,,779001,57,,,0,100,,779002,57,,,0,100,,779003,57,,,0,100,,779004,57,,,0,100,,779005,57,,,0,30,,778999,57,,,0
8000,'20260704',658,,802541,57,,,0,70,,802559,57,,,0,30,,802542,57,,,0,70,,802560,57,,,0,30,,802543,57,,,0,70,,802561,57,,,0,30,,802544,57,,,0,70,,802562,57,,,0,30,,802545,57,,,0,70,,802563,57,,,0,30,,802546,57,,,0,70,,802564,57,,,0,31,,802547,57,,,0,70,,802565,57,,,0,30,,802548,57,,,0,70,,802566,57,,,0,30,,802549,57,,,0,70,,802567,57,,,0,30,,802550,57,,,0,70,,802568,57,,,0,30,,802551,57,,,0,70,,802569,57,,,0,30,,802552,57,,,0,69,,802570,57,,,0,30,,802553,57,,,0,70,,802571,57,,,0,30,,802554,57,,,0,100,,802555,57,,,0,100,,802556,57,,,0,100,,802557,57,,,0,100,,802558,57,,,0,100,,802576,57,,,0
8000,'20260705',658,,802578,57,,,0,70,,802596,57,,,0,30,,802579,57,,,0,70,,802597,57,,,0,30,,802580,57,,,0,70,,802598,57,,,0,30,,802581,57,,,0,70,,802599,57,,,0,30,,802582,57,,,0,70,,802600,57,,,0,30,,802583,57,,,0,70,,802601,57,,,0,31,,802584,57,,,0,70,,802602,57,,,0,30,,802585,57,,,0,70,,802604,57,,,0,30,,802586,57,,,0,70,,802605,57,,,0,30,,802587,57,,,0,70,,802606,57,,,0,30,,802588,57,,,0,70,,802603,57,,,0,30,,802589,57,,,0,69,,802607,57,,,0,30,,802590,57,,,0,70,,802608,57,,,0,30,,802591,57,,,0,100,,802592,57,,,0,100,,802593,57,,,0,100,,802594,57,,,0,100,,802595,57,,,0,100,,802614,57,,,0
8000,'20260706',659,,802615,57,,,0,70,,802616,57,,,0,30,,802617,57,,,0,70,,802618,57,,,0,30,,802619,57,,,0,69,,802620,57,,,0,30,,802621,57,,,0,70,,802622,57,,,0,30,,802623,57,,,0,70,,802624,57,,,0,30,,802625,57,,,0,70,,802626,57,,,0,30,,802627,57,,,0,70,,802628,57,,,0,30,,802629,57,,,0,70,,802630,57,,,0,31,,802631,57,,,0,70,,802632,57,,,0,30,,802633,57,,,0,71,,802634,57,,,0,29,,802635,57,,,0,70,,802636,57,,,0,30,,802637,57,,,0,70,,802638,57,,,0,29,,802639,57,,,0,70,,802646,57,,,0,100,,802647,57,,,0,100,,802648,57,,,0,100,,802649,57,,,0,100,,802650,57,,,0,100,,802651,57,,,0,30,,802645,57,,,0
8000,'20260707',659,,802653,57,,,0,70,,802654,57,,,0,30,,802655,57,,,0,70,,802656,57,,,0,30,,802657,57,,,0,69,,802658,57,,,0,30,,802659,57,,,0,70,,802660,57,,,0,30,,802661,57,,,0,70,,802662,57,,,0,30,,802663,57,,,0,70,,802664,57,,,0,30,,802665,57,,,0,70,,802666,57,,,0,30,,802667,57,,,0,70,,802668,57,,,0,31,,802669,57,,,0,70,,802670,57,,,0,30,,802671,57,,,0,71,,802672,57,,,0,29,,802673,57,,,0,70,,802674,57,,,0,30,,802675,57,,,0,70,,802676,57,,,0,29,,802677,57,,,0,70,,802684,57,,,0,100,,802685,57,,,0,100,,802686,57,,,0,100,,802687,57,,,0,100,,802688,57,,,0,100,,802689,57,,,0,30,,802683,57,,,0
8000,'20260708',659,,827491,57,,,0,70,,827492,57,,,0,30,,827493,57,,,0,70,,827494,57,,,0,30,,827495,57,,,0,69,,827496,57,,,0,30,,827497,57,,,0,70,,827498,57,,,0,30,,827499,57,,,0,70,,827500,57,,,0,30,,827501,57,,,0,70,,827502,57,,,0,30,,827503,57,,,0,70,,827504,57,,,0,30,,827505,57,,,0,70,,827506,57,,,0,31,,827507,57,,,0,70,,827508,57,,,0,30,,827509,57,,,0,71,,827510,57,,,0,29,,827511,57,,,0,70,,827512,57,,,0,30,,827513,57,,,0,70,,827514,57,,,0,29,,827515,57,,,0,70,,827522,57,,,0,100,,827523,57,,,0,100,,827524,57,,,0,100,,827525,57,,,0,100,,827526,57,,,0,100,,827527,57,,,0,30,,827521,57,,,0
8000,'20260709',659,,827529,57,,,0,70,,827530,57,,,0,30,,827531,57,,,0,70,,827532,57,,,0,30,,827533,57,,,0,69,,827534,57,,,0,30,,827535,57,,,0,70,,827536,57,,,0,30,,827537,57,,,0,70,,827538,57,,,0,30,,827539,57,,,0,70,,827540,57,,,0,30,,827541,57,,,0,70,,827542,57,,,0,30,,827543,57,,,0,70,,827544,57,,,0,31,,827545,57,,,0,70,,827546,57,,,0,30,,827547,57,,,0,71,,827548,57,,,0,29,,827549,57,,,0,70,,827550,57,,,0,30,,827551,57,,,0,70,,827552,57,,,0,29,,827553,57,,,0,70,,827560,57,,,0,100,,827561,57,,,0,100,,827562,57,,,0,100,,827563,57,,,0,100,,827564,57,,,0,100,,827565,57,,,0,30,,827559,57,,,0
8000,'20260710',659,,827567,57,,,0,70,,827568,57,,,0,30,,827569,57,,,0,70,,827570,57,,,0,30,,827571,57,,,0,69,,827572,57,,,0,30,,827573,57,,,0,70,,827574,57,,,0,30,,827575,57,,,0,70,,827576,57,,,0,30,,827577,57,,,0,70,,827578,57,,,0,30,,827579,57,,,0,70,,827580,57,,,0,30,,827581,57,,,0,70,,827582,57,,,0,31,,827583,57,,,0,70,,827584,57,,,0,30,,827585,57,,,0,71,,827586,57,,,0,29,,827587,57,,,0,70,,827588,57,,,0,30,,827589,57,,,0,70,,827590,57,,,0,29,,827591,57,,,0,70,,827598,57,,,0,100,,827599,57,,,0,100,,827600,57,,,0,100,,827601,57,,,0,100,,827602,57,,,0,100,,827603,57,,,0,30,,827597,57,,,0
28000,'20260626',1605,,805981,19,4,,0,32,,805982,19,4,,0,10,,805983,19,4,,0,58,,805984,19,4,,0,37,,805985,19,4,,0,70,,805986,19,4,,0
28000,'20260629',1605,,832531,19,4,,0,32,,832532,19,4,,0,10,,832533,19,4,,0,58,,832534,19,4,,0,37,,832535,19,4,,0,70,,832536,19,4,,0
28000,'20260630',1605,,832537,19,4,,0,32,,832538,19,4,,0,10,,832539,19,4,,0,58,,832540,19,4,,0,37,,832541,19,4,,0,70,,832542,19,4,,0
28000,'20260702',1605,,832543,19,4,,0,32,,832544,19,4,,0,10,,832545,19,4,,0,58,,832546,19,4,,0,37,,832547,19,4,,0,70,,832548,19,4,,0
28000,'20260703',1605,,783004,19,4,,0,32,,783003,19,4,,0,10,,782999,19,4,,0,58,,783000,19,4,,0,37,,783001,19,4,,0,70,,783002,19,4,,0
28000,'20260706',1605,,805992,19,4,,0,32,,805991,19,4,,0,10,,805987,19,4,,0,58,,805988,19,4,,0,37,,805989,19,4,,0,70,,805990,19,4,,0
28000,'20260707',1605,,805998,19,4,,0,32,,805997,19,4,,0,10,,805993,19,4,,0,58,,805994,19,4,,0,37,,805995,19,4,,0,70,,805996,19,4,,0
28000,'20260708',1605,,832554,19,4,,0,32,,832553,19,4,,0,10,,832549,19,4,,0,58,,832550,19,4,,0,37,,832551,19,4,,0,70,,832552,19,4,,0
28000,'20260709',1605,,832560,19,4,,0,32,,832559,19,4,,0,10,,832555,19,4,,0,58,,832556,19,4,,0,37,,832557,19,4,,0,70,,832558,19,4,,0
28000,'20260710',1605,,832566,19,4,,0,32,,832565,19,4,,0,10,,832561,19,4,,0,58,,832562,19,4,,0,37,,832563,19,4,,0,70,,832564,19,4,,0
58000,'20260626',1616,,806640,32,4,,0,41,,806641,32,4,,0,96,,806642,32,4,,0
58000,'20260629',1616,,833528,32,4,,0,41,,833529,32,4,,0,96,,833530,32,4,,0
58000,'20260630',1616,,833531,32,4,,0,41,,833532,32,4,,0,96,,833533,32,4,,0
58000,'20260702',1616,,833534,32,4,,0,41,,833535,32,4,,0,96,,833536,32,4,,0
58000,'20260703',1616,,783727,32,4,,0,41,,783726,32,4,,0,96,,783728,32,4,,0
58000,'20260706',1616,,806644,32,4,,0,41,,806643,32,4,,0,96,,806645,32,4,,0
58000,'20260707',1616,,806647,32,4,,0,41,,806646,32,4,,0,96,,806648,32,4,,0
58000,'20260708',1616,,833538,32,4,,0,41,,833537,32,4,,0,96,,833539,32,4,,0
58000,'20260709',1616,,833541,32,4,,0,41,,833540,32,4,,0,96,,833542,32,4,,0
58000,'20260710',1616,,833544,32,4,,0,41,,833543,32,4,,0,96,,833545,32,4,,0
98000,'20260626',2607,,814366,59,,,0
98000,'20260627',2607,,845108,59,,,0
98000,'20260703',2607,,793812,59,,,0
98000,'20260704',2607,,814367,59,,,0
98000,'20260710',2607,,845109,59,,,0
