101,'20260308',609,,466,24,,,1,100,,467,24,,,1,100,,468,24,,,1,100,,469,24,,,1,100,,470,24,,,1,99,,471,24,,,1,30,,472,24,,,1,70,,473,24,,,1,30,,474,24,,,1,70,,475,24,,,1,29,,476,24,,,1,70,,477,24,,,1,30,,478,24,,,1,70,,479,24,,,1,30,,480,24,,,1,70,,481,24,,,1,30,,482,24,,,1,70,,483,24,,,1,101,,484,24,,,1,101,,485,24,,,1,100,,486,24,,,1,100,,487,24,,,1,100,,488,24,,,1,100,,489,24,,,1,100,,490,24,,,1
101,'20260309',602,,491,24,,,1,20,,492,24,,,1,20,,493,24,,,1,59,,494,24,,,1,14,,495,24,,,1,15,,496,24,,,1,15,,497,24,,,1,56,,498,24,,,1,14,,499,24,,,1,15,,500,24,,,1,15,,501,24,,,1,57,,502,24,,,1,15,,503,24,,,1,29,,504,24,,,1,70,,505,24,,,1,29,,506,24,,,1,70,,507,24,,,1,30,,508,24,,,1,70,,509,24,,,1,30,,510,24,,,1,70,,511,24,,,1,29,,512,24,,,1,70,,513,24,,,1,31,,514,24,,,1,66,,515,24,,,1,19,,516,24,,,1,16,,517,24,,,1,55,,518,24,,,1,14,,519,24,,,1,16,,520,24,,,1,19,,521,24,,,1,62,,522,24,,,1,20,,523,24,,,1,71,,524,24,,,1,32,,525,24,,,1,71,,526,24,,,1,31,,527,24,,,1,70,,528,24,,,1,100,,529,24,,,1,100,,530,24,,,1,100,,531,24,,,1,100,,532,24,,,1
101,'20260310',602,,533,24,,,1,20,,534,24,,,1,20,,535,24,,,1,59,,536,24,,,1,14,,537,24,,,1,15,,538,24,,,1,15,,539,24,,,1,56,,540,24,,,1,14,,541,24,,,1,15,,542,24,,,1,15,,543,24,,,1,57,,544,24,,,1,15,,545,24,,,1,29,,546,24,,,1,70,,547,24,,,1,29,,548,24,,,1,70,,549,24,,,1,30,,550,24,,,1,70,,551,24,,,1,30,,552,24,,,1,70,,553,24,,,1,29,,554,24,,,1,70,,555,24,,,1,31,,556,24,,,1,66,,557,24,,,1,19,,558,24,,,1,16,,559,24,,,1,55,,560,24,,,1,14,,561,24,,,1,16,,562,24,,,1,19,,563,24,,,1,62,,564,24,,,1,20,,565,24,,,1,71,,566,24,,,1,32,,567,24,,,1,71,,568,24,,,1,31,,569,24,,,1,70,,570,24,,,1,100,,571,24,,,1,100,,572,24,,,1,100,,573,24,,,1,100,,574,24,,,1
101,'20260311',602,,575,24,,,1,20,,576,24,,,1,20,,577,24,,,1,59,,578,24,,,1,14,,579,24,,,1,15,,580,24,,,1,15,,581,24,,,1,56,,582,24,,,1,14,,583,24,,,1,15,,584,24,,,1,15,,585,24,,,1,57,,586,24,,,1,15,,587,24,,,1,29,,588,24,,,1,70,,589,24,,,1,29,,590,24,,,1,70,,591,24,,,1,30,,592,24,,,1,70,,593,24,,,1,30,,594,24,,,1,70,,595,24,,,1,29,,596,24,,,1,70,,597,24,,,1,31,,598,24,,,1,66,,599,24,,,1,19,,600,24,,,1,16,,601,24,,,1,55,,602,24,,,1,14,,603,24,,,1,16,,604,24,,,1,19,,605,24,,,1,62,,606,24,,,1,20,,607,24,,,1,71,,608,24,,,1,32,,609,24,,,1,71,,610,24,,,1,31,,611,24,,,1,70,,612,24,,,1,100,,613,24,,,1,100,,614,24,,,1,100,,615,24,,,1,100,,616,24,,,1
101,'20260312',602,,617,24,,,1,20,,618,24,,,1,20,,619,24,,,1,59,,620,24,,,1,14,,621,24,,,1,15,,622,24,,,1,15,,623,24,,,1,56,,624,24,,,1,14,,625,24,,,1,15,,626,24,,,1,15,,627,24,,,1,57,,628,24,,,1,15,,629,24,,,1,29,,630,24,,,1,70,,631,24,,,1,29,,632,24,,,1,70,,633,24,,,1,30,,634,24,,,1,70,,635,24,,,1,30,,636,24,,,1,70,,637,24,,,1,29,,638,24,,,1,70,,639,24,,,1,31,,640,24,,,1,66,,641,24,,,1,19,,642,24,,,1,16,,643,24,,,1,55,,644,24,,,1,14,,645,24,,,1,16,,646,24,,,1,19,,647,24,,,1,62,,648,24,,,1,20,,649,24,,,1,71,,650,24,,,1,32,,651,24,,,1,71,,652,24,,,1,31,,653,24,,,1,70,,654,24,,,1,100,,655,24,,,1,100,,656,24,,,1,100,,657,24,,,1,100,,658,24,,,1
101,'20260313',602,,659,24,,,1,20,,660,24,,,1,20,,661,24,,,1,59,,662,24,,,1,14,,663,24,,,1,15,,664,24,,,1,15,,665,24,,,1,56,,666,24,,,1,14,,667,24,,,1,15,,668,24,,,1,15,,669,24,,,1,57,,670,24,,,1,15,,671,24,,,1,29,,672,24,,,1,70,,673,24,,,1,29,,674,24,,,1,70,,675,24,,,1,30,,676,24,,,1,70,,677,24,,,1,30,,678,24,,,1,70,,679,24,,,1,29,,680,24,,,1,70,,681,24,,,1,31,,682,24,,,1,66,,683,24,,,1,19,,684,24,,,1,16,,685,24,,,1,55,,686,24,,,1,14,,687,24,,,1,16,,688,24,,,1,19,,689,24,,,1,62,,690,24,,,1,20,,691,24,,,1,71,,692,24,,,1,32,,693,24,,,1,71,,694,24,,,1,31,,695,24,,,1,70,,696,24,,,1,100,,697,24,,,1,100,,698,24,,,1,100,,699,24,,,1,100,,700,24,,,1
101,'20260314',609,,724,24,,,1,100,,701,24,,,1,100,,702,24,,,1,100,,703,24,,,1,100,,704,24,,,1,99,,705,24,,,1,30,,723,24,,,1,70,,706,24,,,1,30,,707,24,,,1,70,,708,24,,,1,29,,709,24,,,1,70,,710,24,,,1,30,,711,24,,,1,70,,712,24,,,1,30,,713,24,,,1,70,,714,24,,,1,30,,715,24,,,1,70,,716,24,,,1,101,,717,24,,,1,101,,718,24,,,1,100,,719,24,,,1,100,,720,24,,,1,100,,721,24,,,1,100,,722,24,,,1,100,,725,24,,,1
101,'20260315',609,,749,24,,,1,100,,726,24,,,1,100,,727,24,,,1,100,,728,24,,,1,100,,729,24,,,1,99,,730,24,,,1,30,,748,24,,,1,70,,731,24,,,1,30,,732,24,,,1,70,,733,24,,,1,29,,734,24,,,1,70,,735,24,,,1,30,,736,24,,,1,70,,737,24,,,1,30,,738,24,,,1,70,,739,24,,,1,30,,740,24,,,1,70,,741,24,,,1,101,,742,24,,,1,101,,743,24,,,1,100,,744,24,,,1,100,,745,24,,,1,100,,746,24,,,1,100,,747,24,,,1,100,,750,24,,,1
101,'20260316',602,,751,24,,,1,20,,752,24,,,1,20,,789,24,,,1,59,,753,24,,,1,14,,790,24,,,1,15,,754,24,,,1,15,,791,24,,,1,56,,755,24,,,1,14,,781,24,,,1,15,,756,24,,,1,15,,787,24,,,1,57,,757,24,,,1,15,,758,24,,,1,29,,759,24,,,1,70,,760,24,,,1,29,,761,24,,,1,70,,762,24,,,1,30,,763,24,,,1,70,,764,24,,,1,30,,765,24,,,1,70,,766,24,,,1,29,,767,24,,,1,70,,768,24,,,1,31,,769,24,,,1,66,,770,24,,,1,19,,771,24,,,1,16,,772,24,,,1,55,,792,24,,,1,14,,788,24,,,1,16,,773,24,,,1,19,,774,24,,,1,62,,786,24,,,1,20,,775,24,,,1,71,,776,24,,,1,32,,777,24,,,1,71,,778,24,,,1,31,,779,24,,,1,70,,780,24,,,1,100,,785,24,,,1,100,,782,24,,,1,100,,783,24,,,1,100,,784,24,,,1
101,'20260317',602,,793,24,,,1,20,,794,24,,,1,20,,831,24,,,1,59,,795,24,,,1,14,,832,24,,,1,15,,796,24,,,1,15,,833,24,,,1,56,,797,24,,,1,14,,823,24,,,1,15,,798,24,,,1,15,,829,24,,,1,57,,799,24,,,1,15,,800,24,,,1,29,,801,24,,,1,70,,802,24,,,1,29,,803,24,,,1,70,,804,24,,,1,30,,805,24,,,1,70,,806,24,,,1,30,,807,24,,,1,70,,808,24,,,1,29,,809,24,,,1,70,,810,24,,,1,31,,811,24,,,1,66,,812,24,,,1,19,,813,24,,,1,16,,814,24,,,1,55,,834,24,,,1,14,,830,24,,,1,16,,815,24,,,1,19,,816,24,,,1,62,,828,24,,,1,20,,817,24,,,1,71,,818,24,,,1,32,,819,24,,,1,71,,820,24,,,1,31,,821,24,,,1,70,,822,24,,,1,100,,827,24,,,1,100,,824,24,,,1,100,,825,24,,,1,100,,826,24,,,1
101,'20260318',602,,835,24,,,1,20,,836,24,,,1,20,,873,24,,,1,59,,837,24,,,1,14,,874,24,,,1,15,,838,24,,,1,15,,875,24,,,1,56,,839,24,,,1,14,,865,24,,,1,15,,840,24,,,1,15,,871,24,,,1,57,,841,24,,,1,15,,842,24,,,1,29,,843,24,,,1,70,,844,24,,,1,29,,845,24,,,1,70,,846,24,,,1,30,,847,24,,,1,70,,848,24,,,1,30,,849,24,,,1,70,,850,24,,,1,29,,851,24,,,1,70,,852,24,,,1,31,,853,24,,,1,66,,854,24,,,1,19,,855,24,,,1,16,,856,24,,,1,55,,876,24,,,1,14,,872,24,,,1,16,,857,24,,,1,19,,858,24,,,1,62,,870,24,,,1,20,,859,24,,,1,71,,860,24,,,1,32,,861,24,,,1,71,,862,24,,,1,31,,863,24,,,1,70,,864,24,,,1,100,,869,24,,,1,100,,866,24,,,1,100,,867,24,,,1,100,,868,24,,,1
101,'20260319',602,,877,24,,,1,20,,878,24,,,1,20,,915,24,,,1,59,,879,24,,,1,14,,916,24,,,1,15,,880,24,,,1,15,,917,24,,,1,56,,881,24,,,1,14,,907,24,,,1,15,,882,24,,,1,15,,913,24,,,1,57,,883,24,,,1,15,,884,24,,,1,29,,885,24,,,1,70,,886,24,,,1,29,,887,24,,,1,70,,888,24,,,1,30,,889,24,,,1,70,,890,24,,,1,30,,891,24,,,1,70,,892,24,,,1,29,,893,24,,,1,70,,894,24,,,1,31,,895,24,,,1,66,,896,24,,,1,19,,897,24,,,1,16,,898,24,,,1,55,,918,24,,,1,14,,914,24,,,1,16,,899,24,,,1,19,,900,24,,,1,62,,912,24,,,1,20,,901,24,,,1,71,,902,24,,,1,32,,903,24,,,1,71,,904,24,,,1,31,,905,24,,,1,70,,906,24,,,1,100,,911,24,,,1,100,,908,24,,,1,100,,909,24,,,1,100,,910,24,,,1
101,'20260320',602,,919,24,,,1,20,,920,24,,,1,20,,957,24,,,1,59,,921,24,,,1,14,,958,24,,,1,15,,922,24,,,1,15,,959,24,,,1,56,,923,24,,,1,14,,949,24,,,1,15,,924,24,,,1,15,,955,24,,,1,57,,925,24,,,1,15,,926,24,,,1,29,,927,24,,,1,70,,928,24,,,1,29,,929,24,,,1,70,,930,24,,,1,30,,931,24,,,1,70,,932,24,,,1,30,,933,24,,,1,70,,934,24,,,1,29,,935,24,,,1,70,,936,24,,,1,31,,937,24,,,1,66,,938,24,,,1,19,,939,24,,,1,16,,940,24,,,1,55,,960,24,,,1,14,,956,24,,,1,16,,941,24,,,1,19,,942,24,,,1,62,,954,24,,,1,20,,943,24,,,1,71,,944,24,,,1,32,,945,24,,,1,71,,946,24,,,1,31,,947,24,,,1,70,,948,24,,,1,100,,953,24,,,1,100,,950,24,,,1,100,,951,24,,,1,100,,952,24,,,1
2503,'20260308',645,,7705,2,,,0,97,,7706,2,,,0,99,,7707,2,,,0,99,,7708,2,,,0,98,,7709,2,,,0,98,,7710,2,,,0,97,,7711,2,,,0,98,,7712,2,,,0,103,,7713,2,,,0,98,,7714,2,,,0,102,,7715,2,,,0,102,,7716,2,,,0,102,,7717,2,,,0,103,,7718,2,,,0,102,,7719,2,,,0,100,,7720,2,,,0,100,,7721,2,,,0,112,,7722,2,,,0
2503,'20260309',628,,7723,2,,,0,28,,7724,2,,,0,54,,7725,2,,,0,18,,7726,2,,,0,10,,7727,2,,,0,15,,7728,2,,,0,69,,7729,2,,,0,32,,7730,2,,,0,72,,7731,2,,,0,28,,7732,2,,,0,71,,7733,2,,,0,29,,7734,2,,,0,69,,7735,2,,,0,31,,7736,2,,,0,69,,7737,2,,,0,30,,7738,2,,,0,70,,7739,2,,,0,29,,7740,2,,,0,67,,7741,2,,,0,28,,7742,2,,,0,55,,7743,2,,,0,13,,7744,2,,,0,16,,7745,2,,,0,16,,7746,2,,,0,59,,7747,2,,,0,20,,7748,2,,,0,21,,7749,2,,,0,63,,7750,2,,,0,47,,7751,2,,,0,100,,7752,2,,,0,143,,7753,2,,,0,100,,7754,2,,,0,100,,7755,2,,,0,101,,7756,2,,,0,103,,7757,2,,,0
2503,'20260310',628,,7760,2,,,0,28,,7761,2,,,0,54,,7762,2,,,0,18,,7763,2,,,0,10,,7764,2,,,0,15,,7765,2,,,0,69,,7766,2,,,0,32,,7767,2,,,0,72,,7768,2,,,0,28,,7769,2,,,0,71,,7770,2,,,0,29,,7771,2,,,0,69,,7772,2,,,0,31,,7773,2,,,0,69,,7774,2,,,0,30,,7775,2,,,0,70,,7776,2,,,0,29,,7777,2,,,0,67,,7778,2,,,0,28,,7779,2,,,0,55,,7780,2,,,0,13,,7781,2,,,0,16,,7782,2,,,0,16,,7783,2,,,0,59,,7784,2,,,0,20,,7785,2,,,0,21,,7786,2,,,0,63,,7787,2,,,0,47,,7788,2,,,0,100,,7789,2,,,0,143,,7790,2,,,0,100,,7791,2,,,0,100,,7792,2,,,0,101,,7793,2,,,0,103,,7794,2,,,0
2503,'20260311',628,,7797,2,,,0,28,,7798,2,,,0,54,,7799,2,,,0,18,,7800,2,,,0,10,,7801,2,,,0,15,,7802,2,,,0,69,,7803,2,,,0,32,,7804,2,,,0,72,,7805,2,,,0,28,,7806,2,,,0,71,,7807,2,,,0,29,,7808,2,,,0,69,,7809,2,,,0,31,,7810,2,,,0,69,,7811,2,,,0,30,,7812,2,,,0,70,,7813,2,,,0,29,,7814,2,,,0,67,,7815,2,,,0,28,,7816,2,,,0,55,,7817,2,,,0,13,,7818,2,,,0,16,,7819,2,,,0,16,,7820,2,,,0,59,,7821,2,,,0,20,,7822,2,,,0,21,,7823,2,,,0,63,,7824,2,,,0,47,,7825,2,,,0,100,,7826,2,,,0,143,,7827,2,,,0,100,,7828,2,,,0,100,,7829,2,,,0,101,,7830,2,,,0,103,,7831,2,,,0
2503,'20260312',628,,7834,2,,,0,28,,7835,2,,,0,54,,7836,2,,,0,18,,7837,2,,,0,10,,7838,2,,,0,15,,7839,2,,,0,69,,7840,2,,,0,32,,7841,2,,,0,72,,7842,2,,,0,28,,7843,2,,,0,71,,7844,2,,,0,29,,7845,2,,,0,69,,7846,2,,,0,31,,7847,2,,,0,69,,7848,2,,,0,30,,7849,2,,,0,70,,7850,2,,,0,29,,7851,2,,,0,67,,7852,2,,,0,28,,7853,2,,,0,55,,7854,2,,,0,13,,7855,2,,,0,16,,7856,2,,,0,16,,7857,2,,,0,59,,7858,2,,,0,20,,7859,2,,,0,21,,7860,2,,,0,63,,7861,2,,,0,47,,7862,2,,,0,100,,7863,2,,,0,143,,7864,2,,,0,100,,7865,2,,,0,100,,7866,2,,,0,101,,7867,2,,,0,103,,7868,2,,,0
2503,'20260313',628,,7871,2,,,0,28,,7872,2,,,0,54,,7873,2,,,0,18,,7874,2,,,0,10,,7875,2,,,0,15,,7876,2,,,0,69,,7877,2,,,0,32,,7878,2,,,0,72,,7879,2,,,0,28,,7880,2,,,0,71,,7881,2,,,0,29,,7882,2,,,0,69,,7883,2,,,0,31,,7884,2,,,0,69,,7885,2,,,0,30,,7886,2,,,0,70,,7887,2,,,0,29,,7888,2,,,0,67,,7889,2,,,0,28,,7890,2,,,0,55,,7891,2,,,0,13,,7892,2,,,0,16,,7893,2,,,0,16,,7894,2,,,0,59,,7895,2,,,0,20,,7896,2,,,0,21,,7897,2,,,0,63,,7898,2,,,0,47,,7899,2,,,0,100,,7900,2,,,0,143,,7901,2,,,0,100,,7902,2,,,0,100,,7903,2,,,0,101,,7904,2,,,0,103,,7905,2,,,0
2503,'20260314',645,,7908,2,,,0,97,,7909,2,,,0,99,,7910,2,,,0,99,,7911,2,,,0,98,,7912,2,,,0,98,,7913,2,,,0,97,,7914,2,,,0,98,,7915,2,,,0,103,,7916,2,,,0,98,,7917,2,,,0,102,,7918,2,,,0,102,,7919,2,,,0,102,,7920,2,,,0,103,,7921,2,,,0,102,,7922,2,,,0,100,,7923,2,,,0,100,,7924,2,,,0,112,,7925,2,,,0
2503,'20260315',645,,7926,2,,,0,97,,7927,2,,,0,99,,7928,2,,,0,99,,7929,2,,,0,98,,7930,2,,,0,98,,7931,2,,,0,97,,7932,2,,,0,98,,7933,2,,,0,103,,7934,2,,,0,98,,7935,2,,,0,102,,7936,2,,,0,102,,7937,2,,,0,102,,7938,2,,,0,103,,7939,2,,,0,102,,7940,2,,,0,100,,7941,2,,,0,100,,7942,2,,,0,112,,7943,2,,,0
2503,'20260316',628,,7944,2,,,0,28,,7945,2,,,0,54,,7946,2,,,0,18,,7947,2,,,0,10,,7948,2,,,0,15,,7949,2,,,0,69,,7950,2,,,0,32,,7958,2,,,0,72,,7959,2,,,0,28,,7960,2,,,0,71,,7961,2,,,0,29,,7962,2,,,0,69,,7963,2,,,0,31,,7964,2,,,0,69,,7965,2,,,0,30,,7966,2,,,0,70,,7967,2,,,0,29,,7968,2,,,0,67,,7969,2,,,0,28,,7951,2,,,0,55,,7977,2,,,0,13,,7952,2,,,0,16,,7978,2,,,0,16,,7953,2,,,0,59,,7957,2,,,0,20,,7954,2,,,0,21,,7955,2,,,0,63,,7956,2,,,0,47,,7970,2,,,0,100,,7971,2,,,0,143,,7972,2,,,0,100,,7973,2,,,0,100,,7974,2,,,0,101,,7975,2,,,0,103,,7976,2,,,0
2503,'20260317',628,,7981,2,,,0,28,,7982,2,,,0,54,,7983,2,,,0,18,,7984,2,,,0,10,,7985,2,,,0,15,,7986,2,,,0,69,,7987,2,,,0,32,,7995,2,,,0,72,,7996,2,,,0,28,,7997,2,,,0,71,,7998,2,,,0,29,,7999,2,,,0,69,,8000,2,,,0,31,,8001,2,,,0,69,,8002,2,,,0,30,,8003,2,,,0,70,,8004,2,,,0,29,,8005,2,,,0,67,,8006,2,,,0,28,,7988,2,,,0,55,,8014,2,,,0,13,,7989,2,,,0,16,,8015,2,,,0,16,,7990,2,,,0,59,,7994,2,,,0,20,,7991,2,,,0,21,,7992,2,,,0,63,,7993,2,,,0,47,,8007,2,,,0,100,,8008,2,,,0,143,,8009,2,,,0,100,,8010,2,,,0,100,,8011,2,,,0,101,,8012,2,,,0,103,,8013,2,,,0
2503,'20260318',628,,8018,2,,,0,28,,8019,2,,,0,54,,8020,2,,,0,18,,8021,2,,,0,10,,8022,2,,,0,15,,8023,2,,,0,69,,8024,2,,,0,32,,8032,2,,,0,72,,8033,2,,,0,28,,8034,2,,,0,71,,8035,2,,,0,29,,8036,2,,,0,69,,8037,2,,,0,31,,8038,2,,,0,69,,8039,2,,,0,30,,8040,2,,,0,70,,8041,2,,,0,29,,8042,2,,,0,67,,8043,2,,,0,28,,8025,2,,,0,55,,8051,2,,,0,13,,8026,2,,,0,16,,8052,2,,,0,16,,8027,2,,,0,59,,8031,2,,,0,20,,8028,2,,,0,21,,8029,2,,,0,63,,8030,2,,,0,47,,8044,2,,,0,100,,8045,2,,,0,143,,8046,2,,,0,100,,8047,2,,,0,100,,8048,2,,,0,101,,8049,2,,,0,103,,8050,2,,,0
2503,'20260319',628,,8055,2,,,0,28,,8056,2,,,0,54,,8057,2,,,0,18,,8058,2,,,0,10,,8059,2,,,0,15,,8060,2,,,0,69,,8061,2,,,0,32,,8069,2,,,0,72,,8070,2,,,0,28,,8071,2,,,0,71,,8072,2,,,0,29,,8073,2,,,0,69,,8074,2,,,0,31,,8075,2,,,0,69,,8076,2,,,0,30,,8077,2,,,0,70,,8078,2,,,0,29,,8079,2,,,0,67,,8080,2,,,0,28,,8062,2,,,0,55,,8088,2,,,0,13,,8063,2,,,0,16,,8089,2,,,0,16,,8064,2,,,0,59,,8068,2,,,0,20,,8065,2,,,0,21,,8066,2,,,0,63,,8067,2,,,0,47,,8081,2,,,0,100,,8082,2,,,0,143,,8083,2,,,0,100,,8084,2,,,0,100,,8085,2,,,0,101,,8086,2,,,0,103,,8087,2,,,0
2503,'20260320',628,,8092,2,,,0,28,,8093,2,,,0,54,,8094,2,,,0,18,,8095,2,,,0,10,,8096,2,,,0,15,,8097,2,,,0,69,,8098,2,,,0,32,,8106,2,,,0,72,,8107,2,,,0,28,,8108,2,,,0,71,,8109,2,,,0,29,,8110,2,,,0,69,,8111,2,,,0,31,,8112,2,,,0,69,,8113,2,,,0,30,,8114,2,,,0,70,,8115,2,,,0,29,,8116,2,,,0,67,,8117,2,,,0,28,,8099,2,,,0,55,,8125,2,,,0,13,,8100,2,,,0,16,,8126,2,,,0,16,,8101,2,,,0,59,,8105,2,,,0,20,,8102,2,,,0,21,,8103,2,,,0,63,,8104,2,,,0,47,,8118,2,,,0,100,,8119,2,,,0,143,,8120,2,,,0,100,,8121,2,,,0,100,,8122,2,,,0,101,,8123,2,,,0,103,,8124,2,,,0
5401,'20260309',602,,13685,55,,,1,103,,13688,55,,,1,41,,13690,55,,,1,72,,13692,55,,,1
5401,'20260310',602,,13720,55,,,1,103,,13723,55,,,1,41,,13725,55,,,1,72,,13727,55,,,1
5401,'20260311',602,,13755,55,,,1,103,,13758,55,,,1,41,,13760,55,,,1,72,,13762,55,,,1
5401,'20260312',602,,13790,55,,,1,103,,13793,55,,,1,41,,13795,55,,,1,72,,13797,55,,,1
5401,'20260313',602,,13825,55,,,1,103,,13828,55,,,1,41,,13830,55,,,1,72,,13832,55,,,1
5401,'20260316',602,,13932,55,,,1,103,,13931,55,,,1,41,,13928,55,,,1,72,,13925,55,,,1
5401,'20260317',602,,13967,55,,,1,103,,13966,55,,,1,41,,13963,55,,,1,72,,13960,55,,,1
5401,'20260318',602,,14002,55,,,1,103,,14001,55,,,1,41,,13998,55,,,1,72,,13995,55,,,1
5401,'20260319',602,,14037,55,,,1,103,,14036,55,,,1,41,,14033,55,,,1,72,,14030,55,,,1
5401,'20260320',602,,14072,55,,,1,103,,14071,55,,,1,41,,14068,55,,,1,72,,14065,55,,,1
13301,'20260309',644,,27458,33,,,0,70,,27459,33,,,0,15,,27460,33,,,0,21,,27461,33,,,0,54,,27462,33,,,0,25,,27463,33,,,0,21,,27464,33,,,0
13301,'20260310',644,,27466,33,,,0,70,,27467,33,,,0,15,,27468,33,,,0,21,,27469,33,,,0,54,,27470,33,,,0,25,,27471,33,,,0,21,,27472,33,,,0
13301,'20260311',644,,27474,33,,,0,70,,27475,33,,,0,15,,27476,33,,,0,21,,27477,33,,,0,54,,27478,33,,,0,25,,27479,33,,,0,21,,27480,33,,,0
13301,'20260312',644,,27482,33,,,0,70,,27483,33,,,0,15,,27484,33,,,0,21,,27485,33,,,0,54,,27486,33,,,0,25,,27487,33,,,0,21,,27488,33,,,0
13301,'20260313',644,,27490,33,,,0,70,,27491,33,,,0,15,,27492,33,,,0,21,,27493,33,,,0,54,,27494,33,,,0,25,,27495,33,,,0,21,,27496,33,,,0
13301,'20260316',644,,27503,33,,,0,70,,27497,33,,,0,15,,27498,33,,,0,21,,27501,33,,,0,54,,27500,33,,,0,25,,27499,33,,,0,21,,27502,33,,,0
13301,'20260317',644,,27510,33,,,0,70,,27504,33,,,0,15,,27505,33,,,0,21,,27508,33,,,0,54,,27507,33,,,0,25,,27506,33,,,0,21,,27509,33,,,0
13301,'20260318',644,,27517,33,,,0,70,,27511,33,,,0,15,,27512,33,,,0,21,,27515,33,,,0,54,,27514,33,,,0,25,,27513,33,,,0,21,,27516,33,,,0
13301,'20260319',644,,27524,33,,,0,70,,27518,33,,,0,15,,27519,33,,,0,21,,27522,33,,,0,54,,27521,33,,,0,25,,27520,33,,,0,21,,27523,33,,,0
13301,'20260320',644,,27531,33,,,0,70,,27525,33,,,0,15,,27526,33,,,0,21,,27529,33,,,0,54,,27528,33,,,0,25,,27527,33,,,0,21,,27530,33,,,0
29001,'20260309',718,,30037,35,4,,0,35,,30038,35,4,,0,75,,30039,35,4,,0,22,,30040,35,4,,0
29001,'20260310',718,,30041,35,4,,0,35,,30042,35,4,,0,75,,30043,35,4,,0,22,,30044,35,4,,0
29001,'20260311',718,,30045,35,4,,0,35,,30046,35,4,,0,75,,30047,35,4,,0,22,,30048,35,4,,0
29001,'20260312',718,,30049,35,4,,0,35,,30050,35,4,,0,75,,30051,35,4,,0,22,,30052,35,4,,0
29001,'20260313',718,,30053,35,4,,0,35,,30054,35,4,,0,75,,30055,35,4,,0,22,,30056,35,4,,0
29001,'20260316',718,,30059,35,4,,0,35,,30057,35,4,,0,75,,30058,35,4,,0,22,,30060,35,4,,0
29001,'20260317',718,,30063,35,4,,0,35,,30061,35,4,,0,75,,30062,35,4,,0,22,,30064,35,4,,0
29001,'20260318',718,,30067,35,4,,0,35,,30065,35,4,,0,75,,30066,35,4,,0,22,,30068,35,4,,0
29001,'20260319',718,,30071,35,4,,0,35,,30069,35,4,,0,75,,30070,35,4,,0,22,,30072,35,4,,0
29001,'20260320',718,,30075,35,4,,0,35,,30073,35,4,,0,75,,30074,35,4,,0,22,,30076,35,4,,0
