8600,'20260416',656,,252537,25,,,0,70,,252538,25,,,0,29,,252539,25,,,0,68,,252540,25,,,0,105,,252541,25,,,0,100,,252542,25,,,0,98,,252543,25,,,0,100,,252544,25,,,0,30,,252545,25,,,0,71,,252546,25,,,0,100,,252547,25,,,0,99,,252548,25,,,0,19,,252555,29,,,0,10,,252556,29,,,0,86,,252557,29,,,0,79,,252558,29,,,0,35,,252559,29,,,0,70,,252549,25,,,0,102,,252550,25,,,0,101,,252551,25,,,0,100,,252552,25,,,0,100,,252553,25,,,0,101,,252554,25,,,0
8600,'20260417',656,,252560,25,,,0,70,,252561,25,,,0,29,,252562,25,,,0,68,,252563,25,,,0,105,,252564,25,,,0,100,,252565,25,,,0,98,,252566,25,,,0,100,,252567,25,,,0,30,,252568,25,,,0,71,,252569,25,,,0,100,,252570,25,,,0,99,,252571,25,,,0,19,,252578,29,,,0,10,,252579,29,,,0,86,,252580,29,,,0,79,,252581,29,,,0,35,,252582,29,,,0,70,,252572,25,,,0,102,,252573,25,,,0,101,,252574,25,,,0,100,,252575,25,,,0,100,,252576,25,,,0,101,,252577,25,,,0
8600,'20260418',729,,290284,25,,,0,100,,290285,25,,,0,100,,290286,25,,,0,100,,290287,25,,,0,99,,290288,25,,,0,99,,290289,25,,,0,100,,290290,25,,,0,99,,290291,25,,,0,99,,290292,25,,,0,100,,290293,25,,,0,101,,290294,25,,,0,101,,290295,25,,,0,100,,290296,25,,,0,101,,290297,25,,,0,101,,290298,25,,,0,101,,290299,25,,,0,101,,290300,25,,,0,100,,290301,25,,,0
8600,'20260419',729,,290302,25,,,0,100,,290303,25,,,0,100,,290304,25,,,0,100,,290305,25,,,0,99,,290306,25,,,0,99,,290307,25,,,0,100,,290308,25,,,0,99,,290309,25,,,0,99,,290310,25,,,0,100,,290311,25,,,0,101,,290312,25,,,0,101,,290313,25,,,0,100,,290314,25,,,0,101,,290315,25,,,0,101,,290316,25,,,0,101,,290317,25,,,0,101,,290318,25,,,0,100,,290319,25,,,0
8600,'20260420',656,,290320,25,,,0,70,,290321,25,,,0,29,,290322,25,,,0,68,,290323,25,,,0,105,,290324,25,,,0,100,,290325,25,,,0,98,,290326,25,,,0,100,,290327,25,,,0,30,,290328,25,,,0,71,,290329,25,,,0,100,,290330,25,,,0,99,,290331,25,,,0,19,,290338,29,,,0,10,,290339,29,,,0,86,,290340,29,,,0,79,,290341,29,,,0,35,,290342,29,,,0,70,,290332,25,,,0,102,,290333,25,,,0,101,,290334,25,,,0,100,,290335,25,,,0,100,,290336,25,,,0,101,,290337,25,,,0
8600,'20260421',656,,290343,25,,,0,70,,290344,25,,,0,29,,290345,25,,,0,68,,290346,25,,,0,105,,290347,25,,,0,100,,290348,25,,,0,98,,290349,25,,,0,100,,290350,25,,,0,30,,290351,25,,,0,71,,290352,25,,,0,100,,290353,25,,,0,99,,290354,25,,,0,19,,290361,29,,,0,10,,290362,29,,,0,86,,290363,29,,,0,79,,290364,29,,,0,35,,290365,29,,,0,70,,290355,25,,,0,102,,290356,25,,,0,101,,290357,25,,,0,100,,290358,25,,,0,100,,290359,25,,,0,101,,290360,25,,,0
8600,'20260422',656,,252607,25,,,0,70,,252606,25,,,0,29,,252608,25,,,0,68,,252609,25,,,0,105,,252610,25,,,0,100,,252623,25,,,0,98,,252612,25,,,0,100,,252613,25,,,0,30,,252628,25,,,0,71,,252614,25,,,0,100,,252624,25,,,0,99,,252611,25,,,0,19,,252615,29,,,0,10,,252616,29,,,0,86,,252617,29,,,0,79,,252618,29,,,0,35,,252619,29,,,0,70,,252625,25,,,0,102,,252620,25,,,0,101,,252626,25,,,0,100,,252621,25,,,0,100,,252627,25,,,0,101,,252622,25,,,0
8600,'20260423',656,,252630,25,,,0,70,,252629,25,,,0,29,,252631,25,,,0,68,,252632,25,,,0,105,,252633,25,,,0,100,,252646,25,,,0,98,,252635,25,,,0,100,,252636,25,,,0,30,,252651,25,,,0,71,,252637,25,,,0,100,,252647,25,,,0,99,,252634,25,,,0,19,,252638,29,,,0,10,,252639,29,,,0,86,,252640,29,,,0,79,,252641,29,,,0,35,,252642,29,,,0,70,,252648,25,,,0,102,,252643,25,,,0,101,,252649,25,,,0,100,,252644,25,,,0,100,,252650,25,,,0,101,,252645,25,,,0
8600,'20260424',656,,252653,25,,,0,70,,252652,25,,,0,29,,252654,25,,,0,68,,252655,25,,,0,105,,252656,25,,,0,100,,252669,25,,,0,98,,252658,25,,,0,100,,252659,25,,,0,30,,252674,25,,,0,71,,252660,25,,,0,100,,252670,25,,,0,99,,252657,25,,,0,19,,252661,29,,,0,10,,252662,29,,,0,86,,252663,29,,,0,79,,252664,29,,,0,35,,252665,29,,,0,70,,252671,25,,,0,102,,252666,25,,,0,101,,252672,25,,,0,100,,252667,25,,,0,100,,252673,25,,,0,101,,252668,25,,,0
8600,'20260425',729,,252675,25,,,0,100,,252684,25,,,0,100,,252679,25,,,0,100,,252685,25,,,0,99,,252680,25,,,0,99,,252686,25,,,0,100,,252681,25,,,0,99,,252687,25,,,0,99,,252682,25,,,0,100,,252688,25,,,0,101,,252683,25,,,0,101,,252689,25,,,0,100,,252676,25,,,0,101,,252690,25,,,0,101,,252678,25,,,0,101,,252691,25,,,0,101,,252677,25,,,0,100,,252692,25,,,0
8600,'20260426',729,,252693,25,,,0,100,,252702,25,,,0,100,,252694,25,,,0,100,,252703,25,,,0,99,,252695,25,,,0,99,,252704,25,,,0,100,,252696,25,,,0,99,,252705,25,,,0,99,,252697,25,,,0,100,,252706,25,,,0,101,,252698,25,,,0,101,,252707,25,,,0,100,,252699,25,,,0,101,,252708,25,,,0,101,,252700,25,,,0,101,,252709,25,,,0,101,,252701,25,,,0,100,,252710,25,,,0
8600,'20260427',656,,252712,25,,,0,70,,252711,25,,,0,29,,252713,25,,,0,68,,252714,25,,,0,105,,252715,25,,,0,100,,252728,25,,,0,98,,252717,25,,,0,100,,252718,25,,,0,30,,252733,25,,,0,71,,252719,25,,,0,100,,252729,25,,,0,99,,252716,25,,,0,19,,252720,29,,,0,10,,252721,29,,,0,86,,252722,29,,,0,79,,252723,29,,,0,35,,252724,29,,,0,70,,252730,25,,,0,102,,252725,25,,,0,101,,252731,25,,,0,100,,252726,25,,,0,100,,252732,25,,,0,101,,252727,25,,,0
8600,'20260428',656,,290367,25,,,0,70,,290366,25,,,0,29,,290368,25,,,0,68,,290369,25,,,0,105,,290370,25,,,0,100,,290383,25,,,0,98,,290372,25,,,0,100,,290373,25,,,0,30,,290388,25,,,0,71,,290374,25,,,0,100,,290384,25,,,0,99,,290371,25,,,0,19,,290375,29,,,0,10,,290376,29,,,0,86,,290377,29,,,0,79,,290378,29,,,0,35,,290379,29,,,0,70,,290385,25,,,0,102,,290380,25,,,0,101,,290386,25,,,0,100,,290381,25,,,0,100,,290387,25,,,0,101,,290382,25,,,0
8600,'20260429',656,,290390,25,,,0,70,,290389,25,,,0,29,,290391,25,,,0,68,,290392,25,,,0,105,,290393,25,,,0,100,,290406,25,,,0,98,,290395,25,,,0,100,,290396,25,,,0,30,,290411,25,,,0,71,,290397,25,,,0,100,,290407,25,,,0,99,,290394,25,,,0,19,,290398,29,,,0,10,,290399,29,,,0,86,,290400,29,,,0,79,,290401,29,,,0,35,,290402,29,,,0,70,,290408,25,,,0,102,,290403,25,,,0,101,,290409,25,,,0,100,,290404,25,,,0,100,,290410,25,,,0,101,,290405,25,,,0
8600,'20260430',656,,290413,25,,,0,70,,290412,25,,,0,29,,290414,25,,,0,68,,290415,25,,,0,105,,290416,25,,,0,100,,290429,25,,,0,98,,290418,25,,,0,100,,290419,25,,,0,30,,290434,25,,,0,71,,290420,25,,,0,100,,290430,25,,,0,99,,290417,25,,,0,19,,290421,29,,,0,10,,290422,29,,,0,86,,290423,29,,,0,79,,290424,29,,,0,35,,290425,29,,,0,70,,290431,25,,,0,102,,290426,25,,,0,101,,290432,25,,,0,100,,290427,25,,,0,100,,290433,25,,,0,101,,290428,25,,,0
7008600,'20260416',823,,278022,4,,,0
7008600,'20260417',823,,278024,4,,,0
7008600,'20260421',823,,304342,4,,,0
7008600,'20260422',823,,278027,4,,,0
7008600,'20260423',823,,278028,4,,,0
7008600,'20260424',823,,278029,4,,,0
7008600,'20260427',823,,278030,4,,,0
7008600,'20260428',823,,304344,4,,,0
7008600,'20260429',823,,304345,4,,,0
7008600,'20260430',823,,304346,4,,,0
