9402,'20260507',600,,403344,23,,,0,57,,403343,23,,,0,2,,403345,23,,,0,72,,403346,23,,,0,70,,403347,23,,,0,31,,403348,23,,,0,71,,403349,23,,,0,100,,403350,23,,,0,99,,403351,23,,,0,100,,403352,23,,,0,101,,403353,23,,,0,99,,403354,23,,,0,101,,403355,23,,,0,99,,403356,23,,,0,103,,403357,23,,,0,100,,403358,23,,,0,99,,403359,23,,,0,98,,403360,23,,,0,98,,403361,23,,,0,100,,403362,23,,,0,100,,403363,23,,,0
9402,'20260508',600,,430917,23,,,0,57,,430916,23,,,0,2,,430918,23,,,0,72,,430919,23,,,0,70,,430920,23,,,0,31,,430921,23,,,0,71,,430922,23,,,0,100,,430923,23,,,0,99,,430924,23,,,0,100,,430925,23,,,0,101,,430926,23,,,0,99,,430927,23,,,0,101,,430928,23,,,0,99,,430929,23,,,0,103,,430930,23,,,0,100,,430931,23,,,0,99,,430932,23,,,0,98,,430933,23,,,0,98,,430934,23,,,0,100,,430935,23,,,0,100,,430936,23,,,0
9402,'20260509',553,,450064,23,,,0,100,,450065,23,,,0,100,,450066,23,,,0,100,,450067,23,,,0,101,,450068,23,,,0,100,,450069,23,,,0,101,,450070,23,,,0,100,,450071,23,,,0,100,,450072,23,,,0,100,,450073,23,,,0,100,,450074,23,,,0,100,,450075,23,,,0,100,,450076,23,,,0,99,,450077,23,,,0,99,,450078,23,,,0,100,,450079,23,,,0,100,,450080,23,,,0,100,,450081,23,,,0
9402,'20260510',553,,450082,23,,,0,100,,450083,23,,,0,100,,450084,23,,,0,100,,450085,23,,,0,101,,450086,23,,,0,100,,450087,23,,,0,101,,450088,23,,,0,100,,450089,23,,,0,100,,450090,23,,,0,100,,450091,23,,,0,100,,450092,23,,,0,100,,450093,23,,,0,100,,450094,23,,,0,99,,450095,23,,,0,99,,450096,23,,,0,100,,450097,23,,,0,100,,450098,23,,,0,100,,450099,23,,,0
9402,'20260511',600,,450101,23,,,0,57,,450100,23,,,0,2,,450102,23,,,0,72,,450103,23,,,0,70,,450104,23,,,0,31,,450105,23,,,0,71,,450106,23,,,0,100,,450107,23,,,0,99,,450108,23,,,0,100,,450109,23,,,0,101,,450110,23,,,0,99,,450111,23,,,0,101,,450112,23,,,0,99,,450113,23,,,0,103,,450114,23,,,0,100,,450115,23,,,0,99,,450116,23,,,0,98,,450117,23,,,0,98,,450118,23,,,0,100,,450119,23,,,0,100,,450120,23,,,0
9402,'20260512',600,,450122,23,,,0,57,,450121,23,,,0,2,,450123,23,,,0,72,,450124,23,,,0,70,,450125,23,,,0,31,,450126,23,,,0,71,,450127,23,,,0,100,,450128,23,,,0,99,,450129,23,,,0,100,,450130,23,,,0,101,,450131,23,,,0,99,,450132,23,,,0,101,,450133,23,,,0,99,,450134,23,,,0,103,,450135,23,,,0,100,,450136,23,,,0,99,,450137,23,,,0,98,,450138,23,,,0,98,,450139,23,,,0,100,,450140,23,,,0,100,,450141,23,,,0
9402,'20260513',600,,403384,23,,,0,59,,403386,23,,,0,72,,403401,23,,,0,70,,403402,23,,,0,31,,403400,23,,,0,71,,403385,23,,,0,100,,403403,23,,,0,99,,403387,23,,,0,100,,403388,23,,,0,101,,403389,23,,,0,99,,403390,23,,,0,101,,403391,23,,,0,99,,403392,23,,,0,103,,403393,23,,,0,100,,403394,23,,,0,99,,403395,23,,,0,98,,403396,23,,,0,98,,403397,23,,,0,100,,403398,23,,,0,100,,403399,23,,,0
9402,'20260514',600,,403404,23,,,0,59,,403406,23,,,0,72,,403421,23,,,0,70,,403422,23,,,0,31,,403420,23,,,0,71,,403405,23,,,0,100,,403423,23,,,0,99,,403407,23,,,0,100,,403408,23,,,0,101,,403409,23,,,0,99,,403410,23,,,0,101,,403411,23,,,0,99,,403412,23,,,0,103,,403413,23,,,0,100,,403414,23,,,0,99,,403415,23,,,0,98,,403416,23,,,0,98,,403417,23,,,0,100,,403418,23,,,0,100,,403419,23,,,0
9402,'20260515',600,,403424,23,,,0,59,,403426,23,,,0,72,,403441,23,,,0,70,,403442,23,,,0,31,,403440,23,,,0,71,,403425,23,,,0,100,,403443,23,,,0,99,,403427,23,,,0,100,,403428,23,,,0,101,,403429,23,,,0,99,,403430,23,,,0,101,,403431,23,,,0,99,,403432,23,,,0,103,,403433,23,,,0,100,,403434,23,,,0,99,,403435,23,,,0,98,,403436,23,,,0,98,,403437,23,,,0,100,,403438,23,,,0,100,,403439,23,,,0
9402,'20260516',553,,430954,23,,,0,100,,430937,23,,,0,100,,430938,23,,,0,100,,430939,23,,,0,101,,430940,23,,,0,100,,430941,23,,,0,101,,430942,23,,,0,100,,430943,23,,,0,100,,430944,23,,,0,100,,430945,23,,,0,100,,430946,23,,,0,100,,430947,23,,,0,100,,430948,23,,,0,99,,430949,23,,,0,99,,430950,23,,,0,100,,430951,23,,,0,100,,430952,23,,,0,100,,430953,23,,,0
9402,'20260517',553,,430972,23,,,0,100,,430955,23,,,0,100,,430956,23,,,0,100,,430957,23,,,0,101,,430958,23,,,0,100,,430959,23,,,0,101,,430960,23,,,0,100,,430961,23,,,0,100,,430962,23,,,0,100,,430963,23,,,0,100,,430964,23,,,0,100,,430965,23,,,0,100,,430966,23,,,0,99,,430967,23,,,0,99,,430968,23,,,0,100,,430969,23,,,0,100,,430970,23,,,0,100,,430971,23,,,0
9402,'20260518',553,,430990,23,,,0,100,,430973,23,,,0,100,,430974,23,,,0,100,,430975,23,,,0,101,,430976,23,,,0,100,,430977,23,,,0,101,,430978,23,,,0,100,,430979,23,,,0,100,,430980,23,,,0,100,,430981,23,,,0,100,,430982,23,,,0,100,,430983,23,,,0,100,,430984,23,,,0,99,,430985,23,,,0,99,,430986,23,,,0,100,,430987,23,,,0,100,,430988,23,,,0,100,,430989,23,,,0
9402,'20260519',600,,430991,23,,,0,59,,430993,23,,,0,72,,431008,23,,,0,70,,431009,23,,,0,31,,431007,23,,,0,71,,430992,23,,,0,100,,431010,23,,,0,99,,430994,23,,,0,100,,430995,23,,,0,101,,430996,23,,,0,99,,430997,23,,,0,101,,430998,23,,,0,99,,430999,23,,,0,103,,431000,23,,,0,100,,431001,23,,,0,99,,431002,23,,,0,98,,431003,23,,,0,98,,431004,23,,,0,100,,431005,23,,,0,100,,431006,23,,,0
9402,'20260520',600,,450142,23,,,0,59,,450144,23,,,0,72,,450159,23,,,0,70,,450160,23,,,0,31,,450158,23,,,0,71,,450143,23,,,0,100,,450161,23,,,0,99,,450145,23,,,0,100,,450146,23,,,0,101,,450147,23,,,0,99,,450148,23,,,0,101,,450149,23,,,0,99,,450150,23,,,0,103,,450151,23,,,0,100,,450152,23,,,0,99,,450153,23,,,0,98,,450154,23,,,0,98,,450155,23,,,0,100,,450156,23,,,0,100,,450157,23,,,0
9402,'20260521',600,,450162,23,,,0,59,,450164,23,,,0,72,,450179,23,,,0,70,,450180,23,,,0,31,,450178,23,,,0,71,,450163,23,,,0,100,,450181,23,,,0,99,,450165,23,,,0,100,,450166,23,,,0,101,,450167,23,,,0,99,,450168,23,,,0,101,,450169,23,,,0,99,,450170,23,,,0,103,,450171,23,,,0,100,,450172,23,,,0,99,,450173,23,,,0,98,,450174,23,,,0,98,,450175,23,,,0,100,,450176,23,,,0,100,,450177,23,,,0
29402,'20260507',622,,406258,23,,,0,95,,406259,23,,,0,24,,406260,23,,,0
29402,'20260508',622,,431835,23,,,0,95,,431836,23,,,0,24,,431837,23,,,0
29402,'20260511',622,,451634,23,,,0,95,,451635,23,,,0,24,,451636,23,,,0
29402,'20260512',622,,451637,23,,,0,95,,451638,23,,,0,24,,451639,23,,,0
29402,'20260513',622,,406264,23,,,0,95,,406265,23,,,0,24,,406266,23,,,0
29402,'20260514',622,,406267,23,,,0,95,,406268,23,,,0,24,,406269,23,,,0
29402,'20260515',622,,406270,23,,,0,95,,406271,23,,,0,24,,406272,23,,,0
29402,'20260519',622,,431838,23,,,0,95,,431839,23,,,0,24,,431840,23,,,0
29402,'20260520',622,,451640,23,,,0,95,,451641,23,,,0,24,,451642,23,,,0
29402,'20260521',622,,451643,23,,,0,95,,451644,23,,,0,24,,451645,23,,,0
7009002,'20260507',719,,422252,2,,,0,2,,422251,33,,,0
7009002,'20260508',719,,438669,2,,,0,2,,438668,33,,,0
7009002,'20260511',719,,460766,2,,,0,2,,460765,33,,,0
7009002,'20260512',719,,460768,2,,,0,2,,460767,33,,,0
7009002,'20260513',719,,422256,2,,,0,2,,422255,33,,,0
7009002,'20260514',719,,422258,2,,,0,2,,422257,33,,,0
7009002,'20260519',719,,438671,2,,,0,2,,438670,33,,,0
7009002,'20260520',719,,460770,2,,,0,2,,460769,33,,,0
7009002,'20260521',719,,460772,2,,,0,2,,460771,33,,,0
