8601,'20260317',625,,74388,7,,,0,31,,74389,7,,,0,70,,74390,7,,,0,30,,74391,7,,,0,70,,74392,7,,,0,30,,74393,7,,,0,100,,74394,7,,,0,100,,74395,7,,,0,100,,74396,7,,,0,100,,74397,7,,,0,100,,74398,7,,,0,100,,74399,7,,,0,100,,74400,7,,,0,70,,74401,7,,,0,30,,74402,7,,,0,70,,74403,7,,,0,30,,74404,7,,,0,100,,74405,7,,,0,99,,74406,7,,,0,100,,74407,7,,,0,100,,74408,7,,,0,100,,74409,7,,,0
8601,'20260318',625,,74411,7,,,0,31,,74412,7,,,0,70,,74413,7,,,0,30,,74414,7,,,0,70,,74415,7,,,0,30,,74416,7,,,0,100,,74417,7,,,0,100,,74418,7,,,0,100,,74419,7,,,0,100,,74420,7,,,0,100,,74421,7,,,0,100,,74422,7,,,0,100,,74423,7,,,0,70,,74424,7,,,0,30,,74425,7,,,0,70,,74426,7,,,0,30,,74427,7,,,0,100,,74428,7,,,0,99,,74429,7,,,0,100,,74430,7,,,0,100,,74431,7,,,0,100,,74432,7,,,0
8601,'20260319',625,,74434,7,,,0,31,,74435,7,,,0,70,,74436,7,,,0,30,,74437,7,,,0,70,,74438,7,,,0,30,,74439,7,,,0,100,,74440,7,,,0,100,,74441,7,,,0,100,,74442,7,,,0,100,,74443,7,,,0,100,,74444,7,,,0,100,,74445,7,,,0,100,,74446,7,,,0,70,,74447,7,,,0,30,,74448,7,,,0,70,,74449,7,,,0,30,,74450,7,,,0,100,,74451,7,,,0,99,,74452,7,,,0,100,,74453,7,,,0,100,,74454,7,,,0,100,,74455,7,,,0
8601,'20260320',625,,74457,7,,,0,31,,74458,7,,,0,70,,74459,7,,,0,30,,74460,7,,,0,70,,74461,7,,,0,30,,74462,7,,,0,100,,74463,7,,,0,100,,74464,7,,,0,100,,74465,7,,,0,100,,74466,7,,,0,100,,74467,7,,,0,100,,74468,7,,,0,100,,74469,7,,,0,70,,74470,7,,,0,30,,74471,7,,,0,70,,74472,7,,,0,30,,74473,7,,,0,100,,74474,7,,,0,99,,74475,7,,,0,100,,74476,7,,,0,100,,74477,7,,,0,100,,74478,7,,,0
8601,'20260321',755,,74479,7,,,0,100,,74487,7,,,0,100,,74483,7,,,0,100,,74488,7,,,0,101,,74480,7,,,0,100,,74489,7,,,0,100,,74484,7,,,0,100,,74490,7,,,0,100,,74485,7,,,0,100,,74491,7,,,0,100,,74481,7,,,0,99,,74492,7,,,0,100,,74486,7,,,0,100,,74493,7,,,0,100,,74482,7,,,0,100,,74494,7,,,0
8601,'20260322',755,,74498,7,,,0,100,,74503,7,,,0,100,,74499,7,,,0,100,,74504,7,,,0,101,,74495,7,,,0,100,,74505,7,,,0,100,,74500,7,,,0,100,,74506,7,,,0,100,,74501,7,,,0,100,,74507,7,,,0,100,,74496,7,,,0,99,,74508,7,,,0,100,,74502,7,,,0,100,,74509,7,,,0,100,,74497,7,,,0,100,,74510,7,,,0
8601,'20260323',625,,74523,7,,,0,31,,74511,7,,,0,70,,74512,7,,,0,30,,74513,7,,,0,70,,74524,7,,,0,30,,74527,7,,,0,100,,74525,7,,,0,100,,74528,7,,,0,100,,74522,7,,,0,100,,74529,7,,,0,100,,74521,7,,,0,100,,74530,7,,,0,100,,74517,7,,,0,70,,74520,7,,,0,30,,74516,7,,,0,70,,74519,7,,,0,30,,74514,7,,,0,100,,74531,7,,,0,99,,74518,7,,,0,100,,74532,7,,,0,100,,74515,7,,,0,100,,74526,7,,,0
8601,'20260324',625,,74546,7,,,0,31,,74534,7,,,0,70,,74535,7,,,0,30,,74536,7,,,0,70,,74547,7,,,0,30,,74550,7,,,0,100,,74548,7,,,0,100,,74551,7,,,0,100,,74545,7,,,0,100,,74552,7,,,0,100,,74544,7,,,0,100,,74553,7,,,0,100,,74540,7,,,0,70,,74543,7,,,0,30,,74539,7,,,0,70,,74542,7,,,0,30,,74537,7,,,0,100,,74554,7,,,0,99,,74541,7,,,0,100,,74555,7,,,0,100,,74538,7,,,0,100,,74549,7,,,0
8601,'20260325',625,,74569,7,,,0,31,,74557,7,,,0,70,,74558,7,,,0,30,,74559,7,,,0,70,,74570,7,,,0,30,,74573,7,,,0,100,,74571,7,,,0,100,,74574,7,,,0,100,,74568,7,,,0,100,,74575,7,,,0,100,,74567,7,,,0,100,,74576,7,,,0,100,,74563,7,,,0,70,,74566,7,,,0,30,,74562,7,,,0,70,,74565,7,,,0,30,,74560,7,,,0,100,,74577,7,,,0,99,,74564,7,,,0,100,,74578,7,,,0,100,,74561,7,,,0,100,,74572,7,,,0
8601,'20260326',625,,74592,7,,,0,31,,74580,7,,,0,70,,74581,7,,,0,30,,74582,7,,,0,70,,74593,7,,,0,30,,74596,7,,,0,100,,74594,7,,,0,100,,74597,7,,,0,100,,74591,7,,,0,100,,74598,7,,,0,100,,74590,7,,,0,100,,74599,7,,,0,100,,74586,7,,,0,70,,74589,7,,,0,30,,74585,7,,,0,70,,74588,7,,,0,30,,74583,7,,,0,100,,74600,7,,,0,99,,74587,7,,,0,100,,74601,7,,,0,100,,74584,7,,,0,100,,74595,7,,,0
8601,'20260327',625,,74615,7,,,0,31,,74603,7,,,0,70,,74604,7,,,0,30,,74605,7,,,0,70,,74616,7,,,0,30,,74619,7,,,0,100,,74617,7,,,0,100,,74620,7,,,0,100,,74614,7,,,0,100,,74621,7,,,0,100,,74613,7,,,0,100,,74622,7,,,0,100,,74609,7,,,0,70,,74612,7,,,0,30,,74608,7,,,0,70,,74611,7,,,0,30,,74606,7,,,0,100,,74623,7,,,0,99,,74610,7,,,0,100,,74624,7,,,0,100,,74607,7,,,0,100,,74618,7,,,0
8601,'20260328',755,,74626,7,,,0,100,,74634,7,,,0,100,,74630,7,,,0,100,,74635,7,,,0,101,,74627,7,,,0,100,,74636,7,,,0,100,,74631,7,,,0,100,,74637,7,,,0,100,,74632,7,,,0,100,,74638,7,,,0,100,,74628,7,,,0,99,,74639,7,,,0,100,,74633,7,,,0,100,,74640,7,,,0,100,,74629,7,,,0,100,,74641,7,,,0
8601,'20260329',755,,74645,7,,,0,100,,74650,7,,,0,100,,74646,7,,,0,100,,74651,7,,,0,101,,74642,7,,,0,100,,74652,7,,,0,100,,74647,7,,,0,100,,74653,7,,,0,100,,74648,7,,,0,100,,74654,7,,,0,100,,74643,7,,,0,99,,74655,7,,,0,100,,74649,7,,,0,100,,74656,7,,,0,100,,74644,7,,,0,100,,74657,7,,,0
8601,'20260330',625,,74670,7,,,0,31,,74658,7,,,0,70,,74659,7,,,0,30,,74660,7,,,0,70,,74671,7,,,0,30,,74674,7,,,0,100,,74672,7,,,0,100,,74675,7,,,0,100,,74669,7,,,0,100,,74676,7,,,0,100,,74668,7,,,0,100,,74677,7,,,0,100,,74664,7,,,0,70,,74667,7,,,0,30,,74663,7,,,0,70,,74666,7,,,0,30,,74661,7,,,0,100,,74678,7,,,0,99,,74665,7,,,0,100,,74679,7,,,0,100,,74662,7,,,0,100,,74673,7,,,0
8601,'20260331',625,,74693,7,,,0,31,,74681,7,,,0,70,,74682,7,,,0,30,,74683,7,,,0,70,,74694,7,,,0,30,,74697,7,,,0,100,,74695,7,,,0,100,,74698,7,,,0,100,,74692,7,,,0,100,,74699,7,,,0,100,,74691,7,,,0,100,,74700,7,,,0,100,,74687,7,,,0,70,,74690,7,,,0,30,,74686,7,,,0,70,,74689,7,,,0,30,,74684,7,,,0,100,,74701,7,,,0,99,,74688,7,,,0,100,,74702,7,,,0,100,,74685,7,,,0,100,,74696,7,,,0
7008601,'20260317',1611,,103410,4,,,0
7008601,'20260318',1611,,103412,4,,,0
7008601,'20260319',1611,,103414,4,,,0
7008601,'20260320',1611,,103416,4,,,0
7008601,'20260323',1611,,103418,4,,,0
7008601,'20260324',1611,,103419,4,,,0
7008601,'20260325',1611,,103420,4,,,0
7008601,'20260326',1611,,103421,4,,,0
7008601,'20260327',1611,,103422,4,,,0
7008601,'20260330',1611,,103423,4,,,0
7008601,'20260331',1611,,103424,4,,,0
