93100,'20260703',2534,,899633,3,,,0,125,,861830,24,,,0
93100,'20260704',2534,,899634,3,,,0,125,,899635,24,,,0
93100,'20260710',2534,,845092,3,,,0,125,,845093,24,,,0
93100,'20260711',2534,,861831,3,,,0,125,,861832,24,,,0
93100,'20260717',2534,,899636,3,,,0,125,,899637,24,,,0
93100,'20262511',2534,,899638,3,,,0,125,,899639,24,,,0
93600,'20260703',2534,,861835,3,,,0
93600,'20260704',2534,,899643,3,,,0
93600,'20260710',2534,,845097,3,,,0
93600,'20260711',2534,,861836,3,,,0
93600,'20260717',2534,,899644,3,,,0
93600,'20262511',2534,,899645,3,,,0
95002,'20260703',2532,,861837,3,,,0,170,,861838,3,,,0
95002,'20260704',2532,,899646,3,,,0,170,,899647,3,,,0
95002,'20260710',2532,,845100,3,,,0,170,,845101,3,,,0
95002,'20260711',2532,,861840,3,,,0,170,,861839,3,,,0
95002,'20260717',2532,,899648,3,,,0,170,,899649,3,,,0
95002,'20262511',2532,,899651,3,,,0,170,,899650,3,,,0
97203,'20260703',2539,,861845,3,,,0
97203,'20260704',2539,,899658,3,,,0
97203,'20260710',2539,,845107,3,,,0
97203,'20260711',2539,,861846,3,,,0
97203,'20260717',2539,,899659,3,,,0
97203,'20262511',2539,,899660,3,,,0
98200,'20260703',2531,,861849,3,,,0
98200,'20260704',2531,,899664,3,,,0
98200,'20260710',2531,,845111,3,,,0
98200,'20260711',2531,,861850,3,,,0
98200,'20260717',2531,,899665,3,,,0
98200,'20262511',2531,,899666,3,,,0
98400,'20260703',2534,,861851,3,,,0
98400,'20260704',2534,,899667,3,,,0
98400,'20260710',2534,,845113,3,,,0
98400,'20260711',2534,,861852,3,,,0
98400,'20260717',2534,,899668,3,,,0
98400,'20262511',2534,,899669,3,,,0
