8601,'20260714',635,,926766,27,,,0,72,,926767,27,,,0,31,,926768,27,,,0,70,,926769,27,,,0,28,,926770,27,,,0,70,,926771,27,,,0,100,,926772,27,,,0,100,,926773,27,,,0,101,,926774,27,,,0,99,,926775,27,,,0,100,,926776,27,,,0,102,,926777,27,,,0,101,,926778,27,,,0,30,,926779,27,,,0,70,,926780,27,,,0,30,,926781,27,,,0,68,,926782,27,,,0,99,,926783,27,,,0,99,,926784,27,,,0,100,,926785,27,,,0,100,,926786,27,,,0,100,,926787,27,,,0
8601,'20260715',635,,952023,27,,,0,72,,952024,27,,,0,31,,952025,27,,,0,70,,952026,27,,,0,28,,952027,27,,,0,70,,952028,27,,,0,100,,952029,27,,,0,100,,952030,27,,,0,101,,952031,27,,,0,99,,952032,27,,,0,100,,952033,27,,,0,102,,952034,27,,,0,101,,952035,27,,,0,30,,952036,27,,,0,70,,952037,27,,,0,30,,952038,27,,,0,68,,952039,27,,,0,99,,952040,27,,,0,99,,952041,27,,,0,100,,952042,27,,,0,100,,952043,27,,,0,100,,952044,27,,,0
8601,'20260716',635,,952045,27,,,0,72,,952046,27,,,0,31,,952047,27,,,0,70,,952048,27,,,0,28,,952049,27,,,0,70,,952050,27,,,0,100,,952051,27,,,0,100,,952052,27,,,0,101,,952053,27,,,0,99,,952054,27,,,0,100,,952055,27,,,0,102,,952056,27,,,0,101,,952057,27,,,0,30,,952058,27,,,0,70,,952059,27,,,0,30,,952060,27,,,0,68,,952061,27,,,0,99,,952062,27,,,0,99,,952063,27,,,0,100,,952064,27,,,0,100,,952065,27,,,0,100,,952066,27,,,0
8601,'20260717',635,,952067,27,,,0,72,,952068,27,,,0,31,,952069,27,,,0,70,,952070,27,,,0,28,,952071,27,,,0,70,,952072,27,,,0,100,,952073,27,,,0,100,,952074,27,,,0,101,,952075,27,,,0,99,,952076,27,,,0,100,,952077,27,,,0,102,,952078,27,,,0,101,,952079,27,,,0,30,,952080,27,,,0,70,,952081,27,,,0,30,,952082,27,,,0,68,,952083,27,,,0,99,,952084,27,,,0,99,,952085,27,,,0,100,,952086,27,,,0,100,,952087,27,,,0,100,,952088,27,,,0
8601,'20260718',805,,907843,27,,,0,100,,907851,27,,,0,100,,907847,27,,,0,100,,907852,27,,,0,101,,907844,27,,,0,100,,907853,27,,,0,100,,907848,27,,,0,100,,907854,27,,,0,100,,907849,27,,,0,100,,907855,27,,,0,100,,907845,27,,,0,99,,907856,27,,,0,100,,907850,27,,,0,100,,907857,27,,,0,100,,907846,27,,,0,100,,907858,27,,,0
8601,'20260719',805,,907862,27,,,0,100,,907867,27,,,0,100,,907863,27,,,0,100,,907868,27,,,0,101,,907859,27,,,0,100,,907869,27,,,0,100,,907864,27,,,0,100,,907870,27,,,0,100,,907865,27,,,0,100,,907871,27,,,0,100,,907860,27,,,0,99,,907872,27,,,0,100,,907866,27,,,0,100,,907873,27,,,0,100,,907861,27,,,0,100,,907874,27,,,0
8601,'20260720',635,,907885,27,,,0,72,,907875,27,,,0,31,,907876,27,,,0,70,,907877,27,,,0,28,,907888,27,,,0,70,,907891,27,,,0,100,,907889,27,,,0,100,,907892,27,,,0,101,,907887,27,,,0,99,,907893,27,,,0,100,,907886,27,,,0,102,,907894,27,,,0,101,,907881,27,,,0,30,,907884,27,,,0,70,,907880,27,,,0,30,,907883,27,,,0,68,,907878,27,,,0,99,,907895,27,,,0,99,,907882,27,,,0,100,,907896,27,,,0,100,,907879,27,,,0,100,,907890,27,,,0
8601,'20260721',635,,907907,27,,,0,72,,907897,27,,,0,31,,907898,27,,,0,70,,907899,27,,,0,28,,907910,27,,,0,70,,907913,27,,,0,100,,907911,27,,,0,100,,907914,27,,,0,101,,907909,27,,,0,99,,907915,27,,,0,100,,907908,27,,,0,102,,907916,27,,,0,101,,907903,27,,,0,30,,907906,27,,,0,70,,907902,27,,,0,30,,907905,27,,,0,68,,907900,27,,,0,99,,907917,27,,,0,99,,907904,27,,,0,100,,907918,27,,,0,100,,907901,27,,,0,100,,907912,27,,,0
8601,'20260722',635,,926798,27,,,0,72,,926788,27,,,0,31,,926789,27,,,0,70,,926790,27,,,0,28,,926801,27,,,0,70,,926804,27,,,0,100,,926802,27,,,0,100,,926805,27,,,0,101,,926800,27,,,0,99,,926806,27,,,0,100,,926799,27,,,0,102,,926807,27,,,0,101,,926794,27,,,0,30,,926797,27,,,0,70,,926793,27,,,0,30,,926796,27,,,0,68,,926791,27,,,0,99,,926808,27,,,0,99,,926795,27,,,0,100,,926809,27,,,0,100,,926792,27,,,0,100,,926803,27,,,0
8601,'20260723',635,,926820,27,,,0,72,,926810,27,,,0,31,,926811,27,,,0,70,,926812,27,,,0,28,,926823,27,,,0,70,,926826,27,,,0,100,,926824,27,,,0,100,,926827,27,,,0,101,,926822,27,,,0,99,,926828,27,,,0,100,,926821,27,,,0,102,,926829,27,,,0,101,,926816,27,,,0,30,,926819,27,,,0,70,,926815,27,,,0,30,,926818,27,,,0,68,,926813,27,,,0,99,,926830,27,,,0,99,,926817,27,,,0,100,,926831,27,,,0,100,,926814,27,,,0,100,,926825,27,,,0
8601,'20260724',635,,952099,27,,,0,72,,952089,27,,,0,31,,952090,27,,,0,70,,952091,27,,,0,28,,952102,27,,,0,70,,952105,27,,,0,100,,952103,27,,,0,100,,952106,27,,,0,101,,952101,27,,,0,99,,952107,27,,,0,100,,952100,27,,,0,102,,952108,27,,,0,101,,952095,27,,,0,30,,952098,27,,,0,70,,952094,27,,,0,30,,952097,27,,,0,68,,952092,27,,,0,99,,952109,27,,,0,99,,952096,27,,,0,100,,952110,27,,,0,100,,952093,27,,,0,100,,952104,27,,,0
8601,'20260725',805,,952111,27,,,0,100,,952119,27,,,0,100,,952115,27,,,0,100,,952120,27,,,0,101,,952112,27,,,0,100,,952121,27,,,0,100,,952116,27,,,0,100,,952122,27,,,0,100,,952117,27,,,0,100,,952123,27,,,0,100,,952113,27,,,0,99,,952124,27,,,0,100,,952118,27,,,0,100,,952125,27,,,0,100,,952114,27,,,0,100,,952126,27,,,0
8601,'20260726',805,,952130,27,,,0,100,,952135,27,,,0,100,,952131,27,,,0,100,,952136,27,,,0,101,,952127,27,,,0,100,,952137,27,,,0,100,,952132,27,,,0,100,,952138,27,,,0,100,,952133,27,,,0,100,,952139,27,,,0,100,,952128,27,,,0,99,,952140,27,,,0,100,,952134,27,,,0,100,,952141,27,,,0,100,,952129,27,,,0,100,,952142,27,,,0
8601,'20260727',635,,952153,27,,,0,72,,952143,27,,,0,31,,952144,27,,,0,70,,952145,27,,,0,28,,952156,27,,,0,70,,952159,27,,,0,100,,952157,27,,,0,100,,952160,27,,,0,101,,952155,27,,,0,99,,952161,27,,,0,100,,952154,27,,,0,102,,952162,27,,,0,101,,952149,27,,,0,30,,952152,27,,,0,70,,952148,27,,,0,30,,952151,27,,,0,68,,952146,27,,,0,99,,952163,27,,,0,99,,952150,27,,,0,100,,952164,27,,,0,100,,952147,27,,,0,100,,952158,27,,,0
8601,'20260728',635,,952175,27,,,0,72,,952165,27,,,0,31,,952166,27,,,0,70,,952167,27,,,0,28,,952178,27,,,0,70,,952181,27,,,0,100,,952179,27,,,0,100,,952182,27,,,0,101,,952177,27,,,0,99,,952183,27,,,0,100,,952176,27,,,0,102,,952184,27,,,0,101,,952171,27,,,0,30,,952174,27,,,0,70,,952170,27,,,0,30,,952173,27,,,0,68,,952168,27,,,0,99,,952185,27,,,0,99,,952172,27,,,0,100,,952186,27,,,0,100,,952169,27,,,0,100,,952180,27,,,0
