5701,'20260331',602,,156527,11,,,0,28,,156528,11,,,0,29,,156529,11,,,0,69,,156530,11,,,0,74,,156531,11,,,0,28,,156532,11,,,0,71,,156533,11,,,0,31,,156534,11,,,0,101,,156535,11,,,0,101,,156536,11,,,0,100,,156537,11,,,0,101,,156538,11,,,0,101,,156539,11,,,0,102,,156540,11,,,0,273,,156541,11,,,0,98,,156542,11,,,0,98,,156543,11,,,0,101,,156544,11,,,0,101,,156545,11,,,0,100,,156546,11,,,0
5701,'20260401',602,,156547,11,,,0,28,,156548,11,,,0,29,,156549,11,,,0,69,,156550,11,,,0,74,,156551,11,,,0,28,,156552,11,,,0,71,,156553,11,,,0,31,,156554,11,,,0,101,,156555,11,,,0,101,,156556,11,,,0,100,,156557,11,,,0,101,,156558,11,,,0,101,,156559,11,,,0,102,,156560,11,,,0,273,,156561,11,,,0,98,,156562,11,,,0,98,,156563,11,,,0,101,,156564,11,,,0,101,,156565,11,,,0,100,,156566,11,,,0
5701,'20260402',602,,156567,11,,,0,28,,156568,11,,,0,29,,156569,11,,,0,69,,156570,11,,,0,74,,156571,11,,,0,28,,156572,11,,,0,71,,156573,11,,,0,31,,156574,11,,,0,101,,156575,11,,,0,101,,156576,11,,,0,100,,156577,11,,,0,101,,156578,11,,,0,101,,156579,11,,,0,102,,156580,11,,,0,273,,156581,11,,,0,98,,156582,11,,,0,98,,156583,11,,,0,101,,156584,11,,,0,101,,156585,11,,,0,100,,156586,11,,,0
5701,'20260403',736,,156587,11,,,0,100,,156588,11,,,0,101,,156589,11,,,0,101,,156590,11,,,0,100,,156591,11,,,0,98,,156592,11,,,0,101,,156593,11,,,0,99,,156594,11,,,0,105,,156595,11,,,0,94,,156596,11,,,0,104,,156597,11,,,0,98,,156598,11,,,0,100,,156599,11,,,0,99,,156600,11,,,0,100,,156601,11,,,0,101,,156602,11,,,0
5701,'20260404',736,,115053,11,,,0,100,,115054,11,,,0,101,,115055,11,,,0,101,,115056,11,,,0,100,,115057,11,,,0,98,,115058,11,,,0,101,,115059,11,,,0,99,,115060,11,,,0,105,,115061,11,,,0,94,,115062,11,,,0,104,,115063,11,,,0,98,,115064,11,,,0,100,,115065,11,,,0,99,,115066,11,,,0,100,,115067,11,,,0,101,,115068,11,,,0
5701,'20260405',736,,115072,11,,,0,100,,115074,11,,,0,101,,115071,11,,,0,101,,115069,11,,,0,100,,115073,11,,,0,98,,115077,11,,,0,101,,115078,11,,,0,99,,115079,11,,,0,105,,115075,11,,,0,94,,115076,11,,,0,104,,115070,11,,,0,98,,115080,11,,,0,100,,115081,11,,,0,99,,115084,11,,,0,100,,115082,11,,,0,101,,115083,11,,,0
5701,'20260406',736,,115088,11,,,0,100,,115090,11,,,0,101,,115087,11,,,0,101,,115085,11,,,0,100,,115089,11,,,0,98,,115093,11,,,0,101,,115094,11,,,0,99,,115095,11,,,0,105,,115091,11,,,0,94,,115092,11,,,0,104,,115086,11,,,0,98,,115096,11,,,0,100,,115097,11,,,0,99,,115100,11,,,0,100,,115098,11,,,0,101,,115099,11,,,0
5701,'20260407',602,,156603,11,,,0,28,,156604,11,,,0,29,,156605,11,,,0,69,,156606,11,,,0,74,,156607,11,,,0,28,,156608,11,,,0,71,,156609,11,,,0,31,,156610,11,,,0,101,,156611,11,,,0,101,,156612,11,,,0,100,,156613,11,,,0,101,,156614,11,,,0,101,,156622,11,,,0,102,,156615,11,,,0,273,,156616,11,,,0,98,,156617,11,,,0,98,,156618,11,,,0,101,,156619,11,,,0,101,,156620,11,,,0,100,,156621,11,,,0
5701,'20260408',602,,156623,11,,,0,28,,156624,11,,,0,29,,156625,11,,,0,69,,156626,11,,,0,74,,156627,11,,,0,28,,156628,11,,,0,71,,156629,11,,,0,31,,156630,11,,,0,101,,156631,11,,,0,101,,156632,11,,,0,100,,156633,11,,,0,101,,156634,11,,,0,101,,156642,11,,,0,102,,156635,11,,,0,273,,156636,11,,,0,98,,156637,11,,,0,98,,156638,11,,,0,101,,156639,11,,,0,101,,156640,11,,,0,100,,156641,11,,,0
5701,'20260409',602,,156643,11,,,0,28,,156644,11,,,0,29,,156645,11,,,0,69,,156646,11,,,0,74,,156647,11,,,0,28,,156648,11,,,0,71,,156649,11,,,0,31,,156650,11,,,0,101,,156651,11,,,0,101,,156652,11,,,0,100,,156653,11,,,0,101,,156654,11,,,0,101,,156662,11,,,0,102,,156655,11,,,0,273,,156656,11,,,0,98,,156657,11,,,0,98,,156658,11,,,0,101,,156659,11,,,0,101,,156660,11,,,0,100,,156661,11,,,0
5701,'20260410',602,,156663,11,,,0,28,,156664,11,,,0,29,,156665,11,,,0,69,,156666,11,,,0,74,,156667,11,,,0,28,,156668,11,,,0,71,,156669,11,,,0,31,,156670,11,,,0,101,,156671,11,,,0,101,,156672,11,,,0,100,,156673,11,,,0,101,,156674,11,,,0,101,,156682,11,,,0,102,,156675,11,,,0,273,,156676,11,,,0,98,,156677,11,,,0,98,,156678,11,,,0,101,,156679,11,,,0,101,,156680,11,,,0,100,,156681,11,,,0
5701,'20260411',736,,156683,11,,,0,100,,156684,11,,,0,101,,156685,11,,,0,101,,156686,11,,,0,100,,156687,11,,,0,98,,156688,11,,,0,101,,156689,11,,,0,99,,156690,11,,,0,105,,156691,11,,,0,94,,156692,11,,,0,104,,156693,11,,,0,98,,156694,11,,,0,100,,156695,11,,,0,99,,156696,11,,,0,100,,156697,11,,,0,101,,156698,11,,,0
5701,'20260412',736,,156702,11,,,0,100,,156704,11,,,0,101,,156701,11,,,0,101,,156699,11,,,0,100,,156703,11,,,0,98,,156707,11,,,0,101,,156708,11,,,0,99,,156709,11,,,0,105,,156705,11,,,0,94,,156706,11,,,0,104,,156700,11,,,0,98,,156710,11,,,0,100,,156711,11,,,0,99,,156714,11,,,0,100,,156712,11,,,0,101,,156713,11,,,0
5701,'20260413',602,,156715,11,,,0,28,,156716,11,,,0,29,,156717,11,,,0,69,,156718,11,,,0,74,,156719,11,,,0,28,,156720,11,,,0,71,,156721,11,,,0,31,,156722,11,,,0,101,,156723,11,,,0,101,,156724,11,,,0,100,,156725,11,,,0,101,,156726,11,,,0,101,,156734,11,,,0,102,,156727,11,,,0,273,,156728,11,,,0,98,,156729,11,,,0,98,,156730,11,,,0,101,,156731,11,,,0,101,,156732,11,,,0,100,,156733,11,,,0
5701,'20260414',602,,156735,11,,,0,28,,156736,11,,,0,29,,156737,11,,,0,69,,156738,11,,,0,74,,156739,11,,,0,28,,156740,11,,,0,71,,156741,11,,,0,31,,156742,11,,,0,101,,156743,11,,,0,101,,156744,11,,,0,100,,156745,11,,,0,101,,156746,11,,,0,101,,156754,11,,,0,102,,156747,11,,,0,273,,156748,11,,,0,98,,156749,11,,,0,98,,156750,11,,,0,101,,156751,11,,,0,101,,156752,11,,,0,100,,156753,11,,,0
25701,'20260331',652,,169016,11,,,0,63,,169017,11,,,0,29,,169018,11,,,0
25701,'20260401',652,,169019,11,,,0,63,,169020,11,,,0,29,,169021,11,,,0
25701,'20260402',652,,169022,11,,,0,63,,169023,11,,,0,29,,169024,11,,,0
25701,'20260407',652,,169025,11,,,0,63,,169026,11,,,0,29,,169027,11,,,0
25701,'20260408',652,,169028,11,,,0,63,,169029,11,,,0,29,,169030,11,,,0
25701,'20260409',652,,169031,11,,,0,63,,169032,11,,,0,29,,169033,11,,,0
25701,'20260410',652,,169034,11,,,0,63,,169035,11,,,0,29,,169036,11,,,0
25701,'20260413',652,,169037,11,,,0,63,,169038,11,,,0,29,,169039,11,,,0
25701,'20260414',652,,169040,11,,,0,63,,169041,11,,,0,29,,169042,11,,,0
