9601,'20260529',613,,586808,19,,,0,94,,586809,19,,,0,41,,586810,19,,,0,66,,586811,19,,,0,99,,586812,19,,,0,99,,586813,19,,,0,101,,586814,19,,,0,100,,586815,19,,,0,101,,586816,19,,,0,100,,586817,19,,,0,100,,586818,19,,,0,99,,586819,19,,,0,104,,586820,19,,,0,98,,586821,19,,,0,98,,586822,19,,,0,99,,586823,19,,,0,100,,586824,19,,,0,100,,586825,19,,,0,100,,586826,19,,,0
9601,'20260530',741,,616395,19,,,0,100,,616396,19,,,0,100,,616397,19,,,0,100,,616398,19,,,0,107,,616399,19,,,0,95,,616400,19,,,0,96,,616401,19,,,0,104,,616402,19,,,0,103,,616403,19,,,0,97,,616404,19,,,0,105,,616405,19,,,0,94,,616406,19,,,0,99,,616407,19,,,0,101,,616408,19,,,0,99,,616409,19,,,0,100,,616410,19,,,0
9601,'20260531',741,,616411,19,,,0,100,,616412,19,,,0,100,,616413,19,,,0,100,,616414,19,,,0,107,,616415,19,,,0,95,,616416,19,,,0,96,,616417,19,,,0,104,,616418,19,,,0,103,,616419,19,,,0,97,,616420,19,,,0,105,,616421,19,,,0,94,,616422,19,,,0,99,,616423,19,,,0,101,,616424,19,,,0,99,,616425,19,,,0,100,,616426,19,,,0
9601,'20260601',613,,616427,19,,,0,94,,616428,19,,,0,41,,616429,19,,,0,66,,616430,19,,,0,99,,616431,19,,,0,99,,616432,19,,,0,101,,616433,19,,,0,100,,616434,19,,,0,101,,616435,19,,,0,100,,616436,19,,,0,100,,616437,19,,,0,99,,616438,19,,,0,104,,616439,19,,,0,98,,616440,19,,,0,98,,616441,19,,,0,99,,616442,19,,,0,100,,616443,19,,,0,100,,616444,19,,,0,100,,616445,19,,,0
9601,'20260602',613,,616446,19,,,0,94,,616447,19,,,0,41,,616448,19,,,0,66,,616449,19,,,0,99,,616450,19,,,0,99,,616451,19,,,0,101,,616452,19,,,0,100,,616453,19,,,0,101,,616454,19,,,0,100,,616455,19,,,0,100,,616456,19,,,0,99,,616457,19,,,0,104,,616458,19,,,0,98,,616459,19,,,0,98,,616460,19,,,0,99,,616461,19,,,0,100,,616462,19,,,0,100,,616463,19,,,0,100,,616464,19,,,0
9601,'20260603',613,,616465,19,,,0,94,,616466,19,,,0,41,,616467,19,,,0,66,,616468,19,,,0,99,,616469,19,,,0,99,,616470,19,,,0,101,,616471,19,,,0,100,,616472,19,,,0,101,,616473,19,,,0,100,,616474,19,,,0,100,,616475,19,,,0,99,,616476,19,,,0,104,,616477,19,,,0,98,,616478,19,,,0,98,,616479,19,,,0,99,,616480,19,,,0,100,,616481,19,,,0,100,,616482,19,,,0,100,,616483,19,,,0
9601,'20260604',613,,616484,19,,,0,94,,616485,19,,,0,41,,616486,19,,,0,66,,616487,19,,,0,99,,616488,19,,,0,99,,616489,19,,,0,101,,616490,19,,,0,100,,616491,19,,,0,101,,616492,19,,,0,100,,616493,19,,,0,100,,616494,19,,,0,99,,616495,19,,,0,104,,616496,19,,,0,98,,616497,19,,,0,98,,616498,19,,,0,99,,616499,19,,,0,100,,616500,19,,,0,100,,616501,19,,,0,100,,616502,19,,,0
9601,'20260605',613,,560872,19,,,0,94,,560873,19,,,0,41,,560874,19,,,0,66,,560875,19,,,0,99,,560890,19,,,0,99,,560876,19,,,0,101,,560877,19,,,0,100,,560878,19,,,0,101,,560879,19,,,0,100,,560880,19,,,0,100,,560881,19,,,0,99,,560882,19,,,0,104,,560883,19,,,0,98,,560884,19,,,0,98,,560885,19,,,0,99,,560886,19,,,0,100,,560887,19,,,0,100,,560888,19,,,0,100,,560889,19,,,0
9601,'20260606',741,,586827,19,,,0,100,,586828,19,,,0,100,,586829,19,,,0,100,,586830,19,,,0,107,,586831,19,,,0,95,,586832,19,,,0,96,,586833,19,,,0,104,,586834,19,,,0,103,,586835,19,,,0,97,,586836,19,,,0,105,,586837,19,,,0,94,,586838,19,,,0,99,,586839,19,,,0,101,,586840,19,,,0,99,,586841,19,,,0,100,,586842,19,,,0
9601,'20260607',741,,586843,19,,,0,100,,586844,19,,,0,100,,586845,19,,,0,100,,586846,19,,,0,107,,586847,19,,,0,95,,586848,19,,,0,96,,586849,19,,,0,104,,586850,19,,,0,103,,586851,19,,,0,97,,586852,19,,,0,105,,586853,19,,,0,94,,586854,19,,,0,99,,586855,19,,,0,101,,586856,19,,,0,99,,586857,19,,,0,100,,586858,19,,,0
9601,'20260608',613,,586859,19,,,0,94,,586860,19,,,0,41,,586861,19,,,0,66,,586862,19,,,0,99,,586877,19,,,0,99,,586863,19,,,0,101,,586864,19,,,0,100,,586865,19,,,0,101,,586866,19,,,0,100,,586867,19,,,0,100,,586868,19,,,0,99,,586869,19,,,0,104,,586870,19,,,0,98,,586871,19,,,0,98,,586872,19,,,0,99,,586873,19,,,0,100,,586874,19,,,0,100,,586875,19,,,0,100,,586876,19,,,0
9601,'20260609',613,,586878,19,,,0,94,,586879,19,,,0,41,,586880,19,,,0,66,,586881,19,,,0,99,,586896,19,,,0,99,,586882,19,,,0,101,,586883,19,,,0,100,,586884,19,,,0,101,,586885,19,,,0,100,,586886,19,,,0,100,,586887,19,,,0,99,,586888,19,,,0,104,,586889,19,,,0,98,,586890,19,,,0,98,,586891,19,,,0,99,,586892,19,,,0,100,,586893,19,,,0,100,,586894,19,,,0,100,,586895,19,,,0
9601,'20260610',613,,616503,19,,,0,94,,616504,19,,,0,41,,616505,19,,,0,66,,616506,19,,,0,99,,616521,19,,,0,99,,616507,19,,,0,101,,616508,19,,,0,100,,616509,19,,,0,101,,616510,19,,,0,100,,616511,19,,,0,100,,616512,19,,,0,99,,616513,19,,,0,104,,616514,19,,,0,98,,616515,19,,,0,98,,616516,19,,,0,99,,616517,19,,,0,100,,616518,19,,,0,100,,616519,19,,,0,100,,616520,19,,,0
9601,'20260611',613,,616522,19,,,0,94,,616523,19,,,0,41,,616524,19,,,0,66,,616525,19,,,0,99,,616540,19,,,0,99,,616526,19,,,0,101,,616527,19,,,0,100,,616528,19,,,0,101,,616529,19,,,0,100,,616530,19,,,0,100,,616531,19,,,0,99,,616532,19,,,0,104,,616533,19,,,0,98,,616534,19,,,0,98,,616535,19,,,0,99,,616536,19,,,0,100,,616537,19,,,0,100,,616538,19,,,0,100,,616539,19,,,0
9601,'20260612',613,,616541,19,,,0,94,,616542,19,,,0,41,,616543,19,,,0,66,,616544,19,,,0,99,,616559,19,,,0,99,,616545,19,,,0,101,,616546,19,,,0,100,,616547,19,,,0,101,,616548,19,,,0,100,,616549,19,,,0,100,,616550,19,,,0,99,,616551,19,,,0,104,,616552,19,,,0,98,,616553,19,,,0,98,,616554,19,,,0,99,,616555,19,,,0,100,,616556,19,,,0,100,,616557,19,,,0,100,,616558,19,,,0
9601,'20261511',741,,616560,19,,,0,100,,616561,19,,,0,100,,616562,19,,,0,100,,616563,19,,,0,107,,616564,19,,,0,95,,616565,19,,,0,96,,616566,19,,,0,104,,616567,19,,,0,103,,616568,19,,,0,97,,616569,19,,,0,105,,616570,19,,,0,94,,616571,19,,,0,99,,616572,19,,,0,101,,616573,19,,,0,99,,616574,19,,,0,100,,616575,19,,,0
9601,'20261611',741,,616576,19,,,0,100,,616577,19,,,0,100,,616578,19,,,0,100,,616579,19,,,0,107,,616580,19,,,0,95,,616581,19,,,0,96,,616582,19,,,0,104,,616583,19,,,0,103,,616584,19,,,0,97,,616585,19,,,0,105,,616586,19,,,0,94,,616587,19,,,0,99,,616588,19,,,0,101,,616589,19,,,0,99,,616590,19,,,0,100,,616591,19,,,0
