8401,'20260724',618,,1005913,25,,,1,27,,1005914,25,0,28 29,1,69,,1005915,25,,,1,30,,1005916,25,0,28 29,1,69,,1005917,25,,,1,33,,1005918,25,0,28 29,1,71,,1005919,25,,,1,100,,1005920,25,,,1,100,,1005921,25,,,1,98,,1005922,25,,,1,102,,1005923,25,,,1,99,,1005924,25,,,1,97,,1005925,25,,,1,96,,1005926,25,,,1,107,,1005927,25,,,1,103,,1005928,25,,,1,100,,1005929,25,,,1,100,,1005930,25,,,1,102,,1005931,25,,,1,100,,1005932,25,,,1,100,,1005933,25,,,1
8401,'20260725',621,,1029456,25,,,1,98,,1029457,25,,,1,99,,1029458,25,,,1,100,,1029459,25,,,1,100,,1029460,25,,,1,100,,1029461,25,,,1,100,,1029462,25,,,1,99,,1029463,25,,,1,100,,1029464,25,,,1,99,,1029465,25,,,1,102,,1029466,25,,,1,101,,1029467,25,,,1,101,,1029468,25,,,1,100,,1029469,25,,,1,100,,1029470,25,,,1,100,,1029471,25,,,1,102,,1029472,25,,,1,100,,1029473,25,,,1
8401,'20260726',621,,1029474,25,,,1,98,,1029475,25,,,1,99,,1029476,25,,,1,100,,1029477,25,,,1,100,,1029478,25,,,1,100,,1029479,25,,,1,100,,1029480,25,,,1,99,,1029481,25,,,1,100,,1029482,25,,,1,99,,1029483,25,,,1,102,,1029484,25,,,1,101,,1029485,25,,,1,101,,1029486,25,,,1,100,,1029487,25,,,1,100,,1029488,25,,,1,100,,1029489,25,,,1,102,,1029490,25,,,1,100,,1029491,25,,,1
8401,'20260727',618,,1029492,25,,,1,27,,1029493,25,0,28 29,1,69,,1029494,25,,,1,30,,1029495,25,0,28 29,1,69,,1029496,25,,,1,33,,1029497,25,0,28 29,1,71,,1029498,25,,,1,100,,1029499,25,,,1,100,,1029500,25,,,1,98,,1029501,25,,,1,102,,1029502,25,,,1,99,,1029503,25,,,1,97,,1029504,25,,,1,96,,1029505,25,,,1,107,,1029506,25,,,1,103,,1029507,25,,,1,100,,1029508,25,,,1,100,,1029509,25,,,1,102,,1029510,25,,,1,100,,1029511,25,,,1,100,,1029512,25,,,1
8401,'20260728',618,,1029513,25,,,1,27,,1029514,25,0,28 29,1,69,,1029515,25,,,1,30,,1029516,25,0,28 29,1,69,,1029517,25,,,1,33,,1029518,25,0,28 29,1,71,,1029519,25,,,1,100,,1029520,25,,,1,100,,1029521,25,,,1,98,,1029522,25,,,1,102,,1029523,25,,,1,99,,1029524,25,,,1,97,,1029525,25,,,1,96,,1029526,25,,,1,107,,1029527,25,,,1,103,,1029528,25,,,1,100,,1029529,25,,,1,100,,1029530,25,,,1,102,,1029531,25,,,1,100,,1029532,25,,,1,100,,1029533,25,,,1
8401,'20260729',618,,1029534,25,,,1,27,,1029535,25,0,28 29,1,69,,1029536,25,,,1,30,,1029537,25,0,28 29,1,69,,1029538,25,,,1,33,,1029539,25,0,28 29,1,71,,1029540,25,,,1,100,,1029541,25,,,1,100,,1029542,25,,,1,98,,1029543,25,,,1,102,,1029544,25,,,1,99,,1029545,25,,,1,97,,1029546,25,,,1,96,,1029547,25,,,1,107,,1029548,25,,,1,103,,1029549,25,,,1,100,,1029550,25,,,1,100,,1029551,25,,,1,102,,1029552,25,,,1,100,,1029553,25,,,1,100,,1029554,25,,,1
8401,'20260730',618,,1029555,25,,,1,27,,1029556,25,0,28 29,1,69,,1029557,25,,,1,30,,1029558,25,0,28 29,1,69,,1029559,25,,,1,33,,1029560,25,0,28 29,1,71,,1029561,25,,,1,100,,1029562,25,,,1,100,,1029563,25,,,1,98,,1029564,25,,,1,102,,1029565,25,,,1,99,,1029566,25,,,1,97,,1029567,25,,,1,96,,1029568,25,,,1,107,,1029569,25,,,1,103,,1029570,25,,,1,100,,1029571,25,,,1,100,,1029572,25,,,1,102,,1029573,25,,,1,100,,1029574,25,,,1,100,,1029575,25,,,1
8401,'20260731',618,,982485,25,,,1,27,,982504,25,0,28 29,1,69,,982486,25,,,1,30,,982505,25,0,28 29,1,69,,982487,25,,,1,33,,982502,25,0,28 29,1,71,,982488,25,,,1,100,,982489,25,,,1,100,,982490,25,,,1,98,,982491,25,,,1,102,,982492,25,,,1,99,,982493,25,,,1,97,,982494,25,,,1,96,,982495,25,,,1,107,,982496,25,,,1,103,,982497,25,,,1,100,,982498,25,,,1,100,,982499,25,,,1,102,,982500,25,,,1,100,,982501,25,,,1,100,,982503,25,,,1
8401,'20260801',621,,1005934,25,,,1,98,,1005949,25,,,1,99,,1005935,25,,,1,100,,1005948,25,,,1,100,,1005936,25,,,1,100,,1005943,25,,,1,100,,1005944,25,,,1,99,,1005945,25,,,1,100,,1005946,25,,,1,99,,1005947,25,,,1,102,,1005938,25,,,1,101,,1005937,25,,,1,101,,1005939,25,,,1,100,,1005942,25,,,1,100,,1005941,25,,,1,100,,1005940,25,,,1,102,,1005950,25,,,1,100,,1005951,25,,,1
8401,'20260802',621,,1005964,25,,,1,98,,1005968,25,,,1,99,,1005967,25,,,1,100,,1005965,25,,,1,100,,1005952,25,,,1,100,,1005958,25,,,1,100,,1005953,25,,,1,99,,1005959,25,,,1,100,,1005954,25,,,1,99,,1005960,25,,,1,102,,1005955,25,,,1,101,,1005961,25,,,1,101,,1005956,25,,,1,100,,1005962,25,,,1,100,,1005957,25,,,1,100,,1005963,25,,,1,102,,1005966,25,,,1,100,,1005969,25,,,1
8401,'20260803',618,,1005970,25,,,1,27,,1005989,25,0,28 29,1,69,,1005971,25,,,1,30,,1005990,25,0,28 29,1,69,,1005972,25,,,1,33,,1005987,25,0,28 29,1,71,,1005973,25,,,1,100,,1005974,25,,,1,100,,1005975,25,,,1,98,,1005976,25,,,1,102,,1005977,25,,,1,99,,1005978,25,,,1,97,,1005979,25,,,1,96,,1005980,25,,,1,107,,1005981,25,,,1,103,,1005982,25,,,1,100,,1005983,25,,,1,100,,1005984,25,,,1,102,,1005985,25,,,1,100,,1005986,25,,,1,100,,1005988,25,,,1
8401,'20260804',618,,1029576,25,,,1,27,,1029595,25,0,28 29,1,69,,1029577,25,,,1,30,,1029596,25,0,28 29,1,69,,1029578,25,,,1,33,,1029593,25,0,28 29,1,71,,1029579,25,,,1,100,,1029580,25,,,1,100,,1029581,25,,,1,98,,1029582,25,,,1,102,,1029583,25,,,1,99,,1029584,25,,,1,97,,1029585,25,,,1,96,,1029586,25,,,1,107,,1029587,25,,,1,103,,1029588,25,,,1,100,,1029589,25,,,1,100,,1029590,25,,,1,102,,1029591,25,,,1,100,,1029592,25,,,1,100,,1029594,25,,,1
8401,'20260805',618,,1029597,25,,,1,27,,1029616,25,0,28 29,1,69,,1029598,25,,,1,30,,1029617,25,0,28 29,1,69,,1029599,25,,,1,33,,1029614,25,0,28 29,1,71,,1029600,25,,,1,100,,1029601,25,,,1,100,,1029602,25,,,1,98,,1029603,25,,,1,102,,1029604,25,,,1,99,,1029605,25,,,1,97,,1029606,25,,,1,96,,1029607,25,,,1,107,,1029608,25,,,1,103,,1029609,25,,,1,100,,1029610,25,,,1,100,,1029611,25,,,1,102,,1029612,25,,,1,100,,1029613,25,,,1,100,,1029615,25,,,1
8401,'20260806',618,,1029618,25,,,1,27,,1029637,25,0,28 29,1,69,,1029619,25,,,1,30,,1029638,25,0,28 29,1,69,,1029620,25,,,1,33,,1029635,25,0,28 29,1,71,,1029621,25,,,1,100,,1029622,25,,,1,100,,1029623,25,,,1,98,,1029624,25,,,1,102,,1029625,25,,,1,99,,1029626,25,,,1,97,,1029627,25,,,1,96,,1029628,25,,,1,107,,1029629,25,,,1,103,,1029630,25,,,1,100,,1029631,25,,,1,100,,1029632,25,,,1,102,,1029633,25,,,1,100,,1029634,25,,,1,100,,1029636,25,,,1
8401,'20260807',618,,1029639,25,,,1,27,,1029658,25,0,28 29,1,69,,1029640,25,,,1,30,,1029659,25,0,28 29,1,69,,1029641,25,,,1,33,,1029656,25,0,28 29,1,71,,1029642,25,,,1,100,,1029643,25,,,1,100,,1029644,25,,,1,98,,1029645,25,,,1,102,,1029646,25,,,1,99,,1029647,25,,,1,97,,1029648,25,,,1,96,,1029649,25,,,1,107,,1029650,25,,,1,103,,1029651,25,,,1,100,,1029652,25,,,1,100,,1029653,25,,,1,102,,1029654,25,,,1,100,,1029655,25,,,1,100,,1029657,25,,,1
