3400,'20260317',645,,58541,12,,,0,75,,58542,12,,,0,33,,58543,12,,,0,70,,58544,12,,,0,214,,58545,12,,,0,200,,58546,12,,,0,200,,58547,12,,,0,201,,58548,12,,,0,69,,58549,12,,,0,33,,58550,12,,,0,73,,58551,12,,,0,30,,58552,12,,,0,93,,58553,12,,,0,200,,58554,12,,,0,200,,58555,12,,,0
3400,'20260318',645,,58556,12,,,0,75,,58557,12,,,0,33,,58558,12,,,0,70,,58559,12,,,0,214,,58560,12,,,0,200,,58561,12,,,0,200,,58562,12,,,0,201,,58563,12,,,0,69,,58564,12,,,0,33,,58565,12,,,0,73,,58566,12,,,0,30,,58567,12,,,0,93,,58568,12,,,0,200,,58569,12,,,0,200,,58570,12,,,0
3400,'20260319',645,,58571,12,,,0,75,,58572,12,,,0,33,,58573,12,,,0,70,,58574,12,,,0,214,,58575,12,,,0,200,,58576,12,,,0,200,,58577,12,,,0,201,,58578,12,,,0,69,,58579,12,,,0,33,,58580,12,,,0,73,,58581,12,,,0,30,,58582,12,,,0,93,,58583,12,,,0,200,,58584,12,,,0,200,,58585,12,,,0
3400,'20260320',645,,58586,12,,,0,75,,58587,12,,,0,33,,58588,12,,,0,70,,58589,12,,,0,214,,58590,12,,,0,200,,58591,12,,,0,200,,58592,12,,,0,201,,58593,12,,,0,69,,58594,12,,,0,33,,58595,12,,,0,73,,58596,12,,,0,30,,58597,12,,,0,93,,58598,12,,,0,200,,58599,12,,,0,200,,58600,12,,,0
3400,'20260321',646,,58601,12,,,0,200,,58602,12,,,0,199,,58603,12,,,0,200,,58605,12,,,0,200,,58604,12,,,0,200,,58607,12,,,0,201,,58608,12,,,0,201,,58609,12,,,0,200,,58606,12,,,0
3400,'20260322',646,,58612,12,,,0,200,,58613,12,,,0,199,,58614,12,,,0,200,,58615,12,,,0,200,,58616,12,,,0,200,,58617,12,,,0,201,,58618,12,,,0,201,,58611,12,,,0,200,,58610,12,,,0
3400,'20260323',645,,58632,12,,,0,75,,58619,12,,,0,33,,58626,12,,,0,70,,58633,12,,,0,214,,58631,12,,,0,200,,58620,12,,,0,200,,58629,12,,,0,201,,58627,12,,,0,69,,58621,12,,,0,33,,58622,12,,,0,73,,58623,12,,,0,30,,58625,12,,,0,93,,58628,12,,,0,200,,58630,12,,,0,200,,58624,12,,,0
3400,'20260324',645,,58647,12,,,0,75,,58634,12,,,0,33,,58641,12,,,0,70,,58648,12,,,0,214,,58646,12,,,0,200,,58635,12,,,0,200,,58644,12,,,0,201,,58642,12,,,0,69,,58636,12,,,0,33,,58637,12,,,0,73,,58638,12,,,0,30,,58640,12,,,0,93,,58643,12,,,0,200,,58645,12,,,0,200,,58639,12,,,0
3400,'20260325',645,,58662,12,,,0,75,,58649,12,,,0,33,,58656,12,,,0,70,,58663,12,,,0,214,,58661,12,,,0,200,,58650,12,,,0,200,,58659,12,,,0,201,,58657,12,,,0,69,,58651,12,,,0,33,,58652,12,,,0,73,,58653,12,,,0,30,,58655,12,,,0,93,,58658,12,,,0,200,,58660,12,,,0,200,,58654,12,,,0
3400,'20260326',645,,58677,12,,,0,75,,58664,12,,,0,33,,58671,12,,,0,70,,58678,12,,,0,214,,58676,12,,,0,200,,58665,12,,,0,200,,58674,12,,,0,201,,58672,12,,,0,69,,58666,12,,,0,33,,58667,12,,,0,73,,58668,12,,,0,30,,58670,12,,,0,93,,58673,12,,,0,200,,58675,12,,,0,200,,58669,12,,,0
3400,'20260327',645,,58692,12,,,0,75,,58679,12,,,0,33,,58686,12,,,0,70,,58693,12,,,0,214,,58691,12,,,0,200,,58680,12,,,0,200,,58689,12,,,0,201,,58687,12,,,0,69,,58681,12,,,0,33,,58682,12,,,0,73,,58683,12,,,0,30,,58685,12,,,0,93,,58688,12,,,0,200,,58690,12,,,0,200,,58684,12,,,0
3400,'20260328',646,,58694,12,,,0,200,,58695,12,,,0,199,,58696,12,,,0,200,,58698,12,,,0,200,,58697,12,,,0,200,,58700,12,,,0,201,,58701,12,,,0,201,,58702,12,,,0,200,,58699,12,,,0
3400,'20260329',646,,58705,12,,,0,200,,58706,12,,,0,199,,58707,12,,,0,200,,58708,12,,,0,200,,58709,12,,,0,200,,58710,12,,,0,201,,58711,12,,,0,201,,58704,12,,,0,200,,58703,12,,,0
3400,'20260330',645,,58725,12,,,0,75,,58712,12,,,0,33,,58719,12,,,0,70,,58726,12,,,0,214,,58724,12,,,0,200,,58713,12,,,0,200,,58722,12,,,0,201,,58720,12,,,0,69,,58714,12,,,0,33,,58715,12,,,0,73,,58716,12,,,0,30,,58718,12,,,0,93,,58721,12,,,0,200,,58723,12,,,0,200,,58717,12,,,0
3400,'20260331',645,,58740,12,,,0,75,,58727,12,,,0,33,,58734,12,,,0,70,,58741,12,,,0,214,,58739,12,,,0,200,,58728,12,,,0,200,,58737,12,,,0,201,,58735,12,,,0,69,,58729,12,,,0,33,,58730,12,,,0,73,,58731,12,,,0,30,,58733,12,,,0,93,,58736,12,,,0,200,,58738,12,,,0,200,,58732,12,,,0
