8101,'20260626',621,,803056,20,,,0,29,,803057,20,,,0,66,,803058,20,,,0,28,,803059,20,,,0,76,,803060,20,,,0,32,,803061,20,,,0,70,,803062,20,,,0,100,,803063,20,,,0,100,,803064,20,,,0,100,,803065,20,,,0,100,,803066,20,,,0,99,,803067,20,,,0,98,,803068,20,,,0,28,,803069,20,,,0,67,,803070,20,,,0,34,,803071,20,,,0,71,,803072,20,,,0,103,,803073,20,,,0,101,,803074,20,,,0,100,,803075,20,,,0,102,,803076,20,,,0,100,,803077,20,,,0,100,,803078,20,,,0
8101,'20260627',625,,828118,20,,,0,99,,828119,20,,,0,100,,828120,20,,,0,100,,828121,20,,,0,100,,828122,20,,,0,99,,828123,20,,,0,100,,828124,20,,,0,99,,828125,20,,,0,100,,828126,20,,,0,100,,828127,20,,,0,100,,828128,20,,,0,102,,828129,20,,,0,100,,828130,20,,,0,100,,828131,20,,,0,100,,828132,20,,,0,100,,828133,20,,,0,101,,828134,20,,,0,100,,828135,20,,,0
8101,'20260628',625,,828136,20,,,0,99,,828137,20,,,0,100,,828138,20,,,0,100,,828139,20,,,0,100,,828140,20,,,0,99,,828141,20,,,0,100,,828142,20,,,0,99,,828143,20,,,0,100,,828144,20,,,0,100,,828145,20,,,0,100,,828146,20,,,0,102,,828147,20,,,0,100,,828148,20,,,0,100,,828149,20,,,0,100,,828150,20,,,0,100,,828151,20,,,0,101,,828152,20,,,0,100,,828153,20,,,0
8101,'20260629',621,,828154,20,,,0,29,,828155,20,,,0,66,,828156,20,,,0,28,,828157,20,,,0,76,,828158,20,,,0,32,,828159,20,,,0,70,,828160,20,,,0,100,,828161,20,,,0,100,,828162,20,,,0,100,,828163,20,,,0,100,,828164,20,,,0,99,,828165,20,,,0,98,,828166,20,,,0,28,,828167,20,,,0,67,,828168,20,,,0,34,,828169,20,,,0,71,,828170,20,,,0,103,,828171,20,,,0,101,,828172,20,,,0,100,,828173,20,,,0,102,,828174,20,,,0,100,,828175,20,,,0,100,,828176,20,,,0
8101,'20260630',621,,828177,20,,,0,29,,828178,20,,,0,66,,828179,20,,,0,28,,828180,20,,,0,76,,828181,20,,,0,32,,828182,20,,,0,70,,828183,20,,,0,100,,828184,20,,,0,100,,828185,20,,,0,100,,828186,20,,,0,100,,828187,20,,,0,99,,828188,20,,,0,98,,828189,20,,,0,28,,828190,20,,,0,67,,828191,20,,,0,34,,828192,20,,,0,71,,828193,20,,,0,103,,828194,20,,,0,101,,828195,20,,,0,100,,828196,20,,,0,102,,828197,20,,,0,100,,828198,20,,,0,100,,828199,20,,,0
8101,'20260701',625,,828200,20,,,0,99,,828201,20,,,0,100,,828202,20,,,0,100,,828203,20,,,0,100,,828204,20,,,0,99,,828205,20,,,0,100,,828206,20,,,0,99,,828207,20,,,0,100,,828208,20,,,0,100,,828209,20,,,0,100,,828210,20,,,0,102,,828211,20,,,0,100,,828212,20,,,0,100,,828213,20,,,0,100,,828214,20,,,0,100,,828215,20,,,0,101,,828216,20,,,0,100,,828217,20,,,0
8101,'20260702',621,,828218,20,,,0,29,,828219,20,,,0,66,,828220,20,,,0,28,,828221,20,,,0,76,,828222,20,,,0,32,,828223,20,,,0,70,,828224,20,,,0,100,,828225,20,,,0,100,,828226,20,,,0,100,,828227,20,,,0,100,,828228,20,,,0,99,,828229,20,,,0,98,,828230,20,,,0,28,,828231,20,,,0,67,,828232,20,,,0,34,,828233,20,,,0,71,,828234,20,,,0,103,,828235,20,,,0,101,,828236,20,,,0,100,,828237,20,,,0,102,,828238,20,,,0,100,,828239,20,,,0,100,,828240,20,,,0
8101,'20260703',621,,779594,20,,,0,29,,779595,20,,,0,66,,779596,20,,,0,28,,779597,20,,,0,76,,779598,20,,,0,32,,779599,20,,,0,70,,779600,20,,,0,100,,779601,20,,,0,100,,779602,20,,,0,100,,779603,20,,,0,100,,779604,20,,,0,99,,779605,20,,,0,98,,779606,20,,,0,28,,779607,20,,,0,67,,779608,20,,,0,34,,779609,20,,,0,71,,779610,20,,,0,103,,779611,20,,,0,101,,779612,20,,,0,100,,779613,20,,,0,102,,779614,20,,,0,100,,779615,20,,,0,100,,779616,20,,,0
8101,'20260704',625,,803079,20,,,0,99,,803080,20,,,0,100,,803081,20,,,0,100,,803082,20,,,0,100,,803083,20,,,0,99,,803084,20,,,0,100,,803085,20,,,0,99,,803086,20,,,0,100,,803087,20,,,0,100,,803088,20,,,0,100,,803089,20,,,0,102,,803090,20,,,0,100,,803091,20,,,0,100,,803092,20,,,0,100,,803093,20,,,0,100,,803094,20,,,0,101,,803095,20,,,0,100,,803096,20,,,0
8101,'20260705',625,,803097,20,,,0,99,,803098,20,,,0,100,,803099,20,,,0,100,,803100,20,,,0,100,,803101,20,,,0,99,,803102,20,,,0,100,,803103,20,,,0,99,,803104,20,,,0,100,,803105,20,,,0,100,,803106,20,,,0,100,,803107,20,,,0,102,,803108,20,,,0,100,,803109,20,,,0,100,,803110,20,,,0,100,,803111,20,,,0,100,,803112,20,,,0,101,,803113,20,,,0,100,,803114,20,,,0
8101,'20260706',621,,803115,20,,,0,29,,803116,20,,,0,66,,803117,20,,,0,28,,803118,20,,,0,76,,803119,20,,,0,32,,803120,20,,,0,70,,803121,20,,,0,100,,803122,20,,,0,100,,803123,20,,,0,100,,803124,20,,,0,100,,803125,20,,,0,99,,803126,20,,,0,98,,803127,20,,,0,28,,803128,20,,,0,67,,803129,20,,,0,34,,803130,20,,,0,71,,803131,20,,,0,103,,803132,20,,,0,101,,803133,20,,,0,100,,803134,20,,,0,102,,803135,20,,,0,100,,803136,20,,,0,100,,803137,20,,,0
8101,'20260707',621,,803138,20,,,0,29,,803139,20,,,0,66,,803140,20,,,0,28,,803141,20,,,0,76,,803142,20,,,0,32,,803143,20,,,0,70,,803144,20,,,0,100,,803145,20,,,0,100,,803146,20,,,0,100,,803147,20,,,0,100,,803148,20,,,0,99,,803149,20,,,0,98,,803150,20,,,0,28,,803151,20,,,0,67,,803152,20,,,0,34,,803153,20,,,0,71,,803154,20,,,0,103,,803155,20,,,0,101,,803156,20,,,0,100,,803157,20,,,0,102,,803158,20,,,0,100,,803159,20,,,0,100,,803160,20,,,0
8101,'20260708',621,,828241,20,,,0,29,,828242,20,,,0,66,,828243,20,,,0,28,,828244,20,,,0,76,,828245,20,,,0,32,,828246,20,,,0,70,,828247,20,,,0,100,,828248,20,,,0,100,,828249,20,,,0,100,,828250,20,,,0,100,,828251,20,,,0,99,,828252,20,,,0,98,,828253,20,,,0,28,,828254,20,,,0,67,,828255,20,,,0,34,,828256,20,,,0,71,,828257,20,,,0,103,,828258,20,,,0,101,,828259,20,,,0,100,,828260,20,,,0,102,,828261,20,,,0,100,,828262,20,,,0,100,,828263,20,,,0
8101,'20260709',621,,828264,20,,,0,29,,828265,20,,,0,66,,828266,20,,,0,28,,828267,20,,,0,76,,828268,20,,,0,32,,828269,20,,,0,70,,828270,20,,,0,100,,828271,20,,,0,100,,828272,20,,,0,100,,828273,20,,,0,100,,828274,20,,,0,99,,828275,20,,,0,98,,828276,20,,,0,28,,828277,20,,,0,67,,828278,20,,,0,34,,828279,20,,,0,71,,828280,20,,,0,103,,828281,20,,,0,101,,828282,20,,,0,100,,828283,20,,,0,102,,828284,20,,,0,100,,828285,20,,,0,100,,828286,20,,,0
8101,'20260710',621,,828287,20,,,0,29,,828288,20,,,0,66,,828289,20,,,0,28,,828290,20,,,0,76,,828291,20,,,0,32,,828292,20,,,0,70,,828293,20,,,0,100,,828294,20,,,0,100,,828295,20,,,0,100,,828296,20,,,0,100,,828297,20,,,0,99,,828298,20,,,0,98,,828299,20,,,0,28,,828300,20,,,0,67,,828301,20,,,0,34,,828302,20,,,0,71,,828303,20,,,0,103,,828304,20,,,0,101,,828305,20,,,0,100,,828306,20,,,0,102,,828307,20,,,0,100,,828308,20,,,0,100,,828309,20,,,0
