9002,'20260507',652,,401927,38,,,0,68,,401928,38,,,0,34,,401929,38,,,0,76,,401930,38,,,0,20,,401926,25,,,0,2,,401931,38,,,0
9002,'20260508',652,,430328,38,,,0,68,,430329,38,,,0,34,,430330,38,,,0,76,,430331,38,,,0,20,,430327,25,,,0,2,,430332,38,,,0
9002,'20260511',652,,449293,38,,,0,68,,449294,38,,,0,34,,449295,38,,,0,76,,449296,38,,,0,20,,449292,25,,,0,2,,449297,38,,,0
9002,'20260512',652,,449299,38,,,0,68,,449300,38,,,0,34,,449301,38,,,0,76,,449302,38,,,0,20,,449298,25,,,0,2,,449303,38,,,0
9002,'20260513',652,,401938,38,,,0,68,,401939,38,,,0,34,,401942,38,,,0,76,,401940,38,,,0,20,,401943,25,,,0,2,,401941,38,,,0
9002,'20260514',652,,401944,38,,,0,68,,401945,38,,,0,34,,401948,38,,,0,76,,401946,38,,,0,20,,401949,25,,,0,2,,401947,38,,,0
9002,'20260515',652,,401950,38,,,0,68,,401951,38,,,0,34,,401954,38,,,0,76,,401952,38,,,0,20,,401955,25,,,0,2,,401953,38,,,0
9002,'20260519',652,,430333,38,,,0,68,,430334,38,,,0,34,,430337,38,,,0,76,,430335,38,,,0,20,,430338,25,,,0,2,,430336,38,,,0
9002,'20260520',652,,449304,38,,,0,68,,449305,38,,,0,34,,449308,38,,,0,76,,449306,38,,,0,20,,449309,25,,,0,2,,449307,38,,,0
9002,'20260521',652,,449310,38,,,0,68,,449311,38,,,0,34,,449314,38,,,0,76,,449312,38,,,0,20,,449315,25,,,0,2,,449313,38,,,0
9601,'20260507',628,,403911,45,,,0,95,,403912,45,,,0,82,,403913,45,,,0,25,,403914,45,,,0,98,,403915,45,,,0,99,,403916,45,,,0,101,,403917,45,,,0,100,,403918,45,,,0,101,,403919,45,,,0,100,,403920,45,,,0,101,,403921,45,,,0,99,,403922,45,,,0,104,,403923,45,,,0,97,,403924,45,,,0,98,,403925,45,,,0,99,,403926,45,,,0,100,,403927,45,,,0,100,,403928,45,,,0,100,,403929,45,,,0
9601,'20260508',628,,431188,45,,,0,95,,431189,45,,,0,82,,431190,45,,,0,25,,431191,45,,,0,98,,431192,45,,,0,99,,431193,45,,,0,101,,431194,45,,,0,100,,431195,45,,,0,101,,431196,45,,,0,100,,431197,45,,,0,101,,431198,45,,,0,99,,431199,45,,,0,104,,431200,45,,,0,97,,431201,45,,,0,98,,431202,45,,,0,99,,431203,45,,,0,100,,431204,45,,,0,100,,431205,45,,,0,100,,431206,45,,,0
9601,'20260509',756,,450404,45,,,0,100,,450405,45,,,0,100,,450406,45,,,0,100,,450407,45,,,0,147,,450408,45,,,0,55,,450409,45,,,0,96,,450410,45,,,0,104,,450411,45,,,0,143,,450412,45,,,0,57,,450413,45,,,0,145,,450414,45,,,0,54,,450415,45,,,0,99,,450416,45,,,0,101,,450417,45,,,0,99,,450418,45,,,0,100,,450419,45,,,0
9601,'20260510',756,,450420,45,,,0,100,,450421,45,,,0,100,,450422,45,,,0,100,,450423,45,,,0,147,,450424,45,,,0,55,,450425,45,,,0,96,,450426,45,,,0,104,,450427,45,,,0,143,,450428,45,,,0,57,,450429,45,,,0,145,,450430,45,,,0,54,,450431,45,,,0,99,,450432,45,,,0,101,,450433,45,,,0,99,,450434,45,,,0,100,,450435,45,,,0
9601,'20260511',628,,450436,45,,,0,95,,450437,45,,,0,82,,450438,45,,,0,25,,450439,45,,,0,98,,450440,45,,,0,99,,450441,45,,,0,101,,450442,45,,,0,100,,450443,45,,,0,101,,450444,45,,,0,100,,450445,45,,,0,101,,450446,45,,,0,99,,450447,45,,,0,104,,450448,45,,,0,97,,450449,45,,,0,98,,450450,45,,,0,99,,450451,45,,,0,100,,450452,45,,,0,100,,450453,45,,,0,100,,450454,45,,,0
9601,'20260512',628,,450455,45,,,0,95,,450456,45,,,0,82,,450457,45,,,0,25,,450458,45,,,0,98,,450459,45,,,0,99,,450460,45,,,0,101,,450461,45,,,0,100,,450462,45,,,0,101,,450463,45,,,0,100,,450464,45,,,0,101,,450465,45,,,0,99,,450466,45,,,0,104,,450467,45,,,0,97,,450468,45,,,0,98,,450469,45,,,0,99,,450470,45,,,0,100,,450471,45,,,0,100,,450472,45,,,0,100,,450473,45,,,0
9601,'20260513',628,,403949,45,,,0,95,,403950,45,,,0,82,,403951,45,,,0,25,,403952,45,,,0,98,,403967,45,,,0,99,,403953,45,,,0,101,,403954,45,,,0,100,,403955,45,,,0,101,,403956,45,,,0,100,,403957,45,,,0,101,,403958,45,,,0,99,,403959,45,,,0,104,,403960,45,,,0,97,,403961,45,,,0,98,,403962,45,,,0,99,,403963,45,,,0,100,,403964,45,,,0,100,,403965,45,,,0,100,,403966,45,,,0
9601,'20260514',628,,403968,45,,,0,95,,403969,45,,,0,82,,403970,45,,,0,25,,403971,45,,,0,98,,403986,45,,,0,99,,403972,45,,,0,101,,403973,45,,,0,100,,403974,45,,,0,101,,403975,45,,,0,100,,403976,45,,,0,101,,403977,45,,,0,99,,403978,45,,,0,104,,403979,45,,,0,97,,403980,45,,,0,98,,403981,45,,,0,99,,403982,45,,,0,100,,403983,45,,,0,100,,403984,45,,,0,100,,403985,45,,,0
9601,'20260515',628,,403987,45,,,0,95,,403988,45,,,0,82,,403989,45,,,0,25,,403990,45,,,0,98,,404005,45,,,0,99,,403991,45,,,0,101,,403992,45,,,0,100,,403993,45,,,0,101,,403994,45,,,0,100,,403995,45,,,0,101,,403996,45,,,0,99,,403997,45,,,0,104,,403998,45,,,0,97,,403999,45,,,0,98,,404000,45,,,0,99,,404001,45,,,0,100,,404002,45,,,0,100,,404003,45,,,0,100,,404004,45,,,0
9601,'20260516',756,,431207,45,,,0,100,,431208,45,,,0,100,,431209,45,,,0,100,,431210,45,,,0,147,,431211,45,,,0,55,,431212,45,,,0,96,,431213,45,,,0,104,,431214,45,,,0,143,,431215,45,,,0,57,,431216,45,,,0,145,,431217,45,,,0,54,,431218,45,,,0,99,,431219,45,,,0,101,,431220,45,,,0,99,,431221,45,,,0,100,,431222,45,,,0
9601,'20260517',756,,431223,45,,,0,100,,431224,45,,,0,100,,431225,45,,,0,100,,431226,45,,,0,147,,431227,45,,,0,55,,431228,45,,,0,96,,431229,45,,,0,104,,431230,45,,,0,143,,431231,45,,,0,57,,431232,45,,,0,145,,431233,45,,,0,54,,431234,45,,,0,99,,431235,45,,,0,101,,431236,45,,,0,99,,431237,45,,,0,100,,431238,45,,,0
9601,'20260518',756,,431239,45,,,0,100,,431240,45,,,0,100,,431241,45,,,0,100,,431242,45,,,0,147,,431243,45,,,0,55,,431244,45,,,0,96,,431245,45,,,0,104,,431246,45,,,0,143,,431247,45,,,0,57,,431248,45,,,0,145,,431249,45,,,0,54,,431250,45,,,0,99,,431251,45,,,0,101,,431252,45,,,0,99,,431253,45,,,0,100,,431254,45,,,0
9601,'20260519',628,,431255,45,,,0,95,,431256,45,,,0,82,,431257,45,,,0,25,,431258,45,,,0,98,,431273,45,,,0,99,,431259,45,,,0,101,,431260,45,,,0,100,,431261,45,,,0,101,,431262,45,,,0,100,,431263,45,,,0,101,,431264,45,,,0,99,,431265,45,,,0,104,,431266,45,,,0,97,,431267,45,,,0,98,,431268,45,,,0,99,,431269,45,,,0,100,,431270,45,,,0,100,,431271,45,,,0,100,,431272,45,,,0
9601,'20260520',628,,450474,45,,,0,95,,450475,45,,,0,82,,450476,45,,,0,25,,450477,45,,,0,98,,450492,45,,,0,99,,450478,45,,,0,101,,450479,45,,,0,100,,450480,45,,,0,101,,450481,45,,,0,100,,450482,45,,,0,101,,450483,45,,,0,99,,450484,45,,,0,104,,450485,45,,,0,97,,450486,45,,,0,98,,450487,45,,,0,99,,450488,45,,,0,100,,450489,45,,,0,100,,450490,45,,,0,100,,450491,45,,,0
9601,'20260521',628,,450493,45,,,0,95,,450494,45,,,0,82,,450495,45,,,0,25,,450496,45,,,0,98,,450511,45,,,0,99,,450497,45,,,0,101,,450498,45,,,0,100,,450499,45,,,0,101,,450500,45,,,0,100,,450501,45,,,0,101,,450502,45,,,0,99,,450503,45,,,0,104,,450504,45,,,0,97,,450505,45,,,0,98,,450506,45,,,0,99,,450507,45,,,0,100,,450508,45,,,0,100,,450509,45,,,0,100,,450510,45,,,0
