2503,'20260308',714,,7705,36,,,0,99,,7706,36,,,0,99,,7707,36,,,0,100,,7708,36,,,0,99,,7709,36,,,0,100,,7710,36,,,0,98,,7711,36,,,0,99,,7712,36,,,0,103,,7713,36,,,0,99,,7714,36,,,0,103,,7715,36,,,0,99,,7716,36,,,0,100,,7717,36,,,0,101,,7718,36,,,0,101,,7719,36,,,0,100,,7720,36,,,0,100,,7721,36,,,0,109,,7722,36,,,0
2503,'20260309',702,,7723,36,,,0,32,,7724,36,,,0,16,,7725,36,,,0,61,,7726,36,,,0,8,,7727,36,,,0,13,,7728,36,,,0,27,,7729,36,,,0,70,,7730,36,,,0,71,,7731,36,,,0,28,,7732,36,,,0,72,,7733,36,,,0,30,,7734,36,,,0,70,,7735,36,,,0,31,,7736,36,,,0,69,,7737,36,,,0,30,,7738,36,,,0,70,,7739,36,,,0,29,,7740,36,,,0,28,,7741,36,,,0,69,,7742,36,,,0,10,,7758,17,,,0,4,,7759,17,,,0,3,,7743,36,,,0,14,,7744,36,,,0,57,,7745,36,,,0,16,,7746,36,,,0,18,,7747,36,,,0,60,,7748,36,,,0,19,,7749,36,,,0,21,,7750,36,,,0,85,,7751,36,,,0,98,,7752,36,,,0,101,,7753,36,,,0,100,,7754,36,,,0,100,,7755,36,,,0,100,,7756,36,,,0,101,,7757,36,,,0
2503,'20260310',702,,7760,36,,,0,32,,7761,36,,,0,16,,7762,36,,,0,61,,7763,36,,,0,8,,7764,36,,,0,13,,7765,36,,,0,27,,7766,36,,,0,70,,7767,36,,,0,71,,7768,36,,,0,28,,7769,36,,,0,72,,7770,36,,,0,30,,7771,36,,,0,70,,7772,36,,,0,31,,7773,36,,,0,69,,7774,36,,,0,30,,7775,36,,,0,70,,7776,36,,,0,29,,7777,36,,,0,28,,7778,36,,,0,69,,7779,36,,,0,10,,7795,17,,,0,4,,7796,17,,,0,3,,7780,36,,,0,14,,7781,36,,,0,57,,7782,36,,,0,16,,7783,36,,,0,18,,7784,36,,,0,60,,7785,36,,,0,19,,7786,36,,,0,21,,7787,36,,,0,85,,7788,36,,,0,98,,7789,36,,,0,101,,7790,36,,,0,100,,7791,36,,,0,100,,7792,36,,,0,100,,7793,36,,,0,101,,7794,36,,,0
2503,'20260311',702,,7797,36,,,0,32,,7798,36,,,0,16,,7799,36,,,0,61,,7800,36,,,0,8,,7801,36,,,0,13,,7802,36,,,0,27,,7803,36,,,0,70,,7804,36,,,0,71,,7805,36,,,0,28,,7806,36,,,0,72,,7807,36,,,0,30,,7808,36,,,0,70,,7809,36,,,0,31,,7810,36,,,0,69,,7811,36,,,0,30,,7812,36,,,0,70,,7813,36,,,0,29,,7814,36,,,0,28,,7815,36,,,0,69,,7816,36,,,0,10,,7832,17,,,0,4,,7833,17,,,0,3,,7817,36,,,0,14,,7818,36,,,0,57,,7819,36,,,0,16,,7820,36,,,0,18,,7821,36,,,0,60,,7822,36,,,0,19,,7823,36,,,0,21,,7824,36,,,0,85,,7825,36,,,0,98,,7826,36,,,0,101,,7827,36,,,0,100,,7828,36,,,0,100,,7829,36,,,0,100,,7830,36,,,0,101,,7831,36,,,0
2503,'20260312',702,,7834,36,,,0,32,,7835,36,,,0,16,,7836,36,,,0,61,,7837,36,,,0,8,,7838,36,,,0,13,,7839,36,,,0,27,,7840,36,,,0,70,,7841,36,,,0,71,,7842,36,,,0,28,,7843,36,,,0,72,,7844,36,,,0,30,,7845,36,,,0,70,,7846,36,,,0,31,,7847,36,,,0,69,,7848,36,,,0,30,,7849,36,,,0,70,,7850,36,,,0,29,,7851,36,,,0,28,,7852,36,,,0,69,,7853,36,,,0,10,,7869,17,,,0,4,,7870,17,,,0,3,,7854,36,,,0,14,,7855,36,,,0,57,,7856,36,,,0,16,,7857,36,,,0,18,,7858,36,,,0,60,,7859,36,,,0,19,,7860,36,,,0,21,,7861,36,,,0,85,,7862,36,,,0,98,,7863,36,,,0,101,,7864,36,,,0,100,,7865,36,,,0,100,,7866,36,,,0,100,,7867,36,,,0,101,,7868,36,,,0
2503,'20260313',702,,7871,36,,,0,32,,7872,36,,,0,16,,7873,36,,,0,61,,7874,36,,,0,8,,7875,36,,,0,13,,7876,36,,,0,27,,7877,36,,,0,70,,7878,36,,,0,71,,7879,36,,,0,28,,7880,36,,,0,72,,7881,36,,,0,30,,7882,36,,,0,70,,7883,36,,,0,31,,7884,36,,,0,69,,7885,36,,,0,30,,7886,36,,,0,70,,7887,36,,,0,29,,7888,36,,,0,28,,7889,36,,,0,69,,7890,36,,,0,10,,7906,17,,,0,4,,7907,17,,,0,3,,7891,36,,,0,14,,7892,36,,,0,57,,7893,36,,,0,16,,7894,36,,,0,18,,7895,36,,,0,60,,7896,36,,,0,19,,7897,36,,,0,21,,7898,36,,,0,85,,7899,36,,,0,98,,7900,36,,,0,101,,7901,36,,,0,100,,7902,36,,,0,100,,7903,36,,,0,100,,7904,36,,,0,101,,7905,36,,,0
2503,'20260314',714,,7908,36,,,0,99,,7909,36,,,0,99,,7910,36,,,0,100,,7911,36,,,0,99,,7912,36,,,0,100,,7913,36,,,0,98,,7914,36,,,0,99,,7915,36,,,0,103,,7916,36,,,0,99,,7917,36,,,0,103,,7918,36,,,0,99,,7919,36,,,0,100,,7920,36,,,0,101,,7921,36,,,0,101,,7922,36,,,0,100,,7923,36,,,0,100,,7924,36,,,0,109,,7925,36,,,0
2503,'20260315',714,,7926,36,,,0,99,,7927,36,,,0,99,,7928,36,,,0,100,,7929,36,,,0,99,,7930,36,,,0,100,,7931,36,,,0,98,,7932,36,,,0,99,,7933,36,,,0,103,,7934,36,,,0,99,,7935,36,,,0,103,,7936,36,,,0,99,,7937,36,,,0,100,,7938,36,,,0,101,,7939,36,,,0,101,,7940,36,,,0,100,,7941,36,,,0,100,,7942,36,,,0,109,,7943,36,,,0
2503,'20260316',702,,7944,36,,,0,32,,7945,36,,,0,16,,7946,36,,,0,61,,7947,36,,,0,8,,7948,36,,,0,13,,7949,36,,,0,27,,7950,36,,,0,70,,7958,36,,,0,71,,7959,36,,,0,28,,7960,36,,,0,72,,7961,36,,,0,30,,7962,36,,,0,70,,7963,36,,,0,31,,7964,36,,,0,69,,7965,36,,,0,30,,7966,36,,,0,70,,7967,36,,,0,29,,7968,36,,,0,28,,7969,36,,,0,69,,7951,36,,,0,10,,7980,17,,,0,4,,7979,17,,,0,3,,7977,36,,,0,14,,7952,36,,,0,57,,7978,36,,,0,16,,7953,36,,,0,18,,7957,36,,,0,60,,7954,36,,,0,19,,7955,36,,,0,21,,7956,36,,,0,85,,7970,36,,,0,98,,7971,36,,,0,101,,7972,36,,,0,100,,7973,36,,,0,100,,7974,36,,,0,100,,7975,36,,,0,101,,7976,36,,,0
2503,'20260317',702,,7981,36,,,0,32,,7982,36,,,0,16,,7983,36,,,0,61,,7984,36,,,0,8,,7985,36,,,0,13,,7986,36,,,0,27,,7987,36,,,0,70,,7995,36,,,0,71,,7996,36,,,0,28,,7997,36,,,0,72,,7998,36,,,0,30,,7999,36,,,0,70,,8000,36,,,0,31,,8001,36,,,0,69,,8002,36,,,0,30,,8003,36,,,0,70,,8004,36,,,0,29,,8005,36,,,0,28,,8006,36,,,0,69,,7988,36,,,0,10,,8017,17,,,0,4,,8016,17,,,0,3,,8014,36,,,0,14,,7989,36,,,0,57,,8015,36,,,0,16,,7990,36,,,0,18,,7994,36,,,0,60,,7991,36,,,0,19,,7992,36,,,0,21,,7993,36,,,0,85,,8007,36,,,0,98,,8008,36,,,0,101,,8009,36,,,0,100,,8010,36,,,0,100,,8011,36,,,0,100,,8012,36,,,0,101,,8013,36,,,0
2503,'20260318',702,,8018,36,,,0,32,,8019,36,,,0,16,,8020,36,,,0,61,,8021,36,,,0,8,,8022,36,,,0,13,,8023,36,,,0,27,,8024,36,,,0,70,,8032,36,,,0,71,,8033,36,,,0,28,,8034,36,,,0,72,,8035,36,,,0,30,,8036,36,,,0,70,,8037,36,,,0,31,,8038,36,,,0,69,,8039,36,,,0,30,,8040,36,,,0,70,,8041,36,,,0,29,,8042,36,,,0,28,,8043,36,,,0,69,,8025,36,,,0,10,,8054,17,,,0,4,,8053,17,,,0,3,,8051,36,,,0,14,,8026,36,,,0,57,,8052,36,,,0,16,,8027,36,,,0,18,,8031,36,,,0,60,,8028,36,,,0,19,,8029,36,,,0,21,,8030,36,,,0,85,,8044,36,,,0,98,,8045,36,,,0,101,,8046,36,,,0,100,,8047,36,,,0,100,,8048,36,,,0,100,,8049,36,,,0,101,,8050,36,,,0
2503,'20260319',702,,8055,36,,,0,32,,8056,36,,,0,16,,8057,36,,,0,61,,8058,36,,,0,8,,8059,36,,,0,13,,8060,36,,,0,27,,8061,36,,,0,70,,8069,36,,,0,71,,8070,36,,,0,28,,8071,36,,,0,72,,8072,36,,,0,30,,8073,36,,,0,70,,8074,36,,,0,31,,8075,36,,,0,69,,8076,36,,,0,30,,8077,36,,,0,70,,8078,36,,,0,29,,8079,36,,,0,28,,8080,36,,,0,69,,8062,36,,,0,10,,8091,17,,,0,4,,8090,17,,,0,3,,8088,36,,,0,14,,8063,36,,,0,57,,8089,36,,,0,16,,8064,36,,,0,18,,8068,36,,,0,60,,8065,36,,,0,19,,8066,36,,,0,21,,8067,36,,,0,85,,8081,36,,,0,98,,8082,36,,,0,101,,8083,36,,,0,100,,8084,36,,,0,100,,8085,36,,,0,100,,8086,36,,,0,101,,8087,36,,,0
2503,'20260320',702,,8092,36,,,0,32,,8093,36,,,0,16,,8094,36,,,0,61,,8095,36,,,0,8,,8096,36,,,0,13,,8097,36,,,0,27,,8098,36,,,0,70,,8106,36,,,0,71,,8107,36,,,0,28,,8108,36,,,0,72,,8109,36,,,0,30,,8110,36,,,0,70,,8111,36,,,0,31,,8112,36,,,0,69,,8113,36,,,0,30,,8114,36,,,0,70,,8115,36,,,0,29,,8116,36,,,0,28,,8117,36,,,0,69,,8099,36,,,0,10,,8128,17,,,0,4,,8127,17,,,0,3,,8125,36,,,0,14,,8100,36,,,0,57,,8126,36,,,0,16,,8101,36,,,0,18,,8105,36,,,0,60,,8102,36,,,0,19,,8103,36,,,0,21,,8104,36,,,0,85,,8118,36,,,0,98,,8119,36,,,0,101,,8120,36,,,0,100,,8121,36,,,0,100,,8122,36,,,0,100,,8123,36,,,0,101,,8124,36,,,0
92503,'20260313',2547,,47052,31,,,0,170,,47053,31,,,0
92503,'20260314',2547,,47055,31,,,0,170,,47054,31,,,0
92503,'20260320',2547,,47056,31,,,0,170,,47057,31,,,0
