18501,'20260526',657,,561106,24,,,0,86,,561107,24,,,0,91,,561108,24,,,0,78,,561109,24,,,0,889,,561110,12,,,0
18501,'20260527',657,,561111,24,,,0,86,,561112,24,,,0,91,,561113,24,,,0,78,,561114,24,,,0,889,,561115,12,,,0
18501,'20260528',657,,561116,24,,,0,86,,561117,24,,,0,91,,561118,24,,,0,78,,561119,24,,,0,889,,561120,12,,,0
18501,'20260529',657,,586987,24,,,0,86,,586988,24,,,0,91,,586989,24,,,0,78,,586990,24,,,0,889,,586991,12,,,0
18501,'20260601',657,,528379,24,,,0,86,,528380,24,,,0,91,,528381,24,,,0,78,,528383,24,,,0,889,,528382,12,,,0
18501,'20260602',657,,528384,24,,,0,86,,528385,24,,,0,91,,528386,24,,,0,78,,528388,24,,,0,889,,528387,12,,,0
18501,'20260603',657,,561121,24,,,0,86,,561122,24,,,0,91,,561123,24,,,0,78,,561125,24,,,0,889,,561124,12,,,0
18501,'20260604',657,,561126,24,,,0,86,,561127,24,,,0,91,,561128,24,,,0,78,,561130,24,,,0,889,,561129,12,,,0
18501,'20260605',657,,561131,24,,,0,86,,561132,24,,,0,91,,561133,24,,,0,78,,561135,24,,,0,889,,561134,12,,,0
18501,'20260608',657,,586992,24,,,0,86,,586993,24,,,0,91,,586994,24,,,0,78,,586996,24,,,0,889,,586995,12,,,0
18501,'20260609',657,,586997,24,,,0,86,,586998,24,,,0,91,,586999,24,,,0,78,,587001,24,,,0,889,,587000,12,,,0
1008201,'20260526',1640,,576994,51,4,,0
1008201,'20260527',1640,,576995,51,4,,0
1008201,'20260528',1640,,576996,51,4,,0
1008201,'20260601',1640,,542256,51,4,,0
1008201,'20260602',1640,,542257,51,4,,0
1008201,'20260603',1640,,576997,51,4,,0
1008201,'20260604',1640,,576998,51,4,,0
1008201,'20260605',1640,,576999,51,4,,0
1008201,'20260608',1640,,595041,51,4,,0
1008201,'20260609',1640,,595042,51,4,,0
