1202,'20260605',635,,636791,12,,,0,70,,636792,12,,,0,30,,636793,12,,,0,72,,636794,12,,,0,31,,636795,12,,,0,99,,636796,12,,,0,99,,636797,12,,,0,100,,636798,12,,,0,101,,636799,12,,,0,100,,636800,12,,,0,100,,636801,12,,,0,100,,636802,12,,,0,100,,636790,12,,,0,2,,636803,12,,,0,107,,636804,12,,,0,95,,636805,12,,,0,94,,636806,12,,,0,97,,636807,12,,,0,98,,636808,12,,,0,99,,636809,12,,,0
1202,'20260606',816,,656055,12,,,0,101,,656056,12,,,0,102,,656057,12,,,0,100,,656058,12,,,0,102,,656059,12,,,0,96,,656060,12,,,0,108,,656061,12,,,0,98,,656062,12,,,0,100,,656063,12,,,0,99,,656064,12,,,0,97,,656065,12,,,0,98,,656066,12,,,0,99,,656067,12,,,0,100,,656068,12,,,0,100,,656069,12,,,0,100,,656070,12,,,0
1202,'20260607',816,,656071,12,,,0,101,,656072,12,,,0,102,,656073,12,,,0,100,,656074,12,,,0,102,,656075,12,,,0,96,,656076,12,,,0,108,,656077,12,,,0,98,,656078,12,,,0,100,,656079,12,,,0,99,,656080,12,,,0,97,,656081,12,,,0,98,,656082,12,,,0,99,,656083,12,,,0,100,,656084,12,,,0,100,,656085,12,,,0,100,,656086,12,,,0
1202,'20260608',635,,656088,12,,,0,70,,656089,12,,,0,30,,656090,12,,,0,72,,656091,12,,,0,31,,656092,12,,,0,99,,656093,12,,,0,99,,656094,12,,,0,100,,656095,12,,,0,101,,656096,12,,,0,100,,656097,12,,,0,100,,656098,12,,,0,100,,656099,12,,,0,100,,656087,12,,,0,2,,656100,12,,,0,107,,656101,12,,,0,95,,656102,12,,,0,94,,656103,12,,,0,97,,656104,12,,,0,98,,656105,12,,,0,99,,656106,12,,,0
1202,'20260609',635,,656108,12,,,0,70,,656109,12,,,0,30,,656110,12,,,0,72,,656111,12,,,0,31,,656112,12,,,0,99,,656113,12,,,0,99,,656114,12,,,0,100,,656115,12,,,0,101,,656116,12,,,0,100,,656117,12,,,0,100,,656118,12,,,0,100,,656119,12,,,0,100,,656107,12,,,0,2,,656120,12,,,0,107,,656121,12,,,0,95,,656122,12,,,0,94,,656123,12,,,0,97,,656124,12,,,0,98,,656125,12,,,0,99,,656126,12,,,0
1202,'20260610',635,,656128,12,,,0,70,,656129,12,,,0,30,,656130,12,,,0,72,,656131,12,,,0,31,,656132,12,,,0,99,,656133,12,,,0,99,,656134,12,,,0,100,,656135,12,,,0,101,,656136,12,,,0,100,,656137,12,,,0,100,,656138,12,,,0,100,,656139,12,,,0,100,,656127,12,,,0,2,,656140,12,,,0,107,,656141,12,,,0,95,,656142,12,,,0,94,,656143,12,,,0,97,,656144,12,,,0,98,,656145,12,,,0,99,,656146,12,,,0
1202,'20260611',635,,656148,12,,,0,70,,656149,12,,,0,30,,656150,12,,,0,72,,656151,12,,,0,31,,656152,12,,,0,99,,656153,12,,,0,99,,656154,12,,,0,100,,656155,12,,,0,101,,656156,12,,,0,100,,656157,12,,,0,100,,656158,12,,,0,100,,656159,12,,,0,100,,656147,12,,,0,2,,656160,12,,,0,107,,656161,12,,,0,95,,656162,12,,,0,94,,656163,12,,,0,97,,656164,12,,,0,98,,656165,12,,,0,99,,656166,12,,,0
1202,'20260612',635,,598643,12,,,0,70,,598625,12,,,0,30,,598626,12,,,0,72,,598627,12,,,0,31,,598628,12,,,0,99,,598629,12,,,0,99,,598630,12,,,0,100,,598631,12,,,0,101,,598632,12,,,0,100,,598633,12,,,0,100,,598634,12,,,0,100,,598635,12,,,0,102,,598636,12,,,0,107,,598637,12,,,0,95,,598638,12,,,0,94,,598639,12,,,0,97,,598640,12,,,0,98,,598641,12,,,0,99,,598642,12,,,0
1202,'20260613',816,,636810,12,,,0,101,,636811,12,,,0,102,,636812,12,,,0,100,,636819,12,,,0,102,,636820,12,,,0,96,,636821,12,,,0,108,,636822,12,,,0,98,,636823,12,,,0,100,,636824,12,,,0,99,,636825,12,,,0,97,,636813,12,,,0,98,,636814,12,,,0,99,,636815,12,,,0,100,,636816,12,,,0,100,,636817,12,,,0,100,,636818,12,,,0
1202,'20260614',816,,636826,12,,,0,101,,636827,12,,,0,102,,636828,12,,,0,100,,636829,12,,,0,102,,636830,12,,,0,96,,636831,12,,,0,108,,636832,12,,,0,98,,636833,12,,,0,100,,636834,12,,,0,99,,636835,12,,,0,97,,636836,12,,,0,98,,636837,12,,,0,99,,636838,12,,,0,100,,636839,12,,,0,100,,636840,12,,,0,100,,636841,12,,,0
1202,'20260615',635,,636860,12,,,0,70,,636842,12,,,0,30,,636843,12,,,0,72,,636844,12,,,0,31,,636845,12,,,0,99,,636846,12,,,0,99,,636847,12,,,0,100,,636848,12,,,0,101,,636849,12,,,0,100,,636850,12,,,0,100,,636851,12,,,0,100,,636852,12,,,0,102,,636853,12,,,0,107,,636854,12,,,0,95,,636855,12,,,0,94,,636856,12,,,0,97,,636857,12,,,0,98,,636858,12,,,0,99,,636859,12,,,0
1202,'20260616',635,,636879,12,,,0,70,,636861,12,,,0,30,,636862,12,,,0,72,,636863,12,,,0,31,,636864,12,,,0,99,,636865,12,,,0,99,,636866,12,,,0,100,,636867,12,,,0,101,,636868,12,,,0,100,,636869,12,,,0,100,,636870,12,,,0,100,,636871,12,,,0,102,,636872,12,,,0,107,,636873,12,,,0,95,,636874,12,,,0,94,,636875,12,,,0,97,,636876,12,,,0,98,,636877,12,,,0,99,,636878,12,,,0
1202,'20260617',635,,656185,12,,,0,70,,656167,12,,,0,30,,656168,12,,,0,72,,656169,12,,,0,31,,656170,12,,,0,99,,656171,12,,,0,99,,656172,12,,,0,100,,656173,12,,,0,101,,656174,12,,,0,100,,656175,12,,,0,100,,656176,12,,,0,100,,656177,12,,,0,102,,656178,12,,,0,107,,656179,12,,,0,95,,656180,12,,,0,94,,656181,12,,,0,97,,656182,12,,,0,98,,656183,12,,,0,99,,656184,12,,,0
1202,'20260618',635,,656204,12,,,0,70,,656186,12,,,0,30,,656187,12,,,0,72,,656188,12,,,0,31,,656189,12,,,0,99,,656190,12,,,0,99,,656191,12,,,0,100,,656192,12,,,0,101,,656193,12,,,0,100,,656194,12,,,0,100,,656195,12,,,0,100,,656196,12,,,0,102,,656197,12,,,0,107,,656198,12,,,0,95,,656199,12,,,0,94,,656200,12,,,0,97,,656201,12,,,0,98,,656202,12,,,0,99,,656203,12,,,0
1202,'20260619',635,,656223,12,,,0,70,,656205,12,,,0,30,,656206,12,,,0,72,,656207,12,,,0,31,,656208,12,,,0,99,,656209,12,,,0,99,,656210,12,,,0,100,,656211,12,,,0,101,,656212,12,,,0,100,,656213,12,,,0,100,,656214,12,,,0,100,,656215,12,,,0,102,,656216,12,,,0,107,,656217,12,,,0,95,,656218,12,,,0,94,,656219,12,,,0,97,,656220,12,,,0,98,,656221,12,,,0,99,,656222,12,,,0
