1803,'20260529',627,,579438,28,,,0,17,,579439,28,,,0,14,,579440,28,,,0,55,,579441,28,,,0,13,,579442,28,,,0,12,,579443,28,,,0,11,,579444,28,,,0,5,,579445,28,,,0,46,,579446,28,,,0,7,,579447,28,,,0,11,,579448,28,,,0,8,,579449,28,,,0,11,,579450,28,,,0,10,,579451,28,,,0,54,,579452,28,,,0,30,,579453,28,,,0,70,,579454,28,,,0,30,,579455,28,,,0,70,,579456,28,,,0,20,,579457,28,,,0,20,,579458,28,,,0,59,,579459,28,,,0,31,,579460,28,,,0,70,,579461,28,,,0,30,,579462,28,,,0,70,,579463,28,,,0,30,,579464,28,,,0,69,,579465,28,,,0,31,,579466,28,,,0,70,,579467,28,,,0,31,,579468,28,,,0,70,,579469,28,,,0,29,,579470,28,,,0,71,,579471,28,,,0,31,,579472,28,,,0,71,,579473,28,,,0,99,,579474,28,,,0,99,,579475,28,,,0,99,,579476,28,,,0,101,,579477,28,,,0,100,,579478,28,,,0
1803,'20260530',644,,599994,28,,,0,100,,599995,28,,,0,100,,599996,28,,,0,100,,599997,28,,,0,100,,599998,28,,,0,97,,599999,28,,,0,96,,600000,28,,,0,103,,600001,28,,,0,103,,600002,28,,,0,97,,600003,28,,,0,108,,600004,28,,,0,96,,600005,28,,,0,102,,600006,28,,,0,97,,600007,28,,,0,101,,600008,28,,,0,101,,600009,28,,,0,100,,600010,28,,,0
1803,'20260531',644,,600011,28,,,0,100,,600012,28,,,0,100,,600013,28,,,0,100,,600014,28,,,0,100,,600015,28,,,0,97,,600016,28,,,0,96,,600017,28,,,0,103,,600018,28,,,0,103,,600019,28,,,0,97,,600020,28,,,0,108,,600021,28,,,0,96,,600022,28,,,0,102,,600023,28,,,0,97,,600024,28,,,0,101,,600025,28,,,0,101,,600026,28,,,0,100,,600027,28,,,0
1803,'20260601',627,,600028,28,,,0,17,,600029,28,,,0,14,,600030,28,,,0,55,,600031,28,,,0,13,,600032,28,,,0,12,,600033,28,,,0,11,,600034,28,,,0,5,,600035,28,,,0,46,,600036,28,,,0,7,,600037,28,,,0,11,,600038,28,,,0,8,,600039,28,,,0,11,,600040,28,,,0,10,,600041,28,,,0,54,,600042,28,,,0,30,,600043,28,,,0,70,,600044,28,,,0,30,,600045,28,,,0,70,,600046,28,,,0,20,,600047,28,,,0,20,,600048,28,,,0,59,,600049,28,,,0,31,,600050,28,,,0,70,,600051,28,,,0,30,,600052,28,,,0,70,,600053,28,,,0,30,,600054,28,,,0,69,,600055,28,,,0,31,,600056,28,,,0,70,,600057,28,,,0,31,,600058,28,,,0,70,,600059,28,,,0,29,,600060,28,,,0,71,,600061,28,,,0,31,,600062,28,,,0,71,,600063,28,,,0,99,,600064,28,,,0,99,,600065,28,,,0,99,,600066,28,,,0,101,,600067,28,,,0,100,,600068,28,,,0
1803,'20260602',627,,600069,28,,,0,17,,600070,28,,,0,14,,600071,28,,,0,55,,600072,28,,,0,13,,600073,28,,,0,12,,600074,28,,,0,11,,600075,28,,,0,5,,600076,28,,,0,46,,600077,28,,,0,7,,600078,28,,,0,11,,600079,28,,,0,8,,600080,28,,,0,11,,600081,28,,,0,10,,600082,28,,,0,54,,600083,28,,,0,30,,600084,28,,,0,70,,600085,28,,,0,30,,600086,28,,,0,70,,600087,28,,,0,20,,600088,28,,,0,20,,600089,28,,,0,59,,600090,28,,,0,31,,600091,28,,,0,70,,600092,28,,,0,30,,600093,28,,,0,70,,600094,28,,,0,30,,600095,28,,,0,69,,600096,28,,,0,31,,600097,28,,,0,70,,600098,28,,,0,31,,600099,28,,,0,70,,600100,28,,,0,29,,600101,28,,,0,71,,600102,28,,,0,31,,600103,28,,,0,71,,600104,28,,,0,99,,600105,28,,,0,99,,600106,28,,,0,99,,600107,28,,,0,101,,600108,28,,,0,100,,600109,28,,,0
1803,'20260603',627,,600110,28,,,0,17,,600111,28,,,0,14,,600112,28,,,0,55,,600113,28,,,0,13,,600114,28,,,0,12,,600115,28,,,0,11,,600116,28,,,0,5,,600117,28,,,0,46,,600118,28,,,0,7,,600119,28,,,0,11,,600120,28,,,0,8,,600121,28,,,0,11,,600122,28,,,0,10,,600123,28,,,0,54,,600124,28,,,0,30,,600125,28,,,0,70,,600126,28,,,0,30,,600127,28,,,0,70,,600128,28,,,0,20,,600129,28,,,0,20,,600130,28,,,0,59,,600131,28,,,0,31,,600132,28,,,0,70,,600133,28,,,0,30,,600134,28,,,0,70,,600135,28,,,0,30,,600136,28,,,0,69,,600137,28,,,0,31,,600138,28,,,0,70,,600139,28,,,0,31,,600140,28,,,0,70,,600141,28,,,0,29,,600142,28,,,0,71,,600143,28,,,0,31,,600144,28,,,0,71,,600145,28,,,0,99,,600146,28,,,0,99,,600147,28,,,0,99,,600148,28,,,0,101,,600149,28,,,0,100,,600150,28,,,0
1803,'20260604',627,,600151,28,,,0,17,,600152,28,,,0,14,,600153,28,,,0,55,,600154,28,,,0,13,,600155,28,,,0,12,,600156,28,,,0,11,,600157,28,,,0,5,,600158,28,,,0,46,,600159,28,,,0,7,,600160,28,,,0,11,,600161,28,,,0,8,,600162,28,,,0,11,,600163,28,,,0,10,,600164,28,,,0,54,,600165,28,,,0,30,,600166,28,,,0,70,,600167,28,,,0,30,,600168,28,,,0,70,,600169,28,,,0,20,,600170,28,,,0,20,,600171,28,,,0,59,,600172,28,,,0,31,,600173,28,,,0,70,,600174,28,,,0,30,,600175,28,,,0,70,,600176,28,,,0,30,,600177,28,,,0,69,,600178,28,,,0,31,,600179,28,,,0,70,,600180,28,,,0,31,,600181,28,,,0,70,,600182,28,,,0,29,,600183,28,,,0,71,,600184,28,,,0,31,,600185,28,,,0,71,,600186,28,,,0,99,,600187,28,,,0,99,,600188,28,,,0,99,,600189,28,,,0,101,,600190,28,,,0,100,,600191,28,,,0
1803,'20260605',627,,547008,28,,,0,17,,547040,28,,,0,14,,547009,28,,,0,55,,547038,28,,,0,13,,547041,28,,,0,12,,547047,28,,,0,11,,547010,28,,,0,5,,547033,28,,,0,46,,547045,28,,,0,7,,547039,28,,,0,11,,547011,28,,,0,8,,547044,28,,,0,11,,547032,28,,,0,10,,547012,28,,,0,54,,547042,28,,,0,30,,547013,28,,,0,70,,547014,28,,,0,30,,547015,28,,,0,70,,547016,28,,,0,20,,547046,28,,,0,20,,547017,28,,,0,59,,547018,28,,,0,31,,547019,28,,,0,70,,547020,28,,,0,30,,547021,28,,,0,70,,547022,28,,,0,30,,547023,28,,,0,69,,547024,28,,,0,31,,547025,28,,,0,70,,547026,28,,,0,31,,547027,28,,,0,70,,547028,28,,,0,29,,547029,28,,,0,71,,547030,28,,,0,31,,547031,28,,,0,71,,547048,28,,,0,99,,547034,28,,,0,99,,547035,28,,,0,99,,547043,28,,,0,101,,547036,28,,,0,100,,547037,28,,,0
1803,'20260606',644,,579495,28,,,0,100,,579479,28,,,0,100,,579480,28,,,0,100,,579481,28,,,0,100,,579482,28,,,0,97,,579483,28,,,0,96,,579484,28,,,0,103,,579485,28,,,0,103,,579486,28,,,0,97,,579487,28,,,0,108,,579488,28,,,0,96,,579489,28,,,0,102,,579490,28,,,0,97,,579491,28,,,0,101,,579492,28,,,0,101,,579493,28,,,0,100,,579494,28,,,0
1803,'20260607',644,,579512,28,,,0,100,,579496,28,,,0,100,,579497,28,,,0,100,,579498,28,,,0,100,,579499,28,,,0,97,,579500,28,,,0,96,,579501,28,,,0,103,,579502,28,,,0,103,,579503,28,,,0,97,,579504,28,,,0,108,,579505,28,,,0,96,,579506,28,,,0,102,,579507,28,,,0,97,,579508,28,,,0,101,,579509,28,,,0,101,,579510,28,,,0,100,,579511,28,,,0
1803,'20260608',627,,579513,28,,,0,17,,579545,28,,,0,14,,579514,28,,,0,55,,579543,28,,,0,13,,579546,28,,,0,12,,579552,28,,,0,11,,579515,28,,,0,5,,579538,28,,,0,46,,579550,28,,,0,7,,579544,28,,,0,11,,579516,28,,,0,8,,579549,28,,,0,11,,579537,28,,,0,10,,579517,28,,,0,54,,579547,28,,,0,30,,579518,28,,,0,70,,579519,28,,,0,30,,579520,28,,,0,70,,579521,28,,,0,20,,579551,28,,,0,20,,579522,28,,,0,59,,579523,28,,,0,31,,579524,28,,,0,70,,579525,28,,,0,30,,579526,28,,,0,70,,579527,28,,,0,30,,579528,28,,,0,69,,579529,28,,,0,31,,579530,28,,,0,70,,579531,28,,,0,31,,579532,28,,,0,70,,579533,28,,,0,29,,579534,28,,,0,71,,579535,28,,,0,31,,579536,28,,,0,71,,579553,28,,,0,99,,579539,28,,,0,99,,579540,28,,,0,99,,579548,28,,,0,101,,579541,28,,,0,100,,579542,28,,,0
1803,'20260609',627,,579554,28,,,0,17,,579586,28,,,0,14,,579555,28,,,0,55,,579584,28,,,0,13,,579587,28,,,0,12,,579593,28,,,0,11,,579556,28,,,0,5,,579579,28,,,0,46,,579591,28,,,0,7,,579585,28,,,0,11,,579557,28,,,0,8,,579590,28,,,0,11,,579578,28,,,0,10,,579558,28,,,0,54,,579588,28,,,0,30,,579559,28,,,0,70,,579560,28,,,0,30,,579561,28,,,0,70,,579562,28,,,0,20,,579592,28,,,0,20,,579563,28,,,0,59,,579564,28,,,0,31,,579565,28,,,0,70,,579566,28,,,0,30,,579567,28,,,0,70,,579568,28,,,0,30,,579569,28,,,0,69,,579570,28,,,0,31,,579571,28,,,0,70,,579572,28,,,0,31,,579573,28,,,0,70,,579574,28,,,0,29,,579575,28,,,0,71,,579576,28,,,0,31,,579577,28,,,0,71,,579594,28,,,0,99,,579580,28,,,0,99,,579581,28,,,0,99,,579589,28,,,0,101,,579582,28,,,0,100,,579583,28,,,0
1803,'20260610',627,,600192,28,,,0,17,,600224,28,,,0,14,,600193,28,,,0,55,,600222,28,,,0,13,,600225,28,,,0,12,,600231,28,,,0,11,,600194,28,,,0,5,,600217,28,,,0,46,,600229,28,,,0,7,,600223,28,,,0,11,,600195,28,,,0,8,,600228,28,,,0,11,,600216,28,,,0,10,,600196,28,,,0,54,,600226,28,,,0,30,,600197,28,,,0,70,,600198,28,,,0,30,,600199,28,,,0,70,,600200,28,,,0,20,,600230,28,,,0,20,,600201,28,,,0,59,,600202,28,,,0,31,,600203,28,,,0,70,,600204,28,,,0,30,,600205,28,,,0,70,,600206,28,,,0,30,,600207,28,,,0,69,,600208,28,,,0,31,,600209,28,,,0,70,,600210,28,,,0,31,,600211,28,,,0,70,,600212,28,,,0,29,,600213,28,,,0,71,,600214,28,,,0,31,,600215,28,,,0,71,,600232,28,,,0,99,,600218,28,,,0,99,,600219,28,,,0,99,,600227,28,,,0,101,,600220,28,,,0,100,,600221,28,,,0
1803,'20260611',627,,600233,28,,,0,17,,600265,28,,,0,14,,600234,28,,,0,55,,600263,28,,,0,13,,600266,28,,,0,12,,600272,28,,,0,11,,600235,28,,,0,5,,600258,28,,,0,46,,600270,28,,,0,7,,600264,28,,,0,11,,600236,28,,,0,8,,600269,28,,,0,11,,600257,28,,,0,10,,600237,28,,,0,54,,600267,28,,,0,30,,600238,28,,,0,70,,600239,28,,,0,30,,600240,28,,,0,70,,600241,28,,,0,20,,600271,28,,,0,20,,600242,28,,,0,59,,600243,28,,,0,31,,600244,28,,,0,70,,600245,28,,,0,30,,600246,28,,,0,70,,600247,28,,,0,30,,600248,28,,,0,69,,600249,28,,,0,31,,600250,28,,,0,70,,600251,28,,,0,31,,600252,28,,,0,70,,600253,28,,,0,29,,600254,28,,,0,71,,600255,28,,,0,31,,600256,28,,,0,71,,600273,28,,,0,99,,600259,28,,,0,99,,600260,28,,,0,99,,600268,28,,,0,101,,600261,28,,,0,100,,600262,28,,,0
1803,'20260612',627,,600274,28,,,0,17,,600306,28,,,0,14,,600275,28,,,0,55,,600304,28,,,0,13,,600307,28,,,0,12,,600313,28,,,0,11,,600276,28,,,0,5,,600299,28,,,0,46,,600311,28,,,0,7,,600305,28,,,0,11,,600277,28,,,0,8,,600310,28,,,0,11,,600298,28,,,0,10,,600278,28,,,0,54,,600308,28,,,0,30,,600279,28,,,0,70,,600280,28,,,0,30,,600281,28,,,0,70,,600282,28,,,0,20,,600312,28,,,0,20,,600283,28,,,0,59,,600284,28,,,0,31,,600285,28,,,0,70,,600286,28,,,0,30,,600287,28,,,0,70,,600288,28,,,0,30,,600289,28,,,0,69,,600290,28,,,0,31,,600291,28,,,0,70,,600292,28,,,0,31,,600293,28,,,0,70,,600294,28,,,0,29,,600295,28,,,0,71,,600296,28,,,0,31,,600297,28,,,0,71,,600314,28,,,0,99,,600300,28,,,0,99,,600301,28,,,0,99,,600309,28,,,0,101,,600302,28,,,0,100,,600303,28,,,0
1803,'20261511',644,,600331,28,,,0,100,,600315,28,,,0,100,,600316,28,,,0,100,,600317,28,,,0,100,,600318,28,,,0,97,,600319,28,,,0,96,,600320,28,,,0,103,,600321,28,,,0,103,,600322,28,,,0,97,,600323,28,,,0,108,,600324,28,,,0,96,,600325,28,,,0,102,,600326,28,,,0,97,,600327,28,,,0,101,,600328,28,,,0,101,,600329,28,,,0,100,,600330,28,,,0
1803,'20261611',644,,600348,28,,,0,100,,600332,28,,,0,100,,600333,28,,,0,100,,600334,28,,,0,100,,600335,28,,,0,97,,600336,28,,,0,96,,600337,28,,,0,103,,600338,28,,,0,103,,600339,28,,,0,97,,600340,28,,,0,108,,600341,28,,,0,96,,600342,28,,,0,102,,600343,28,,,0,97,,600344,28,,,0,101,,600345,28,,,0,101,,600346,28,,,0,100,,600347,28,,,0
