2200,'20260605',715,,637842,27,,,0,29,,637843,27,,,0,68,,637844,27,,,0,33,,637845,27,,,0,70,,637846,27,,,0,695,,637847,27,,,0,29,,637848,27,,,0,105,,637849,27,,,0,101,,637850,27,,,0
2200,'20260608',715,,658136,27,,,0,29,,658137,27,,,0,68,,658138,27,,,0,33,,658139,27,,,0,70,,658140,27,,,0,695,,658141,27,,,0,29,,658142,27,,,0,105,,658143,27,,,0,101,,658144,27,,,0
2200,'20260609',715,,658145,27,,,0,29,,658146,27,,,0,68,,658147,27,,,0,33,,658148,27,,,0,70,,658149,27,,,0,695,,658150,27,,,0,29,,658151,27,,,0,105,,658152,27,,,0,101,,658153,27,,,0
2200,'20260610',715,,658154,27,,,0,29,,658155,27,,,0,68,,658156,27,,,0,33,,658157,27,,,0,70,,658158,27,,,0,695,,658159,27,,,0,29,,658160,27,,,0,105,,658161,27,,,0,101,,658162,27,,,0
2200,'20260611',715,,658163,27,,,0,29,,658164,27,,,0,68,,658165,27,,,0,33,,658166,27,,,0,70,,658167,27,,,0,695,,658168,27,,,0,29,,658169,27,,,0,105,,658170,27,,,0,101,,658171,27,,,0
2200,'20260612',715,,600894,27,,,0,29,,600895,27,,,0,68,,600896,27,,,0,33,,600897,27,,,0,70,,600898,27,,,0,695,,600899,27,,,0,29,,600900,27,,,0,105,,600901,27,,,0,101,,600902,27,,,0
2200,'20260615',715,,637851,27,,,0,29,,637852,27,,,0,68,,637853,27,,,0,33,,637854,27,,,0,70,,637855,27,,,0,695,,637856,27,,,0,29,,637857,27,,,0,105,,637858,27,,,0,101,,637859,27,,,0
2200,'20260616',715,,637860,27,,,0,29,,637861,27,,,0,68,,637862,27,,,0,33,,637863,27,,,0,70,,637864,27,,,0,695,,637865,27,,,0,29,,637866,27,,,0,105,,637867,27,,,0,101,,637868,27,,,0
2200,'20260617',715,,658172,27,,,0,29,,658173,27,,,0,68,,658174,27,,,0,33,,658175,27,,,0,70,,658176,27,,,0,695,,658177,27,,,0,29,,658178,27,,,0,105,,658179,27,,,0,101,,658180,27,,,0
2200,'20260618',715,,658181,27,,,0,29,,658182,27,,,0,68,,658183,27,,,0,33,,658184,27,,,0,70,,658185,27,,,0,695,,658186,27,,,0,29,,658187,27,,,0,105,,658188,27,,,0,101,,658189,27,,,0
2200,'20260619',715,,658190,27,,,0,29,,658191,27,,,0,68,,658192,27,,,0,33,,658193,27,,,0,70,,658194,27,,,0,695,,658195,27,,,0,29,,658196,27,,,0,105,,658197,27,,,0,101,,658198,27,,,0
8000,'20260605',641,,642648,40,,,0,2,,642649,40,,,0,69,,642650,40,,,0,28,,642651,40,,,0,70,,642652,40,,,0,31,,642653,40,,,0,71,,642654,40,,,0,30,,642655,40,,,0,69,,642656,40,,,0,30,,642657,40,,,0,70,,642658,40,,,0,29,,642659,40,,,0,70,,642660,40,,,0,30,,642661,40,,,0,70,,642662,40,,,0,30,,642663,40,,,0,70,,642664,40,,,0,30,,642665,40,,,0,70,,642666,40,,,0,29,,642667,40,,,0,66,,642668,40,,,0,30,,642669,40,,,0,73,,642670,40,,,0,33,,642671,40,,,0,69,,642672,40,,,0,32,,642673,40,,,0,70,,642674,40,,,0,30,,642675,40,,,0,70,,642676,40,,,0,30,,642677,40,,,0,70,,642678,40,,,0,30,,642679,40,,,0,70,,642680,40,,,0,31,,642681,40,,,0,70,,642682,40,,,0,31,,642683,40,,,0,70,,642684,40,,,0,30,,642685,40,,,0
8000,'20260606',644,,667284,40,,,0,70,,667285,40,,,0,30,,667286,40,,,0,70,,667287,40,,,0,30,,667288,40,,,0,70,,667289,40,,,0,29,,667290,40,,,0,69,,667291,40,,,0,30,,667292,40,,,0,70,,667293,40,,,0,30,,667294,40,,,0,70,,667295,40,,,0,30,,667296,40,,,0,70,,667297,40,,,0,30,,667298,40,,,0,70,,667299,40,,,0,30,,667300,40,,,0,70,,667301,40,,,0,30,,667302,40,,,0,70,,667303,40,,,0,30,,667304,40,,,0,70,,667305,40,,,0,31,,667306,40,,,0,71,,667307,40,,,0,30,,667308,40,,,0,70,,667309,40,,,0,30,,667310,40,,,0,70,,667311,40,,,0,30,,667312,40,,,0,70,,667313,40,,,0,30,,667314,40,,,0,70,,667315,40,,,0,30,,667316,40,,,0,70,,667317,40,,,0,30,,667318,40,,,0,70,,667319,40,,,0,30,,667320,40,,,0
8000,'20260607',644,,667321,40,,,0,70,,667322,40,,,0,30,,667323,40,,,0,70,,667324,40,,,0,30,,667325,40,,,0,70,,667326,40,,,0,29,,667327,40,,,0,69,,667328,40,,,0,30,,667329,40,,,0,70,,667330,40,,,0,30,,667331,40,,,0,70,,667332,40,,,0,30,,667333,40,,,0,70,,667334,40,,,0,30,,667335,40,,,0,70,,667336,40,,,0,30,,667337,40,,,0,70,,667338,40,,,0,30,,667339,40,,,0,70,,667340,40,,,0,30,,667341,40,,,0,70,,667342,40,,,0,31,,667343,40,,,0,71,,667344,40,,,0,30,,667345,40,,,0,70,,667346,40,,,0,30,,667347,40,,,0,70,,667348,40,,,0,30,,667349,40,,,0,70,,667350,40,,,0,30,,667351,40,,,0,70,,667352,40,,,0,30,,667353,40,,,0,70,,667354,40,,,0,30,,667355,40,,,0,70,,667356,40,,,0,30,,667357,40,,,0
8000,'20260608',641,,667358,40,,,0,2,,667359,40,,,0,69,,667360,40,,,0,28,,667361,40,,,0,70,,667362,40,,,0,31,,667363,40,,,0,71,,667364,40,,,0,30,,667365,40,,,0,69,,667366,40,,,0,30,,667367,40,,,0,70,,667368,40,,,0,29,,667369,40,,,0,70,,667370,40,,,0,30,,667371,40,,,0,70,,667372,40,,,0,30,,667373,40,,,0,70,,667374,40,,,0,30,,667375,40,,,0,70,,667376,40,,,0,29,,667377,40,,,0,66,,667378,40,,,0,30,,667379,40,,,0,73,,667380,40,,,0,33,,667381,40,,,0,69,,667382,40,,,0,32,,667383,40,,,0,70,,667384,40,,,0,30,,667385,40,,,0,70,,667386,40,,,0,30,,667387,40,,,0,70,,667388,40,,,0,30,,667389,40,,,0,70,,667390,40,,,0,31,,667391,40,,,0,70,,667392,40,,,0,31,,667393,40,,,0,70,,667394,40,,,0,30,,667395,40,,,0
8000,'20260609',641,,667396,40,,,0,2,,667397,40,,,0,69,,667398,40,,,0,28,,667399,40,,,0,70,,667400,40,,,0,31,,667401,40,,,0,71,,667402,40,,,0,30,,667403,40,,,0,69,,667404,40,,,0,30,,667405,40,,,0,70,,667406,40,,,0,29,,667407,40,,,0,70,,667408,40,,,0,30,,667409,40,,,0,70,,667410,40,,,0,30,,667411,40,,,0,70,,667412,40,,,0,30,,667413,40,,,0,70,,667414,40,,,0,29,,667415,40,,,0,66,,667416,40,,,0,30,,667417,40,,,0,73,,667418,40,,,0,33,,667419,40,,,0,69,,667420,40,,,0,32,,667421,40,,,0,70,,667422,40,,,0,30,,667423,40,,,0,70,,667424,40,,,0,30,,667425,40,,,0,70,,667426,40,,,0,30,,667427,40,,,0,70,,667428,40,,,0,31,,667429,40,,,0,70,,667430,40,,,0,31,,667431,40,,,0,70,,667432,40,,,0,30,,667433,40,,,0
8000,'20260610',641,,667434,40,,,0,2,,667435,40,,,0,69,,667436,40,,,0,28,,667437,40,,,0,70,,667438,40,,,0,31,,667439,40,,,0,71,,667440,40,,,0,30,,667441,40,,,0,69,,667442,40,,,0,30,,667443,40,,,0,70,,667444,40,,,0,29,,667445,40,,,0,70,,667446,40,,,0,30,,667447,40,,,0,70,,667448,40,,,0,30,,667449,40,,,0,70,,667450,40,,,0,30,,667451,40,,,0,70,,667452,40,,,0,29,,667453,40,,,0,66,,667454,40,,,0,30,,667455,40,,,0,73,,667456,40,,,0,33,,667457,40,,,0,69,,667458,40,,,0,32,,667459,40,,,0,70,,667460,40,,,0,30,,667461,40,,,0,70,,667462,40,,,0,30,,667463,40,,,0,70,,667464,40,,,0,30,,667465,40,,,0,70,,667466,40,,,0,31,,667467,40,,,0,70,,667468,40,,,0,31,,667469,40,,,0,70,,667470,40,,,0,30,,667471,40,,,0
8000,'20260611',641,,667472,40,,,0,2,,667473,40,,,0,69,,667474,40,,,0,28,,667475,40,,,0,70,,667476,40,,,0,31,,667477,40,,,0,71,,667478,40,,,0,30,,667479,40,,,0,69,,667480,40,,,0,30,,667481,40,,,0,70,,667482,40,,,0,29,,667483,40,,,0,70,,667484,40,,,0,30,,667485,40,,,0,70,,667486,40,,,0,30,,667487,40,,,0,70,,667488,40,,,0,30,,667489,40,,,0,70,,667490,40,,,0,29,,667491,40,,,0,66,,667492,40,,,0,30,,667493,40,,,0,73,,667494,40,,,0,33,,667495,40,,,0,69,,667496,40,,,0,32,,667497,40,,,0,70,,667498,40,,,0,30,,667499,40,,,0,70,,667500,40,,,0,30,,667501,40,,,0,70,,667502,40,,,0,30,,667503,40,,,0,70,,667504,40,,,0,31,,667505,40,,,0,70,,667506,40,,,0,31,,667507,40,,,0,70,,667508,40,,,0,30,,667509,40,,,0
8000,'20260612',641,,611874,40,,,0,2,,611837,40,,,0,69,,611838,40,,,0,28,,611839,40,,,0,70,,611840,40,,,0,31,,611841,40,,,0,71,,611842,40,,,0,30,,611843,40,,,0,69,,611844,40,,,0,30,,611845,40,,,0,70,,611846,40,,,0,29,,611847,40,,,0,70,,611848,40,,,0,30,,611849,40,,,0,70,,611850,40,,,0,30,,611851,40,,,0,70,,611852,40,,,0,30,,611853,40,,,0,70,,611854,40,,,0,29,,611855,40,,,0,66,,611856,40,,,0,30,,611857,40,,,0,73,,611858,40,,,0,33,,611859,40,,,0,69,,611860,40,,,0,32,,611861,40,,,0,70,,611868,40,,,0,30,,611862,40,,,0,70,,611869,40,,,0,30,,611863,40,,,0,70,,611870,40,,,0,30,,611864,40,,,0,70,,611871,40,,,0,31,,611865,40,,,0,70,,611872,40,,,0,31,,611866,40,,,0,70,,611873,40,,,0,30,,611867,40,,,0
8000,'20260613',644,,642686,40,,,0,70,,642704,40,,,0,30,,642687,40,,,0,70,,642705,40,,,0,30,,642688,40,,,0,70,,642706,40,,,0,29,,642689,40,,,0,69,,642707,40,,,0,30,,642690,40,,,0,70,,642708,40,,,0,30,,642691,40,,,0,70,,642709,40,,,0,30,,642692,40,,,0,70,,642710,40,,,0,30,,642693,40,,,0,70,,642711,40,,,0,30,,642694,40,,,0,70,,642712,40,,,0,30,,642695,40,,,0,70,,642713,40,,,0,30,,642696,40,,,0,70,,642714,40,,,0,31,,642697,40,,,0,71,,642715,40,,,0,30,,642698,40,,,0,70,,642716,40,,,0,30,,642699,40,,,0,70,,642717,40,,,0,30,,642700,40,,,0,70,,642718,40,,,0,30,,642701,40,,,0,70,,642719,40,,,0,30,,642702,40,,,0,70,,642720,40,,,0,30,,642703,40,,,0,70,,642722,40,,,0,30,,642721,40,,,0
8000,'20260614',644,,642723,40,,,0,70,,642741,40,,,0,30,,642724,40,,,0,70,,642742,40,,,0,30,,642725,40,,,0,70,,642743,40,,,0,29,,642726,40,,,0,69,,642744,40,,,0,30,,642727,40,,,0,70,,642745,40,,,0,30,,642728,40,,,0,70,,642746,40,,,0,30,,642729,40,,,0,70,,642747,40,,,0,30,,642730,40,,,0,70,,642748,40,,,0,30,,642731,40,,,0,70,,642749,40,,,0,30,,642732,40,,,0,70,,642750,40,,,0,30,,642733,40,,,0,70,,642751,40,,,0,31,,642734,40,,,0,71,,642752,40,,,0,30,,642735,40,,,0,70,,642753,40,,,0,30,,642736,40,,,0,70,,642754,40,,,0,30,,642737,40,,,0,70,,642755,40,,,0,30,,642738,40,,,0,70,,642756,40,,,0,30,,642739,40,,,0,70,,642757,40,,,0,30,,642740,40,,,0,70,,642758,40,,,0,30,,642759,40,,,0
8000,'20260615',641,,642797,40,,,0,2,,642760,40,,,0,69,,642761,40,,,0,28,,642762,40,,,0,70,,642763,40,,,0,31,,642764,40,,,0,71,,642765,40,,,0,30,,642766,40,,,0,69,,642767,40,,,0,30,,642768,40,,,0,70,,642769,40,,,0,29,,642770,40,,,0,70,,642771,40,,,0,30,,642772,40,,,0,70,,642773,40,,,0,30,,642774,40,,,0,70,,642775,40,,,0,30,,642776,40,,,0,70,,642777,40,,,0,29,,642778,40,,,0,66,,642779,40,,,0,30,,642780,40,,,0,73,,642781,40,,,0,33,,642782,40,,,0,69,,642783,40,,,0,32,,642784,40,,,0,70,,642791,40,,,0,30,,642785,40,,,0,70,,642792,40,,,0,30,,642786,40,,,0,70,,642793,40,,,0,30,,642787,40,,,0,70,,642794,40,,,0,31,,642788,40,,,0,70,,642795,40,,,0,31,,642789,40,,,0,70,,642796,40,,,0,30,,642790,40,,,0
8000,'20260616',641,,642835,40,,,0,2,,642798,40,,,0,69,,642799,40,,,0,28,,642800,40,,,0,70,,642801,40,,,0,31,,642802,40,,,0,71,,642803,40,,,0,30,,642804,40,,,0,69,,642805,40,,,0,30,,642806,40,,,0,70,,642807,40,,,0,29,,642808,40,,,0,70,,642809,40,,,0,30,,642810,40,,,0,70,,642811,40,,,0,30,,642812,40,,,0,70,,642813,40,,,0,30,,642814,40,,,0,70,,642815,40,,,0,29,,642816,40,,,0,66,,642817,40,,,0,30,,642818,40,,,0,73,,642819,40,,,0,33,,642820,40,,,0,69,,642821,40,,,0,32,,642822,40,,,0,70,,642829,40,,,0,30,,642823,40,,,0,70,,642830,40,,,0,30,,642824,40,,,0,70,,642831,40,,,0,30,,642825,40,,,0,70,,642832,40,,,0,31,,642826,40,,,0,70,,642833,40,,,0,31,,642827,40,,,0,70,,642834,40,,,0,30,,642828,40,,,0
8000,'20260617',641,,667547,40,,,0,2,,667510,40,,,0,69,,667511,40,,,0,28,,667512,40,,,0,70,,667513,40,,,0,31,,667514,40,,,0,71,,667515,40,,,0,30,,667516,40,,,0,69,,667517,40,,,0,30,,667518,40,,,0,70,,667519,40,,,0,29,,667520,40,,,0,70,,667521,40,,,0,30,,667522,40,,,0,70,,667523,40,,,0,30,,667524,40,,,0,70,,667525,40,,,0,30,,667526,40,,,0,70,,667527,40,,,0,29,,667528,40,,,0,66,,667529,40,,,0,30,,667530,40,,,0,73,,667531,40,,,0,33,,667532,40,,,0,69,,667533,40,,,0,32,,667534,40,,,0,70,,667541,40,,,0,30,,667535,40,,,0,70,,667542,40,,,0,30,,667536,40,,,0,70,,667543,40,,,0,30,,667537,40,,,0,70,,667544,40,,,0,31,,667538,40,,,0,70,,667545,40,,,0,31,,667539,40,,,0,70,,667546,40,,,0,30,,667540,40,,,0
8000,'20260618',641,,667585,40,,,0,2,,667548,40,,,0,69,,667549,40,,,0,28,,667550,40,,,0,70,,667551,40,,,0,31,,667552,40,,,0,71,,667553,40,,,0,30,,667554,40,,,0,69,,667555,40,,,0,30,,667556,40,,,0,70,,667557,40,,,0,29,,667558,40,,,0,70,,667559,40,,,0,30,,667560,40,,,0,70,,667561,40,,,0,30,,667562,40,,,0,70,,667563,40,,,0,30,,667564,40,,,0,70,,667565,40,,,0,29,,667566,40,,,0,66,,667567,40,,,0,30,,667568,40,,,0,73,,667569,40,,,0,33,,667570,40,,,0,69,,667571,40,,,0,32,,667572,40,,,0,70,,667579,40,,,0,30,,667573,40,,,0,70,,667580,40,,,0,30,,667574,40,,,0,70,,667581,40,,,0,30,,667575,40,,,0,70,,667582,40,,,0,31,,667576,40,,,0,70,,667583,40,,,0,31,,667577,40,,,0,70,,667584,40,,,0,30,,667578,40,,,0
8000,'20260619',641,,667623,40,,,0,2,,667586,40,,,0,69,,667587,40,,,0,28,,667588,40,,,0,70,,667589,40,,,0,31,,667590,40,,,0,71,,667591,40,,,0,30,,667592,40,,,0,69,,667593,40,,,0,30,,667594,40,,,0,70,,667595,40,,,0,29,,667596,40,,,0,70,,667597,40,,,0,30,,667598,40,,,0,70,,667599,40,,,0,30,,667600,40,,,0,70,,667601,40,,,0,30,,667602,40,,,0,70,,667603,40,,,0,29,,667604,40,,,0,66,,667605,40,,,0,30,,667606,40,,,0,73,,667607,40,,,0,33,,667608,40,,,0,69,,667609,40,,,0,32,,667610,40,,,0,70,,667617,40,,,0,30,,667611,40,,,0,70,,667618,40,,,0,30,,667612,40,,,0,70,,667619,40,,,0,30,,667613,40,,,0,70,,667620,40,,,0,31,,667614,40,,,0,70,,667621,40,,,0,31,,667615,40,,,0,70,,667622,40,,,0,30,,667616,40,,,0
38000,'20260605',1223,,646070,17,4,,0,406,,646071,17,4,,0,103,,646072,17,4,,0,110,,646073,17,4,,0
38000,'20260608',1223,,674255,17,4,,0,406,,674256,17,4,,0,103,,674257,17,4,,0,110,,674258,17,4,,0
38000,'20260609',1223,,674259,17,4,,0,406,,674260,17,4,,0,103,,674261,17,4,,0,110,,674262,17,4,,0
38000,'20260610',1223,,674263,17,4,,0,406,,674264,17,4,,0,103,,674265,17,4,,0,110,,674266,17,4,,0
38000,'20260611',1223,,674267,17,4,,0,406,,674268,17,4,,0,103,,674269,17,4,,0,110,,674270,17,4,,0
38000,'20260612',1223,,619297,17,4,,0,406,,619294,17,4,,0,103,,619295,17,4,,0,110,,619296,17,4,,0
38000,'20260615',1223,,646077,17,4,,0,406,,646074,17,4,,0,103,,646075,17,4,,0,110,,646076,17,4,,0
38000,'20260616',1223,,646081,17,4,,0,406,,646078,17,4,,0,103,,646079,17,4,,0,110,,646080,17,4,,0
38000,'20260617',1223,,674274,17,4,,0,406,,674271,17,4,,0,103,,674272,17,4,,0,110,,674273,17,4,,0
38000,'20260618',1223,,674278,17,4,,0,406,,674275,17,4,,0,103,,674276,17,4,,0,110,,674277,17,4,,0
38000,'20260619',1223,,674282,17,4,,0,406,,674279,17,4,,0,103,,674280,17,4,,0,110,,674281,17,4,,0
58000,'20260605',1604,,646409,15,4,,0,32,,646410,15,4,,0,22,,646411,15,4,,0,77,,646412,15,4,,0
58000,'20260608',1604,,675120,15,4,,0,32,,675121,15,4,,0,22,,675122,15,4,,0,77,,675123,15,4,,0
58000,'20260609',1604,,675124,15,4,,0,32,,675125,15,4,,0,22,,675126,15,4,,0,77,,675127,15,4,,0
58000,'20260610',1604,,675128,15,4,,0,32,,675129,15,4,,0,22,,675130,15,4,,0,77,,675131,15,4,,0
58000,'20260611',1604,,675132,15,4,,0,32,,675133,15,4,,0,22,,675134,15,4,,0,77,,675135,15,4,,0
58000,'20260612',1604,,620239,15,4,,0,32,,620238,15,4,,0,22,,620237,15,4,,0,77,,620240,15,4,,0
58000,'20260615',1604,,646415,15,4,,0,32,,646414,15,4,,0,22,,646413,15,4,,0,77,,646416,15,4,,0
58000,'20260616',1604,,646419,15,4,,0,32,,646418,15,4,,0,22,,646417,15,4,,0,77,,646420,15,4,,0
58000,'20260617',1604,,675138,15,4,,0,32,,675137,15,4,,0,22,,675136,15,4,,0,77,,675139,15,4,,0
58000,'20260618',1604,,675142,15,4,,0,32,,675141,15,4,,0,22,,675140,15,4,,0,77,,675143,15,4,,0
58000,'20260619',1604,,675146,15,4,,0,32,,675145,15,4,,0,22,,675144,15,4,,0,77,,675147,15,4,,0
98000,'20260605',2553,,653035,42,,,0
98000,'20260606',2553,,687612,42,,,0
98000,'20260612',2553,,634958,42,,,0
98000,'20260613',2553,,653036,42,,,0
98000,'20260619',2553,,687613,42,,,0
7008000,'20260608',835,,687836,14,,,0
7008000,'20260609',835,,687837,14,,,0
7008000,'20260610',835,,687838,14,,,0
7008000,'20260611',835,,687839,14,,,0
7008000,'20260612',835,,635193,14,,,0
7008000,'20260615',835,,653126,14,,,0
7008000,'20260616',835,,653127,14,,,0
7008000,'20260617',835,,687840,14,,,0
7008000,'20260618',835,,687841,14,,,0
7008000,'20260619',835,,687842,14,,,0
