3601,'20260507',643,,391370,70,,,0,70,,391371,70,,,0,31,,391372,70,,,0,70,,391373,70,,,0,29,,391374,70,,,0,100,,391375,70,,,0,100,,391376,70,,,0,100,,391377,70,,,0,100,,391378,70,,,0,100,,391379,70,,,0,100,,391380,70,,,0,100,,391381,70,,,0,100,,391382,70,,,0,100,,391383,70,,,0,100,,391384,70,,,0,99,,391385,70,,,0,100,,391386,70,,,0,99,,391387,70,,,0,100,,391388,70,,,0,100,,391389,70,,,0
3601,'20260508',643,,425531,70,,,0,70,,425532,70,,,0,31,,425533,70,,,0,70,,425534,70,,,0,29,,425535,70,,,0,100,,425536,70,,,0,100,,425537,70,,,0,100,,425538,70,,,0,100,,425539,70,,,0,100,,425540,70,,,0,100,,425541,70,,,0,100,,425542,70,,,0,100,,425543,70,,,0,100,,425544,70,,,0,100,,425545,70,,,0,99,,425546,70,,,0,100,,425547,70,,,0,99,,425548,70,,,0,100,,425549,70,,,0,100,,425550,70,,,0
3601,'20260509',642,,443120,70,,,0,100,,443121,70,,,0,100,,443122,70,,,0,100,,443123,70,,,0,100,,443124,70,,,0,100,,443125,70,,,0,100,,443126,70,,,0,100,,443127,70,,,0,100,,443128,70,,,0,100,,443129,70,,,0,100,,443130,70,,,0,100,,443131,70,,,0,100,,443132,70,,,0,100,,443133,70,,,0,100,,443134,70,,,0,100,,443135,70,,,0,100,,443136,70,,,0,100,,443137,70,,,0
3601,'20260510',642,,443138,70,,,0,100,,443139,70,,,0,100,,443140,70,,,0,100,,443141,70,,,0,100,,443142,70,,,0,100,,443143,70,,,0,100,,443144,70,,,0,100,,443145,70,,,0,100,,443146,70,,,0,100,,443147,70,,,0,100,,443148,70,,,0,100,,443149,70,,,0,100,,443150,70,,,0,100,,443151,70,,,0,100,,443152,70,,,0,100,,443153,70,,,0,100,,443154,70,,,0,100,,443155,70,,,0
3601,'20260511',643,,443156,70,,,0,70,,443157,70,,,0,31,,443158,70,,,0,70,,443159,70,,,0,29,,443160,70,,,0,100,,443161,70,,,0,100,,443162,70,,,0,100,,443163,70,,,0,100,,443164,70,,,0,100,,443165,70,,,0,100,,443166,70,,,0,100,,443167,70,,,0,100,,443168,70,,,0,100,,443169,70,,,0,100,,443170,70,,,0,99,,443171,70,,,0,100,,443172,70,,,0,99,,443173,70,,,0,100,,443174,70,,,0,100,,443175,70,,,0
3601,'20260512',643,,443176,70,,,0,70,,443177,70,,,0,31,,443178,70,,,0,70,,443179,70,,,0,29,,443180,70,,,0,100,,443181,70,,,0,100,,443182,70,,,0,100,,443183,70,,,0,100,,443184,70,,,0,100,,443185,70,,,0,100,,443186,70,,,0,100,,443187,70,,,0,100,,443188,70,,,0,100,,443189,70,,,0,100,,443190,70,,,0,99,,443191,70,,,0,100,,443192,70,,,0,99,,443193,70,,,0,100,,443194,70,,,0,100,,443195,70,,,0
3601,'20260513',643,,391410,70,,,0,70,,391411,70,,,0,31,,391412,70,,,0,70,,391413,70,,,0,29,,391414,70,,,0,100,,391415,70,,,0,100,,391416,70,,,0,100,,391417,70,,,0,100,,391418,70,,,0,100,,391419,70,,,0,100,,391420,70,,,0,100,,391421,70,,,0,100,,391422,70,,,0,100,,391423,70,,,0,100,,391424,70,,,0,99,,391425,70,,,0,100,,391426,70,,,0,99,,391427,70,,,0,100,,391429,70,,,0,100,,391428,70,,,0
3601,'20260514',643,,391430,70,,,0,70,,391431,70,,,0,31,,391432,70,,,0,70,,391433,70,,,0,29,,391434,70,,,0,100,,391435,70,,,0,100,,391436,70,,,0,100,,391437,70,,,0,100,,391438,70,,,0,100,,391439,70,,,0,100,,391440,70,,,0,100,,391441,70,,,0,100,,391442,70,,,0,100,,391443,70,,,0,100,,391444,70,,,0,99,,391445,70,,,0,100,,391446,70,,,0,99,,391447,70,,,0,100,,391449,70,,,0,100,,391448,70,,,0
3601,'20260515',643,,391450,70,,,0,70,,391451,70,,,0,31,,391452,70,,,0,70,,391453,70,,,0,29,,391454,70,,,0,100,,391455,70,,,0,100,,391456,70,,,0,100,,391457,70,,,0,100,,391458,70,,,0,100,,391459,70,,,0,100,,391460,70,,,0,100,,391461,70,,,0,100,,391462,70,,,0,100,,391463,70,,,0,100,,391464,70,,,0,99,,391465,70,,,0,100,,391466,70,,,0,99,,391467,70,,,0,100,,391469,70,,,0,100,,391468,70,,,0
3601,'20260516',642,,425568,70,,,0,100,,425551,70,,,0,100,,425552,70,,,0,100,,425553,70,,,0,100,,425554,70,,,0,100,,425555,70,,,0,100,,425556,70,,,0,100,,425557,70,,,0,100,,425558,70,,,0,100,,425559,70,,,0,100,,425560,70,,,0,100,,425561,70,,,0,100,,425562,70,,,0,100,,425563,70,,,0,100,,425567,70,,,0,100,,425564,70,,,0,100,,425566,70,,,0,100,,425565,70,,,0
3601,'20260517',642,,425586,70,,,0,100,,425579,70,,,0,100,,425584,70,,,0,100,,425578,70,,,0,100,,425577,70,,,0,100,,425576,70,,,0,100,,425575,70,,,0,100,,425574,70,,,0,100,,425573,70,,,0,100,,425572,70,,,0,100,,425571,70,,,0,100,,425570,70,,,0,100,,425569,70,,,0,100,,425583,70,,,0,100,,425585,70,,,0,100,,425582,70,,,0,100,,425581,70,,,0,100,,425580,70,,,0
3601,'20260518',642,,425604,70,,,0,100,,425597,70,,,0,100,,425602,70,,,0,100,,425596,70,,,0,100,,425595,70,,,0,100,,425594,70,,,0,100,,425593,70,,,0,100,,425592,70,,,0,100,,425591,70,,,0,100,,425590,70,,,0,100,,425589,70,,,0,100,,425588,70,,,0,100,,425587,70,,,0,100,,425601,70,,,0,100,,425603,70,,,0,100,,425600,70,,,0,100,,425599,70,,,0,100,,425598,70,,,0
3601,'20260519',643,,425605,70,,,0,70,,425606,70,,,0,31,,425607,70,,,0,70,,425608,70,,,0,29,,425609,70,,,0,100,,425610,70,,,0,100,,425611,70,,,0,100,,425612,70,,,0,100,,425613,70,,,0,100,,425614,70,,,0,100,,425615,70,,,0,100,,425616,70,,,0,100,,425617,70,,,0,100,,425618,70,,,0,100,,425619,70,,,0,99,,425620,70,,,0,100,,425621,70,,,0,99,,425622,70,,,0,100,,425624,70,,,0,100,,425623,70,,,0
3601,'20260520',643,,443196,70,,,0,70,,443197,70,,,0,31,,443198,70,,,0,70,,443199,70,,,0,29,,443200,70,,,0,100,,443201,70,,,0,100,,443202,70,,,0,100,,443203,70,,,0,100,,443204,70,,,0,100,,443205,70,,,0,100,,443206,70,,,0,100,,443207,70,,,0,100,,443208,70,,,0,100,,443209,70,,,0,100,,443210,70,,,0,99,,443211,70,,,0,100,,443212,70,,,0,99,,443213,70,,,0,100,,443215,70,,,0,100,,443214,70,,,0
3601,'20260521',643,,443216,70,,,0,70,,443217,70,,,0,31,,443218,70,,,0,70,,443219,70,,,0,29,,443220,70,,,0,100,,443221,70,,,0,100,,443222,70,,,0,100,,443223,70,,,0,100,,443224,70,,,0,100,,443225,70,,,0,100,,443226,70,,,0,100,,443227,70,,,0,100,,443228,70,,,0,100,,443229,70,,,0,100,,443230,70,,,0,99,,443231,70,,,0,100,,443232,70,,,0,99,,443233,70,,,0,100,,443235,70,,,0,100,,443234,70,,,0
6102,'20260507',626,,395583,25,,,1,31,,395584,25,,,1,71,,395585,25,,,1,30,,395586,25,,,1,70,,395587,25,,,1,72,,395588,25,,,1,30,,395589,25,,,1,70,,395590,25,,,1,31,,395591,25,,,1,71,,395592,25,,,1,30,,395593,25,,,1,71,,395594,25,,,1,30,,395595,25,,,1,71,,395596,25,,,1,30,,395597,25,,,1,70,,395598,25,,,1,30,,395599,25,,,1,70,,395600,25,,,1,30,,395601,25,,,1,71,,395602,25,,,1,32,,395603,25,,,1,69,,395604,25,,,1,29,,395605,25,,,1,66,,395606,25,,,1,30,,395607,25,,,1,100,,395608,25,,,1,100,,395609,25,,,1,100,,395610,25,,,1,69,,395611,25,,,1,27,,395612,25,,,1,99,,395613,25,,,1
6102,'20260508',626,,427410,25,,,1,31,,427411,25,,,1,71,,427412,25,,,1,30,,427413,25,,,1,70,,427414,25,,,1,72,,427415,25,,,1,30,,427416,25,,,1,70,,427417,25,,,1,31,,427418,25,,,1,71,,427419,25,,,1,30,,427420,25,,,1,71,,427421,25,,,1,30,,427422,25,,,1,71,,427423,25,,,1,30,,427424,25,,,1,70,,427425,25,,,1,30,,427426,25,,,1,70,,427427,25,,,1,30,,427428,25,,,1,71,,427429,25,,,1,32,,427430,25,,,1,69,,427431,25,,,1,29,,427432,25,,,1,66,,427433,25,,,1,30,,427434,25,,,1,100,,427435,25,,,1,100,,427436,25,,,1,100,,427437,25,,,1,69,,427438,25,,,1,27,,427439,25,,,1,99,,427440,25,,,1
6102,'20260509',725,,445538,25,,,1,100,,445539,25,,,1,33,,445540,25,,,1,70,,445541,25,,,1,102,,445542,25,,,1,101,,445543,25,,,1,70,,445544,25,,,1,30,,445545,25,,,1,71,,445546,25,,,1,31,,445547,25,,,1,70,,445548,25,,,1,30,,445549,25,,,1,70,,445550,25,,,1,30,,445551,25,,,1,70,,445552,25,,,1,30,,445553,25,,,1,70,,445554,25,,,1,30,,445555,25,,,1,69,,445556,25,,,1,28,,445557,25,,,1,100,,445558,25,,,1,98,,445559,25,,,1,100,,445560,25,,,1,98,,445561,25,,,1,100,,445562,25,,,1
6102,'20260510',725,,445563,25,,,1,100,,445564,25,,,1,33,,445565,25,,,1,70,,445566,25,,,1,102,,445567,25,,,1,101,,445568,25,,,1,70,,445569,25,,,1,30,,445570,25,,,1,71,,445571,25,,,1,31,,445572,25,,,1,70,,445573,25,,,1,30,,445574,25,,,1,70,,445575,25,,,1,30,,445576,25,,,1,70,,445577,25,,,1,30,,445578,25,,,1,70,,445579,25,,,1,30,,445580,25,,,1,69,,445581,25,,,1,28,,445582,25,,,1,100,,445583,25,,,1,98,,445584,25,,,1,100,,445585,25,,,1,98,,445586,25,,,1,100,,445587,25,,,1
6102,'20260511',626,,445588,25,,,1,31,,445589,25,,,1,71,,445590,25,,,1,30,,445591,25,,,1,70,,445592,25,,,1,72,,445593,25,,,1,30,,445594,25,,,1,70,,445595,25,,,1,31,,445596,25,,,1,71,,445597,25,,,1,30,,445598,25,,,1,71,,445599,25,,,1,30,,445600,25,,,1,71,,445601,25,,,1,30,,445602,25,,,1,70,,445603,25,,,1,30,,445604,25,,,1,70,,445605,25,,,1,30,,445606,25,,,1,71,,445607,25,,,1,32,,445608,25,,,1,69,,445609,25,,,1,29,,445610,25,,,1,66,,445611,25,,,1,30,,445612,25,,,1,100,,445613,25,,,1,100,,445614,25,,,1,100,,445615,25,,,1,69,,445616,25,,,1,27,,445617,25,,,1,99,,445618,25,,,1
6102,'20260512',626,,445619,25,,,1,31,,445620,25,,,1,71,,445621,25,,,1,30,,445622,25,,,1,70,,445623,25,,,1,72,,445624,25,,,1,30,,445625,25,,,1,70,,445626,25,,,1,31,,445627,25,,,1,71,,445628,25,,,1,30,,445629,25,,,1,71,,445630,25,,,1,30,,445631,25,,,1,71,,445632,25,,,1,30,,445633,25,,,1,70,,445634,25,,,1,30,,445635,25,,,1,70,,445636,25,,,1,30,,445637,25,,,1,71,,445638,25,,,1,32,,445639,25,,,1,69,,445640,25,,,1,29,,445641,25,,,1,66,,445642,25,,,1,30,,445643,25,,,1,100,,445644,25,,,1,100,,445645,25,,,1,100,,445646,25,,,1,69,,445647,25,,,1,27,,445648,25,,,1,99,,445649,25,,,1
6102,'20260513',626,,395645,25,,,1,31,,395646,25,,,1,71,,395647,25,,,1,30,,395648,25,,,1,70,,395649,25,,,1,72,,395650,25,,,1,30,,395651,25,,,1,70,,395669,25,,,1,31,,395652,25,,,1,71,,395670,25,,,1,30,,395653,25,,,1,71,,395671,25,,,1,30,,395654,25,,,1,71,,395672,25,,,1,30,,395655,25,,,1,70,,395673,25,,,1,30,,395656,25,,,1,70,,395674,25,,,1,30,,395657,25,,,1,71,,395675,25,,,1,32,,395658,25,,,1,69,,395659,25,,,1,29,,395660,25,,,1,66,,395661,25,,,1,30,,395662,25,,,1,100,,395663,25,,,1,100,,395664,25,,,1,100,,395665,25,,,1,69,,395668,25,,,1,27,,395666,25,,,1,99,,395667,25,,,1
6102,'20260514',626,,395676,25,,,1,31,,395677,25,,,1,71,,395678,25,,,1,30,,395679,25,,,1,70,,395680,25,,,1,72,,395681,25,,,1,30,,395682,25,,,1,70,,395700,25,,,1,31,,395683,25,,,1,71,,395701,25,,,1,30,,395684,25,,,1,71,,395702,25,,,1,30,,395685,25,,,1,71,,395703,25,,,1,30,,395686,25,,,1,70,,395704,25,,,1,30,,395687,25,,,1,70,,395705,25,,,1,30,,395688,25,,,1,71,,395706,25,,,1,32,,395689,25,,,1,69,,395690,25,,,1,29,,395691,25,,,1,66,,395692,25,,,1,30,,395693,25,,,1,100,,395694,25,,,1,100,,395695,25,,,1,100,,395696,25,,,1,69,,395699,25,,,1,27,,395697,25,,,1,99,,395698,25,,,1
6102,'20260515',626,,395707,25,,,1,31,,395708,25,,,1,71,,395709,25,,,1,30,,395710,25,,,1,70,,395711,25,,,1,72,,395712,25,,,1,30,,395713,25,,,1,70,,395731,25,,,1,31,,395714,25,,,1,71,,395732,25,,,1,30,,395715,25,,,1,71,,395733,25,,,1,30,,395716,25,,,1,71,,395734,25,,,1,30,,395717,25,,,1,70,,395735,25,,,1,30,,395718,25,,,1,70,,395736,25,,,1,30,,395719,25,,,1,71,,395737,25,,,1,32,,395720,25,,,1,69,,395721,25,,,1,29,,395722,25,,,1,66,,395723,25,,,1,30,,395724,25,,,1,100,,395725,25,,,1,100,,395726,25,,,1,100,,395727,25,,,1,69,,395730,25,,,1,27,,395728,25,,,1,99,,395729,25,,,1
6102,'20260516',725,,427441,25,,,1,100,,427442,25,,,1,33,,427458,25,,,1,70,,427443,25,,,1,102,,427444,25,,,1,101,,427445,25,,,1,70,,427459,25,,,1,30,,427446,25,,,1,71,,427460,25,,,1,31,,427447,25,,,1,70,,427461,25,,,1,30,,427448,25,,,1,70,,427462,25,,,1,30,,427449,25,,,1,70,,427463,25,,,1,30,,427450,25,,,1,70,,427464,25,,,1,30,,427451,25,,,1,69,,427465,25,,,1,28,,427452,25,,,1,100,,427453,25,,,1,98,,427454,25,,,1,100,,427455,25,,,1,98,,427456,25,,,1,100,,427457,25,,,1
6102,'20260517',725,,427466,25,,,1,100,,427467,25,,,1,33,,427483,25,,,1,70,,427468,25,,,1,102,,427469,25,,,1,101,,427470,25,,,1,70,,427484,25,,,1,30,,427471,25,,,1,71,,427485,25,,,1,31,,427472,25,,,1,70,,427486,25,,,1,30,,427473,25,,,1,70,,427487,25,,,1,30,,427474,25,,,1,70,,427488,25,,,1,30,,427475,25,,,1,70,,427489,25,,,1,30,,427476,25,,,1,69,,427490,25,,,1,28,,427477,25,,,1,100,,427478,25,,,1,98,,427479,25,,,1,100,,427480,25,,,1,98,,427481,25,,,1,100,,427482,25,,,1
6102,'20260518',725,,427491,25,,,1,100,,427492,25,,,1,33,,427508,25,,,1,70,,427493,25,,,1,102,,427494,25,,,1,101,,427495,25,,,1,70,,427509,25,,,1,30,,427496,25,,,1,71,,427510,25,,,1,31,,427497,25,,,1,70,,427511,25,,,1,30,,427498,25,,,1,70,,427512,25,,,1,30,,427499,25,,,1,70,,427513,25,,,1,30,,427500,25,,,1,70,,427514,25,,,1,30,,427501,25,,,1,69,,427515,25,,,1,28,,427502,25,,,1,100,,427503,25,,,1,98,,427504,25,,,1,100,,427505,25,,,1,98,,427506,25,,,1,100,,427507,25,,,1
6102,'20260519',626,,427516,25,,,1,31,,427517,25,,,1,71,,427518,25,,,1,30,,427519,25,,,1,70,,427520,25,,,1,72,,427521,25,,,1,30,,427522,25,,,1,70,,427540,25,,,1,31,,427523,25,,,1,71,,427541,25,,,1,30,,427524,25,,,1,71,,427542,25,,,1,30,,427525,25,,,1,71,,427543,25,,,1,30,,427526,25,,,1,70,,427544,25,,,1,30,,427527,25,,,1,70,,427545,25,,,1,30,,427528,25,,,1,71,,427546,25,,,1,32,,427529,25,,,1,69,,427530,25,,,1,29,,427531,25,,,1,66,,427532,25,,,1,30,,427533,25,,,1,100,,427534,25,,,1,100,,427535,25,,,1,100,,427536,25,,,1,69,,427539,25,,,1,27,,427537,25,,,1,99,,427538,25,,,1
6102,'20260520',626,,445650,25,,,1,31,,445651,25,,,1,71,,445652,25,,,1,30,,445653,25,,,1,70,,445654,25,,,1,72,,445655,25,,,1,30,,445656,25,,,1,70,,445674,25,,,1,31,,445657,25,,,1,71,,445675,25,,,1,30,,445658,25,,,1,71,,445676,25,,,1,30,,445659,25,,,1,71,,445677,25,,,1,30,,445660,25,,,1,70,,445678,25,,,1,30,,445661,25,,,1,70,,445679,25,,,1,30,,445662,25,,,1,71,,445680,25,,,1,32,,445663,25,,,1,69,,445664,25,,,1,29,,445665,25,,,1,66,,445666,25,,,1,30,,445667,25,,,1,100,,445668,25,,,1,100,,445669,25,,,1,100,,445670,25,,,1,69,,445673,25,,,1,27,,445671,25,,,1,99,,445672,25,,,1
6102,'20260521',626,,445681,25,,,1,31,,445682,25,,,1,71,,445683,25,,,1,30,,445684,25,,,1,70,,445685,25,,,1,72,,445686,25,,,1,30,,445687,25,,,1,70,,445705,25,,,1,31,,445688,25,,,1,71,,445706,25,,,1,30,,445689,25,,,1,71,,445707,25,,,1,30,,445690,25,,,1,71,,445708,25,,,1,30,,445691,25,,,1,70,,445709,25,,,1,30,,445692,25,,,1,70,,445710,25,,,1,30,,445693,25,,,1,71,,445711,25,,,1,32,,445694,25,,,1,69,,445695,25,,,1,29,,445696,25,,,1,66,,445697,25,,,1,30,,445698,25,,,1,100,,445699,25,,,1,100,,445700,25,,,1,100,,445701,25,,,1,69,,445704,25,,,1,27,,445702,25,,,1,99,,445703,25,,,1
13301,'20260507',632,,404067,23,,,0,70,,404068,23,,,0,15,,404069,23,,,0,20,,404070,23,,,0,14,,404071,23,,,0,66,,404072,23,,,0,22,,404073,23,,,0
13301,'20260508',632,,431284,23,,,0,70,,431285,23,,,0,15,,431286,23,,,0,20,,431287,23,,,0,14,,431288,23,,,0,66,,431289,23,,,0,22,,431290,23,,,0
13301,'20260511',632,,450532,23,,,0,70,,450533,23,,,0,15,,450534,23,,,0,20,,450535,23,,,0,14,,450536,23,,,0,66,,450537,23,,,0,22,,450538,23,,,0
13301,'20260512',632,,450539,23,,,0,70,,450540,23,,,0,15,,450541,23,,,0,20,,450542,23,,,0,14,,450543,23,,,0,66,,450544,23,,,0,22,,450545,23,,,0
13301,'20260513',632,,404087,23,,,0,70,,404081,23,,,0,15,,404082,23,,,0,20,,404085,23,,,0,14,,404084,23,,,0,66,,404083,23,,,0,22,,404086,23,,,0
13301,'20260514',632,,404094,23,,,0,70,,404088,23,,,0,15,,404089,23,,,0,20,,404092,23,,,0,14,,404091,23,,,0,66,,404090,23,,,0,22,,404093,23,,,0
13301,'20260515',632,,404101,23,,,0,70,,404095,23,,,0,15,,404096,23,,,0,20,,404099,23,,,0,14,,404098,23,,,0,66,,404097,23,,,0,22,,404100,23,,,0
13301,'20260519',632,,431297,23,,,0,70,,431291,23,,,0,15,,431292,23,,,0,20,,431295,23,,,0,14,,431294,23,,,0,66,,431293,23,,,0,22,,431296,23,,,0
13301,'20260520',632,,450552,23,,,0,70,,450546,23,,,0,15,,450547,23,,,0,20,,450550,23,,,0,14,,450549,23,,,0,66,,450548,23,,,0,22,,450551,23,,,0
13301,'20260521',632,,450559,23,,,0,70,,450553,23,,,0,15,,450554,23,,,0,20,,450557,23,,,0,14,,450556,23,,,0,66,,450555,23,,,0,22,,450558,23,,,0
13601,'20260507',651,,404168,26,,,0,51,,404169,26,,,0,17,,404170,26,,,0,17,,404171,26,,,0,16,,404172,26,,,0,68,,404173,26,,,0
13601,'20260508',651,,431310,26,,,0,51,,431311,26,,,0,17,,431312,26,,,0,17,,431313,26,,,0,16,,431314,26,,,0,68,,431315,26,,,0
13601,'20260511',651,,450584,26,,,0,51,,450585,26,,,0,17,,450586,26,,,0,17,,450587,26,,,0,16,,450588,26,,,0,68,,450589,26,,,0
13601,'20260512',651,,450590,26,,,0,51,,450591,26,,,0,17,,450592,26,,,0,17,,450593,26,,,0,16,,450594,26,,,0,68,,450595,26,,,0
13601,'20260513',651,,404180,26,,,0,51,,404181,26,,,0,17,,404182,26,,,0,17,,404183,26,,,0,16,,404184,26,,,0,68,,404185,26,,,0
13601,'20260514',651,,404186,26,,,0,51,,404187,26,,,0,17,,404188,26,,,0,17,,404189,26,,,0,16,,404190,26,,,0,68,,404191,26,,,0
13601,'20260515',651,,404192,26,,,0,51,,404193,26,,,0,17,,404194,26,,,0,17,,404195,26,,,0,16,,404196,26,,,0,68,,404197,26,,,0
13601,'20260519',651,,431316,26,,,0,51,,431317,26,,,0,17,,431318,26,,,0,17,,431319,26,,,0,16,,431320,26,,,0,68,,431321,26,,,0
13601,'20260520',651,,450596,26,,,0,51,,450597,26,,,0,17,,450598,26,,,0,17,,450599,26,,,0,16,,450600,26,,,0,68,,450601,26,,,0
13601,'20260521',651,,450602,26,,,0,51,,450603,26,,,0,17,,450604,26,,,0,17,,450605,26,,,0,16,,450606,26,,,0,68,,450607,26,,,0
