9202,'20260703',552,,853644,31,,,0,100,,853645,31,,,0,71,,853646,31,,,0,34,,853647,31,,,0,69,,853648,31,,,0,30,,853649,31,,,0,99,,853650,31,,,0,101,,853651,31,,,0,99,,853652,31,,,0,101,,853653,31,,,0,100,,853654,31,,,0,100,,853655,31,,,0,97,,853656,31,,,0,147,,853657,31,,,0,100,,853658,31,,,0,58,,853659,31,,,0,98,,853660,31,,,0,99,,853661,31,,,0,99,,853662,31,,,0,98,,853663,31,,,0
9202,'20260704',608,,880826,31,,,0,100,,880827,31,,,0,101,,880828,31,,,0,101,,880829,31,,,0,100,,880830,31,,,0,102,,880831,31,,,0,100,,880832,31,,,0,100,,880833,31,,,0,100,,880834,31,,,0,100,,880835,31,,,0,100,,880836,31,,,0,101,,880837,31,,,0,101,,880838,31,,,0,96,,880839,31,,,0,99,,880840,31,,,0,100,,880841,31,,,0,99,,880842,31,,,0
9202,'20260705',608,,880843,31,,,0,100,,880844,31,,,0,101,,880845,31,,,0,101,,880846,31,,,0,100,,880847,31,,,0,102,,880848,31,,,0,100,,880849,31,,,0,100,,880850,31,,,0,100,,880851,31,,,0,100,,880852,31,,,0,100,,880853,31,,,0,101,,880854,31,,,0,101,,880855,31,,,0,96,,880856,31,,,0,99,,880857,31,,,0,100,,880858,31,,,0,99,,880859,31,,,0
9202,'20260706',552,,880860,31,,,0,100,,880861,31,,,0,71,,880862,31,,,0,34,,880863,31,,,0,69,,880864,31,,,0,30,,880865,31,,,0,99,,880866,31,,,0,101,,880867,31,,,0,99,,880868,31,,,0,101,,880869,31,,,0,100,,880870,31,,,0,100,,880871,31,,,0,97,,880872,31,,,0,147,,880873,31,,,0,100,,880874,31,,,0,58,,880875,31,,,0,98,,880876,31,,,0,99,,880877,31,,,0,99,,880878,31,,,0,98,,880879,31,,,0
9202,'20260707',552,,880880,31,,,0,100,,880881,31,,,0,71,,880882,31,,,0,34,,880883,31,,,0,69,,880884,31,,,0,30,,880885,31,,,0,99,,880886,31,,,0,101,,880887,31,,,0,99,,880888,31,,,0,101,,880889,31,,,0,100,,880890,31,,,0,100,,880891,31,,,0,97,,880892,31,,,0,147,,880893,31,,,0,100,,880894,31,,,0,58,,880895,31,,,0,98,,880896,31,,,0,99,,880897,31,,,0,99,,880898,31,,,0,98,,880899,31,,,0
9202,'20260708',552,,880900,31,,,0,100,,880901,31,,,0,71,,880902,31,,,0,34,,880903,31,,,0,69,,880904,31,,,0,30,,880905,31,,,0,99,,880906,31,,,0,101,,880907,31,,,0,99,,880908,31,,,0,101,,880909,31,,,0,100,,880910,31,,,0,100,,880911,31,,,0,97,,880912,31,,,0,147,,880913,31,,,0,100,,880914,31,,,0,58,,880915,31,,,0,98,,880916,31,,,0,99,,880917,31,,,0,99,,880918,31,,,0,98,,880919,31,,,0
9202,'20260709',552,,880920,31,,,0,100,,880921,31,,,0,71,,880922,31,,,0,34,,880923,31,,,0,69,,880924,31,,,0,30,,880925,31,,,0,99,,880926,31,,,0,101,,880927,31,,,0,99,,880928,31,,,0,101,,880929,31,,,0,100,,880930,31,,,0,100,,880931,31,,,0,97,,880932,31,,,0,147,,880933,31,,,0,100,,880934,31,,,0,58,,880935,31,,,0,98,,880936,31,,,0,99,,880937,31,,,0,99,,880938,31,,,0,98,,880939,31,,,0
9202,'20260710',552,,830196,31,,,0,100,,830195,31,,,0,71,,830194,31,,,0,34,,830177,31,,,0,69,,830193,31,,,0,30,,830178,31,,,0,99,,830179,31,,,0,101,,830180,31,,,0,99,,830182,31,,,0,101,,830183,31,,,0,100,,830181,31,,,0,100,,830189,31,,,0,97,,830187,31,,,0,147,,830188,31,,,0,100,,830190,31,,,0,58,,830184,31,,,0,98,,830185,31,,,0,99,,830186,31,,,0,99,,830191,31,,,0,98,,830192,31,,,0
9202,'20260711',608,,853680,31,,,0,100,,853679,31,,,0,101,,853664,31,,,0,101,,853675,31,,,0,100,,853674,31,,,0,102,,853665,31,,,0,100,,853676,31,,,0,100,,853668,31,,,0,100,,853670,31,,,0,100,,853669,31,,,0,100,,853677,31,,,0,101,,853666,31,,,0,101,,853667,31,,,0,96,,853678,31,,,0,99,,853671,31,,,0,100,,853672,31,,,0,99,,853673,31,,,0
9202,'20260712',608,,853697,31,,,0,100,,853696,31,,,0,101,,853681,31,,,0,101,,853691,31,,,0,100,,853690,31,,,0,102,,853682,31,,,0,100,,853692,31,,,0,100,,853685,31,,,0,100,,853687,31,,,0,100,,853686,31,,,0,100,,853693,31,,,0,101,,853683,31,,,0,101,,853684,31,,,0,96,,853694,31,,,0,99,,853688,31,,,0,100,,853689,31,,,0,99,,853695,31,,,0
9202,'20260713',552,,853717,31,,,0,100,,853716,31,,,0,71,,853715,31,,,0,34,,853698,31,,,0,69,,853714,31,,,0,30,,853699,31,,,0,99,,853700,31,,,0,101,,853701,31,,,0,99,,853703,31,,,0,101,,853704,31,,,0,100,,853702,31,,,0,100,,853710,31,,,0,97,,853708,31,,,0,147,,853709,31,,,0,100,,853711,31,,,0,58,,853705,31,,,0,98,,853706,31,,,0,99,,853707,31,,,0,99,,853712,31,,,0,98,,853713,31,,,0
9202,'20260714',552,,853737,31,,,0,100,,853736,31,,,0,71,,853735,31,,,0,34,,853718,31,,,0,69,,853734,31,,,0,30,,853719,31,,,0,99,,853720,31,,,0,101,,853721,31,,,0,99,,853723,31,,,0,101,,853724,31,,,0,100,,853722,31,,,0,100,,853730,31,,,0,97,,853728,31,,,0,147,,853729,31,,,0,100,,853731,31,,,0,58,,853725,31,,,0,98,,853726,31,,,0,99,,853727,31,,,0,99,,853732,31,,,0,98,,853733,31,,,0
9202,'20260715',552,,880959,31,,,0,100,,880958,31,,,0,71,,880957,31,,,0,34,,880940,31,,,0,69,,880956,31,,,0,30,,880941,31,,,0,99,,880942,31,,,0,101,,880943,31,,,0,99,,880945,31,,,0,101,,880946,31,,,0,100,,880944,31,,,0,100,,880952,31,,,0,97,,880950,31,,,0,147,,880951,31,,,0,100,,880953,31,,,0,58,,880947,31,,,0,98,,880948,31,,,0,99,,880949,31,,,0,99,,880954,31,,,0,98,,880955,31,,,0
9202,'20260716',552,,880979,31,,,0,100,,880978,31,,,0,71,,880977,31,,,0,34,,880960,31,,,0,69,,880976,31,,,0,30,,880961,31,,,0,99,,880962,31,,,0,101,,880963,31,,,0,99,,880965,31,,,0,101,,880966,31,,,0,100,,880964,31,,,0,100,,880972,31,,,0,97,,880970,31,,,0,147,,880971,31,,,0,100,,880973,31,,,0,58,,880967,31,,,0,98,,880968,31,,,0,99,,880969,31,,,0,99,,880974,31,,,0,98,,880975,31,,,0
9202,'20260717',552,,880999,31,,,0,100,,880998,31,,,0,71,,880997,31,,,0,34,,880980,31,,,0,69,,880996,31,,,0,30,,880981,31,,,0,99,,880982,31,,,0,101,,880983,31,,,0,99,,880985,31,,,0,101,,880986,31,,,0,100,,880984,31,,,0,100,,880992,31,,,0,97,,880990,31,,,0,147,,880991,31,,,0,100,,880993,31,,,0,58,,880987,31,,,0,98,,880988,31,,,0,99,,880989,31,,,0,99,,880994,31,,,0,98,,880995,31,,,0
9202,'20262511',608,,881016,31,,,0,100,,881015,31,,,0,101,,881000,31,,,0,101,,881011,31,,,0,100,,881010,31,,,0,102,,881001,31,,,0,100,,881012,31,,,0,100,,881004,31,,,0,100,,881006,31,,,0,100,,881005,31,,,0,100,,881013,31,,,0,101,,881002,31,,,0,101,,881003,31,,,0,96,,881014,31,,,0,99,,881007,31,,,0,100,,881008,31,,,0,99,,881009,31,,,0
9202,'20262611',608,,881033,31,,,0,100,,881032,31,,,0,101,,881017,31,,,0,101,,881027,31,,,0,100,,881026,31,,,0,102,,881018,31,,,0,100,,881028,31,,,0,100,,881021,31,,,0,100,,881023,31,,,0,100,,881022,31,,,0,100,,881029,31,,,0,101,,881019,31,,,0,101,,881020,31,,,0,96,,881030,31,,,0,99,,881024,31,,,0,100,,881025,31,,,0,99,,881031,31,,,0
