28100,'20260529',1624,,587525,30,4,,0,28,,587526,30,4,,0,68,,587527,30,4,,0,28,,587528,30,4,,0,69,,587529,30,4,,0
28100,'20260601',1624,,618059,30,4,,0,28,,618060,30,4,,0,68,,618061,30,4,,0,28,,618062,30,4,,0,69,,618063,30,4,,0
28100,'20260602',1624,,618064,30,4,,0,28,,618065,30,4,,0,68,,618066,30,4,,0,28,,618067,30,4,,0,69,,618068,30,4,,0
28100,'20260603',1624,,618069,30,4,,0,28,,618070,30,4,,0,68,,618071,30,4,,0,28,,618072,30,4,,0,69,,618073,30,4,,0
28100,'20260604',1624,,618074,30,4,,0,28,,618075,30,4,,0,68,,618076,30,4,,0,28,,618077,30,4,,0,69,,618078,30,4,,0
28100,'20260605',1624,,562390,30,4,,0,28,,562389,30,4,,0,68,,562388,30,4,,0,28,,562392,30,4,,0,69,,562391,30,4,,0
28100,'20260608',1624,,587532,30,4,,0,28,,587531,30,4,,0,68,,587530,30,4,,0,28,,587534,30,4,,0,69,,587533,30,4,,0
28100,'20260609',1624,,587537,30,4,,0,28,,587536,30,4,,0,68,,587535,30,4,,0,28,,587539,30,4,,0,69,,587538,30,4,,0
28100,'20260610',1624,,618081,30,4,,0,28,,618080,30,4,,0,68,,618079,30,4,,0,28,,618083,30,4,,0,69,,618082,30,4,,0
28100,'20260611',1624,,618086,30,4,,0,28,,618085,30,4,,0,68,,618084,30,4,,0,28,,618088,30,4,,0,69,,618087,30,4,,0
28100,'20260612',1624,,618091,30,4,,0,28,,618090,30,4,,0,68,,618089,30,4,,0,28,,618093,30,4,,0,69,,618092,30,4,,0
38100,'20260529',1641,,588068,29,4,,0,94,,588069,29,4,,0,120,,588070,29,4,,0
38100,'20260601',1641,,619326,29,4,,0,94,,619327,29,4,,0,120,,619328,29,4,,0
38100,'20260602',1641,,619329,29,4,,0,94,,619330,29,4,,0,120,,619331,29,4,,0
38100,'20260603',1641,,619332,29,4,,0,94,,619333,29,4,,0,120,,619334,29,4,,0
38100,'20260604',1641,,619335,29,4,,0,94,,619336,29,4,,0,120,,619337,29,4,,0
38100,'20260605',1641,,563646,29,4,,0,94,,563647,29,4,,0,120,,563648,29,4,,0
38100,'20260608',1641,,588071,29,4,,0,94,,588072,29,4,,0,120,,588073,29,4,,0
38100,'20260609',1641,,588074,29,4,,0,94,,588075,29,4,,0,120,,588076,29,4,,0
38100,'20260610',1641,,619338,29,4,,0,94,,619339,29,4,,0,120,,619340,29,4,,0
38100,'20260611',1641,,619341,29,4,,0,94,,619342,29,4,,0,120,,619343,29,4,,0
38100,'20260612',1641,,619344,29,4,,0,94,,619345,29,4,,0,120,,619346,29,4,,0
58100,'20260529',1638,,588404,27,4,,0,63,,588405,27,4,,0,45,,588406,27,4,,0
58100,'20260601',1638,,620262,27,4,,0,63,,620263,27,4,,0,45,,620264,27,4,,0
58100,'20260602',1638,,620265,27,4,,0,63,,620266,27,4,,0,45,,620267,27,4,,0
58100,'20260603',1638,,620268,27,4,,0,63,,620269,27,4,,0,45,,620270,27,4,,0
58100,'20260604',1638,,620271,27,4,,0,63,,620272,27,4,,0,45,,620273,27,4,,0
58100,'20260605',1638,,564507,27,4,,0,63,,564508,27,4,,0,45,,564509,27,4,,0
58100,'20260608',1638,,588407,27,4,,0,63,,588408,27,4,,0,45,,588409,27,4,,0
58100,'20260609',1638,,588410,27,4,,0,63,,588411,27,4,,0,45,,588412,27,4,,0
58100,'20260610',1638,,620274,27,4,,0,63,,620275,27,4,,0,45,,620276,27,4,,0
58100,'20260611',1638,,620277,27,4,,0,63,,620278,27,4,,0,45,,620279,27,4,,0
58100,'20260612',1638,,620280,27,4,,0,63,,620281,27,4,,0,45,,620282,27,4,,0
