63001,'20260709',741,,885610,8,,,0,70,,885611,8,,,0,29,,885612,8,,,0
63001,'20260710',741,,910271,8,,,0,70,,910272,8,,,0,29,,910273,8,,,0
63001,'20260713',741,,930204,8,,,0,70,,930205,8,,,0,29,,930206,8,,,0
63001,'20260714',741,,930207,8,,,0,70,,930208,8,,,0,29,,930209,8,,,0
63001,'20260715',741,,885613,8,,,0,70,,885614,8,,,0,29,,885615,8,,,0
63001,'20260716',741,,885616,8,,,0,70,,885617,8,,,0,29,,885618,8,,,0
63001,'20260717',741,,885619,8,,,0,70,,885620,8,,,0,29,,885621,8,,,0
63001,'20260720',741,,910274,8,,,0,70,,910275,8,,,0,29,,910276,8,,,0
63001,'20260721',741,,910277,8,,,0,70,,910278,8,,,0,29,,910279,8,,,0
63001,'20260722',741,,930210,8,,,0,70,,930211,8,,,0,29,,930212,8,,,0
63001,'20260723',741,,930213,8,,,0,70,,930214,8,,,0,29,,930215,8,,,0
