903,'20260317',620,,51031,29,,,0,30,,51032,29,,,0,68,,51033,29,,,0,29,,51034,29,,,0,70,,51035,29,,,0
903,'20260318',620,,51036,29,,,0,30,,51037,29,,,0,68,,51038,29,,,0,29,,51039,29,,,0,70,,51040,29,,,0
903,'20260319',620,,51041,29,,,0,30,,51042,29,,,0,68,,51043,29,,,0,29,,51044,29,,,0,70,,51045,29,,,0
903,'20260320',620,,51046,29,,,0,30,,51047,29,,,0,68,,51048,29,,,0,29,,51049,29,,,0,70,,51050,29,,,0
903,'20260323',620,,51055,29,,,0,30,,51054,29,,,0,68,,51051,29,,,0,29,,51052,29,,,0,70,,51053,29,,,0
903,'20260324',620,,51060,29,,,0,30,,51059,29,,,0,68,,51056,29,,,0,29,,51057,29,,,0,70,,51058,29,,,0
903,'20260325',620,,51065,29,,,0,30,,51064,29,,,0,68,,51061,29,,,0,29,,51062,29,,,0,70,,51063,29,,,0
903,'20260326',620,,51070,29,,,0,30,,51069,29,,,0,68,,51066,29,,,0,29,,51067,29,,,0,70,,51068,29,,,0
903,'20260327',620,,51075,29,,,0,30,,51074,29,,,0,68,,51071,29,,,0,29,,51072,29,,,0,70,,51073,29,,,0
903,'20260330',620,,51080,29,,,0,30,,51079,29,,,0,68,,51076,29,,,0,29,,51077,29,,,0,70,,51078,29,,,0
903,'20260331',620,,51085,29,,,0,30,,51084,29,,,0,68,,51081,29,,,0,29,,51082,29,,,0,70,,51083,29,,,0
