8401,'20260323',614,,121832,12,,,1,23,,121833,12,,,1,70,,121834,12,,,1,31,,121835,12,,,1,69,,121836,12,,,1,32,,121837,12,,,1,73,,121838,12,,,1,101,,121839,12,,,1,100,,121840,12,,,1,98,,121841,12,,,1,102,,121842,12,,,1,99,,121843,12,,,1,97,,121844,12,,,1,95,,121845,12,,,1,107,,121846,12,,,1,102,,121847,12,,,1,101,,121848,12,,,1,100,,121849,12,,,1,101,,121850,12,,,1,100,,121851,12,,,1,100,,121852,12,,,1
8401,'20260324',614,,121853,12,,,1,23,,121854,12,,,1,70,,121855,12,,,1,31,,121856,12,,,1,69,,121857,12,,,1,32,,121858,12,,,1,73,,121859,12,,,1,101,,121860,12,,,1,100,,121861,12,,,1,98,,121862,12,,,1,102,,121863,12,,,1,99,,121864,12,,,1,97,,121865,12,,,1,95,,121866,12,,,1,107,,121867,12,,,1,102,,121868,12,,,1,101,,121869,12,,,1,100,,121870,12,,,1,101,,121871,12,,,1,100,,121872,12,,,1,100,,121873,12,,,1
8401,'20260325',614,,121874,12,,,1,23,,121875,12,,,1,70,,121876,12,,,1,31,,121877,12,,,1,69,,121878,12,,,1,32,,121879,12,,,1,73,,121880,12,,,1,101,,121881,12,,,1,100,,121882,12,,,1,98,,121883,12,,,1,102,,121884,12,,,1,99,,121885,12,,,1,97,,121886,12,,,1,95,,121887,12,,,1,107,,121888,12,,,1,102,,121889,12,,,1,101,,121890,12,,,1,100,,121891,12,,,1,101,,121892,12,,,1,100,,121893,12,,,1,100,,121894,12,,,1
8401,'20260326',614,,121895,12,,,1,23,,121896,12,,,1,70,,121897,12,,,1,31,,121898,12,,,1,69,,121899,12,,,1,32,,121900,12,,,1,73,,121901,12,,,1,101,,121902,12,,,1,100,,121903,12,,,1,98,,121904,12,,,1,102,,121905,12,,,1,99,,121906,12,,,1,97,,121907,12,,,1,95,,121908,12,,,1,107,,121909,12,,,1,102,,121910,12,,,1,101,,121911,12,,,1,100,,121912,12,,,1,101,,121913,12,,,1,100,,121914,12,,,1,100,,121915,12,,,1
8401,'20260327',614,,121916,12,,,1,23,,121917,12,,,1,70,,121918,12,,,1,31,,121919,12,,,1,69,,121920,12,,,1,32,,121921,12,,,1,73,,121922,12,,,1,101,,121923,12,,,1,100,,121924,12,,,1,98,,121925,12,,,1,102,,121926,12,,,1,99,,121927,12,,,1,97,,121928,12,,,1,95,,121929,12,,,1,107,,121930,12,,,1,102,,121931,12,,,1,101,,121932,12,,,1,100,,121933,12,,,1,101,,121934,12,,,1,100,,121935,12,,,1,100,,121936,12,,,1
8401,'20260328',614,,73855,12,,,1,99,,73870,12,,,1,99,,73856,12,,,1,100,,73869,12,,,1,100,,73857,12,,,1,100,,73864,12,,,1,100,,73865,12,,,1,98,,73866,12,,,1,100,,73867,12,,,1,100,,73868,12,,,1,101,,73859,12,,,1,101,,73858,12,,,1,101,,73860,12,,,1,100,,73863,12,,,1,100,,73862,12,,,1,100,,73861,12,,,1,101,,73871,12,,,1,100,,73872,12,,,1
8401,'20260329',614,,73885,12,,,1,99,,73889,12,,,1,99,,73888,12,,,1,100,,73886,12,,,1,100,,73873,12,,,1,100,,73879,12,,,1,100,,73874,12,,,1,98,,73880,12,,,1,100,,73875,12,,,1,100,,73881,12,,,1,101,,73876,12,,,1,101,,73882,12,,,1,101,,73877,12,,,1,100,,73883,12,,,1,100,,73878,12,,,1,100,,73884,12,,,1,101,,73887,12,,,1,100,,73890,12,,,1
8401,'20260330',614,,73891,12,,,1,23,,73910,12,,,1,70,,73892,12,,,1,31,,73911,12,,,1,69,,73893,12,,,1,32,,73908,12,,,1,73,,73894,12,,,1,101,,73895,12,,,1,100,,73896,12,,,1,98,,73897,12,,,1,102,,73898,12,,,1,99,,73899,12,,,1,97,,73900,12,,,1,95,,73901,12,,,1,107,,73902,12,,,1,102,,73903,12,,,1,101,,73904,12,,,1,100,,73905,12,,,1,101,,73906,12,,,1,100,,73907,12,,,1,100,,73909,12,,,1
8401,'20260331',614,,73912,12,,,1,23,,73931,12,,,1,70,,73913,12,,,1,31,,73932,12,,,1,69,,73914,12,,,1,32,,73929,12,,,1,73,,73915,12,,,1,101,,73916,12,,,1,100,,73917,12,,,1,98,,73918,12,,,1,102,,73919,12,,,1,99,,73920,12,,,1,97,,73921,12,,,1,95,,73922,12,,,1,107,,73923,12,,,1,102,,73924,12,,,1,101,,73925,12,,,1,100,,73926,12,,,1,101,,73927,12,,,1,100,,73928,12,,,1,100,,73930,12,,,1
8401,'20260401',614,,121937,12,,,1,23,,121956,12,,,1,70,,121938,12,,,1,31,,121957,12,,,1,69,,121939,12,,,1,32,,121954,12,,,1,73,,121940,12,,,1,101,,121941,12,,,1,100,,121942,12,,,1,98,,121943,12,,,1,102,,121944,12,,,1,99,,121945,12,,,1,97,,121946,12,,,1,95,,121947,12,,,1,107,,121948,12,,,1,102,,121949,12,,,1,101,,121950,12,,,1,100,,121951,12,,,1,101,,121952,12,,,1,100,,121953,12,,,1,100,,121955,12,,,1
8401,'20260402',614,,121958,12,,,1,23,,121977,12,,,1,70,,121959,12,,,1,31,,121978,12,,,1,69,,121960,12,,,1,32,,121975,12,,,1,73,,121961,12,,,1,101,,121962,12,,,1,100,,121963,12,,,1,98,,121964,12,,,1,102,,121965,12,,,1,99,,121966,12,,,1,97,,121967,12,,,1,95,,121968,12,,,1,107,,121969,12,,,1,102,,121970,12,,,1,101,,121971,12,,,1,100,,121972,12,,,1,101,,121973,12,,,1,100,,121974,12,,,1,100,,121976,12,,,1
8401,'20260403',614,,121979,12,,,1,99,,121994,12,,,1,99,,121980,12,,,1,100,,121993,12,,,1,100,,121981,12,,,1,100,,121988,12,,,1,100,,121989,12,,,1,98,,121990,12,,,1,100,,121991,12,,,1,100,,121992,12,,,1,101,,121983,12,,,1,101,,121982,12,,,1,101,,121984,12,,,1,100,,121987,12,,,1,100,,121986,12,,,1,100,,121985,12,,,1,101,,121995,12,,,1,100,,121996,12,,,1
8401,'20260404',614,,121997,12,,,1,99,,122012,12,,,1,99,,121998,12,,,1,100,,122011,12,,,1,100,,121999,12,,,1,100,,122006,12,,,1,100,,122007,12,,,1,98,,122008,12,,,1,100,,122009,12,,,1,100,,122010,12,,,1,101,,122001,12,,,1,101,,122000,12,,,1,101,,122002,12,,,1,100,,122005,12,,,1,100,,122004,12,,,1,100,,122003,12,,,1,101,,122013,12,,,1,100,,122014,12,,,1
8401,'20260405',614,,122027,12,,,1,99,,122031,12,,,1,99,,122030,12,,,1,100,,122028,12,,,1,100,,122015,12,,,1,100,,122021,12,,,1,100,,122016,12,,,1,98,,122022,12,,,1,100,,122017,12,,,1,100,,122023,12,,,1,101,,122018,12,,,1,101,,122024,12,,,1,101,,122019,12,,,1,100,,122025,12,,,1,100,,122020,12,,,1,100,,122026,12,,,1,101,,122029,12,,,1,100,,122032,12,,,1
8401,'20260406',614,,122045,12,,,1,99,,122049,12,,,1,99,,122048,12,,,1,100,,122046,12,,,1,100,,122033,12,,,1,100,,122039,12,,,1,100,,122034,12,,,1,98,,122040,12,,,1,100,,122035,12,,,1,100,,122041,12,,,1,101,,122036,12,,,1,101,,122042,12,,,1,101,,122037,12,,,1,100,,122043,12,,,1,100,,122038,12,,,1,100,,122044,12,,,1,101,,122047,12,,,1,100,,122050,12,,,1
28401,'20260323',627,,126670,8,,,0,24,,126671,8,,,0,63,,126672,8,,,0,18,,126673,8,,,0,24,,126674,8,,,0
28401,'20260324',627,,126675,8,,,0,24,,126676,8,,,0,63,,126677,8,,,0,18,,126678,8,,,0,24,,126679,8,,,0
28401,'20260325',627,,126680,8,,,0,24,,126681,8,,,0,63,,126682,8,,,0,18,,126683,8,,,0,24,,126684,8,,,0
28401,'20260326',627,,126685,8,,,0,24,,126686,8,,,0,63,,126687,8,,,0,18,,126688,8,,,0,24,,126689,8,,,0
28401,'20260327',627,,126690,8,,,0,24,,126691,8,,,0,63,,126692,8,,,0,18,,126693,8,,,0,24,,126694,8,,,0
28401,'20260330',627,,80816,8,,,0,24,,80813,8,,,0,63,,80817,8,,,0,18,,80814,8,,,0,24,,80815,8,,,0
28401,'20260331',627,,80821,8,,,0,24,,80818,8,,,0,63,,80822,8,,,0,18,,80819,8,,,0,24,,80820,8,,,0
28401,'20260401',627,,126698,8,,,0,24,,126695,8,,,0,63,,126699,8,,,0,18,,126696,8,,,0,24,,126697,8,,,0
28401,'20260402',627,,126703,8,,,0,24,,126700,8,,,0,63,,126704,8,,,0,18,,126701,8,,,0,24,,126702,8,,,0
38401,'20260323',623,,127865,8,,,0,21,,127866,8,,,0,72,,127867,8,,,0,141,,127868,8,,,0
38401,'20260324',623,,127869,8,,,0,21,,127870,8,,,0,72,,127871,8,,,0,141,,127872,8,,,0
38401,'20260325',623,,127873,8,,,0,21,,127874,8,,,0,72,,127875,8,,,0,141,,127876,8,,,0
38401,'20260326',623,,127877,8,,,0,21,,127878,8,,,0,72,,127879,8,,,0,141,,127880,8,,,0
38401,'20260327',623,,127881,8,,,0,21,,127882,8,,,0,72,,127883,8,,,0,141,,127884,8,,,0
38401,'20260330',623,,82708,8,,,0,21,,82706,8,,,0,72,,82707,8,,,0,141,,82709,8,,,0
38401,'20260331',623,,82712,8,,,0,21,,82710,8,,,0,72,,82711,8,,,0,141,,82713,8,,,0
38401,'20260401',623,,127887,8,,,0,21,,127885,8,,,0,72,,127886,8,,,0,141,,127888,8,,,0
38401,'20260402',623,,127891,8,,,0,21,,127889,8,,,0,72,,127890,8,,,0,141,,127892,8,,,0
58401,'20260323',620,,128642,8,,,0,27,,128643,8,,,0,71,,128644,8,,,0
58401,'20260324',620,,128645,8,,,0,27,,128646,8,,,0,71,,128647,8,,,0
58401,'20260325',620,,128648,8,,,0,27,,128649,8,,,0,71,,128650,8,,,0
58401,'20260326',620,,128651,8,,,0,27,,128652,8,,,0,71,,128653,8,,,0
58401,'20260327',620,,128654,8,,,0,27,,128655,8,,,0,71,,128656,8,,,0
58401,'20260330',620,,83927,8,,,0,27,,83926,8,,,0,71,,83928,8,,,0
58401,'20260331',620,,83930,8,,,0,27,,83929,8,,,0,71,,83931,8,,,0
58401,'20260401',620,,128658,8,,,0,27,,128657,8,,,0,71,,128659,8,,,0
58401,'20260402',620,,128661,8,,,0,27,,128660,8,,,0,71,,128662,8,,,0
