2801,'20260427',927,,334974,9,,,0,30,,334975,9,,,0,70,,334976,9,,,0,30,,334977,9,,,0,70,,334978,9,,,0,31,,334979,9,,,0,71,,334980,9,,,0,29,,334981,9,,,0,71,,334982,9,,,0,29,,334983,9,,,0,71,,334984,9,,,0,28,,334985,9,,,0
2801,'20260428',927,,335016,9,,,0,30,,335017,9,,,0,70,,335018,9,,,0,30,,335019,9,,,0,70,,335020,9,,,0,31,,335021,9,,,0,71,,335022,9,,,0,29,,335023,9,,,0,71,,335024,9,,,0,29,,335025,9,,,0,71,,335026,9,,,0,28,,335027,9,,,0
2801,'20260429',927,,361211,9,,,0,30,,361212,9,,,0,70,,361213,9,,,0,30,,361214,9,,,0,70,,361215,9,,,0,31,,361216,9,,,0,71,,361217,9,,,0,29,,361218,9,,,0,71,,361219,9,,,0,29,,361220,9,,,0,71,,361221,9,,,0,28,,361222,9,,,0
2801,'20260430',927,,361253,9,,,0,30,,361254,9,,,0,70,,361255,9,,,0,30,,361256,9,,,0,70,,361257,9,,,0,31,,361258,9,,,0,71,,361259,9,,,0,29,,361260,9,,,0,71,,361261,9,,,0,29,,361262,9,,,0,71,,361263,9,,,0,28,,361264,9,,,0
2801,'20260501',927,,361295,9,,,0,30,,361296,9,,,0,70,,361297,9,,,0,30,,361298,9,,,0,70,,361299,9,,,0,31,,361300,9,,,0,71,,361301,9,,,0,29,,361302,9,,,0,71,,361303,9,,,0,29,,361304,9,,,0,71,,361305,9,,,0,28,,361306,9,,,0
2801,'20260502',1159,,308730,9,,,0,72,,308719,9,,,0,28,,308731,9,,,0,70,,308720,9,,,0,72,,308732,9,,,0,31,,308721,9,,,0,72,,308733,9,,,0,30,,308722,9,,,0,21,,308734,9,,,0,73,,308723,9,,,0,75,,308735,9,,,0,35,,308724,9,,,0,64,,308736,9,,,0
2801,'20260503',1159,,308762,9,,,0,72,,308751,9,,,0,28,,308763,9,,,0,70,,308752,9,,,0,72,,308764,9,,,0,31,,308753,9,,,0,72,,308765,9,,,0,30,,308754,9,,,0,21,,308766,9,,,0,73,,308755,9,,,0,75,,308767,9,,,0,35,,308756,9,,,0,64,,308768,9,,,0
2801,'20260504',927,,308786,9,,,0,30,,308787,9,,,0,70,,308788,9,,,0,30,,308789,9,,,0,70,,308790,9,,,0,31,,308791,9,,,0,71,,308792,9,,,0,29,,308793,9,,,0,71,,308794,9,,,0,29,,308795,9,,,0,71,,308796,9,,,0,28,,308797,9,,,0
2801,'20260505',927,,335057,9,,,0,30,,335058,9,,,0,70,,335059,9,,,0,30,,335060,9,,,0,70,,335061,9,,,0,31,,335062,9,,,0,71,,335063,9,,,0,29,,335064,9,,,0,71,,335065,9,,,0,29,,335066,9,,,0,71,,335067,9,,,0,28,,335068,9,,,0
2801,'20260506',927,,335099,9,,,0,30,,335100,9,,,0,70,,335101,9,,,0,30,,335102,9,,,0,70,,335103,9,,,0,31,,335104,9,,,0,71,,335105,9,,,0,29,,335106,9,,,0,71,,335107,9,,,0,29,,335108,9,,,0,71,,335109,9,,,0,28,,335110,9,,,0
2801,'20260507',927,,335141,9,,,0,30,,335142,9,,,0,70,,335143,9,,,0,30,,335144,9,,,0,70,,335145,9,,,0,31,,335146,9,,,0,71,,335147,9,,,0,29,,335148,9,,,0,71,,335149,9,,,0,29,,335150,9,,,0,71,,335151,9,,,0,28,,335152,9,,,0
2801,'20260508',927,,361336,9,,,0,30,,361337,9,,,0,70,,361338,9,,,0,30,,361339,9,,,0,70,,361340,9,,,0,31,,361341,9,,,0,71,,361342,9,,,0,29,,361343,9,,,0,71,,361344,9,,,0,29,,361345,9,,,0,71,,361346,9,,,0,28,,361347,9,,,0
2801,'20260509',1159,,361386,9,,,0,72,,361375,9,,,0,28,,361387,9,,,0,70,,361376,9,,,0,72,,361388,9,,,0,31,,361377,9,,,0,72,,361389,9,,,0,30,,361378,9,,,0,21,,361390,9,,,0,73,,361379,9,,,0,75,,361391,9,,,0,35,,361380,9,,,0,64,,361392,9,,,0
2801,'20260510',1159,,361418,9,,,0,72,,361407,9,,,0,28,,361419,9,,,0,70,,361408,9,,,0,72,,361420,9,,,0,31,,361409,9,,,0,72,,361421,9,,,0,30,,361410,9,,,0,21,,361422,9,,,0,73,,361411,9,,,0,75,,361423,9,,,0,35,,361412,9,,,0,64,,361424,9,,,0
2801,'20260511',927,,361442,9,,,0,30,,361443,9,,,0,70,,361444,9,,,0,30,,361445,9,,,0,70,,361446,9,,,0,31,,361447,9,,,0,71,,361448,9,,,0,29,,361449,9,,,0,71,,361450,9,,,0,29,,361451,9,,,0,71,,361452,9,,,0,28,,361453,9,,,0
