7401,'20260602',627,,610374,63,,,1,101,,610375,63,,,1,100,,610376,63,,,1,99,,610377,63,,,1,100,,610378,63,,,1,101,,610379,63,,,1,100,,610380,63,,,1,100,,610381,63,,,1,100,,610382,63,,,1,100,,610383,63,,,1,102,,610384,63,,,1,99,,610385,63,,,1,99,,610386,63,,,1,99,,610387,63,,,1,99,,610388,63,,,1,100,,610389,63,,,1,100,,610390,63,,,1,130,,610391,63,,,1
7401,'20260603',627,,610394,63,,,1,101,,610395,63,,,1,100,,610396,63,,,1,99,,610397,63,,,1,100,,610398,63,,,1,101,,610399,63,,,1,100,,610400,63,,,1,100,,610401,63,,,1,100,,610402,63,,,1,100,,610403,63,,,1,102,,610404,63,,,1,99,,610405,63,,,1,99,,610406,63,,,1,99,,610407,63,,,1,99,,610408,63,,,1,100,,610409,63,,,1,100,,610410,63,,,1,130,,610411,63,,,1
7401,'20260604',627,,610414,63,,,1,101,,610415,63,,,1,100,,610416,63,,,1,99,,610417,63,,,1,100,,610418,63,,,1,101,,610419,63,,,1,100,,610420,63,,,1,100,,610421,63,,,1,100,,610422,63,,,1,100,,610423,63,,,1,102,,610424,63,,,1,99,,610425,63,,,1,99,,610426,63,,,1,99,,610427,63,,,1,99,,610428,63,,,1,100,,610429,63,,,1,100,,610430,63,,,1,130,,610431,63,,,1
7401,'20260605',627,,642099,63,,,1,101,,642100,63,,,1,100,,642101,63,,,1,99,,642102,63,,,1,100,,642103,63,,,1,101,,642104,63,,,1,100,,642105,63,,,1,100,,642106,63,,,1,100,,642107,63,,,1,100,,642108,63,,,1,102,,642109,63,,,1,99,,642110,63,,,1,99,,642111,63,,,1,99,,642112,63,,,1,99,,642113,63,,,1,100,,642114,63,,,1,100,,642115,63,,,1,130,,642116,63,,,1
7401,'20260606',726,,584105,63,,,1,100,,584091,63,,,1,101,,584092,63,,,1,100,,584106,63,,,1,100,,584099,63,,,1,100,,584100,63,,,1,100,,584101,63,,,1,100,,584102,63,,,1,100,,584103,63,,,1,100,,584104,63,,,1,100,,584093,63,,,1,100,,584097,63,,,1,99,,584098,63,,,1,100,,584094,63,,,1,100,,584095,63,,,1,100,,584096,63,,,1
7401,'20260607',726,,584108,63,,,1,100,,584123,63,,,1,101,,584109,63,,,1,100,,584124,63,,,1,100,,584111,63,,,1,100,,584112,63,,,1,100,,584113,63,,,1,100,,584114,63,,,1,100,,584115,63,,,1,100,,584116,63,,,1,100,,584117,63,,,1,100,,584118,63,,,1,99,,584119,63,,,1,100,,584120,63,,,1,100,,584121,63,,,1,100,,584122,63,,,1
7401,'20260608',627,,584125,63,,,1,101,,584126,63,,,1,100,,584127,63,,,1,99,,584128,63,,,1,100,,584129,63,,,1,101,,584130,63,,,1,100,,584131,63,,,1,100,,584132,63,,,1,100,,584133,63,,,1,100,,584134,63,,,1,102,,584140,63,,,1,99,,584135,63,,,1,99,,584136,63,,,1,99,,584142,63,,,1,99,,584137,63,,,1,100,,584141,63,,,1,100,,584138,63,,,1,130,,584139,63,,,1
7401,'20260609',627,,584145,63,,,1,101,,584146,63,,,1,100,,584147,63,,,1,99,,584148,63,,,1,100,,584149,63,,,1,101,,584150,63,,,1,100,,584151,63,,,1,100,,584152,63,,,1,100,,584153,63,,,1,100,,584154,63,,,1,102,,584160,63,,,1,99,,584155,63,,,1,99,,584156,63,,,1,99,,584162,63,,,1,99,,584157,63,,,1,100,,584161,63,,,1,100,,584158,63,,,1,130,,584159,63,,,1
7401,'20260610',627,,610432,63,,,1,101,,610433,63,,,1,100,,610434,63,,,1,99,,610435,63,,,1,100,,610436,63,,,1,101,,610437,63,,,1,100,,610438,63,,,1,100,,610439,63,,,1,100,,610440,63,,,1,100,,610441,63,,,1,102,,610447,63,,,1,99,,610442,63,,,1,99,,610443,63,,,1,99,,610449,63,,,1,99,,610444,63,,,1,100,,610448,63,,,1,100,,610445,63,,,1,130,,610446,63,,,1
7401,'20260611',627,,610452,63,,,1,101,,610453,63,,,1,100,,610454,63,,,1,99,,610455,63,,,1,100,,610456,63,,,1,101,,610457,63,,,1,100,,610458,63,,,1,100,,610459,63,,,1,100,,610460,63,,,1,100,,610461,63,,,1,102,,610467,63,,,1,99,,610462,63,,,1,99,,610463,63,,,1,99,,610469,63,,,1,99,,610464,63,,,1,100,,610468,63,,,1,100,,610465,63,,,1,130,,610466,63,,,1
7401,'20260612',627,,610472,63,,,1,101,,610473,63,,,1,100,,610474,63,,,1,99,,610475,63,,,1,100,,610476,63,,,1,101,,610477,63,,,1,100,,610478,63,,,1,100,,610479,63,,,1,100,,610480,63,,,1,100,,610481,63,,,1,102,,610487,63,,,1,99,,610482,63,,,1,99,,610483,63,,,1,99,,610489,63,,,1,99,,610484,63,,,1,100,,610488,63,,,1,100,,610485,63,,,1,130,,610486,63,,,1
7401,'20260613',726,,642131,63,,,1,100,,642117,63,,,1,101,,642118,63,,,1,100,,642132,63,,,1,100,,642125,63,,,1,100,,642126,63,,,1,100,,642127,63,,,1,100,,642128,63,,,1,100,,642129,63,,,1,100,,642130,63,,,1,100,,642119,63,,,1,100,,642123,63,,,1,99,,642124,63,,,1,100,,642120,63,,,1,100,,642121,63,,,1,100,,642122,63,,,1
7401,'20260614',726,,642134,63,,,1,100,,642149,63,,,1,101,,642135,63,,,1,100,,642150,63,,,1,100,,642137,63,,,1,100,,642138,63,,,1,100,,642139,63,,,1,100,,642140,63,,,1,100,,642141,63,,,1,100,,642142,63,,,1,100,,642143,63,,,1,100,,642144,63,,,1,99,,642145,63,,,1,100,,642146,63,,,1,100,,642147,63,,,1,100,,642148,63,,,1
7401,'20260615',627,,642151,63,,,1,101,,642152,63,,,1,100,,642153,63,,,1,99,,642154,63,,,1,100,,642155,63,,,1,101,,642156,63,,,1,100,,642157,63,,,1,100,,642158,63,,,1,100,,642159,63,,,1,100,,642160,63,,,1,102,,642166,63,,,1,99,,642161,63,,,1,99,,642162,63,,,1,99,,642168,63,,,1,99,,642163,63,,,1,100,,642167,63,,,1,100,,642164,63,,,1,130,,642165,63,,,1
7401,'20260616',627,,642171,63,,,1,101,,642172,63,,,1,100,,642173,63,,,1,99,,642174,63,,,1,100,,642175,63,,,1,101,,642176,63,,,1,100,,642177,63,,,1,100,,642178,63,,,1,100,,642179,63,,,1,100,,642180,63,,,1,102,,642186,63,,,1,99,,642181,63,,,1,99,,642182,63,,,1,99,,642188,63,,,1,99,,642183,63,,,1,100,,642187,63,,,1,100,,642184,63,,,1,130,,642185,63,,,1
8401,'20260602',657,,613520,77,,,1,101,,613522,77,,,1,99,,613524,77,,,1,100,,613526,77,,,1,100,,613527,77,,,1,101,,613528,77,,,1,100,,613529,77,,,1,100,,613530,77,,,1,100,,613531,77,,,1,101,,613532,77,,,1,141,,613533,77,,,1,58,,613534,77,,,1,100,,613535,77,,,1,98,,613536,77,,,1,100,,613537,77,,,1,100,,613538,77,,,1,100,,613539,77,,,1,100,,613540,77,,,1
8401,'20260603',657,,613541,77,,,1,101,,613543,77,,,1,99,,613545,77,,,1,100,,613547,77,,,1,100,,613548,77,,,1,101,,613549,77,,,1,100,,613550,77,,,1,100,,613551,77,,,1,100,,613552,77,,,1,101,,613553,77,,,1,141,,613554,77,,,1,58,,613555,77,,,1,100,,613556,77,,,1,98,,613557,77,,,1,100,,613558,77,,,1,100,,613559,77,,,1,100,,613560,77,,,1,100,,613561,77,,,1
8401,'20260604',657,,613562,77,,,1,101,,613564,77,,,1,99,,613566,77,,,1,100,,613568,77,,,1,100,,613569,77,,,1,101,,613570,77,,,1,100,,613571,77,,,1,100,,613572,77,,,1,100,,613573,77,,,1,101,,613574,77,,,1,141,,613575,77,,,1,58,,613576,77,,,1,100,,613577,77,,,1,98,,613578,77,,,1,100,,613579,77,,,1,100,,613580,77,,,1,100,,613581,77,,,1,100,,613582,77,,,1
8401,'20260605',657,,643519,77,,,1,101,,643521,77,,,1,99,,643523,77,,,1,100,,643525,77,,,1,100,,643526,77,,,1,101,,643527,77,,,1,100,,643528,77,,,1,100,,643529,77,,,1,100,,643530,77,,,1,101,,643531,77,,,1,141,,643532,77,,,1,58,,643533,77,,,1,100,,643534,77,,,1,98,,643535,77,,,1,100,,643536,77,,,1,100,,643537,77,,,1,100,,643538,77,,,1,100,,643539,77,,,1
8401,'20260606',656,,585514,77,,,1,100,,585529,77,,,1,100,,585515,77,,,1,101,,585528,77,,,1,100,,585516,77,,,1,100,,585523,77,,,1,100,,585524,77,,,1,100,,585525,77,,,1,100,,585526,77,,,1,100,,585527,77,,,1,100,,585518,77,,,1,100,,585517,77,,,1,100,,585519,77,,,1,99,,585522,77,,,1,100,,585521,77,,,1,100,,585520,77,,,1,100,,585530,77,,,1,100,,585531,77,,,1
8401,'20260607',656,,585544,77,,,1,100,,585548,77,,,1,100,,585547,77,,,1,101,,585545,77,,,1,100,,585532,77,,,1,100,,585538,77,,,1,100,,585533,77,,,1,100,,585539,77,,,1,100,,585534,77,,,1,100,,585540,77,,,1,100,,585535,77,,,1,100,,585541,77,,,1,100,,585536,77,,,1,99,,585542,77,,,1,100,,585537,77,,,1,100,,585543,77,,,1,100,,585546,77,,,1,100,,585549,77,,,1
8401,'20260608',657,,585550,77,,,1,101,,585551,77,,,1,99,,585552,77,,,1,100,,585553,77,,,1,100,,585554,77,,,1,101,,585555,77,,,1,100,,585556,77,,,1,100,,585557,77,,,1,100,,585558,77,,,1,101,,585559,77,,,1,141,,585560,77,,,1,58,,585561,77,,,1,100,,585562,77,,,1,98,,585563,77,,,1,100,,585564,77,,,1,100,,585565,77,,,1,100,,585566,77,,,1,100,,585568,77,,,1
8401,'20260609',657,,585571,77,,,1,101,,585572,77,,,1,99,,585573,77,,,1,100,,585574,77,,,1,100,,585575,77,,,1,101,,585576,77,,,1,100,,585577,77,,,1,100,,585578,77,,,1,100,,585579,77,,,1,101,,585580,77,,,1,141,,585581,77,,,1,58,,585582,77,,,1,100,,585583,77,,,1,98,,585584,77,,,1,100,,585585,77,,,1,100,,585586,77,,,1,100,,585587,77,,,1,100,,585589,77,,,1
8401,'20260610',657,,613583,77,,,1,101,,613584,77,,,1,99,,613585,77,,,1,100,,613586,77,,,1,100,,613587,77,,,1,101,,613588,77,,,1,100,,613589,77,,,1,100,,613590,77,,,1,100,,613591,77,,,1,101,,613592,77,,,1,141,,613593,77,,,1,58,,613594,77,,,1,100,,613595,77,,,1,98,,613596,77,,,1,100,,613597,77,,,1,100,,613598,77,,,1,100,,613599,77,,,1,100,,613601,77,,,1
8401,'20260611',657,,613604,77,,,1,101,,613605,77,,,1,99,,613606,77,,,1,100,,613607,77,,,1,100,,613608,77,,,1,101,,613609,77,,,1,100,,613610,77,,,1,100,,613611,77,,,1,100,,613612,77,,,1,101,,613613,77,,,1,141,,613614,77,,,1,58,,613615,77,,,1,100,,613616,77,,,1,98,,613617,77,,,1,100,,613618,77,,,1,100,,613619,77,,,1,100,,613620,77,,,1,100,,613622,77,,,1
8401,'20260612',657,,613625,77,,,1,101,,613626,77,,,1,99,,613627,77,,,1,100,,613628,77,,,1,100,,613629,77,,,1,101,,613630,77,,,1,100,,613631,77,,,1,100,,613632,77,,,1,100,,613633,77,,,1,101,,613634,77,,,1,141,,613635,77,,,1,58,,613636,77,,,1,100,,613637,77,,,1,98,,613638,77,,,1,100,,613639,77,,,1,100,,613640,77,,,1,100,,613641,77,,,1,100,,613643,77,,,1
8401,'20260613',656,,643540,77,,,1,100,,643555,77,,,1,100,,643541,77,,,1,101,,643554,77,,,1,100,,643542,77,,,1,100,,643549,77,,,1,100,,643550,77,,,1,100,,643551,77,,,1,100,,643552,77,,,1,100,,643553,77,,,1,100,,643544,77,,,1,100,,643543,77,,,1,100,,643545,77,,,1,99,,643548,77,,,1,100,,643547,77,,,1,100,,643546,77,,,1,100,,643556,77,,,1,100,,643557,77,,,1
8401,'20260614',656,,643570,77,,,1,100,,643574,77,,,1,100,,643573,77,,,1,101,,643571,77,,,1,100,,643558,77,,,1,100,,643564,77,,,1,100,,643559,77,,,1,100,,643565,77,,,1,100,,643560,77,,,1,100,,643566,77,,,1,100,,643561,77,,,1,100,,643567,77,,,1,100,,643562,77,,,1,99,,643568,77,,,1,100,,643563,77,,,1,100,,643569,77,,,1,100,,643572,77,,,1,100,,643575,77,,,1
8401,'20260615',657,,643576,77,,,1,101,,643577,77,,,1,99,,643578,77,,,1,100,,643579,77,,,1,100,,643580,77,,,1,101,,643581,77,,,1,100,,643582,77,,,1,100,,643583,77,,,1,100,,643584,77,,,1,101,,643585,77,,,1,141,,643586,77,,,1,58,,643587,77,,,1,100,,643588,77,,,1,98,,643589,77,,,1,100,,643590,77,,,1,100,,643591,77,,,1,100,,643592,77,,,1,100,,643594,77,,,1
8401,'20260616',657,,643597,77,,,1,101,,643598,77,,,1,99,,643599,77,,,1,100,,643600,77,,,1,100,,643601,77,,,1,101,,643602,77,,,1,100,,643603,77,,,1,100,,643604,77,,,1,100,,643605,77,,,1,101,,643606,77,,,1,141,,643607,77,,,1,58,,643608,77,,,1,100,,643609,77,,,1,98,,643610,77,,,1,100,,643611,77,,,1,100,,643612,77,,,1,100,,643613,77,,,1,100,,643615,77,,,1
8601,'20260602',632,,614056,21,,,0,71,,614057,21,,,0,31,,614058,21,,,0,70,,614059,21,,,0,29,,614060,21,,,0,70,,614061,21,,,0,100,,614062,21,,,0,100,,614063,21,,,0,100,,614064,21,,,0,100,,614065,21,,,0,100,,614066,21,,,0,100,,614067,21,,,0,101,,614068,21,,,0,30,,614069,21,,,0,70,,614070,21,,,0,30,,614071,21,,,0,69,,614072,21,,,0,100,,614073,21,,,0,99,,614074,21,,,0,100,,614075,21,,,0,100,,614076,21,,,0,100,,614077,21,,,0
8601,'20260603',632,,614079,21,,,0,71,,614080,21,,,0,31,,614081,21,,,0,70,,614082,21,,,0,29,,614083,21,,,0,70,,614084,21,,,0,100,,614085,21,,,0,100,,614086,21,,,0,100,,614087,21,,,0,100,,614088,21,,,0,100,,614089,21,,,0,100,,614090,21,,,0,101,,614091,21,,,0,30,,614092,21,,,0,70,,614093,21,,,0,30,,614094,21,,,0,69,,614095,21,,,0,100,,614096,21,,,0,99,,614097,21,,,0,100,,614098,21,,,0,100,,614099,21,,,0,100,,614100,21,,,0
8601,'20260604',632,,614102,21,,,0,71,,614103,21,,,0,31,,614104,21,,,0,70,,614105,21,,,0,29,,614106,21,,,0,70,,614107,21,,,0,100,,614108,21,,,0,100,,614109,21,,,0,100,,614110,21,,,0,100,,614111,21,,,0,100,,614112,21,,,0,100,,614113,21,,,0,101,,614114,21,,,0,30,,614115,21,,,0,70,,614116,21,,,0,30,,614117,21,,,0,69,,614118,21,,,0,100,,614119,21,,,0,99,,614120,21,,,0,100,,614121,21,,,0,100,,614122,21,,,0,100,,614123,21,,,0
8601,'20260605',632,,643761,21,,,0,71,,643762,21,,,0,31,,643763,21,,,0,70,,643764,21,,,0,29,,643765,21,,,0,70,,643766,21,,,0,100,,643767,21,,,0,100,,643768,21,,,0,100,,643769,21,,,0,100,,643770,21,,,0,100,,643771,21,,,0,100,,643772,21,,,0,101,,643773,21,,,0,30,,643774,21,,,0,70,,643775,21,,,0,30,,643776,21,,,0,69,,643777,21,,,0,100,,643778,21,,,0,99,,643779,21,,,0,100,,643780,21,,,0,100,,643781,21,,,0,100,,643782,21,,,0
8601,'20260606',802,,585757,21,,,0,100,,585765,21,,,0,100,,585761,21,,,0,100,,585766,21,,,0,101,,585758,21,,,0,100,,585767,21,,,0,100,,585762,21,,,0,100,,585768,21,,,0,100,,585763,21,,,0,100,,585769,21,,,0,100,,585759,21,,,0,99,,585770,21,,,0,100,,585764,21,,,0,100,,585771,21,,,0,100,,585760,21,,,0,100,,585772,21,,,0
8601,'20260607',802,,585776,21,,,0,100,,585781,21,,,0,100,,585777,21,,,0,100,,585782,21,,,0,101,,585773,21,,,0,100,,585783,21,,,0,100,,585778,21,,,0,100,,585784,21,,,0,100,,585779,21,,,0,100,,585785,21,,,0,100,,585774,21,,,0,99,,585786,21,,,0,100,,585780,21,,,0,100,,585787,21,,,0,100,,585775,21,,,0,100,,585788,21,,,0
8601,'20260608',632,,585801,21,,,0,71,,585789,21,,,0,31,,585790,21,,,0,70,,585791,21,,,0,29,,585802,21,,,0,70,,585805,21,,,0,100,,585803,21,,,0,100,,585806,21,,,0,100,,585800,21,,,0,100,,585807,21,,,0,100,,585799,21,,,0,100,,585808,21,,,0,101,,585795,21,,,0,30,,585798,21,,,0,70,,585794,21,,,0,30,,585797,21,,,0,69,,585792,21,,,0,100,,585809,21,,,0,99,,585796,21,,,0,100,,585810,21,,,0,100,,585793,21,,,0,100,,585804,21,,,0
8601,'20260609',632,,585824,21,,,0,71,,585812,21,,,0,31,,585813,21,,,0,70,,585814,21,,,0,29,,585825,21,,,0,70,,585828,21,,,0,100,,585826,21,,,0,100,,585829,21,,,0,100,,585823,21,,,0,100,,585830,21,,,0,100,,585822,21,,,0,100,,585831,21,,,0,101,,585818,21,,,0,30,,585821,21,,,0,70,,585817,21,,,0,30,,585820,21,,,0,69,,585815,21,,,0,100,,585832,21,,,0,99,,585819,21,,,0,100,,585833,21,,,0,100,,585816,21,,,0,100,,585827,21,,,0
8601,'20260610',632,,614136,21,,,0,71,,614124,21,,,0,31,,614125,21,,,0,70,,614126,21,,,0,29,,614137,21,,,0,70,,614140,21,,,0,100,,614138,21,,,0,100,,614141,21,,,0,100,,614135,21,,,0,100,,614142,21,,,0,100,,614134,21,,,0,100,,614143,21,,,0,101,,614130,21,,,0,30,,614133,21,,,0,70,,614129,21,,,0,30,,614132,21,,,0,69,,614127,21,,,0,100,,614144,21,,,0,99,,614131,21,,,0,100,,614145,21,,,0,100,,614128,21,,,0,100,,614139,21,,,0
8601,'20260611',632,,614159,21,,,0,71,,614147,21,,,0,31,,614148,21,,,0,70,,614149,21,,,0,29,,614160,21,,,0,70,,614163,21,,,0,100,,614161,21,,,0,100,,614164,21,,,0,100,,614158,21,,,0,100,,614165,21,,,0,100,,614157,21,,,0,100,,614166,21,,,0,101,,614153,21,,,0,30,,614156,21,,,0,70,,614152,21,,,0,30,,614155,21,,,0,69,,614150,21,,,0,100,,614167,21,,,0,99,,614154,21,,,0,100,,614168,21,,,0,100,,614151,21,,,0,100,,614162,21,,,0
8601,'20260612',632,,614182,21,,,0,71,,614170,21,,,0,31,,614171,21,,,0,70,,614172,21,,,0,29,,614183,21,,,0,70,,614186,21,,,0,100,,614184,21,,,0,100,,614187,21,,,0,100,,614181,21,,,0,100,,614188,21,,,0,100,,614180,21,,,0,100,,614189,21,,,0,101,,614176,21,,,0,30,,614179,21,,,0,70,,614175,21,,,0,30,,614178,21,,,0,69,,614173,21,,,0,100,,614190,21,,,0,99,,614177,21,,,0,100,,614191,21,,,0,100,,614174,21,,,0,100,,614185,21,,,0
8601,'20260613',802,,643783,21,,,0,100,,643791,21,,,0,100,,643787,21,,,0,100,,643792,21,,,0,101,,643784,21,,,0,100,,643793,21,,,0,100,,643788,21,,,0,100,,643794,21,,,0,100,,643789,21,,,0,100,,643795,21,,,0,100,,643785,21,,,0,99,,643796,21,,,0,100,,643790,21,,,0,100,,643797,21,,,0,100,,643786,21,,,0,100,,643798,21,,,0
8601,'20260614',802,,643802,21,,,0,100,,643807,21,,,0,100,,643803,21,,,0,100,,643808,21,,,0,101,,643799,21,,,0,100,,643809,21,,,0,100,,643804,21,,,0,100,,643810,21,,,0,100,,643805,21,,,0,100,,643811,21,,,0,100,,643800,21,,,0,99,,643812,21,,,0,100,,643806,21,,,0,100,,643813,21,,,0,100,,643801,21,,,0,100,,643814,21,,,0
8601,'20260615',632,,643827,21,,,0,71,,643815,21,,,0,31,,643816,21,,,0,70,,643817,21,,,0,29,,643828,21,,,0,70,,643831,21,,,0,100,,643829,21,,,0,100,,643832,21,,,0,100,,643826,21,,,0,100,,643833,21,,,0,100,,643825,21,,,0,100,,643834,21,,,0,101,,643821,21,,,0,30,,643824,21,,,0,70,,643820,21,,,0,30,,643823,21,,,0,69,,643818,21,,,0,100,,643835,21,,,0,99,,643822,21,,,0,100,,643836,21,,,0,100,,643819,21,,,0,100,,643830,21,,,0
8601,'20260616',632,,643850,21,,,0,71,,643838,21,,,0,31,,643839,21,,,0,70,,643840,21,,,0,29,,643851,21,,,0,70,,643854,21,,,0,100,,643852,21,,,0,100,,643855,21,,,0,100,,643849,21,,,0,100,,643856,21,,,0,100,,643848,21,,,0,100,,643857,21,,,0,101,,643844,21,,,0,30,,643847,21,,,0,70,,643843,21,,,0,30,,643846,21,,,0,69,,643841,21,,,0,100,,643858,21,,,0,99,,643845,21,,,0,100,,643859,21,,,0,100,,643842,21,,,0,100,,643853,21,,,0
7008601,'20260602',1619,,635239,18,,,0
7008601,'20260603',1619,,635241,18,,,0
7008601,'20260604',1619,,635243,18,,,0
7008601,'20260605',1619,,653149,18,,,0
7008601,'20260608',1619,,595121,18,,,0
7008601,'20260609',1619,,595122,18,,,0
7008601,'20260610',1619,,635245,18,,,0
7008601,'20260611',1619,,635246,18,,,0
7008601,'20260612',1619,,635247,18,,,0
7008601,'20260615',1619,,653151,18,,,0
7008601,'20260616',1619,,653152,18,,,0
