3100,'20260317',1531,,57498,37,,,0,980,,57509,37,,,0
3100,'20260318',1531,,57521,37,,,0,980,,57532,37,,,0
3100,'20260319',1531,,57544,37,,,0,980,,57555,37,,,0
3100,'20260320',1531,,57567,37,,,0,980,,57578,37,,,0
3100,'20260321',2510,,57588,37,,,0
3100,'20260322',2510,,57598,37,,,0
3100,'20260323',1531,,57607,37,,,0,980,,57621,37,,,0
3100,'20260324',1531,,57630,37,,,0,980,,57644,37,,,0
3100,'20260325',1531,,57653,37,,,0,980,,57667,37,,,0
3100,'20260326',1531,,57676,37,,,0,980,,57690,37,,,0
3100,'20260327',1531,,57699,37,,,0,980,,57713,37,,,0
3100,'20260328',2510,,57723,37,,,0
3100,'20260329',2510,,57733,37,,,0
3100,'20260330',1531,,57742,37,,,0,980,,57756,37,,,0
3100,'20260331',1531,,57765,37,,,0,980,,57779,37,,,0
3101,'20260317',621,,57780,15,,,0,30,,57781,15,,,0,84,,57782,15,,,0,71,,57783,15,,,0,29,,57784,15,,,0,79,,57785,15,,,0,96,,57786,15,,,0,99,,57787,15,,,0,100,,57788,15,,,0,101,,57789,15,,,0,99,,57790,15,,,0,101,,57791,15,,,0,105,,57792,15,,,0,85,,57793,15,,,0,27,,57794,15,,,0,28,,57795,15,,,0,67,,57796,15,,,0,26,,57797,15,,,0,69,,57798,15,,,0,29,,57799,15,,,0,76,,57800,15,,,0,95,,57801,15,,,0,100,,57802,15,,,0,100,,57803,15,,,0
3101,'20260318',621,,57804,15,,,0,30,,57805,15,,,0,84,,57806,15,,,0,71,,57807,15,,,0,29,,57808,15,,,0,79,,57809,15,,,0,96,,57810,15,,,0,99,,57811,15,,,0,100,,57812,15,,,0,101,,57813,15,,,0,99,,57814,15,,,0,101,,57815,15,,,0,105,,57816,15,,,0,85,,57817,15,,,0,27,,57818,15,,,0,28,,57819,15,,,0,67,,57820,15,,,0,26,,57821,15,,,0,69,,57822,15,,,0,29,,57823,15,,,0,76,,57824,15,,,0,95,,57825,15,,,0,100,,57826,15,,,0,100,,57827,15,,,0
3101,'20260319',621,,57828,15,,,0,30,,57829,15,,,0,84,,57830,15,,,0,71,,57831,15,,,0,29,,57832,15,,,0,79,,57833,15,,,0,96,,57834,15,,,0,99,,57835,15,,,0,100,,57836,15,,,0,101,,57837,15,,,0,99,,57838,15,,,0,101,,57839,15,,,0,105,,57840,15,,,0,85,,57841,15,,,0,27,,57842,15,,,0,28,,57843,15,,,0,67,,57844,15,,,0,26,,57845,15,,,0,69,,57846,15,,,0,29,,57847,15,,,0,76,,57848,15,,,0,95,,57849,15,,,0,100,,57850,15,,,0,100,,57851,15,,,0
3101,'20260320',621,,57852,15,,,0,30,,57853,15,,,0,84,,57854,15,,,0,71,,57855,15,,,0,29,,57856,15,,,0,79,,57857,15,,,0,96,,57858,15,,,0,99,,57859,15,,,0,100,,57860,15,,,0,101,,57861,15,,,0,99,,57862,15,,,0,101,,57863,15,,,0,105,,57864,15,,,0,85,,57865,15,,,0,27,,57866,15,,,0,28,,57867,15,,,0,67,,57868,15,,,0,26,,57869,15,,,0,69,,57870,15,,,0,29,,57871,15,,,0,76,,57872,15,,,0,95,,57873,15,,,0,100,,57874,15,,,0,100,,57875,15,,,0
3101,'20260321',559,,57884,15,,,0,194,,57876,15,,,0,202,,57877,15,,,0,200,,57878,15,,,0,200,,57879,15,,,0,199,,57880,15,,,0,198,,57881,15,,,0,206,,57882,15,,,0,242,,57883,15,,,0,158,,57885,15,,,0
3101,'20260322',559,,57894,15,,,0,194,,57886,15,,,0,202,,57887,15,,,0,200,,57888,15,,,0,200,,57889,15,,,0,199,,57890,15,,,0,198,,57891,15,,,0,206,,57892,15,,,0,242,,57893,15,,,0,158,,57895,15,,,0
3101,'20260323',621,,57896,15,,,0,30,,57897,15,,,0,84,,57898,15,,,0,71,,57899,15,,,0,29,,57900,15,,,0,79,,57901,15,,,0,96,,57902,15,,,0,99,,57903,15,,,0,100,,57904,15,,,0,101,,57905,15,,,0,99,,57906,15,,,0,101,,57907,15,,,0,105,,57908,15,,,0,85,,57916,15,,,0,27,,57909,15,,,0,28,,57918,15,,,0,67,,57910,15,,,0,26,,57917,15,,,0,69,,57911,15,,,0,29,,57919,15,,,0,76,,57912,15,,,0,95,,57913,15,,,0,100,,57914,15,,,0,100,,57915,15,,,0
3101,'20260324',621,,57920,15,,,0,30,,57921,15,,,0,84,,57922,15,,,0,71,,57923,15,,,0,29,,57924,15,,,0,79,,57925,15,,,0,96,,57926,15,,,0,99,,57927,15,,,0,100,,57928,15,,,0,101,,57929,15,,,0,99,,57930,15,,,0,101,,57931,15,,,0,105,,57932,15,,,0,85,,57940,15,,,0,27,,57933,15,,,0,28,,57942,15,,,0,67,,57934,15,,,0,26,,57941,15,,,0,69,,57935,15,,,0,29,,57943,15,,,0,76,,57936,15,,,0,95,,57937,15,,,0,100,,57938,15,,,0,100,,57939,15,,,0
3101,'20260325',621,,57944,15,,,0,30,,57945,15,,,0,84,,57946,15,,,0,71,,57947,15,,,0,29,,57948,15,,,0,79,,57949,15,,,0,96,,57950,15,,,0,99,,57951,15,,,0,100,,57952,15,,,0,101,,57953,15,,,0,99,,57954,15,,,0,101,,57955,15,,,0,105,,57956,15,,,0,85,,57964,15,,,0,27,,57957,15,,,0,28,,57966,15,,,0,67,,57958,15,,,0,26,,57965,15,,,0,69,,57959,15,,,0,29,,57967,15,,,0,76,,57960,15,,,0,95,,57961,15,,,0,100,,57962,15,,,0,100,,57963,15,,,0
3101,'20260326',621,,57968,15,,,0,30,,57969,15,,,0,84,,57970,15,,,0,71,,57971,15,,,0,29,,57972,15,,,0,79,,57973,15,,,0,96,,57974,15,,,0,99,,57975,15,,,0,100,,57976,15,,,0,101,,57977,15,,,0,99,,57978,15,,,0,101,,57979,15,,,0,105,,57980,15,,,0,85,,57988,15,,,0,27,,57981,15,,,0,28,,57990,15,,,0,67,,57982,15,,,0,26,,57989,15,,,0,69,,57983,15,,,0,29,,57991,15,,,0,76,,57984,15,,,0,95,,57985,15,,,0,100,,57986,15,,,0,100,,57987,15,,,0
3101,'20260327',621,,57992,15,,,0,30,,57993,15,,,0,84,,57994,15,,,0,71,,57995,15,,,0,29,,57996,15,,,0,79,,57997,15,,,0,96,,57998,15,,,0,99,,57999,15,,,0,100,,58000,15,,,0,101,,58001,15,,,0,99,,58002,15,,,0,101,,58003,15,,,0,105,,58004,15,,,0,85,,58012,15,,,0,27,,58005,15,,,0,28,,58014,15,,,0,67,,58006,15,,,0,26,,58013,15,,,0,69,,58007,15,,,0,29,,58015,15,,,0,76,,58008,15,,,0,95,,58009,15,,,0,100,,58010,15,,,0,100,,58011,15,,,0
3101,'20260328',559,,58024,15,,,0,194,,58016,15,,,0,202,,58017,15,,,0,200,,58018,15,,,0,200,,58019,15,,,0,199,,58020,15,,,0,198,,58021,15,,,0,206,,58022,15,,,0,242,,58023,15,,,0,158,,58025,15,,,0
3101,'20260329',559,,58034,15,,,0,194,,58026,15,,,0,202,,58027,15,,,0,200,,58028,15,,,0,200,,58029,15,,,0,199,,58030,15,,,0,198,,58031,15,,,0,206,,58032,15,,,0,242,,58033,15,,,0,158,,58035,15,,,0
3101,'20260330',621,,58036,15,,,0,30,,58037,15,,,0,84,,58038,15,,,0,71,,58039,15,,,0,29,,58040,15,,,0,79,,58041,15,,,0,96,,58042,15,,,0,99,,58043,15,,,0,100,,58044,15,,,0,101,,58045,15,,,0,99,,58046,15,,,0,101,,58047,15,,,0,105,,58048,15,,,0,85,,58056,15,,,0,27,,58049,15,,,0,28,,58058,15,,,0,67,,58050,15,,,0,26,,58057,15,,,0,69,,58051,15,,,0,29,,58059,15,,,0,76,,58052,15,,,0,95,,58053,15,,,0,100,,58054,15,,,0,100,,58055,15,,,0
3101,'20260331',621,,58060,15,,,0,30,,58061,15,,,0,84,,58062,15,,,0,71,,58063,15,,,0,29,,58064,15,,,0,79,,58065,15,,,0,96,,58066,15,,,0,99,,58067,15,,,0,100,,58068,15,,,0,101,,58069,15,,,0,99,,58070,15,,,0,101,,58071,15,,,0,105,,58072,15,,,0,85,,58080,15,,,0,27,,58073,15,,,0,28,,58082,15,,,0,67,,58074,15,,,0,26,,58081,15,,,0,69,,58075,15,,,0,29,,58083,15,,,0,76,,58076,15,,,0,95,,58077,15,,,0,100,,58078,15,,,0,100,,58079,15,,,0
8201,'20260317',530,,73034,19,,,0,29,,73035,19,,,0,67,,73036,19,,,0,27,,73037,19,,,0,66,,73038,19,,,0,32,,73039,19,,,0,72,,73049,4,,,0,102,,73050,4,,,0,101,,73040,19,,,0,99,,73051,4,,,0,100,,73041,19,,,0,101,,73052,4,,,0,101,,73042,19,,,0,97,,73053,4,,,0,28,,73043,19,,,0,99,,73044,19,,,0,176,,73045,19,,,0,101,,73046,19,,,0,100,,73054,4,,,0,130,,73047,19,,,0,172,,73048,19,,,0
8201,'20260318',530,,73057,19,,,0,29,,73058,19,,,0,67,,73059,19,,,0,27,,73060,19,,,0,66,,73061,19,,,0,32,,73062,19,,,0,72,,73072,4,,,0,102,,73073,4,,,0,101,,73063,19,,,0,99,,73074,4,,,0,100,,73064,19,,,0,101,,73075,4,,,0,101,,73065,19,,,0,97,,73076,4,,,0,28,,73066,19,,,0,99,,73067,19,,,0,176,,73068,19,,,0,101,,73069,19,,,0,100,,73077,4,,,0,130,,73070,19,,,0,172,,73071,19,,,0
8201,'20260319',530,,73080,19,,,0,29,,73081,19,,,0,67,,73082,19,,,0,27,,73083,19,,,0,66,,73084,19,,,0,32,,73085,19,,,0,72,,73095,4,,,0,102,,73096,4,,,0,101,,73086,19,,,0,99,,73097,4,,,0,100,,73087,19,,,0,101,,73098,4,,,0,101,,73088,19,,,0,97,,73099,4,,,0,28,,73089,19,,,0,99,,73090,19,,,0,176,,73091,19,,,0,101,,73092,19,,,0,100,,73100,4,,,0,130,,73093,19,,,0,172,,73094,19,,,0
8201,'20260320',530,,73103,19,,,0,29,,73104,19,,,0,67,,73105,19,,,0,27,,73106,19,,,0,66,,73107,19,,,0,32,,73108,19,,,0,72,,73118,4,,,0,102,,73119,4,,,0,101,,73109,19,,,0,99,,73120,4,,,0,100,,73110,19,,,0,101,,73121,4,,,0,101,,73111,19,,,0,97,,73122,4,,,0,28,,73112,19,,,0,99,,73113,19,,,0,176,,73114,19,,,0,101,,73115,19,,,0,100,,73123,4,,,0,130,,73116,19,,,0,172,,73117,19,,,0
8201,'20260321',630,,73139,19,,,0,97,,73133,19,,,0,100,,73134,19,,,0,100,,73127,4,,,0,100,,73137,19,,,0,100,,73128,4,,,0,100,,73124,19,,,0,100,,73129,4,,,0,100,,73135,19,,,0,101,,73130,4,,,0,100,,73136,19,,,0,100,,73131,19,,,0,101,,73138,4,,,0,101,,73125,19,,,0,101,,73132,4,,,0,170,,73140,4,,,0,130,,73126,19,,,0
8201,'20260322',630,,73157,19,,,0,97,,73156,19,,,0,100,,73152,19,,,0,100,,73154,4,,,0,100,,73153,19,,,0,100,,73155,4,,,0,100,,73146,19,,,0,100,,73141,4,,,0,100,,73150,19,,,0,101,,73142,4,,,0,100,,73149,19,,,0,100,,73143,19,,,0,101,,73151,4,,,0,101,,73147,19,,,0,101,,73145,4,,,0,170,,73144,4,,,0,130,,73148,19,,,0
8201,'20260323',530,,73158,19,,,0,29,,73159,19,,,0,67,,73160,19,,,0,27,,73161,19,,,0,66,,73176,19,,,0,32,,73173,19,,,0,72,,73180,4,,,0,102,,73167,4,,,0,101,,73162,19,,,0,99,,73168,4,,,0,100,,73163,19,,,0,101,,73169,4,,,0,101,,73175,19,,,0,97,,73170,4,,,0,28,,73174,19,,,0,99,,73164,19,,,0,176,,73165,19,,,0,101,,73177,19,,,0,100,,73171,4,,,0,130,,73172,19,,,0,171,,73166,19,,,0
8201,'20260324',530,,73181,19,,,0,29,,73182,19,,,0,67,,73183,19,,,0,27,,73184,19,,,0,66,,73199,19,,,0,32,,73196,19,,,0,72,,73203,4,,,0,102,,73190,4,,,0,101,,73185,19,,,0,99,,73191,4,,,0,100,,73186,19,,,0,101,,73192,4,,,0,101,,73198,19,,,0,97,,73193,4,,,0,28,,73197,19,,,0,99,,73187,19,,,0,176,,73188,19,,,0,101,,73200,19,,,0,100,,73194,4,,,0,130,,73195,19,,,0,171,,73189,19,,,0
8201,'20260325',530,,73204,19,,,0,29,,73205,19,,,0,67,,73206,19,,,0,27,,73207,19,,,0,66,,73222,19,,,0,32,,73219,19,,,0,72,,73226,4,,,0,102,,73213,4,,,0,101,,73208,19,,,0,99,,73214,4,,,0,100,,73209,19,,,0,101,,73215,4,,,0,101,,73221,19,,,0,97,,73216,4,,,0,28,,73220,19,,,0,99,,73210,19,,,0,176,,73211,19,,,0,101,,73223,19,,,0,100,,73217,4,,,0,130,,73218,19,,,0,171,,73212,19,,,0
8201,'20260326',530,,73227,19,,,0,29,,73228,19,,,0,67,,73229,19,,,0,27,,73230,19,,,0,66,,73245,19,,,0,32,,73242,19,,,0,72,,73249,4,,,0,102,,73236,4,,,0,101,,73231,19,,,0,99,,73237,4,,,0,100,,73232,19,,,0,101,,73238,4,,,0,101,,73244,19,,,0,97,,73239,4,,,0,28,,73243,19,,,0,99,,73233,19,,,0,176,,73234,19,,,0,101,,73246,19,,,0,100,,73240,4,,,0,130,,73241,19,,,0,171,,73235,19,,,0
8201,'20260327',530,,73250,19,,,0,29,,73251,19,,,0,67,,73252,19,,,0,27,,73253,19,,,0,66,,73268,19,,,0,32,,73265,19,,,0,72,,73272,4,,,0,102,,73259,4,,,0,101,,73254,19,,,0,99,,73260,4,,,0,100,,73255,19,,,0,101,,73261,4,,,0,101,,73267,19,,,0,97,,73262,4,,,0,28,,73266,19,,,0,99,,73256,19,,,0,176,,73257,19,,,0,101,,73269,19,,,0,100,,73263,4,,,0,130,,73264,19,,,0,171,,73258,19,,,0
8201,'20260328',630,,73288,19,,,0,97,,73282,19,,,0,100,,73283,19,,,0,100,,73276,4,,,0,100,,73286,19,,,0,100,,73277,4,,,0,100,,73273,19,,,0,100,,73278,4,,,0,100,,73284,19,,,0,101,,73279,4,,,0,100,,73285,19,,,0,100,,73280,19,,,0,101,,73287,4,,,0,101,,73274,19,,,0,101,,73281,4,,,0,170,,73289,4,,,0,130,,73275,19,,,0
8201,'20260329',630,,73306,19,,,0,97,,73305,19,,,0,100,,73301,19,,,0,100,,73303,4,,,0,100,,73302,19,,,0,100,,73304,4,,,0,100,,73295,19,,,0,100,,73290,4,,,0,100,,73299,19,,,0,101,,73291,4,,,0,100,,73298,19,,,0,100,,73292,19,,,0,101,,73300,4,,,0,101,,73296,19,,,0,101,,73294,4,,,0,170,,73293,4,,,0,130,,73297,19,,,0
8201,'20260330',530,,73307,19,,,0,29,,73308,19,,,0,67,,73309,19,,,0,27,,73310,19,,,0,66,,73325,19,,,0,32,,73322,19,,,0,72,,73329,4,,,0,102,,73316,4,,,0,101,,73311,19,,,0,99,,73317,4,,,0,100,,73312,19,,,0,101,,73318,4,,,0,101,,73324,19,,,0,97,,73319,4,,,0,28,,73323,19,,,0,99,,73313,19,,,0,176,,73314,19,,,0,101,,73326,19,,,0,100,,73320,4,,,0,130,,73321,19,,,0,171,,73315,19,,,0
8201,'20260331',530,,73330,19,,,0,29,,73331,19,,,0,67,,73332,19,,,0,27,,73333,19,,,0,66,,73348,19,,,0,32,,73345,19,,,0,72,,73352,4,,,0,102,,73339,4,,,0,101,,73334,19,,,0,99,,73340,4,,,0,100,,73335,19,,,0,101,,73341,4,,,0,101,,73347,19,,,0,97,,73342,4,,,0,28,,73346,19,,,0,99,,73336,19,,,0,176,,73337,19,,,0,101,,73349,19,,,0,100,,73343,4,,,0,130,,73344,19,,,0,171,,73338,19,,,0
28201,'20260317',608,,80581,19,,,0,21,,80582,19,,,0,71,,80583,19,,,0,21,,80584,19,,,0,84,,80585,19,,,0
28201,'20260318',608,,80586,19,,,0,21,,80587,19,,,0,71,,80588,19,,,0,21,,80589,19,,,0,84,,80590,19,,,0
28201,'20260319',608,,80591,19,,,0,21,,80592,19,,,0,71,,80593,19,,,0,21,,80594,19,,,0,84,,80595,19,,,0
28201,'20260320',608,,80596,19,,,0,21,,80597,19,,,0,71,,80598,19,,,0,21,,80599,19,,,0,84,,80600,19,,,0
28201,'20260323',608,,80601,19,,,0,21,,80604,19,,,0,71,,80605,19,,,0,21,,80602,19,,,0,84,,80603,19,,,0
28201,'20260324',608,,80606,19,,,0,21,,80609,19,,,0,71,,80610,19,,,0,21,,80607,19,,,0,84,,80608,19,,,0
28201,'20260325',608,,80611,19,,,0,21,,80614,19,,,0,71,,80615,19,,,0,21,,80612,19,,,0,84,,80613,19,,,0
28201,'20260326',608,,80616,19,,,0,21,,80619,19,,,0,71,,80620,19,,,0,21,,80617,19,,,0,84,,80618,19,,,0
28201,'20260327',608,,80621,19,,,0,21,,80624,19,,,0,71,,80625,19,,,0,21,,80622,19,,,0,84,,80623,19,,,0
28201,'20260330',608,,80626,19,,,0,21,,80629,19,,,0,71,,80630,19,,,0,21,,80627,19,,,0,84,,80628,19,,,0
28201,'20260331',608,,80631,19,,,0,21,,80634,19,,,0,71,,80635,19,,,0,21,,80632,19,,,0,84,,80633,19,,,0
37201,'20260317',624,,82222,19,,,0,17,,82223,19,,,0,73,,82224,19,,,0,139,,82225,19,,,0,200,,82226,19,,,0
37201,'20260318',624,,82227,19,,,0,17,,82228,19,,,0,73,,82229,19,,,0,139,,82230,19,,,0,200,,82231,19,,,0
37201,'20260319',624,,82232,19,,,0,17,,82233,19,,,0,73,,82234,19,,,0,139,,82235,19,,,0,200,,82236,19,,,0
37201,'20260320',624,,82237,19,,,0,17,,82238,19,,,0,73,,82239,19,,,0,139,,82240,19,,,0,200,,82241,19,,,0
37201,'20260323',621,,82243,19,,,0,20,,82242,19,,,0,73,,82246,19,,,0,139,,82244,19,,,0,200,,82245,19,,,0
37201,'20260324',621,,82248,19,,,0,20,,82247,19,,,0,73,,82251,19,,,0,139,,82249,19,,,0,200,,82250,19,,,0
37201,'20260325',621,,82253,19,,,0,20,,82252,19,,,0,73,,82256,19,,,0,139,,82254,19,,,0,200,,82255,19,,,0
37201,'20260326',621,,82258,19,,,0,20,,82257,19,,,0,73,,82261,19,,,0,139,,82259,19,,,0,200,,82260,19,,,0
37201,'20260327',621,,82263,19,,,0,20,,82262,19,,,0,73,,82266,19,,,0,139,,82264,19,,,0,200,,82265,19,,,0
37201,'20260330',621,,82268,19,,,0,20,,82267,19,,,0,73,,82271,19,,,0,139,,82269,19,,,0,200,,82270,19,,,0
37201,'20260331',621,,82273,19,,,0,20,,82272,19,,,0,73,,82276,19,,,0,139,,82274,19,,,0,200,,82275,19,,,0
57201,'20260317',630,,83492,19,,,0,19,,83493,19,,,0,75,,83494,19,,,0
57201,'20260318',630,,83495,19,,,0,19,,83496,19,,,0,75,,83497,19,,,0
57201,'20260319',630,,83498,19,,,0,19,,83499,19,,,0,75,,83500,19,,,0
57201,'20260320',630,,83501,19,,,0,19,,83502,19,,,0,75,,83503,19,,,0
57201,'20260323',626,,83504,19,,,0,19,,83505,19,,,0,79,,83506,19,,,0
57201,'20260324',626,,83507,19,,,0,19,,83508,19,,,0,79,,83509,19,,,0
57201,'20260325',626,,83510,19,,,0,19,,83511,19,,,0,79,,83512,19,,,0
57201,'20260326',626,,83513,19,,,0,19,,83514,19,,,0,79,,83515,19,,,0
57201,'20260327',626,,83516,19,,,0,19,,83517,19,,,0,79,,83518,19,,,0
57201,'20260330',626,,83519,19,,,0,19,,83520,19,,,0,79,,83521,19,,,0
57201,'20260331',626,,83522,19,,,0,19,,83523,19,,,0,79,,83524,19,,,0
93100,'20260320',2620,,102949,70,,,0,125,,102950,89,,,0
93100,'20260321',2620,,102951,70,,,0,125,,102952,91,,,0
93100,'20260327',2620,,102953,70,,,0,125,,102954,91,,,0
93100,'20260328',2620,,102955,70,,,0,125,,102956,91,,,0
