27400,'20260630',1627,,832428,19,4,,0,73,,832429,19,4,,0,29,,832430,19,4,,0,25,,832431,19,4,,0,68,,832432,19,4,,0
27400,'20260702',1627,,832433,19,4,,0,73,,832434,19,4,,0,29,,832435,19,4,,0,25,,832436,19,4,,0,68,,832437,19,4,,0
27400,'20260703',1627,,854909,19,4,,0,73,,854910,19,4,,0,29,,854911,19,4,,0,25,,854912,19,4,,0,68,,854913,19,4,,0
27400,'20260706',1627,,805913,19,4,,0,73,,805914,19,4,,0,29,,805916,19,4,,0,25,,805917,19,4,,0,68,,805915,19,4,,0
27400,'20260707',1627,,805918,19,4,,0,73,,805919,19,4,,0,29,,805921,19,4,,0,25,,805922,19,4,,0,68,,805920,19,4,,0
27400,'20260708',1627,,832438,19,4,,0,73,,832439,19,4,,0,29,,832441,19,4,,0,25,,832442,19,4,,0,68,,832440,19,4,,0
27400,'20260709',1627,,832443,19,4,,0,73,,832444,19,4,,0,29,,832446,19,4,,0,25,,832447,19,4,,0,68,,832445,19,4,,0
27400,'20260710',1627,,832448,19,4,,0,73,,832449,19,4,,0,29,,832451,19,4,,0,25,,832452,19,4,,0,68,,832450,19,4,,0
27400,'20260713',1627,,854914,19,4,,0,73,,854915,19,4,,0,29,,854917,19,4,,0,25,,854918,19,4,,0,68,,854916,19,4,,0
27400,'20260714',1627,,854919,19,4,,0,73,,854920,19,4,,0,29,,854922,19,4,,0,25,,854923,19,4,,0,68,,854921,19,4,,0
57400,'20260630',1619,,833495,22,4,,0,33,,833496,22,4,,0,95,,833497,22,4,,0
57400,'20260702',1619,,833498,22,4,,0,33,,833499,22,4,,0,95,,833500,22,4,,0
57400,'20260703',1619,,855460,22,4,,0,33,,855461,22,4,,0,95,,855462,22,4,,0
57400,'20260706',1619,,806621,22,4,,0,33,,806620,22,4,,0,95,,806619,22,4,,0
57400,'20260707',1619,,806624,22,4,,0,33,,806623,22,4,,0,95,,806622,22,4,,0
57400,'20260708',1619,,833503,22,4,,0,33,,833502,22,4,,0,95,,833501,22,4,,0
57400,'20260709',1619,,833506,22,4,,0,33,,833505,22,4,,0,95,,833504,22,4,,0
57400,'20260710',1619,,833509,22,4,,0,33,,833508,22,4,,0,95,,833507,22,4,,0
57400,'20260713',1619,,855465,22,4,,0,33,,855464,22,4,,0,95,,855463,22,4,,0
57400,'20260714',1619,,855468,22,4,,0,33,,855467,22,4,,0,95,,855466,22,4,,0
