1202,'20260608',638,,656088,18,,,0,70,,656089,18,,,0,30,,656090,18,,,0,72,,656091,18,,,0,31,,656092,18,,,0,99,,656093,18,,,0,99,,656094,18,,,0,100,,656095,18,,,0,101,,656096,18,,,0,100,,656097,18,,,0,100,,656098,18,,,0,100,,656099,18,,,0,100,,656087,18,,,0,2,,656100,18,,,0,107,,656101,18,,,0,95,,656102,18,,,0,94,,656103,18,,,0,97,,656104,18,,,0,98,,656105,18,,,0,99,,656106,18,,,0
1202,'20260609',638,,656108,18,,,0,70,,656109,18,,,0,30,,656110,18,,,0,72,,656111,18,,,0,31,,656112,18,,,0,99,,656113,18,,,0,99,,656114,18,,,0,100,,656115,18,,,0,101,,656116,18,,,0,100,,656117,18,,,0,100,,656118,18,,,0,100,,656119,18,,,0,100,,656107,18,,,0,2,,656120,18,,,0,107,,656121,18,,,0,95,,656122,18,,,0,94,,656123,18,,,0,97,,656124,18,,,0,98,,656125,18,,,0,99,,656126,18,,,0
1202,'20260610',638,,656128,18,,,0,70,,656129,18,,,0,30,,656130,18,,,0,72,,656131,18,,,0,31,,656132,18,,,0,99,,656133,18,,,0,99,,656134,18,,,0,100,,656135,18,,,0,101,,656136,18,,,0,100,,656137,18,,,0,100,,656138,18,,,0,100,,656139,18,,,0,100,,656127,18,,,0,2,,656140,18,,,0,107,,656141,18,,,0,95,,656142,18,,,0,94,,656143,18,,,0,97,,656144,18,,,0,98,,656145,18,,,0,99,,656146,18,,,0
1202,'20260611',638,,656148,18,,,0,70,,656149,18,,,0,30,,656150,18,,,0,72,,656151,18,,,0,31,,656152,18,,,0,99,,656153,18,,,0,99,,656154,18,,,0,100,,656155,18,,,0,101,,656156,18,,,0,100,,656157,18,,,0,100,,656158,18,,,0,100,,656159,18,,,0,100,,656147,18,,,0,2,,656160,18,,,0,107,,656161,18,,,0,95,,656162,18,,,0,94,,656163,18,,,0,97,,656164,18,,,0,98,,656165,18,,,0,99,,656166,18,,,0
1202,'20260612',638,,689062,18,,,0,70,,689063,18,,,0,30,,689064,18,,,0,72,,689065,18,,,0,31,,689066,18,,,0,99,,689067,18,,,0,99,,689068,18,,,0,100,,689069,18,,,0,101,,689070,18,,,0,100,,689071,18,,,0,100,,689072,18,,,0,100,,689073,18,,,0,100,,689061,18,,,0,2,,689074,18,,,0,107,,689075,18,,,0,95,,689076,18,,,0,94,,689077,18,,,0,97,,689078,18,,,0,98,,689079,18,,,0,99,,689080,18,,,0
1202,'20260613',819,,636810,18,,,0,101,,636811,18,,,0,102,,636812,18,,,0,100,,636819,18,,,0,102,,636820,18,,,0,96,,636821,18,,,0,108,,636822,18,,,0,98,,636823,18,,,0,100,,636824,18,,,0,99,,636825,18,,,0,97,,636813,18,,,0,98,,636814,18,,,0,99,,636815,18,,,0,100,,636816,18,,,0,100,,636817,18,,,0,100,,636818,18,,,0
1202,'20260614',819,,636826,18,,,0,101,,636827,18,,,0,102,,636828,18,,,0,100,,636829,18,,,0,102,,636830,18,,,0,96,,636831,18,,,0,108,,636832,18,,,0,98,,636833,18,,,0,100,,636834,18,,,0,99,,636835,18,,,0,97,,636836,18,,,0,98,,636837,18,,,0,99,,636838,18,,,0,100,,636839,18,,,0,100,,636840,18,,,0,100,,636841,18,,,0
1202,'20260615',638,,636860,18,,,0,70,,636842,18,,,0,30,,636843,18,,,0,72,,636844,18,,,0,31,,636845,18,,,0,99,,636846,18,,,0,99,,636847,18,,,0,100,,636848,18,,,0,101,,636849,18,,,0,100,,636850,18,,,0,100,,636851,18,,,0,100,,636852,18,,,0,102,,636853,18,,,0,107,,636854,18,,,0,95,,636855,18,,,0,94,,636856,18,,,0,97,,636857,18,,,0,98,,636858,18,,,0,99,,636859,18,,,0
1202,'20260616',638,,636879,18,,,0,70,,636861,18,,,0,30,,636862,18,,,0,72,,636863,18,,,0,31,,636864,18,,,0,99,,636865,18,,,0,99,,636866,18,,,0,100,,636867,18,,,0,101,,636868,18,,,0,100,,636869,18,,,0,100,,636870,18,,,0,100,,636871,18,,,0,102,,636872,18,,,0,107,,636873,18,,,0,95,,636874,18,,,0,94,,636875,18,,,0,97,,636876,18,,,0,98,,636877,18,,,0,99,,636878,18,,,0
1202,'20260617',638,,656185,18,,,0,70,,656167,18,,,0,30,,656168,18,,,0,72,,656169,18,,,0,31,,656170,18,,,0,99,,656171,18,,,0,99,,656172,18,,,0,100,,656173,18,,,0,101,,656174,18,,,0,100,,656175,18,,,0,100,,656176,18,,,0,100,,656177,18,,,0,102,,656178,18,,,0,107,,656179,18,,,0,95,,656180,18,,,0,94,,656181,18,,,0,97,,656182,18,,,0,98,,656183,18,,,0,99,,656184,18,,,0
1202,'20260618',638,,656204,18,,,0,70,,656186,18,,,0,30,,656187,18,,,0,72,,656188,18,,,0,31,,656189,18,,,0,99,,656190,18,,,0,99,,656191,18,,,0,100,,656192,18,,,0,101,,656193,18,,,0,100,,656194,18,,,0,100,,656195,18,,,0,100,,656196,18,,,0,102,,656197,18,,,0,107,,656198,18,,,0,95,,656199,18,,,0,94,,656200,18,,,0,97,,656201,18,,,0,98,,656202,18,,,0,99,,656203,18,,,0
1202,'20260619',638,,656223,18,,,0,70,,656205,18,,,0,30,,656206,18,,,0,72,,656207,18,,,0,31,,656208,18,,,0,99,,656209,18,,,0,99,,656210,18,,,0,100,,656211,18,,,0,101,,656212,18,,,0,100,,656213,18,,,0,100,,656214,18,,,0,100,,656215,18,,,0,102,,656216,18,,,0,107,,656217,18,,,0,95,,656218,18,,,0,94,,656219,18,,,0,97,,656220,18,,,0,98,,656221,18,,,0,99,,656222,18,,,0
1202,'20260620',819,,689081,18,,,0,101,,689082,18,,,0,102,,689083,18,,,0,100,,689090,18,,,0,102,,689091,18,,,0,102,,689092,18,,,0,100,,689093,18,,,0,100,,689094,18,,,0,100,,689095,18,,,0,99,,689096,18,,,0,98,,689084,18,,,0,98,,689085,18,,,0,99,,689086,18,,,0,99,,689087,18,,,0,100,,689088,18,,,0,100,,689089,18,,,0
1202,'20260621',819,,689097,18,,,0,101,,689098,18,,,0,102,,689099,18,,,0,100,,689100,18,,,0,102,,689101,18,,,0,102,,689102,18,,,0,100,,689103,18,,,0,100,,689104,18,,,0,100,,689105,18,,,0,99,,689106,18,,,0,98,,689107,18,,,0,98,,689108,18,,,0,99,,689109,18,,,0,99,,689110,18,,,0,100,,689111,18,,,0,100,,689112,18,,,0
1202,'20260622',641,,689131,18,,,0,70,,689113,18,,,0,31,,689114,18,,,0,73,,689115,18,,,0,30,,689116,18,,,0,100,,689117,18,,,0,98,,689118,18,,,0,100,,689119,18,,,0,100,,689120,18,,,0,99,,689121,18,,,0,99,,689122,18,,,0,100,,689123,18,,,0,104,,689124,18,,,0,106,,689125,18,,,0,94,,689126,18,,,0,98,,689127,18,,,0,100,,689128,18,,,0,99,,689129,18,,,0,99,,689130,18,,,0
