5902,'20260505',729,,395132,44,,,0,104,,395133,44,,,0,69,,395134,44,,,0,26,,395135,44,,,0,100,,395136,44,,,0,100,,395137,44,,,0,101,,395138,44,,,0,100,,395139,44,,,0,100,,395140,44,,,0,102,,395141,44,,,0,110,,395142,44,,,0,93,,395143,44,,,0,95,,395144,44,,,0,99,,395145,44,,,0,99,,395146,44,,,0,100,,395147,44,,,0,99,,395148,44,,,0,99,,395149,44,,,0
5902,'20260506',729,,395150,44,,,0,104,,395151,44,,,0,69,,395152,44,,,0,26,,395153,44,,,0,100,,395154,44,,,0,100,,395155,44,,,0,101,,395156,44,,,0,100,,395157,44,,,0,100,,395158,44,,,0,102,,395159,44,,,0,110,,395160,44,,,0,93,,395161,44,,,0,95,,395162,44,,,0,99,,395163,44,,,0,99,,395164,44,,,0,100,,395165,44,,,0,99,,395166,44,,,0,99,,395167,44,,,0
5902,'20260507',729,,395168,44,,,0,104,,395169,44,,,0,69,,395170,44,,,0,26,,395171,44,,,0,100,,395172,44,,,0,100,,395173,44,,,0,101,,395174,44,,,0,100,,395175,44,,,0,100,,395176,44,,,0,102,,395177,44,,,0,110,,395178,44,,,0,93,,395179,44,,,0,95,,395180,44,,,0,99,,395181,44,,,0,99,,395182,44,,,0,100,,395183,44,,,0,99,,395184,44,,,0,99,,395185,44,,,0
5902,'20260508',729,,427246,44,,,0,104,,427247,44,,,0,69,,427248,44,,,0,26,,427249,44,,,0,100,,427250,44,,,0,100,,427251,44,,,0,101,,427252,44,,,0,100,,427253,44,,,0,100,,427254,44,,,0,102,,427255,44,,,0,110,,427256,44,,,0,93,,427257,44,,,0,95,,427258,44,,,0,99,,427259,44,,,0,99,,427260,44,,,0,100,,427261,44,,,0,99,,427262,44,,,0,99,,427263,44,,,0
5902,'20260509',826,,365033,44,,,0,101,,365034,44,,,0,102,,365035,44,,,0,100,,365036,44,,,0,100,,365037,44,,,0,100,,365038,44,,,0,100,,365039,44,,,0,100,,365040,44,,,0,100,,365041,44,,,0,100,,365042,44,,,0,99,,365043,44,,,0,98,,365044,44,,,0,100,,365045,44,,,0,100,,365046,44,,,0,100,,365047,44,,,0
5902,'20260510',826,,365048,44,,,0,101,,365049,44,,,0,102,,365050,44,,,0,100,,365051,44,,,0,100,,365052,44,,,0,100,,365053,44,,,0,100,,365054,44,,,0,100,,365055,44,,,0,100,,365056,44,,,0,100,,365057,44,,,0,99,,365058,44,,,0,98,,365059,44,,,0,100,,365060,44,,,0,100,,365061,44,,,0,100,,365062,44,,,0
5902,'20260511',729,,365063,44,,,0,104,,365064,44,,,0,69,,365080,44,,,0,26,,365065,44,,,0,100,,365066,44,,,0,100,,365067,44,,,0,101,,365068,44,,,0,100,,365069,44,,,0,100,,365070,44,,,0,102,,365071,44,,,0,110,,365072,44,,,0,93,,365073,44,,,0,95,,365074,44,,,0,99,,365075,44,,,0,99,,365076,44,,,0,100,,365077,44,,,0,99,,365078,44,,,0,99,,365079,44,,,0
5902,'20260512',729,,395186,44,,,0,104,,395187,44,,,0,69,,395203,44,,,0,26,,395188,44,,,0,100,,395189,44,,,0,100,,395190,44,,,0,101,,395191,44,,,0,100,,395192,44,,,0,100,,395193,44,,,0,102,,395194,44,,,0,110,,395195,44,,,0,93,,395196,44,,,0,95,,395197,44,,,0,99,,395198,44,,,0,99,,395199,44,,,0,100,,395200,44,,,0,99,,395201,44,,,0,99,,395202,44,,,0
5902,'20260513',729,,395204,44,,,0,104,,395205,44,,,0,69,,395221,44,,,0,26,,395206,44,,,0,100,,395207,44,,,0,100,,395208,44,,,0,101,,395209,44,,,0,100,,395210,44,,,0,100,,395211,44,,,0,102,,395212,44,,,0,110,,395213,44,,,0,93,,395214,44,,,0,95,,395215,44,,,0,99,,395216,44,,,0,99,,395217,44,,,0,100,,395218,44,,,0,99,,395219,44,,,0,99,,395220,44,,,0
5902,'20260514',729,,395222,44,,,0,104,,395223,44,,,0,69,,395239,44,,,0,26,,395224,44,,,0,100,,395225,44,,,0,100,,395226,44,,,0,101,,395227,44,,,0,100,,395228,44,,,0,100,,395229,44,,,0,102,,395230,44,,,0,110,,395231,44,,,0,93,,395232,44,,,0,95,,395233,44,,,0,99,,395234,44,,,0,99,,395235,44,,,0,100,,395236,44,,,0,99,,395237,44,,,0,99,,395238,44,,,0
5902,'20260515',729,,395240,44,,,0,104,,395241,44,,,0,69,,395257,44,,,0,26,,395242,44,,,0,100,,395243,44,,,0,100,,395244,44,,,0,101,,395245,44,,,0,100,,395246,44,,,0,100,,395247,44,,,0,102,,395248,44,,,0,110,,395249,44,,,0,93,,395250,44,,,0,95,,395251,44,,,0,99,,395252,44,,,0,99,,395253,44,,,0,100,,395254,44,,,0,99,,395255,44,,,0,99,,395256,44,,,0
5902,'20260516',826,,427264,44,,,0,101,,427265,44,,,0,102,,427266,44,,,0,100,,427267,44,,,0,100,,427268,44,,,0,100,,427269,44,,,0,100,,427270,44,,,0,100,,427271,44,,,0,100,,427272,44,,,0,100,,427273,44,,,0,99,,427274,44,,,0,98,,427275,44,,,0,100,,427276,44,,,0,100,,427277,44,,,0,100,,427278,44,,,0
5902,'20260517',826,,427279,44,,,0,101,,427280,44,,,0,102,,427281,44,,,0,100,,427282,44,,,0,100,,427283,44,,,0,100,,427284,44,,,0,100,,427285,44,,,0,100,,427286,44,,,0,100,,427287,44,,,0,100,,427288,44,,,0,99,,427289,44,,,0,98,,427290,44,,,0,100,,427291,44,,,0,100,,427292,44,,,0,100,,427293,44,,,0
5902,'20260518',826,,427294,44,,,0,101,,427295,44,,,0,102,,427296,44,,,0,100,,427297,44,,,0,100,,427298,44,,,0,100,,427299,44,,,0,100,,427300,44,,,0,100,,427301,44,,,0,100,,427302,44,,,0,100,,427303,44,,,0,99,,427304,44,,,0,98,,427305,44,,,0,100,,427306,44,,,0,100,,427307,44,,,0,100,,427308,44,,,0
5902,'20260519',729,,427309,44,,,0,104,,427310,44,,,0,69,,427326,44,,,0,26,,427311,44,,,0,100,,427312,44,,,0,100,,427313,44,,,0,101,,427314,44,,,0,100,,427315,44,,,0,100,,427316,44,,,0,102,,427317,44,,,0,110,,427318,44,,,0,93,,427319,44,,,0,95,,427320,44,,,0,99,,427321,44,,,0,99,,427322,44,,,0,100,,427323,44,,,0,99,,427324,44,,,0,99,,427325,44,,,0
25000,'20260505',1542,,404654,29,4,,0,73,,404655,29,4,,0,19,,404656,29,4,,0,15,,404657,29,4,,0,65,,404658,29,4,,0,27,,404659,29,4,,0,15,,404660,29,4,,0,55,,404661,29,4,,0
25000,'20260506',1542,,404662,29,4,,0,73,,404663,29,4,,0,19,,404664,29,4,,0,15,,404665,29,4,,0,65,,404666,29,4,,0,27,,404667,29,4,,0,15,,404668,29,4,,0,55,,404669,29,4,,0
25000,'20260507',1542,,404670,29,4,,0,73,,404671,29,4,,0,19,,404672,29,4,,0,15,,404673,29,4,,0,65,,404674,29,4,,0,27,,404675,29,4,,0,15,,404676,29,4,,0,55,,404677,29,4,,0
25000,'20260508',1542,,431434,29,4,,0,73,,431435,29,4,,0,19,,431436,29,4,,0,15,,431437,29,4,,0,65,,431438,29,4,,0,27,,431439,29,4,,0,15,,431440,29,4,,0,55,,431441,29,4,,0
25000,'20260511',1542,,371511,29,4,,0,73,,371512,29,4,,0,19,,371513,29,4,,0,15,,371514,29,4,,0,65,,371515,29,4,,0,27,,371516,29,4,,0,15,,371517,29,4,,0,55,,371518,29,4,,0
25000,'20260512',1542,,404678,29,4,,0,73,,404679,29,4,,0,19,,404680,29,4,,0,15,,404681,29,4,,0,65,,404682,29,4,,0,27,,404683,29,4,,0,15,,404684,29,4,,0,55,,404685,29,4,,0
25000,'20260513',1542,,404686,29,4,,0,73,,404687,29,4,,0,19,,404688,29,4,,0,15,,404689,29,4,,0,65,,404690,29,4,,0,27,,404691,29,4,,0,15,,404692,29,4,,0,55,,404693,29,4,,0
25000,'20260514',1542,,404694,29,4,,0,73,,404695,29,4,,0,19,,404696,29,4,,0,15,,404697,29,4,,0,65,,404698,29,4,,0,27,,404699,29,4,,0,15,,404700,29,4,,0,55,,404701,29,4,,0
25000,'20260515',1542,,404702,29,4,,0,73,,404703,29,4,,0,19,,404704,29,4,,0,15,,404705,29,4,,0,65,,404706,29,4,,0,27,,404707,29,4,,0,15,,404708,29,4,,0,55,,404709,29,4,,0
25000,'20260519',1542,,431442,29,4,,0,73,,431443,29,4,,0,19,,431444,29,4,,0,15,,431445,29,4,,0,65,,431446,29,4,,0,27,,431447,29,4,,0,15,,431448,29,4,,0,55,,431449,29,4,,0
35000,'20260505',1303,,406646,47,4,,0,304,,406647,47,4,,0,104,,406648,47,4,,0,91,,406649,47,4,,0,108,,406650,47,4,,0
35000,'20260506',1303,,406651,47,4,,0,304,,406652,47,4,,0,104,,406653,47,4,,0,91,,406654,47,4,,0,108,,406655,47,4,,0
35000,'20260507',1303,,406656,47,4,,0,304,,406657,47,4,,0,104,,406658,47,4,,0,91,,406659,47,4,,0,108,,406660,47,4,,0
35000,'20260508',1303,,431933,47,4,,0,304,,431934,47,4,,0,104,,431935,47,4,,0,91,,431936,47,4,,0,108,,431937,47,4,,0
35000,'20260511',1303,,372746,47,4,,0,304,,372750,47,4,,0,104,,372747,47,4,,0,91,,372748,47,4,,0,108,,372749,47,4,,0
35000,'20260512',1303,,406661,47,4,,0,304,,406665,47,4,,0,104,,406662,47,4,,0,91,,406663,47,4,,0,108,,406664,47,4,,0
35000,'20260513',1303,,406666,47,4,,0,304,,406670,47,4,,0,104,,406667,47,4,,0,91,,406668,47,4,,0,108,,406669,47,4,,0
35000,'20260514',1303,,406671,47,4,,0,304,,406675,47,4,,0,104,,406672,47,4,,0,91,,406673,47,4,,0,108,,406674,47,4,,0
35000,'20260515',1303,,406676,47,4,,0,304,,406680,47,4,,0,104,,406677,47,4,,0,91,,406678,47,4,,0,108,,406679,47,4,,0
35000,'20260519',1303,,431938,47,4,,0,304,,431942,47,4,,0,104,,431939,47,4,,0,91,,431940,47,4,,0,108,,431941,47,4,,0
55000,'20260505',1554,,407610,45,4,,0,72,,407611,45,4,,0,95,,407612,45,4,,0,18,,407613,45,4,,0,78,,407614,45,4,,0
55000,'20260506',1554,,407615,45,4,,0,72,,407616,45,4,,0,95,,407617,45,4,,0,18,,407618,45,4,,0,78,,407619,45,4,,0
55000,'20260507',1554,,407620,45,4,,0,72,,407621,45,4,,0,95,,407622,45,4,,0,18,,407623,45,4,,0,78,,407624,45,4,,0
55000,'20260508',1554,,432174,45,4,,0,72,,432175,45,4,,0,95,,432176,45,4,,0,18,,432177,45,4,,0,78,,432178,45,4,,0
55000,'20260511',1554,,373353,45,4,,0,72,,373351,45,4,,0,95,,373350,45,4,,0,18,,373349,45,4,,0,78,,373352,45,4,,0
55000,'20260512',1554,,407629,45,4,,0,72,,407627,45,4,,0,95,,407626,45,4,,0,18,,407625,45,4,,0,78,,407628,45,4,,0
55000,'20260513',1554,,407634,45,4,,0,72,,407632,45,4,,0,95,,407631,45,4,,0,18,,407630,45,4,,0,78,,407633,45,4,,0
55000,'20260514',1554,,407639,45,4,,0,72,,407637,45,4,,0,95,,407636,45,4,,0,18,,407635,45,4,,0,78,,407638,45,4,,0
55000,'20260515',1554,,407644,45,4,,0,72,,407642,45,4,,0,95,,407641,45,4,,0,18,,407640,45,4,,0,78,,407643,45,4,,0
55000,'20260519',1554,,432183,45,4,,0,72,,432181,45,4,,0,95,,432180,45,4,,0,18,,432179,45,4,,0,78,,432182,45,4,,0
80002,'20260505',622,,408615,34,,,1,16,,408616,34,,,1,10,,408617,34,,,1,9,,408618,34,,,1,51,,408619,34,,,1,11,,408620,34,,,1,10,,408621,34,,,1,12,,408622,34,,,1,12,,408623,34,,,1,50,,408624,34,,,1,11,,408625,34,,,1,11,,408626,34,,,1,9,,408627,34,,,1,10,,408628,34,,,1,9,,408629,34,,,1,52,,408630,34,,,1,9,,408631,34,,,1,9,,408632,34,,,1,10,,408633,34,,,1,9,,408634,34,,,1,11,,408635,34,,,1,54,,408636,34,,,1,15,,408637,34,,,1,17,,408638,34,,,1,14,,408639,34,,,1,55,,408640,34,,,1,15,,408641,34,,,1,15,,408642,34,,,1,15,,408643,34,,,1,56,,408644,34,,,1,17,,408645,34,,,1,14,,408646,34,,,1,15,,408647,34,,,1,55,,408648,34,,,1,15,,408649,34,,,1,16,,408650,34,,,1,16,,408651,34,,,1,58,,408652,34,,,1,16,,408653,34,,,1,15,,408654,34,,,1,55,,408655,34,,,1,15,,408656,34,,,1,12,,408657,34,,,1,12,,408658,34,,,1,13,,408659,34,,,1,51,,408660,34,,,1,13,,408661,34,,,1,12,,408662,34,,,1,11,,408663,34,,,1,10,,408664,34,,,1,50,,408665,34,,,1,10,,408666,34,,,1,9,,408667,34,,,1,8,,408668,34,,,1,9,,408669,34,,,1,8,,408670,34,,,1,9,,408671,34,,,1,50,,408672,34,,,1,11,,408673,34,,,1,9,,408674,34,,,1,10,,408675,34,,,1,9,,408676,34,,,1,11,,408677,34,,,1,54,,408678,34,,,1,16,,408679,34,,,1,16,,408680,34,,,1,13,,408681,34,,,1,55,,408682,34,,,1,15,,408683,34,,,1,15,,408684,34,,,1,15,,408685,34,,,1,55,,408686,34,,,1,15,,408687,34,,,1,15,,408688,34,,,1,13,,408689,34,,,1,55,,408690,34,,,1,15,,408691,34,,,1,15,,408692,34,,,1,16,,408693,34,,,1,56,,408694,34,,,1,17,,408695,34,,,1,15,,408696,34,,,1,14,,408697,34,,,1,55,,408698,34,,,1,15,,408699,34,,,1,14,,408700,34,,,1,15,,408701,34,,,1,54,,408702,34,,,1,15,,408703,34,,,1,16,,408704,34,,,1,16,,408705,34,,,1,55,,408706,34,,,1,15,,408614,34,,,1
80002,'20260506',622,,408713,34,,,1,16,,408714,34,,,1,10,,408715,34,,,1,9,,408716,34,,,1,51,,408717,34,,,1,11,,408718,34,,,1,10,,408719,34,,,1,12,,408720,34,,,1,12,,408721,34,,,1,50,,408722,34,,,1,11,,408723,34,,,1,11,,408724,34,,,1,9,,408725,34,,,1,10,,408726,34,,,1,9,,408727,34,,,1,52,,408728,34,,,1,9,,408729,34,,,1,9,,408730,34,,,1,10,,408731,34,,,1,9,,408732,34,,,1,11,,408733,34,,,1,54,,408734,34,,,1,15,,408735,34,,,1,17,,408736,34,,,1,14,,408737,34,,,1,55,,408738,34,,,1,15,,408739,34,,,1,15,,408740,34,,,1,15,,408741,34,,,1,56,,408742,34,,,1,17,,408743,34,,,1,14,,408744,34,,,1,15,,408745,34,,,1,55,,408746,34,,,1,15,,408747,34,,,1,16,,408748,34,,,1,16,,408749,34,,,1,58,,408750,34,,,1,16,,408751,34,,,1,15,,408752,34,,,1,55,,408753,34,,,1,15,,408754,34,,,1,12,,408755,34,,,1,12,,408756,34,,,1,13,,408757,34,,,1,51,,408758,34,,,1,13,,408759,34,,,1,12,,408760,34,,,1,11,,408761,34,,,1,10,,408762,34,,,1,50,,408763,34,,,1,10,,408764,34,,,1,9,,408765,34,,,1,8,,408766,34,,,1,9,,408767,34,,,1,8,,408768,34,,,1,9,,408769,34,,,1,50,,408770,34,,,1,11,,408771,34,,,1,9,,408772,34,,,1,10,,408773,34,,,1,9,,408774,34,,,1,11,,408775,34,,,1,54,,408776,34,,,1,16,,408777,34,,,1,16,,408778,34,,,1,13,,408779,34,,,1,55,,408780,34,,,1,15,,408781,34,,,1,15,,408782,34,,,1,15,,408783,34,,,1,55,,408784,34,,,1,15,,408785,34,,,1,15,,408786,34,,,1,13,,408787,34,,,1,55,,408788,34,,,1,15,,408789,34,,,1,15,,408790,34,,,1,16,,408791,34,,,1,56,,408792,34,,,1,17,,408793,34,,,1,15,,408794,34,,,1,14,,408795,34,,,1,55,,408796,34,,,1,15,,408797,34,,,1,14,,408798,34,,,1,15,,408799,34,,,1,54,,408800,34,,,1,15,,408801,34,,,1,16,,408802,34,,,1,16,,408803,34,,,1,55,,408804,34,,,1,15,,408712,34,,,1
80002,'20260507',622,,408811,34,,,1,16,,408812,34,,,1,10,,408813,34,,,1,9,,408814,34,,,1,51,,408815,34,,,1,11,,408816,34,,,1,10,,408817,34,,,1,12,,408818,34,,,1,12,,408819,34,,,1,50,,408820,34,,,1,11,,408821,34,,,1,11,,408822,34,,,1,9,,408823,34,,,1,10,,408824,34,,,1,9,,408825,34,,,1,52,,408826,34,,,1,9,,408827,34,,,1,9,,408828,34,,,1,10,,408829,34,,,1,9,,408830,34,,,1,11,,408831,34,,,1,54,,408832,34,,,1,15,,408833,34,,,1,17,,408834,34,,,1,14,,408835,34,,,1,55,,408836,34,,,1,15,,408837,34,,,1,15,,408838,34,,,1,15,,408839,34,,,1,56,,408840,34,,,1,17,,408841,34,,,1,14,,408842,34,,,1,15,,408843,34,,,1,55,,408844,34,,,1,15,,408845,34,,,1,16,,408846,34,,,1,16,,408847,34,,,1,58,,408848,34,,,1,16,,408849,34,,,1,15,,408850,34,,,1,55,,408851,34,,,1,15,,408852,34,,,1,12,,408853,34,,,1,12,,408854,34,,,1,13,,408855,34,,,1,51,,408856,34,,,1,13,,408857,34,,,1,12,,408858,34,,,1,11,,408859,34,,,1,10,,408860,34,,,1,50,,408861,34,,,1,10,,408862,34,,,1,9,,408863,34,,,1,8,,408864,34,,,1,9,,408865,34,,,1,8,,408866,34,,,1,9,,408867,34,,,1,50,,408868,34,,,1,11,,408869,34,,,1,9,,408870,34,,,1,10,,408871,34,,,1,9,,408872,34,,,1,11,,408873,34,,,1,54,,408874,34,,,1,16,,408875,34,,,1,16,,408876,34,,,1,13,,408877,34,,,1,55,,408878,34,,,1,15,,408879,34,,,1,15,,408880,34,,,1,15,,408881,34,,,1,55,,408882,34,,,1,15,,408883,34,,,1,15,,408884,34,,,1,13,,408885,34,,,1,55,,408886,34,,,1,15,,408887,34,,,1,15,,408888,34,,,1,16,,408889,34,,,1,56,,408890,34,,,1,17,,408891,34,,,1,15,,408892,34,,,1,14,,408893,34,,,1,55,,408894,34,,,1,15,,408895,34,,,1,14,,408896,34,,,1,15,,408897,34,,,1,54,,408898,34,,,1,15,,408899,34,,,1,16,,408900,34,,,1,16,,408901,34,,,1,55,,408902,34,,,1,15,,408810,34,,,1
80002,'20260508',622,,432368,34,,,1,16,,432369,34,,,1,10,,432370,34,,,1,9,,432371,34,,,1,51,,432372,34,,,1,11,,432373,34,,,1,10,,432374,34,,,1,12,,432375,34,,,1,12,,432376,34,,,1,50,,432377,34,,,1,11,,432378,34,,,1,11,,432379,34,,,1,9,,432380,34,,,1,10,,432381,34,,,1,9,,432382,34,,,1,52,,432383,34,,,1,9,,432384,34,,,1,9,,432385,34,,,1,10,,432386,34,,,1,9,,432387,34,,,1,11,,432388,34,,,1,54,,432389,34,,,1,15,,432390,34,,,1,17,,432391,34,,,1,14,,432392,34,,,1,55,,432393,34,,,1,15,,432394,34,,,1,15,,432395,34,,,1,15,,432396,34,,,1,56,,432397,34,,,1,17,,432398,34,,,1,14,,432399,34,,,1,15,,432400,34,,,1,55,,432401,34,,,1,15,,432402,34,,,1,16,,432403,34,,,1,16,,432404,34,,,1,58,,432405,34,,,1,16,,432406,34,,,1,15,,432407,34,,,1,55,,432408,34,,,1,15,,432409,34,,,1,12,,432410,34,,,1,12,,432411,34,,,1,13,,432412,34,,,1,51,,432413,34,,,1,13,,432414,34,,,1,12,,432415,34,,,1,11,,432416,34,,,1,10,,432417,34,,,1,50,,432418,34,,,1,10,,432419,34,,,1,9,,432420,34,,,1,8,,432421,34,,,1,9,,432422,34,,,1,8,,432423,34,,,1,9,,432424,34,,,1,50,,432425,34,,,1,11,,432426,34,,,1,9,,432427,34,,,1,10,,432428,34,,,1,9,,432429,34,,,1,11,,432430,34,,,1,54,,432431,34,,,1,16,,432432,34,,,1,16,,432433,34,,,1,13,,432434,34,,,1,55,,432435,34,,,1,15,,432436,34,,,1,15,,432437,34,,,1,15,,432438,34,,,1,55,,432439,34,,,1,15,,432440,34,,,1,15,,432441,34,,,1,13,,432442,34,,,1,55,,432443,34,,,1,15,,432444,34,,,1,15,,432445,34,,,1,16,,432446,34,,,1,56,,432447,34,,,1,17,,432448,34,,,1,15,,432449,34,,,1,14,,432450,34,,,1,55,,432451,34,,,1,15,,432452,34,,,1,14,,432453,34,,,1,15,,432454,34,,,1,54,,432455,34,,,1,15,,432456,34,,,1,16,,432457,34,,,1,16,,432458,34,,,1,55,,432459,34,,,1,15,,432367,34,,,1
80002,'20260509',648,,374185,34,,,1,56,,374186,34,,,1,15,,374187,34,,,1,15,,374188,34,,,1,15,,374189,34,,,1,55,,374190,34,,,1,15,,374191,34,,,1,15,,374192,34,,,1,15,,374193,34,,,1,55,,374194,34,,,1,15,,374195,34,,,1,15,,374196,34,,,1,15,,374197,34,,,1,56,,374198,34,,,1,15,,374199,34,,,1,15,,374200,34,,,1,15,,374201,34,,,1,54,,374202,34,,,1,15,,374203,34,,,1,15,,374204,34,,,1,16,,374205,34,,,1,55,,374206,34,,,1,15,,374207,34,,,1,14,,374208,34,,,1,15,,374209,34,,,1,55,,374210,34,,,1,15,,374211,34,,,1,17,,374212,34,,,1,15,,374213,34,,,1,55,,374214,34,,,1,16,,374215,34,,,1,15,,374216,34,,,1,15,,374217,34,,,1,55,,374255,34,,,1,15,,374256,34,,,1,15,,374218,34,,,1,14,,374219,34,,,1,55,,374220,34,,,1,16,,374221,34,,,1,15,,374222,34,,,1,14,,374223,34,,,1,56,,374224,34,,,1,14,,374225,34,,,1,15,,374226,34,,,1,15,,374227,34,,,1,56,,374228,34,,,1,15,,374229,34,,,1,15,,374230,34,,,1,14,,374231,34,,,1,55,,374232,34,,,1,15,,374233,34,,,1,15,,374234,34,,,1,15,,374235,34,,,1,55,,374236,34,,,1,15,,374237,34,,,1,15,,374238,34,,,1,16,,374239,34,,,1,56,,374240,34,,,1,14,,374241,34,,,1,15,,374242,34,,,1,15,,374243,34,,,1,55,,374244,34,,,1,15,,374245,34,,,1,15,,374246,34,,,1,14,,374247,34,,,1,54,,374248,34,,,1,16,,374249,34,,,1,15,,374250,34,,,1,15,,374251,34,,,1,55,,374252,34,,,1,14,,374253,34,,,1,16,,374254,34,,,1,15,,374258,34,,,1,54,,374257,34,,,1,14,,374259,34,,,1,15,,374260,34,,,1
80002,'20260510',648,,374267,34,,,1,56,,374290,34,,,1,15,,374282,34,,,1,15,,374284,34,,,1,15,,374288,34,,,1,55,,374275,34,,,1,15,,374286,34,,,1,15,,374289,34,,,1,15,,374285,34,,,1,55,,374261,34,,,1,15,,374263,34,,,1,15,,374268,34,,,1,15,,374287,34,,,1,56,,374269,34,,,1,15,,374266,34,,,1,15,,374270,34,,,1,15,,374271,34,,,1,54,,374273,34,,,1,15,,374272,34,,,1,15,,374264,34,,,1,16,,374291,34,,,1,55,,374292,34,,,1,15,,374276,34,,,1,14,,374277,34,,,1,15,,374274,34,,,1,55,,374293,34,,,1,15,,374262,34,,,1,17,,374278,34,,,1,15,,374279,34,,,1,55,,374294,34,,,1,16,,374295,34,,,1,15,,374296,34,,,1,15,,374280,34,,,1,55,,374332,34,,,1,15,,374335,34,,,1,15,,374281,34,,,1,14,,374283,34,,,1,55,,374265,34,,,1,16,,374307,34,,,1,15,,374323,34,,,1,14,,374314,34,,,1,56,,374299,34,,,1,14,,374322,34,,,1,15,,374303,34,,,1,15,,374304,34,,,1,56,,374297,34,,,1,15,,374300,34,,,1,15,,374305,34,,,1,14,,374315,34,,,1,55,,374301,34,,,1,15,,374298,34,,,1,15,,374308,34,,,1,15,,374309,34,,,1,55,,374313,34,,,1,15,,374302,34,,,1,15,,374320,34,,,1,16,,374316,34,,,1,56,,374306,34,,,1,14,,374310,34,,,1,15,,374311,34,,,1,15,,374319,34,,,1,55,,374312,34,,,1,15,,374321,34,,,1,15,,374318,34,,,1,14,,374317,34,,,1,54,,374328,34,,,1,16,,374327,34,,,1,15,,374326,34,,,1,15,,374324,34,,,1,55,,374329,34,,,1,14,,374330,34,,,1,16,,374325,34,,,1,15,,374333,34,,,1,54,,374336,34,,,1,14,,374331,34,,,1,15,,374334,34,,,1
80002,'20260511',622,,374423,34,,,1,16,,374337,34,,,1,10,,374338,34,,,1,9,,374339,34,,,1,51,,374340,34,,,1,11,,374341,34,,,1,10,,374342,34,,,1,12,,374343,34,,,1,12,,374424,34,,,1,50,,374344,34,,,1,11,,374427,34,,,1,11,,374345,34,,,1,9,,374346,34,,,1,10,,374347,34,,,1,9,,374348,34,,,1,52,,374349,34,,,1,9,,374350,34,,,1,9,,374351,34,,,1,10,,374352,34,,,1,9,,374353,34,,,1,11,,374354,34,,,1,54,,374355,34,,,1,15,,374356,34,,,1,17,,374357,34,,,1,14,,374358,34,,,1,55,,374359,34,,,1,15,,374360,34,,,1,15,,374361,34,,,1,15,,374362,34,,,1,56,,374363,34,,,1,17,,374364,34,,,1,14,,374365,34,,,1,15,,374366,34,,,1,55,,374367,34,,,1,15,,374368,34,,,1,16,,374369,34,,,1,16,,374370,34,,,1,58,,374371,34,,,1,16,,374372,34,,,1,15,,374373,34,,,1,55,,374374,34,,,1,15,,374375,34,,,1,12,,374376,34,,,1,12,,374377,34,,,1,13,,374378,34,,,1,51,,374379,34,,,1,13,,374380,34,,,1,12,,374381,34,,,1,11,,374383,34,,,1,10,,374382,34,,,1,50,,374425,34,,,1,10,,374384,34,,,1,9,,374385,34,,,1,8,,374386,34,,,1,9,,374387,34,,,1,8,,374388,34,,,1,9,,374389,34,,,1,50,,374390,34,,,1,11,,374391,34,,,1,9,,374428,34,,,1,10,,374392,34,,,1,9,,374393,34,,,1,11,,374394,34,,,1,54,,374395,34,,,1,16,,374396,34,,,1,16,,374397,34,,,1,13,,374398,34,,,1,55,,374399,34,,,1,15,,374400,34,,,1,15,,374401,34,,,1,15,,374402,34,,,1,55,,374403,34,,,1,15,,374404,34,,,1,15,,374405,34,,,1,13,,374406,34,,,1,55,,374407,34,,,1,15,,374408,34,,,1,15,,374409,34,,,1,16,,374410,34,,,1,56,,374411,34,,,1,17,,374412,34,,,1,15,,374413,34,,,1,14,,374414,34,,,1,55,,374415,34,,,1,15,,374416,34,,,1,14,,374417,34,,,1,15,,374418,34,,,1,54,,374419,34,,,1,15,,374420,34,,,1,16,,374421,34,,,1,16,,374422,34,,,1,55,,374426,34,,,1
80002,'20260512',622,,408989,34,,,1,16,,408903,34,,,1,10,,408904,34,,,1,9,,408905,34,,,1,51,,408906,34,,,1,11,,408907,34,,,1,10,,408908,34,,,1,12,,408909,34,,,1,12,,408990,34,,,1,50,,408910,34,,,1,11,,408993,34,,,1,11,,408911,34,,,1,9,,408912,34,,,1,10,,408913,34,,,1,9,,408914,34,,,1,52,,408915,34,,,1,9,,408916,34,,,1,9,,408917,34,,,1,10,,408918,34,,,1,9,,408919,34,,,1,11,,408920,34,,,1,54,,408921,34,,,1,15,,408922,34,,,1,17,,408923,34,,,1,14,,408924,34,,,1,55,,408925,34,,,1,15,,408926,34,,,1,15,,408927,34,,,1,15,,408928,34,,,1,56,,408929,34,,,1,17,,408930,34,,,1,14,,408931,34,,,1,15,,408932,34,,,1,55,,408933,34,,,1,15,,408934,34,,,1,16,,408935,34,,,1,16,,408936,34,,,1,58,,408937,34,,,1,16,,408938,34,,,1,15,,408939,34,,,1,55,,408940,34,,,1,15,,408941,34,,,1,12,,408942,34,,,1,12,,408943,34,,,1,13,,408944,34,,,1,51,,408945,34,,,1,13,,408946,34,,,1,12,,408947,34,,,1,11,,408949,34,,,1,10,,408948,34,,,1,50,,408991,34,,,1,10,,408950,34,,,1,9,,408951,34,,,1,8,,408952,34,,,1,9,,408953,34,,,1,8,,408954,34,,,1,9,,408955,34,,,1,50,,408956,34,,,1,11,,408957,34,,,1,9,,408994,34,,,1,10,,408958,34,,,1,9,,408959,34,,,1,11,,408960,34,,,1,54,,408961,34,,,1,16,,408962,34,,,1,16,,408963,34,,,1,13,,408964,34,,,1,55,,408965,34,,,1,15,,408966,34,,,1,15,,408967,34,,,1,15,,408968,34,,,1,55,,408969,34,,,1,15,,408970,34,,,1,15,,408971,34,,,1,13,,408972,34,,,1,55,,408973,34,,,1,15,,408974,34,,,1,15,,408975,34,,,1,16,,408976,34,,,1,56,,408977,34,,,1,17,,408978,34,,,1,15,,408979,34,,,1,14,,408980,34,,,1,55,,408981,34,,,1,15,,408982,34,,,1,14,,408983,34,,,1,15,,408984,34,,,1,54,,408985,34,,,1,15,,408986,34,,,1,16,,408987,34,,,1,16,,408988,34,,,1,55,,408992,34,,,1
80002,'20260513',622,,409081,34,,,1,16,,408995,34,,,1,10,,408996,34,,,1,9,,408997,34,,,1,51,,408998,34,,,1,11,,408999,34,,,1,10,,409000,34,,,1,12,,409001,34,,,1,12,,409082,34,,,1,50,,409002,34,,,1,11,,409085,34,,,1,11,,409003,34,,,1,9,,409004,34,,,1,10,,409005,34,,,1,9,,409006,34,,,1,52,,409007,34,,,1,9,,409008,34,,,1,9,,409009,34,,,1,10,,409010,34,,,1,9,,409011,34,,,1,11,,409012,34,,,1,54,,409013,34,,,1,15,,409014,34,,,1,17,,409015,34,,,1,14,,409016,34,,,1,55,,409017,34,,,1,15,,409018,34,,,1,15,,409019,34,,,1,15,,409020,34,,,1,56,,409021,34,,,1,17,,409022,34,,,1,14,,409023,34,,,1,15,,409024,34,,,1,55,,409025,34,,,1,15,,409026,34,,,1,16,,409027,34,,,1,16,,409028,34,,,1,58,,409029,34,,,1,16,,409030,34,,,1,15,,409031,34,,,1,55,,409032,34,,,1,15,,409033,34,,,1,12,,409034,34,,,1,12,,409035,34,,,1,13,,409036,34,,,1,51,,409037,34,,,1,13,,409038,34,,,1,12,,409039,34,,,1,11,,409041,34,,,1,10,,409040,34,,,1,50,,409083,34,,,1,10,,409042,34,,,1,9,,409043,34,,,1,8,,409044,34,,,1,9,,409045,34,,,1,8,,409046,34,,,1,9,,409047,34,,,1,50,,409048,34,,,1,11,,409049,34,,,1,9,,409086,34,,,1,10,,409050,34,,,1,9,,409051,34,,,1,11,,409052,34,,,1,54,,409053,34,,,1,16,,409054,34,,,1,16,,409055,34,,,1,13,,409056,34,,,1,55,,409057,34,,,1,15,,409058,34,,,1,15,,409059,34,,,1,15,,409060,34,,,1,55,,409061,34,,,1,15,,409062,34,,,1,15,,409063,34,,,1,13,,409064,34,,,1,55,,409065,34,,,1,15,,409066,34,,,1,15,,409067,34,,,1,16,,409068,34,,,1,56,,409069,34,,,1,17,,409070,34,,,1,15,,409071,34,,,1,14,,409072,34,,,1,55,,409073,34,,,1,15,,409074,34,,,1,14,,409075,34,,,1,15,,409076,34,,,1,54,,409077,34,,,1,15,,409078,34,,,1,16,,409079,34,,,1,16,,409080,34,,,1,55,,409084,34,,,1
80002,'20260514',622,,409173,34,,,1,16,,409087,34,,,1,10,,409088,34,,,1,9,,409089,34,,,1,51,,409090,34,,,1,11,,409091,34,,,1,10,,409092,34,,,1,12,,409093,34,,,1,12,,409174,34,,,1,50,,409094,34,,,1,11,,409177,34,,,1,11,,409095,34,,,1,9,,409096,34,,,1,10,,409097,34,,,1,9,,409098,34,,,1,52,,409099,34,,,1,9,,409100,34,,,1,9,,409101,34,,,1,10,,409102,34,,,1,9,,409103,34,,,1,11,,409104,34,,,1,54,,409105,34,,,1,15,,409106,34,,,1,17,,409107,34,,,1,14,,409108,34,,,1,55,,409109,34,,,1,15,,409110,34,,,1,15,,409111,34,,,1,15,,409112,34,,,1,56,,409113,34,,,1,17,,409114,34,,,1,14,,409115,34,,,1,15,,409116,34,,,1,55,,409117,34,,,1,15,,409118,34,,,1,16,,409119,34,,,1,16,,409120,34,,,1,58,,409121,34,,,1,16,,409122,34,,,1,15,,409123,34,,,1,55,,409124,34,,,1,15,,409125,34,,,1,12,,409126,34,,,1,12,,409127,34,,,1,13,,409128,34,,,1,51,,409129,34,,,1,13,,409130,34,,,1,12,,409131,34,,,1,11,,409133,34,,,1,10,,409132,34,,,1,50,,409175,34,,,1,10,,409134,34,,,1,9,,409135,34,,,1,8,,409136,34,,,1,9,,409137,34,,,1,8,,409138,34,,,1,9,,409139,34,,,1,50,,409140,34,,,1,11,,409141,34,,,1,9,,409178,34,,,1,10,,409142,34,,,1,9,,409143,34,,,1,11,,409144,34,,,1,54,,409145,34,,,1,16,,409146,34,,,1,16,,409147,34,,,1,13,,409148,34,,,1,55,,409149,34,,,1,15,,409150,34,,,1,15,,409151,34,,,1,15,,409152,34,,,1,55,,409153,34,,,1,15,,409154,34,,,1,15,,409155,34,,,1,13,,409156,34,,,1,55,,409157,34,,,1,15,,409158,34,,,1,15,,409159,34,,,1,16,,409160,34,,,1,56,,409161,34,,,1,17,,409162,34,,,1,15,,409163,34,,,1,14,,409164,34,,,1,55,,409165,34,,,1,15,,409166,34,,,1,14,,409167,34,,,1,15,,409168,34,,,1,54,,409169,34,,,1,15,,409170,34,,,1,16,,409171,34,,,1,16,,409172,34,,,1,55,,409176,34,,,1
80002,'20260515',622,,409265,34,,,1,16,,409179,34,,,1,10,,409180,34,,,1,9,,409181,34,,,1,51,,409182,34,,,1,11,,409183,34,,,1,10,,409184,34,,,1,12,,409185,34,,,1,12,,409266,34,,,1,50,,409186,34,,,1,11,,409269,34,,,1,11,,409187,34,,,1,9,,409188,34,,,1,10,,409189,34,,,1,9,,409190,34,,,1,52,,409191,34,,,1,9,,409192,34,,,1,9,,409193,34,,,1,10,,409194,34,,,1,9,,409195,34,,,1,11,,409196,34,,,1,54,,409197,34,,,1,15,,409198,34,,,1,17,,409199,34,,,1,14,,409200,34,,,1,55,,409201,34,,,1,15,,409202,34,,,1,15,,409203,34,,,1,15,,409204,34,,,1,56,,409205,34,,,1,17,,409206,34,,,1,14,,409207,34,,,1,15,,409208,34,,,1,55,,409209,34,,,1,15,,409210,34,,,1,16,,409211,34,,,1,16,,409212,34,,,1,58,,409213,34,,,1,16,,409214,34,,,1,15,,409215,34,,,1,55,,409216,34,,,1,15,,409217,34,,,1,12,,409218,34,,,1,12,,409219,34,,,1,13,,409220,34,,,1,51,,409221,34,,,1,13,,409222,34,,,1,12,,409223,34,,,1,11,,409225,34,,,1,10,,409224,34,,,1,50,,409267,34,,,1,10,,409226,34,,,1,9,,409227,34,,,1,8,,409228,34,,,1,9,,409229,34,,,1,8,,409230,34,,,1,9,,409231,34,,,1,50,,409232,34,,,1,11,,409233,34,,,1,9,,409270,34,,,1,10,,409234,34,,,1,9,,409235,34,,,1,11,,409236,34,,,1,54,,409237,34,,,1,16,,409238,34,,,1,16,,409239,34,,,1,13,,409240,34,,,1,55,,409241,34,,,1,15,,409242,34,,,1,15,,409243,34,,,1,15,,409244,34,,,1,55,,409245,34,,,1,15,,409246,34,,,1,15,,409247,34,,,1,13,,409248,34,,,1,55,,409249,34,,,1,15,,409250,34,,,1,15,,409251,34,,,1,16,,409252,34,,,1,56,,409253,34,,,1,17,,409254,34,,,1,15,,409255,34,,,1,14,,409256,34,,,1,55,,409257,34,,,1,15,,409258,34,,,1,14,,409259,34,,,1,15,,409260,34,,,1,54,,409261,34,,,1,15,,409262,34,,,1,16,,409263,34,,,1,16,,409264,34,,,1,55,,409268,34,,,1
80002,'20260516',648,,432460,34,,,1,56,,432461,34,,,1,15,,432462,34,,,1,15,,432463,34,,,1,15,,432464,34,,,1,55,,432465,34,,,1,15,,432466,34,,,1,15,,432467,34,,,1,15,,432468,34,,,1,55,,432469,34,,,1,15,,432470,34,,,1,15,,432471,34,,,1,15,,432472,34,,,1,56,,432473,34,,,1,15,,432474,34,,,1,15,,432475,34,,,1,15,,432476,34,,,1,54,,432477,34,,,1,15,,432478,34,,,1,15,,432479,34,,,1,16,,432480,34,,,1,55,,432481,34,,,1,15,,432482,34,,,1,14,,432483,34,,,1,15,,432484,34,,,1,55,,432485,34,,,1,15,,432486,34,,,1,17,,432487,34,,,1,15,,432488,34,,,1,55,,432489,34,,,1,16,,432490,34,,,1,15,,432491,34,,,1,15,,432492,34,,,1,55,,432530,34,,,1,15,,432531,34,,,1,15,,432493,34,,,1,14,,432494,34,,,1,55,,432495,34,,,1,16,,432496,34,,,1,15,,432497,34,,,1,14,,432498,34,,,1,56,,432499,34,,,1,14,,432500,34,,,1,15,,432501,34,,,1,15,,432502,34,,,1,56,,432503,34,,,1,15,,432504,34,,,1,15,,432505,34,,,1,14,,432506,34,,,1,55,,432507,34,,,1,15,,432508,34,,,1,15,,432509,34,,,1,15,,432510,34,,,1,55,,432511,34,,,1,15,,432512,34,,,1,15,,432513,34,,,1,16,,432514,34,,,1,56,,432515,34,,,1,14,,432516,34,,,1,15,,432517,34,,,1,15,,432518,34,,,1,55,,432519,34,,,1,15,,432520,34,,,1,15,,432521,34,,,1,14,,432522,34,,,1,54,,432523,34,,,1,16,,432524,34,,,1,15,,432525,34,,,1,15,,432526,34,,,1,55,,432527,34,,,1,14,,432528,34,,,1,16,,432529,34,,,1,15,,432533,34,,,1,54,,432532,34,,,1,14,,432534,34,,,1,15,,432535,34,,,1
80002,'20260517',648,,432542,34,,,1,56,,432565,34,,,1,15,,432557,34,,,1,15,,432559,34,,,1,15,,432563,34,,,1,55,,432550,34,,,1,15,,432561,34,,,1,15,,432564,34,,,1,15,,432560,34,,,1,55,,432536,34,,,1,15,,432538,34,,,1,15,,432543,34,,,1,15,,432562,34,,,1,56,,432544,34,,,1,15,,432541,34,,,1,15,,432545,34,,,1,15,,432546,34,,,1,54,,432548,34,,,1,15,,432547,34,,,1,15,,432539,34,,,1,16,,432566,34,,,1,55,,432567,34,,,1,15,,432551,34,,,1,14,,432552,34,,,1,15,,432549,34,,,1,55,,432568,34,,,1,15,,432537,34,,,1,17,,432553,34,,,1,15,,432554,34,,,1,55,,432569,34,,,1,16,,432570,34,,,1,15,,432571,34,,,1,15,,432555,34,,,1,55,,432607,34,,,1,15,,432610,34,,,1,15,,432556,34,,,1,14,,432558,34,,,1,55,,432540,34,,,1,16,,432582,34,,,1,15,,432598,34,,,1,14,,432589,34,,,1,56,,432574,34,,,1,14,,432597,34,,,1,15,,432578,34,,,1,15,,432579,34,,,1,56,,432572,34,,,1,15,,432575,34,,,1,15,,432580,34,,,1,14,,432590,34,,,1,55,,432576,34,,,1,15,,432573,34,,,1,15,,432583,34,,,1,15,,432584,34,,,1,55,,432588,34,,,1,15,,432577,34,,,1,15,,432595,34,,,1,16,,432591,34,,,1,56,,432581,34,,,1,14,,432585,34,,,1,15,,432586,34,,,1,15,,432594,34,,,1,55,,432587,34,,,1,15,,432596,34,,,1,15,,432593,34,,,1,14,,432592,34,,,1,54,,432603,34,,,1,16,,432602,34,,,1,15,,432601,34,,,1,15,,432599,34,,,1,55,,432604,34,,,1,14,,432605,34,,,1,16,,432600,34,,,1,15,,432608,34,,,1,54,,432611,34,,,1,14,,432606,34,,,1,15,,432609,34,,,1
80002,'20260518',648,,432618,34,,,1,56,,432641,34,,,1,15,,432633,34,,,1,15,,432635,34,,,1,15,,432639,34,,,1,55,,432626,34,,,1,15,,432637,34,,,1,15,,432640,34,,,1,15,,432636,34,,,1,55,,432612,34,,,1,15,,432614,34,,,1,15,,432619,34,,,1,15,,432638,34,,,1,56,,432620,34,,,1,15,,432617,34,,,1,15,,432621,34,,,1,15,,432622,34,,,1,54,,432624,34,,,1,15,,432623,34,,,1,15,,432615,34,,,1,16,,432642,34,,,1,55,,432643,34,,,1,15,,432627,34,,,1,14,,432628,34,,,1,15,,432625,34,,,1,55,,432644,34,,,1,15,,432613,34,,,1,17,,432629,34,,,1,15,,432630,34,,,1,55,,432645,34,,,1,16,,432646,34,,,1,15,,432647,34,,,1,15,,432631,34,,,1,55,,432683,34,,,1,15,,432686,34,,,1,15,,432632,34,,,1,14,,432634,34,,,1,55,,432616,34,,,1,16,,432658,34,,,1,15,,432674,34,,,1,14,,432665,34,,,1,56,,432650,34,,,1,14,,432673,34,,,1,15,,432654,34,,,1,15,,432655,34,,,1,56,,432648,34,,,1,15,,432651,34,,,1,15,,432656,34,,,1,14,,432666,34,,,1,55,,432652,34,,,1,15,,432649,34,,,1,15,,432659,34,,,1,15,,432660,34,,,1,55,,432664,34,,,1,15,,432653,34,,,1,15,,432671,34,,,1,16,,432667,34,,,1,56,,432657,34,,,1,14,,432661,34,,,1,15,,432662,34,,,1,15,,432670,34,,,1,55,,432663,34,,,1,15,,432672,34,,,1,15,,432669,34,,,1,14,,432668,34,,,1,54,,432679,34,,,1,16,,432678,34,,,1,15,,432677,34,,,1,15,,432675,34,,,1,55,,432680,34,,,1,14,,432681,34,,,1,16,,432676,34,,,1,15,,432684,34,,,1,54,,432687,34,,,1,14,,432682,34,,,1,15,,432685,34,,,1
80002,'20260519',622,,432774,34,,,1,16,,432688,34,,,1,10,,432689,34,,,1,9,,432690,34,,,1,51,,432691,34,,,1,11,,432692,34,,,1,10,,432693,34,,,1,12,,432694,34,,,1,12,,432775,34,,,1,50,,432695,34,,,1,11,,432778,34,,,1,11,,432696,34,,,1,9,,432697,34,,,1,10,,432698,34,,,1,9,,432699,34,,,1,52,,432700,34,,,1,9,,432701,34,,,1,9,,432702,34,,,1,10,,432703,34,,,1,9,,432704,34,,,1,11,,432705,34,,,1,54,,432706,34,,,1,15,,432707,34,,,1,17,,432708,34,,,1,14,,432709,34,,,1,55,,432710,34,,,1,15,,432711,34,,,1,15,,432712,34,,,1,15,,432713,34,,,1,56,,432714,34,,,1,17,,432715,34,,,1,14,,432716,34,,,1,15,,432717,34,,,1,55,,432718,34,,,1,15,,432719,34,,,1,16,,432720,34,,,1,16,,432721,34,,,1,58,,432722,34,,,1,16,,432723,34,,,1,15,,432724,34,,,1,55,,432725,34,,,1,15,,432726,34,,,1,12,,432727,34,,,1,12,,432728,34,,,1,13,,432729,34,,,1,51,,432730,34,,,1,13,,432731,34,,,1,12,,432732,34,,,1,11,,432734,34,,,1,10,,432733,34,,,1,50,,432776,34,,,1,10,,432735,34,,,1,9,,432736,34,,,1,8,,432737,34,,,1,9,,432738,34,,,1,8,,432739,34,,,1,9,,432740,34,,,1,50,,432741,34,,,1,11,,432742,34,,,1,9,,432779,34,,,1,10,,432743,34,,,1,9,,432744,34,,,1,11,,432745,34,,,1,54,,432746,34,,,1,16,,432747,34,,,1,16,,432748,34,,,1,13,,432749,34,,,1,55,,432750,34,,,1,15,,432751,34,,,1,15,,432752,34,,,1,15,,432753,34,,,1,55,,432754,34,,,1,15,,432755,34,,,1,15,,432756,34,,,1,13,,432757,34,,,1,55,,432758,34,,,1,15,,432759,34,,,1,15,,432760,34,,,1,16,,432761,34,,,1,56,,432762,34,,,1,17,,432763,34,,,1,15,,432764,34,,,1,14,,432765,34,,,1,55,,432766,34,,,1,15,,432767,34,,,1,14,,432768,34,,,1,15,,432769,34,,,1,54,,432770,34,,,1,15,,432771,34,,,1,16,,432772,34,,,1,16,,432773,34,,,1,55,,432777,34,,,1
95002,'20260508',2607,,438568,41,,,0,128,,438569,41,,,0
95002,'20260509',2607,,383155,41,,,0,128,,383154,41,,,0
95002,'20260515',2607,,421923,41,,,0,128,,421924,41,,,0
95002,'20260516',2607,,438571,41,,,0,128,,438570,41,,,0
