8501,'20260623',1216,,780268,8,,,0,391,,780269,8,,,0,106,,780270,8,,,0,21,,780271,8,,,0,11,,780272,8,,,0
8501,'20260624',1720,,780273,8,,,0
8501,'20260625',1216,,803663,8,,,0,391,,803664,8,,,0,106,,803665,8,,,0,21,,803666,8,,,0,11,,803667,8,,,0
8501,'20260626',1216,,803668,8,,,0,391,,803669,8,,,0,106,,803670,8,,,0,21,,803671,8,,,0,11,,803672,8,,,0
8501,'20260627',1720,,752019,8,,,0
8501,'20260628',1720,,752020,8,,,0
8501,'20260629',1216,,752021,8,,,0,391,,752022,8,,,0,106,,752023,8,,,0,21,,752024,8,,,0,11,,752025,8,,,0
8501,'20260630',1216,,752026,8,,,0,391,,752027,8,,,0,106,,752028,8,,,0,21,,752029,8,,,0,11,,752030,8,,,0
8501,'20260701',1720,,780274,8,,,0
8501,'20260702',1216,,780275,8,,,0,391,,780276,8,,,0,106,,780277,8,,,0,21,,780278,8,,,0,11,,780279,8,,,0
8501,'20260703',1216,,780280,8,,,0,391,,780281,8,,,0,106,,780282,8,,,0,21,,780283,8,,,0,11,,780284,8,,,0
8501,'20260704',1720,,803673,8,,,0
8501,'20260705',1720,,803674,8,,,0
8501,'20260706',1216,,803675,8,,,0,391,,803676,8,,,0,106,,803677,8,,,0,21,,803678,8,,,0,11,,803679,8,,,0
8501,'20260707',1216,,803680,8,,,0,391,,803681,8,,,0,106,,803682,8,,,0,21,,803683,8,,,0,11,,803684,8,,,0
