1802,'20260717',638,,941604,22,,,0,19,,941605,22,,,0,62,,941606,22,,,0,15,,941607,22,,,0,71,,941608,22,,,0,30,,941609,22,,,0,69,,941610,22,,,0,30,,941611,22,,,0,68,,941612,22,,,0,30,,941613,22,,,0,70,,941614,22,,,0,30,,941615,22,,,0,20,,941616,22,,,0,60,,941617,22,,,0,20,,941618,22,,,0,71,,941619,22,,,0,30,,941620,22,,,0,70,,941621,22,,,0,30,,941622,22,,,0,71,,941623,22,,,0,33,,941624,22,,,0,70,,941625,22,,,0,32,,941626,22,,,0,69,,941627,22,,,0,14,,941628,22,,,0,16,,941629,22,,,0,68,,941630,22,,,0,27,,941631,22,,,0,69,,941632,22,,,0,30,,941633,22,,,0,99,,941634,22,,,0,99,,941635,22,,,0,99,,941636,22,,,0,100,,941637,22,,,0,99,,941638,22,,,0
1802,'20260718',714,,970895,22,,,0,100,,970896,22,,,0,101,,970897,22,,,0,100,,970898,22,,,0,101,,970899,22,,,0,97,,970900,22,,,0,97,,970901,22,,,0,104,,970902,22,,,0,104,,970903,22,,,0,94,,970904,22,,,0,110,,970905,22,,,0,96,,970906,22,,,0,100,,970907,22,,,0,95,,970908,22,,,0,101,,970909,22,,,0,100,,970910,22,,,0,100,,970911,22,,,0
1802,'20260719',714,,970912,22,,,0,100,,970913,22,,,0,101,,970914,22,,,0,100,,970915,22,,,0,101,,970916,22,,,0,97,,970917,22,,,0,97,,970918,22,,,0,104,,970919,22,,,0,104,,970920,22,,,0,94,,970921,22,,,0,110,,970922,22,,,0,96,,970923,22,,,0,100,,970924,22,,,0,95,,970925,22,,,0,101,,970926,22,,,0,100,,970927,22,,,0,100,,970928,22,,,0
1802,'20260720',638,,970929,22,,,0,19,,970930,22,,,0,62,,970931,22,,,0,15,,970932,22,,,0,71,,970933,22,,,0,30,,970934,22,,,0,69,,970935,22,,,0,30,,970936,22,,,0,68,,970937,22,,,0,30,,970938,22,,,0,70,,970939,22,,,0,30,,970940,22,,,0,20,,970941,22,,,0,60,,970942,22,,,0,20,,970943,22,,,0,71,,970944,22,,,0,30,,970945,22,,,0,70,,970946,22,,,0,30,,970947,22,,,0,71,,970948,22,,,0,33,,970949,22,,,0,70,,970950,22,,,0,32,,970951,22,,,0,69,,970952,22,,,0,14,,970953,22,,,0,16,,970954,22,,,0,68,,970955,22,,,0,27,,970956,22,,,0,69,,970957,22,,,0,30,,970958,22,,,0,99,,970959,22,,,0,99,,970960,22,,,0,99,,970961,22,,,0,100,,970962,22,,,0,99,,970963,22,,,0
1802,'20260721',638,,970964,22,,,0,19,,970965,22,,,0,62,,970966,22,,,0,15,,970967,22,,,0,71,,970968,22,,,0,30,,970969,22,,,0,69,,970970,22,,,0,30,,970971,22,,,0,68,,970972,22,,,0,30,,970973,22,,,0,70,,970974,22,,,0,30,,970975,22,,,0,20,,970976,22,,,0,60,,970977,22,,,0,20,,970978,22,,,0,71,,970979,22,,,0,30,,970980,22,,,0,70,,970981,22,,,0,30,,970982,22,,,0,71,,970983,22,,,0,33,,970984,22,,,0,70,,970985,22,,,0,32,,970986,22,,,0,69,,970987,22,,,0,14,,970988,22,,,0,16,,970989,22,,,0,68,,970990,22,,,0,27,,970991,22,,,0,69,,970992,22,,,0,30,,970993,22,,,0,99,,970994,22,,,0,99,,970995,22,,,0,99,,970996,22,,,0,100,,970997,22,,,0,99,,970998,22,,,0
1802,'20260722',638,,970999,22,,,0,19,,971000,22,,,0,62,,971001,22,,,0,15,,971002,22,,,0,71,,971003,22,,,0,30,,971004,22,,,0,69,,971005,22,,,0,30,,971006,22,,,0,68,,971007,22,,,0,30,,971008,22,,,0,70,,971009,22,,,0,30,,971010,22,,,0,20,,971011,22,,,0,60,,971012,22,,,0,20,,971013,22,,,0,71,,971014,22,,,0,30,,971015,22,,,0,70,,971016,22,,,0,30,,971017,22,,,0,71,,971018,22,,,0,33,,971019,22,,,0,70,,971020,22,,,0,32,,971021,22,,,0,69,,971022,22,,,0,14,,971023,22,,,0,16,,971024,22,,,0,68,,971025,22,,,0,27,,971026,22,,,0,69,,971027,22,,,0,30,,971028,22,,,0,99,,971029,22,,,0,99,,971030,22,,,0,99,,971031,22,,,0,100,,971032,22,,,0,99,,971033,22,,,0
1802,'20260723',638,,971034,22,,,0,19,,971035,22,,,0,62,,971036,22,,,0,15,,971037,22,,,0,71,,971038,22,,,0,30,,971039,22,,,0,69,,971040,22,,,0,30,,971041,22,,,0,68,,971042,22,,,0,30,,971043,22,,,0,70,,971044,22,,,0,30,,971045,22,,,0,20,,971046,22,,,0,60,,971047,22,,,0,20,,971048,22,,,0,71,,971049,22,,,0,30,,971050,22,,,0,70,,971051,22,,,0,30,,971052,22,,,0,71,,971053,22,,,0,33,,971054,22,,,0,70,,971055,22,,,0,32,,971056,22,,,0,69,,971057,22,,,0,14,,971058,22,,,0,16,,971059,22,,,0,68,,971060,22,,,0,27,,971061,22,,,0,69,,971062,22,,,0,30,,971063,22,,,0,99,,971064,22,,,0,99,,971065,22,,,0,99,,971066,22,,,0,100,,971067,22,,,0,99,,971068,22,,,0
1802,'20260724',638,,941639,22,,,0,19,,941640,22,,,0,62,,941670,22,,,0,15,,941641,22,,,0,71,,941642,22,,,0,30,,941643,22,,,0,69,,941644,22,,,0,30,,941645,22,,,0,68,,941646,22,,,0,30,,941647,22,,,0,70,,941648,22,,,0,30,,941672,22,,,0,20,,941649,22,,,0,60,,941650,22,,,0,20,,941651,22,,,0,71,,941652,22,,,0,30,,941653,22,,,0,70,,941654,22,,,0,30,,941655,22,,,0,71,,941656,22,,,0,33,,941657,22,,,0,70,,941658,22,,,0,32,,941659,22,,,0,69,,941660,22,,,0,14,,941661,22,,,0,16,,941662,22,,,0,68,,941663,22,,,0,27,,941664,22,,,0,69,,941671,22,,,0,30,,941673,22,,,0,99,,941668,22,,,0,99,,941666,22,,,0,99,,941669,22,,,0,100,,941665,22,,,0,99,,941667,22,,,0
1802,'20260725',714,,941689,22,,,0,100,,941675,22,,,0,101,,941676,22,,,0,100,,941677,22,,,0,101,,941678,22,,,0,97,,941679,22,,,0,97,,941680,22,,,0,104,,941681,22,,,0,104,,941682,22,,,0,94,,941683,22,,,0,110,,941684,22,,,0,96,,941685,22,,,0,100,,941686,22,,,0,95,,941687,22,,,0,101,,941688,22,,,0,100,,941674,22,,,0,100,,941690,22,,,0
1802,'20260726',714,,941706,22,,,0,100,,941692,22,,,0,101,,941693,22,,,0,100,,941694,22,,,0,101,,941695,22,,,0,97,,941696,22,,,0,97,,941697,22,,,0,104,,941698,22,,,0,104,,941699,22,,,0,94,,941700,22,,,0,110,,941701,22,,,0,96,,941702,22,,,0,100,,941703,22,,,0,95,,941704,22,,,0,101,,941705,22,,,0,100,,941691,22,,,0,100,,941707,22,,,0
1802,'20260727',638,,941708,22,,,0,19,,941709,22,,,0,62,,941739,22,,,0,15,,941710,22,,,0,71,,941711,22,,,0,30,,941712,22,,,0,69,,941713,22,,,0,30,,941714,22,,,0,68,,941715,22,,,0,30,,941716,22,,,0,70,,941717,22,,,0,30,,941741,22,,,0,20,,941718,22,,,0,60,,941719,22,,,0,20,,941720,22,,,0,71,,941721,22,,,0,30,,941722,22,,,0,70,,941723,22,,,0,30,,941724,22,,,0,71,,941725,22,,,0,33,,941726,22,,,0,70,,941727,22,,,0,32,,941728,22,,,0,69,,941729,22,,,0,14,,941730,22,,,0,16,,941731,22,,,0,68,,941732,22,,,0,27,,941733,22,,,0,69,,941740,22,,,0,30,,941742,22,,,0,99,,941737,22,,,0,99,,941735,22,,,0,99,,941738,22,,,0,100,,941734,22,,,0,99,,941736,22,,,0
1802,'20260728',638,,941743,22,,,0,19,,941744,22,,,0,62,,941774,22,,,0,15,,941745,22,,,0,71,,941746,22,,,0,30,,941747,22,,,0,69,,941748,22,,,0,30,,941749,22,,,0,68,,941750,22,,,0,30,,941751,22,,,0,70,,941752,22,,,0,30,,941776,22,,,0,20,,941753,22,,,0,60,,941754,22,,,0,20,,941755,22,,,0,71,,941756,22,,,0,30,,941757,22,,,0,70,,941758,22,,,0,30,,941759,22,,,0,71,,941760,22,,,0,33,,941761,22,,,0,70,,941762,22,,,0,32,,941763,22,,,0,69,,941764,22,,,0,14,,941765,22,,,0,16,,941766,22,,,0,68,,941767,22,,,0,27,,941768,22,,,0,69,,941775,22,,,0,30,,941777,22,,,0,99,,941772,22,,,0,99,,941770,22,,,0,99,,941773,22,,,0,100,,941769,22,,,0,99,,941771,22,,,0
1802,'20260729',638,,971069,22,,,0,19,,971070,22,,,0,62,,971100,22,,,0,15,,971071,22,,,0,71,,971072,22,,,0,30,,971073,22,,,0,69,,971074,22,,,0,30,,971075,22,,,0,68,,971076,22,,,0,30,,971077,22,,,0,70,,971078,22,,,0,30,,971102,22,,,0,20,,971079,22,,,0,60,,971080,22,,,0,20,,971081,22,,,0,71,,971082,22,,,0,30,,971083,22,,,0,70,,971084,22,,,0,30,,971085,22,,,0,71,,971086,22,,,0,33,,971087,22,,,0,70,,971088,22,,,0,32,,971089,22,,,0,69,,971090,22,,,0,14,,971091,22,,,0,16,,971092,22,,,0,68,,971093,22,,,0,27,,971094,22,,,0,69,,971101,22,,,0,30,,971103,22,,,0,99,,971098,22,,,0,99,,971096,22,,,0,99,,971099,22,,,0,100,,971095,22,,,0,99,,971097,22,,,0
1802,'20260730',638,,971104,22,,,0,19,,971105,22,,,0,62,,971135,22,,,0,15,,971106,22,,,0,71,,971107,22,,,0,30,,971108,22,,,0,69,,971109,22,,,0,30,,971110,22,,,0,68,,971111,22,,,0,30,,971112,22,,,0,70,,971113,22,,,0,30,,971137,22,,,0,20,,971114,22,,,0,60,,971115,22,,,0,20,,971116,22,,,0,71,,971117,22,,,0,30,,971118,22,,,0,70,,971119,22,,,0,30,,971120,22,,,0,71,,971121,22,,,0,33,,971122,22,,,0,70,,971123,22,,,0,32,,971124,22,,,0,69,,971125,22,,,0,14,,971126,22,,,0,16,,971127,22,,,0,68,,971128,22,,,0,27,,971129,22,,,0,69,,971136,22,,,0,30,,971138,22,,,0,99,,971133,22,,,0,99,,971131,22,,,0,99,,971134,22,,,0,100,,971130,22,,,0,99,,971132,22,,,0
1802,'20260731',638,,971139,22,,,0,19,,971140,22,,,0,62,,971170,22,,,0,15,,971141,22,,,0,71,,971142,22,,,0,30,,971143,22,,,0,69,,971144,22,,,0,30,,971145,22,,,0,68,,971146,22,,,0,30,,971147,22,,,0,70,,971148,22,,,0,30,,971172,22,,,0,20,,971149,22,,,0,60,,971150,22,,,0,20,,971151,22,,,0,71,,971152,22,,,0,30,,971153,22,,,0,70,,971154,22,,,0,30,,971155,22,,,0,71,,971156,22,,,0,33,,971157,22,,,0,70,,971158,22,,,0,32,,971159,22,,,0,69,,971160,22,,,0,14,,971161,22,,,0,16,,971162,22,,,0,68,,971163,22,,,0,27,,971164,22,,,0,69,,971171,22,,,0,30,,971173,22,,,0,99,,971168,22,,,0,99,,971166,22,,,0,99,,971169,22,,,0,100,,971165,22,,,0,99,,971167,22,,,0
2902,'20260717',1601,,943061,35,,,0,33,,943062,35,,,0,75,,943063,35,,,0,38,,943064,35,,,0,9,,943065,35,,,0
2902,'20260720',1601,,972620,35,,,0,33,,972621,35,,,0,75,,972622,35,,,0,38,,972623,35,,,0,9,,972624,35,,,0
2902,'20260721',1601,,972625,35,,,0,33,,972626,35,,,0,75,,972627,35,,,0,38,,972628,35,,,0,9,,972629,35,,,0
2902,'20260722',1601,,972630,35,,,0,33,,972631,35,,,0,75,,972632,35,,,0,38,,972633,35,,,0,9,,972634,35,,,0
2902,'20260723',1601,,972635,35,,,0,33,,972636,35,,,0,75,,972637,35,,,0,38,,972638,35,,,0,9,,972639,35,,,0
2902,'20260724',1601,,943068,35,,,0,33,,943066,35,,,0,75,,943069,35,,,0,38,,943067,35,,,0,9,,943070,35,,,0
2902,'20260727',1601,,943073,35,,,0,33,,943071,35,,,0,75,,943074,35,,,0,38,,943072,35,,,0,9,,943075,35,,,0
2902,'20260728',1601,,943078,35,,,0,33,,943076,35,,,0,75,,943079,35,,,0,38,,943077,35,,,0,9,,943080,35,,,0
2902,'20260729',1601,,972642,35,,,0,33,,972640,35,,,0,75,,972643,35,,,0,38,,972641,35,,,0,9,,972644,35,,,0
2902,'20260730',1601,,972647,35,,,0,33,,972645,35,,,0,75,,972648,35,,,0,38,,972646,35,,,0,9,,972649,35,,,0
2902,'20260731',1601,,972652,35,,,0,33,,972650,35,,,0,75,,972653,35,,,0,38,,972651,35,,,0,9,,972654,35,,,0
