8100,'20260623',648,,779352,50,,,0,70,,779353,50,,,0,33,,779354,50,,,0,71,,779355,50,,,0,28,,779356,50,,,0,68,,779357,50,,,0,100,,779358,50,,,0,100,,779359,50,,,0,102,,779360,50,,,0,100,,779361,50,,,0,100,,779362,50,,,0,101,,779363,50,,,0,33,,779364,50,,,0,72,,779365,50,,,0,33,,779366,50,,,0,66,,779367,50,,,0,26,,779368,50,,,0,68,,779369,50,,,0,100,,779370,50,,,0,99,,779371,50,,,0,100,,779372,50,,,0,99,,779373,50,,,0,100,,779374,50,,,0
8100,'20260624',817,,779375,50,,,0,99,,779376,50,,,0,101,,779377,50,,,0,101,,779378,50,,,0,100,,779379,50,,,0,101,,779380,50,,,0,100,,779381,50,,,0,100,,779382,50,,,0,100,,779383,50,,,0,100,,779384,50,,,0,100,,779385,50,,,0,99,,779386,50,,,0,99,,779387,50,,,0,100,,779388,50,,,0,100,,779389,50,,,0,100,,779390,50,,,0
8100,'20260625',648,,802909,50,,,0,70,,802910,50,,,0,33,,802911,50,,,0,71,,802912,50,,,0,28,,802913,50,,,0,68,,802914,50,,,0,100,,802915,50,,,0,100,,802916,50,,,0,102,,802917,50,,,0,100,,802918,50,,,0,100,,802919,50,,,0,101,,802920,50,,,0,33,,802921,50,,,0,72,,802922,50,,,0,33,,802923,50,,,0,66,,802924,50,,,0,26,,802925,50,,,0,68,,802926,50,,,0,100,,802927,50,,,0,99,,802928,50,,,0,100,,802929,50,,,0,99,,802930,50,,,0,100,,802931,50,,,0
8100,'20260626',648,,802932,50,,,0,70,,802933,50,,,0,33,,802934,50,,,0,71,,802935,50,,,0,28,,802936,50,,,0,68,,802937,50,,,0,100,,802938,50,,,0,100,,802939,50,,,0,102,,802940,50,,,0,100,,802941,50,,,0,100,,802942,50,,,0,101,,802943,50,,,0,33,,802944,50,,,0,72,,802945,50,,,0,33,,802946,50,,,0,66,,802947,50,,,0,26,,802948,50,,,0,68,,802949,50,,,0,100,,802950,50,,,0,99,,802951,50,,,0,100,,802952,50,,,0,99,,802953,50,,,0,100,,802954,50,,,0
8100,'20260627',817,,751002,50,,,0,99,,751003,50,,,0,101,,751004,50,,,0,101,,751005,50,,,0,100,,751006,50,,,0,101,,751007,50,,,0,100,,751008,50,,,0,100,,751009,50,,,0,100,,751010,50,,,0,100,,751011,50,,,0,100,,751012,50,,,0,99,,751013,50,,,0,99,,751014,50,,,0,100,,751015,50,,,0,100,,751016,50,,,0,100,,751017,50,,,0
8100,'20260628',817,,751018,50,,,0,99,,751019,50,,,0,101,,751020,50,,,0,101,,751021,50,,,0,100,,751022,50,,,0,101,,751023,50,,,0,100,,751024,50,,,0,100,,751025,50,,,0,100,,751026,50,,,0,100,,751027,50,,,0,100,,751028,50,,,0,99,,751029,50,,,0,99,,751030,50,,,0,100,,751031,50,,,0,100,,751032,50,,,0,100,,751033,50,,,0
8100,'20260629',648,,751034,50,,,0,70,,751035,50,,,0,33,,751036,50,,,0,71,,751037,50,,,0,28,,751038,50,,,0,68,,751039,50,,,0,100,,751040,50,,,0,100,,751041,50,,,0,102,,751042,50,,,0,100,,751043,50,,,0,100,,751044,50,,,0,101,,751045,50,,,0,33,,751046,50,,,0,72,,751047,50,,,0,33,,751048,50,,,0,66,,751049,50,,,0,26,,751050,50,,,0,68,,751051,50,,,0,100,,751052,50,,,0,99,,751053,50,,,0,100,,751054,50,,,0,99,,751055,50,,,0,100,,751056,50,,,0
8100,'20260630',648,,751057,50,,,0,70,,751058,50,,,0,33,,751059,50,,,0,71,,751060,50,,,0,28,,751061,50,,,0,68,,751062,50,,,0,100,,751063,50,,,0,100,,751064,50,,,0,102,,751065,50,,,0,100,,751066,50,,,0,100,,751067,50,,,0,101,,751068,50,,,0,33,,751069,50,,,0,72,,751070,50,,,0,33,,751071,50,,,0,66,,751072,50,,,0,26,,751073,50,,,0,68,,751074,50,,,0,100,,751075,50,,,0,99,,751076,50,,,0,100,,751077,50,,,0,99,,751078,50,,,0,100,,751079,50,,,0
8100,'20260701',817,,779391,50,,,0,99,,779392,50,,,0,101,,779393,50,,,0,101,,779394,50,,,0,100,,779395,50,,,0,101,,779396,50,,,0,100,,779397,50,,,0,100,,779398,50,,,0,100,,779399,50,,,0,100,,779400,50,,,0,100,,779401,50,,,0,99,,779402,50,,,0,99,,779403,50,,,0,100,,779404,50,,,0,100,,779405,50,,,0,100,,779406,50,,,0
8100,'20260702',648,,779407,50,,,0,70,,779408,50,,,0,33,,779409,50,,,0,71,,779410,50,,,0,28,,779411,50,,,0,68,,779412,50,,,0,100,,779413,50,,,0,100,,779414,50,,,0,102,,779415,50,,,0,100,,779416,50,,,0,100,,779417,50,,,0,101,,779418,50,,,0,33,,779419,50,,,0,72,,779420,50,,,0,33,,779421,50,,,0,66,,779422,50,,,0,26,,779423,50,,,0,68,,779424,50,,,0,100,,779425,50,,,0,99,,779426,50,,,0,100,,779427,50,,,0,99,,779428,50,,,0,100,,779429,50,,,0
8100,'20260703',648,,779430,50,,,0,70,,779431,50,,,0,33,,779432,50,,,0,71,,779433,50,,,0,28,,779434,50,,,0,68,,779435,50,,,0,100,,779436,50,,,0,100,,779437,50,,,0,102,,779438,50,,,0,100,,779439,50,,,0,100,,779440,50,,,0,101,,779441,50,,,0,33,,779442,50,,,0,72,,779443,50,,,0,33,,779444,50,,,0,66,,779445,50,,,0,26,,779446,50,,,0,68,,779447,50,,,0,100,,779448,50,,,0,99,,779449,50,,,0,100,,779450,50,,,0,99,,779451,50,,,0,100,,779452,50,,,0
8100,'20260704',817,,802955,50,,,0,99,,802956,50,,,0,101,,802957,50,,,0,101,,802958,50,,,0,100,,802959,50,,,0,101,,802960,50,,,0,100,,802961,50,,,0,100,,802962,50,,,0,100,,802963,50,,,0,100,,802964,50,,,0,100,,802965,50,,,0,99,,802966,50,,,0,99,,802967,50,,,0,100,,802968,50,,,0,100,,802969,50,,,0,100,,802970,50,,,0
8100,'20260705',817,,802971,50,,,0,99,,802972,50,,,0,101,,802973,50,,,0,101,,802974,50,,,0,100,,802975,50,,,0,101,,802976,50,,,0,100,,802977,50,,,0,100,,802978,50,,,0,100,,802979,50,,,0,100,,802980,50,,,0,100,,802981,50,,,0,99,,802982,50,,,0,99,,802983,50,,,0,100,,802984,50,,,0,100,,802985,50,,,0,100,,802986,50,,,0
8100,'20260706',648,,802987,50,,,0,70,,802988,50,,,0,33,,802989,50,,,0,71,,802990,50,,,0,28,,802991,50,,,0,68,,802992,50,,,0,100,,802993,50,,,0,100,,802994,50,,,0,102,,802995,50,,,0,100,,802996,50,,,0,100,,802997,50,,,0,101,,802998,50,,,0,33,,802999,50,,,0,72,,803000,50,,,0,33,,803001,50,,,0,66,,803002,50,,,0,26,,803003,50,,,0,68,,803004,50,,,0,100,,803005,50,,,0,99,,803006,50,,,0,100,,803007,50,,,0,99,,803008,50,,,0,100,,803009,50,,,0
8100,'20260707',648,,803010,50,,,0,70,,803011,50,,,0,33,,803012,50,,,0,71,,803013,50,,,0,28,,803014,50,,,0,68,,803015,50,,,0,100,,803016,50,,,0,100,,803017,50,,,0,102,,803018,50,,,0,100,,803019,50,,,0,100,,803020,50,,,0,101,,803021,50,,,0,33,,803022,50,,,0,72,,803023,50,,,0,33,,803024,50,,,0,66,,803025,50,,,0,26,,803026,50,,,0,68,,803027,50,,,0,100,,803028,50,,,0,99,,803029,50,,,0,100,,803030,50,,,0,99,,803031,50,,,0,100,,803032,50,,,0
