8601,'20260501',639,,369424,35,,,0,72,,369425,35,,,0,28,,369423,14,,,0,3,,369426,35,,,0,70,,369427,35,,,0,28,,369428,35,,,0,70,,369429,35,,,0,100,,369430,35,,,0,100,,369431,35,,,0,101,,369432,35,,,0,99,,369433,35,,,0,100,,369434,35,,,0,102,,369435,35,,,0,102,,369436,35,,,0,30,,369437,35,,,0,70,,369438,35,,,0,29,,369439,35,,,0,68,,369440,35,,,0,99,,369441,35,,,0,99,,369442,35,,,0,100,,369443,35,,,0,100,,369444,35,,,0,100,,369445,35,,,0
8601,'20260502',809,,401508,35,,,0,100,,401509,35,,,0,100,,401510,35,,,0,100,,401511,35,,,0,101,,401512,35,,,0,100,,401513,35,,,0,100,,401514,35,,,0,100,,401515,35,,,0,100,,401516,35,,,0,100,,401517,35,,,0,100,,401518,35,,,0,99,,401519,35,,,0,100,,401520,35,,,0,100,,401521,35,,,0,100,,401522,35,,,0,100,,401523,35,,,0
8601,'20260503',809,,401524,35,,,0,100,,401525,35,,,0,100,,401526,35,,,0,100,,401527,35,,,0,101,,401528,35,,,0,100,,401529,35,,,0,100,,401530,35,,,0,100,,401531,35,,,0,100,,401532,35,,,0,100,,401533,35,,,0,100,,401534,35,,,0,99,,401535,35,,,0,100,,401536,35,,,0,100,,401537,35,,,0,100,,401538,35,,,0,100,,401539,35,,,0
8601,'20260504',639,,401541,35,,,0,72,,401542,35,,,0,28,,401540,14,,,0,3,,401543,35,,,0,70,,401544,35,,,0,28,,401545,35,,,0,70,,401546,35,,,0,100,,401547,35,,,0,100,,401548,35,,,0,101,,401549,35,,,0,99,,401550,35,,,0,100,,401551,35,,,0,102,,401552,35,,,0,102,,401553,35,,,0,30,,401554,35,,,0,70,,401555,35,,,0,29,,401556,35,,,0,68,,401557,35,,,0,99,,401558,35,,,0,99,,401559,35,,,0,100,,401560,35,,,0,100,,401561,35,,,0,100,,401562,35,,,0
8601,'20260505',639,,401564,35,,,0,72,,401565,35,,,0,28,,401563,14,,,0,3,,401566,35,,,0,70,,401567,35,,,0,28,,401568,35,,,0,70,,401569,35,,,0,100,,401570,35,,,0,100,,401571,35,,,0,101,,401572,35,,,0,99,,401573,35,,,0,100,,401574,35,,,0,102,,401575,35,,,0,102,,401576,35,,,0,30,,401577,35,,,0,70,,401578,35,,,0,29,,401579,35,,,0,68,,401580,35,,,0,99,,401581,35,,,0,99,,401582,35,,,0,100,,401583,35,,,0,100,,401584,35,,,0,100,,401585,35,,,0
8601,'20260506',639,,401587,35,,,0,72,,401588,35,,,0,28,,401586,14,,,0,3,,401589,35,,,0,70,,401590,35,,,0,28,,401591,35,,,0,70,,401592,35,,,0,100,,401593,35,,,0,100,,401594,35,,,0,101,,401595,35,,,0,99,,401596,35,,,0,100,,401597,35,,,0,102,,401598,35,,,0,102,,401599,35,,,0,30,,401600,35,,,0,70,,401601,35,,,0,29,,401602,35,,,0,68,,401603,35,,,0,99,,401604,35,,,0,99,,401605,35,,,0,100,,401606,35,,,0,100,,401607,35,,,0,100,,401608,35,,,0
8601,'20260507',639,,401610,35,,,0,72,,401611,35,,,0,28,,401609,14,,,0,3,,401612,35,,,0,70,,401613,35,,,0,28,,401614,35,,,0,70,,401615,35,,,0,100,,401616,35,,,0,100,,401617,35,,,0,101,,401618,35,,,0,99,,401619,35,,,0,100,,401620,35,,,0,102,,401621,35,,,0,102,,401622,35,,,0,30,,401623,35,,,0,70,,401624,35,,,0,29,,401625,35,,,0,68,,401626,35,,,0,99,,401627,35,,,0,99,,401628,35,,,0,100,,401629,35,,,0,100,,401630,35,,,0,100,,401631,35,,,0
8601,'20260508',639,,369458,35,,,0,72,,369446,35,,,0,28,,369468,14,,,0,3,,369447,35,,,0,70,,369448,35,,,0,28,,369459,35,,,0,70,,369462,35,,,0,100,,369460,35,,,0,100,,369463,35,,,0,101,,369457,35,,,0,99,,369464,35,,,0,100,,369456,35,,,0,102,,369465,35,,,0,102,,369452,35,,,0,30,,369455,35,,,0,70,,369451,35,,,0,29,,369454,35,,,0,68,,369449,35,,,0,99,,369466,35,,,0,99,,369453,35,,,0,100,,369467,35,,,0,100,,369450,35,,,0,100,,369461,35,,,0
8601,'20260509',809,,369469,35,,,0,100,,369477,35,,,0,100,,369473,35,,,0,100,,369478,35,,,0,101,,369470,35,,,0,100,,369479,35,,,0,100,,369474,35,,,0,100,,369480,35,,,0,100,,369475,35,,,0,100,,369481,35,,,0,100,,369471,35,,,0,99,,369482,35,,,0,100,,369476,35,,,0,100,,369483,35,,,0,100,,369472,35,,,0,100,,369484,35,,,0
8601,'20260510',809,,369488,35,,,0,100,,369493,35,,,0,100,,369489,35,,,0,100,,369494,35,,,0,101,,369485,35,,,0,100,,369495,35,,,0,100,,369490,35,,,0,100,,369496,35,,,0,100,,369491,35,,,0,100,,369497,35,,,0,100,,369486,35,,,0,99,,369498,35,,,0,100,,369492,35,,,0,100,,369499,35,,,0,100,,369487,35,,,0,100,,369500,35,,,0
8601,'20260511',639,,369513,35,,,0,72,,369501,35,,,0,28,,369523,14,,,0,3,,369502,35,,,0,70,,369503,35,,,0,28,,369514,35,,,0,70,,369517,35,,,0,100,,369515,35,,,0,100,,369518,35,,,0,101,,369512,35,,,0,99,,369519,35,,,0,100,,369511,35,,,0,102,,369520,35,,,0,102,,369507,35,,,0,30,,369510,35,,,0,70,,369506,35,,,0,29,,369509,35,,,0,68,,369504,35,,,0,99,,369521,35,,,0,99,,369508,35,,,0,100,,369522,35,,,0,100,,369505,35,,,0,100,,369516,35,,,0
8601,'20260512',639,,401644,35,,,0,72,,401632,35,,,0,28,,401654,14,,,0,3,,401633,35,,,0,70,,401634,35,,,0,28,,401645,35,,,0,70,,401648,35,,,0,100,,401646,35,,,0,100,,401649,35,,,0,101,,401643,35,,,0,99,,401650,35,,,0,100,,401642,35,,,0,102,,401651,35,,,0,102,,401638,35,,,0,30,,401641,35,,,0,70,,401637,35,,,0,29,,401640,35,,,0,68,,401635,35,,,0,99,,401652,35,,,0,99,,401639,35,,,0,100,,401653,35,,,0,100,,401636,35,,,0,100,,401647,35,,,0
8601,'20260513',639,,401667,35,,,0,72,,401655,35,,,0,28,,401677,14,,,0,3,,401656,35,,,0,70,,401657,35,,,0,28,,401668,35,,,0,70,,401671,35,,,0,100,,401669,35,,,0,100,,401672,35,,,0,101,,401666,35,,,0,99,,401673,35,,,0,100,,401665,35,,,0,102,,401674,35,,,0,102,,401661,35,,,0,30,,401664,35,,,0,70,,401660,35,,,0,29,,401663,35,,,0,68,,401658,35,,,0,99,,401675,35,,,0,99,,401662,35,,,0,100,,401676,35,,,0,100,,401659,35,,,0,100,,401670,35,,,0
8601,'20260514',639,,401690,35,,,0,72,,401678,35,,,0,28,,401700,14,,,0,3,,401679,35,,,0,70,,401680,35,,,0,28,,401691,35,,,0,70,,401694,35,,,0,100,,401692,35,,,0,100,,401695,35,,,0,101,,401689,35,,,0,99,,401696,35,,,0,100,,401688,35,,,0,102,,401697,35,,,0,102,,401684,35,,,0,30,,401687,35,,,0,70,,401683,35,,,0,29,,401686,35,,,0,68,,401681,35,,,0,99,,401698,35,,,0,99,,401685,35,,,0,100,,401699,35,,,0,100,,401682,35,,,0,100,,401693,35,,,0
8601,'20260515',639,,401713,35,,,0,72,,401701,35,,,0,28,,401723,14,,,0,3,,401702,35,,,0,70,,401703,35,,,0,28,,401714,35,,,0,70,,401717,35,,,0,100,,401715,35,,,0,100,,401718,35,,,0,101,,401712,35,,,0,99,,401719,35,,,0,100,,401711,35,,,0,102,,401720,35,,,0,102,,401707,35,,,0,30,,401710,35,,,0,70,,401706,35,,,0,29,,401709,35,,,0,68,,401704,35,,,0,99,,401721,35,,,0,99,,401708,35,,,0,100,,401722,35,,,0,100,,401705,35,,,0,100,,401716,35,,,0
7008601,'20260501',1629,,383370,32,,,0
7008601,'20260504',1629,,422234,32,,,0
7008601,'20260505',1629,,422236,32,,,0
7008601,'20260506',1629,,422238,32,,,0
7008601,'20260507',1629,,422240,32,,,0
7008601,'20260508',1629,,383372,32,,,0
7008601,'20260511',1629,,383373,32,,,0
7008601,'20260512',1629,,422242,32,,,0
7008601,'20260513',1629,,422243,32,,,0
7008601,'20260514',1629,,422244,32,,,0
