7202,'20260623',532,,777379,4,,,0,70,,777380,4,,,0,28,,777381,4,,,0,26,,777382,4,,,0,66,,777383,4,,,0,30,,777384,4,,,0,74,,777385,4,,,0,33,,777386,4,,,0,70,,777387,4,,,0,71,,777388,4,,,0,30,,777389,4,,,0,70,,777390,4,,,0,30,,777391,4,,,0,70,,777392,4,,,0,29,,777393,4,,,0,30,,777394,4,,,0,70,,777395,4,,,0,30,,777396,4,,,0,68,,777397,4,,,0,29,,777398,4,,,0,66,,777399,4,,,0,28,,777400,4,,,0,66,,777401,4,,,0,34,,777402,4,,,0,73,,777403,4,,,0,34,,777404,4,,,0,72,,777405,4,,,0,100,,777406,4,,,0,100,,777407,4,,,0,101,,777408,4,,,0,102,,777409,4,,,0,100,,777410,4,,,0
7202,'20260624',632,,777411,4,,,0,100,,777412,4,,,0,100,,777413,4,,,0,99,,777414,4,,,0,100,,777415,4,,,0,98,,777416,4,,,0,100,,777417,4,,,0,100,,777418,4,,,0,98,,777419,4,,,0,102,,777420,4,,,0,100,,777421,4,,,0,101,,777422,4,,,0,100,,777423,4,,,0,102,,777424,4,,,0,100,,777425,4,,,0,100,,777426,4,,,0,101,,777427,4,,,0,100,,777428,4,,,0
7202,'20260625',532,,801387,4,,,0,70,,801388,4,,,0,28,,801389,4,,,0,26,,801390,4,,,0,66,,801391,4,,,0,30,,801392,4,,,0,74,,801393,4,,,0,33,,801394,4,,,0,70,,801395,4,,,0,71,,801396,4,,,0,30,,801397,4,,,0,70,,801398,4,,,0,30,,801399,4,,,0,70,,801400,4,,,0,29,,801401,4,,,0,30,,801402,4,,,0,70,,801403,4,,,0,30,,801404,4,,,0,68,,801405,4,,,0,29,,801406,4,,,0,66,,801407,4,,,0,28,,801408,4,,,0,66,,801409,4,,,0,34,,801410,4,,,0,73,,801411,4,,,0,34,,801412,4,,,0,72,,801413,4,,,0,100,,801414,4,,,0,100,,801415,4,,,0,101,,801416,4,,,0,102,,801417,4,,,0,100,,801418,4,,,0
7202,'20260626',532,,801419,4,,,0,70,,801420,4,,,0,28,,801421,4,,,0,26,,801422,4,,,0,66,,801423,4,,,0,30,,801424,4,,,0,74,,801425,4,,,0,33,,801426,4,,,0,70,,801427,4,,,0,71,,801428,4,,,0,30,,801429,4,,,0,70,,801430,4,,,0,30,,801431,4,,,0,70,,801432,4,,,0,29,,801433,4,,,0,30,,801434,4,,,0,70,,801435,4,,,0,30,,801436,4,,,0,68,,801437,4,,,0,29,,801438,4,,,0,66,,801439,4,,,0,28,,801440,4,,,0,66,,801441,4,,,0,34,,801442,4,,,0,73,,801443,4,,,0,34,,801444,4,,,0,72,,801445,4,,,0,100,,801446,4,,,0,100,,801447,4,,,0,101,,801448,4,,,0,102,,801449,4,,,0,100,,801450,4,,,0
7202,'20260627',632,,748779,4,,,0,100,,748780,4,,,0,100,,748781,4,,,0,99,,748782,4,,,0,100,,748783,4,,,0,98,,748784,4,,,0,100,,748785,4,,,0,100,,748786,4,,,0,98,,748787,4,,,0,102,,748788,4,,,0,100,,748789,4,,,0,101,,748790,4,,,0,100,,748791,4,,,0,102,,748792,4,,,0,100,,748793,4,,,0,100,,748794,4,,,0,101,,748795,4,,,0,100,,748796,4,,,0
7202,'20260628',632,,748797,4,,,0,100,,748798,4,,,0,100,,748799,4,,,0,99,,748800,4,,,0,100,,748801,4,,,0,98,,748802,4,,,0,100,,748803,4,,,0,100,,748804,4,,,0,98,,748805,4,,,0,102,,748806,4,,,0,100,,748807,4,,,0,101,,748808,4,,,0,100,,748809,4,,,0,102,,748810,4,,,0,100,,748811,4,,,0,100,,748812,4,,,0,101,,748813,4,,,0,100,,748814,4,,,0
7202,'20260629',532,,748815,4,,,0,70,,748816,4,,,0,28,,748817,4,,,0,26,,748818,4,,,0,66,,748819,4,,,0,30,,748820,4,,,0,74,,748821,4,,,0,33,,748837,4,,,0,70,,748822,4,,,0,71,,748838,4,,,0,30,,748823,4,,,0,70,,748839,4,,,0,30,,748824,4,,,0,70,,748840,4,,,0,29,,748825,4,,,0,30,,748841,4,,,0,70,,748826,4,,,0,30,,748842,4,,,0,68,,748827,4,,,0,29,,748843,4,,,0,66,,748828,4,,,0,28,,748844,4,,,0,66,,748829,4,,,0,34,,748845,4,,,0,73,,748830,4,,,0,34,,748846,4,,,0,72,,748831,4,,,0,100,,748832,4,,,0,100,,748833,4,,,0,101,,748834,4,,,0,102,,748835,4,,,0,100,,748836,4,,,0
7202,'20260630',532,,748847,4,,,0,70,,748848,4,,,0,28,,748849,4,,,0,26,,748850,4,,,0,66,,748851,4,,,0,30,,748852,4,,,0,74,,748853,4,,,0,33,,748869,4,,,0,70,,748854,4,,,0,71,,748870,4,,,0,30,,748855,4,,,0,70,,748871,4,,,0,30,,748856,4,,,0,70,,748872,4,,,0,29,,748857,4,,,0,30,,748873,4,,,0,70,,748858,4,,,0,30,,748874,4,,,0,68,,748859,4,,,0,29,,748875,4,,,0,66,,748860,4,,,0,28,,748876,4,,,0,66,,748861,4,,,0,34,,748877,4,,,0,73,,748862,4,,,0,34,,748878,4,,,0,72,,748863,4,,,0,100,,748864,4,,,0,100,,748865,4,,,0,101,,748866,4,,,0,102,,748867,4,,,0,100,,748868,4,,,0
7202,'20260701',632,,777429,4,,,0,100,,777430,4,,,0,100,,777431,4,,,0,99,,777432,4,,,0,100,,777433,4,,,0,98,,777434,4,,,0,100,,777435,4,,,0,100,,777436,4,,,0,98,,777437,4,,,0,102,,777438,4,,,0,100,,777439,4,,,0,101,,777440,4,,,0,100,,777441,4,,,0,102,,777442,4,,,0,100,,777443,4,,,0,100,,777444,4,,,0,101,,777445,4,,,0,100,,777446,4,,,0
7202,'20260702',532,,777447,4,,,0,70,,777448,4,,,0,28,,777449,4,,,0,26,,777450,4,,,0,66,,777451,4,,,0,30,,777452,4,,,0,74,,777453,4,,,0,33,,777469,4,,,0,70,,777454,4,,,0,71,,777470,4,,,0,30,,777455,4,,,0,70,,777471,4,,,0,30,,777456,4,,,0,70,,777472,4,,,0,29,,777457,4,,,0,30,,777473,4,,,0,70,,777458,4,,,0,30,,777474,4,,,0,68,,777459,4,,,0,29,,777475,4,,,0,66,,777460,4,,,0,28,,777476,4,,,0,66,,777461,4,,,0,34,,777477,4,,,0,73,,777462,4,,,0,34,,777478,4,,,0,72,,777463,4,,,0,100,,777464,4,,,0,100,,777465,4,,,0,101,,777466,4,,,0,102,,777467,4,,,0,100,,777468,4,,,0
7202,'20260703',532,,777479,4,,,0,70,,777480,4,,,0,28,,777481,4,,,0,26,,777482,4,,,0,66,,777483,4,,,0,30,,777484,4,,,0,74,,777485,4,,,0,33,,777501,4,,,0,70,,777486,4,,,0,71,,777502,4,,,0,30,,777487,4,,,0,70,,777503,4,,,0,30,,777488,4,,,0,70,,777504,4,,,0,29,,777489,4,,,0,30,,777505,4,,,0,70,,777490,4,,,0,30,,777506,4,,,0,68,,777491,4,,,0,29,,777507,4,,,0,66,,777492,4,,,0,28,,777508,4,,,0,66,,777493,4,,,0,34,,777509,4,,,0,73,,777494,4,,,0,34,,777510,4,,,0,72,,777495,4,,,0,100,,777496,4,,,0,100,,777497,4,,,0,101,,777498,4,,,0,102,,777499,4,,,0,100,,777500,4,,,0
7202,'20260704',632,,801451,4,,,0,100,,801452,4,,,0,100,,801453,4,,,0,99,,801454,4,,,0,100,,801455,4,,,0,98,,801456,4,,,0,100,,801457,4,,,0,100,,801458,4,,,0,98,,801459,4,,,0,102,,801460,4,,,0,100,,801461,4,,,0,101,,801462,4,,,0,100,,801463,4,,,0,102,,801464,4,,,0,100,,801465,4,,,0,100,,801466,4,,,0,101,,801467,4,,,0,100,,801468,4,,,0
7202,'20260705',632,,801469,4,,,0,100,,801470,4,,,0,100,,801471,4,,,0,99,,801472,4,,,0,100,,801473,4,,,0,98,,801474,4,,,0,100,,801475,4,,,0,100,,801476,4,,,0,98,,801477,4,,,0,102,,801478,4,,,0,100,,801479,4,,,0,101,,801480,4,,,0,100,,801481,4,,,0,102,,801482,4,,,0,100,,801483,4,,,0,100,,801484,4,,,0,101,,801485,4,,,0,100,,801486,4,,,0
7202,'20260706',532,,801487,4,,,0,70,,801488,4,,,0,28,,801489,4,,,0,26,,801490,4,,,0,66,,801491,4,,,0,30,,801492,4,,,0,74,,801493,4,,,0,33,,801509,4,,,0,70,,801494,4,,,0,71,,801510,4,,,0,30,,801495,4,,,0,70,,801511,4,,,0,30,,801496,4,,,0,70,,801512,4,,,0,29,,801497,4,,,0,30,,801513,4,,,0,70,,801498,4,,,0,30,,801514,4,,,0,68,,801499,4,,,0,29,,801515,4,,,0,66,,801500,4,,,0,28,,801516,4,,,0,66,,801501,4,,,0,34,,801517,4,,,0,73,,801502,4,,,0,34,,801518,4,,,0,72,,801503,4,,,0,100,,801504,4,,,0,100,,801505,4,,,0,101,,801506,4,,,0,102,,801507,4,,,0,100,,801508,4,,,0
7202,'20260707',532,,801519,4,,,0,70,,801520,4,,,0,28,,801521,4,,,0,26,,801522,4,,,0,66,,801523,4,,,0,30,,801524,4,,,0,74,,801525,4,,,0,33,,801541,4,,,0,70,,801526,4,,,0,71,,801542,4,,,0,30,,801527,4,,,0,70,,801543,4,,,0,30,,801528,4,,,0,70,,801544,4,,,0,29,,801529,4,,,0,30,,801545,4,,,0,70,,801530,4,,,0,30,,801546,4,,,0,68,,801531,4,,,0,29,,801547,4,,,0,66,,801532,4,,,0,28,,801548,4,,,0,66,,801533,4,,,0,34,,801549,4,,,0,73,,801534,4,,,0,34,,801550,4,,,0,72,,801535,4,,,0,100,,801536,4,,,0,100,,801537,4,,,0,101,,801538,4,,,0,102,,801539,4,,,0,100,,801540,4,,,0
