28401,'20260608',641,,673275,40,,,0,64,,673276,40,,,0,24,,673277,40,,,0,18,,673278,40,,,0,64,,673279,40,,,0
28401,'20260609',641,,673280,40,,,0,64,,673281,40,,,0,24,,673282,40,,,0,18,,673283,40,,,0,64,,673284,40,,,0
28401,'20260610',641,,673285,40,,,0,64,,673286,40,,,0,24,,673287,40,,,0,18,,673288,40,,,0,64,,673289,40,,,0
28401,'20260611',641,,673290,40,,,0,64,,673291,40,,,0,24,,673292,40,,,0,18,,673293,40,,,0,64,,673294,40,,,0
28401,'20260612',641,,695765,40,,,0,64,,695766,40,,,0,24,,695767,40,,,0,18,,695768,40,,,0,64,,695769,40,,,0
28401,'20260615',641,,645658,40,,,0,64,,645655,40,,,0,24,,645659,40,,,0,18,,645656,40,,,0,64,,645657,40,,,0
28401,'20260616',641,,645663,40,,,0,64,,645660,40,,,0,24,,645664,40,,,0,18,,645661,40,,,0,64,,645662,40,,,0
28401,'20260617',641,,673298,40,,,0,64,,673295,40,,,0,24,,673299,40,,,0,18,,673296,40,,,0,64,,673297,40,,,0
28401,'20260618',641,,673303,40,,,0,64,,673300,40,,,0,24,,673304,40,,,0,18,,673301,40,,,0,64,,673302,40,,,0
28401,'20260619',641,,673308,40,,,0,64,,673305,40,,,0,24,,673309,40,,,0,18,,673306,40,,,0,64,,673307,40,,,0
28401,'20260622',638,,695773,40,,,0,71,,695770,40,,,0,27,,695774,40,,,0,18,,695771,40,,,0,60,,695772,40,,,0
38401,'20260608',637,,674458,40,,,0,22,,674459,40,,,0,72,,674460,40,,,0,181,,674461,40,,,0
38401,'20260609',637,,674462,40,,,0,22,,674463,40,,,0,72,,674464,40,,,0,181,,674465,40,,,0
38401,'20260610',637,,674466,40,,,0,22,,674467,40,,,0,72,,674468,40,,,0,181,,674469,40,,,0
38401,'20260611',637,,674470,40,,,0,22,,674471,40,,,0,72,,674472,40,,,0,181,,674473,40,,,0
38401,'20260612',637,,695978,40,,,0,22,,695979,40,,,0,72,,695980,40,,,0,181,,695981,40,,,0
38401,'20260615',637,,646163,40,,,0,22,,646161,40,,,0,72,,646162,40,,,0,181,,646164,40,,,0
38401,'20260616',637,,646167,40,,,0,22,,646165,40,,,0,72,,646166,40,,,0,181,,646168,40,,,0
38401,'20260617',637,,674476,40,,,0,22,,674474,40,,,0,72,,674475,40,,,0,181,,674477,40,,,0
38401,'20260618',637,,674480,40,,,0,22,,674478,40,,,0,72,,674479,40,,,0,181,,674481,40,,,0
38401,'20260619',637,,674484,40,,,0,22,,674482,40,,,0,72,,674483,40,,,0,181,,674485,40,,,0
58401,'20260608',634,,675309,40,,,0,68,,675310,40,,,0,31,,675311,40,,,0
58401,'20260609',634,,675312,40,,,0,68,,675313,40,,,0,31,,675314,40,,,0
58401,'20260610',634,,675315,40,,,0,68,,675316,40,,,0,31,,675317,40,,,0
58401,'20260611',634,,675318,40,,,0,68,,675319,40,,,0,31,,675320,40,,,0
58401,'20260612',634,,696244,40,,,0,68,,696245,40,,,0,31,,696246,40,,,0
58401,'20260615',634,,646494,40,,,0,68,,646493,40,,,0,31,,646495,40,,,0
58401,'20260616',634,,646497,40,,,0,68,,646496,40,,,0,31,,646498,40,,,0
58401,'20260617',634,,675322,40,,,0,68,,675321,40,,,0,31,,675323,40,,,0
58401,'20260618',634,,675325,40,,,0,68,,675324,40,,,0,31,,675326,40,,,0
58401,'20260619',634,,675328,40,,,0,68,,675327,40,,,0,31,,675329,40,,,0
58401,'20260622',637,,696248,40,,,0,69,,696247,40,,,0,30,,696249,40,,,0
