401,'20260616',530,,703306,9,,,0,70,,703307,9,,,0,29,,703308,9,,,0,29,,703309,9,,,0,55,,703310,9,,,0,15,,703304,9,,,0,2,,703311,9,,,0,13,,703302,9,,,0,2,,703312,9,,,0,55,,703303,9,,,0,2,,703313,9,,,0,12,,703305,9,,,0,2,,703314,9,,,0,15,,703315,9,,,0,15,,703316,9,,,0,55,,703317,9,,,0,17,,703318,9,,,0,29,,703319,9,,,0,70,,703320,9,,,0,30,,703321,9,,,0,70,,703322,9,,,0,30,,703323,9,,,0,69,,703324,9,,,0,15,,703325,9,,,0,15,,703326,9,,,0,71,,703327,9,,,0,31,,703328,9,,,0,70,,703329,9,,,0,30,,703330,9,,,0,11,,703331,9,,,0,58,,703332,9,,,0,15,,703333,9,,,0,17,,703334,9,,,0,56,,703335,9,,,0,10,,703336,9,,,0,19,,703337,9,,,0,15,,703338,9,,,0,56,,703339,9,,,0,17,,703340,9,,,0,20,,703341,9,,,0,64,,703342,9,,,0,98,,703343,9,,,0,98,,703344,9,,,0,100,,703345,9,,,0,100,,703346,9,,,0,98,,703347,9,,,0,59,,703348,9,,,0
401,'20260617',530,,703353,9,,,0,70,,703354,9,,,0,29,,703355,9,,,0,29,,703356,9,,,0,55,,703357,9,,,0,15,,703351,9,,,0,2,,703358,9,,,0,13,,703349,9,,,0,2,,703359,9,,,0,55,,703350,9,,,0,2,,703360,9,,,0,12,,703352,9,,,0,2,,703361,9,,,0,15,,703362,9,,,0,15,,703363,9,,,0,55,,703364,9,,,0,17,,703365,9,,,0,29,,703366,9,,,0,70,,703367,9,,,0,30,,703368,9,,,0,70,,703369,9,,,0,30,,703370,9,,,0,69,,703371,9,,,0,15,,703372,9,,,0,15,,703373,9,,,0,71,,703374,9,,,0,31,,703375,9,,,0,70,,703376,9,,,0,30,,703377,9,,,0,11,,703378,9,,,0,58,,703379,9,,,0,15,,703380,9,,,0,17,,703381,9,,,0,56,,703382,9,,,0,10,,703383,9,,,0,19,,703384,9,,,0,15,,703385,9,,,0,56,,703386,9,,,0,17,,703387,9,,,0,20,,703388,9,,,0,64,,703389,9,,,0,98,,703390,9,,,0,98,,703391,9,,,0,100,,703392,9,,,0,100,,703393,9,,,0,98,,703394,9,,,0,59,,703395,9,,,0
401,'20260618',530,,703400,9,,,0,70,,703401,9,,,0,29,,703402,9,,,0,29,,703403,9,,,0,55,,703404,9,,,0,15,,703398,9,,,0,2,,703405,9,,,0,13,,703396,9,,,0,2,,703406,9,,,0,55,,703397,9,,,0,2,,703407,9,,,0,12,,703399,9,,,0,2,,703408,9,,,0,15,,703409,9,,,0,15,,703410,9,,,0,55,,703411,9,,,0,17,,703412,9,,,0,29,,703413,9,,,0,70,,703414,9,,,0,30,,703415,9,,,0,70,,703416,9,,,0,30,,703417,9,,,0,69,,703418,9,,,0,15,,703419,9,,,0,15,,703420,9,,,0,71,,703421,9,,,0,31,,703422,9,,,0,70,,703423,9,,,0,30,,703424,9,,,0,11,,703425,9,,,0,58,,703426,9,,,0,15,,703427,9,,,0,17,,703428,9,,,0,56,,703429,9,,,0,10,,703430,9,,,0,19,,703431,9,,,0,15,,703432,9,,,0,56,,703433,9,,,0,17,,703434,9,,,0,20,,703435,9,,,0,64,,703436,9,,,0,98,,703437,9,,,0,98,,703438,9,,,0,100,,703439,9,,,0,100,,703440,9,,,0,98,,703441,9,,,0,59,,703442,9,,,0
401,'20260619',530,,739187,9,,,0,70,,739188,9,,,0,29,,739189,9,,,0,29,,739190,9,,,0,55,,739191,9,,,0,15,,739185,9,,,0,2,,739192,9,,,0,13,,739183,9,,,0,2,,739193,9,,,0,55,,739184,9,,,0,2,,739194,9,,,0,12,,739186,9,,,0,2,,739195,9,,,0,15,,739196,9,,,0,15,,739197,9,,,0,55,,739198,9,,,0,17,,739199,9,,,0,29,,739200,9,,,0,70,,739201,9,,,0,30,,739202,9,,,0,70,,739203,9,,,0,30,,739204,9,,,0,69,,739205,9,,,0,15,,739206,9,,,0,15,,739207,9,,,0,71,,739208,9,,,0,31,,739209,9,,,0,70,,739210,9,,,0,30,,739211,9,,,0,11,,739212,9,,,0,58,,739213,9,,,0,15,,739214,9,,,0,17,,739215,9,,,0,56,,739216,9,,,0,10,,739217,9,,,0,19,,739218,9,,,0,15,,739219,9,,,0,56,,739220,9,,,0,17,,739221,9,,,0,20,,739222,9,,,0,64,,739223,9,,,0,98,,739224,9,,,0,98,,739225,9,,,0,100,,739226,9,,,0,100,,739227,9,,,0,98,,739228,9,,,0,59,,739229,9,,,0
401,'20260620',651,,739247,9,,,0,94,,739230,9,,,0,100,,739231,9,,,0,100,,739232,9,,,0,101,,739233,9,,,0,100,,739234,9,,,0,101,,739235,9,,,0,100,,739236,9,,,0,100,,739237,9,,,0,101,,739238,9,,,0,98,,739239,9,,,0,104,,739240,9,,,0,99,,739241,9,,,0,97,,739242,9,,,0,98,,739243,9,,,0,99,,739244,9,,,0,98,,739245,9,,,0,98,,739246,9,,,0
401,'20260621',651,,739265,9,,,0,94,,739248,9,,,0,100,,739249,9,,,0,100,,739250,9,,,0,101,,739251,9,,,0,100,,739252,9,,,0,101,,739253,9,,,0,100,,739254,9,,,0,100,,739255,9,,,0,101,,739256,9,,,0,98,,739257,9,,,0,104,,739258,9,,,0,99,,739259,9,,,0,97,,739260,9,,,0,98,,739261,9,,,0,99,,739262,9,,,0,98,,739263,9,,,0,98,,739264,9,,,0
401,'20260622',530,,739267,9,,,0,70,,739268,9,,,0,29,,739269,9,,,0,29,,739270,9,,,0,72,,739271,9,,,0,70,,739266,9,,,0,31,,739272,9,,,0,70,,739273,9,,,0,46,,739274,9,,,0,100,,739275,9,,,0,101,,739276,9,,,0,102,,739277,9,,,0,94,,739278,9,,,0,104,,739279,9,,,0,70,,739280,9,,,0,31,,739281,9,,,0,69,,739282,9,,,0,30,,739283,9,,,0,73,,739284,9,,,0,83,,739285,9,,,0,101,,739286,9,,,0,98,,739287,9,,,0,100,,739288,9,,,0,100,,739289,9,,,0,98,,739290,9,,,0,99,,739291,9,,,0
401,'20260623',530,,739293,9,,,0,70,,739294,9,,,0,29,,739295,9,,,0,29,,739296,9,,,0,72,,739297,9,,,0,70,,739292,9,,,0,31,,739298,9,,,0,70,,739299,9,,,0,46,,739300,9,,,0,100,,739301,9,,,0,101,,739302,9,,,0,102,,739303,9,,,0,94,,739304,9,,,0,104,,739305,9,,,0,70,,739306,9,,,0,31,,739307,9,,,0,69,,739308,9,,,0,30,,739309,9,,,0,73,,739310,9,,,0,83,,739311,9,,,0,101,,739312,9,,,0,98,,739313,9,,,0,100,,739314,9,,,0,100,,739315,9,,,0,98,,739316,9,,,0,99,,739317,9,,,0
401,'20260624',651,,703486,9,,,0,94,,703469,9,,,0,100,,703470,9,,,0,100,,703471,9,,,0,101,,703472,9,,,0,100,,703473,9,,,0,101,,703474,9,,,0,100,,703475,9,,,0,100,,703476,9,,,0,101,,703477,9,,,0,98,,703478,9,,,0,104,,703479,9,,,0,99,,703480,9,,,0,97,,703481,9,,,0,98,,703482,9,,,0,99,,703483,9,,,0,98,,703484,9,,,0,98,,703485,9,,,0
401,'20260625',530,,703488,9,,,0,70,,703489,9,,,0,29,,703490,9,,,0,29,,703491,9,,,0,72,,703492,9,,,0,70,,703487,9,,,0,31,,703493,9,,,0,70,,703494,9,,,0,46,,703495,9,,,0,100,,703496,9,,,0,101,,703497,9,,,0,102,,703498,9,,,0,94,,703499,9,,,0,104,,703500,9,,,0,70,,703501,9,,,0,31,,703502,9,,,0,69,,703503,9,,,0,30,,703504,9,,,0,73,,703505,9,,,0,83,,703506,9,,,0,101,,703507,9,,,0,98,,703508,9,,,0,100,,703509,9,,,0,100,,703510,9,,,0,98,,703511,9,,,0,99,,703512,9,,,0
401,'20260626',530,,703514,9,,,0,70,,703515,9,,,0,29,,703516,9,,,0,29,,703517,9,,,0,72,,703518,9,,,0,70,,703513,9,,,0,31,,703519,9,,,0,70,,703520,9,,,0,46,,703521,9,,,0,100,,703522,9,,,0,101,,703523,9,,,0,102,,703524,9,,,0,94,,703525,9,,,0,104,,703526,9,,,0,70,,703527,9,,,0,31,,703528,9,,,0,69,,703529,9,,,0,30,,703530,9,,,0,73,,703531,9,,,0,83,,703532,9,,,0,101,,703533,9,,,0,98,,703534,9,,,0,100,,703535,9,,,0,100,,703536,9,,,0,98,,703537,9,,,0,99,,703538,9,,,0
401,'20260627',651,,739335,9,,,0,94,,739318,9,,,0,100,,739319,9,,,0,100,,739320,9,,,0,101,,739321,9,,,0,100,,739322,9,,,0,101,,739323,9,,,0,100,,739324,9,,,0,100,,739325,9,,,0,101,,739326,9,,,0,98,,739327,9,,,0,104,,739328,9,,,0,99,,739329,9,,,0,97,,739330,9,,,0,98,,739331,9,,,0,99,,739332,9,,,0,98,,739333,9,,,0,98,,739334,9,,,0
401,'20260628',651,,739353,9,,,0,94,,739336,9,,,0,100,,739337,9,,,0,100,,739338,9,,,0,101,,739339,9,,,0,100,,739340,9,,,0,101,,739341,9,,,0,100,,739342,9,,,0,100,,739343,9,,,0,101,,739344,9,,,0,98,,739345,9,,,0,104,,739346,9,,,0,99,,739347,9,,,0,97,,739348,9,,,0,98,,739349,9,,,0,99,,739350,9,,,0,98,,739351,9,,,0,98,,739352,9,,,0
401,'20260629',530,,739355,9,,,0,70,,739356,9,,,0,29,,739357,9,,,0,29,,739358,9,,,0,72,,739359,9,,,0,70,,739354,9,,,0,31,,739360,9,,,0,70,,739361,9,,,0,46,,739362,9,,,0,100,,739363,9,,,0,101,,739364,9,,,0,102,,739365,9,,,0,94,,739366,9,,,0,104,,739367,9,,,0,70,,739368,9,,,0,31,,739369,9,,,0,69,,739370,9,,,0,30,,739371,9,,,0,73,,739372,9,,,0,83,,739373,9,,,0,101,,739374,9,,,0,98,,739375,9,,,0,100,,739376,9,,,0,100,,739377,9,,,0,98,,739378,9,,,0,99,,739379,9,,,0
401,'20260630',530,,739381,9,,,0,70,,739382,9,,,0,29,,739383,9,,,0,29,,739384,9,,,0,72,,739385,9,,,0,70,,739380,9,,,0,31,,739386,9,,,0,70,,739387,9,,,0,46,,739388,9,,,0,100,,739389,9,,,0,101,,739390,9,,,0,102,,739391,9,,,0,94,,739392,9,,,0,104,,739393,9,,,0,70,,739394,9,,,0,31,,739395,9,,,0,69,,739396,9,,,0,30,,739397,9,,,0,73,,739398,9,,,0,83,,739399,9,,,0,101,,739400,9,,,0,98,,739401,9,,,0,100,,739402,9,,,0,100,,739403,9,,,0,98,,739404,9,,,0,99,,739405,9,,,0
