300,'20260619',527,,738267,7,,,0,26,,738268,7,,,0,67,,738269,7,,,0,29,,738270,7,,,0,69,,738271,7,,,0,27,,738272,7,,,0,71,,738273,7,,,0,32,,738274,7,,,0,73,,738275,7,,,0,30,,738276,7,,,0,70,,738277,7,,,0,27,,738278,7,,,0,73,,738279,7,,,0,27,,738280,7,,,0,72,,738281,7,,,0,27,,738282,7,,,0,73,,738283,7,,,0,27,,738284,7,,,0,73,,738285,7,,,0,27,,738286,7,,,0,69,,738287,7,,,0,23,,738288,7,,,0,11,,738289,7,,,0,61,,738290,7,,,0,9,,738291,7,,,0,23,,738292,7,,,0,63,,738293,7,,,0,8,,738294,7,,,0,21,,738295,7,,,0,11,,738296,7,,,0,73,,738297,7,,,0,30,,738298,7,,,0,72,,738299,7,,,0,29,,738300,7,,,0,71,,738301,7,,,0,30,,738302,7,,,0,71,,738303,7,,,0,30,,738304,7,,,0,72,,738305,7,,,0,29,,738306,7,,,0,71,,738307,7,,,0,30,,738308,7,,,0
400,'20260619',655,,738987,3,,,0,53,,738988,3,,,0,20,,738989,3,,,0,9,,738990,3,,,0,15,,738991,3,,,0,55,,738992,3,,,0,18,,738993,3,,,0,19,,738994,3,,,0,69,,738995,3,,,0,30,,738996,3,,,0,70,,738997,3,,,0,29,,738998,3,,,0,70,,738999,3,,,0,15,,739000,3,,,0,14,,739001,3,,,0,15,,739002,3,,,0,55,,739003,3,,,0,15,,739004,3,,,0,15,,739005,3,,,0,71,,739006,3,,,0,30,,739007,3,,,0,70,,739008,3,,,0,29,,739009,3,,,0,14,,739010,3,,,0,54,,739011,3,,,0,14,,739012,3,,,0,11,,738985,3,,,0,1,,739013,3,,,0,12,,738986,3,,,0,2,,739014,3,,,0,56,,739015,3,,,0,18,,739016,3,,,0,24,,739017,3,,,0,58,,739018,3,,,0,26,,739019,3,,,0,25,,739020,3,,,0,74,,739021,3,,,0,99,,739022,3,,,0,100,,739023,3,,,0,103,,739024,3,,,0,99,,739025,3,,,0,100,,739026,3,,,0
400,'20260620',720,,768951,3,,,0,99,,768952,3,,,0,98,,768953,3,,,0,100,,768954,3,,,0,101,,768955,3,,,0,98,,768956,3,,,0,99,,768957,3,,,0,100,,768958,3,,,0,101,,768959,3,,,0,98,,768960,3,,,0,109,,768961,3,,,0,94,,768962,3,,,0,99,,768963,3,,,0,99,,768964,3,,,0,100,,768965,3,,,0,99,,768966,3,,,0,98,,768967,3,,,0
400,'20260621',720,,768968,3,,,0,99,,768969,3,,,0,98,,768970,3,,,0,100,,768971,3,,,0,101,,768972,3,,,0,98,,768973,3,,,0,99,,768974,3,,,0,100,,768975,3,,,0,101,,768976,3,,,0,98,,768977,3,,,0,109,,768978,3,,,0,94,,768979,3,,,0,99,,768980,3,,,0,99,,768981,3,,,0,100,,768982,3,,,0,99,,768983,3,,,0,98,,768984,3,,,0
400,'20260622',655,,768987,3,,,0,71,,768988,3,,,0,26,,768989,3,,,0,73,,768990,3,,,0,88,,768991,3,,,0,100,,768992,3,,,0,100,,768993,3,,,0,102,,768994,3,,,0,93,,768995,3,,,0,104,,768996,3,,,0,97,,768997,3,,,0,25,,768985,3,,,0,2,,768998,3,,,0,11,,768986,3,,,0,57,,768999,3,,,0,34,,769000,3,,,0,67,,769001,3,,,0,30,,769002,3,,,0,96,,769003,3,,,0,99,,769004,3,,,0,100,,769005,3,,,0,103,,769006,3,,,0,99,,769007,3,,,0,100,,769008,3,,,0
400,'20260623',655,,769011,3,,,0,71,,769012,3,,,0,26,,769013,3,,,0,73,,769014,3,,,0,88,,769015,3,,,0,100,,769016,3,,,0,100,,769017,3,,,0,102,,769018,3,,,0,93,,769019,3,,,0,104,,769020,3,,,0,97,,769021,3,,,0,25,,769009,3,,,0,2,,769022,3,,,0,11,,769010,3,,,0,57,,769023,3,,,0,34,,769024,3,,,0,67,,769025,3,,,0,30,,769026,3,,,0,96,,769027,3,,,0,99,,769028,3,,,0,100,,769029,3,,,0,103,,769030,3,,,0,99,,769031,3,,,0,100,,769032,3,,,0
400,'20260624',720,,769033,3,,,0,99,,769034,3,,,0,98,,769035,3,,,0,100,,769036,3,,,0,101,,769037,3,,,0,98,,769038,3,,,0,99,,769039,3,,,0,100,,769040,3,,,0,101,,769041,3,,,0,98,,769042,3,,,0,109,,769043,3,,,0,94,,769044,3,,,0,99,,769045,3,,,0,99,,769046,3,,,0,100,,769047,3,,,0,99,,769048,3,,,0,98,,769049,3,,,0
400,'20260625',655,,703175,3,,,0,71,,703176,3,,,0,26,,703177,3,,,0,73,,703178,3,,,0,88,,703179,3,,,0,100,,703180,3,,,0,100,,703181,3,,,0,102,,703182,3,,,0,93,,703183,3,,,0,104,,703184,3,,,0,97,,703185,3,,,0,27,,703186,3,,,0,68,,703187,3,,,0,34,,703188,3,,,0,67,,703189,3,,,0,30,,703190,3,,,0,96,,703191,3,,,0,99,,703192,3,,,0,100,,703193,3,,,0,103,,703194,3,,,0,99,,703195,3,,,0,100,,703196,3,,,0
400,'20260626',655,,703197,3,,,0,71,,703198,3,,,0,26,,703199,3,,,0,73,,703200,3,,,0,88,,703201,3,,,0,100,,703202,3,,,0,100,,703203,3,,,0,102,,703204,3,,,0,93,,703205,3,,,0,104,,703206,3,,,0,97,,703207,3,,,0,27,,703208,3,,,0,68,,703209,3,,,0,34,,703210,3,,,0,67,,703211,3,,,0,30,,703212,3,,,0,96,,703213,3,,,0,99,,703214,3,,,0,100,,703215,3,,,0,103,,703216,3,,,0,99,,703217,3,,,0,100,,703218,3,,,0
400,'20260627',720,,739105,3,,,0,99,,739106,3,,,0,98,,739107,3,,,0,100,,739108,3,,,0,101,,739109,3,,,0,98,,739110,3,,,0,99,,739111,3,,,0,100,,739112,3,,,0,101,,739113,3,,,0,98,,739114,3,,,0,109,,739115,3,,,0,94,,739116,3,,,0,99,,739117,3,,,0,99,,739118,3,,,0,100,,739119,3,,,0,99,,739120,3,,,0,98,,739121,3,,,0
400,'20260628',720,,739122,3,,,0,99,,739123,3,,,0,98,,739124,3,,,0,100,,739125,3,,,0,101,,739126,3,,,0,98,,739127,3,,,0,99,,739128,3,,,0,100,,739129,3,,,0,101,,739130,3,,,0,98,,739131,3,,,0,109,,739132,3,,,0,94,,739133,3,,,0,99,,739134,3,,,0,99,,739135,3,,,0,100,,739136,3,,,0,99,,739137,3,,,0,98,,739138,3,,,0
400,'20260629',655,,739139,3,,,0,71,,739140,3,,,0,26,,739141,3,,,0,73,,739142,3,,,0,88,,739143,3,,,0,100,,739144,3,,,0,100,,739145,3,,,0,102,,739146,3,,,0,93,,739147,3,,,0,104,,739148,3,,,0,97,,739149,3,,,0,27,,739150,3,,,0,68,,739151,3,,,0,34,,739152,3,,,0,67,,739153,3,,,0,30,,739154,3,,,0,96,,739155,3,,,0,99,,739156,3,,,0,100,,739157,3,,,0,103,,739158,3,,,0,99,,739159,3,,,0,100,,739160,3,,,0
400,'20260630',655,,739161,3,,,0,71,,739162,3,,,0,26,,739163,3,,,0,73,,739164,3,,,0,88,,739165,3,,,0,100,,739166,3,,,0,100,,739167,3,,,0,102,,739168,3,,,0,93,,739169,3,,,0,104,,739170,3,,,0,97,,739171,3,,,0,27,,739172,3,,,0,68,,739173,3,,,0,34,,739174,3,,,0,67,,739175,3,,,0,30,,739176,3,,,0,96,,739177,3,,,0,99,,739178,3,,,0,100,,739179,3,,,0,103,,739180,3,,,0,99,,739181,3,,,0,100,,739182,3,,,0
400,'20260701',720,,769050,3,,,0,99,,769051,3,,,0,98,,769052,3,,,0,100,,769053,3,,,0,101,,769054,3,,,0,98,,769055,3,,,0,99,,769056,3,,,0,100,,769057,3,,,0,101,,769058,3,,,0,98,,769059,3,,,0,109,,769060,3,,,0,94,,769061,3,,,0,99,,769062,3,,,0,99,,769063,3,,,0,100,,769064,3,,,0,99,,769065,3,,,0,98,,769066,3,,,0
400,'20260702',655,,769067,3,,,0,71,,769068,3,,,0,26,,769069,3,,,0,73,,769070,3,,,0,88,,769071,3,,,0,100,,769072,3,,,0,100,,769073,3,,,0,102,,769074,3,,,0,93,,769075,3,,,0,104,,769076,3,,,0,97,,769077,3,,,0,27,,769078,3,,,0,68,,769079,3,,,0,34,,769080,3,,,0,67,,769081,3,,,0,30,,769082,3,,,0,96,,769083,3,,,0,99,,769084,3,,,0,100,,769085,3,,,0,103,,769086,3,,,0,99,,769087,3,,,0,100,,769088,3,,,0
400,'20260703',655,,769089,3,,,0,71,,769090,3,,,0,26,,769091,3,,,0,73,,769092,3,,,0,88,,769093,3,,,0,100,,769094,3,,,0,100,,769095,3,,,0,102,,769096,3,,,0,93,,769097,3,,,0,104,,769098,3,,,0,97,,769099,3,,,0,27,,769100,3,,,0,68,,769101,3,,,0,34,,769102,3,,,0,67,,769103,3,,,0,30,,769104,3,,,0,96,,769105,3,,,0,99,,769106,3,,,0,100,,769107,3,,,0,103,,769108,3,,,0,99,,769109,3,,,0,100,,769110,3,,,0
2800,'20260619',629,,741952,7,,,0,29,,741953,7,,,0,68,,741954,7,,,0,74,,741955,7,,,0,11,,741956,7,,,0,16,,741957,7,,,0,30,,741958,7,,,0,70,,741959,7,,,0,30,,741960,7,,,0,70,,741961,7,,,0,29,,741962,7,,,0,69,,741963,7,,,0,31,,741964,7,,,0,69,,741965,7,,,0,31,,741966,7,,,0,69,,741967,7,,,0,31,,741968,7,,,0,68,,741969,7,,,0,29,,741970,7,,,0,71,,741971,7,,,0,10,,741972,7,,,0,12,,741973,7,,,0,7,,741974,7,,,0,48,,741975,7,,,0,21,,741976,7,,,0,19,,741977,7,,,0,13,,741978,7,,,0,59,,741979,7,,,0,17,,741980,7,,,0,28,,741981,7,,,0,70,,741982,7,,,0,31,,741983,7,,,0,72,,741984,7,,,0,71,,741985,7,,,0,31,,741986,7,,,0,70,,741987,7,,,0,29,,741988,7,,,0,70,,741989,7,,,0,29,,741990,7,,,0,70,,741991,7,,,0,30,,741992,7,,,0,71,,741993,7,,,0,30,,741994,7,,,0
3600,'20260619',703,,743430,2,,,0,29,,743431,2,,,0,70,,743432,2,,,0,102,,743433,2,,,0,100,,743434,2,,,0,99,,743435,2,,,0,99,,743436,2,,,0,100,,743437,2,,,0,100,,743438,2,,,0,99,,743439,2,,,0,26,,743440,2,,,0,28,,743441,2,,,0,73,,743442,2,,,0,30,,743443,2,,,0,73,,743444,2,,,0,73,,743445,2,,,0,103,,743446,2,,,0,100,,743447,2,,,0,102,,743448,2,,,0,101,,743449,2,,,0,100,,743450,2,,,0,100,,743451,2,,,0
3600,'20260620',708,,772743,2,,,0,98,,772744,2,,,0,100,,772745,2,,,0,100,,772746,2,,,0,99,,772747,2,,,0,99,,772748,2,,,0,100,,772749,2,,,0,99,,772750,2,,,0,100,,772751,2,,,0,100,,772752,2,,,0,100,,772753,2,,,0,102,,772754,2,,,0,102,,772755,2,,,0,100,,772756,2,,,0,101,,772757,2,,,0,102,,772758,2,,,0,100,,772759,2,,,0,100,,772760,2,,,0
3600,'20260621',708,,772761,2,,,0,98,,772762,2,,,0,100,,772763,2,,,0,100,,772764,2,,,0,99,,772765,2,,,0,99,,772766,2,,,0,100,,772767,2,,,0,99,,772768,2,,,0,100,,772769,2,,,0,100,,772770,2,,,0,100,,772771,2,,,0,102,,772772,2,,,0,102,,772773,2,,,0,100,,772774,2,,,0,101,,772775,2,,,0,102,,772776,2,,,0,100,,772777,2,,,0,100,,772778,2,,,0
3600,'20260622',703,,772779,2,,,0,29,,772780,2,,,0,70,,772781,2,,,0,102,,772782,2,,,0,100,,772783,2,,,0,99,,772784,2,,,0,99,,772785,2,,,0,100,,772786,2,,,0,100,,772787,2,,,0,99,,772788,2,,,0,26,,772789,2,,,0,28,,772790,2,,,0,73,,772791,2,,,0,30,,772792,2,,,0,73,,772793,2,,,0,73,,772794,2,,,0,103,,772795,2,,,0,100,,772796,2,,,0,102,,772797,2,,,0,101,,772798,2,,,0,100,,772799,2,,,0,100,,772800,2,,,0
3600,'20260623',703,,772801,2,,,0,29,,772802,2,,,0,70,,772803,2,,,0,102,,772804,2,,,0,100,,772805,2,,,0,99,,772806,2,,,0,99,,772807,2,,,0,100,,772808,2,,,0,100,,772809,2,,,0,99,,772810,2,,,0,26,,772811,2,,,0,28,,772812,2,,,0,73,,772813,2,,,0,30,,772814,2,,,0,73,,772815,2,,,0,73,,772816,2,,,0,103,,772817,2,,,0,100,,772818,2,,,0,102,,772819,2,,,0,101,,772820,2,,,0,100,,772821,2,,,0,100,,772822,2,,,0
3600,'20260624',708,,772823,2,,,0,98,,772824,2,,,0,100,,772825,2,,,0,100,,772826,2,,,0,99,,772827,2,,,0,99,,772828,2,,,0,100,,772829,2,,,0,99,,772830,2,,,0,100,,772831,2,,,0,100,,772832,2,,,0,100,,772833,2,,,0,102,,772834,2,,,0,102,,772835,2,,,0,100,,772836,2,,,0,101,,772837,2,,,0,102,,772838,2,,,0,100,,772839,2,,,0,100,,772840,2,,,0
3600,'20260625',703,,708619,2,,,0,29,,708640,2,,,0,70,,708620,2,,,0,102,,708621,2,,,0,100,,708622,2,,,0,99,,708623,2,,,0,99,,708624,2,,,0,100,,708625,2,,,0,100,,708626,2,,,0,99,,708627,2,,,0,26,,708628,2,,,0,28,,708629,2,,,0,73,,708630,2,,,0,30,,708631,2,,,0,73,,708632,2,,,0,73,,708634,2,,,0,103,,708635,2,,,0,100,,708636,2,,,0,102,,708637,2,,,0,101,,708638,2,,,0,100,,708639,2,,,0,100,,708633,2,,,0
3600,'20260626',703,,708641,2,,,0,29,,708662,2,,,0,70,,708642,2,,,0,102,,708643,2,,,0,100,,708644,2,,,0,99,,708645,2,,,0,99,,708646,2,,,0,100,,708647,2,,,0,100,,708648,2,,,0,99,,708649,2,,,0,26,,708650,2,,,0,28,,708651,2,,,0,73,,708652,2,,,0,30,,708653,2,,,0,73,,708654,2,,,0,73,,708656,2,,,0,103,,708657,2,,,0,100,,708658,2,,,0,102,,708659,2,,,0,101,,708660,2,,,0,100,,708661,2,,,0,100,,708655,2,,,0
3600,'20260627',708,,743534,2,,,0,98,,743535,2,,,0,100,,743536,2,,,0,100,,743537,2,,,0,99,,743538,2,,,0,99,,743539,2,,,0,100,,743540,2,,,0,99,,743541,2,,,0,100,,743542,2,,,0,100,,743543,2,,,0,100,,743544,2,,,0,102,,743545,2,,,0,102,,743547,2,,,0,100,,743532,2,,,0,101,,743548,2,,,0,102,,743533,2,,,0,100,,743546,2,,,0,100,,743549,2,,,0
3600,'20260628',708,,743567,2,,,0,98,,743565,2,,,0,100,,743559,2,,,0,100,,743562,2,,,0,99,,743551,2,,,0,99,,743550,2,,,0,100,,743558,2,,,0,99,,743557,2,,,0,100,,743556,2,,,0,100,,743555,2,,,0,100,,743554,2,,,0,102,,743553,2,,,0,102,,743563,2,,,0,100,,743552,2,,,0,101,,743564,2,,,0,102,,743561,2,,,0,100,,743560,2,,,0,100,,743566,2,,,0
3600,'20260629',703,,743568,2,,,0,29,,743589,2,,,0,70,,743569,2,,,0,102,,743570,2,,,0,100,,743571,2,,,0,99,,743572,2,,,0,99,,743573,2,,,0,100,,743574,2,,,0,100,,743575,2,,,0,99,,743576,2,,,0,26,,743577,2,,,0,28,,743578,2,,,0,73,,743579,2,,,0,30,,743580,2,,,0,73,,743581,2,,,0,73,,743583,2,,,0,103,,743584,2,,,0,100,,743585,2,,,0,102,,743586,2,,,0,101,,743587,2,,,0,100,,743588,2,,,0,100,,743582,2,,,0
3600,'20260630',703,,743590,2,,,0,29,,743611,2,,,0,70,,743591,2,,,0,102,,743592,2,,,0,100,,743593,2,,,0,99,,743594,2,,,0,99,,743595,2,,,0,100,,743596,2,,,0,100,,743597,2,,,0,99,,743598,2,,,0,26,,743599,2,,,0,28,,743600,2,,,0,73,,743601,2,,,0,30,,743602,2,,,0,73,,743603,2,,,0,73,,743605,2,,,0,103,,743606,2,,,0,100,,743607,2,,,0,102,,743608,2,,,0,101,,743609,2,,,0,100,,743610,2,,,0,100,,743604,2,,,0
3600,'20260701',708,,772858,2,,,0,98,,772856,2,,,0,100,,772850,2,,,0,100,,772853,2,,,0,99,,772842,2,,,0,99,,772841,2,,,0,100,,772849,2,,,0,99,,772848,2,,,0,100,,772847,2,,,0,100,,772846,2,,,0,100,,772845,2,,,0,102,,772844,2,,,0,102,,772854,2,,,0,100,,772843,2,,,0,101,,772855,2,,,0,102,,772852,2,,,0,100,,772851,2,,,0,100,,772857,2,,,0
3600,'20260702',703,,772859,2,,,0,29,,772880,2,,,0,70,,772860,2,,,0,102,,772861,2,,,0,100,,772862,2,,,0,99,,772863,2,,,0,99,,772864,2,,,0,100,,772865,2,,,0,100,,772866,2,,,0,99,,772867,2,,,0,26,,772868,2,,,0,28,,772869,2,,,0,73,,772870,2,,,0,30,,772871,2,,,0,73,,772872,2,,,0,73,,772874,2,,,0,103,,772875,2,,,0,100,,772876,2,,,0,102,,772877,2,,,0,101,,772878,2,,,0,100,,772879,2,,,0,100,,772873,2,,,0
3600,'20260703',703,,772881,2,,,0,29,,772902,2,,,0,70,,772882,2,,,0,102,,772883,2,,,0,100,,772884,2,,,0,99,,772885,2,,,0,99,,772886,2,,,0,100,,772887,2,,,0,100,,772888,2,,,0,99,,772889,2,,,0,26,,772890,2,,,0,28,,772891,2,,,0,73,,772892,2,,,0,30,,772893,2,,,0,73,,772894,2,,,0,73,,772896,2,,,0,103,,772897,2,,,0,100,,772898,2,,,0,102,,772899,2,,,0,101,,772900,2,,,0,100,,772901,2,,,0,100,,772895,2,,,0
6400,'20260619',856,,747579,2,,,0,98,,747580,2,,,0,100,,747581,2,,,0,100,,747582,2,,,0,99,,747583,2,,,0,100,,747584,2,,,0,99,,747585,2,,,0,304,,747586,2,,,0,102,,747587,2,,,0,100,,747588,2,,,0,101,,747589,2,,,0,141,,747590,2,,,0,103,,747591,2,,,0
6400,'20260620',800,,776375,2,,,0,59,,776376,2,,,0,98,,776377,2,,,0,99,,776378,2,,,0,100,,776379,2,,,0,97,,776380,2,,,0,100,,776381,2,,,0,100,,776382,2,,,0,100,,776383,2,,,0,100,,776384,2,,,0,104,,776385,2,,,0,101,,776386,2,,,0,142,,776387,2,,,0,101,,776388,2,,,0,100,,776389,2,,,0,100,,776390,2,,,0
6400,'20260621',800,,776391,2,,,0,59,,776392,2,,,0,98,,776393,2,,,0,99,,776394,2,,,0,100,,776395,2,,,0,97,,776396,2,,,0,100,,776397,2,,,0,100,,776398,2,,,0,100,,776399,2,,,0,100,,776400,2,,,0,104,,776401,2,,,0,101,,776402,2,,,0,142,,776403,2,,,0,101,,776404,2,,,0,100,,776405,2,,,0,100,,776406,2,,,0
6400,'20260622',856,,776407,2,,,0,98,,776408,2,,,0,100,,776409,2,,,0,100,,776410,2,,,0,99,,776411,2,,,0,100,,776412,2,,,0,99,,776413,2,,,0,304,,776414,2,,,0,102,,776415,2,,,0,100,,776416,2,,,0,101,,776417,2,,,0,141,,776418,2,,,0,103,,776419,2,,,0
6400,'20260623',856,,776420,2,,,0,98,,776421,2,,,0,100,,776422,2,,,0,100,,776423,2,,,0,99,,776424,2,,,0,100,,776425,2,,,0,99,,776426,2,,,0,304,,776427,2,,,0,102,,776428,2,,,0,100,,776429,2,,,0,101,,776430,2,,,0,141,,776431,2,,,0,103,,776432,2,,,0
6400,'20260624',800,,776433,2,,,0,59,,776434,2,,,0,98,,776435,2,,,0,99,,776436,2,,,0,100,,776437,2,,,0,97,,776438,2,,,0,100,,776439,2,,,0,100,,776440,2,,,0,100,,776441,2,,,0,100,,776442,2,,,0,104,,776443,2,,,0,101,,776444,2,,,0,142,,776445,2,,,0,101,,776446,2,,,0,100,,776447,2,,,0,100,,776448,2,,,0
6400,'20260625',856,,713373,2,,,0,98,,713374,2,,,0,100,,713375,2,,,0,100,,713376,2,,,0,99,,713377,2,,,0,100,,713378,2,,,0,99,,713379,2,,,0,304,,713380,2,,,0,102,,713381,2,,,0,100,,713382,2,,,0,101,,713383,2,,,0,141,,713384,2,,,0,103,,713385,2,,,0
6400,'20260626',856,,713386,2,,,0,98,,713387,2,,,0,100,,713388,2,,,0,100,,713389,2,,,0,99,,713390,2,,,0,100,,713391,2,,,0,99,,713392,2,,,0,304,,713393,2,,,0,102,,713394,2,,,0,100,,713395,2,,,0,101,,713396,2,,,0,141,,713397,2,,,0,103,,713398,2,,,0
6400,'20260627',800,,747650,2,,,0,59,,747651,2,,,0,98,,747652,2,,,0,99,,747653,2,,,0,100,,747654,2,,,0,97,,747655,2,,,0,100,,747656,2,,,0,100,,747657,2,,,0,100,,747658,2,,,0,100,,747659,2,,,0,104,,747660,2,,,0,101,,747661,2,,,0,142,,747662,2,,,0,101,,747663,2,,,0,100,,747664,2,,,0,100,,747665,2,,,0
6400,'20260628',800,,747666,2,,,0,59,,747667,2,,,0,98,,747668,2,,,0,99,,747669,2,,,0,100,,747670,2,,,0,97,,747671,2,,,0,100,,747672,2,,,0,100,,747673,2,,,0,100,,747674,2,,,0,100,,747675,2,,,0,104,,747676,2,,,0,101,,747677,2,,,0,142,,747678,2,,,0,101,,747679,2,,,0,100,,747680,2,,,0,100,,747681,2,,,0
6400,'20260629',856,,747682,2,,,0,98,,747683,2,,,0,100,,747684,2,,,0,100,,747685,2,,,0,99,,747686,2,,,0,100,,747687,2,,,0,99,,747688,2,,,0,304,,747689,2,,,0,102,,747690,2,,,0,100,,747691,2,,,0,101,,747692,2,,,0,141,,747693,2,,,0,103,,747694,2,,,0
6400,'20260630',856,,747695,2,,,0,98,,747696,2,,,0,100,,747697,2,,,0,100,,747698,2,,,0,99,,747699,2,,,0,100,,747700,2,,,0,99,,747701,2,,,0,304,,747702,2,,,0,102,,747703,2,,,0,100,,747704,2,,,0,101,,747705,2,,,0,141,,747706,2,,,0,103,,747707,2,,,0
6400,'20260701',800,,776449,2,,,0,59,,776450,2,,,0,98,,776451,2,,,0,99,,776452,2,,,0,100,,776453,2,,,0,97,,776454,2,,,0,100,,776455,2,,,0,100,,776456,2,,,0,100,,776457,2,,,0,100,,776458,2,,,0,104,,776459,2,,,0,101,,776460,2,,,0,142,,776461,2,,,0,101,,776462,2,,,0,100,,776463,2,,,0,100,,776464,2,,,0
6400,'20260702',856,,776465,2,,,0,98,,776466,2,,,0,100,,776467,2,,,0,100,,776468,2,,,0,99,,776469,2,,,0,100,,776470,2,,,0,99,,776471,2,,,0,304,,776472,2,,,0,102,,776473,2,,,0,100,,776474,2,,,0,101,,776475,2,,,0,141,,776476,2,,,0,103,,776477,2,,,0
6400,'20260703',856,,776478,2,,,0,98,,776479,2,,,0,100,,776480,2,,,0,100,,776481,2,,,0,99,,776482,2,,,0,100,,776483,2,,,0,99,,776484,2,,,0,304,,776485,2,,,0,102,,776486,2,,,0,100,,776487,2,,,0,101,,776488,2,,,0,141,,776489,2,,,0,103,,776490,2,,,0
6500,'20260619',1544,,747850,7,,,0,72,,747851,7,,,0,38,,747852,7,,,0,77,,747853,7,,,0,21,,747854,7,,,0
6500,'20260622',1553,,776619,2,,,0,72,,776620,2,,,0,83,,776621,2,,,0,33,,776622,2,,,0,16,,776623,2,,,0
6500,'20260623',1553,,776624,2,,,0,72,,776625,2,,,0,83,,776626,2,,,0,33,,776627,2,,,0,16,,776628,2,,,0
6500,'20260625',1553,,713576,2,,,0,72,,713577,2,,,0,83,,713578,2,,,0,33,,713579,2,,,0,16,,713580,2,,,0
6500,'20260626',1553,,713581,2,,,0,72,,713582,2,,,0,83,,713583,2,,,0,33,,713584,2,,,0,16,,713585,2,,,0
6500,'20260629',1553,,747865,2,,,0,72,,747866,2,,,0,83,,747867,2,,,0,33,,747868,2,,,0,16,,747869,2,,,0
6500,'20260630',1553,,747870,2,,,0,72,,747871,2,,,0,83,,747872,2,,,0,33,,747873,2,,,0,16,,747874,2,,,0
6500,'20260702',1553,,776629,2,,,0,72,,776630,2,,,0,83,,776631,2,,,0,33,,776632,2,,,0,16,,776633,2,,,0
6500,'20260703',1553,,776634,2,,,0,72,,776635,2,,,0,83,,776636,2,,,0,33,,776637,2,,,0,16,,776638,2,,,0
7400,'20260619',648,,749110,3,,,1,95,,749111,3,,,1,105,,749112,3,,,1,101,,749113,3,,,1,98,,749114,3,,,1,100,,749115,3,,,1,99,,749116,3,,,1,100,,749117,3,,,1,99,,749118,3,,,1,94,,749119,3,,,1,102,,749120,3,,,1,105,,749121,3,,,1,104,,749122,3,,,1,101,,749123,3,,,1,99,,749124,3,,,1,102,,749125,3,,,1,102,,749126,3,,,1
7400,'20260620',752,,777711,3,,,1,99,,777712,3,,,1,99,,777713,3,,,1,99,,777714,3,,,1,99,,777715,3,,,1,98,,777716,3,,,1,100,,777717,3,,,1,100,,777718,3,,,1,100,,777719,3,,,1,101,,777720,3,,,1,101,,777721,3,,,1,103,,777722,3,,,1,101,,777723,3,,,1,101,,777724,3,,,1,100,,777725,3,,,1,101,,777726,3,,,1,172,,777727,3,,,1
7400,'20260621',752,,777728,3,,,1,99,,777729,3,,,1,99,,777730,3,,,1,99,,777731,3,,,1,99,,777732,3,,,1,98,,777733,3,,,1,100,,777734,3,,,1,100,,777735,3,,,1,100,,777736,3,,,1,101,,777737,3,,,1,101,,777738,3,,,1,103,,777739,3,,,1,101,,777740,3,,,1,101,,777741,3,,,1,100,,777742,3,,,1,101,,777743,3,,,1,172,,777744,3,,,1
7400,'20260622',648,,777745,3,,,1,95,,777746,3,,,1,105,,777747,3,,,1,101,,777748,3,,,1,98,,777749,3,,,1,100,,777750,3,,,1,99,,777751,3,,,1,100,,777752,3,,,1,99,,777753,3,,,1,95,,777754,3,,,1,102,,777755,3,,,1,104,,777756,3,,,1,104,,777757,3,,,1,101,,777758,3,,,1,99,,777759,3,,,1,102,,777760,3,,,1,102,,777761,3,,,1
7400,'20260623',648,,777766,3,,,1,95,,777767,3,,,1,105,,777768,3,,,1,101,,777769,3,,,1,98,,777770,3,,,1,100,,777771,3,,,1,99,,777772,3,,,1,100,,777773,3,,,1,99,,777774,3,,,1,95,,777775,3,,,1,102,,777776,3,,,1,104,,777777,3,,,1,104,,777778,3,,,1,101,,777779,3,,,1,99,,777780,3,,,1,102,,777781,3,,,1,102,,777782,3,,,1
7400,'20260624',752,,777787,3,,,1,99,,777788,3,,,1,99,,777789,3,,,1,99,,777790,3,,,1,99,,777791,3,,,1,98,,777792,3,,,1,100,,777793,3,,,1,100,,777794,3,,,1,100,,777795,3,,,1,101,,777796,3,,,1,101,,777797,3,,,1,103,,777798,3,,,1,101,,777799,3,,,1,101,,777800,3,,,1,100,,777801,3,,,1,101,,777802,3,,,1,172,,777803,3,,,1
7400,'20260625',648,,715211,3,,,1,95,,715198,3,,,1,105,,715199,3,,,1,101,,715200,3,,,1,98,,715201,3,,,1,100,,715202,3,,,1,99,,715203,3,,,1,100,,715204,3,,,1,99,,715205,3,,,1,95,,715206,3,,,1,102,,715207,3,,,1,104,,715208,3,,,1,104,,715212,3,,,1,101,,715213,3,,,1,99,,715209,3,,,1,102,,715214,3,,,1,102,,715210,3,,,1
7400,'20260626',648,,715232,3,,,1,95,,715219,3,,,1,105,,715220,3,,,1,101,,715221,3,,,1,98,,715222,3,,,1,100,,715223,3,,,1,99,,715224,3,,,1,100,,715225,3,,,1,99,,715226,3,,,1,95,,715227,3,,,1,102,,715228,3,,,1,104,,715229,3,,,1,104,,715233,3,,,1,101,,715234,3,,,1,99,,715230,3,,,1,102,,715235,3,,,1,102,,715231,3,,,1
7400,'20260627',752,,749207,3,,,1,99,,749221,3,,,1,99,,749222,3,,,1,99,,749208,3,,,1,99,,749209,3,,,1,98,,749210,3,,,1,100,,749211,3,,,1,100,,749212,3,,,1,100,,749213,3,,,1,101,,749214,3,,,1,101,,749215,3,,,1,103,,749216,3,,,1,101,,749217,3,,,1,101,,749218,3,,,1,100,,749219,3,,,1,101,,749220,3,,,1,172,,749223,3,,,1
7400,'20260628',752,,749224,3,,,1,99,,749238,3,,,1,99,,749225,3,,,1,99,,749239,3,,,1,99,,749232,3,,,1,98,,749233,3,,,1,100,,749234,3,,,1,100,,749235,3,,,1,100,,749236,3,,,1,101,,749237,3,,,1,101,,749226,3,,,1,103,,749230,3,,,1,101,,749231,3,,,1,101,,749227,3,,,1,100,,749228,3,,,1,101,,749229,3,,,1,172,,749240,3,,,1
7400,'20260629',648,,749254,3,,,1,95,,749241,3,,,1,105,,749242,3,,,1,101,,749243,3,,,1,98,,749244,3,,,1,100,,749245,3,,,1,99,,749246,3,,,1,100,,749247,3,,,1,99,,749248,3,,,1,95,,749249,3,,,1,102,,749250,3,,,1,104,,749251,3,,,1,104,,749255,3,,,1,101,,749256,3,,,1,99,,749252,3,,,1,102,,749257,3,,,1,102,,749253,3,,,1
7400,'20260630',648,,749275,3,,,1,95,,749262,3,,,1,105,,749263,3,,,1,101,,749264,3,,,1,98,,749265,3,,,1,100,,749266,3,,,1,99,,749267,3,,,1,100,,749268,3,,,1,99,,749269,3,,,1,95,,749270,3,,,1,102,,749271,3,,,1,104,,749272,3,,,1,104,,749276,3,,,1,101,,749277,3,,,1,99,,749273,3,,,1,102,,749278,3,,,1,102,,749274,3,,,1
7400,'20260701',752,,777804,3,,,1,99,,777818,3,,,1,99,,777805,3,,,1,99,,777819,3,,,1,99,,777812,3,,,1,98,,777813,3,,,1,100,,777814,3,,,1,100,,777815,3,,,1,100,,777816,3,,,1,101,,777817,3,,,1,101,,777806,3,,,1,103,,777810,3,,,1,101,,777811,3,,,1,101,,777807,3,,,1,100,,777808,3,,,1,101,,777809,3,,,1,172,,777820,3,,,1
7400,'20260702',648,,777834,3,,,1,95,,777821,3,,,1,105,,777822,3,,,1,101,,777823,3,,,1,98,,777824,3,,,1,100,,777825,3,,,1,99,,777826,3,,,1,100,,777827,3,,,1,99,,777828,3,,,1,95,,777829,3,,,1,102,,777830,3,,,1,104,,777831,3,,,1,104,,777835,3,,,1,101,,777836,3,,,1,99,,777832,3,,,1,102,,777837,3,,,1,102,,777833,3,,,1
7400,'20260703',648,,777855,3,,,1,95,,777842,3,,,1,105,,777843,3,,,1,101,,777844,3,,,1,98,,777845,3,,,1,100,,777846,3,,,1,99,,777847,3,,,1,100,,777848,3,,,1,99,,777849,3,,,1,95,,777850,3,,,1,102,,777851,3,,,1,104,,777852,3,,,1,104,,777856,3,,,1,101,,777857,3,,,1,99,,777853,3,,,1,102,,777858,3,,,1,102,,777854,3,,,1
8200,'20260619',601,,751267,2,,,0,26,,751268,2,,,0,97,,751269,2,,,0,30,,751270,2,,,0,70,,751271,2,,,0,103,,751272,2,,,0,100,,751273,2,,,0,99,,751274,2,,,0,99,,751275,2,,,0,100,,751276,2,,,0,99,,751277,2,,,0,97,,751278,2,,,0,29,,751279,2,,,0,69,,751280,2,,,0,32,,751281,2,,,0,76,,751282,2,,,0,31,,751283,2,,,0,71,,751284,2,,,0,102,,751285,2,,,0,100,,751286,2,,,0,101,,751287,2,,,0,171,,751288,2,,,0
8200,'20260620',632,,779617,2,,,0,100,,779618,2,,,0,98,,779619,2,,,0,98,,779620,2,,,0,100,,779621,2,,,0,100,,779622,2,,,0,98,,779623,2,,,0,100,,779624,2,,,0,100,,779625,2,,,0,100,,779626,2,,,0,101,,779627,2,,,0,102,,779628,2,,,0,101,,779629,2,,,0,102,,779630,2,,,0,101,,779631,2,,,0,101,,779632,2,,,0,171,,779633,2,,,0,130,,779634,2,,,0
8200,'20260621',632,,779635,2,,,0,100,,779636,2,,,0,98,,779637,2,,,0,98,,779638,2,,,0,100,,779639,2,,,0,100,,779640,2,,,0,98,,779641,2,,,0,100,,779642,2,,,0,100,,779643,2,,,0,100,,779644,2,,,0,101,,779645,2,,,0,102,,779646,2,,,0,101,,779647,2,,,0,102,,779648,2,,,0,101,,779649,2,,,0,101,,779650,2,,,0,171,,779651,2,,,0,130,,779652,2,,,0
8200,'20260622',601,,779653,2,,,0,26,,779654,2,,,0,97,,779655,2,,,0,30,,779656,2,,,0,70,,779657,2,,,0,103,,779658,2,,,0,100,,779659,2,,,0,99,,779660,2,,,0,99,,779661,2,,,0,100,,779662,2,,,0,99,,779663,2,,,0,97,,779664,2,,,0,29,,779665,2,,,0,69,,779666,2,,,0,32,,779667,2,,,0,76,,779668,2,,,0,31,,779669,2,,,0,71,,779670,2,,,0,102,,779671,2,,,0,100,,779672,2,,,0,101,,779673,2,,,0,171,,779674,2,,,0
8200,'20260623',601,,779675,2,,,0,26,,779676,2,,,0,97,,779677,2,,,0,30,,779678,2,,,0,70,,779679,2,,,0,103,,779680,2,,,0,100,,779681,2,,,0,99,,779682,2,,,0,99,,779683,2,,,0,100,,779684,2,,,0,99,,779685,2,,,0,97,,779686,2,,,0,29,,779687,2,,,0,69,,779688,2,,,0,32,,779689,2,,,0,76,,779690,2,,,0,31,,779691,2,,,0,71,,779692,2,,,0,102,,779693,2,,,0,100,,779694,2,,,0,101,,779695,2,,,0,171,,779696,2,,,0
8200,'20260624',632,,779697,2,,,0,100,,779698,2,,,0,98,,779699,2,,,0,98,,779700,2,,,0,100,,779701,2,,,0,100,,779702,2,,,0,98,,779703,2,,,0,100,,779704,2,,,0,100,,779705,2,,,0,100,,779706,2,,,0,101,,779707,2,,,0,102,,779708,2,,,0,101,,779709,2,,,0,102,,779710,2,,,0,101,,779711,2,,,0,101,,779712,2,,,0,171,,779713,2,,,0,130,,779714,2,,,0
8200,'20260625',601,,717688,2,,,0,26,,717671,2,,,0,97,,717692,2,,,0,30,,717678,2,,,0,70,,717687,2,,,0,103,,717679,2,,,0,100,,717686,2,,,0,99,,717680,2,,,0,99,,717672,2,,,0,100,,717681,2,,,0,99,,717685,2,,,0,97,,717682,2,,,0,29,,717673,2,,,0,69,,717674,2,,,0,32,,717675,2,,,0,76,,717676,2,,,0,31,,717683,2,,,0,71,,717684,2,,,0,102,,717690,2,,,0,100,,717689,2,,,0,101,,717691,2,,,0,171,,717677,2,,,0
8200,'20260626',601,,717710,2,,,0,26,,717693,2,,,0,97,,717714,2,,,0,30,,717700,2,,,0,70,,717709,2,,,0,103,,717701,2,,,0,100,,717708,2,,,0,99,,717702,2,,,0,99,,717694,2,,,0,100,,717703,2,,,0,99,,717707,2,,,0,97,,717704,2,,,0,29,,717695,2,,,0,69,,717696,2,,,0,32,,717697,2,,,0,76,,717698,2,,,0,31,,717705,2,,,0,71,,717706,2,,,0,102,,717712,2,,,0,100,,717711,2,,,0,101,,717713,2,,,0,171,,717699,2,,,0
8200,'20260627',632,,751383,2,,,0,100,,751369,2,,,0,98,,751373,2,,,0,98,,751374,2,,,0,100,,751381,2,,,0,100,,751375,2,,,0,98,,751370,2,,,0,100,,751376,2,,,0,100,,751382,2,,,0,100,,751377,2,,,0,101,,751385,2,,,0,102,,751371,2,,,0,101,,751378,2,,,0,102,,751380,2,,,0,101,,751384,2,,,0,101,,751379,2,,,0,171,,751372,2,,,0,130,,751386,2,,,0
8200,'20260628',632,,751399,2,,,0,100,,751400,2,,,0,98,,751396,2,,,0,98,,751401,2,,,0,100,,751395,2,,,0,100,,751397,2,,,0,98,,751390,2,,,0,100,,751387,2,,,0,100,,751393,2,,,0,100,,751394,2,,,0,101,,751403,2,,,0,102,,751391,2,,,0,101,,751388,2,,,0,102,,751398,2,,,0,101,,751402,2,,,0,101,,751389,2,,,0,171,,751392,2,,,0,130,,751404,2,,,0
8200,'20260629',601,,751422,2,,,0,26,,751405,2,,,0,97,,751426,2,,,0,30,,751412,2,,,0,70,,751421,2,,,0,103,,751413,2,,,0,100,,751420,2,,,0,99,,751414,2,,,0,99,,751406,2,,,0,100,,751415,2,,,0,99,,751419,2,,,0,97,,751416,2,,,0,29,,751407,2,,,0,69,,751408,2,,,0,32,,751409,2,,,0,76,,751410,2,,,0,31,,751417,2,,,0,71,,751418,2,,,0,102,,751424,2,,,0,100,,751423,2,,,0,101,,751425,2,,,0,171,,751411,2,,,0
8200,'20260630',601,,751444,2,,,0,26,,751427,2,,,0,97,,751448,2,,,0,30,,751434,2,,,0,70,,751443,2,,,0,103,,751435,2,,,0,100,,751442,2,,,0,99,,751436,2,,,0,99,,751428,2,,,0,100,,751437,2,,,0,99,,751441,2,,,0,97,,751438,2,,,0,29,,751429,2,,,0,69,,751430,2,,,0,32,,751431,2,,,0,76,,751432,2,,,0,31,,751439,2,,,0,71,,751440,2,,,0,102,,751446,2,,,0,100,,751445,2,,,0,101,,751447,2,,,0,171,,751433,2,,,0
8200,'20260701',632,,779727,2,,,0,100,,779728,2,,,0,98,,779724,2,,,0,98,,779729,2,,,0,100,,779723,2,,,0,100,,779725,2,,,0,98,,779718,2,,,0,100,,779715,2,,,0,100,,779721,2,,,0,100,,779722,2,,,0,101,,779731,2,,,0,102,,779719,2,,,0,101,,779716,2,,,0,102,,779726,2,,,0,101,,779730,2,,,0,101,,779717,2,,,0,171,,779720,2,,,0,130,,779732,2,,,0
8200,'20260702',601,,779750,2,,,0,26,,779733,2,,,0,97,,779754,2,,,0,30,,779740,2,,,0,70,,779749,2,,,0,103,,779741,2,,,0,100,,779748,2,,,0,99,,779742,2,,,0,99,,779734,2,,,0,100,,779743,2,,,0,99,,779747,2,,,0,97,,779744,2,,,0,29,,779735,2,,,0,69,,779736,2,,,0,32,,779737,2,,,0,76,,779738,2,,,0,31,,779745,2,,,0,71,,779746,2,,,0,102,,779752,2,,,0,100,,779751,2,,,0,101,,779753,2,,,0,171,,779739,2,,,0
8200,'20260703',601,,779772,2,,,0,26,,779755,2,,,0,97,,779776,2,,,0,30,,779762,2,,,0,70,,779771,2,,,0,103,,779763,2,,,0,100,,779770,2,,,0,99,,779764,2,,,0,99,,779756,2,,,0,100,,779765,2,,,0,99,,779769,2,,,0,97,,779766,2,,,0,29,,779757,2,,,0,69,,779758,2,,,0,32,,779759,2,,,0,76,,779760,2,,,0,31,,779767,2,,,0,71,,779768,2,,,0,102,,779774,2,,,0,100,,779773,2,,,0,101,,779775,2,,,0,171,,779761,2,,,0
8400,'20260619',716,,751628,3,,,1,100,,751629,3,,,1,103,,751630,3,,,1,99,,751631,3,,,1,99,,751632,3,,,1,100,,751633,3,,,1,99,,751634,3,,,1,100,,751635,3,,,1,96,,751636,3,,,1,95,,751637,3,,,1,108,,751638,3,,,1,103,,751639,3,,,1,102,,751640,3,,,1,101,,751641,3,,,1,101,,751642,3,,,1,101,,751643,3,,,1,101,,751644,3,,,1
8400,'20260620',723,,779933,3,,,1,98,,779934,3,,,1,99,,779935,3,,,1,100,,779936,3,,,1,98,,779937,3,,,1,100,,779938,3,,,1,98,,779939,3,,,1,100,,779940,3,,,1,100,,779941,3,,,1,101,,779942,3,,,1,101,,779943,3,,,1,101,,779944,3,,,1,102,,779945,3,,,1,102,,779946,3,,,1,100,,779947,3,,,1,101,,779948,3,,,1,101,,779949,3,,,1
8400,'20260621',723,,779950,3,,,1,98,,779951,3,,,1,99,,779952,3,,,1,100,,779953,3,,,1,98,,779954,3,,,1,100,,779955,3,,,1,98,,779956,3,,,1,100,,779957,3,,,1,100,,779958,3,,,1,101,,779959,3,,,1,101,,779960,3,,,1,101,,779961,3,,,1,102,,779962,3,,,1,102,,779963,3,,,1,100,,779964,3,,,1,101,,779965,3,,,1,101,,779966,3,,,1
8400,'20260622',716,,779967,3,,,1,100,,779968,3,,,1,103,,779969,3,,,1,99,,779970,3,,,1,99,,779971,3,,,1,100,,779972,3,,,1,99,,779973,3,,,1,100,,779974,3,,,1,96,,779975,3,,,1,96,,779976,3,,,1,108,,779977,3,,,1,102,,779978,3,,,1,102,,779979,3,,,1,101,,779980,3,,,1,101,,779981,3,,,1,101,,779982,3,,,1,101,,779983,3,,,1
8400,'20260623',716,,779986,3,,,1,100,,779987,3,,,1,103,,779988,3,,,1,99,,779989,3,,,1,99,,779990,3,,,1,100,,779991,3,,,1,99,,779992,3,,,1,100,,779993,3,,,1,96,,779994,3,,,1,96,,779995,3,,,1,108,,779996,3,,,1,102,,779997,3,,,1,102,,779998,3,,,1,101,,779999,3,,,1,101,,780000,3,,,1,101,,780001,3,,,1,101,,780002,3,,,1
8400,'20260624',723,,780005,3,,,1,98,,780006,3,,,1,99,,780007,3,,,1,100,,780008,3,,,1,98,,780009,3,,,1,100,,780010,3,,,1,98,,780011,3,,,1,100,,780012,3,,,1,100,,780013,3,,,1,101,,780014,3,,,1,101,,780015,3,,,1,101,,780016,3,,,1,102,,780017,3,,,1,102,,780018,3,,,1,100,,780019,3,,,1,101,,780020,3,,,1,101,,780021,3,,,1
8400,'20260625',716,,718070,3,,,1,100,,718071,3,,,1,103,,718072,3,,,1,99,,718073,3,,,1,99,,718074,3,,,1,100,,718075,3,,,1,99,,718076,3,,,1,100,,718077,3,,,1,96,,718078,3,,,1,96,,718079,3,,,1,108,,718080,3,,,1,102,,718081,3,,,1,102,,718082,3,,,1,101,,718083,3,,,1,101,,718084,3,,,1,101,,718085,3,,,1,101,,718086,3,,,1
8400,'20260626',716,,718089,3,,,1,100,,718090,3,,,1,103,,718091,3,,,1,99,,718092,3,,,1,99,,718093,3,,,1,100,,718094,3,,,1,99,,718095,3,,,1,100,,718096,3,,,1,96,,718097,3,,,1,96,,718098,3,,,1,108,,718099,3,,,1,102,,718100,3,,,1,102,,718101,3,,,1,101,,718102,3,,,1,101,,718103,3,,,1,101,,718104,3,,,1,101,,718105,3,,,1
8400,'20260627',723,,751719,3,,,1,98,,751734,3,,,1,99,,751720,3,,,1,100,,751735,3,,,1,98,,751721,3,,,1,100,,751723,3,,,1,98,,751724,3,,,1,100,,751725,3,,,1,100,,751726,3,,,1,101,,751727,3,,,1,101,,751728,3,,,1,101,,751729,3,,,1,102,,751730,3,,,1,102,,751731,3,,,1,100,,751732,3,,,1,101,,751733,3,,,1,101,,751722,3,,,1
8400,'20260628',723,,751736,3,,,1,98,,751751,3,,,1,99,,751737,3,,,1,100,,751752,3,,,1,98,,751738,3,,,1,100,,751745,3,,,1,98,,751739,3,,,1,100,,751746,3,,,1,100,,751740,3,,,1,101,,751747,3,,,1,101,,751741,3,,,1,101,,751748,3,,,1,102,,751742,3,,,1,102,,751749,3,,,1,100,,751743,3,,,1,101,,751750,3,,,1,101,,751744,3,,,1
8400,'20260629',716,,751753,3,,,1,100,,751754,3,,,1,103,,751755,3,,,1,99,,751756,3,,,1,99,,751757,3,,,1,100,,751758,3,,,1,99,,751759,3,,,1,100,,751760,3,,,1,96,,751761,3,,,1,96,,751762,3,,,1,108,,751763,3,,,1,102,,751764,3,,,1,102,,751765,3,,,1,101,,751766,3,,,1,101,,751767,3,,,1,101,,751768,3,,,1,101,,751769,3,,,1
8400,'20260630',716,,751772,3,,,1,100,,751773,3,,,1,103,,751774,3,,,1,99,,751775,3,,,1,99,,751776,3,,,1,100,,751777,3,,,1,99,,751778,3,,,1,100,,751779,3,,,1,96,,751780,3,,,1,96,,751781,3,,,1,108,,751782,3,,,1,102,,751783,3,,,1,102,,751784,3,,,1,101,,751785,3,,,1,101,,751786,3,,,1,101,,751787,3,,,1,101,,751788,3,,,1
8400,'20260701',723,,780022,3,,,1,98,,780037,3,,,1,99,,780023,3,,,1,100,,780038,3,,,1,98,,780024,3,,,1,100,,780031,3,,,1,98,,780025,3,,,1,100,,780032,3,,,1,100,,780026,3,,,1,101,,780033,3,,,1,101,,780027,3,,,1,101,,780034,3,,,1,102,,780028,3,,,1,102,,780035,3,,,1,100,,780029,3,,,1,101,,780036,3,,,1,101,,780030,3,,,1
8400,'20260702',716,,780039,3,,,1,100,,780040,3,,,1,103,,780041,3,,,1,99,,780042,3,,,1,99,,780043,3,,,1,100,,780044,3,,,1,99,,780045,3,,,1,100,,780046,3,,,1,96,,780047,3,,,1,96,,780048,3,,,1,108,,780049,3,,,1,102,,780050,3,,,1,102,,780051,3,,,1,101,,780052,3,,,1,101,,780053,3,,,1,101,,780054,3,,,1,101,,780055,3,,,1
8400,'20260703',716,,780058,3,,,1,100,,780059,3,,,1,103,,780060,3,,,1,99,,780061,3,,,1,99,,780062,3,,,1,100,,780063,3,,,1,99,,780064,3,,,1,100,,780065,3,,,1,96,,780066,3,,,1,96,,780067,3,,,1,108,,780068,3,,,1,102,,780069,3,,,1,102,,780070,3,,,1,101,,780071,3,,,1,101,,780072,3,,,1,101,,780073,3,,,1,101,,780074,3,,,1
8600,'20260619',637,,752031,3,,,0,71,,752032,3,,,0,28,,752033,3,,,0,67,,752034,3,,,0,107,,752035,3,,,0,100,,752036,3,,,0,97,,752037,3,,,0,100,,752038,3,,,0,29,,752039,3,,,0,72,,752040,3,,,0,100,,752041,3,,,0,96,,752042,3,,,0,18,,752049,7,,,0,10,,752050,7,,,0,85,,752051,7,,,0,39,,752052,7,,,0,77,,752053,7,,,0,73,,752043,3,,,0,104,,752044,3,,,0,101,,752045,3,,,0,101,,752046,3,,,0,100,,752047,3,,,0,101,,752048,3,,,0
8600,'20260620',712,,780285,3,,,0,100,,780286,3,,,0,100,,780287,3,,,0,100,,780288,3,,,0,99,,780289,3,,,0,98,,780290,3,,,0,99,,780291,3,,,0,99,,780292,3,,,0,99,,780293,3,,,0,100,,780294,3,,,0,102,,780295,3,,,0,102,,780296,3,,,0,100,,780297,3,,,0,101,,780298,3,,,0,102,,780299,3,,,0,101,,780300,3,,,0,101,,780301,3,,,0,100,,780302,3,,,0
8600,'20260621',712,,780303,3,,,0,100,,780304,3,,,0,100,,780305,3,,,0,100,,780306,3,,,0,99,,780307,3,,,0,98,,780308,3,,,0,99,,780309,3,,,0,99,,780310,3,,,0,99,,780311,3,,,0,100,,780312,3,,,0,102,,780313,3,,,0,102,,780314,3,,,0,100,,780315,3,,,0,101,,780316,3,,,0,102,,780317,3,,,0,101,,780318,3,,,0,101,,780319,3,,,0,100,,780320,3,,,0
8600,'20260622',637,,780321,3,,,0,71,,780322,3,,,0,28,,780323,3,,,0,67,,780324,3,,,0,107,,780325,3,,,0,100,,780326,3,,,0,97,,780327,3,,,0,100,,780328,3,,,0,29,,780329,3,,,0,72,,780330,3,,,0,100,,780331,3,,,0,96,,780332,3,,,0,20,,780333,3,,,0,29,,780334,3,,,0,70,,780335,3,,,0,35,,780336,3,,,0,75,,780337,3,,,0,73,,780338,3,,,0,104,,780339,3,,,0,101,,780340,3,,,0,101,,780341,3,,,0,100,,780342,3,,,0,101,,780343,3,,,0
8600,'20260623',637,,780344,3,,,0,71,,780345,3,,,0,28,,780346,3,,,0,67,,780347,3,,,0,107,,780348,3,,,0,100,,780349,3,,,0,97,,780350,3,,,0,100,,780351,3,,,0,29,,780352,3,,,0,72,,780353,3,,,0,100,,780354,3,,,0,96,,780355,3,,,0,20,,780356,3,,,0,29,,780357,3,,,0,70,,780358,3,,,0,35,,780359,3,,,0,75,,780360,3,,,0,73,,780361,3,,,0,104,,780362,3,,,0,101,,780363,3,,,0,101,,780364,3,,,0,100,,780365,3,,,0,101,,780366,3,,,0
8600,'20260624',712,,780367,3,,,0,100,,780368,3,,,0,100,,780369,3,,,0,100,,780370,3,,,0,99,,780371,3,,,0,98,,780372,3,,,0,99,,780373,3,,,0,99,,780374,3,,,0,99,,780375,3,,,0,100,,780376,3,,,0,102,,780377,3,,,0,102,,780378,3,,,0,100,,780379,3,,,0,101,,780380,3,,,0,102,,780381,3,,,0,101,,780382,3,,,0,101,,780383,3,,,0,100,,780384,3,,,0
8600,'20260625',637,,718562,3,,,0,71,,718561,3,,,0,28,,718563,3,,,0,67,,718564,3,,,0,107,,718565,3,,,0,100,,718579,3,,,0,97,,718567,3,,,0,100,,718569,3,,,0,29,,718583,3,,,0,72,,718570,3,,,0,100,,718580,3,,,0,96,,718566,3,,,0,20,,718571,3,,,0,29,,718568,3,,,0,70,,718572,3,,,0,35,,718573,3,,,0,75,,718574,3,,,0,73,,718581,3,,,0,104,,718575,3,,,0,101,,718578,3,,,0,101,,718576,3,,,0,100,,718582,3,,,0,101,,718577,3,,,0
8600,'20260626',637,,718585,3,,,0,71,,718584,3,,,0,28,,718586,3,,,0,67,,718587,3,,,0,107,,718588,3,,,0,100,,718602,3,,,0,97,,718590,3,,,0,100,,718592,3,,,0,29,,718606,3,,,0,72,,718593,3,,,0,100,,718603,3,,,0,96,,718589,3,,,0,20,,718594,3,,,0,29,,718591,3,,,0,70,,718595,3,,,0,35,,718596,3,,,0,75,,718597,3,,,0,73,,718604,3,,,0,104,,718598,3,,,0,101,,718601,3,,,0,101,,718599,3,,,0,100,,718605,3,,,0,101,,718600,3,,,0
8600,'20260627',712,,752136,3,,,0,100,,752145,3,,,0,100,,752140,3,,,0,100,,752146,3,,,0,99,,752141,3,,,0,98,,752147,3,,,0,99,,752142,3,,,0,99,,752148,3,,,0,99,,752143,3,,,0,100,,752149,3,,,0,102,,752144,3,,,0,102,,752150,3,,,0,100,,752137,3,,,0,101,,752151,3,,,0,102,,752139,3,,,0,101,,752152,3,,,0,101,,752138,3,,,0,100,,752153,3,,,0
8600,'20260628',712,,752154,3,,,0,100,,752163,3,,,0,100,,752155,3,,,0,100,,752164,3,,,0,99,,752156,3,,,0,98,,752165,3,,,0,99,,752157,3,,,0,99,,752166,3,,,0,99,,752158,3,,,0,100,,752167,3,,,0,102,,752159,3,,,0,102,,752168,3,,,0,100,,752160,3,,,0,101,,752169,3,,,0,102,,752161,3,,,0,101,,752170,3,,,0,101,,752162,3,,,0,100,,752171,3,,,0
8600,'20260629',637,,752173,3,,,0,71,,752172,3,,,0,28,,752174,3,,,0,67,,752175,3,,,0,107,,752176,3,,,0,100,,752190,3,,,0,97,,752178,3,,,0,100,,752180,3,,,0,29,,752194,3,,,0,72,,752181,3,,,0,100,,752191,3,,,0,96,,752177,3,,,0,20,,752182,3,,,0,29,,752179,3,,,0,70,,752183,3,,,0,35,,752184,3,,,0,75,,752185,3,,,0,73,,752192,3,,,0,104,,752186,3,,,0,101,,752189,3,,,0,101,,752187,3,,,0,100,,752193,3,,,0,101,,752188,3,,,0
8600,'20260630',637,,752196,3,,,0,71,,752195,3,,,0,28,,752197,3,,,0,67,,752198,3,,,0,107,,752199,3,,,0,100,,752213,3,,,0,97,,752201,3,,,0,100,,752203,3,,,0,29,,752217,3,,,0,72,,752204,3,,,0,100,,752214,3,,,0,96,,752200,3,,,0,20,,752205,3,,,0,29,,752202,3,,,0,70,,752206,3,,,0,35,,752207,3,,,0,75,,752208,3,,,0,73,,752215,3,,,0,104,,752209,3,,,0,101,,752212,3,,,0,101,,752210,3,,,0,100,,752216,3,,,0,101,,752211,3,,,0
8600,'20260701',712,,780385,3,,,0,100,,780394,3,,,0,100,,780386,3,,,0,100,,780395,3,,,0,99,,780387,3,,,0,98,,780396,3,,,0,99,,780388,3,,,0,99,,780397,3,,,0,99,,780389,3,,,0,100,,780398,3,,,0,102,,780390,3,,,0,102,,780399,3,,,0,100,,780391,3,,,0,101,,780400,3,,,0,102,,780392,3,,,0,101,,780401,3,,,0,101,,780393,3,,,0,100,,780402,3,,,0
8600,'20260702',637,,780404,3,,,0,71,,780403,3,,,0,28,,780405,3,,,0,67,,780406,3,,,0,107,,780407,3,,,0,100,,780421,3,,,0,97,,780409,3,,,0,100,,780411,3,,,0,29,,780425,3,,,0,72,,780412,3,,,0,100,,780422,3,,,0,96,,780408,3,,,0,20,,780413,3,,,0,29,,780410,3,,,0,70,,780414,3,,,0,35,,780415,3,,,0,75,,780416,3,,,0,73,,780423,3,,,0,104,,780417,3,,,0,101,,780420,3,,,0,101,,780418,3,,,0,100,,780424,3,,,0,101,,780419,3,,,0
8600,'20260703',637,,780427,3,,,0,71,,780426,3,,,0,28,,780428,3,,,0,67,,780429,3,,,0,107,,780430,3,,,0,100,,780444,3,,,0,97,,780432,3,,,0,100,,780434,3,,,0,29,,780448,3,,,0,72,,780435,3,,,0,100,,780445,3,,,0,96,,780431,3,,,0,20,,780436,3,,,0,29,,780433,3,,,0,70,,780437,3,,,0,35,,780438,3,,,0,75,,780439,3,,,0,73,,780446,3,,,0,104,,780440,3,,,0,101,,780443,3,,,0,101,,780441,3,,,0,100,,780447,3,,,0,101,,780442,3,,,0
23000,'20260619',1526,,754442,7,,,0,20,,754443,7,,,0,54,,754444,7,,,0,16,,754445,7,,,0,18,,754446,7,,,0,16,,754447,7,,,0,63,,754448,7,,,0,25,,754449,7,,,0,12,,754450,7,,,0
23900,'20260619',1523,,754612,7,,,0,32,,754613,7,,,0,70,,754614,7,,,0,79,,754615,7,,,0,24,,754616,7,,,0,26,,754617,7,,,0
27000,'20260619',1524,,754959,7,,,0,21,,754960,7,,,0,3,,754961,7,,,0,10,,754962,7,,,0,65,,754963,7,,,0,28,,754964,7,,,0,70,,754965,7,,,0,30,,754966,7,,,0
27200,'20260619',1547,,755041,7,,,0,72,,755042,7,,,0,87,,755043,7,,,0,24,,755044,7,,,0,20,,755045,7,,,0
27300,'20260619',1547,,755083,7,,,0,73,,755084,7,,,0,32,,755085,7,,,0,79,,755086,7,,,0
27400,'20260619',1547,,755124,7,,,0,73,,755125,7,,,0,28,,755126,7,,,0,71,,755127,7,,,0,29,,755123,7,,,0
27900,'20260619',1548,,755173,7,,,0,70,,755174,7,,,0,39,,755175,7,,,0,85,,755176,7,,,0
28000,'20260619',1525,,755213,7,,,0,26,,755214,7,,,0,8,,755215,7,,,0,62,,755216,7,,,0,83,,755217,7,,,0,35,,755218,7,,,0
28100,'20260619',1547,,755273,7,,,0,71,,755274,7,,,0,30,,755275,7,,,0,70,,755276,7,,,0,32,,755277,7,,,0
28200,'20260619',1515,,755323,7,,,0,36,,755324,7,,,0,73,,755325,7,,,0,78,,755326,7,,,0,38,,755327,7,,,0,13,,755328,7,,,0
28400,'20260619',1551,,755405,7,,,0,71,,755406,7,,,0,30,,755407,7,,,0,68,,755408,7,,,0,30,,755409,7,,,0
28900,'20260619',1546,,755455,7,,,0,56,,755456,7,,,0,19,,755457,7,,,0,95,,755458,7,,,0,36,,755459,7,,,0
80102,'20260619',557,,758031,7,,,1,50,,758032,7,,,1,9,,758033,7,,,1,10,,758034,7,,,1,11,,758035,7,,,1,9,,758036,7,,,1,9,,758037,7,,,1,50,,758038,7,,,1,10,,758039,7,,,1,9,,758040,7,,,1,10,,758041,7,,,1,10,,758042,7,,,1,10,,758043,7,,,1,50,,758044,7,,,1,10,,758045,7,,,1,10,,758046,7,,,1,9,,758047,7,,,1,10,,758048,7,,,1,10,,758049,7,,,1,53,,758050,7,,,1,14,,758051,7,,,1,15,,758052,7,,,1,15,,758053,7,,,1,56,,758054,7,,,1,15,,758055,7,,,1,15,,758056,7,,,1,15,,758057,7,,,1,55,,758058,7,,,1,14,,758059,7,,,1,13,,758060,7,,,1,16,,758061,7,,,1,55,,758062,7,,,1,15,,758063,7,,,1,15,,758064,7,,,1,14,,758065,7,,,1,55,,758066,7,,,1,15,,758067,7,,,1,12,,758022,7,,,1,2,,758068,7,,,1,16,,758069,7,,,1,55,,758070,7,,,1,15,,758071,7,,,1,13,,758023,7,,,1,2,,758072,7,,,1,11,,758073,7,,,1,10,,758074,7,,,1,49,,758075,7,,,1,9,,758076,7,,,1,11,,758077,7,,,1,9,,758025,7,,,1,2,,758078,7,,,1,10,,758079,7,,,1,9,,758080,7,,,1,49,,758024,7,,,1,2,,758081,7,,,1,11,,758082,7,,,1,9,,758083,7,,,1,10,,758084,7,,,1,8,,758026,7,,,1,2,,758085,7,,,1,11,,758086,7,,,1,49,,758087,7,,,1,7,,758027,7,,,1,2,,758088,7,,,1,12,,758089,7,,,1,10,,758090,7,,,1,10,,758091,7,,,1,12,,758092,7,,,1,48,,758028,7,,,1,6,,758093,7,,,1,15,,758094,7,,,1,13,,758095,7,,,1,15,,758096,7,,,1,55,,758097,7,,,1,16,,758098,7,,,1,15,,758099,7,,,1,16,,758100,7,,,1,55,,758101,7,,,1,15,,758102,7,,,1,15,,758103,7,,,1,15,,758104,7,,,1,55,,758105,7,,,1,16,,758106,7,,,1,15,,758107,7,,,1,15,,758108,7,,,1,55,,758109,7,,,1,15,,758110,7,,,1,16,,758111,7,,,1,57,,758112,7,,,1,15,,758113,7,,,1,15,,758114,7,,,1,15,,758115,7,,,1,55,,758116,7,,,1,16,,758117,7,,,1,15,,758118,7,,,1,15,,758119,7,,,1,55,,758120,7,,,1,15,,758121,7,,,1,15,,758122,7,,,1,15,,758123,7,,,1,10,,758029,7,,,1
80102,'20260620',555,,785274,7,,,1,55,,785275,7,,,1,14,,785276,7,,,1,14,,785277,7,,,1,15,,785278,7,,,1,55,,785279,7,,,1,15,,785280,7,,,1,15,,785281,7,,,1,14,,785282,7,,,1,56,,785283,7,,,1,14,,785284,7,,,1,14,,785285,7,,,1,14,,785286,7,,,1,54,,785287,7,,,1,14,,785288,7,,,1,15,,785289,7,,,1,15,,785290,7,,,1,54,,785291,7,,,1,15,,785292,7,,,1,15,,785293,7,,,1,16,,785294,7,,,1,55,,785295,7,,,1,15,,785296,7,,,1,15,,785297,7,,,1,15,,785298,7,,,1,55,,785299,7,,,1,15,,785300,7,,,1,15,,785301,7,,,1,14,,785302,7,,,1,55,,785303,7,,,1,15,,785304,7,,,1,15,,785305,7,,,1,15,,785306,7,,,1,55,,785307,7,,,1,16,,785308,7,,,1,15,,785309,7,,,1,14,,785310,7,,,1,55,,785311,7,,,1,16,,785312,7,,,1,16,,785313,7,,,1,15,,785314,7,,,1,55,,785315,7,,,1,15,,785316,7,,,1,14,,785317,7,,,1,17,,785318,7,,,1,55,,785319,7,,,1,15,,785320,7,,,1,16,,785321,7,,,1,15,,785322,7,,,1,56,,785323,7,,,1,15,,785324,7,,,1,15,,785325,7,,,1,15,,785326,7,,,1,56,,785327,7,,,1,15,,785328,7,,,1,15,,785329,7,,,1,15,,785330,7,,,1,55,,785331,7,,,1,15,,785332,7,,,1,15,,785333,7,,,1,15,,785334,7,,,1,55,,785335,7,,,1,15,,785336,7,,,1,15,,785337,7,,,1,15,,785338,7,,,1,55,,785339,7,,,1,15,,785340,7,,,1,15,,785341,7,,,1,15,,785342,7,,,1,55,,785343,7,,,1,15,,785344,7,,,1,15,,785345,7,,,1,15,,785346,7,,,1,55,,785347,7,,,1,14,,785348,7,,,1,16,,785349,7,,,1,15,,785350,7,,,1,55,,785351,7,,,1,16,,785352,7,,,1,16,,785353,7,,,1
80102,'20260621',555,,785354,7,,,1,55,,785355,7,,,1,14,,785356,7,,,1,14,,785357,7,,,1,15,,785358,7,,,1,55,,785359,7,,,1,15,,785360,7,,,1,15,,785361,7,,,1,14,,785362,7,,,1,56,,785363,7,,,1,14,,785364,7,,,1,14,,785365,7,,,1,14,,785366,7,,,1,54,,785367,7,,,1,14,,785368,7,,,1,15,,785369,7,,,1,15,,785370,7,,,1,54,,785371,7,,,1,15,,785372,7,,,1,15,,785373,7,,,1,16,,785374,7,,,1,55,,785375,7,,,1,15,,785376,7,,,1,15,,785377,7,,,1,15,,785378,7,,,1,55,,785379,7,,,1,15,,785380,7,,,1,15,,785381,7,,,1,14,,785382,7,,,1,55,,785383,7,,,1,15,,785384,7,,,1,15,,785385,7,,,1,15,,785386,7,,,1,55,,785387,7,,,1,16,,785388,7,,,1,15,,785389,7,,,1,14,,785390,7,,,1,55,,785391,7,,,1,16,,785392,7,,,1,16,,785393,7,,,1,15,,785394,7,,,1,55,,785395,7,,,1,15,,785396,7,,,1,14,,785397,7,,,1,17,,785398,7,,,1,55,,785399,7,,,1,15,,785400,7,,,1,16,,785401,7,,,1,15,,785402,7,,,1,56,,785403,7,,,1,15,,785404,7,,,1,15,,785405,7,,,1,15,,785406,7,,,1,56,,785407,7,,,1,15,,785408,7,,,1,15,,785409,7,,,1,15,,785410,7,,,1,55,,785411,7,,,1,15,,785412,7,,,1,15,,785413,7,,,1,15,,785414,7,,,1,55,,785415,7,,,1,15,,785416,7,,,1,15,,785417,7,,,1,15,,785418,7,,,1,55,,785419,7,,,1,15,,785420,7,,,1,15,,785421,7,,,1,15,,785422,7,,,1,55,,785423,7,,,1,15,,785424,7,,,1,15,,785425,7,,,1,15,,785426,7,,,1,55,,785427,7,,,1,14,,785428,7,,,1,16,,785429,7,,,1,15,,785430,7,,,1,55,,785431,7,,,1,16,,785432,7,,,1,16,,785433,7,,,1
80102,'20260622',553,,785450,7,,,1,52,,785451,7,,,1,14,,785452,7,,,1,9,,785453,7,,,1,9,,785454,7,,,1,10,,785455,7,,,1,10,,785456,7,,,1,49,,785457,7,,,1,10,,785458,7,,,1,11,,785459,7,,,1,9,,785460,7,,,1,9,,785461,7,,,1,9,,785462,7,,,1,50,,785463,7,,,1,9,,785464,7,,,1,8,,785465,7,,,1,9,,785466,7,,,1,9,,785467,7,,,1,10,,785468,7,,,1,52,,785469,7,,,1,14,,785470,7,,,1,16,,785471,7,,,1,15,,785472,7,,,1,56,,785473,7,,,1,15,,785474,7,,,1,15,,785475,7,,,1,15,,785476,7,,,1,54,,785477,7,,,1,14,,785478,7,,,1,15,,785479,7,,,1,14,,785480,7,,,1,15,,785481,7,,,1,53,,785482,7,,,1,15,,785483,7,,,1,15,,785484,7,,,1,16,,785485,7,,,1,54,,785486,7,,,1,14,,785487,7,,,1,16,,785488,7,,,1,16,,785489,7,,,1,55,,785490,7,,,1,16,,785491,7,,,1,13,,785492,7,,,1,10,,785493,7,,,1,49,,785494,7,,,1,8,,785495,7,,,1,9,,785496,7,,,1,9,,785497,7,,,1,9,,785498,7,,,1,4,,785441,7,,,1,6,,785499,7,,,1,3,,785439,7,,,1,6,,785500,7,,,1,2,,785437,7,,,1,47,,785501,7,,,1,1,,785446,7,,,1,8,,785435,7,,,1,8,,785442,7,,,1,1,,785503,7,,,1,7,,785438,7,,,1,2,,785504,7,,,1,6,,785440,7,,,1,3,,785505,7,,,1,5,,785447,7,,,1,4,,785506,7,,,1,4,,785445,7,,,1,5,,785507,7,,,1,43,,785436,7,,,1,7,,785508,7,,,1,1,,785434,7,,,1,8,,785443,7,,,1,1,,785509,7,,,1,6,,785444,7,,,1,4,,785510,7,,,1,4,,785448,7,,,1,8,,785449,7,,,1,12,,785512,7,,,1,52,,785513,7,,,1,14,,785514,7,,,1,16,,785515,7,,,1,15,,785516,7,,,1,56,,785517,7,,,1,16,,785518,7,,,1,15,,785519,7,,,1,16,,785520,7,,,1,56,,785521,7,,,1,15,,785522,7,,,1,15,,785523,7,,,1,15,,785524,7,,,1,55,,785525,7,,,1,15,,785526,7,,,1,15,,785527,7,,,1,14,,785528,7,,,1,55,,785529,7,,,1,15,,785530,7,,,1,16,,785531,7,,,1,15,,785532,7,,,1,55,,785533,7,,,1,16,,785534,7,,,1,15,,785535,7,,,1,15,,785536,7,,,1,54,,785537,7,,,1,14,,785538,7,,,1,15,,785539,7,,,1,14,,785540,7,,,1,55,,785541,7,,,1,15,,785542,7,,,1,15,,785543,7,,,1,15,,785544,7,,,1
80102,'20260623',553,,785572,7,,,1,52,,785573,7,,,1,14,,785574,7,,,1,9,,785575,7,,,1,9,,785576,7,,,1,10,,785577,7,,,1,10,,785578,7,,,1,49,,785579,7,,,1,10,,785580,7,,,1,11,,785581,7,,,1,9,,785582,7,,,1,9,,785583,7,,,1,9,,785584,7,,,1,50,,785585,7,,,1,9,,785586,7,,,1,8,,785587,7,,,1,9,,785588,7,,,1,9,,785589,7,,,1,10,,785590,7,,,1,52,,785591,7,,,1,14,,785592,7,,,1,16,,785593,7,,,1,15,,785594,7,,,1,56,,785595,7,,,1,15,,785596,7,,,1,15,,785597,7,,,1,15,,785598,7,,,1,54,,785599,7,,,1,14,,785600,7,,,1,15,,785601,7,,,1,14,,785602,7,,,1,15,,785603,7,,,1,53,,785604,7,,,1,15,,785605,7,,,1,15,,785606,7,,,1,16,,785607,7,,,1,54,,785608,7,,,1,14,,785609,7,,,1,16,,785610,7,,,1,16,,785611,7,,,1,55,,785612,7,,,1,16,,785613,7,,,1,13,,785614,7,,,1,10,,785615,7,,,1,49,,785616,7,,,1,8,,785617,7,,,1,9,,785618,7,,,1,9,,785619,7,,,1,9,,785620,7,,,1,4,,785552,7,,,1,6,,785621,7,,,1,3,,785550,7,,,1,6,,785622,7,,,1,2,,785548,7,,,1,47,,785623,7,,,1,1,,785557,7,,,1,8,,785546,7,,,1,8,,785553,7,,,1,1,,785625,7,,,1,7,,785549,7,,,1,2,,785626,7,,,1,6,,785551,7,,,1,3,,785627,7,,,1,5,,785558,7,,,1,4,,785628,7,,,1,4,,785556,7,,,1,5,,785629,7,,,1,43,,785547,7,,,1,7,,785630,7,,,1,1,,785545,7,,,1,8,,785554,7,,,1,1,,785631,7,,,1,6,,785555,7,,,1,4,,785632,7,,,1,4,,785559,7,,,1,8,,785560,7,,,1,12,,785634,7,,,1,52,,785635,7,,,1,14,,785636,7,,,1,16,,785637,7,,,1,15,,785638,7,,,1,56,,785639,7,,,1,16,,785640,7,,,1,15,,785641,7,,,1,16,,785642,7,,,1,56,,785643,7,,,1,15,,785644,7,,,1,15,,785645,7,,,1,15,,785646,7,,,1,55,,785647,7,,,1,15,,785648,7,,,1,15,,785649,7,,,1,14,,785650,7,,,1,55,,785651,7,,,1,8,,785571,7,,,1,7,,785652,7,,,1,8,,785561,7,,,1,8,,785653,7,,,1,7,,785569,7,,,1,8,,785654,7,,,1,47,,785565,7,,,1,8,,785655,7,,,1,8,,785563,7,,,1,8,,785656,7,,,1,7,,785562,7,,,1,8,,785657,7,,,1,8,,785568,7,,,1,7,,785658,7,,,1,48,,785566,7,,,1,6,,785659,7,,,1,8,,785570,7,,,1,6,,785660,7,,,1,7,,785567,7,,,1,8,,785661,7,,,1,7,,785564,7,,,1,7,,785662,7,,,1,55,,785663,7,,,1,15,,785664,7,,,1,15,,785665,7,,,1,15,,785666,7,,,1
80102,'20260624',555,,785667,7,,,1,55,,785668,7,,,1,14,,785669,7,,,1,14,,785670,7,,,1,15,,785671,7,,,1,55,,785672,7,,,1,15,,785673,7,,,1,15,,785674,7,,,1,14,,785675,7,,,1,56,,785676,7,,,1,14,,785677,7,,,1,14,,785678,7,,,1,14,,785679,7,,,1,54,,785680,7,,,1,14,,785681,7,,,1,15,,785682,7,,,1,15,,785683,7,,,1,54,,785684,7,,,1,15,,785685,7,,,1,15,,785686,7,,,1,16,,785687,7,,,1,55,,785688,7,,,1,15,,785689,7,,,1,15,,785690,7,,,1,15,,785691,7,,,1,55,,785692,7,,,1,15,,785693,7,,,1,15,,785694,7,,,1,14,,785695,7,,,1,55,,785696,7,,,1,15,,785697,7,,,1,15,,785698,7,,,1,15,,785699,7,,,1,55,,785700,7,,,1,16,,785701,7,,,1,15,,785702,7,,,1,14,,785703,7,,,1,55,,785704,7,,,1,16,,785705,7,,,1,16,,785706,7,,,1,15,,785707,7,,,1,55,,785708,7,,,1,15,,785709,7,,,1,14,,785710,7,,,1,17,,785711,7,,,1,55,,785712,7,,,1,15,,785713,7,,,1,16,,785714,7,,,1,15,,785715,7,,,1,56,,785716,7,,,1,15,,785717,7,,,1,15,,785718,7,,,1,15,,785719,7,,,1,56,,785720,7,,,1,15,,785721,7,,,1,15,,785722,7,,,1,15,,785723,7,,,1,55,,785724,7,,,1,15,,785725,7,,,1,15,,785726,7,,,1,15,,785727,7,,,1,55,,785728,7,,,1,15,,785729,7,,,1,15,,785730,7,,,1,15,,785731,7,,,1,55,,785732,7,,,1,15,,785733,7,,,1,15,,785734,7,,,1,15,,785735,7,,,1,55,,785736,7,,,1,15,,785737,7,,,1,15,,785738,7,,,1,15,,785739,7,,,1,55,,785740,7,,,1,14,,785741,7,,,1,16,,785742,7,,,1,15,,785743,7,,,1,55,,785744,7,,,1,16,,785745,7,,,1,16,,785746,7,,,1
80102,'20260625',553,,727041,7,,,1,52,,727045,7,,,1,14,,726953,7,,,1,9,,726954,7,,,1,9,,726955,7,,,1,10,,726956,7,,,1,10,,726957,7,,,1,49,,726958,7,,,1,10,,726959,7,,,1,11,,726960,7,,,1,9,,726961,7,,,1,9,,726962,7,,,1,9,,727043,7,,,1,50,,726963,7,,,1,9,,726964,7,,,1,8,,726965,7,,,1,9,,726966,7,,,1,9,,726967,7,,,1,10,,726968,7,,,1,52,,726969,7,,,1,14,,726970,7,,,1,16,,726971,7,,,1,15,,726972,7,,,1,56,,726973,7,,,1,15,,726974,7,,,1,15,,726975,7,,,1,15,,726976,7,,,1,54,,726977,7,,,1,14,,726978,7,,,1,15,,726979,7,,,1,14,,726980,7,,,1,15,,726981,7,,,1,53,,726982,7,,,1,15,,726983,7,,,1,15,,726985,7,,,1,16,,726986,7,,,1,54,,726988,7,,,1,14,,726984,7,,,1,16,,726989,7,,,1,16,,726990,7,,,1,55,,726987,7,,,1,16,,726991,7,,,1,13,,726992,7,,,1,10,,726994,7,,,1,49,,726995,7,,,1,8,,726996,7,,,1,9,,726993,7,,,1,9,,726997,7,,,1,9,,726998,7,,,1,10,,727000,7,,,1,9,,727001,7,,,1,49,,727002,7,,,1,9,,726999,7,,,1,9,,727003,7,,,1,9,,727004,7,,,1,9,,727005,7,,,1,9,,727006,7,,,1,9,,727007,7,,,1,50,,727008,7,,,1,10,,727009,7,,,1,10,,727010,7,,,1,12,,727046,7,,,1,12,,727011,7,,,1,52,,727012,7,,,1,14,,727013,7,,,1,16,,727014,7,,,1,15,,727015,7,,,1,56,,727017,7,,,1,16,,727018,7,,,1,15,,727019,7,,,1,16,,727016,7,,,1,56,,727020,7,,,1,15,,727023,7,,,1,15,,727024,7,,,1,15,,727025,7,,,1,55,,727022,7,,,1,15,,727026,7,,,1,15,,727021,7,,,1,14,,727027,7,,,1,55,,727028,7,,,1,15,,727029,7,,,1,16,,727030,7,,,1,15,,727031,7,,,1,55,,727032,7,,,1,16,,727033,7,,,1,15,,727034,7,,,1,15,,727035,7,,,1,54,,727036,7,,,1,14,,727037,7,,,1,15,,727038,7,,,1,14,,727039,7,,,1,55,,727040,7,,,1,15,,727042,7,,,1,15,,727044,7,,,1,15,,727047,7,,,1
80102,'20260626',553,,727136,7,,,1,52,,727140,7,,,1,14,,727048,7,,,1,9,,727049,7,,,1,9,,727050,7,,,1,10,,727051,7,,,1,10,,727052,7,,,1,49,,727053,7,,,1,10,,727054,7,,,1,11,,727055,7,,,1,9,,727056,7,,,1,9,,727057,7,,,1,9,,727138,7,,,1,50,,727058,7,,,1,9,,727059,7,,,1,8,,727060,7,,,1,9,,727061,7,,,1,9,,727062,7,,,1,10,,727063,7,,,1,52,,727064,7,,,1,14,,727065,7,,,1,16,,727066,7,,,1,15,,727067,7,,,1,56,,727068,7,,,1,15,,727069,7,,,1,15,,727070,7,,,1,15,,727071,7,,,1,54,,727072,7,,,1,14,,727073,7,,,1,15,,727074,7,,,1,14,,727075,7,,,1,15,,727076,7,,,1,53,,727077,7,,,1,15,,727078,7,,,1,15,,727080,7,,,1,16,,727081,7,,,1,54,,727083,7,,,1,14,,727079,7,,,1,16,,727084,7,,,1,16,,727085,7,,,1,55,,727082,7,,,1,16,,727086,7,,,1,13,,727087,7,,,1,10,,727089,7,,,1,49,,727090,7,,,1,8,,727091,7,,,1,9,,727088,7,,,1,9,,727092,7,,,1,9,,727093,7,,,1,10,,727095,7,,,1,9,,727096,7,,,1,49,,727097,7,,,1,9,,727094,7,,,1,9,,727098,7,,,1,9,,727099,7,,,1,9,,727100,7,,,1,9,,727101,7,,,1,9,,727102,7,,,1,50,,727103,7,,,1,10,,727104,7,,,1,10,,727105,7,,,1,12,,727141,7,,,1,12,,727106,7,,,1,52,,727107,7,,,1,14,,727108,7,,,1,16,,727109,7,,,1,15,,727110,7,,,1,56,,727112,7,,,1,16,,727113,7,,,1,15,,727114,7,,,1,16,,727111,7,,,1,56,,727115,7,,,1,15,,727118,7,,,1,15,,727119,7,,,1,15,,727120,7,,,1,55,,727117,7,,,1,15,,727121,7,,,1,15,,727116,7,,,1,14,,727122,7,,,1,55,,727123,7,,,1,15,,727124,7,,,1,16,,727125,7,,,1,15,,727126,7,,,1,55,,727127,7,,,1,16,,727128,7,,,1,15,,727129,7,,,1,15,,727130,7,,,1,54,,727131,7,,,1,14,,727132,7,,,1,15,,727133,7,,,1,14,,727134,7,,,1,55,,727135,7,,,1,15,,727137,7,,,1,15,,727139,7,,,1,15,,727142,7,,,1
80102,'20260627',555,,758552,7,,,1,55,,758474,7,,,1,14,,758475,7,,,1,14,,758476,7,,,1,15,,758477,7,,,1,55,,758478,7,,,1,15,,758479,7,,,1,15,,758480,7,,,1,14,,758481,7,,,1,56,,758482,7,,,1,14,,758483,7,,,1,14,,758484,7,,,1,14,,758485,7,,,1,54,,758486,7,,,1,14,,758487,7,,,1,15,,758488,7,,,1,15,,758489,7,,,1,54,,758490,7,,,1,15,,758491,7,,,1,15,,758492,7,,,1,16,,758493,7,,,1,55,,758494,7,,,1,15,,758495,7,,,1,15,,758496,7,,,1,15,,758497,7,,,1,55,,758498,7,,,1,15,,758499,7,,,1,15,,758500,7,,,1,14,,758501,7,,,1,55,,758502,7,,,1,15,,758503,7,,,1,15,,758504,7,,,1,15,,758505,7,,,1,55,,758506,7,,,1,16,,758507,7,,,1,15,,758508,7,,,1,14,,758509,7,,,1,55,,758546,7,,,1,16,,758510,7,,,1,16,,758511,7,,,1,15,,758512,7,,,1,55,,758547,7,,,1,15,,758514,7,,,1,14,,758515,7,,,1,17,,758517,7,,,1,55,,758548,7,,,1,15,,758513,7,,,1,16,,758518,7,,,1,15,,758519,7,,,1,56,,758516,7,,,1,15,,758520,7,,,1,15,,758521,7,,,1,15,,758522,7,,,1,56,,758523,7,,,1,15,,758524,7,,,1,15,,758525,7,,,1,15,,758526,7,,,1,55,,758527,7,,,1,15,,758528,7,,,1,15,,758529,7,,,1,15,,758530,7,,,1,55,,758531,7,,,1,15,,758532,7,,,1,15,,758533,7,,,1,15,,758534,7,,,1,55,,758535,7,,,1,15,,758536,7,,,1,15,,758537,7,,,1,15,,758539,7,,,1,55,,758540,7,,,1,15,,758541,7,,,1,15,,758538,7,,,1,15,,758542,7,,,1,55,,758543,7,,,1,14,,758544,7,,,1,16,,758545,7,,,1,15,,758549,7,,,1,55,,758550,7,,,1,16,,758551,7,,,1,16,,758553,7,,,1
80102,'20260628',555,,758633,7,,,1,55,,758589,7,,,1,14,,758583,7,,,1,14,,758587,7,,,1,15,,758588,7,,,1,55,,758602,7,,,1,15,,758586,7,,,1,15,,758626,7,,,1,14,,758628,7,,,1,56,,758629,7,,,1,14,,758630,7,,,1,14,,758627,7,,,1,14,,758584,7,,,1,54,,758585,7,,,1,14,,758580,7,,,1,15,,758581,7,,,1,15,,758582,7,,,1,54,,758572,7,,,1,15,,758571,7,,,1,15,,758570,7,,,1,16,,758573,7,,,1,55,,758574,7,,,1,15,,758559,7,,,1,15,,758558,7,,,1,15,,758557,7,,,1,55,,758555,7,,,1,15,,758556,7,,,1,15,,758568,7,,,1,14,,758569,7,,,1,55,,758565,7,,,1,15,,758567,7,,,1,15,,758566,7,,,1,15,,758624,7,,,1,55,,758621,7,,,1,16,,758622,7,,,1,15,,758623,7,,,1,14,,758625,7,,,1,55,,758575,7,,,1,16,,758608,7,,,1,16,,758601,7,,,1,15,,758606,7,,,1,55,,758576,7,,,1,15,,758610,7,,,1,14,,758609,7,,,1,17,,758598,7,,,1,55,,758577,7,,,1,15,,758599,7,,,1,16,,758605,7,,,1,15,,758600,7,,,1,56,,758607,7,,,1,15,,758595,7,,,1,15,,758603,7,,,1,15,,758591,7,,,1,56,,758604,7,,,1,15,,758596,7,,,1,15,,758593,7,,,1,15,,758592,7,,,1,55,,758594,7,,,1,15,,758590,7,,,1,15,,758597,7,,,1,15,,758620,7,,,1,55,,758613,7,,,1,15,,758615,7,,,1,15,,758619,7,,,1,15,,758617,7,,,1,55,,758611,7,,,1,15,,758618,7,,,1,15,,758612,7,,,1,15,,758616,7,,,1,55,,758561,7,,,1,15,,758560,7,,,1,15,,758614,7,,,1,15,,758562,7,,,1,55,,758563,7,,,1,14,,758564,7,,,1,16,,758554,7,,,1,15,,758579,7,,,1,55,,758578,7,,,1,16,,758631,7,,,1,16,,758632,7,,,1
80102,'20260629',553,,758722,7,,,1,52,,758726,7,,,1,14,,758634,7,,,1,9,,758635,7,,,1,9,,758636,7,,,1,10,,758637,7,,,1,10,,758638,7,,,1,49,,758639,7,,,1,10,,758640,7,,,1,11,,758641,7,,,1,9,,758642,7,,,1,9,,758643,7,,,1,9,,758724,7,,,1,50,,758644,7,,,1,9,,758645,7,,,1,8,,758646,7,,,1,9,,758647,7,,,1,9,,758648,7,,,1,10,,758649,7,,,1,52,,758650,7,,,1,14,,758651,7,,,1,16,,758652,7,,,1,15,,758653,7,,,1,56,,758654,7,,,1,15,,758655,7,,,1,15,,758656,7,,,1,15,,758657,7,,,1,54,,758658,7,,,1,14,,758659,7,,,1,15,,758660,7,,,1,14,,758661,7,,,1,15,,758662,7,,,1,53,,758663,7,,,1,15,,758664,7,,,1,15,,758666,7,,,1,16,,758667,7,,,1,54,,758669,7,,,1,14,,758665,7,,,1,16,,758670,7,,,1,16,,758671,7,,,1,55,,758668,7,,,1,16,,758672,7,,,1,13,,758673,7,,,1,10,,758675,7,,,1,49,,758676,7,,,1,8,,758677,7,,,1,9,,758674,7,,,1,9,,758678,7,,,1,9,,758679,7,,,1,10,,758681,7,,,1,9,,758682,7,,,1,49,,758683,7,,,1,9,,758680,7,,,1,9,,758684,7,,,1,9,,758685,7,,,1,9,,758686,7,,,1,9,,758687,7,,,1,9,,758688,7,,,1,50,,758689,7,,,1,10,,758690,7,,,1,10,,758691,7,,,1,12,,758727,7,,,1,12,,758692,7,,,1,52,,758693,7,,,1,14,,758694,7,,,1,16,,758695,7,,,1,15,,758696,7,,,1,56,,758698,7,,,1,16,,758699,7,,,1,15,,758700,7,,,1,16,,758697,7,,,1,56,,758701,7,,,1,15,,758704,7,,,1,15,,758705,7,,,1,15,,758706,7,,,1,55,,758703,7,,,1,15,,758707,7,,,1,15,,758702,7,,,1,14,,758708,7,,,1,55,,758709,7,,,1,15,,758710,7,,,1,16,,758711,7,,,1,15,,758712,7,,,1,55,,758713,7,,,1,16,,758714,7,,,1,15,,758715,7,,,1,15,,758716,7,,,1,54,,758717,7,,,1,14,,758718,7,,,1,15,,758719,7,,,1,14,,758720,7,,,1,55,,758721,7,,,1,15,,758723,7,,,1,15,,758725,7,,,1,15,,758728,7,,,1
80102,'20260630',553,,758817,7,,,1,52,,758821,7,,,1,14,,758729,7,,,1,9,,758730,7,,,1,9,,758731,7,,,1,10,,758732,7,,,1,10,,758733,7,,,1,49,,758734,7,,,1,10,,758735,7,,,1,11,,758736,7,,,1,9,,758737,7,,,1,9,,758738,7,,,1,9,,758819,7,,,1,50,,758739,7,,,1,9,,758740,7,,,1,8,,758741,7,,,1,9,,758742,7,,,1,9,,758743,7,,,1,10,,758744,7,,,1,52,,758745,7,,,1,14,,758746,7,,,1,16,,758747,7,,,1,15,,758748,7,,,1,56,,758749,7,,,1,15,,758750,7,,,1,15,,758751,7,,,1,15,,758752,7,,,1,54,,758753,7,,,1,14,,758754,7,,,1,15,,758755,7,,,1,14,,758756,7,,,1,15,,758757,7,,,1,53,,758758,7,,,1,15,,758759,7,,,1,15,,758761,7,,,1,16,,758762,7,,,1,54,,758764,7,,,1,14,,758760,7,,,1,16,,758765,7,,,1,16,,758766,7,,,1,55,,758763,7,,,1,16,,758767,7,,,1,13,,758768,7,,,1,10,,758770,7,,,1,49,,758771,7,,,1,8,,758772,7,,,1,9,,758769,7,,,1,9,,758773,7,,,1,9,,758774,7,,,1,10,,758776,7,,,1,9,,758777,7,,,1,49,,758778,7,,,1,9,,758775,7,,,1,9,,758779,7,,,1,9,,758780,7,,,1,9,,758781,7,,,1,9,,758782,7,,,1,9,,758783,7,,,1,50,,758784,7,,,1,10,,758785,7,,,1,10,,758786,7,,,1,12,,758822,7,,,1,12,,758787,7,,,1,52,,758788,7,,,1,14,,758789,7,,,1,16,,758790,7,,,1,15,,758791,7,,,1,56,,758793,7,,,1,16,,758794,7,,,1,15,,758795,7,,,1,16,,758792,7,,,1,56,,758796,7,,,1,15,,758799,7,,,1,15,,758800,7,,,1,15,,758801,7,,,1,55,,758798,7,,,1,15,,758802,7,,,1,15,,758797,7,,,1,14,,758803,7,,,1,55,,758804,7,,,1,15,,758805,7,,,1,16,,758806,7,,,1,15,,758807,7,,,1,55,,758808,7,,,1,16,,758809,7,,,1,15,,758810,7,,,1,15,,758811,7,,,1,54,,758812,7,,,1,14,,758813,7,,,1,15,,758814,7,,,1,14,,758815,7,,,1,55,,758816,7,,,1,15,,758818,7,,,1,15,,758820,7,,,1,15,,758823,7,,,1
80102,'20260701',555,,785826,7,,,1,55,,785782,7,,,1,14,,785776,7,,,1,14,,785780,7,,,1,15,,785781,7,,,1,55,,785795,7,,,1,15,,785779,7,,,1,15,,785819,7,,,1,14,,785821,7,,,1,56,,785822,7,,,1,14,,785823,7,,,1,14,,785820,7,,,1,14,,785777,7,,,1,54,,785778,7,,,1,14,,785773,7,,,1,15,,785774,7,,,1,15,,785775,7,,,1,54,,785765,7,,,1,15,,785764,7,,,1,15,,785763,7,,,1,16,,785766,7,,,1,55,,785767,7,,,1,15,,785752,7,,,1,15,,785751,7,,,1,15,,785750,7,,,1,55,,785748,7,,,1,15,,785749,7,,,1,15,,785761,7,,,1,14,,785762,7,,,1,55,,785758,7,,,1,15,,785760,7,,,1,15,,785759,7,,,1,15,,785817,7,,,1,55,,785814,7,,,1,16,,785815,7,,,1,15,,785816,7,,,1,14,,785818,7,,,1,55,,785768,7,,,1,16,,785801,7,,,1,16,,785794,7,,,1,15,,785799,7,,,1,55,,785769,7,,,1,15,,785803,7,,,1,14,,785802,7,,,1,17,,785791,7,,,1,55,,785770,7,,,1,15,,785792,7,,,1,16,,785798,7,,,1,15,,785793,7,,,1,56,,785800,7,,,1,15,,785788,7,,,1,15,,785796,7,,,1,15,,785784,7,,,1,56,,785797,7,,,1,15,,785789,7,,,1,15,,785786,7,,,1,15,,785785,7,,,1,55,,785787,7,,,1,15,,785783,7,,,1,15,,785790,7,,,1,15,,785813,7,,,1,55,,785806,7,,,1,15,,785808,7,,,1,15,,785812,7,,,1,15,,785810,7,,,1,55,,785804,7,,,1,15,,785811,7,,,1,15,,785805,7,,,1,15,,785809,7,,,1,55,,785754,7,,,1,15,,785753,7,,,1,15,,785807,7,,,1,15,,785755,7,,,1,55,,785756,7,,,1,14,,785757,7,,,1,16,,785747,7,,,1,15,,785772,7,,,1,55,,785771,7,,,1,16,,785824,7,,,1,16,,785825,7,,,1
80102,'20260702',553,,785915,7,,,1,52,,785919,7,,,1,14,,785827,7,,,1,9,,785828,7,,,1,9,,785829,7,,,1,10,,785830,7,,,1,10,,785831,7,,,1,49,,785832,7,,,1,10,,785833,7,,,1,11,,785834,7,,,1,9,,785835,7,,,1,9,,785836,7,,,1,9,,785917,7,,,1,50,,785837,7,,,1,9,,785838,7,,,1,8,,785839,7,,,1,9,,785840,7,,,1,9,,785841,7,,,1,10,,785842,7,,,1,52,,785843,7,,,1,14,,785844,7,,,1,16,,785845,7,,,1,15,,785846,7,,,1,56,,785847,7,,,1,15,,785848,7,,,1,15,,785849,7,,,1,15,,785850,7,,,1,54,,785851,7,,,1,14,,785852,7,,,1,15,,785853,7,,,1,14,,785854,7,,,1,15,,785855,7,,,1,53,,785856,7,,,1,15,,785857,7,,,1,15,,785859,7,,,1,16,,785860,7,,,1,54,,785862,7,,,1,14,,785858,7,,,1,16,,785863,7,,,1,16,,785864,7,,,1,55,,785861,7,,,1,16,,785865,7,,,1,13,,785866,7,,,1,10,,785868,7,,,1,49,,785869,7,,,1,8,,785870,7,,,1,9,,785867,7,,,1,9,,785871,7,,,1,9,,785872,7,,,1,10,,785874,7,,,1,9,,785875,7,,,1,49,,785876,7,,,1,9,,785873,7,,,1,9,,785877,7,,,1,9,,785878,7,,,1,9,,785879,7,,,1,9,,785880,7,,,1,9,,785881,7,,,1,50,,785882,7,,,1,10,,785883,7,,,1,10,,785884,7,,,1,12,,785920,7,,,1,12,,785885,7,,,1,52,,785886,7,,,1,14,,785887,7,,,1,16,,785888,7,,,1,15,,785889,7,,,1,56,,785891,7,,,1,16,,785892,7,,,1,15,,785893,7,,,1,16,,785890,7,,,1,56,,785894,7,,,1,15,,785897,7,,,1,15,,785898,7,,,1,15,,785899,7,,,1,55,,785896,7,,,1,15,,785900,7,,,1,15,,785895,7,,,1,14,,785901,7,,,1,55,,785902,7,,,1,15,,785903,7,,,1,16,,785904,7,,,1,15,,785905,7,,,1,55,,785906,7,,,1,16,,785907,7,,,1,15,,785908,7,,,1,15,,785909,7,,,1,54,,785910,7,,,1,14,,785911,7,,,1,15,,785912,7,,,1,14,,785913,7,,,1,55,,785914,7,,,1,15,,785916,7,,,1,15,,785918,7,,,1,15,,785921,7,,,1
80102,'20260703',553,,786010,7,,,1,52,,786014,7,,,1,14,,785922,7,,,1,9,,785923,7,,,1,9,,785924,7,,,1,10,,785925,7,,,1,10,,785926,7,,,1,49,,785927,7,,,1,10,,785928,7,,,1,11,,785929,7,,,1,9,,785930,7,,,1,9,,785931,7,,,1,9,,786012,7,,,1,50,,785932,7,,,1,9,,785933,7,,,1,8,,785934,7,,,1,9,,785935,7,,,1,9,,785936,7,,,1,10,,785937,7,,,1,52,,785938,7,,,1,14,,785939,7,,,1,16,,785940,7,,,1,15,,785941,7,,,1,56,,785942,7,,,1,15,,785943,7,,,1,15,,785944,7,,,1,15,,785945,7,,,1,54,,785946,7,,,1,14,,785947,7,,,1,15,,785948,7,,,1,14,,785949,7,,,1,15,,785950,7,,,1,53,,785951,7,,,1,15,,785952,7,,,1,15,,785954,7,,,1,16,,785955,7,,,1,54,,785957,7,,,1,14,,785953,7,,,1,16,,785958,7,,,1,16,,785959,7,,,1,55,,785956,7,,,1,16,,785960,7,,,1,13,,785961,7,,,1,10,,785963,7,,,1,49,,785964,7,,,1,8,,785965,7,,,1,9,,785962,7,,,1,9,,785966,7,,,1,9,,785967,7,,,1,10,,785969,7,,,1,9,,785970,7,,,1,49,,785971,7,,,1,9,,785968,7,,,1,9,,785972,7,,,1,9,,785973,7,,,1,9,,785974,7,,,1,9,,785975,7,,,1,9,,785976,7,,,1,50,,785977,7,,,1,10,,785978,7,,,1,10,,785979,7,,,1,12,,786015,7,,,1,12,,785980,7,,,1,52,,785981,7,,,1,14,,785982,7,,,1,16,,785983,7,,,1,15,,785984,7,,,1,56,,785986,7,,,1,16,,785987,7,,,1,15,,785988,7,,,1,16,,785985,7,,,1,56,,785989,7,,,1,15,,785992,7,,,1,15,,785993,7,,,1,15,,785994,7,,,1,55,,785991,7,,,1,15,,785995,7,,,1,15,,785990,7,,,1,14,,785996,7,,,1,55,,785997,7,,,1,15,,785998,7,,,1,16,,785999,7,,,1,15,,786000,7,,,1,55,,786001,7,,,1,16,,786002,7,,,1,15,,786003,7,,,1,15,,786004,7,,,1,54,,786005,7,,,1,14,,786006,7,,,1,15,,786007,7,,,1,14,,786008,7,,,1,55,,786009,7,,,1,15,,786011,7,,,1,15,,786013,7,,,1,15,,786016,7,,,1
80502,'20260619',543,,763890,32,,,0,15,,763891,32,,,0,55,,763892,32,,,0,10,,763893,32,,,0,8,,763894,32,,,0,6,,763895,32,,,0,9,,763896,32,,,0,8,,763897,32,,,0,46,,763898,32,,,0,8,,763899,32,,,0,7,,763900,32,,,0,4,,763901,32,,,0,5,,763902,32,,,0,7,,763903,32,,,0,6,,763904,32,,,0,6,,763905,32,,,0,6,,763906,32,,,0,6,,763907,32,,,0,46,,763908,32,,,0,1,,763886,24,,,0,4,,763909,32,,,0,5,,763910,32,,,0,5,,763911,32,,,0,5,,763912,32,,,0,7,,763913,32,,,0,6,,763914,32,,,0,7,,763915,32,,,0,7,,763916,32,,,0,8,,763917,32,,,0,46,,763918,32,,,0,7,,763919,32,,,0,8,,763920,32,,,0,8,,763921,32,,,0,8,,763922,32,,,0,7,,763923,32,,,0,8,,763924,32,,,0,11,,763925,32,,,0,53,,763926,32,,,0,14,,763927,32,,,0,14,,763928,32,,,0,13,,763929,32,,,0,49,,763930,32,,,0,9,,763931,32,,,0,9,,763932,32,,,0,9,,763933,32,,,0,9,,763934,32,,,0,7,,763935,32,,,0,8,,763936,32,,,0,47,,763937,32,,,0,8,,763938,32,,,0,9,,763939,32,,,0,9,,763940,32,,,0,8,,763941,32,,,0,7,,763942,32,,,0,8,,763943,32,,,0,8,,763944,32,,,0,48,,763945,32,,,0,8,,763946,32,,,0,8,,763947,32,,,0,9,,763948,32,,,0,8,,763949,32,,,0,8,,763950,32,,,0,7,,763951,32,,,0,6,,763952,32,,,0,46,,763953,32,,,0,6,,763954,32,,,0,6,,763955,32,,,0,6,,763956,32,,,0,5,,763957,32,,,0,8,,763958,32,,,0,5,,763959,32,,,0,6,,763960,32,,,0,6,,763961,32,,,0,6,,763962,32,,,0,46,,763963,32,,,0,6,,763964,32,,,0,7,,763965,32,,,0,5,,763966,32,,,0,6,,763967,32,,,0,6,,763968,32,,,0,6,,763969,32,,,0,5,,763970,32,,,0,4,,763971,32,,,0,5,,763972,32,,,0,45,,763973,32,,,0,4,,763974,32,,,0,4,,763975,32,,,0,4,,763976,32,,,0,5,,763977,32,,,0,4,,763978,32,,,0,4,,763979,32,,,0,4,,763980,32,,,0,6,,763981,32,,,0,5,,763982,32,,,0,5,,763983,32,,,0,0,,763887,24,,,0,5,,763984,32,,,0,5,,763985,32,,,0,45,,763986,32,,,0,6,,763987,32,,,0,4,,763988,32,,,0,0,,763888,24,,,0,5,,763989,32,,,0,4,,763990,32,,,0,5,,763991,32,,,0,5,,763992,32,,,0,4,,763993,32,,,0,5,,763994,32,,,0,6,,763995,32,,,0,4,,763996,32,,,0,4,,763997,32,,,0,1,,763889,24,,,0,4,,763998,32,,,0,45,,763999,32,,,0,5,,764000,32,,,0,4,,764001,32,,,0,6,,764002,32,,,0,5,,764003,32,,,0,5,,764004,32,,,0,5,,764005,32,,,0,6,,764006,32,,,0,7,,764007,32,,,0,8,,764008,32,,,0,48,,764009,32,,,0,8,,764010,32,,,0,9,,764011,32,,,0,6,,764012,32,,,0,9,,764013,32,,,0,7,,764014,32,,,0,7,,764015,32,,,0,7,,764016,32,,,0,48,,764017,32,,,0,8,,764018,32,,,0,8,,764019,32,,,0,9,,764020,32,,,0,8,,764021,32,,,0,10,,764022,32,,,0,10,,764023,32,,,0,49,,764024,32,,,0,10,,764025,32,,,0,10,,764026,32,,,0,11,,764027,32,,,0,11,,764028,32,,,0,12,,764029,32,,,0,52,,764030,32,,,0,11,,764031,32,,,0,13,,764032,32,,,0,15,,764033,32,,,0,55,,764034,32,,,0,15,,764035,32,,,0,15,,764036,32,,,0,15,,764037,32,,,0,55,,764038,32,,,0,15,,764039,32,,,0,15,,764040,32,,,0,15,,764041,32,,,0,55,,764042,32,,,0,15,,764043,32,,,0,15,,764044,32,,,0,15,,764045,32,,,0
80502,'20260620',606,,790471,32,,,0,11,,790472,32,,,0,10,,790473,32,,,0,10,,790474,32,,,0,10,,790475,32,,,0,9,,790476,32,,,0,50,,790477,32,,,0,11,,790478,32,,,0,10,,790479,32,,,0,10,,790480,32,,,0,10,,790481,32,,,0,11,,790482,32,,,0,50,,790483,32,,,0,10,,790484,32,,,0,10,,790485,32,,,0,9,,790486,32,,,0,9,,790487,32,,,0,11,,790488,32,,,0,50,,790489,32,,,0,10,,790490,32,,,0,9,,790491,32,,,0,10,,790492,32,,,0,10,,790493,32,,,0,10,,790494,32,,,0,50,,790495,32,,,0,10,,790496,32,,,0,10,,790497,32,,,0,10,,790498,32,,,0,11,,790499,32,,,0,10,,790500,32,,,0,50,,790501,32,,,0,10,,790502,32,,,0,10,,790503,32,,,0,10,,790504,32,,,0,10,,790505,32,,,0,10,,790506,32,,,0,50,,790507,32,,,0,10,,790508,32,,,0,10,,790509,32,,,0,10,,790510,32,,,0,10,,790511,32,,,0,10,,790512,32,,,0,50,,790513,32,,,0,10,,790514,32,,,0,10,,790515,32,,,0,10,,790516,32,,,0,10,,790517,32,,,0,10,,790518,32,,,0,50,,790519,32,,,0,10,,790520,32,,,0,10,,790521,32,,,0,10,,790522,32,,,0,11,,790523,32,,,0,9,,790524,32,,,0,50,,790525,32,,,0,10,,790526,32,,,0,10,,790527,32,,,0,10,,790528,32,,,0,10,,790529,32,,,0,10,,790530,32,,,0,50,,790531,32,,,0,10,,790532,32,,,0,10,,790533,32,,,0,10,,790534,32,,,0,10,,790535,32,,,0,10,,790536,32,,,0,50,,790537,32,,,0,10,,790538,32,,,0,10,,790539,32,,,0,10,,790540,32,,,0,10,,790541,32,,,0,10,,790542,32,,,0,50,,790543,32,,,0,10,,790544,32,,,0,10,,790545,32,,,0,10,,790546,32,,,0,10,,790547,32,,,0,10,,790548,32,,,0,50,,790549,32,,,0,9,,790550,32,,,0,10,,790551,32,,,0,10,,790552,32,,,0,10,,790553,32,,,0,10,,790554,32,,,0,50,,790555,32,,,0,10,,790556,32,,,0,10,,790557,32,,,0,10,,790558,32,,,0,10,,790559,32,,,0,10,,790560,32,,,0,50,,790561,32,,,0,9,,790562,32,,,0,9,,790563,32,,,0,10,,790564,32,,,0,10,,790565,32,,,0,10,,790566,32,,,0,50,,790567,32,,,0,10,,790568,32,,,0,9,,790569,32,,,0,10,,790570,32,,,0,9,,790571,32,,,0,10,,790572,32,,,0,50,,790573,32,,,0,10,,790574,32,,,0,10,,790575,32,,,0,10,,790576,32,,,0,10,,790577,32,,,0,10,,790578,32,,,0,49,,790579,32,,,0,11,,790580,32,,,0,10,,790581,32,,,0,10,,790582,32,,,0,10,,790583,32,,,0,10,,790584,32,,,0,50,,790585,32,,,0,10,,790586,32,,,0,11,,790587,32,,,0,11,,790588,32,,,0
80502,'20260621',606,,790589,32,,,0,11,,790590,32,,,0,10,,790591,32,,,0,10,,790592,32,,,0,10,,790593,32,,,0,9,,790594,32,,,0,50,,790595,32,,,0,11,,790596,32,,,0,10,,790597,32,,,0,10,,790598,32,,,0,10,,790599,32,,,0,11,,790600,32,,,0,50,,790601,32,,,0,10,,790602,32,,,0,10,,790603,32,,,0,9,,790604,32,,,0,9,,790605,32,,,0,11,,790606,32,,,0,50,,790607,32,,,0,10,,790608,32,,,0,9,,790609,32,,,0,10,,790610,32,,,0,10,,790611,32,,,0,10,,790612,32,,,0,50,,790613,32,,,0,10,,790614,32,,,0,10,,790615,32,,,0,10,,790616,32,,,0,11,,790617,32,,,0,10,,790618,32,,,0,50,,790619,32,,,0,10,,790620,32,,,0,10,,790621,32,,,0,10,,790622,32,,,0,10,,790623,32,,,0,10,,790624,32,,,0,50,,790625,32,,,0,10,,790626,32,,,0,10,,790627,32,,,0,10,,790628,32,,,0,10,,790629,32,,,0,10,,790630,32,,,0,50,,790631,32,,,0,10,,790632,32,,,0,10,,790633,32,,,0,10,,790634,32,,,0,10,,790635,32,,,0,10,,790636,32,,,0,50,,790637,32,,,0,10,,790638,32,,,0,10,,790639,32,,,0,10,,790640,32,,,0,11,,790641,32,,,0,9,,790642,32,,,0,50,,790643,32,,,0,10,,790644,32,,,0,10,,790645,32,,,0,10,,790646,32,,,0,10,,790647,32,,,0,10,,790648,32,,,0,50,,790649,32,,,0,10,,790650,32,,,0,10,,790651,32,,,0,10,,790652,32,,,0,10,,790653,32,,,0,10,,790654,32,,,0,50,,790655,32,,,0,10,,790656,32,,,0,10,,790657,32,,,0,10,,790658,32,,,0,10,,790659,32,,,0,10,,790660,32,,,0,50,,790661,32,,,0,10,,790662,32,,,0,10,,790663,32,,,0,10,,790664,32,,,0,10,,790665,32,,,0,10,,790666,32,,,0,50,,790667,32,,,0,9,,790668,32,,,0,10,,790669,32,,,0,10,,790670,32,,,0,10,,790671,32,,,0,10,,790672,32,,,0,50,,790673,32,,,0,10,,790674,32,,,0,10,,790675,32,,,0,10,,790676,32,,,0,10,,790677,32,,,0,10,,790678,32,,,0,50,,790679,32,,,0,9,,790680,32,,,0,9,,790681,32,,,0,10,,790682,32,,,0,10,,790683,32,,,0,10,,790684,32,,,0,50,,790685,32,,,0,10,,790686,32,,,0,9,,790687,32,,,0,10,,790688,32,,,0,9,,790689,32,,,0,10,,790690,32,,,0,50,,790691,32,,,0,10,,790692,32,,,0,10,,790693,32,,,0,10,,790694,32,,,0,10,,790695,32,,,0,10,,790696,32,,,0,49,,790697,32,,,0,11,,790698,32,,,0,10,,790699,32,,,0,10,,790700,32,,,0,10,,790701,32,,,0,10,,790702,32,,,0,50,,790703,32,,,0,10,,790704,32,,,0,11,,790705,32,,,0,11,,790706,32,,,0
80502,'20260622',545,,790707,32,,,0,10,,790708,32,,,0,51,,790709,32,,,0,9,,790710,32,,,0,10,,790711,32,,,0,10,,790712,32,,,0,12,,790713,32,,,0,9,,790714,32,,,0,49,,790715,32,,,0,10,,790716,32,,,0,10,,790717,32,,,0,11,,790718,32,,,0,10,,790719,32,,,0,11,,790720,32,,,0,50,,790721,32,,,0,10,,790722,32,,,0,11,,790723,32,,,0,10,,790724,32,,,0,10,,790725,32,,,0,10,,790726,32,,,0,49,,790727,32,,,0,10,,790728,32,,,0,9,,790729,32,,,0,10,,790730,32,,,0,10,,790731,32,,,0,10,,790732,32,,,0,50,,790733,32,,,0,10,,790734,32,,,0,10,,790735,32,,,0,10,,790736,32,,,0,10,,790737,32,,,0,10,,790738,32,,,0,50,,790739,32,,,0,10,,790740,32,,,0,10,,790741,32,,,0,10,,790742,32,,,0,10,,790743,32,,,0,10,,790744,32,,,0,50,,790745,32,,,0,10,,790746,32,,,0,10,,790747,32,,,0,10,,790748,32,,,0,10,,790749,32,,,0,10,,790750,32,,,0,50,,790751,32,,,0,10,,790752,32,,,0,10,,790753,32,,,0,10,,790754,32,,,0,10,,790755,32,,,0,11,,790756,32,,,0,50,,790757,32,,,0,10,,790758,32,,,0,10,,790759,32,,,0,10,,790760,32,,,0,10,,790761,32,,,0,8,,790762,32,,,0,48,,790763,32,,,0,7,,790764,32,,,0,7,,790765,32,,,0,6,,790766,32,,,0,6,,790767,32,,,0,7,,790768,32,,,0,6,,790769,32,,,0,6,,790770,32,,,0,6,,790771,32,,,0,46,,790772,32,,,0,6,,790773,32,,,0,6,,790774,32,,,0,6,,790775,32,,,0,7,,790776,32,,,0,7,,790777,32,,,0,7,,790778,32,,,0,7,,790779,32,,,0,7,,790780,32,,,0,47,,790781,32,,,0,7,,790782,32,,,0,6,,790783,32,,,0,5,,790784,32,,,0,6,,790785,32,,,0,6,,790786,32,,,0,7,,790787,32,,,0,7,,790788,32,,,0,7,,790789,32,,,0,7,,790790,32,,,0,47,,790791,32,,,0,7,,790792,32,,,0,6,,790793,32,,,0,10,,790794,32,,,0,10,,790795,32,,,0,10,,790796,32,,,0,9,,790797,32,,,0,50,,790798,32,,,0,10,,790799,32,,,0,10,,790800,32,,,0,10,,790801,32,,,0,9,,790802,32,,,0,10,,790803,32,,,0,50,,790804,32,,,0,10,,790805,32,,,0,10,,790806,32,,,0,10,,790807,32,,,0,10,,790808,32,,,0,10,,790809,32,,,0,49,,790810,32,,,0,10,,790811,32,,,0,10,,790812,32,,,0,10,,790813,32,,,0,10,,790814,32,,,0,10,,790815,32,,,0,50,,790816,32,,,0,10,,790817,32,,,0,9,,790818,32,,,0,10,,790819,32,,,0,9,,790820,32,,,0,9,,790821,32,,,0,50,,790822,32,,,0,10,,790823,32,,,0,10,,790824,32,,,0,10,,790825,32,,,0,10,,790826,32,,,0,10,,790827,32,,,0,49,,790828,32,,,0,12,,790829,32,,,0,10,,790830,32,,,0,10,,790831,32,,,0,10,,790832,32,,,0,10,,790833,32,,,0,50,,790834,32,,,0,10,,790835,32,,,0,10,,790836,32,,,0,10,,790837,32,,,0,10,,790838,32,,,0
80502,'20260623',545,,790839,32,,,0,10,,790840,32,,,0,51,,790841,32,,,0,9,,790842,32,,,0,10,,790843,32,,,0,10,,790844,32,,,0,12,,790845,32,,,0,9,,790846,32,,,0,49,,790847,32,,,0,10,,790848,32,,,0,10,,790849,32,,,0,11,,790850,32,,,0,10,,790851,32,,,0,11,,790852,32,,,0,50,,790853,32,,,0,10,,790854,32,,,0,11,,790855,32,,,0,10,,790856,32,,,0,10,,790857,32,,,0,10,,790858,32,,,0,49,,790859,32,,,0,10,,790860,32,,,0,9,,790861,32,,,0,10,,790862,32,,,0,10,,790863,32,,,0,10,,790864,32,,,0,50,,790865,32,,,0,10,,790866,32,,,0,10,,790867,32,,,0,10,,790868,32,,,0,10,,790869,32,,,0,10,,790870,32,,,0,50,,790871,32,,,0,10,,790872,32,,,0,10,,790873,32,,,0,10,,790874,32,,,0,10,,790875,32,,,0,10,,790876,32,,,0,50,,790877,32,,,0,10,,790878,32,,,0,10,,790879,32,,,0,10,,790880,32,,,0,10,,790881,32,,,0,10,,790882,32,,,0,50,,790883,32,,,0,10,,790884,32,,,0,10,,790885,32,,,0,10,,790886,32,,,0,10,,790887,32,,,0,11,,790888,32,,,0,50,,790889,32,,,0,10,,790890,32,,,0,10,,790891,32,,,0,10,,790892,32,,,0,10,,790893,32,,,0,8,,790894,32,,,0,48,,790895,32,,,0,7,,790896,32,,,0,7,,790897,32,,,0,6,,790898,32,,,0,6,,790899,32,,,0,7,,790900,32,,,0,6,,790901,32,,,0,6,,790902,32,,,0,6,,790903,32,,,0,46,,790904,32,,,0,6,,790905,32,,,0,6,,790906,32,,,0,6,,790907,32,,,0,7,,790908,32,,,0,7,,790909,32,,,0,7,,790910,32,,,0,7,,790911,32,,,0,7,,790912,32,,,0,47,,790913,32,,,0,7,,790914,32,,,0,6,,790915,32,,,0,5,,790916,32,,,0,6,,790917,32,,,0,6,,790918,32,,,0,7,,790919,32,,,0,7,,790920,32,,,0,7,,790921,32,,,0,7,,790922,32,,,0,47,,790923,32,,,0,7,,790924,32,,,0,6,,790925,32,,,0,10,,790926,32,,,0,10,,790927,32,,,0,10,,790928,32,,,0,9,,790929,32,,,0,50,,790930,32,,,0,10,,790931,32,,,0,10,,790932,32,,,0,10,,790933,32,,,0,9,,790934,32,,,0,10,,790935,32,,,0,50,,790936,32,,,0,10,,790937,32,,,0,10,,790938,32,,,0,10,,790939,32,,,0,10,,790940,32,,,0,10,,790941,32,,,0,49,,790942,32,,,0,10,,790943,32,,,0,10,,790944,32,,,0,10,,790945,32,,,0,10,,790946,32,,,0,10,,790947,32,,,0,50,,790948,32,,,0,10,,790949,32,,,0,9,,790950,32,,,0,10,,790951,32,,,0,9,,790952,32,,,0,9,,790953,32,,,0,50,,790954,32,,,0,10,,790955,32,,,0,10,,790956,32,,,0,10,,790957,32,,,0,10,,790958,32,,,0,10,,790959,32,,,0,49,,790960,32,,,0,12,,790961,32,,,0,10,,790962,32,,,0,10,,790963,32,,,0,10,,790964,32,,,0,10,,790965,32,,,0,50,,790966,32,,,0,10,,790967,32,,,0,10,,790968,32,,,0,10,,790969,32,,,0,10,,790970,32,,,0
80502,'20260624',606,,790971,32,,,0,11,,790972,32,,,0,10,,790973,32,,,0,10,,790974,32,,,0,10,,790975,32,,,0,9,,790976,32,,,0,50,,790977,32,,,0,11,,790978,32,,,0,10,,790979,32,,,0,10,,790980,32,,,0,10,,790981,32,,,0,11,,790982,32,,,0,50,,790983,32,,,0,10,,790984,32,,,0,10,,790985,32,,,0,9,,790986,32,,,0,9,,790987,32,,,0,11,,790988,32,,,0,50,,790989,32,,,0,10,,790990,32,,,0,9,,790991,32,,,0,10,,790992,32,,,0,10,,790993,32,,,0,10,,790994,32,,,0,50,,790995,32,,,0,10,,790996,32,,,0,10,,790997,32,,,0,10,,790998,32,,,0,11,,790999,32,,,0,10,,791000,32,,,0,50,,791001,32,,,0,10,,791002,32,,,0,10,,791003,32,,,0,10,,791004,32,,,0,10,,791005,32,,,0,10,,791006,32,,,0,50,,791007,32,,,0,10,,791008,32,,,0,10,,791009,32,,,0,10,,791010,32,,,0,10,,791011,32,,,0,10,,791012,32,,,0,50,,791013,32,,,0,10,,791014,32,,,0,10,,791015,32,,,0,10,,791016,32,,,0,10,,791017,32,,,0,10,,791018,32,,,0,50,,791019,32,,,0,10,,791020,32,,,0,10,,791021,32,,,0,10,,791022,32,,,0,11,,791023,32,,,0,9,,791024,32,,,0,50,,791025,32,,,0,10,,791026,32,,,0,10,,791027,32,,,0,10,,791028,32,,,0,10,,791029,32,,,0,10,,791030,32,,,0,50,,791031,32,,,0,10,,791032,32,,,0,10,,791033,32,,,0,10,,791034,32,,,0,10,,791035,32,,,0,10,,791036,32,,,0,50,,791037,32,,,0,10,,791038,32,,,0,10,,791039,32,,,0,10,,791040,32,,,0,10,,791041,32,,,0,10,,791042,32,,,0,50,,791043,32,,,0,10,,791044,32,,,0,10,,791045,32,,,0,10,,791046,32,,,0,10,,791047,32,,,0,10,,791048,32,,,0,50,,791049,32,,,0,9,,791050,32,,,0,10,,791051,32,,,0,10,,791052,32,,,0,10,,791053,32,,,0,10,,791054,32,,,0,50,,791055,32,,,0,10,,791056,32,,,0,10,,791057,32,,,0,10,,791058,32,,,0,10,,791059,32,,,0,10,,791060,32,,,0,50,,791061,32,,,0,9,,791062,32,,,0,9,,791063,32,,,0,10,,791064,32,,,0,10,,791065,32,,,0,10,,791066,32,,,0,50,,791067,32,,,0,10,,791068,32,,,0,9,,791069,32,,,0,10,,791070,32,,,0,9,,791071,32,,,0,10,,791072,32,,,0,50,,791073,32,,,0,10,,791074,32,,,0,10,,791075,32,,,0,10,,791076,32,,,0,10,,791077,32,,,0,10,,791078,32,,,0,49,,791079,32,,,0,11,,791080,32,,,0,10,,791081,32,,,0,10,,791082,32,,,0,10,,791083,32,,,0,10,,791084,32,,,0,50,,791085,32,,,0,10,,791086,32,,,0,11,,791087,32,,,0,11,,791088,32,,,0
80502,'20260625',545,,734198,32,,,0,10,,734067,32,,,0,51,,734068,32,,,0,9,,734069,32,,,0,10,,734070,32,,,0,10,,734071,32,,,0,12,,734072,32,,,0,9,,734073,32,,,0,49,,734074,32,,,0,10,,734075,32,,,0,10,,734076,32,,,0,11,,734077,32,,,0,10,,734078,32,,,0,11,,734079,32,,,0,50,,734080,32,,,0,10,,734082,32,,,0,11,,734083,32,,,0,10,,734084,32,,,0,10,,734081,32,,,0,10,,734085,32,,,0,49,,734086,32,,,0,10,,734087,32,,,0,9,,734088,32,,,0,10,,734177,32,,,0,10,,734089,32,,,0,10,,734090,32,,,0,50,,734178,32,,,0,10,,734091,32,,,0,10,,734092,32,,,0,10,,734179,32,,,0,10,,734093,32,,,0,10,,734094,32,,,0,50,,734180,32,,,0,10,,734095,32,,,0,10,,734096,32,,,0,10,,734181,32,,,0,10,,734097,32,,,0,10,,734098,32,,,0,50,,734182,32,,,0,10,,734099,32,,,0,10,,734100,32,,,0,10,,734101,32,,,0,10,,734103,32,,,0,10,,734183,32,,,0,50,,734104,32,,,0,10,,734105,32,,,0,10,,734102,32,,,0,10,,734106,32,,,0,10,,734107,32,,,0,11,,734108,32,,,0,50,,734110,32,,,0,10,,734109,32,,,0,10,,734111,32,,,0,10,,734112,32,,,0,10,,734113,32,,,0,8,,734114,32,,,0,48,,734115,32,,,0,7,,734116,32,,,0,7,,734117,32,,,0,6,,734118,32,,,0,6,,734119,32,,,0,7,,734120,32,,,0,6,,734176,32,,,0,6,,734121,32,,,0,6,,734170,32,,,0,46,,734122,32,,,0,6,,734125,32,,,0,6,,734126,32,,,0,6,,734127,32,,,0,7,,734128,32,,,0,7,,734174,32,,,0,7,,734124,32,,,0,7,,734123,32,,,0,7,,734129,32,,,0,47,,734130,32,,,0,7,,734131,32,,,0,6,,734132,32,,,0,5,,734133,32,,,0,6,,734134,32,,,0,6,,734135,32,,,0,7,,734136,32,,,0,7,,734137,32,,,0,7,,734138,32,,,0,7,,734139,32,,,0,47,,734140,32,,,0,7,,734141,32,,,0,6,,734142,32,,,0,10,,734184,32,,,0,10,,734143,32,,,0,10,,734144,32,,,0,9,,734145,32,,,0,50,,734185,32,,,0,10,,734147,32,,,0,10,,734148,32,,,0,10,,734186,32,,,0,9,,734149,32,,,0,10,,734187,32,,,0,50,,734146,32,,,0,10,,734150,32,,,0,10,,734188,32,,,0,10,,734151,32,,,0,10,,734152,32,,,0,10,,734153,32,,,0,49,,734154,32,,,0,10,,734155,32,,,0,10,,734189,32,,,0,10,,734156,32,,,0,10,,734157,32,,,0,10,,734190,32,,,0,50,,734158,32,,,0,10,,734159,32,,,0,9,,734191,32,,,0,10,,734160,32,,,0,9,,734161,32,,,0,9,,734192,32,,,0,50,,734162,32,,,0,10,,734163,32,,,0,10,,734193,32,,,0,10,,734164,32,,,0,10,,734173,32,,,0,10,,734194,32,,,0,49,,734165,32,,,0,12,,734166,32,,,0,10,,734195,32,,,0,10,,734171,32,,,0,10,,734167,32,,,0,10,,734196,32,,,0,50,,734168,32,,,0,10,,734169,32,,,0,10,,734197,32,,,0,10,,734172,32,,,0,10,,734175,32,,,0
80502,'20260626',545,,734330,32,,,0,10,,734199,32,,,0,51,,734200,32,,,0,9,,734201,32,,,0,10,,734202,32,,,0,10,,734203,32,,,0,12,,734204,32,,,0,9,,734205,32,,,0,49,,734206,32,,,0,10,,734207,32,,,0,10,,734208,32,,,0,11,,734209,32,,,0,10,,734210,32,,,0,11,,734211,32,,,0,50,,734212,32,,,0,10,,734214,32,,,0,11,,734215,32,,,0,10,,734216,32,,,0,10,,734213,32,,,0,10,,734217,32,,,0,49,,734218,32,,,0,10,,734219,32,,,0,9,,734220,32,,,0,10,,734309,32,,,0,10,,734221,32,,,0,10,,734222,32,,,0,50,,734310,32,,,0,10,,734223,32,,,0,10,,734224,32,,,0,10,,734311,32,,,0,10,,734225,32,,,0,10,,734226,32,,,0,50,,734312,32,,,0,10,,734227,32,,,0,10,,734228,32,,,0,10,,734313,32,,,0,10,,734229,32,,,0,10,,734230,32,,,0,50,,734314,32,,,0,10,,734231,32,,,0,10,,734232,32,,,0,10,,734233,32,,,0,10,,734235,32,,,0,10,,734315,32,,,0,50,,734236,32,,,0,10,,734237,32,,,0,10,,734234,32,,,0,10,,734238,32,,,0,10,,734239,32,,,0,11,,734240,32,,,0,50,,734242,32,,,0,10,,734241,32,,,0,10,,734243,32,,,0,10,,734244,32,,,0,10,,734245,32,,,0,8,,734246,32,,,0,48,,734247,32,,,0,7,,734248,32,,,0,7,,734249,32,,,0,6,,734250,32,,,0,6,,734251,32,,,0,7,,734252,32,,,0,6,,734308,32,,,0,6,,734253,32,,,0,6,,734302,32,,,0,46,,734254,32,,,0,6,,734257,32,,,0,6,,734258,32,,,0,6,,734259,32,,,0,7,,734260,32,,,0,7,,734306,32,,,0,7,,734256,32,,,0,7,,734255,32,,,0,7,,734261,32,,,0,47,,734262,32,,,0,7,,734263,32,,,0,6,,734264,32,,,0,5,,734265,32,,,0,6,,734266,32,,,0,6,,734267,32,,,0,7,,734268,32,,,0,7,,734269,32,,,0,7,,734270,32,,,0,7,,734271,32,,,0,47,,734272,32,,,0,7,,734273,32,,,0,6,,734274,32,,,0,10,,734316,32,,,0,10,,734275,32,,,0,10,,734276,32,,,0,9,,734277,32,,,0,50,,734317,32,,,0,10,,734279,32,,,0,10,,734280,32,,,0,10,,734318,32,,,0,9,,734281,32,,,0,10,,734319,32,,,0,50,,734278,32,,,0,10,,734282,32,,,0,10,,734320,32,,,0,10,,734283,32,,,0,10,,734284,32,,,0,10,,734285,32,,,0,49,,734286,32,,,0,10,,734287,32,,,0,10,,734321,32,,,0,10,,734288,32,,,0,10,,734289,32,,,0,10,,734322,32,,,0,50,,734290,32,,,0,10,,734291,32,,,0,9,,734323,32,,,0,10,,734292,32,,,0,9,,734293,32,,,0,9,,734324,32,,,0,50,,734294,32,,,0,10,,734295,32,,,0,10,,734325,32,,,0,10,,734296,32,,,0,10,,734305,32,,,0,10,,734326,32,,,0,49,,734297,32,,,0,12,,734298,32,,,0,10,,734327,32,,,0,10,,734303,32,,,0,10,,734299,32,,,0,10,,734328,32,,,0,50,,734300,32,,,0,10,,734301,32,,,0,10,,734329,32,,,0,10,,734304,32,,,0,10,,734307,32,,,0
80502,'20260627',606,,764663,32,,,0,11,,764546,32,,,0,10,,764639,32,,,0,10,,764547,32,,,0,10,,764633,32,,,0,9,,764640,32,,,0,50,,764548,32,,,0,11,,764549,32,,,0,10,,764641,32,,,0,10,,764550,32,,,0,10,,764634,32,,,0,11,,764642,32,,,0,50,,764551,32,,,0,10,,764552,32,,,0,10,,764553,32,,,0,9,,764554,32,,,0,9,,764635,32,,,0,11,,764643,32,,,0,50,,764555,32,,,0,10,,764556,32,,,0,9,,764557,32,,,0,10,,764558,32,,,0,10,,764559,32,,,0,10,,764644,32,,,0,50,,764560,32,,,0,10,,764561,32,,,0,10,,764562,32,,,0,10,,764563,32,,,0,11,,764564,32,,,0,10,,764645,32,,,0,50,,764565,32,,,0,10,,764566,32,,,0,10,,764567,32,,,0,10,,764568,32,,,0,10,,764569,32,,,0,10,,764646,32,,,0,50,,764570,32,,,0,10,,764571,32,,,0,10,,764572,32,,,0,10,,764573,32,,,0,10,,764574,32,,,0,10,,764647,32,,,0,50,,764575,32,,,0,10,,764576,32,,,0,10,,764577,32,,,0,10,,764578,32,,,0,10,,764579,32,,,0,10,,764648,32,,,0,50,,764580,32,,,0,10,,764581,32,,,0,10,,764582,32,,,0,10,,764583,32,,,0,11,,764584,32,,,0,9,,764585,32,,,0,50,,764586,32,,,0,10,,764587,32,,,0,10,,764588,32,,,0,10,,764589,32,,,0,10,,764590,32,,,0,10,,764591,32,,,0,50,,764592,32,,,0,10,,764593,32,,,0,10,,764594,32,,,0,10,,764595,32,,,0,10,,764596,32,,,0,10,,764597,32,,,0,50,,764598,32,,,0,10,,764638,32,,,0,10,,764599,32,,,0,10,,764600,32,,,0,10,,764601,32,,,0,10,,764602,32,,,0,50,,764603,32,,,0,10,,764604,32,,,0,10,,764605,32,,,0,10,,764637,32,,,0,10,,764607,32,,,0,10,,764608,32,,,0,50,,764609,32,,,0,9,,764649,32,,,0,10,,764606,32,,,0,10,,764610,32,,,0,10,,764650,32,,,0,10,,764611,32,,,0,50,,764612,32,,,0,10,,764651,32,,,0,10,,764613,32,,,0,10,,764614,32,,,0,10,,764652,32,,,0,10,,764615,32,,,0,50,,764616,32,,,0,9,,764653,32,,,0,9,,764617,32,,,0,10,,764618,32,,,0,10,,764654,32,,,0,10,,764619,32,,,0,50,,764636,32,,,0,10,,764655,32,,,0,9,,764620,32,,,0,10,,764621,32,,,0,9,,764656,32,,,0,10,,764622,32,,,0,50,,764623,32,,,0,10,,764657,32,,,0,10,,764624,32,,,0,10,,764625,32,,,0,10,,764658,32,,,0,10,,764626,32,,,0,49,,764627,32,,,0,11,,764659,32,,,0,10,,764628,32,,,0,10,,764629,32,,,0,10,,764660,32,,,0,10,,764632,32,,,0,50,,764630,32,,,0,10,,764661,32,,,0,11,,764631,32,,,0,11,,764662,32,,,0
80502,'20260628',606,,764781,32,,,0,11,,764749,32,,,0,10,,764757,32,,,0,10,,764748,32,,,0,10,,764750,32,,,0,9,,764758,32,,,0,50,,764747,32,,,0,11,,764746,32,,,0,10,,764759,32,,,0,10,,764744,32,,,0,10,,764743,32,,,0,11,,764745,32,,,0,50,,764760,32,,,0,10,,764741,32,,,0,10,,764728,32,,,0,9,,764731,32,,,0,9,,764733,32,,,0,11,,764732,32,,,0,50,,764761,32,,,0,10,,764721,32,,,0,9,,764724,32,,,0,10,,764722,32,,,0,10,,764736,32,,,0,10,,764735,32,,,0,50,,764762,32,,,0,10,,764737,32,,,0,10,,764720,32,,,0,10,,764726,32,,,0,11,,764742,32,,,0,10,,764730,32,,,0,50,,764763,32,,,0,10,,764723,32,,,0,10,,764727,32,,,0,10,,764725,32,,,0,10,,764739,32,,,0,10,,764734,32,,,0,50,,764764,32,,,0,10,,764738,32,,,0,10,,764740,32,,,0,10,,764729,32,,,0,10,,764713,32,,,0,10,,764710,32,,,0,50,,764765,32,,,0,10,,764704,32,,,0,10,,764712,32,,,0,10,,764716,32,,,0,10,,764709,32,,,0,10,,764707,32,,,0,50,,764766,32,,,0,10,,764715,32,,,0,10,,764705,32,,,0,10,,764711,32,,,0,11,,764708,32,,,0,9,,764718,32,,,0,50,,764719,32,,,0,10,,764703,32,,,0,10,,764706,32,,,0,10,,764702,32,,,0,10,,764714,32,,,0,10,,764717,32,,,0,50,,764695,32,,,0,10,,764690,32,,,0,10,,764694,32,,,0,10,,764698,32,,,0,10,,764689,32,,,0,10,,764692,32,,,0,50,,764688,32,,,0,10,,764687,32,,,0,10,,764686,32,,,0,10,,764756,32,,,0,10,,764701,32,,,0,10,,764700,32,,,0,50,,764699,32,,,0,10,,764697,32,,,0,10,,764691,32,,,0,10,,764696,32,,,0,10,,764693,32,,,0,10,,764684,32,,,0,50,,764751,32,,,0,9,,764678,32,,,0,10,,764767,32,,,0,10,,764676,32,,,0,10,,764685,32,,,0,10,,764768,32,,,0,50,,764675,32,,,0,10,,764769,32,,,0,10,,764682,32,,,0,10,,764683,32,,,0,10,,764770,32,,,0,10,,764680,32,,,0,50,,764677,32,,,0,9,,764771,32,,,0,9,,764679,32,,,0,10,,764681,32,,,0,10,,764772,32,,,0,10,,764674,32,,,0,50,,764673,32,,,0,10,,764773,32,,,0,9,,764669,32,,,0,10,,764668,32,,,0,9,,764774,32,,,0,10,,764665,32,,,0,50,,764754,32,,,0,10,,764775,32,,,0,10,,764666,32,,,0,10,,764664,32,,,0,10,,764777,32,,,0,10,,764672,32,,,0,49,,764667,32,,,0,11,,764778,32,,,0,10,,764671,32,,,0,10,,764670,32,,,0,10,,764779,32,,,0,10,,764753,32,,,0,50,,764752,32,,,0,10,,764776,32,,,0,11,,764755,32,,,0,11,,764780,32,,,0
80502,'20260629',545,,764913,32,,,0,10,,764782,32,,,0,51,,764783,32,,,0,9,,764784,32,,,0,10,,764785,32,,,0,10,,764786,32,,,0,12,,764787,32,,,0,9,,764788,32,,,0,49,,764789,32,,,0,10,,764790,32,,,0,10,,764791,32,,,0,11,,764792,32,,,0,10,,764793,32,,,0,11,,764794,32,,,0,50,,764795,32,,,0,10,,764797,32,,,0,11,,764798,32,,,0,10,,764799,32,,,0,10,,764796,32,,,0,10,,764800,32,,,0,49,,764801,32,,,0,10,,764802,32,,,0,9,,764803,32,,,0,10,,764892,32,,,0,10,,764804,32,,,0,10,,764805,32,,,0,50,,764893,32,,,0,10,,764806,32,,,0,10,,764807,32,,,0,10,,764894,32,,,0,10,,764808,32,,,0,10,,764809,32,,,0,50,,764895,32,,,0,10,,764810,32,,,0,10,,764811,32,,,0,10,,764896,32,,,0,10,,764812,32,,,0,10,,764813,32,,,0,50,,764897,32,,,0,10,,764814,32,,,0,10,,764815,32,,,0,10,,764816,32,,,0,10,,764818,32,,,0,10,,764898,32,,,0,50,,764819,32,,,0,10,,764820,32,,,0,10,,764817,32,,,0,10,,764821,32,,,0,10,,764822,32,,,0,11,,764823,32,,,0,50,,764825,32,,,0,10,,764824,32,,,0,10,,764826,32,,,0,10,,764827,32,,,0,10,,764828,32,,,0,8,,764829,32,,,0,48,,764830,32,,,0,7,,764831,32,,,0,7,,764832,32,,,0,6,,764833,32,,,0,6,,764834,32,,,0,7,,764835,32,,,0,6,,764891,32,,,0,6,,764836,32,,,0,6,,764885,32,,,0,46,,764837,32,,,0,6,,764840,32,,,0,6,,764841,32,,,0,6,,764842,32,,,0,7,,764843,32,,,0,7,,764889,32,,,0,7,,764839,32,,,0,7,,764838,32,,,0,7,,764844,32,,,0,47,,764845,32,,,0,7,,764846,32,,,0,6,,764847,32,,,0,5,,764848,32,,,0,6,,764849,32,,,0,6,,764850,32,,,0,7,,764851,32,,,0,7,,764852,32,,,0,7,,764853,32,,,0,7,,764854,32,,,0,47,,764855,32,,,0,7,,764856,32,,,0,6,,764857,32,,,0,10,,764899,32,,,0,10,,764858,32,,,0,10,,764859,32,,,0,9,,764860,32,,,0,50,,764900,32,,,0,10,,764862,32,,,0,10,,764863,32,,,0,10,,764901,32,,,0,9,,764864,32,,,0,10,,764902,32,,,0,50,,764861,32,,,0,10,,764865,32,,,0,10,,764903,32,,,0,10,,764866,32,,,0,10,,764867,32,,,0,10,,764868,32,,,0,49,,764869,32,,,0,10,,764870,32,,,0,10,,764904,32,,,0,10,,764871,32,,,0,10,,764872,32,,,0,10,,764905,32,,,0,50,,764873,32,,,0,10,,764874,32,,,0,9,,764906,32,,,0,10,,764875,32,,,0,9,,764876,32,,,0,9,,764907,32,,,0,50,,764877,32,,,0,10,,764878,32,,,0,10,,764908,32,,,0,10,,764879,32,,,0,10,,764888,32,,,0,10,,764909,32,,,0,49,,764880,32,,,0,12,,764881,32,,,0,10,,764910,32,,,0,10,,764886,32,,,0,10,,764882,32,,,0,10,,764911,32,,,0,50,,764883,32,,,0,10,,764884,32,,,0,10,,764912,32,,,0,10,,764887,32,,,0,10,,764890,32,,,0
80502,'20260630',545,,765045,32,,,0,10,,764914,32,,,0,51,,764915,32,,,0,9,,764916,32,,,0,10,,764917,32,,,0,10,,764918,32,,,0,12,,764919,32,,,0,9,,764920,32,,,0,49,,764921,32,,,0,10,,764922,32,,,0,10,,764923,32,,,0,11,,764924,32,,,0,10,,764925,32,,,0,11,,764926,32,,,0,50,,764927,32,,,0,10,,764929,32,,,0,11,,764930,32,,,0,10,,764931,32,,,0,10,,764928,32,,,0,10,,764932,32,,,0,49,,764933,32,,,0,10,,764934,32,,,0,9,,764935,32,,,0,10,,765024,32,,,0,10,,764936,32,,,0,10,,764937,32,,,0,50,,765025,32,,,0,10,,764938,32,,,0,10,,764939,32,,,0,10,,765026,32,,,0,10,,764940,32,,,0,10,,764941,32,,,0,50,,765027,32,,,0,10,,764942,32,,,0,10,,764943,32,,,0,10,,765028,32,,,0,10,,764944,32,,,0,10,,764945,32,,,0,50,,765029,32,,,0,10,,764946,32,,,0,10,,764947,32,,,0,10,,764948,32,,,0,10,,764950,32,,,0,10,,765030,32,,,0,50,,764951,32,,,0,10,,764952,32,,,0,10,,764949,32,,,0,10,,764953,32,,,0,10,,764954,32,,,0,11,,764955,32,,,0,50,,764957,32,,,0,10,,764956,32,,,0,10,,764958,32,,,0,10,,764959,32,,,0,10,,764960,32,,,0,8,,764961,32,,,0,48,,764962,32,,,0,7,,764963,32,,,0,7,,764964,32,,,0,6,,764965,32,,,0,6,,764966,32,,,0,7,,764967,32,,,0,6,,765023,32,,,0,6,,764968,32,,,0,6,,765017,32,,,0,46,,764969,32,,,0,6,,764972,32,,,0,6,,764973,32,,,0,6,,764974,32,,,0,7,,764975,32,,,0,7,,765021,32,,,0,7,,764971,32,,,0,7,,764970,32,,,0,7,,764976,32,,,0,47,,764977,32,,,0,7,,764978,32,,,0,6,,764979,32,,,0,5,,764980,32,,,0,6,,764981,32,,,0,6,,764982,32,,,0,7,,764983,32,,,0,7,,764984,32,,,0,7,,764985,32,,,0,7,,764986,32,,,0,47,,764987,32,,,0,7,,764988,32,,,0,6,,764989,32,,,0,10,,765031,32,,,0,10,,764990,32,,,0,10,,764991,32,,,0,9,,764992,32,,,0,50,,765032,32,,,0,10,,764994,32,,,0,10,,764995,32,,,0,10,,765033,32,,,0,9,,764996,32,,,0,10,,765034,32,,,0,50,,764993,32,,,0,10,,764997,32,,,0,10,,765035,32,,,0,10,,764998,32,,,0,10,,764999,32,,,0,10,,765000,32,,,0,49,,765001,32,,,0,10,,765002,32,,,0,10,,765036,32,,,0,10,,765003,32,,,0,10,,765004,32,,,0,10,,765037,32,,,0,50,,765005,32,,,0,10,,765006,32,,,0,9,,765038,32,,,0,10,,765007,32,,,0,9,,765008,32,,,0,9,,765039,32,,,0,50,,765009,32,,,0,10,,765010,32,,,0,10,,765040,32,,,0,10,,765011,32,,,0,10,,765020,32,,,0,10,,765041,32,,,0,49,,765012,32,,,0,12,,765013,32,,,0,10,,765042,32,,,0,10,,765018,32,,,0,10,,765014,32,,,0,10,,765043,32,,,0,50,,765015,32,,,0,10,,765016,32,,,0,10,,765044,32,,,0,10,,765019,32,,,0,10,,765022,32,,,0
80502,'20260701',606,,791206,32,,,0,11,,791174,32,,,0,10,,791182,32,,,0,10,,791173,32,,,0,10,,791175,32,,,0,9,,791183,32,,,0,50,,791172,32,,,0,11,,791171,32,,,0,10,,791184,32,,,0,10,,791169,32,,,0,10,,791168,32,,,0,11,,791170,32,,,0,50,,791185,32,,,0,10,,791166,32,,,0,10,,791153,32,,,0,9,,791156,32,,,0,9,,791158,32,,,0,11,,791157,32,,,0,50,,791186,32,,,0,10,,791146,32,,,0,9,,791149,32,,,0,10,,791147,32,,,0,10,,791161,32,,,0,10,,791160,32,,,0,50,,791187,32,,,0,10,,791162,32,,,0,10,,791145,32,,,0,10,,791151,32,,,0,11,,791167,32,,,0,10,,791155,32,,,0,50,,791188,32,,,0,10,,791148,32,,,0,10,,791152,32,,,0,10,,791150,32,,,0,10,,791164,32,,,0,10,,791159,32,,,0,50,,791189,32,,,0,10,,791163,32,,,0,10,,791165,32,,,0,10,,791154,32,,,0,10,,791138,32,,,0,10,,791135,32,,,0,50,,791190,32,,,0,10,,791129,32,,,0,10,,791137,32,,,0,10,,791141,32,,,0,10,,791134,32,,,0,10,,791132,32,,,0,50,,791191,32,,,0,10,,791140,32,,,0,10,,791130,32,,,0,10,,791136,32,,,0,11,,791133,32,,,0,9,,791143,32,,,0,50,,791144,32,,,0,10,,791128,32,,,0,10,,791131,32,,,0,10,,791127,32,,,0,10,,791139,32,,,0,10,,791142,32,,,0,50,,791120,32,,,0,10,,791115,32,,,0,10,,791119,32,,,0,10,,791123,32,,,0,10,,791114,32,,,0,10,,791117,32,,,0,50,,791113,32,,,0,10,,791112,32,,,0,10,,791111,32,,,0,10,,791181,32,,,0,10,,791126,32,,,0,10,,791125,32,,,0,50,,791124,32,,,0,10,,791122,32,,,0,10,,791116,32,,,0,10,,791121,32,,,0,10,,791118,32,,,0,10,,791109,32,,,0,50,,791176,32,,,0,9,,791103,32,,,0,10,,791192,32,,,0,10,,791101,32,,,0,10,,791110,32,,,0,10,,791193,32,,,0,50,,791100,32,,,0,10,,791194,32,,,0,10,,791107,32,,,0,10,,791108,32,,,0,10,,791195,32,,,0,10,,791105,32,,,0,50,,791102,32,,,0,9,,791196,32,,,0,9,,791104,32,,,0,10,,791106,32,,,0,10,,791197,32,,,0,10,,791099,32,,,0,50,,791098,32,,,0,10,,791198,32,,,0,9,,791094,32,,,0,10,,791093,32,,,0,9,,791199,32,,,0,10,,791090,32,,,0,50,,791179,32,,,0,10,,791200,32,,,0,10,,791091,32,,,0,10,,791089,32,,,0,10,,791202,32,,,0,10,,791097,32,,,0,49,,791092,32,,,0,11,,791203,32,,,0,10,,791096,32,,,0,10,,791095,32,,,0,10,,791204,32,,,0,10,,791178,32,,,0,50,,791177,32,,,0,10,,791201,32,,,0,11,,791180,32,,,0,11,,791205,32,,,0
80502,'20260702',545,,791338,32,,,0,10,,791207,32,,,0,51,,791208,32,,,0,9,,791209,32,,,0,10,,791210,32,,,0,10,,791211,32,,,0,12,,791212,32,,,0,9,,791213,32,,,0,49,,791214,32,,,0,10,,791215,32,,,0,10,,791216,32,,,0,11,,791217,32,,,0,10,,791218,32,,,0,11,,791219,32,,,0,50,,791220,32,,,0,10,,791222,32,,,0,11,,791223,32,,,0,10,,791224,32,,,0,10,,791221,32,,,0,10,,791225,32,,,0,49,,791226,32,,,0,10,,791227,32,,,0,9,,791228,32,,,0,10,,791317,32,,,0,10,,791229,32,,,0,10,,791230,32,,,0,50,,791318,32,,,0,10,,791231,32,,,0,10,,791232,32,,,0,10,,791319,32,,,0,10,,791233,32,,,0,10,,791234,32,,,0,50,,791320,32,,,0,10,,791235,32,,,0,10,,791236,32,,,0,10,,791321,32,,,0,10,,791237,32,,,0,10,,791238,32,,,0,50,,791322,32,,,0,10,,791239,32,,,0,10,,791240,32,,,0,10,,791241,32,,,0,10,,791243,32,,,0,10,,791323,32,,,0,50,,791244,32,,,0,10,,791245,32,,,0,10,,791242,32,,,0,10,,791246,32,,,0,10,,791247,32,,,0,11,,791248,32,,,0,50,,791250,32,,,0,10,,791249,32,,,0,10,,791251,32,,,0,10,,791252,32,,,0,10,,791253,32,,,0,8,,791254,32,,,0,48,,791255,32,,,0,7,,791256,32,,,0,7,,791257,32,,,0,6,,791258,32,,,0,6,,791259,32,,,0,7,,791260,32,,,0,6,,791316,32,,,0,6,,791261,32,,,0,6,,791310,32,,,0,46,,791262,32,,,0,6,,791265,32,,,0,6,,791266,32,,,0,6,,791267,32,,,0,7,,791268,32,,,0,7,,791314,32,,,0,7,,791264,32,,,0,7,,791263,32,,,0,7,,791269,32,,,0,47,,791270,32,,,0,7,,791271,32,,,0,6,,791272,32,,,0,5,,791273,32,,,0,6,,791274,32,,,0,6,,791275,32,,,0,7,,791276,32,,,0,7,,791277,32,,,0,7,,791278,32,,,0,7,,791279,32,,,0,47,,791280,32,,,0,7,,791281,32,,,0,6,,791282,32,,,0,10,,791324,32,,,0,10,,791283,32,,,0,10,,791284,32,,,0,9,,791285,32,,,0,50,,791325,32,,,0,10,,791287,32,,,0,10,,791288,32,,,0,10,,791326,32,,,0,9,,791289,32,,,0,10,,791327,32,,,0,50,,791286,32,,,0,10,,791290,32,,,0,10,,791328,32,,,0,10,,791291,32,,,0,10,,791292,32,,,0,10,,791293,32,,,0,49,,791294,32,,,0,10,,791295,32,,,0,10,,791329,32,,,0,10,,791296,32,,,0,10,,791297,32,,,0,10,,791330,32,,,0,50,,791298,32,,,0,10,,791299,32,,,0,9,,791331,32,,,0,10,,791300,32,,,0,9,,791301,32,,,0,9,,791332,32,,,0,50,,791302,32,,,0,10,,791303,32,,,0,10,,791333,32,,,0,10,,791304,32,,,0,10,,791313,32,,,0,10,,791334,32,,,0,49,,791305,32,,,0,12,,791306,32,,,0,10,,791335,32,,,0,10,,791311,32,,,0,10,,791307,32,,,0,10,,791336,32,,,0,50,,791308,32,,,0,10,,791309,32,,,0,10,,791337,32,,,0,10,,791312,32,,,0,10,,791315,32,,,0
80502,'20260703',545,,791470,32,,,0,10,,791339,32,,,0,51,,791340,32,,,0,9,,791341,32,,,0,10,,791342,32,,,0,10,,791343,32,,,0,12,,791344,32,,,0,9,,791345,32,,,0,49,,791346,32,,,0,10,,791347,32,,,0,10,,791348,32,,,0,11,,791349,32,,,0,10,,791350,32,,,0,11,,791351,32,,,0,50,,791352,32,,,0,10,,791354,32,,,0,11,,791355,32,,,0,10,,791356,32,,,0,10,,791353,32,,,0,10,,791357,32,,,0,49,,791358,32,,,0,10,,791359,32,,,0,9,,791360,32,,,0,10,,791449,32,,,0,10,,791361,32,,,0,10,,791362,32,,,0,50,,791450,32,,,0,10,,791363,32,,,0,10,,791364,32,,,0,10,,791451,32,,,0,10,,791365,32,,,0,10,,791366,32,,,0,50,,791452,32,,,0,10,,791367,32,,,0,10,,791368,32,,,0,10,,791453,32,,,0,10,,791369,32,,,0,10,,791370,32,,,0,50,,791454,32,,,0,10,,791371,32,,,0,10,,791372,32,,,0,10,,791373,32,,,0,10,,791375,32,,,0,10,,791455,32,,,0,50,,791376,32,,,0,10,,791377,32,,,0,10,,791374,32,,,0,10,,791378,32,,,0,10,,791379,32,,,0,11,,791380,32,,,0,50,,791382,32,,,0,10,,791381,32,,,0,10,,791383,32,,,0,10,,791384,32,,,0,10,,791385,32,,,0,8,,791386,32,,,0,48,,791387,32,,,0,7,,791388,32,,,0,7,,791389,32,,,0,6,,791390,32,,,0,6,,791391,32,,,0,7,,791392,32,,,0,6,,791448,32,,,0,6,,791393,32,,,0,6,,791442,32,,,0,46,,791394,32,,,0,6,,791397,32,,,0,6,,791398,32,,,0,6,,791399,32,,,0,7,,791400,32,,,0,7,,791446,32,,,0,7,,791396,32,,,0,7,,791395,32,,,0,7,,791401,32,,,0,47,,791402,32,,,0,7,,791403,32,,,0,6,,791404,32,,,0,5,,791405,32,,,0,6,,791406,32,,,0,6,,791407,32,,,0,7,,791408,32,,,0,7,,791409,32,,,0,7,,791410,32,,,0,7,,791411,32,,,0,47,,791412,32,,,0,7,,791413,32,,,0,6,,791414,32,,,0,10,,791456,32,,,0,10,,791415,32,,,0,10,,791416,32,,,0,9,,791417,32,,,0,50,,791457,32,,,0,10,,791419,32,,,0,10,,791420,32,,,0,10,,791458,32,,,0,9,,791421,32,,,0,10,,791459,32,,,0,50,,791418,32,,,0,10,,791422,32,,,0,10,,791460,32,,,0,10,,791423,32,,,0,10,,791424,32,,,0,10,,791425,32,,,0,49,,791426,32,,,0,10,,791427,32,,,0,10,,791461,32,,,0,10,,791428,32,,,0,10,,791429,32,,,0,10,,791462,32,,,0,50,,791430,32,,,0,10,,791431,32,,,0,9,,791463,32,,,0,10,,791432,32,,,0,9,,791433,32,,,0,9,,791464,32,,,0,50,,791434,32,,,0,10,,791435,32,,,0,10,,791465,32,,,0,10,,791436,32,,,0,10,,791445,32,,,0,10,,791466,32,,,0,49,,791437,32,,,0,12,,791438,32,,,0,10,,791467,32,,,0,10,,791443,32,,,0,10,,791439,32,,,0,10,,791468,32,,,0,50,,791440,32,,,0,10,,791441,32,,,0,10,,791469,32,,,0,10,,791444,32,,,0,10,,791447,32,,,0
93100,'20260619',2535,,767697,5,,,0,165,,767698,26,,,0
93100,'20260620',2535,,793793,5,,,0,165,,793794,26,,,0
93100,'20260626',2535,,737432,5,,,0,165,,737433,26,,,0
93100,'20260627',2535,,767701,5,,,0,165,,767702,26,,,0
93100,'20260703',2535,,793795,5,,,0,165,,793796,26,,,0
93600,'20260619',2535,,767706,5,,,0
93600,'20260620',2535,,793799,5,,,0
93600,'20260626',2535,,737437,5,,,0
93600,'20260627',2535,,767708,5,,,0
93600,'20260703',2535,,793800,5,,,0
97203,'20260619',2539,,767721,5,,,0
97203,'20260620',2539,,793809,5,,,0
97203,'20260626',2539,,737447,5,,,0
97203,'20260627',2539,,767723,5,,,0
97203,'20260703',2539,,793810,5,,,0
98200,'20260619',2532,,767727,5,,,0
98200,'20260620',2532,,793813,5,,,0
98200,'20260626',2532,,737451,5,,,0
98200,'20260627',2532,,767729,5,,,0
98200,'20260703',2532,,793814,5,,,0
98400,'20260619',2535,,767730,5,,,0
98400,'20260620',2535,,793815,5,,,0
98400,'20260626',2535,,737453,5,,,0
98400,'20260627',2535,,767732,5,,,0
98400,'20260703',2535,,793816,5,,,0
