3900,'20260608',712,,660385,1,,,0,100,,660386,1,,,0,30,,660387,1,,,0,72,,660388,1,,,0,100,,660389,1,,,0,100,,660390,1,,,0,100,,660391,1,,,0,100,,660392,1,,,0,100,,660393,1,,,0,99,,660394,1,,,0,29,,660395,1,,,0,66,,660396,1,,,0,34,,660397,1,,,0,70,,660398,1,,,0,31,,660399,1,,,0,71,,660400,1,,,0,101,,660401,1,,,0,100,,660402,1,,,0,100,,660403,1,,,0,101,,660404,1,,,0,101,,660405,1,,,0,101,,660406,1,,,0
3900,'20260609',712,,660407,1,,,0,100,,660408,1,,,0,30,,660409,1,,,0,72,,660410,1,,,0,100,,660411,1,,,0,100,,660412,1,,,0,100,,660413,1,,,0,100,,660414,1,,,0,100,,660415,1,,,0,99,,660416,1,,,0,29,,660417,1,,,0,66,,660418,1,,,0,34,,660419,1,,,0,70,,660420,1,,,0,31,,660421,1,,,0,71,,660422,1,,,0,101,,660423,1,,,0,100,,660424,1,,,0,100,,660425,1,,,0,101,,660426,1,,,0,101,,660427,1,,,0,101,,660428,1,,,0
3900,'20260610',712,,660429,1,,,0,100,,660430,1,,,0,30,,660431,1,,,0,72,,660432,1,,,0,100,,660433,1,,,0,100,,660434,1,,,0,100,,660435,1,,,0,100,,660436,1,,,0,100,,660437,1,,,0,99,,660438,1,,,0,29,,660439,1,,,0,66,,660440,1,,,0,34,,660441,1,,,0,70,,660442,1,,,0,31,,660443,1,,,0,71,,660444,1,,,0,101,,660445,1,,,0,100,,660446,1,,,0,100,,660447,1,,,0,101,,660448,1,,,0,101,,660449,1,,,0,101,,660450,1,,,0
3900,'20260611',712,,660451,1,,,0,100,,660452,1,,,0,30,,660453,1,,,0,72,,660454,1,,,0,100,,660455,1,,,0,100,,660456,1,,,0,100,,660457,1,,,0,100,,660458,1,,,0,100,,660459,1,,,0,99,,660460,1,,,0,29,,660461,1,,,0,66,,660462,1,,,0,34,,660463,1,,,0,70,,660464,1,,,0,31,,660465,1,,,0,71,,660466,1,,,0,101,,660467,1,,,0,100,,660468,1,,,0,100,,660469,1,,,0,101,,660470,1,,,0,101,,660471,1,,,0,101,,660472,1,,,0
3900,'20260612',712,,690678,1,,,0,100,,690679,1,,,0,30,,690680,1,,,0,72,,690681,1,,,0,100,,690682,1,,,0,100,,690683,1,,,0,100,,690684,1,,,0,100,,690685,1,,,0,100,,690686,1,,,0,99,,690687,1,,,0,29,,690688,1,,,0,66,,690689,1,,,0,34,,690690,1,,,0,70,,690691,1,,,0,31,,690692,1,,,0,71,,690693,1,,,0,101,,690694,1,,,0,100,,690695,1,,,0,100,,690696,1,,,0,101,,690697,1,,,0,101,,690698,1,,,0,101,,690699,1,,,0
3900,'20260613',716,,639003,1,,,0,100,,639006,1,,,0,100,,638992,1,,,0,99,,639007,1,,,0,100,,638993,1,,,0,100,,638994,1,,,0,100,,638995,1,,,0,100,,638996,1,,,0,100,,638997,1,,,0,100,,638998,1,,,0,100,,638999,1,,,0,100,,639000,1,,,0,100,,639004,1,,,0,101,,639001,1,,,0,100,,639005,1,,,0,100,,639002,1,,,0,201,,639008,1,,,0
3900,'20260614',716,,639021,1,,,0,100,,639023,1,,,0,100,,639022,1,,,0,99,,639024,1,,,0,100,,639018,1,,,0,100,,639009,1,,,0,100,,639010,1,,,0,100,,639011,1,,,0,100,,639012,1,,,0,100,,639013,1,,,0,100,,639014,1,,,0,100,,639015,1,,,0,100,,639019,1,,,0,101,,639016,1,,,0,100,,639020,1,,,0,100,,639017,1,,,0,201,,639025,1,,,0
3900,'20260615',712,,639045,1,,,0,100,,639026,1,,,0,30,,639047,1,,,0,72,,639027,1,,,0,100,,639028,1,,,0,100,,639029,1,,,0,100,,639030,1,,,0,100,,639031,1,,,0,100,,639032,1,,,0,99,,639033,1,,,0,29,,639034,1,,,0,66,,639035,1,,,0,34,,639036,1,,,0,70,,639037,1,,,0,31,,639038,1,,,0,71,,639039,1,,,0,101,,639040,1,,,0,100,,639041,1,,,0,100,,639042,1,,,0,101,,639046,1,,,0,101,,639043,1,,,0,101,,639044,1,,,0
3900,'20260616',712,,639067,1,,,0,100,,639048,1,,,0,30,,639069,1,,,0,72,,639049,1,,,0,100,,639050,1,,,0,100,,639051,1,,,0,100,,639052,1,,,0,100,,639053,1,,,0,100,,639054,1,,,0,99,,639055,1,,,0,29,,639056,1,,,0,66,,639057,1,,,0,34,,639058,1,,,0,70,,639059,1,,,0,31,,639060,1,,,0,71,,639061,1,,,0,101,,639062,1,,,0,100,,639063,1,,,0,100,,639064,1,,,0,101,,639068,1,,,0,101,,639065,1,,,0,101,,639066,1,,,0
3900,'20260617',712,,660492,1,,,0,100,,660473,1,,,0,30,,660494,1,,,0,72,,660474,1,,,0,100,,660475,1,,,0,100,,660476,1,,,0,100,,660477,1,,,0,100,,660478,1,,,0,100,,660479,1,,,0,99,,660480,1,,,0,29,,660481,1,,,0,66,,660482,1,,,0,34,,660483,1,,,0,70,,660484,1,,,0,31,,660485,1,,,0,71,,660486,1,,,0,101,,660487,1,,,0,100,,660488,1,,,0,100,,660489,1,,,0,101,,660493,1,,,0,101,,660490,1,,,0,101,,660491,1,,,0
3900,'20260618',712,,660514,1,,,0,100,,660495,1,,,0,30,,660516,1,,,0,72,,660496,1,,,0,100,,660497,1,,,0,100,,660498,1,,,0,100,,660499,1,,,0,100,,660500,1,,,0,100,,660501,1,,,0,99,,660502,1,,,0,29,,660503,1,,,0,66,,660504,1,,,0,34,,660505,1,,,0,70,,660506,1,,,0,31,,660507,1,,,0,71,,660508,1,,,0,101,,660509,1,,,0,100,,660510,1,,,0,100,,660511,1,,,0,101,,660515,1,,,0,101,,660512,1,,,0,101,,660513,1,,,0
3900,'20260619',712,,660536,1,,,0,100,,660517,1,,,0,30,,660538,1,,,0,72,,660518,1,,,0,100,,660519,1,,,0,100,,660520,1,,,0,100,,660521,1,,,0,100,,660522,1,,,0,100,,660523,1,,,0,99,,660524,1,,,0,29,,660525,1,,,0,66,,660526,1,,,0,34,,660527,1,,,0,70,,660528,1,,,0,31,,660529,1,,,0,71,,660530,1,,,0,101,,660531,1,,,0,100,,660532,1,,,0,100,,660533,1,,,0,101,,660537,1,,,0,101,,660534,1,,,0,101,,660535,1,,,0
3900,'20260620',716,,690711,1,,,0,100,,690714,1,,,0,100,,690700,1,,,0,99,,690715,1,,,0,100,,690701,1,,,0,100,,690702,1,,,0,100,,690703,1,,,0,100,,690704,1,,,0,100,,690705,1,,,0,100,,690706,1,,,0,100,,690707,1,,,0,100,,690708,1,,,0,100,,690712,1,,,0,101,,690709,1,,,0,100,,690713,1,,,0,100,,690710,1,,,0,201,,690716,1,,,0
3900,'20260621',716,,690729,1,,,0,100,,690731,1,,,0,100,,690730,1,,,0,99,,690732,1,,,0,100,,690726,1,,,0,100,,690717,1,,,0,100,,690718,1,,,0,100,,690719,1,,,0,100,,690720,1,,,0,100,,690721,1,,,0,100,,690722,1,,,0,100,,690723,1,,,0,100,,690727,1,,,0,101,,690724,1,,,0,100,,690728,1,,,0,100,,690725,1,,,0,201,,690733,1,,,0
3900,'20260622',712,,690752,1,,,0,100,,690734,1,,,0,102,,690735,1,,,0,100,,690736,1,,,0,100,,690737,1,,,0,100,,690738,1,,,0,100,,690739,1,,,0,100,,690740,1,,,0,99,,690741,1,,,0,29,,690742,1,,,0,66,,690743,1,,,0,34,,690744,1,,,0,70,,690745,1,,,0,102,,690746,1,,,0,101,,690747,1,,,0,100,,690748,1,,,0,100,,690749,1,,,0,101,,690753,1,,,0,101,,690750,1,,,0,101,,690751,1,,,0
3901,'20260608',648,,660571,59,4,,0,72,,660572,59,4,,0,31,,660573,59,4,,0,69,,660574,59,4,,0,30,,660575,59,4,,0,54,,660576,59,4,,0,45,,660577,59,4,,0,100,,660578,59,4,,0,101,,660579,59,4,,0,100,,660580,59,4,,0,100,,660581,59,4,,0,100,,660582,59,4,,0,102,,660583,59,4,,0,104,,660584,59,4,,0,94,,660585,59,4,,0,99,,660586,59,4,,0,99,,660587,59,4,,0,99,,660588,59,4,,0,100,,660589,59,4,,0,199,,660590,59,4,,0
3901,'20260609',648,,660591,59,4,,0,72,,660592,59,4,,0,31,,660593,59,4,,0,69,,660594,59,4,,0,30,,660595,59,4,,0,54,,660596,59,4,,0,45,,660597,59,4,,0,100,,660598,59,4,,0,101,,660599,59,4,,0,100,,660600,59,4,,0,100,,660601,59,4,,0,100,,660602,59,4,,0,102,,660603,59,4,,0,104,,660604,59,4,,0,94,,660605,59,4,,0,99,,660606,59,4,,0,99,,660607,59,4,,0,99,,660608,59,4,,0,100,,660609,59,4,,0,199,,660610,59,4,,0
3901,'20260610',648,,660611,59,4,,0,72,,660612,59,4,,0,31,,660613,59,4,,0,69,,660614,59,4,,0,30,,660615,59,4,,0,54,,660616,59,4,,0,45,,660617,59,4,,0,100,,660618,59,4,,0,101,,660619,59,4,,0,100,,660620,59,4,,0,100,,660621,59,4,,0,100,,660622,59,4,,0,102,,660623,59,4,,0,104,,660624,59,4,,0,94,,660625,59,4,,0,99,,660626,59,4,,0,99,,660627,59,4,,0,99,,660628,59,4,,0,100,,660629,59,4,,0,199,,660630,59,4,,0
3901,'20260611',648,,660631,59,4,,0,72,,660632,59,4,,0,31,,660633,59,4,,0,69,,660634,59,4,,0,30,,660635,59,4,,0,54,,660636,59,4,,0,45,,660637,59,4,,0,100,,660638,59,4,,0,101,,660639,59,4,,0,100,,660640,59,4,,0,100,,660641,59,4,,0,100,,660642,59,4,,0,102,,660643,59,4,,0,104,,660644,59,4,,0,94,,660645,59,4,,0,99,,660646,59,4,,0,99,,660647,59,4,,0,99,,660648,59,4,,0,100,,660649,59,4,,0,199,,660650,59,4,,0
3901,'20260612',648,,690754,59,4,,0,72,,690755,59,4,,0,31,,690756,59,4,,0,69,,690757,59,4,,0,30,,690758,59,4,,0,54,,690759,59,4,,0,45,,690760,59,4,,0,100,,690761,59,4,,0,101,,690762,59,4,,0,100,,690763,59,4,,0,100,,690764,59,4,,0,100,,690765,59,4,,0,102,,690766,59,4,,0,104,,690767,59,4,,0,94,,690768,59,4,,0,99,,690769,59,4,,0,99,,690770,59,4,,0,99,,690771,59,4,,0,100,,690772,59,4,,0,199,,690773,59,4,,0
3901,'20260613',748,,639090,59,4,,0,100,,639091,59,4,,0,101,,639092,59,4,,0,100,,639093,59,4,,0,100,,639094,59,4,,0,100,,639095,59,4,,0,100,,639096,59,4,,0,100,,639097,59,4,,0,100,,639098,59,4,,0,100,,639099,59,4,,0,100,,639100,59,4,,0,99,,639101,59,4,,0,100,,639102,59,4,,0,100,,639105,59,4,,0,100,,639103,59,4,,0,200,,639104,59,4,,0
3901,'20260614',748,,639120,59,4,,0,100,,639106,59,4,,0,101,,639121,59,4,,0,100,,639107,59,4,,0,100,,639108,59,4,,0,100,,639109,59,4,,0,100,,639110,59,4,,0,100,,639111,59,4,,0,100,,639112,59,4,,0,100,,639113,59,4,,0,100,,639114,59,4,,0,99,,639115,59,4,,0,100,,639116,59,4,,0,100,,639119,59,4,,0,100,,639117,59,4,,0,200,,639118,59,4,,0
3901,'20260615',648,,639122,59,4,,0,72,,639123,59,4,,0,31,,639124,59,4,,0,69,,639125,59,4,,0,30,,639126,59,4,,0,54,,639141,59,4,,0,45,,639127,59,4,,0,100,,639128,59,4,,0,101,,639129,59,4,,0,100,,639130,59,4,,0,100,,639131,59,4,,0,100,,639132,59,4,,0,102,,639133,59,4,,0,104,,639140,59,4,,0,94,,639134,59,4,,0,99,,639135,59,4,,0,99,,639136,59,4,,0,99,,639137,59,4,,0,100,,639138,59,4,,0,199,,639139,59,4,,0
3901,'20260616',648,,639142,59,4,,0,72,,639143,59,4,,0,31,,639144,59,4,,0,69,,639145,59,4,,0,30,,639146,59,4,,0,54,,639161,59,4,,0,45,,639147,59,4,,0,100,,639148,59,4,,0,101,,639149,59,4,,0,100,,639150,59,4,,0,100,,639151,59,4,,0,100,,639152,59,4,,0,102,,639153,59,4,,0,104,,639160,59,4,,0,94,,639154,59,4,,0,99,,639155,59,4,,0,99,,639156,59,4,,0,99,,639157,59,4,,0,100,,639158,59,4,,0,199,,639159,59,4,,0
3901,'20260617',648,,660651,59,4,,0,72,,660652,59,4,,0,31,,660653,59,4,,0,69,,660654,59,4,,0,30,,660655,59,4,,0,54,,660670,59,4,,0,45,,660656,59,4,,0,100,,660657,59,4,,0,101,,660658,59,4,,0,100,,660659,59,4,,0,100,,660660,59,4,,0,100,,660661,59,4,,0,102,,660662,59,4,,0,104,,660669,59,4,,0,94,,660663,59,4,,0,99,,660664,59,4,,0,99,,660665,59,4,,0,99,,660666,59,4,,0,100,,660667,59,4,,0,199,,660668,59,4,,0
3901,'20260618',648,,660671,59,4,,0,72,,660672,59,4,,0,31,,660673,59,4,,0,69,,660674,59,4,,0,30,,660675,59,4,,0,54,,660690,59,4,,0,45,,660676,59,4,,0,100,,660677,59,4,,0,101,,660678,59,4,,0,100,,660679,59,4,,0,100,,660680,59,4,,0,100,,660681,59,4,,0,102,,660682,59,4,,0,104,,660689,59,4,,0,94,,660683,59,4,,0,99,,660684,59,4,,0,99,,660685,59,4,,0,99,,660686,59,4,,0,100,,660687,59,4,,0,199,,660688,59,4,,0
3901,'20260619',648,,660691,59,4,,0,72,,660692,59,4,,0,31,,660693,59,4,,0,69,,660694,59,4,,0,30,,660695,59,4,,0,54,,660710,59,4,,0,45,,660696,59,4,,0,100,,660697,59,4,,0,101,,660698,59,4,,0,100,,660699,59,4,,0,100,,660700,59,4,,0,100,,660701,59,4,,0,102,,660702,59,4,,0,104,,660709,59,4,,0,94,,660703,59,4,,0,99,,660704,59,4,,0,99,,660705,59,4,,0,99,,660706,59,4,,0,100,,660707,59,4,,0,199,,660708,59,4,,0
3901,'20260620',748,,690774,59,4,,0,100,,690775,59,4,,0,101,,690776,59,4,,0,100,,690777,59,4,,0,100,,690778,59,4,,0,100,,690779,59,4,,0,100,,690780,59,4,,0,100,,690781,59,4,,0,100,,690782,59,4,,0,100,,690783,59,4,,0,100,,690784,59,4,,0,99,,690785,59,4,,0,100,,690786,59,4,,0,100,,690789,59,4,,0,100,,690787,59,4,,0,200,,690788,59,4,,0
3901,'20260621',748,,690804,59,4,,0,100,,690790,59,4,,0,101,,690805,59,4,,0,100,,690791,59,4,,0,100,,690792,59,4,,0,100,,690793,59,4,,0,100,,690794,59,4,,0,100,,690795,59,4,,0,100,,690796,59,4,,0,100,,690797,59,4,,0,100,,690798,59,4,,0,99,,690799,59,4,,0,100,,690800,59,4,,0,100,,690803,59,4,,0,100,,690801,59,4,,0,200,,690802,59,4,,0
3901,'20260622',648,,690806,59,4,,0,103,,690807,59,4,,0,69,,690808,59,4,,0,30,,690809,59,4,,0,99,,690810,59,4,,0,100,,690811,59,4,,0,101,,690812,59,4,,0,100,,690813,59,4,,0,100,,690814,59,4,,0,100,,690815,59,4,,0,102,,690816,59,4,,0,104,,690823,59,4,,0,94,,690817,59,4,,0,99,,690818,59,4,,0,99,,690819,59,4,,0,99,,690820,59,4,,0,100,,690821,59,4,,0,199,,690822,59,4,,0
33000,'20260608',1235,,673583,9,4,,0,305,,673584,9,4,,0,99,,673585,9,4,,0,101,,673586,9,4,,0,95,,673587,9,4,,0,9,,673588,9,4,,0
33000,'20260609',1235,,673589,9,4,,0,305,,673590,9,4,,0,99,,673591,9,4,,0,101,,673592,9,4,,0,95,,673593,9,4,,0,9,,673594,9,4,,0
33000,'20260610',1235,,673595,9,4,,0,305,,673596,9,4,,0,99,,673597,9,4,,0,101,,673598,9,4,,0,95,,673599,9,4,,0,9,,673600,9,4,,0
33000,'20260611',1235,,673601,9,4,,0,305,,673602,9,4,,0,99,,673603,9,4,,0,101,,673604,9,4,,0,95,,673605,9,4,,0,9,,673606,9,4,,0
33000,'20260612',1235,,695853,9,4,,0,305,,695854,9,4,,0,99,,695855,9,4,,0,101,,695856,9,4,,0,95,,695857,9,4,,0,9,,695858,9,4,,0
33000,'20260615',1235,,645791,9,4,,0,305,,645792,9,4,,0,99,,645788,9,4,,0,101,,645789,9,4,,0,95,,645790,9,4,,0,9,,645793,9,4,,0
33000,'20260616',1235,,645797,9,4,,0,305,,645798,9,4,,0,99,,645794,9,4,,0,101,,645795,9,4,,0,95,,645796,9,4,,0,9,,645799,9,4,,0
33000,'20260617',1235,,673610,9,4,,0,305,,673611,9,4,,0,99,,673607,9,4,,0,101,,673608,9,4,,0,95,,673609,9,4,,0,9,,673612,9,4,,0
33000,'20260618',1235,,673616,9,4,,0,305,,673617,9,4,,0,99,,673613,9,4,,0,101,,673614,9,4,,0,95,,673615,9,4,,0,9,,673618,9,4,,0
33000,'20260619',1235,,673622,9,4,,0,305,,673623,9,4,,0,99,,673619,9,4,,0,101,,673620,9,4,,0,95,,673621,9,4,,0,9,,673624,9,4,,0
33001,'20260608',627,,673625,30,,,0,17,,673626,30,,,0,12,,673627,30,,,0,53,,673628,30,,,0,12,,673629,30,,,0,13,,673630,30,,,0,25,,673631,30,,,0,72,,673632,30,,,0,18,,673633,30,,,0,60,,673634,30,,,0,100,,673635,30,,,0,93,,673636,30,,,0,100,,673637,30,,,0
33001,'20260609',627,,673638,30,,,0,17,,673639,30,,,0,12,,673640,30,,,0,53,,673641,30,,,0,12,,673642,30,,,0,13,,673643,30,,,0,25,,673644,30,,,0,72,,673645,30,,,0,18,,673646,30,,,0,60,,673647,30,,,0,100,,673648,30,,,0,93,,673649,30,,,0,100,,673650,30,,,0
33001,'20260610',627,,673651,30,,,0,17,,673652,30,,,0,12,,673653,30,,,0,53,,673654,30,,,0,12,,673655,30,,,0,13,,673656,30,,,0,25,,673657,30,,,0,72,,673658,30,,,0,18,,673659,30,,,0,60,,673660,30,,,0,100,,673661,30,,,0,93,,673662,30,,,0,100,,673663,30,,,0
33001,'20260611',627,,673664,30,,,0,17,,673665,30,,,0,12,,673666,30,,,0,53,,673667,30,,,0,12,,673668,30,,,0,13,,673669,30,,,0,25,,673670,30,,,0,72,,673671,30,,,0,18,,673672,30,,,0,60,,673673,30,,,0,100,,673674,30,,,0,93,,673675,30,,,0,100,,673676,30,,,0
33001,'20260612',627,,695859,30,,,0,17,,695860,30,,,0,12,,695861,30,,,0,53,,695862,30,,,0,12,,695863,30,,,0,13,,695864,30,,,0,25,,695865,30,,,0,72,,695866,30,,,0,18,,695867,30,,,0,60,,695868,30,,,0,100,,695869,30,,,0,93,,695870,30,,,0,100,,695871,30,,,0
33001,'20260615',627,,645817,30,,,0,17,,645813,30,,,0,12,,645814,30,,,0,53,,645825,30,,,0,12,,645818,30,,,0,13,,645819,30,,,0,25,,645820,30,,,0,72,,645821,30,,,0,18,,645815,30,,,0,60,,645822,30,,,0,100,,645823,30,,,0,93,,645816,30,,,0,100,,645824,30,,,0
33001,'20260616',627,,645830,30,,,0,17,,645826,30,,,0,12,,645827,30,,,0,53,,645838,30,,,0,12,,645831,30,,,0,13,,645832,30,,,0,25,,645833,30,,,0,72,,645834,30,,,0,18,,645828,30,,,0,60,,645835,30,,,0,100,,645836,30,,,0,93,,645829,30,,,0,100,,645837,30,,,0
33001,'20260617',627,,673681,30,,,0,17,,673677,30,,,0,12,,673678,30,,,0,53,,673689,30,,,0,12,,673682,30,,,0,13,,673683,30,,,0,25,,673684,30,,,0,72,,673685,30,,,0,18,,673679,30,,,0,60,,673686,30,,,0,100,,673687,30,,,0,93,,673680,30,,,0,100,,673688,30,,,0
33001,'20260618',627,,673694,30,,,0,17,,673690,30,,,0,12,,673691,30,,,0,53,,673702,30,,,0,12,,673695,30,,,0,13,,673696,30,,,0,25,,673697,30,,,0,72,,673698,30,,,0,18,,673692,30,,,0,60,,673699,30,,,0,100,,673700,30,,,0,93,,673693,30,,,0,100,,673701,30,,,0
33001,'20260619',627,,673707,30,,,0,17,,673703,30,,,0,12,,673704,30,,,0,53,,673715,30,,,0,12,,673708,30,,,0,13,,673709,30,,,0,25,,673710,30,,,0,72,,673711,30,,,0,18,,673705,30,,,0,60,,673712,30,,,0,100,,673713,30,,,0,93,,673706,30,,,0,100,,673714,30,,,0
53000,'20260608',1235,,674560,7,4,,0,201,,674561,7,4,,0,96,,674562,7,4,,0,7,,674563,7,4,,0,64,,674564,7,4,,0,38,,674565,7,4,,0,69,,674566,7,4,,0,28,,674567,7,4,,0,112,,674568,7,4,,0
53000,'20260609',1235,,674569,7,4,,0,201,,674570,7,4,,0,96,,674571,7,4,,0,7,,674572,7,4,,0,64,,674573,7,4,,0,38,,674574,7,4,,0,69,,674575,7,4,,0,28,,674576,7,4,,0,112,,674577,7,4,,0
53000,'20260610',1235,,674578,7,4,,0,201,,674579,7,4,,0,96,,674580,7,4,,0,7,,674581,7,4,,0,64,,674582,7,4,,0,38,,674583,7,4,,0,69,,674584,7,4,,0,28,,674585,7,4,,0,112,,674586,7,4,,0
53000,'20260611',1235,,674587,7,4,,0,201,,674588,7,4,,0,96,,674589,7,4,,0,7,,674590,7,4,,0,64,,674591,7,4,,0,38,,674592,7,4,,0,69,,674593,7,4,,0,28,,674594,7,4,,0,112,,674595,7,4,,0
53000,'20260612',1235,,696056,7,4,,0,201,,696057,7,4,,0,96,,696058,7,4,,0,7,,696059,7,4,,0,64,,696060,7,4,,0,38,,696061,7,4,,0,69,,696062,7,4,,0,28,,696063,7,4,,0,112,,696064,7,4,,0
53000,'20260615',1235,,646182,7,4,,0,201,,646183,7,4,,0,96,,646185,7,4,,0,7,,646184,7,4,,0,64,,646181,7,4,,0,38,,646178,7,4,,0,69,,646179,7,4,,0,28,,646180,7,4,,0,112,,646186,7,4,,0
53000,'20260616',1235,,646191,7,4,,0,201,,646192,7,4,,0,96,,646194,7,4,,0,7,,646193,7,4,,0,64,,646190,7,4,,0,38,,646187,7,4,,0,69,,646188,7,4,,0,28,,646189,7,4,,0,112,,646195,7,4,,0
53000,'20260617',1235,,674600,7,4,,0,201,,674601,7,4,,0,96,,674603,7,4,,0,7,,674602,7,4,,0,64,,674599,7,4,,0,38,,674596,7,4,,0,69,,674597,7,4,,0,28,,674598,7,4,,0,112,,674604,7,4,,0
53000,'20260618',1235,,674609,7,4,,0,201,,674610,7,4,,0,96,,674612,7,4,,0,7,,674611,7,4,,0,64,,674608,7,4,,0,38,,674605,7,4,,0,69,,674606,7,4,,0,28,,674607,7,4,,0,112,,674613,7,4,,0
53000,'20260619',1235,,674618,7,4,,0,201,,674619,7,4,,0,96,,674621,7,4,,0,7,,674620,7,4,,0,64,,674617,7,4,,0,38,,674614,7,4,,0,69,,674615,7,4,,0,28,,674616,7,4,,0,112,,674622,7,4,,0
53000,'20260622',1603,,696068,7,4,,0,47,,696065,7,4,,0,68,,696066,7,4,,0,28,,696067,7,4,,0
53001,'20260608',651,,674623,30,,,0,65,,674624,30,,,0,13,,674625,30,,,0,15,,674626,30,,,0,63,,674627,30,,,0,106,,674628,30,,,0,195,,674629,30,,,0
53001,'20260609',651,,674630,30,,,0,65,,674631,30,,,0,13,,674632,30,,,0,15,,674633,30,,,0,63,,674634,30,,,0,106,,674635,30,,,0,195,,674636,30,,,0
53001,'20260610',651,,674637,30,,,0,65,,674638,30,,,0,13,,674639,30,,,0,15,,674640,30,,,0,63,,674641,30,,,0,106,,674642,30,,,0,195,,674643,30,,,0
53001,'20260611',651,,674644,30,,,0,65,,674645,30,,,0,13,,674646,30,,,0,15,,674647,30,,,0,63,,674648,30,,,0,106,,674649,30,,,0,195,,674650,30,,,0
53001,'20260612',651,,696069,30,,,0,65,,696070,30,,,0,13,,696071,30,,,0,15,,696072,30,,,0,63,,696073,30,,,0,106,,696074,30,,,0,195,,696075,30,,,0
53001,'20260615',651,,646203,30,,,0,65,,646204,30,,,0,13,,646207,30,,,0,15,,646205,30,,,0,63,,646206,30,,,0,106,,646208,30,,,0,195,,646209,30,,,0
53001,'20260616',651,,646210,30,,,0,65,,646211,30,,,0,13,,646214,30,,,0,15,,646212,30,,,0,63,,646213,30,,,0,106,,646215,30,,,0,195,,646216,30,,,0
53001,'20260617',651,,674651,30,,,0,65,,674652,30,,,0,13,,674655,30,,,0,15,,674653,30,,,0,63,,674654,30,,,0,106,,674656,30,,,0,195,,674657,30,,,0
53001,'20260618',651,,674658,30,,,0,65,,674659,30,,,0,13,,674662,30,,,0,15,,674660,30,,,0,63,,674661,30,,,0,106,,674663,30,,,0,195,,674664,30,,,0
53001,'20260619',651,,674665,30,,,0,65,,674666,30,,,0,13,,674669,30,,,0,15,,674667,30,,,0,63,,674668,30,,,0,106,,674670,30,,,0,195,,674671,30,,,0
53001,'20260622',637,,696076,30,,,0,68,,696077,30,,,0,27,,696079,30,,,0,75,,696078,30,,,0
65000,'20260608',1630,,675372,8,,,0,28,,675373,8,,,0,68,,675374,8,,,0
65000,'20260609',1630,,675375,8,,,0,28,,675376,8,,,0,68,,675377,8,,,0
65000,'20260610',1630,,675378,8,,,0,28,,675379,8,,,0,68,,675380,8,,,0
65000,'20260611',1630,,675381,8,,,0,28,,675382,8,,,0,68,,675383,8,,,0
65000,'20260612',1630,,696262,8,,,0,28,,696263,8,,,0,68,,696264,8,,,0
65000,'20260615',1630,,646520,8,,,0,28,,646521,8,,,0,68,,646522,8,,,0
65000,'20260616',1630,,646523,8,,,0,28,,646524,8,,,0,68,,646525,8,,,0
65000,'20260617',1630,,675384,8,,,0,28,,675385,8,,,0,68,,675386,8,,,0
65000,'20260618',1630,,675387,8,,,0,28,,675388,8,,,0,68,,675389,8,,,0
65000,'20260619',1630,,675390,8,,,0,28,,675391,8,,,0,68,,675392,8,,,0
65000,'20260622',1628,,696265,8,,,0,72,,696266,8,,,0,27,,696267,8,,,0
65001,'20260608',703,,675393,3,,,0,35,,675394,3,,,0,70,,675395,3,,,0
65001,'20260609',703,,675396,3,,,0,35,,675397,3,,,0,70,,675398,3,,,0
65001,'20260610',703,,675399,3,,,0,35,,675400,3,,,0,70,,675401,3,,,0
65001,'20260611',703,,675402,3,,,0,35,,675403,3,,,0,70,,675404,3,,,0
65001,'20260612',703,,696268,3,,,0,35,,696269,3,,,0,70,,696270,3,,,0
65001,'20260615',703,,646529,3,,,0,35,,646530,3,,,0,70,,646531,3,,,0
65001,'20260616',703,,646532,3,,,0,35,,646533,3,,,0,70,,646534,3,,,0
65001,'20260617',703,,675405,3,,,0,35,,675406,3,,,0,70,,675407,3,,,0
65001,'20260618',703,,675408,3,,,0,35,,675409,3,,,0,70,,675410,3,,,0
65001,'20260619',703,,675411,3,,,0,35,,675412,3,,,0,70,,675413,3,,,0
65001,'20260622',708,,696271,3,,,0,25,,696272,3,,,0,70,,696273,3,,,0
