5200,'20260331',629,,153875,3,,,0,30,,153876,3,,,0,72,,153877,3,,,0,74,,153878,3,,,0,28,,153879,3,,,0,68,,153880,3,,,0,29,,153881,3,,,0,100,,153882,3,,,0,100,,153883,3,,,0,100,,153884,3,,,0,100,,153885,3,,,0,100,,153886,3,,,0,70,,153887,3,,,0,31,,153888,3,,,0,26,,153889,3,,,0,76,,153890,3,,,0,73,,153891,3,,,0,26,,153892,3,,,0,98,,153893,3,,,0,99,,153894,3,,,0,99,,153895,3,,,0,100,,153896,3,,,0,100,,153897,3,,,0,100,,153898,3,,,0
5200,'20260401',629,,153899,3,,,0,30,,153900,3,,,0,72,,153901,3,,,0,74,,153902,3,,,0,28,,153903,3,,,0,68,,153904,3,,,0,29,,153905,3,,,0,100,,153906,3,,,0,100,,153907,3,,,0,100,,153908,3,,,0,100,,153909,3,,,0,100,,153910,3,,,0,70,,153911,3,,,0,31,,153912,3,,,0,26,,153913,3,,,0,76,,153914,3,,,0,73,,153915,3,,,0,26,,153916,3,,,0,98,,153917,3,,,0,99,,153918,3,,,0,99,,153919,3,,,0,100,,153920,3,,,0,100,,153921,3,,,0,100,,153922,3,,,0
5200,'20260402',629,,153923,3,,,0,30,,153924,3,,,0,72,,153925,3,,,0,74,,153926,3,,,0,28,,153927,3,,,0,68,,153928,3,,,0,29,,153929,3,,,0,100,,153930,3,,,0,100,,153931,3,,,0,100,,153932,3,,,0,100,,153933,3,,,0,100,,153934,3,,,0,70,,153935,3,,,0,31,,153936,3,,,0,26,,153937,3,,,0,76,,153938,3,,,0,73,,153939,3,,,0,26,,153940,3,,,0,98,,153941,3,,,0,99,,153942,3,,,0,99,,153943,3,,,0,100,,153944,3,,,0,100,,153945,3,,,0,100,,153946,3,,,0
5200,'20260403',727,,153947,3,,,0,100,,153948,3,,,0,100,,153949,3,,,0,100,,153950,3,,,0,101,,153951,3,,,0,101,,153952,3,,,0,105,,153953,3,,,0,95,,153954,3,,,0,96,,153955,3,,,0,104,,153956,3,,,0,100,,153957,3,,,0,99,,153958,3,,,0,99,,153959,3,,,0,100,,153960,3,,,0,100,,153961,3,,,0,100,,153962,3,,,0,100,,153963,3,,,0
5200,'20260404',727,,112736,3,,,0,100,,112737,3,,,0,100,,112738,3,,,0,100,,112739,3,,,0,101,,112740,3,,,0,101,,112741,3,,,0,105,,112742,3,,,0,95,,112743,3,,,0,96,,112744,3,,,0,104,,112745,3,,,0,100,,112746,3,,,0,99,,112750,3,,,0,99,,112747,3,,,0,100,,112751,3,,,0,100,,112748,3,,,0,100,,112752,3,,,0,100,,112749,3,,,0
5200,'20260405',727,,112764,3,,,0,100,,112765,3,,,0,100,,112763,3,,,0,100,,112753,3,,,0,101,,112754,3,,,0,101,,112755,3,,,0,105,,112756,3,,,0,95,,112757,3,,,0,96,,112758,3,,,0,104,,112759,3,,,0,100,,112766,3,,,0,99,,112760,3,,,0,99,,112767,3,,,0,100,,112761,3,,,0,100,,112768,3,,,0,100,,112762,3,,,0,100,,112769,3,,,0
5200,'20260406',727,,112781,3,,,0,100,,112782,3,,,0,100,,112780,3,,,0,100,,112770,3,,,0,101,,112771,3,,,0,101,,112772,3,,,0,105,,112773,3,,,0,95,,112774,3,,,0,96,,112775,3,,,0,104,,112776,3,,,0,100,,112783,3,,,0,99,,112777,3,,,0,99,,112784,3,,,0,100,,112778,3,,,0,100,,112785,3,,,0,100,,112779,3,,,0,100,,112786,3,,,0
5200,'20260407',629,,153964,3,,,0,30,,153965,3,,,0,72,,153966,3,,,0,74,,153967,3,,,0,28,,153968,3,,,0,68,,153986,3,,,0,29,,153969,3,,,0,100,,153970,3,,,0,100,,153971,3,,,0,100,,153972,3,,,0,100,,153973,3,,,0,100,,153974,3,,,0,70,,153987,3,,,0,31,,153975,3,,,0,26,,153985,3,,,0,76,,153976,3,,,0,73,,153977,3,,,0,26,,153978,3,,,0,98,,153979,3,,,0,99,,153980,3,,,0,99,,153981,3,,,0,100,,153982,3,,,0,100,,153983,3,,,0,100,,153984,3,,,0
5200,'20260408',629,,153988,3,,,0,30,,153989,3,,,0,72,,153990,3,,,0,74,,153991,3,,,0,28,,153992,3,,,0,68,,154010,3,,,0,29,,153993,3,,,0,100,,153994,3,,,0,100,,153995,3,,,0,100,,153996,3,,,0,100,,153997,3,,,0,100,,153998,3,,,0,70,,154011,3,,,0,31,,153999,3,,,0,26,,154009,3,,,0,76,,154000,3,,,0,73,,154001,3,,,0,26,,154002,3,,,0,98,,154003,3,,,0,99,,154004,3,,,0,99,,154005,3,,,0,100,,154006,3,,,0,100,,154007,3,,,0,100,,154008,3,,,0
5200,'20260409',629,,154012,3,,,0,30,,154013,3,,,0,72,,154014,3,,,0,74,,154015,3,,,0,28,,154016,3,,,0,68,,154034,3,,,0,29,,154017,3,,,0,100,,154018,3,,,0,100,,154019,3,,,0,100,,154020,3,,,0,100,,154021,3,,,0,100,,154022,3,,,0,70,,154035,3,,,0,31,,154023,3,,,0,26,,154033,3,,,0,76,,154024,3,,,0,73,,154025,3,,,0,26,,154026,3,,,0,98,,154027,3,,,0,99,,154028,3,,,0,99,,154029,3,,,0,100,,154030,3,,,0,100,,154031,3,,,0,100,,154032,3,,,0
5200,'20260410',629,,154036,3,,,0,30,,154037,3,,,0,72,,154038,3,,,0,74,,154039,3,,,0,28,,154040,3,,,0,68,,154058,3,,,0,29,,154041,3,,,0,100,,154042,3,,,0,100,,154043,3,,,0,100,,154044,3,,,0,100,,154045,3,,,0,100,,154046,3,,,0,70,,154059,3,,,0,31,,154047,3,,,0,26,,154057,3,,,0,76,,154048,3,,,0,73,,154049,3,,,0,26,,154050,3,,,0,98,,154051,3,,,0,99,,154052,3,,,0,99,,154053,3,,,0,100,,154054,3,,,0,100,,154055,3,,,0,100,,154056,3,,,0
5200,'20260411',727,,154060,3,,,0,100,,154061,3,,,0,100,,154062,3,,,0,100,,154063,3,,,0,101,,154064,3,,,0,101,,154065,3,,,0,105,,154066,3,,,0,95,,154067,3,,,0,96,,154068,3,,,0,104,,154069,3,,,0,100,,154070,3,,,0,99,,154074,3,,,0,99,,154071,3,,,0,100,,154075,3,,,0,100,,154072,3,,,0,100,,154076,3,,,0,100,,154073,3,,,0
5200,'20260412',727,,154088,3,,,0,100,,154089,3,,,0,100,,154087,3,,,0,100,,154077,3,,,0,101,,154078,3,,,0,101,,154079,3,,,0,105,,154080,3,,,0,95,,154081,3,,,0,96,,154082,3,,,0,104,,154083,3,,,0,100,,154090,3,,,0,99,,154084,3,,,0,99,,154091,3,,,0,100,,154085,3,,,0,100,,154092,3,,,0,100,,154086,3,,,0,100,,154093,3,,,0
5200,'20260413',629,,154094,3,,,0,30,,154095,3,,,0,72,,154096,3,,,0,74,,154097,3,,,0,28,,154098,3,,,0,68,,154116,3,,,0,29,,154099,3,,,0,100,,154100,3,,,0,100,,154101,3,,,0,100,,154102,3,,,0,100,,154103,3,,,0,100,,154104,3,,,0,70,,154117,3,,,0,31,,154105,3,,,0,26,,154115,3,,,0,76,,154106,3,,,0,73,,154107,3,,,0,26,,154108,3,,,0,98,,154109,3,,,0,99,,154110,3,,,0,99,,154111,3,,,0,100,,154112,3,,,0,100,,154113,3,,,0,100,,154114,3,,,0
5200,'20260414',629,,154118,3,,,0,30,,154119,3,,,0,72,,154120,3,,,0,74,,154121,3,,,0,28,,154122,3,,,0,68,,154140,3,,,0,29,,154123,3,,,0,100,,154124,3,,,0,100,,154125,3,,,0,100,,154126,3,,,0,100,,154127,3,,,0,100,,154128,3,,,0,70,,154141,3,,,0,31,,154129,3,,,0,26,,154139,3,,,0,76,,154130,3,,,0,73,,154131,3,,,0,26,,154132,3,,,0,98,,154133,3,,,0,99,,154134,3,,,0,99,,154135,3,,,0,100,,154136,3,,,0,100,,154137,3,,,0,100,,154138,3,,,0
