3600,'20260709',752,,869146,64,,,0,70,,869147,64,,,0,30,,869148,64,,,0,98,,869149,64,,,0,100,,869150,64,,,0,101,,869151,64,,,0,100,,869152,64,,,0,100,,869153,64,,,0,100,,869154,64,,,0,102,,869155,64,,,0,70,,869156,64,,,0,30,,869157,64,,,0,70,,869158,64,,,0,28,,869159,64,,,0,69,,869160,64,,,0,29,,869161,64,,,0,100,,869162,64,,,0,100,,869163,64,,,0,98,,869164,64,,,0,99,,869165,64,,,0,100,,869166,64,,,0,100,,869167,64,,,0
3600,'20260710',752,,902907,64,,,0,70,,902908,64,,,0,30,,902909,64,,,0,98,,902910,64,,,0,100,,902911,64,,,0,101,,902912,64,,,0,100,,902913,64,,,0,100,,902914,64,,,0,100,,902915,64,,,0,102,,902916,64,,,0,70,,902917,64,,,0,30,,902918,64,,,0,70,,902919,64,,,0,28,,902920,64,,,0,69,,902921,64,,,0,29,,902922,64,,,0,100,,902923,64,,,0,100,,902924,64,,,0,98,,902925,64,,,0,99,,902926,64,,,0,100,,902927,64,,,0,100,,902928,64,,,0
3600,'20260711',747,,920726,64,,,0,101,,920727,64,,,0,100,,920728,64,,,0,101,,920729,64,,,0,100,,920730,64,,,0,100,,920731,64,,,0,100,,920732,64,,,0,100,,920733,64,,,0,100,,920734,64,,,0,100,,920735,64,,,0,100,,920736,64,,,0,99,,920737,64,,,0,100,,920738,64,,,0,100,,920739,64,,,0,99,,920740,64,,,0,100,,920741,64,,,0,100,,920742,64,,,0,100,,920743,64,,,0
3600,'20260712',747,,920744,64,,,0,101,,920745,64,,,0,100,,920746,64,,,0,101,,920747,64,,,0,100,,920748,64,,,0,100,,920749,64,,,0,100,,920750,64,,,0,100,,920751,64,,,0,100,,920752,64,,,0,100,,920753,64,,,0,100,,920754,64,,,0,99,,920755,64,,,0,100,,920756,64,,,0,100,,920757,64,,,0,99,,920758,64,,,0,100,,920759,64,,,0,100,,920760,64,,,0,100,,920761,64,,,0
3600,'20260713',752,,920762,64,,,0,70,,920763,64,,,0,30,,920764,64,,,0,98,,920765,64,,,0,100,,920766,64,,,0,101,,920767,64,,,0,100,,920768,64,,,0,100,,920769,64,,,0,100,,920770,64,,,0,102,,920771,64,,,0,70,,920772,64,,,0,30,,920773,64,,,0,70,,920774,64,,,0,28,,920775,64,,,0,69,,920776,64,,,0,29,,920777,64,,,0,100,,920778,64,,,0,100,,920779,64,,,0,98,,920780,64,,,0,99,,920781,64,,,0,100,,920782,64,,,0,100,,920783,64,,,0
3600,'20260714',752,,920784,64,,,0,70,,920785,64,,,0,30,,920786,64,,,0,98,,920787,64,,,0,100,,920788,64,,,0,101,,920789,64,,,0,100,,920790,64,,,0,100,,920791,64,,,0,100,,920792,64,,,0,102,,920793,64,,,0,70,,920794,64,,,0,30,,920795,64,,,0,70,,920796,64,,,0,28,,920797,64,,,0,69,,920798,64,,,0,29,,920799,64,,,0,100,,920800,64,,,0,100,,920801,64,,,0,98,,920802,64,,,0,99,,920803,64,,,0,100,,920804,64,,,0,100,,920805,64,,,0
3600,'20260715',752,,869168,64,,,0,70,,869189,64,,,0,30,,869169,64,,,0,98,,869170,64,,,0,100,,869171,64,,,0,101,,869172,64,,,0,100,,869173,64,,,0,100,,869174,64,,,0,100,,869175,64,,,0,102,,869176,64,,,0,70,,869177,64,,,0,30,,869178,64,,,0,70,,869179,64,,,0,28,,869180,64,,,0,69,,869181,64,,,0,29,,869183,64,,,0,100,,869184,64,,,0,100,,869185,64,,,0,98,,869186,64,,,0,99,,869187,64,,,0,100,,869188,64,,,0,100,,869182,64,,,0
3600,'20260716',752,,869190,64,,,0,70,,869211,64,,,0,30,,869191,64,,,0,98,,869192,64,,,0,100,,869193,64,,,0,101,,869194,64,,,0,100,,869195,64,,,0,100,,869196,64,,,0,100,,869197,64,,,0,102,,869198,64,,,0,70,,869199,64,,,0,30,,869200,64,,,0,70,,869201,64,,,0,28,,869202,64,,,0,69,,869203,64,,,0,29,,869205,64,,,0,100,,869206,64,,,0,100,,869207,64,,,0,98,,869208,64,,,0,99,,869209,64,,,0,100,,869210,64,,,0,100,,869204,64,,,0
3600,'20260717',752,,869212,64,,,0,70,,869233,64,,,0,30,,869213,64,,,0,98,,869214,64,,,0,100,,869215,64,,,0,101,,869216,64,,,0,100,,869217,64,,,0,100,,869218,64,,,0,100,,869219,64,,,0,102,,869220,64,,,0,70,,869221,64,,,0,30,,869222,64,,,0,70,,869223,64,,,0,28,,869224,64,,,0,69,,869225,64,,,0,29,,869227,64,,,0,100,,869228,64,,,0,100,,869229,64,,,0,98,,869230,64,,,0,99,,869231,64,,,0,100,,869232,64,,,0,100,,869226,64,,,0
3600,'20260718',747,,902931,64,,,0,101,,902932,64,,,0,100,,902933,64,,,0,101,,902934,64,,,0,100,,902935,64,,,0,100,,902936,64,,,0,100,,902937,64,,,0,100,,902938,64,,,0,100,,902939,64,,,0,100,,902940,64,,,0,100,,902941,64,,,0,99,,902942,64,,,0,100,,902944,64,,,0,100,,902929,64,,,0,99,,902945,64,,,0,100,,902930,64,,,0,100,,902943,64,,,0,100,,902946,64,,,0
3600,'20260719',747,,902964,64,,,0,101,,902962,64,,,0,100,,902956,64,,,0,101,,902959,64,,,0,100,,902948,64,,,0,100,,902947,64,,,0,100,,902955,64,,,0,100,,902954,64,,,0,100,,902953,64,,,0,100,,902952,64,,,0,100,,902951,64,,,0,99,,902950,64,,,0,100,,902960,64,,,0,100,,902949,64,,,0,99,,902961,64,,,0,100,,902958,64,,,0,100,,902957,64,,,0,100,,902963,64,,,0
3600,'20260720',752,,902965,64,,,0,70,,902986,64,,,0,30,,902966,64,,,0,98,,902967,64,,,0,100,,902968,64,,,0,101,,902969,64,,,0,100,,902970,64,,,0,100,,902971,64,,,0,100,,902972,64,,,0,102,,902973,64,,,0,70,,902974,64,,,0,30,,902975,64,,,0,70,,902976,64,,,0,28,,902977,64,,,0,69,,902978,64,,,0,29,,902980,64,,,0,100,,902981,64,,,0,100,,902982,64,,,0,98,,902983,64,,,0,99,,902984,64,,,0,100,,902985,64,,,0,100,,902979,64,,,0
3600,'20260721',752,,902987,64,,,0,70,,903008,64,,,0,30,,902988,64,,,0,98,,902989,64,,,0,100,,902990,64,,,0,101,,902991,64,,,0,100,,902992,64,,,0,100,,902993,64,,,0,100,,902994,64,,,0,102,,902995,64,,,0,70,,902996,64,,,0,30,,902997,64,,,0,70,,902998,64,,,0,28,,902999,64,,,0,69,,903000,64,,,0,29,,903002,64,,,0,100,,903003,64,,,0,100,,903004,64,,,0,98,,903005,64,,,0,99,,903006,64,,,0,100,,903007,64,,,0,100,,903001,64,,,0
3600,'20260722',752,,920806,64,,,0,70,,920827,64,,,0,30,,920807,64,,,0,98,,920808,64,,,0,100,,920809,64,,,0,101,,920810,64,,,0,100,,920811,64,,,0,100,,920812,64,,,0,100,,920813,64,,,0,102,,920814,64,,,0,70,,920815,64,,,0,30,,920816,64,,,0,70,,920817,64,,,0,28,,920818,64,,,0,69,,920819,64,,,0,29,,920821,64,,,0,100,,920822,64,,,0,100,,920823,64,,,0,98,,920824,64,,,0,99,,920825,64,,,0,100,,920826,64,,,0,100,,920820,64,,,0
3600,'20260723',752,,920828,64,,,0,70,,920849,64,,,0,30,,920829,64,,,0,98,,920830,64,,,0,100,,920831,64,,,0,101,,920832,64,,,0,100,,920833,64,,,0,100,,920834,64,,,0,100,,920835,64,,,0,102,,920836,64,,,0,70,,920837,64,,,0,30,,920838,64,,,0,70,,920839,64,,,0,28,,920840,64,,,0,69,,920841,64,,,0,29,,920843,64,,,0,100,,920844,64,,,0,100,,920845,64,,,0,98,,920846,64,,,0,99,,920847,64,,,0,100,,920848,64,,,0,100,,920842,64,,,0
23600,'20260709',1607,,882874,31,4,,0,30,,882875,31,4,,0,14,,882876,31,4,,0,55,,882877,31,4,,0,28,,882878,31,4,,0,68,,882879,31,4,,0
23600,'20260710',1607,,909124,31,4,,0,30,,909125,31,4,,0,14,,909126,31,4,,0,55,,909127,31,4,,0,28,,909128,31,4,,0,68,,909129,31,4,,0
23600,'20260713',1607,,928326,31,4,,0,30,,928327,31,4,,0,14,,928328,31,4,,0,55,,928329,31,4,,0,28,,928330,31,4,,0,68,,928331,31,4,,0
23600,'20260714',1607,,928332,31,4,,0,30,,928333,31,4,,0,14,,928334,31,4,,0,55,,928335,31,4,,0,28,,928336,31,4,,0,68,,928337,31,4,,0
23600,'20260715',1607,,882880,31,4,,0,30,,882881,31,4,,0,14,,882882,31,4,,0,55,,882883,31,4,,0,28,,882884,31,4,,0,68,,882885,31,4,,0
23600,'20260716',1607,,882886,31,4,,0,30,,882887,31,4,,0,14,,882888,31,4,,0,55,,882889,31,4,,0,28,,882890,31,4,,0,68,,882891,31,4,,0
23600,'20260717',1607,,882892,31,4,,0,30,,882893,31,4,,0,14,,882894,31,4,,0,55,,882895,31,4,,0,28,,882896,31,4,,0,68,,882897,31,4,,0
23600,'20260720',1607,,909130,31,4,,0,30,,909131,31,4,,0,14,,909132,31,4,,0,55,,909133,31,4,,0,28,,909134,31,4,,0,68,,909135,31,4,,0
23600,'20260721',1607,,909136,31,4,,0,30,,909137,31,4,,0,14,,909138,31,4,,0,55,,909139,31,4,,0,28,,909140,31,4,,0,68,,909141,31,4,,0
23600,'20260722',1607,,928338,31,4,,0,30,,928339,31,4,,0,14,,928340,31,4,,0,55,,928341,31,4,,0,28,,928342,31,4,,0,68,,928343,31,4,,0
23600,'20260723',1607,,928344,31,4,,0,30,,928345,31,4,,0,14,,928346,31,4,,0,55,,928347,31,4,,0,28,,928348,31,4,,0,68,,928349,31,4,,0
53600,'20260709',1706,,885054,27,4,,0,94,,885055,27,4,,0
53600,'20260710',1706,,910034,27,4,,0,94,,910035,27,4,,0
53600,'20260713',1706,,929888,27,4,,0,94,,929889,27,4,,0
53600,'20260714',1706,,929890,27,4,,0,94,,929891,27,4,,0
53600,'20260715',1706,,885056,27,4,,0,94,,885057,27,4,,0
53600,'20260716',1706,,885058,27,4,,0,94,,885059,27,4,,0
53600,'20260717',1706,,885060,27,4,,0,94,,885061,27,4,,0
53600,'20260720',1706,,910036,27,4,,0,94,,910037,27,4,,0
53600,'20260721',1706,,910038,27,4,,0,94,,910039,27,4,,0
53600,'20260722',1706,,929892,27,4,,0,94,,929893,27,4,,0
53600,'20260723',1706,,929894,27,4,,0,94,,929895,27,4,,0
93600,'20260710',2609,,916696,67,,,0
93600,'20260711',2609,,938404,67,,,0
93600,'20260717',2609,,899644,67,,,0
93600,'20260718',2609,,916697,67,,,0
