8201,'20260612',542,,694062,55,,,0,69,,694063,55,,,0,29,,694064,55,,,0,67,,694065,55,,,0,29,,694066,55,,,0,70,,694067,55,,,0,31,,694077,40,,,0,102,,694078,40,,,0,101,,694068,55,,,0,99,,694079,40,,,0,100,,694069,55,,,0,101,,694080,40,,,0,100,,694070,55,,,0,98,,694081,40,,,0,69,,694071,55,,,0,100,,694072,55,,,0,133,,694073,55,,,0,100,,694074,55,,,0,100,,694082,40,,,0,170,,694075,55,,,0,131,,694076,55,,,0
8201,'20260613',643,,717715,55,,,0,97,,717716,55,,,0,100,,717717,55,,,0,100,,717725,40,,,0,100,,717718,55,,,0,100,,717726,40,,,0,100,,717719,55,,,0,100,,717727,40,,,0,100,,717720,55,,,0,101,,717728,40,,,0,100,,717721,55,,,0,100,,717722,55,,,0,101,,717729,40,,,0,101,,717723,55,,,0,100,,717730,40,,,0,170,,717731,40,,,0,130,,717724,55,,,0
8201,'20260614',643,,717732,55,,,0,97,,717733,55,,,0,100,,717734,55,,,0,100,,717742,40,,,0,100,,717735,55,,,0,100,,717743,40,,,0,100,,717736,55,,,0,100,,717744,40,,,0,100,,717737,55,,,0,101,,717745,40,,,0,100,,717738,55,,,0,100,,717739,55,,,0,101,,717746,40,,,0,101,,717740,55,,,0,100,,717747,40,,,0,170,,717748,40,,,0,130,,717741,55,,,0
8201,'20260615',542,,717751,55,,,0,69,,717752,55,,,0,29,,717753,55,,,0,67,,717754,55,,,0,29,,717755,55,,,0,70,,717756,55,,,0,31,,717766,40,,,0,102,,717767,40,,,0,101,,717757,55,,,0,99,,717768,40,,,0,100,,717758,55,,,0,101,,717769,40,,,0,100,,717759,55,,,0,98,,717770,40,,,0,69,,717760,55,,,0,100,,717761,55,,,0,133,,717762,55,,,0,100,,717763,55,,,0,100,,717771,40,,,0,170,,717764,55,,,0,131,,717765,55,,,0
8201,'20260616',542,,717774,55,,,0,69,,717775,55,,,0,29,,717776,55,,,0,67,,717777,55,,,0,29,,717778,55,,,0,70,,717779,55,,,0,31,,717789,40,,,0,102,,717790,40,,,0,101,,717780,55,,,0,99,,717791,40,,,0,100,,717781,55,,,0,101,,717792,40,,,0,100,,717782,55,,,0,98,,717793,40,,,0,69,,717783,55,,,0,100,,717784,55,,,0,133,,717785,55,,,0,100,,717786,55,,,0,100,,717794,40,,,0,170,,717787,55,,,0,131,,717788,55,,,0
8201,'20260617',542,,717797,55,,,0,69,,717798,55,,,0,29,,717799,55,,,0,67,,717800,55,,,0,29,,717801,55,,,0,70,,717802,55,,,0,31,,717812,40,,,0,102,,717813,40,,,0,101,,717803,55,,,0,99,,717814,40,,,0,100,,717804,55,,,0,101,,717815,40,,,0,100,,717805,55,,,0,98,,717816,40,,,0,69,,717806,55,,,0,100,,717807,55,,,0,133,,717808,55,,,0,100,,717809,55,,,0,100,,717817,40,,,0,170,,717810,55,,,0,131,,717811,55,,,0
8201,'20260618',542,,717820,55,,,0,69,,717821,55,,,0,29,,717822,55,,,0,67,,717823,55,,,0,29,,717824,55,,,0,70,,717825,55,,,0,31,,717835,40,,,0,102,,717836,40,,,0,101,,717826,55,,,0,99,,717837,40,,,0,100,,717827,55,,,0,101,,717838,40,,,0,100,,717828,55,,,0,98,,717839,40,,,0,69,,717829,55,,,0,100,,717830,55,,,0,133,,717831,55,,,0,100,,717832,55,,,0,100,,717840,40,,,0,170,,717833,55,,,0,131,,717834,55,,,0
8201,'20260619',542,,668704,55,,,0,69,,668705,55,,,0,29,,668706,55,,,0,67,,668707,55,,,0,29,,668722,55,,,0,70,,668719,55,,,0,31,,668726,40,,,0,102,,668713,40,,,0,101,,668708,55,,,0,99,,668714,40,,,0,100,,668709,55,,,0,101,,668715,40,,,0,100,,668721,55,,,0,98,,668716,40,,,0,69,,668720,55,,,0,100,,668710,55,,,0,133,,668711,55,,,0,100,,668723,55,,,0,100,,668717,40,,,0,170,,668718,55,,,0,131,,668712,55,,,0
8201,'20260620',643,,694098,55,,,0,97,,694092,55,,,0,100,,694093,55,,,0,100,,694086,40,,,0,100,,694096,55,,,0,100,,694087,40,,,0,100,,694083,55,,,0,100,,694088,40,,,0,100,,694094,55,,,0,101,,694089,40,,,0,100,,694095,55,,,0,100,,694090,55,,,0,101,,694097,40,,,0,101,,694084,55,,,0,100,,694091,40,,,0,170,,694099,40,,,0,130,,694085,55,,,0
8201,'20260621',643,,694116,55,,,0,97,,694115,55,,,0,100,,694111,55,,,0,100,,694113,40,,,0,100,,694112,55,,,0,100,,694114,40,,,0,100,,694105,55,,,0,100,,694100,40,,,0,100,,694109,55,,,0,101,,694101,40,,,0,100,,694108,55,,,0,100,,694102,55,,,0,101,,694110,40,,,0,101,,694106,55,,,0,100,,694104,40,,,0,170,,694103,40,,,0,130,,694107,55,,,0
8201,'20260622',542,,694117,55,,,0,69,,694118,55,,,0,29,,694119,55,,,0,67,,694120,55,,,0,29,,694135,55,,,0,70,,694132,55,,,0,31,,694138,40,,,0,102,,694126,40,,,0,101,,694121,55,,,0,99,,694127,40,,,0,100,,694122,55,,,0,101,,694128,40,,,0,100,,694134,55,,,0,98,,694129,40,,,0,69,,694133,55,,,0,100,,694123,55,,,0,133,,694124,55,,,0,100,,694136,55,,,0,100,,694130,40,,,0,170,,694131,55,,,0,131,,694125,55,,,0
8201,'20260623',542,,717841,55,,,0,69,,717842,55,,,0,29,,717843,55,,,0,67,,717844,55,,,0,29,,717859,55,,,0,70,,717856,55,,,0,31,,717862,40,,,0,102,,717850,40,,,0,101,,717845,55,,,0,99,,717851,40,,,0,100,,717846,55,,,0,101,,717852,40,,,0,100,,717858,55,,,0,98,,717853,40,,,0,69,,717857,55,,,0,100,,717847,55,,,0,133,,717848,55,,,0,100,,717860,55,,,0,100,,717854,40,,,0,170,,717855,55,,,0,131,,717849,55,,,0
8201,'20260624',643,,717879,55,,,0,97,,717878,55,,,0,100,,717874,55,,,0,100,,717876,40,,,0,100,,717875,55,,,0,100,,717877,40,,,0,100,,717868,55,,,0,100,,717863,40,,,0,100,,717872,55,,,0,101,,717864,40,,,0,100,,717871,55,,,0,100,,717865,55,,,0,101,,717873,40,,,0,101,,717869,55,,,0,100,,717867,40,,,0,170,,717866,40,,,0,130,,717870,55,,,0
8201,'20260625',542,,717880,55,,,0,69,,717881,55,,,0,29,,717882,55,,,0,67,,717883,55,,,0,29,,717898,55,,,0,70,,717895,55,,,0,31,,717901,40,,,0,102,,717889,40,,,0,101,,717884,55,,,0,99,,717890,40,,,0,100,,717885,55,,,0,101,,717891,40,,,0,100,,717897,55,,,0,98,,717892,40,,,0,69,,717896,55,,,0,100,,717886,55,,,0,133,,717887,55,,,0,100,,717899,55,,,0,100,,717893,40,,,0,170,,717894,55,,,0,131,,717888,55,,,0
8201,'20260626',542,,717902,55,,,0,69,,717903,55,,,0,29,,717904,55,,,0,67,,717905,55,,,0,29,,717920,55,,,0,70,,717917,55,,,0,31,,717923,40,,,0,102,,717911,40,,,0,101,,717906,55,,,0,99,,717912,40,,,0,100,,717907,55,,,0,101,,717913,40,,,0,100,,717919,55,,,0,98,,717914,40,,,0,69,,717918,55,,,0,100,,717908,55,,,0,133,,717909,55,,,0,100,,717921,55,,,0,100,,717915,40,,,0,170,,717916,55,,,0,131,,717910,55,,,0
28901,'20260612',645,,695785,22,,,0,64,,695786,22,,,0,17,,695787,22,,,0,18,,695788,22,,,0,69,,695789,22,,,0
28901,'20260615',645,,722736,22,,,0,64,,722737,22,,,0,17,,722738,22,,,0,18,,722739,22,,,0,69,,722740,22,,,0
28901,'20260616',645,,722741,22,,,0,64,,722742,22,,,0,17,,722743,22,,,0,18,,722744,22,,,0,69,,722745,22,,,0
28901,'20260617',645,,722746,22,,,0,64,,722747,22,,,0,17,,722748,22,,,0,18,,722749,22,,,0,69,,722750,22,,,0
28901,'20260618',645,,722751,22,,,0,64,,722752,22,,,0,17,,722753,22,,,0,18,,722754,22,,,0,69,,722755,22,,,0
28901,'20260619',645,,673376,22,,,0,64,,673375,22,,,0,17,,673377,22,,,0,18,,673379,22,,,0,69,,673378,22,,,0
28901,'20260622',645,,695791,22,,,0,66,,695790,22,,,0,19,,695792,22,,,0,16,,695794,22,,,0,66,,695793,22,,,0
28901,'20260623',645,,722757,22,,,0,66,,722756,22,,,0,19,,722758,22,,,0,16,,722760,22,,,0,66,,722759,22,,,0
28901,'20260625',645,,722762,22,,,0,66,,722761,22,,,0,19,,722763,22,,,0,16,,722765,22,,,0,66,,722764,22,,,0
28901,'20260626',645,,722767,22,,,0,66,,722766,22,,,0,19,,722768,22,,,0,16,,722770,22,,,0,66,,722769,22,,,0
38200,'20260612',1245,,695964,30,4,,0,411,,695965,30,4,,0,89,,695966,30,4,,0,104,,695967,30,4,,0
38200,'20260615',1245,,723418,30,4,,0,411,,723419,30,4,,0,89,,723420,30,4,,0,104,,723421,30,4,,0
38200,'20260616',1245,,723422,30,4,,0,411,,723423,30,4,,0,89,,723424,30,4,,0,104,,723425,30,4,,0
38200,'20260617',1245,,723426,30,4,,0,411,,723427,30,4,,0,89,,723428,30,4,,0,104,,723429,30,4,,0
38200,'20260618',1245,,723430,30,4,,0,411,,723431,30,4,,0,89,,723432,30,4,,0,104,,723433,30,4,,0
38200,'20260619',1245,,674384,30,4,,0,411,,674385,30,4,,0,89,,674386,30,4,,0,104,,674387,30,4,,0
58200,'20260612',1615,,696220,28,4,,0,11,,696221,28,4,,0,32,,696222,28,4,,0,72,,696223,28,4,,0,24,,696224,28,4,,0
58200,'20260615',1615,,724186,28,4,,0,11,,724187,28,4,,0,32,,724188,28,4,,0,72,,724189,28,4,,0,24,,724190,28,4,,0
58200,'20260616',1615,,724191,28,4,,0,11,,724192,28,4,,0,32,,724193,28,4,,0,72,,724194,28,4,,0,24,,724195,28,4,,0
58200,'20260617',1615,,724196,28,4,,0,11,,724197,28,4,,0,32,,724198,28,4,,0,72,,724199,28,4,,0,24,,724200,28,4,,0
58200,'20260618',1615,,724201,28,4,,0,11,,724202,28,4,,0,32,,724203,28,4,,0,72,,724204,28,4,,0,24,,724205,28,4,,0
58200,'20260619',1615,,675244,28,4,,0,11,,675245,28,4,,0,32,,675242,28,4,,0,72,,675243,28,4,,0,24,,675241,28,4,,0
58200,'20260622',1616,,696227,28,4,,0,92,,696226,28,4,,0,93,,696225,28,4,,0
58200,'20260623',1616,,724208,28,4,,0,92,,724207,28,4,,0,93,,724206,28,4,,0
58200,'20260625',1616,,724211,28,4,,0,92,,724210,28,4,,0,93,,724209,28,4,,0
58200,'20260626',1616,,724214,28,4,,0,92,,724213,28,4,,0,93,,724212,28,4,,0
