8400,'20260420',827,,289989,91,,,1,97,,289990,91,,,1,100,,289991,91,,,1,100,,289992,91,,,1,101,,289993,91,,,1,100,,289994,91,,,1,100,,289995,91,,,1,101,,289996,91,,,1,108,,289997,91,,,1,70,,290006,55,,,1,26,,289998,91,,,1,26,,290007,55,,,1,68,,289999,91,,,1,100,,290000,91,,,1,98,,290001,91,,,1,100,,290002,91,,,1,100,,290003,91,,,1,99,,290004,91,,,1,99,,290005,91,,,1
8400,'20260421',827,,290008,91,,,1,97,,290009,91,,,1,100,,290010,91,,,1,100,,290011,91,,,1,101,,290012,91,,,1,100,,290013,91,,,1,100,,290014,91,,,1,101,,290015,91,,,1,108,,290016,91,,,1,70,,290025,55,,,1,26,,290017,91,,,1,26,,290026,55,,,1,68,,290018,91,,,1,100,,290019,91,,,1,98,,290020,91,,,1,100,,290021,91,,,1,100,,290022,91,,,1,99,,290023,91,,,1,99,,290024,91,,,1
8400,'20260422',827,,316241,91,,,1,97,,316242,91,,,1,100,,316243,91,,,1,100,,316244,91,,,1,101,,316245,91,,,1,100,,316246,91,,,1,100,,316247,91,,,1,101,,316248,91,,,1,108,,316249,91,,,1,70,,316258,55,,,1,26,,316250,91,,,1,26,,316259,55,,,1,68,,316251,91,,,1,100,,316252,91,,,1,98,,316253,91,,,1,100,,316254,91,,,1,100,,316255,91,,,1,99,,316256,91,,,1,99,,316257,91,,,1
8400,'20260423',827,,316260,91,,,1,97,,316261,91,,,1,100,,316262,91,,,1,100,,316263,91,,,1,101,,316264,91,,,1,100,,316265,91,,,1,100,,316266,91,,,1,101,,316267,91,,,1,108,,316268,91,,,1,70,,316277,55,,,1,26,,316269,91,,,1,26,,316278,55,,,1,68,,316270,91,,,1,100,,316271,91,,,1,98,,316272,91,,,1,100,,316273,91,,,1,100,,316274,91,,,1,99,,316275,91,,,1,99,,316276,91,,,1
8400,'20260424',827,,316279,91,,,1,97,,316280,91,,,1,100,,316281,91,,,1,100,,316282,91,,,1,101,,316283,91,,,1,100,,316284,91,,,1,100,,316285,91,,,1,101,,316286,91,,,1,108,,316287,91,,,1,70,,316296,55,,,1,26,,316288,91,,,1,26,,316297,55,,,1,68,,316289,91,,,1,100,,316290,91,,,1,98,,316291,91,,,1,100,,316292,91,,,1,100,,316293,91,,,1,99,,316294,91,,,1,99,,316295,91,,,1
8400,'20260425',822,,252055,91,,,1,100,,252070,91,,,1,101,,252056,91,,,1,100,,252071,91,,,1,101,,252057,91,,,1,100,,252059,91,,,1,100,,252060,91,,,1,100,,252061,91,,,1,101,,252062,91,,,1,100,,252063,91,,,1,99,,252064,91,,,1,99,,252065,91,,,1,100,,252066,91,,,1,98,,252067,91,,,1,100,,252068,91,,,1,100,,252069,91,,,1,99,,252058,91,,,1
8400,'20260426',822,,252072,91,,,1,100,,252087,91,,,1,101,,252073,91,,,1,100,,252088,91,,,1,101,,252074,91,,,1,100,,252081,91,,,1,100,,252075,91,,,1,100,,252082,91,,,1,101,,252076,91,,,1,100,,252083,91,,,1,99,,252077,91,,,1,99,,252084,91,,,1,100,,252078,91,,,1,98,,252085,91,,,1,100,,252079,91,,,1,100,,252086,91,,,1,99,,252080,91,,,1
8400,'20260427',827,,252089,91,,,1,97,,252090,91,,,1,100,,252091,91,,,1,100,,252092,91,,,1,101,,252093,91,,,1,100,,252094,91,,,1,100,,252095,91,,,1,101,,252096,91,,,1,108,,252097,91,,,1,70,,252106,55,,,1,26,,252098,91,,,1,26,,252107,55,,,1,68,,252099,91,,,1,100,,252100,91,,,1,98,,252101,91,,,1,100,,252102,91,,,1,100,,252103,91,,,1,99,,252104,91,,,1,99,,252105,91,,,1
8400,'20260428',827,,290027,91,,,1,97,,290028,91,,,1,100,,290029,91,,,1,100,,290030,91,,,1,101,,290031,91,,,1,100,,290032,91,,,1,100,,290033,91,,,1,101,,290034,91,,,1,108,,290035,91,,,1,70,,290044,55,,,1,26,,290036,91,,,1,26,,290045,55,,,1,68,,290037,91,,,1,100,,290038,91,,,1,98,,290039,91,,,1,100,,290040,91,,,1,100,,290041,91,,,1,99,,290042,91,,,1,99,,290043,91,,,1
8400,'20260429',827,,290046,91,,,1,97,,290047,91,,,1,100,,290048,91,,,1,100,,290049,91,,,1,101,,290050,91,,,1,100,,290051,91,,,1,100,,290052,91,,,1,101,,290053,91,,,1,108,,290054,91,,,1,70,,290063,55,,,1,26,,290055,91,,,1,26,,290064,55,,,1,68,,290056,91,,,1,100,,290057,91,,,1,98,,290058,91,,,1,100,,290059,91,,,1,100,,290060,91,,,1,99,,290061,91,,,1,99,,290062,91,,,1
8400,'20260430',827,,290065,91,,,1,97,,290066,91,,,1,100,,290067,91,,,1,100,,290068,91,,,1,101,,290069,91,,,1,100,,290070,91,,,1,100,,290071,91,,,1,101,,290072,91,,,1,108,,290073,91,,,1,70,,290082,55,,,1,26,,290074,91,,,1,26,,290083,55,,,1,68,,290075,91,,,1,100,,290076,91,,,1,98,,290077,91,,,1,100,,290078,91,,,1,100,,290079,91,,,1,99,,290080,91,,,1,99,,290081,91,,,1
8400,'20260501',827,,316298,91,,,1,97,,316299,91,,,1,100,,316300,91,,,1,100,,316301,91,,,1,101,,316302,91,,,1,100,,316303,91,,,1,100,,316304,91,,,1,101,,316305,91,,,1,108,,316306,91,,,1,70,,316315,55,,,1,26,,316307,91,,,1,26,,316316,55,,,1,68,,316308,91,,,1,100,,316309,91,,,1,98,,316310,91,,,1,100,,316311,91,,,1,100,,316312,91,,,1,99,,316313,91,,,1,99,,316314,91,,,1
8400,'20260502',822,,316317,91,,,1,100,,316332,91,,,1,101,,316318,91,,,1,100,,316333,91,,,1,101,,316319,91,,,1,100,,316321,91,,,1,100,,316322,91,,,1,100,,316323,91,,,1,101,,316324,91,,,1,100,,316325,91,,,1,99,,316326,91,,,1,99,,316327,91,,,1,100,,316328,91,,,1,98,,316329,91,,,1,100,,316330,91,,,1,100,,316331,91,,,1,99,,316320,91,,,1
8400,'20260503',822,,316334,91,,,1,100,,316349,91,,,1,101,,316335,91,,,1,100,,316350,91,,,1,101,,316336,91,,,1,100,,316343,91,,,1,100,,316337,91,,,1,100,,316344,91,,,1,101,,316338,91,,,1,100,,316345,91,,,1,99,,316339,91,,,1,99,,316346,91,,,1,100,,316340,91,,,1,98,,316347,91,,,1,100,,316341,91,,,1,100,,316348,91,,,1,99,,316342,91,,,1
8400,'20260504',827,,316351,91,,,1,97,,316352,91,,,1,100,,316353,91,,,1,100,,316354,91,,,1,101,,316355,91,,,1,100,,316356,91,,,1,100,,316357,91,,,1,101,,316358,91,,,1,108,,316359,91,,,1,70,,316368,55,,,1,26,,316360,91,,,1,26,,316369,55,,,1,68,,316361,91,,,1,100,,316362,91,,,1,98,,316363,91,,,1,100,,316364,91,,,1,100,,316365,91,,,1,99,,316366,91,,,1,99,,316367,91,,,1
28400,'20260420',1637,,293320,69,4,,0,73,,293321,69,4,,0,27,,293322,69,4,,0,66,,293323,69,4,,0,24,,293324,69,4,,0
28400,'20260421',1637,,293325,69,4,,0,73,,293326,69,4,,0,27,,293327,69,4,,0,66,,293328,69,4,,0,24,,293329,69,4,,0
28400,'20260422',1637,,319610,69,4,,0,73,,319611,69,4,,0,27,,319612,69,4,,0,66,,319613,69,4,,0,24,,319614,69,4,,0
28400,'20260423',1637,,319615,69,4,,0,73,,319616,69,4,,0,27,,319617,69,4,,0,66,,319618,69,4,,0,24,,319619,69,4,,0
28400,'20260424',1637,,319620,69,4,,0,73,,319621,69,4,,0,27,,319622,69,4,,0,66,,319623,69,4,,0,24,,319624,69,4,,0
28400,'20260427',1637,,258183,69,4,,0,73,,258184,69,4,,0,27,,258185,69,4,,0,66,,258186,69,4,,0,24,,258187,69,4,,0
28400,'20260428',1637,,293330,69,4,,0,73,,293331,69,4,,0,27,,293332,69,4,,0,66,,293333,69,4,,0,24,,293334,69,4,,0
28400,'20260429',1637,,293335,69,4,,0,73,,293336,69,4,,0,27,,293337,69,4,,0,66,,293338,69,4,,0,24,,293339,69,4,,0
28400,'20260430',1637,,293340,69,4,,0,73,,293341,69,4,,0,27,,293342,69,4,,0,66,,293343,69,4,,0,24,,293344,69,4,,0
28400,'20260501',1637,,319625,69,4,,0,73,,319626,69,4,,0,27,,319627,69,4,,0,66,,319628,69,4,,0,24,,319629,69,4,,0
28400,'20260504',1637,,319630,69,4,,0,73,,319631,69,4,,0,27,,319632,69,4,,0,66,,319633,69,4,,0,24,,319634,69,4,,0
38400,'20260420',1702,,294182,59,4,,0,52,,294183,59,4,,0,155,,294184,59,4,,0
38400,'20260421',1702,,294185,59,4,,0,52,,294186,59,4,,0,155,,294187,59,4,,0
38400,'20260422',1702,,320473,59,4,,0,52,,320474,59,4,,0,155,,320475,59,4,,0
38400,'20260423',1702,,320476,59,4,,0,52,,320477,59,4,,0,155,,320478,59,4,,0
38400,'20260424',1702,,320479,59,4,,0,52,,320480,59,4,,0,155,,320481,59,4,,0
38400,'20260427',1702,,259890,59,4,,0,52,,259891,59,4,,0,155,,259892,59,4,,0
38400,'20260428',1702,,294188,59,4,,0,52,,294189,59,4,,0,155,,294190,59,4,,0
38400,'20260429',1702,,294191,59,4,,0,52,,294192,59,4,,0,155,,294193,59,4,,0
38400,'20260430',1702,,294194,59,4,,0,52,,294195,59,4,,0,155,,294196,59,4,,0
38400,'20260501',1702,,320482,59,4,,0,52,,320483,59,4,,0,155,,320484,59,4,,0
38400,'20260504',1702,,320485,59,4,,0,52,,320486,59,4,,0,155,,320487,59,4,,0
58400,'20260420',1629,,294732,57,4,,0,29,,294733,57,4,,0,69,,294734,57,4,,0,75,,294735,57,4,,0
58400,'20260421',1629,,294736,57,4,,0,29,,294737,57,4,,0,69,,294738,57,4,,0,75,,294739,57,4,,0
58400,'20260422',1629,,321023,57,4,,0,29,,321024,57,4,,0,69,,321025,57,4,,0,75,,321026,57,4,,0
58400,'20260423',1629,,321027,57,4,,0,29,,321028,57,4,,0,69,,321029,57,4,,0,75,,321030,57,4,,0
58400,'20260424',1629,,321031,57,4,,0,29,,321032,57,4,,0,69,,321033,57,4,,0,75,,321034,57,4,,0
58400,'20260427',1629,,261013,57,4,,0,29,,261011,57,4,,0,69,,261012,57,4,,0,75,,261014,57,4,,0
58400,'20260428',1629,,294742,57,4,,0,29,,294740,57,4,,0,69,,294741,57,4,,0,75,,294743,57,4,,0
58400,'20260429',1629,,294746,57,4,,0,29,,294744,57,4,,0,69,,294745,57,4,,0,75,,294747,57,4,,0
58400,'20260430',1629,,294750,57,4,,0,29,,294748,57,4,,0,69,,294749,57,4,,0,75,,294751,57,4,,0
58400,'20260501',1629,,321037,57,4,,0,29,,321035,57,4,,0,69,,321036,57,4,,0,75,,321038,57,4,,0
58400,'20260504',1629,,321041,57,4,,0,29,,321039,57,4,,0,69,,321040,57,4,,0,75,,321042,57,4,,0
97203,'20260424',2631,,330512,90,,,0
97203,'20260425',2631,,277628,90,,,0
97203,'20260501',2631,,330513,90,,,0
97203,'20260502',2631,,330514,90,,,0
