300,'20260529',618,,577622,40,,,0,99,,577624,40,,,0,99,,577626,40,,,0,101,,577628,40,,,0,101,,577630,40,,,0,99,,577632,40,,,0,100,,577634,40,,,0,100,,577636,40,,,0,100,,577638,40,,,0,100,,577640,40,,,0,29,,577641,40,,,0,66,,577642,40,,,0,31,,577644,40,,,0,71,,577646,40,,,0,31,,577648,40,,,0,71,,577650,40,,,0,101,,577652,40,,,0,100,,577654,40,,,0,101,,577656,40,,,0,101,,577658,40,,,0,100,,577660,40,,,0
300,'20260530',719,,595912,40,,,0,100,,595914,40,,,0,98,,595916,40,,,0,100,,595918,40,,,0,100,,595920,40,,,0,99,,595922,40,,,0,100,,595924,40,,,0,99,,595926,40,,,0,100,,595928,40,,,0,100,,595930,40,,,0,100,,595932,40,,,0,101,,595934,40,,,0,102,,595936,40,,,0,100,,595938,40,,,0,100,,595940,40,,,0,100,,595942,40,,,0,100,,595944,40,,,0,101,,595946,40,,,0
300,'20260531',719,,595949,40,,,0,100,,595951,40,,,0,98,,595953,40,,,0,100,,595955,40,,,0,100,,595957,40,,,0,99,,595959,40,,,0,100,,595961,40,,,0,99,,595963,40,,,0,100,,595965,40,,,0,100,,595967,40,,,0,100,,595969,40,,,0,101,,595971,40,,,0,102,,595973,40,,,0,100,,595975,40,,,0,100,,595977,40,,,0,100,,595979,40,,,0,100,,595981,40,,,0,101,,595983,40,,,0
300,'20260601',618,,595985,40,,,0,99,,595987,40,,,0,99,,595989,40,,,0,101,,595991,40,,,0,101,,595993,40,,,0,99,,595995,40,,,0,100,,595997,40,,,0,100,,595999,40,,,0,100,,596001,40,,,0,100,,596003,40,,,0,29,,596004,40,,,0,66,,596005,40,,,0,31,,596007,40,,,0,71,,596009,40,,,0,31,,596011,40,,,0,71,,596013,40,,,0,101,,596015,40,,,0,100,,596017,40,,,0,101,,596019,40,,,0,101,,596021,40,,,0,100,,596023,40,,,0
300,'20260602',618,,596027,40,,,0,99,,596029,40,,,0,99,,596031,40,,,0,101,,596033,40,,,0,101,,596035,40,,,0,99,,596037,40,,,0,100,,596039,40,,,0,100,,596041,40,,,0,100,,596043,40,,,0,100,,596045,40,,,0,29,,596046,40,,,0,66,,596047,40,,,0,31,,596049,40,,,0,71,,596051,40,,,0,31,,596053,40,,,0,71,,596055,40,,,0,101,,596057,40,,,0,100,,596059,40,,,0,101,,596061,40,,,0,101,,596063,40,,,0,100,,596065,40,,,0
300,'20260603',618,,596069,40,,,0,99,,596071,40,,,0,99,,596073,40,,,0,101,,596075,40,,,0,101,,596077,40,,,0,99,,596079,40,,,0,100,,596081,40,,,0,100,,596083,40,,,0,100,,596085,40,,,0,100,,596087,40,,,0,29,,596088,40,,,0,66,,596089,40,,,0,31,,596091,40,,,0,71,,596093,40,,,0,31,,596095,40,,,0,71,,596097,40,,,0,101,,596099,40,,,0,100,,596101,40,,,0,101,,596103,40,,,0,101,,596105,40,,,0,100,,596107,40,,,0
300,'20260604',618,,596111,40,,,0,99,,596113,40,,,0,99,,596115,40,,,0,101,,596117,40,,,0,101,,596119,40,,,0,99,,596121,40,,,0,100,,596123,40,,,0,100,,596125,40,,,0,100,,596127,40,,,0,100,,596129,40,,,0,29,,596130,40,,,0,66,,596131,40,,,0,31,,596133,40,,,0,71,,596135,40,,,0,31,,596137,40,,,0,71,,596139,40,,,0,101,,596141,40,,,0,100,,596143,40,,,0,101,,596145,40,,,0,101,,596147,40,,,0,100,,596149,40,,,0
300,'20260605',618,,543483,40,,,0,99,,543484,40,,,0,99,,543485,40,,,0,101,,543486,40,,,0,101,,543487,40,,,0,99,,543488,40,,,0,100,,543489,40,,,0,100,,543490,40,,,0,100,,543491,40,,,0,100,,543492,40,,,0,29,,543493,40,,,0,66,,543494,40,,,0,31,,543495,40,,,0,71,,543496,40,,,0,31,,543497,40,,,0,71,,543498,40,,,0,101,,543499,40,,,0,100,,543500,40,,,0,101,,543501,40,,,0,101,,543502,40,,,0,100,,543503,40,,,0
300,'20260606',719,,577663,40,,,0,100,,577664,40,,,0,98,,577665,40,,,0,100,,577666,40,,,0,100,,577667,40,,,0,99,,577668,40,,,0,100,,577669,40,,,0,99,,577670,40,,,0,100,,577671,40,,,0,100,,577672,40,,,0,100,,577673,40,,,0,101,,577674,40,,,0,102,,577675,40,,,0,100,,577676,40,,,0,100,,577677,40,,,0,100,,577678,40,,,0,100,,577679,40,,,0,101,,577680,40,,,0
300,'20260607',719,,577700,40,,,0,100,,577701,40,,,0,98,,577702,40,,,0,100,,577703,40,,,0,100,,577704,40,,,0,99,,577705,40,,,0,100,,577706,40,,,0,99,,577707,40,,,0,100,,577708,40,,,0,100,,577709,40,,,0,100,,577710,40,,,0,101,,577711,40,,,0,102,,577712,40,,,0,100,,577713,40,,,0,100,,577714,40,,,0,100,,577715,40,,,0,100,,577716,40,,,0,101,,577717,40,,,0
300,'20260608',618,,577737,40,,,0,99,,577738,40,,,0,99,,577739,40,,,0,101,,577740,40,,,0,101,,577741,40,,,0,99,,577742,40,,,0,100,,577743,40,,,0,100,,577744,40,,,0,100,,577745,40,,,0,100,,577746,40,,,0,29,,577747,40,,,0,66,,577748,40,,,0,31,,577749,40,,,0,71,,577750,40,,,0,31,,577751,40,,,0,71,,577752,40,,,0,101,,577753,40,,,0,100,,577754,40,,,0,101,,577755,40,,,0,101,,577756,40,,,0,100,,577757,40,,,0
300,'20260609',618,,577779,40,,,0,99,,577780,40,,,0,99,,577781,40,,,0,101,,577782,40,,,0,101,,577783,40,,,0,99,,577784,40,,,0,100,,577785,40,,,0,100,,577786,40,,,0,100,,577787,40,,,0,100,,577788,40,,,0,29,,577789,40,,,0,66,,577790,40,,,0,31,,577791,40,,,0,71,,577792,40,,,0,31,,577793,40,,,0,71,,577794,40,,,0,101,,577795,40,,,0,100,,577796,40,,,0,101,,577797,40,,,0,101,,577798,40,,,0,100,,577799,40,,,0
300,'20260610',618,,596152,40,,,0,99,,596153,40,,,0,99,,596154,40,,,0,101,,596155,40,,,0,101,,596156,40,,,0,99,,596157,40,,,0,100,,596158,40,,,0,100,,596159,40,,,0,100,,596160,40,,,0,100,,596161,40,,,0,29,,596162,40,,,0,66,,596163,40,,,0,31,,596164,40,,,0,71,,596165,40,,,0,31,,596166,40,,,0,71,,596167,40,,,0,101,,596168,40,,,0,100,,596169,40,,,0,101,,596170,40,,,0,101,,596171,40,,,0,100,,596172,40,,,0
300,'20260611',618,,596194,40,,,0,99,,596195,40,,,0,99,,596196,40,,,0,101,,596197,40,,,0,101,,596198,40,,,0,99,,596199,40,,,0,100,,596200,40,,,0,100,,596201,40,,,0,100,,596202,40,,,0,100,,596203,40,,,0,29,,596204,40,,,0,66,,596205,40,,,0,31,,596206,40,,,0,71,,596207,40,,,0,31,,596208,40,,,0,71,,596209,40,,,0,101,,596210,40,,,0,100,,596211,40,,,0,101,,596212,40,,,0,101,,596213,40,,,0,100,,596214,40,,,0
300,'20260612',618,,596236,40,,,0,99,,596237,40,,,0,99,,596238,40,,,0,101,,596239,40,,,0,101,,596240,40,,,0,99,,596241,40,,,0,100,,596242,40,,,0,100,,596243,40,,,0,100,,596244,40,,,0,100,,596245,40,,,0,29,,596246,40,,,0,66,,596247,40,,,0,31,,596248,40,,,0,71,,596249,40,,,0,31,,596250,40,,,0,71,,596251,40,,,0,101,,596252,40,,,0,100,,596253,40,,,0,101,,596254,40,,,0,101,,596255,40,,,0,100,,596256,40,,,0
300,'20261511',719,,596278,40,,,0,100,,596279,40,,,0,98,,596280,40,,,0,100,,596281,40,,,0,100,,596282,40,,,0,99,,596283,40,,,0,100,,596284,40,,,0,99,,596285,40,,,0,100,,596286,40,,,0,100,,596287,40,,,0,100,,596288,40,,,0,101,,596289,40,,,0,102,,596290,40,,,0,100,,596291,40,,,0,100,,596292,40,,,0,100,,596293,40,,,0,100,,596294,40,,,0,101,,596295,40,,,0
300,'20261611',719,,596315,40,,,0,100,,596316,40,,,0,98,,596317,40,,,0,100,,596318,40,,,0,100,,596319,40,,,0,99,,596320,40,,,0,100,,596321,40,,,0,99,,596322,40,,,0,100,,596323,40,,,0,100,,596324,40,,,0,100,,596325,40,,,0,101,,596326,40,,,0,102,,596327,40,,,0,100,,596328,40,,,0,100,,596329,40,,,0,100,,596330,40,,,0,100,,596331,40,,,0,101,,596332,40,,,0
6102,'20260529',618,,582829,15,,,1,31,,582830,15,,,1,71,,582831,15,,,1,30,,582832,15,,,1,70,,582833,15,,,1,32,,582834,15,,,1,70,,582835,15,,,1,30,,582836,15,,,1,71,,582837,15,,,1,30,,582838,15,,,1,70,,582839,15,,,1,31,,582840,15,,,1,70,,582841,15,,,1,30,,582842,15,,,1,70,,582843,15,,,1,30,,582844,15,,,1,70,,582845,15,,,1,30,,582846,15,,,1,70,,582847,15,,,1,30,,582848,15,,,1,72,,582849,15,,,1,29,,582850,15,,,1,69,,582851,15,,,1,28,,582852,15,,,1,70,,582853,15,,,1,100,,582854,15,,,1,100,,582855,15,,,1,100,,582856,15,,,1,30,,582857,15,,,1,67,,582858,15,,,1,99,,582859,15,,,1
6102,'20260530',717,,607556,15,,,1,100,,607557,15,,,1,33,,607558,15,,,1,70,,607559,15,,,1,102,,607560,15,,,1,101,,607561,15,,,1,30,,607562,15,,,1,70,,607563,15,,,1,30,,607564,15,,,1,70,,607565,15,,,1,30,,607566,15,,,1,70,,607567,15,,,1,30,,607568,15,,,1,70,,607569,15,,,1,30,,607570,15,,,1,70,,607571,15,,,1,30,,607572,15,,,1,70,,607573,15,,,1,30,,607574,15,,,1,69,,607575,15,,,1,100,,607576,15,,,1,98,,607577,15,,,1,100,,607578,15,,,1,98,,607579,15,,,1,100,,607580,15,,,1
6102,'20260531',717,,607581,15,,,1,100,,607582,15,,,1,33,,607583,15,,,1,70,,607584,15,,,1,102,,607585,15,,,1,101,,607586,15,,,1,30,,607587,15,,,1,70,,607588,15,,,1,30,,607589,15,,,1,70,,607590,15,,,1,30,,607591,15,,,1,70,,607592,15,,,1,30,,607593,15,,,1,70,,607594,15,,,1,30,,607595,15,,,1,70,,607596,15,,,1,30,,607597,15,,,1,70,,607598,15,,,1,30,,607599,15,,,1,69,,607600,15,,,1,100,,607601,15,,,1,98,,607602,15,,,1,100,,607603,15,,,1,98,,607604,15,,,1,100,,607605,15,,,1
6102,'20260601',618,,607606,15,,,1,31,,607607,15,,,1,71,,607608,15,,,1,30,,607609,15,,,1,70,,607610,15,,,1,32,,607611,15,,,1,70,,607612,15,,,1,30,,607613,15,,,1,71,,607614,15,,,1,30,,607615,15,,,1,70,,607616,15,,,1,31,,607617,15,,,1,70,,607618,15,,,1,30,,607619,15,,,1,70,,607620,15,,,1,30,,607621,15,,,1,70,,607622,15,,,1,30,,607623,15,,,1,70,,607624,15,,,1,30,,607625,15,,,1,72,,607626,15,,,1,29,,607627,15,,,1,69,,607628,15,,,1,28,,607629,15,,,1,70,,607630,15,,,1,100,,607631,15,,,1,100,,607632,15,,,1,100,,607633,15,,,1,30,,607634,15,,,1,67,,607635,15,,,1,99,,607636,15,,,1
6102,'20260602',618,,607637,15,,,1,31,,607638,15,,,1,71,,607639,15,,,1,30,,607640,15,,,1,70,,607641,15,,,1,32,,607642,15,,,1,70,,607643,15,,,1,30,,607644,15,,,1,71,,607645,15,,,1,30,,607646,15,,,1,70,,607647,15,,,1,31,,607648,15,,,1,70,,607649,15,,,1,30,,607650,15,,,1,70,,607651,15,,,1,30,,607652,15,,,1,70,,607653,15,,,1,30,,607654,15,,,1,70,,607655,15,,,1,30,,607656,15,,,1,72,,607657,15,,,1,29,,607658,15,,,1,69,,607659,15,,,1,28,,607660,15,,,1,70,,607661,15,,,1,100,,607662,15,,,1,100,,607663,15,,,1,100,,607664,15,,,1,30,,607665,15,,,1,67,,607666,15,,,1,99,,607667,15,,,1
6102,'20260603',618,,607668,15,,,1,31,,607669,15,,,1,71,,607670,15,,,1,30,,607671,15,,,1,70,,607672,15,,,1,32,,607673,15,,,1,70,,607674,15,,,1,30,,607675,15,,,1,71,,607676,15,,,1,30,,607677,15,,,1,70,,607678,15,,,1,31,,607679,15,,,1,70,,607680,15,,,1,30,,607681,15,,,1,70,,607682,15,,,1,30,,607683,15,,,1,70,,607684,15,,,1,30,,607685,15,,,1,70,,607686,15,,,1,30,,607687,15,,,1,72,,607688,15,,,1,29,,607689,15,,,1,69,,607690,15,,,1,28,,607691,15,,,1,70,,607692,15,,,1,100,,607693,15,,,1,100,,607694,15,,,1,100,,607695,15,,,1,30,,607696,15,,,1,67,,607697,15,,,1,99,,607698,15,,,1
6102,'20260604',618,,607699,15,,,1,31,,607700,15,,,1,71,,607701,15,,,1,30,,607702,15,,,1,70,,607703,15,,,1,32,,607704,15,,,1,70,,607705,15,,,1,30,,607706,15,,,1,71,,607707,15,,,1,30,,607708,15,,,1,70,,607709,15,,,1,31,,607710,15,,,1,70,,607711,15,,,1,30,,607712,15,,,1,70,,607713,15,,,1,30,,607714,15,,,1,70,,607715,15,,,1,30,,607716,15,,,1,70,,607717,15,,,1,30,,607718,15,,,1,72,,607719,15,,,1,29,,607720,15,,,1,69,,607721,15,,,1,28,,607722,15,,,1,70,,607723,15,,,1,100,,607724,15,,,1,100,,607725,15,,,1,100,,607726,15,,,1,30,,607727,15,,,1,67,,607728,15,,,1,99,,607729,15,,,1
6102,'20260605',618,,553466,15,,,1,31,,553467,15,,,1,71,,553468,15,,,1,30,,553469,15,,,1,70,,553470,15,,,1,32,,553471,15,,,1,70,,553472,15,,,1,30,,553490,15,,,1,71,,553473,15,,,1,30,,553491,15,,,1,70,,553474,15,,,1,31,,553492,15,,,1,70,,553475,15,,,1,30,,553493,15,,,1,70,,553476,15,,,1,30,,553494,15,,,1,70,,553477,15,,,1,30,,553495,15,,,1,70,,553478,15,,,1,30,,553496,15,,,1,72,,553479,15,,,1,29,,553480,15,,,1,69,,553481,15,,,1,28,,553482,15,,,1,70,,553483,15,,,1,100,,553484,15,,,1,100,,553485,15,,,1,100,,553486,15,,,1,30,,553489,15,,,1,67,,553487,15,,,1,99,,553488,15,,,1
6102,'20260606',717,,582860,15,,,1,100,,582861,15,,,1,33,,582877,15,,,1,70,,582862,15,,,1,102,,582863,15,,,1,101,,582864,15,,,1,30,,582878,15,,,1,70,,582865,15,,,1,30,,582879,15,,,1,70,,582866,15,,,1,30,,582880,15,,,1,70,,582867,15,,,1,30,,582881,15,,,1,70,,582868,15,,,1,30,,582882,15,,,1,70,,582869,15,,,1,30,,582883,15,,,1,70,,582870,15,,,1,30,,582884,15,,,1,69,,582871,15,,,1,100,,582872,15,,,1,98,,582873,15,,,1,100,,582874,15,,,1,98,,582875,15,,,1,100,,582876,15,,,1
6102,'20260607',717,,582885,15,,,1,100,,582886,15,,,1,33,,582902,15,,,1,70,,582887,15,,,1,102,,582888,15,,,1,101,,582889,15,,,1,30,,582903,15,,,1,70,,582890,15,,,1,30,,582904,15,,,1,70,,582891,15,,,1,30,,582905,15,,,1,70,,582892,15,,,1,30,,582906,15,,,1,70,,582893,15,,,1,30,,582907,15,,,1,70,,582894,15,,,1,30,,582908,15,,,1,70,,582895,15,,,1,30,,582909,15,,,1,69,,582896,15,,,1,100,,582897,15,,,1,98,,582898,15,,,1,100,,582899,15,,,1,98,,582900,15,,,1,100,,582901,15,,,1
6102,'20260608',618,,582910,15,,,1,31,,582911,15,,,1,71,,582912,15,,,1,30,,582913,15,,,1,70,,582914,15,,,1,32,,582915,15,,,1,70,,582916,15,,,1,30,,582934,15,,,1,71,,582917,15,,,1,30,,582935,15,,,1,70,,582918,15,,,1,31,,582936,15,,,1,70,,582919,15,,,1,30,,582937,15,,,1,70,,582920,15,,,1,30,,582938,15,,,1,70,,582921,15,,,1,30,,582939,15,,,1,70,,582922,15,,,1,30,,582940,15,,,1,72,,582923,15,,,1,29,,582924,15,,,1,69,,582925,15,,,1,28,,582926,15,,,1,70,,582927,15,,,1,100,,582928,15,,,1,100,,582929,15,,,1,100,,582930,15,,,1,30,,582933,15,,,1,67,,582931,15,,,1,99,,582932,15,,,1
6102,'20260609',618,,582941,15,,,1,31,,582942,15,,,1,71,,582943,15,,,1,30,,582944,15,,,1,70,,582945,15,,,1,32,,582946,15,,,1,70,,582947,15,,,1,30,,582965,15,,,1,71,,582948,15,,,1,30,,582966,15,,,1,70,,582949,15,,,1,31,,582967,15,,,1,70,,582950,15,,,1,30,,582968,15,,,1,70,,582951,15,,,1,30,,582969,15,,,1,70,,582952,15,,,1,30,,582970,15,,,1,70,,582953,15,,,1,30,,582971,15,,,1,72,,582954,15,,,1,29,,582955,15,,,1,69,,582956,15,,,1,28,,582957,15,,,1,70,,582958,15,,,1,100,,582959,15,,,1,100,,582960,15,,,1,100,,582961,15,,,1,30,,582964,15,,,1,67,,582962,15,,,1,99,,582963,15,,,1
6102,'20260610',618,,607730,15,,,1,31,,607731,15,,,1,71,,607732,15,,,1,30,,607733,15,,,1,70,,607734,15,,,1,32,,607735,15,,,1,70,,607736,15,,,1,30,,607754,15,,,1,71,,607737,15,,,1,30,,607755,15,,,1,70,,607738,15,,,1,31,,607756,15,,,1,70,,607739,15,,,1,30,,607757,15,,,1,70,,607740,15,,,1,30,,607758,15,,,1,70,,607741,15,,,1,30,,607759,15,,,1,70,,607742,15,,,1,30,,607760,15,,,1,72,,607743,15,,,1,29,,607744,15,,,1,69,,607745,15,,,1,28,,607746,15,,,1,70,,607747,15,,,1,100,,607748,15,,,1,100,,607749,15,,,1,100,,607750,15,,,1,30,,607753,15,,,1,67,,607751,15,,,1,99,,607752,15,,,1
6102,'20260611',618,,607761,15,,,1,31,,607762,15,,,1,71,,607763,15,,,1,30,,607764,15,,,1,70,,607765,15,,,1,32,,607766,15,,,1,70,,607767,15,,,1,30,,607785,15,,,1,71,,607768,15,,,1,30,,607786,15,,,1,70,,607769,15,,,1,31,,607787,15,,,1,70,,607770,15,,,1,30,,607788,15,,,1,70,,607771,15,,,1,30,,607789,15,,,1,70,,607772,15,,,1,30,,607790,15,,,1,70,,607773,15,,,1,30,,607791,15,,,1,72,,607774,15,,,1,29,,607775,15,,,1,69,,607776,15,,,1,28,,607777,15,,,1,70,,607778,15,,,1,100,,607779,15,,,1,100,,607780,15,,,1,100,,607781,15,,,1,30,,607784,15,,,1,67,,607782,15,,,1,99,,607783,15,,,1
6102,'20260612',618,,607792,15,,,1,31,,607793,15,,,1,71,,607794,15,,,1,30,,607795,15,,,1,70,,607796,15,,,1,32,,607797,15,,,1,70,,607798,15,,,1,30,,607816,15,,,1,71,,607799,15,,,1,30,,607817,15,,,1,70,,607800,15,,,1,31,,607818,15,,,1,70,,607801,15,,,1,30,,607819,15,,,1,70,,607802,15,,,1,30,,607820,15,,,1,70,,607803,15,,,1,30,,607821,15,,,1,70,,607804,15,,,1,30,,607822,15,,,1,72,,607805,15,,,1,29,,607806,15,,,1,69,,607807,15,,,1,28,,607808,15,,,1,70,,607809,15,,,1,100,,607810,15,,,1,100,,607811,15,,,1,100,,607812,15,,,1,30,,607815,15,,,1,67,,607813,15,,,1,99,,607814,15,,,1
6102,'20261511',717,,607823,15,,,1,100,,607824,15,,,1,33,,607840,15,,,1,70,,607825,15,,,1,102,,607826,15,,,1,101,,607827,15,,,1,30,,607841,15,,,1,70,,607828,15,,,1,30,,607842,15,,,1,70,,607829,15,,,1,30,,607843,15,,,1,70,,607830,15,,,1,30,,607844,15,,,1,70,,607831,15,,,1,30,,607845,15,,,1,70,,607832,15,,,1,30,,607846,15,,,1,70,,607833,15,,,1,30,,607847,15,,,1,69,,607834,15,,,1,100,,607835,15,,,1,98,,607836,15,,,1,100,,607837,15,,,1,98,,607838,15,,,1,100,,607839,15,,,1
6102,'20261611',717,,607848,15,,,1,100,,607849,15,,,1,33,,607865,15,,,1,70,,607850,15,,,1,102,,607851,15,,,1,101,,607852,15,,,1,30,,607866,15,,,1,70,,607853,15,,,1,30,,607867,15,,,1,70,,607854,15,,,1,30,,607868,15,,,1,70,,607855,15,,,1,30,,607869,15,,,1,70,,607856,15,,,1,30,,607870,15,,,1,70,,607857,15,,,1,30,,607871,15,,,1,70,,607858,15,,,1,30,,607872,15,,,1,69,,607859,15,,,1,100,,607860,15,,,1,98,,607861,15,,,1,100,,607862,15,,,1,98,,607863,15,,,1,100,,607864,15,,,1
80302,'20260529',543,,591116,22,,,1,15,,591117,22,,,1,55,,591118,22,,,1,14,,591119,22,,,1,10,,591120,22,,,1,10,,591121,22,,,1,10,,591122,22,,,1,49,,591123,22,,,1,11,,591124,22,,,1,11,,591125,22,,,1,9,,591126,22,,,1,10,,591127,22,,,1,10,,591128,22,,,1,50,,591129,22,,,1,10,,591130,22,,,1,10,,591131,22,,,1,10,,591132,22,,,1,10,,591133,22,,,1,11,,591134,22,,,1,52,,591135,22,,,1,12,,591136,22,,,1,12,,591137,22,,,1,13,,591138,22,,,1,12,,591139,22,,,1,52,,591140,22,,,1,11,,591141,22,,,1,12,,591142,22,,,1,12,,591143,22,,,1,12,,591144,22,,,1,52,,591145,22,,,1,11,,591146,22,,,1,11,,591147,22,,,1,12,,591148,22,,,1,14,,591149,22,,,1,52,,591150,22,,,1,12,,591151,22,,,1,12,,591152,22,,,1,12,,591153,22,,,1,12,,591154,22,,,1,52,,591155,22,,,1,12,,591156,22,,,1,11,,591157,22,,,1,11,,591158,22,,,1,13,,591159,22,,,1,52,,591160,22,,,1,11,,591161,22,,,1,12,,591162,22,,,1,12,,591163,22,,,1,11,,591164,22,,,1,50,,591165,22,,,1,10,,591166,22,,,1,11,,591167,22,,,1,9,,591168,22,,,1,9,,591169,22,,,1,10,,591170,22,,,1,52,,591171,22,,,1,9,,591172,22,,,1,7,,591173,22,,,1,8,,591115,22,,,1,7,,591175,22,,,1,7,,591176,22,,,1,9,,591177,22,,,1,50,,591178,22,,,1,9,,591179,22,,,1,8,,591180,22,,,1,9,,591181,22,,,1,8,,591182,22,,,1,8,,591183,22,,,1,11,,591184,22,,,1,50,,591185,22,,,1,10,,591186,22,,,1,11,,591187,22,,,1,12,,591188,22,,,1,12,,591189,22,,,1,55,,591190,22,,,1,14,,591191,22,,,1,12,,591192,22,,,1,13,,591193,22,,,1,56,,591194,22,,,1,15,,591195,22,,,1,15,,591196,22,,,1,15,,591197,22,,,1,56,,591198,22,,,1,16,,591199,22,,,1,15,,591200,22,,,1,15,,591201,22,,,1,56,,591202,22,,,1,15,,591203,22,,,1,15,,591204,22,,,1,15,,591205,22,,,1,54,,591206,22,,,1,16,,591207,22,,,1,15,,591208,22,,,1,15,,591209,22,,,1,55,,591210,22,,,1,16,,591211,22,,,1,16,,591212,22,,,1,15,,591213,22,,,1,55,,591214,22,,,1,15,,591215,22,,,1
80302,'20260530',548,,626322,22,,,1,54,,626323,22,,,1,15,,626324,22,,,1,16,,626325,22,,,1,16,,626326,22,,,1,56,,626327,22,,,1,15,,626328,22,,,1,13,,626329,22,,,1,15,,626330,22,,,1,54,,626331,22,,,1,15,,626332,22,,,1,15,,626333,22,,,1,15,,626334,22,,,1,54,,626335,22,,,1,16,,626336,22,,,1,14,,626337,22,,,1,16,,626338,22,,,1,55,,626339,22,,,1,15,,626340,22,,,1,14,,626341,22,,,1,16,,626342,22,,,1,56,,626343,22,,,1,16,,626344,22,,,1,16,,626345,22,,,1,15,,626346,22,,,1,54,,626347,22,,,1,16,,626348,22,,,1,16,,626349,22,,,1,14,,626350,22,,,1,54,,626351,22,,,1,16,,626352,22,,,1,14,,626353,22,,,1,16,,626354,22,,,1,53,,626355,22,,,1,17,,626356,22,,,1,13,,626357,22,,,1,17,,626358,22,,,1,55,,626359,22,,,1,16,,626360,22,,,1,14,,626361,22,,,1,17,,626362,22,,,1,53,,626363,22,,,1,16,,626364,22,,,1,15,,626365,22,,,1,14,,626366,22,,,1,54,,626367,22,,,1,15,,626368,22,,,1,15,,626369,22,,,1,13,,626370,22,,,1,56,,626371,22,,,1,16,,626372,22,,,1,14,,626373,22,,,1,15,,626374,22,,,1,56,,626375,22,,,1,15,,626376,22,,,1,15,,626377,22,,,1,15,,626378,22,,,1,55,,626379,22,,,1,15,,626380,22,,,1,15,,626381,22,,,1,15,,626382,22,,,1,55,,626383,22,,,1,15,,626384,22,,,1,15,,626385,22,,,1,15,,626386,22,,,1,56,,626387,22,,,1,14,,626388,22,,,1,15,,626389,22,,,1,16,,626390,22,,,1,56,,626391,22,,,1,15,,626392,22,,,1,17,,626393,22,,,1,15,,626394,22,,,1,55,,626395,22,,,1,15,,626396,22,,,1,14,,626397,22,,,1,15,,626398,22,,,1
80302,'20260531',548,,626399,22,,,1,54,,626400,22,,,1,15,,626401,22,,,1,16,,626402,22,,,1,16,,626403,22,,,1,56,,626404,22,,,1,15,,626405,22,,,1,13,,626406,22,,,1,15,,626407,22,,,1,54,,626408,22,,,1,15,,626409,22,,,1,15,,626410,22,,,1,15,,626411,22,,,1,54,,626412,22,,,1,16,,626413,22,,,1,14,,626414,22,,,1,16,,626415,22,,,1,55,,626416,22,,,1,15,,626417,22,,,1,14,,626418,22,,,1,16,,626419,22,,,1,56,,626420,22,,,1,16,,626421,22,,,1,16,,626422,22,,,1,15,,626423,22,,,1,54,,626424,22,,,1,16,,626425,22,,,1,16,,626426,22,,,1,14,,626427,22,,,1,54,,626428,22,,,1,16,,626429,22,,,1,14,,626430,22,,,1,16,,626431,22,,,1,53,,626432,22,,,1,17,,626433,22,,,1,13,,626434,22,,,1,17,,626435,22,,,1,55,,626436,22,,,1,16,,626437,22,,,1,14,,626438,22,,,1,17,,626439,22,,,1,53,,626440,22,,,1,16,,626441,22,,,1,15,,626442,22,,,1,14,,626443,22,,,1,54,,626444,22,,,1,15,,626445,22,,,1,15,,626446,22,,,1,13,,626447,22,,,1,56,,626448,22,,,1,16,,626449,22,,,1,14,,626450,22,,,1,15,,626451,22,,,1,56,,626452,22,,,1,15,,626453,22,,,1,15,,626454,22,,,1,15,,626455,22,,,1,55,,626456,22,,,1,15,,626457,22,,,1,15,,626458,22,,,1,15,,626459,22,,,1,55,,626460,22,,,1,15,,626461,22,,,1,15,,626462,22,,,1,15,,626463,22,,,1,56,,626464,22,,,1,14,,626465,22,,,1,15,,626466,22,,,1,16,,626467,22,,,1,56,,626468,22,,,1,15,,626469,22,,,1,17,,626470,22,,,1,15,,626471,22,,,1,55,,626472,22,,,1,15,,626473,22,,,1,14,,626474,22,,,1,15,,626475,22,,,1
80302,'20260601',543,,626476,22,,,1,15,,626477,22,,,1,55,,626478,22,,,1,14,,626479,22,,,1,10,,626480,22,,,1,10,,626481,22,,,1,10,,626482,22,,,1,49,,626483,22,,,1,11,,626484,22,,,1,11,,626485,22,,,1,9,,626486,22,,,1,10,,626487,22,,,1,10,,626488,22,,,1,50,,626489,22,,,1,10,,626490,22,,,1,10,,626491,22,,,1,10,,626492,22,,,1,10,,626493,22,,,1,11,,626494,22,,,1,52,,626495,22,,,1,12,,626496,22,,,1,12,,626497,22,,,1,13,,626498,22,,,1,12,,626499,22,,,1,52,,626500,22,,,1,11,,626501,22,,,1,12,,626502,22,,,1,12,,626503,22,,,1,12,,626504,22,,,1,52,,626505,22,,,1,11,,626506,22,,,1,11,,626507,22,,,1,12,,626508,22,,,1,14,,626509,22,,,1,52,,626510,22,,,1,12,,626511,22,,,1,12,,626512,22,,,1,12,,626513,22,,,1,12,,626514,22,,,1,52,,626515,22,,,1,12,,626516,22,,,1,11,,626517,22,,,1,11,,626518,22,,,1,13,,626519,22,,,1,52,,626520,22,,,1,11,,626521,22,,,1,12,,626522,22,,,1,12,,626523,22,,,1,11,,626524,22,,,1,50,,626525,22,,,1,10,,626526,22,,,1,11,,626527,22,,,1,9,,626528,22,,,1,9,,626529,22,,,1,10,,626530,22,,,1,52,,626531,22,,,1,9,,626532,22,,,1,7,,626533,22,,,1,8,,626534,22,,,1,7,,626535,22,,,1,7,,626536,22,,,1,9,,626537,22,,,1,50,,626538,22,,,1,9,,626539,22,,,1,8,,626540,22,,,1,9,,626541,22,,,1,8,,626542,22,,,1,8,,626543,22,,,1,11,,626544,22,,,1,50,,626545,22,,,1,10,,626546,22,,,1,11,,626547,22,,,1,12,,626548,22,,,1,12,,626549,22,,,1,55,,626550,22,,,1,14,,626551,22,,,1,12,,626552,22,,,1,13,,626553,22,,,1,56,,626554,22,,,1,15,,626555,22,,,1,15,,626556,22,,,1,15,,626557,22,,,1,56,,626558,22,,,1,16,,626559,22,,,1,15,,626560,22,,,1,15,,626561,22,,,1,56,,626562,22,,,1,15,,626563,22,,,1,15,,626564,22,,,1,15,,626565,22,,,1,54,,626566,22,,,1,16,,626567,22,,,1,15,,626568,22,,,1,15,,626569,22,,,1,55,,626570,22,,,1,16,,626571,22,,,1,16,,626572,22,,,1,15,,626573,22,,,1,55,,626574,22,,,1,15,,626575,22,,,1
80302,'20260602',543,,626577,22,,,1,15,,626578,22,,,1,55,,626579,22,,,1,14,,626580,22,,,1,10,,626581,22,,,1,10,,626582,22,,,1,10,,626583,22,,,1,49,,626584,22,,,1,11,,626585,22,,,1,11,,626586,22,,,1,9,,626587,22,,,1,10,,626588,22,,,1,10,,626589,22,,,1,50,,626590,22,,,1,10,,626591,22,,,1,10,,626592,22,,,1,10,,626593,22,,,1,10,,626594,22,,,1,11,,626595,22,,,1,52,,626596,22,,,1,12,,626597,22,,,1,12,,626598,22,,,1,13,,626599,22,,,1,12,,626600,22,,,1,52,,626601,22,,,1,11,,626602,22,,,1,12,,626603,22,,,1,12,,626604,22,,,1,12,,626605,22,,,1,52,,626606,22,,,1,11,,626607,22,,,1,11,,626608,22,,,1,12,,626609,22,,,1,14,,626610,22,,,1,52,,626611,22,,,1,12,,626612,22,,,1,12,,626613,22,,,1,12,,626614,22,,,1,12,,626615,22,,,1,52,,626616,22,,,1,12,,626617,22,,,1,11,,626618,22,,,1,11,,626619,22,,,1,13,,626620,22,,,1,52,,626621,22,,,1,11,,626622,22,,,1,12,,626623,22,,,1,12,,626624,22,,,1,11,,626625,22,,,1,50,,626626,22,,,1,10,,626627,22,,,1,11,,626628,22,,,1,9,,626629,22,,,1,9,,626630,22,,,1,10,,626631,22,,,1,52,,626632,22,,,1,9,,626633,22,,,1,7,,626634,22,,,1,8,,626576,22,,,1,7,,626636,22,,,1,7,,626637,22,,,1,9,,626638,22,,,1,50,,626639,22,,,1,9,,626640,22,,,1,8,,626641,22,,,1,9,,626642,22,,,1,8,,626643,22,,,1,8,,626644,22,,,1,11,,626645,22,,,1,50,,626646,22,,,1,10,,626647,22,,,1,11,,626648,22,,,1,12,,626649,22,,,1,12,,626650,22,,,1,55,,626651,22,,,1,14,,626652,22,,,1,12,,626653,22,,,1,13,,626654,22,,,1,56,,626655,22,,,1,15,,626656,22,,,1,15,,626657,22,,,1,15,,626658,22,,,1,56,,626659,22,,,1,16,,626660,22,,,1,15,,626661,22,,,1,15,,626662,22,,,1,56,,626663,22,,,1,15,,626664,22,,,1,15,,626665,22,,,1,15,,626666,22,,,1,54,,626667,22,,,1,16,,626668,22,,,1,15,,626669,22,,,1,15,,626670,22,,,1,55,,626671,22,,,1,16,,626672,22,,,1,16,,626673,22,,,1,15,,626674,22,,,1,55,,626675,22,,,1,15,,626676,22,,,1
80302,'20260603',543,,626678,22,,,1,15,,626679,22,,,1,55,,626680,22,,,1,14,,626681,22,,,1,10,,626682,22,,,1,10,,626683,22,,,1,10,,626684,22,,,1,49,,626685,22,,,1,11,,626686,22,,,1,11,,626687,22,,,1,9,,626688,22,,,1,10,,626689,22,,,1,10,,626690,22,,,1,50,,626691,22,,,1,10,,626692,22,,,1,10,,626693,22,,,1,10,,626694,22,,,1,10,,626695,22,,,1,11,,626696,22,,,1,52,,626697,22,,,1,12,,626698,22,,,1,12,,626699,22,,,1,13,,626700,22,,,1,12,,626701,22,,,1,52,,626702,22,,,1,11,,626703,22,,,1,12,,626704,22,,,1,12,,626705,22,,,1,12,,626706,22,,,1,52,,626707,22,,,1,11,,626708,22,,,1,11,,626709,22,,,1,12,,626710,22,,,1,14,,626711,22,,,1,52,,626712,22,,,1,12,,626713,22,,,1,12,,626714,22,,,1,12,,626715,22,,,1,12,,626716,22,,,1,52,,626717,22,,,1,12,,626718,22,,,1,11,,626719,22,,,1,11,,626720,22,,,1,13,,626721,22,,,1,52,,626722,22,,,1,11,,626723,22,,,1,12,,626724,22,,,1,12,,626725,22,,,1,11,,626726,22,,,1,50,,626727,22,,,1,10,,626728,22,,,1,11,,626729,22,,,1,9,,626730,22,,,1,9,,626731,22,,,1,10,,626732,22,,,1,52,,626733,22,,,1,9,,626734,22,,,1,7,,626735,22,,,1,8,,626677,22,,,1,7,,626737,22,,,1,7,,626738,22,,,1,9,,626739,22,,,1,50,,626740,22,,,1,9,,626741,22,,,1,8,,626742,22,,,1,9,,626743,22,,,1,8,,626744,22,,,1,8,,626745,22,,,1,11,,626746,22,,,1,50,,626747,22,,,1,10,,626748,22,,,1,11,,626749,22,,,1,12,,626750,22,,,1,12,,626751,22,,,1,55,,626752,22,,,1,14,,626753,22,,,1,12,,626754,22,,,1,13,,626755,22,,,1,56,,626756,22,,,1,15,,626757,22,,,1,15,,626758,22,,,1,15,,626759,22,,,1,56,,626760,22,,,1,16,,626761,22,,,1,15,,626762,22,,,1,15,,626763,22,,,1,56,,626764,22,,,1,15,,626765,22,,,1,15,,626766,22,,,1,15,,626767,22,,,1,54,,626768,22,,,1,16,,626769,22,,,1,15,,626770,22,,,1,15,,626771,22,,,1,55,,626772,22,,,1,16,,626773,22,,,1,16,,626774,22,,,1,15,,626775,22,,,1,55,,626776,22,,,1,15,,626777,22,,,1
80302,'20260604',543,,626779,22,,,1,15,,626780,22,,,1,55,,626781,22,,,1,14,,626782,22,,,1,10,,626783,22,,,1,10,,626784,22,,,1,10,,626785,22,,,1,49,,626786,22,,,1,11,,626787,22,,,1,11,,626788,22,,,1,9,,626789,22,,,1,10,,626790,22,,,1,10,,626791,22,,,1,50,,626792,22,,,1,10,,626793,22,,,1,10,,626794,22,,,1,10,,626795,22,,,1,10,,626796,22,,,1,11,,626797,22,,,1,52,,626798,22,,,1,12,,626799,22,,,1,12,,626800,22,,,1,13,,626801,22,,,1,12,,626802,22,,,1,52,,626803,22,,,1,11,,626804,22,,,1,12,,626805,22,,,1,12,,626806,22,,,1,12,,626807,22,,,1,52,,626808,22,,,1,11,,626809,22,,,1,11,,626810,22,,,1,12,,626811,22,,,1,14,,626812,22,,,1,52,,626813,22,,,1,12,,626814,22,,,1,12,,626815,22,,,1,12,,626816,22,,,1,12,,626817,22,,,1,52,,626818,22,,,1,12,,626819,22,,,1,11,,626820,22,,,1,11,,626821,22,,,1,13,,626822,22,,,1,52,,626823,22,,,1,11,,626824,22,,,1,12,,626825,22,,,1,12,,626826,22,,,1,11,,626827,22,,,1,50,,626828,22,,,1,10,,626829,22,,,1,11,,626830,22,,,1,9,,626831,22,,,1,9,,626832,22,,,1,10,,626833,22,,,1,52,,626834,22,,,1,9,,626835,22,,,1,7,,626836,22,,,1,8,,626778,22,,,1,7,,626838,22,,,1,7,,626839,22,,,1,9,,626840,22,,,1,50,,626841,22,,,1,9,,626842,22,,,1,8,,626843,22,,,1,9,,626844,22,,,1,8,,626845,22,,,1,8,,626846,22,,,1,11,,626847,22,,,1,50,,626848,22,,,1,10,,626849,22,,,1,11,,626850,22,,,1,12,,626851,22,,,1,12,,626852,22,,,1,55,,626853,22,,,1,14,,626854,22,,,1,12,,626855,22,,,1,13,,626856,22,,,1,56,,626857,22,,,1,15,,626858,22,,,1,15,,626859,22,,,1,15,,626860,22,,,1,56,,626861,22,,,1,16,,626862,22,,,1,15,,626863,22,,,1,15,,626864,22,,,1,56,,626865,22,,,1,15,,626866,22,,,1,15,,626867,22,,,1,15,,626868,22,,,1,54,,626869,22,,,1,16,,626870,22,,,1,15,,626871,22,,,1,15,,626872,22,,,1,55,,626873,22,,,1,16,,626874,22,,,1,16,,626875,22,,,1,15,,626876,22,,,1,55,,626877,22,,,1,15,,626878,22,,,1
80302,'20260605',543,,570381,22,,,1,15,,570382,22,,,1,55,,570383,22,,,1,14,,570384,22,,,1,10,,570385,22,,,1,10,,570386,22,,,1,10,,570466,22,,,1,49,,570465,22,,,1,11,,570387,22,,,1,11,,570388,22,,,1,9,,570390,22,,,1,10,,570392,22,,,1,10,,570393,22,,,1,50,,570394,22,,,1,10,,570396,22,,,1,10,,570398,22,,,1,10,,570399,22,,,1,10,,570475,22,,,1,11,,570479,22,,,1,52,,570478,22,,,1,12,,570400,22,,,1,12,,570402,22,,,1,13,,570403,22,,,1,12,,570389,22,,,1,52,,570395,22,,,1,11,,570401,22,,,1,12,,570391,22,,,1,12,,570397,22,,,1,12,,570464,22,,,1,52,,570463,22,,,1,11,,570462,22,,,1,11,,570461,22,,,1,12,,570460,22,,,1,14,,570459,22,,,1,52,,570458,22,,,1,12,,570457,22,,,1,12,,570456,22,,,1,12,,570455,22,,,1,12,,570454,22,,,1,52,,570453,22,,,1,12,,570452,22,,,1,11,,570451,22,,,1,11,,570450,22,,,1,13,,570449,22,,,1,52,,570448,22,,,1,11,,570447,22,,,1,12,,570446,22,,,1,12,,570445,22,,,1,11,,570444,22,,,1,50,,570443,22,,,1,10,,570442,22,,,1,11,,570441,22,,,1,9,,570440,22,,,1,9,,570439,22,,,1,10,,570438,22,,,1,52,,570469,22,,,1,9,,570437,22,,,1,7,,570436,22,,,1,8,,570435,22,,,1,7,,570434,22,,,1,7,,570470,22,,,1,9,,570433,22,,,1,50,,570432,22,,,1,9,,570431,22,,,1,8,,570430,22,,,1,9,,570429,22,,,1,8,,570428,22,,,1,8,,570468,22,,,1,11,,570471,22,,,1,50,,570472,22,,,1,10,,570427,22,,,1,11,,570476,22,,,1,12,,570473,22,,,1,12,,570426,22,,,1,55,,570425,22,,,1,14,,570424,22,,,1,12,,570480,22,,,1,13,,570423,22,,,1,56,,570422,22,,,1,15,,570421,22,,,1,15,,570420,22,,,1,15,,570419,22,,,1,56,,570418,22,,,1,16,,570417,22,,,1,15,,570416,22,,,1,15,,570415,22,,,1,56,,570414,22,,,1,15,,570413,22,,,1,15,,570412,22,,,1,15,,570411,22,,,1,54,,570410,22,,,1,16,,570409,22,,,1,15,,570408,22,,,1,15,,570407,22,,,1,55,,570406,22,,,1,16,,570405,22,,,1,16,,570467,22,,,1,15,,570474,22,,,1,55,,570477,22,,,1,15,,570404,22,,,1
80302,'20260606',548,,591217,22,,,1,54,,591216,22,,,1,15,,591278,22,,,1,16,,591219,22,,,1,16,,591220,22,,,1,56,,591218,22,,,1,15,,591279,22,,,1,13,,591221,22,,,1,15,,591228,22,,,1,54,,591231,22,,,1,15,,591280,22,,,1,15,,591233,22,,,1,15,,591232,22,,,1,54,,591281,22,,,1,16,,591226,22,,,1,14,,591229,22,,,1,16,,591225,22,,,1,55,,591224,22,,,1,15,,591227,22,,,1,14,,591222,22,,,1,16,,591230,22,,,1,56,,591223,22,,,1,16,,591269,22,,,1,16,,591272,22,,,1,15,,591270,22,,,1,54,,591264,22,,,1,16,,591238,22,,,1,16,,591247,22,,,1,14,,591235,22,,,1,54,,591260,22,,,1,16,,591262,22,,,1,14,,591251,22,,,1,16,,591266,22,,,1,53,,591245,22,,,1,17,,591256,22,,,1,13,,591267,22,,,1,17,,591265,22,,,1,55,,591258,22,,,1,16,,591257,22,,,1,14,,591268,22,,,1,17,,591274,22,,,1,53,,591259,22,,,1,16,,591263,22,,,1,15,,591243,22,,,1,14,,591271,22,,,1,54,,591261,22,,,1,15,,591250,22,,,1,15,,591249,22,,,1,13,,591246,22,,,1,56,,591240,22,,,1,16,,591252,22,,,1,14,,591253,22,,,1,15,,591282,22,,,1,56,,591255,22,,,1,15,,591236,22,,,1,15,,591244,22,,,1,15,,591283,22,,,1,55,,591237,22,,,1,15,,591234,22,,,1,15,,591284,22,,,1,15,,591241,22,,,1,55,,591285,22,,,1,15,,591275,22,,,1,15,,591286,22,,,1,15,,591277,22,,,1,56,,591287,22,,,1,14,,591239,22,,,1,15,,591288,22,,,1,16,,591273,22,,,1,56,,591289,22,,,1,15,,591248,22,,,1,17,,591254,22,,,1,15,,591290,22,,,1,55,,591276,22,,,1,15,,591291,22,,,1,14,,591242,22,,,1,15,,591292,22,,,1
80302,'20260607',548,,591343,22,,,1,54,,591345,22,,,1,15,,591300,22,,,1,16,,591348,22,,,1,16,,591347,22,,,1,56,,591344,22,,,1,15,,591333,22,,,1,13,,591349,22,,,1,15,,591352,22,,,1,54,,591357,22,,,1,15,,591332,22,,,1,15,,591358,22,,,1,15,,591355,22,,,1,54,,591346,22,,,1,16,,591361,22,,,1,14,,591353,22,,,1,16,,591369,22,,,1,55,,591351,22,,,1,15,,591363,22,,,1,14,,591350,22,,,1,16,,591354,22,,,1,56,,591356,22,,,1,16,,591302,22,,,1,16,,591328,22,,,1,15,,591311,22,,,1,54,,591313,22,,,1,16,,591365,22,,,1,16,,591317,22,,,1,14,,591360,22,,,1,54,,591301,22,,,1,16,,591307,22,,,1,14,,591315,22,,,1,16,,591326,22,,,1,53,,591319,22,,,1,17,,591297,22,,,1,13,,591327,22,,,1,17,,591294,22,,,1,55,,591322,22,,,1,16,,591321,22,,,1,14,,591306,22,,,1,17,,591330,22,,,1,53,,591323,22,,,1,16,,591303,22,,,1,15,,591324,22,,,1,14,,591312,22,,,1,54,,591325,22,,,1,15,,591320,22,,,1,15,,591318,22,,,1,13,,591310,22,,,1,56,,591367,22,,,1,16,,591295,22,,,1,14,,591293,22,,,1,15,,591331,22,,,1,56,,591296,22,,,1,15,,591362,22,,,1,15,,591298,22,,,1,15,,591337,22,,,1,55,,591364,22,,,1,15,,591359,22,,,1,15,,591334,22,,,1,15,,591368,22,,,1,55,,591335,22,,,1,15,,591309,22,,,1,15,,591336,22,,,1,15,,591299,22,,,1,56,,591308,22,,,1,14,,591366,22,,,1,15,,591341,22,,,1,16,,591329,22,,,1,56,,591338,22,,,1,15,,591304,22,,,1,17,,591314,22,,,1,15,,591342,22,,,1,55,,591305,22,,,1,15,,591339,22,,,1,14,,591316,22,,,1,15,,591340,22,,,1
80302,'20260608',543,,591370,22,,,1,15,,591371,22,,,1,55,,591372,22,,,1,14,,591373,22,,,1,10,,591374,22,,,1,10,,591375,22,,,1,10,,591455,22,,,1,49,,591454,22,,,1,11,,591376,22,,,1,11,,591377,22,,,1,9,,591379,22,,,1,10,,591381,22,,,1,10,,591382,22,,,1,50,,591383,22,,,1,10,,591385,22,,,1,10,,591387,22,,,1,10,,591388,22,,,1,10,,591464,22,,,1,11,,591468,22,,,1,52,,591467,22,,,1,12,,591389,22,,,1,12,,591391,22,,,1,13,,591392,22,,,1,12,,591378,22,,,1,52,,591384,22,,,1,11,,591390,22,,,1,12,,591380,22,,,1,12,,591386,22,,,1,12,,591453,22,,,1,52,,591452,22,,,1,11,,591451,22,,,1,11,,591450,22,,,1,12,,591449,22,,,1,14,,591448,22,,,1,52,,591447,22,,,1,12,,591446,22,,,1,12,,591445,22,,,1,12,,591444,22,,,1,12,,591443,22,,,1,52,,591442,22,,,1,12,,591441,22,,,1,11,,591440,22,,,1,11,,591439,22,,,1,13,,591438,22,,,1,52,,591437,22,,,1,11,,591436,22,,,1,12,,591435,22,,,1,12,,591434,22,,,1,11,,591433,22,,,1,50,,591432,22,,,1,10,,591431,22,,,1,11,,591430,22,,,1,9,,591429,22,,,1,9,,591428,22,,,1,10,,591427,22,,,1,52,,591458,22,,,1,9,,591426,22,,,1,7,,591425,22,,,1,8,,591424,22,,,1,7,,591423,22,,,1,7,,591459,22,,,1,9,,591422,22,,,1,50,,591421,22,,,1,9,,591420,22,,,1,8,,591419,22,,,1,9,,591418,22,,,1,8,,591417,22,,,1,8,,591457,22,,,1,11,,591460,22,,,1,50,,591461,22,,,1,10,,591416,22,,,1,11,,591465,22,,,1,12,,591462,22,,,1,12,,591415,22,,,1,55,,591414,22,,,1,14,,591413,22,,,1,12,,591469,22,,,1,13,,591412,22,,,1,56,,591411,22,,,1,15,,591410,22,,,1,15,,591409,22,,,1,15,,591408,22,,,1,56,,591407,22,,,1,16,,591406,22,,,1,15,,591405,22,,,1,15,,591404,22,,,1,56,,591403,22,,,1,15,,591402,22,,,1,15,,591401,22,,,1,15,,591400,22,,,1,54,,591399,22,,,1,16,,591398,22,,,1,15,,591397,22,,,1,15,,591396,22,,,1,55,,591395,22,,,1,16,,591394,22,,,1,16,,591456,22,,,1,15,,591463,22,,,1,55,,591466,22,,,1,15,,591393,22,,,1
80302,'20260609',543,,591470,22,,,1,15,,591471,22,,,1,55,,591472,22,,,1,14,,591473,22,,,1,10,,591474,22,,,1,10,,591475,22,,,1,10,,591555,22,,,1,49,,591554,22,,,1,11,,591476,22,,,1,11,,591477,22,,,1,9,,591479,22,,,1,10,,591481,22,,,1,10,,591482,22,,,1,50,,591483,22,,,1,10,,591485,22,,,1,10,,591487,22,,,1,10,,591488,22,,,1,10,,591564,22,,,1,11,,591568,22,,,1,52,,591567,22,,,1,12,,591489,22,,,1,12,,591491,22,,,1,13,,591492,22,,,1,12,,591478,22,,,1,52,,591484,22,,,1,11,,591490,22,,,1,12,,591480,22,,,1,12,,591486,22,,,1,12,,591553,22,,,1,52,,591552,22,,,1,11,,591551,22,,,1,11,,591550,22,,,1,12,,591549,22,,,1,14,,591548,22,,,1,52,,591547,22,,,1,12,,591546,22,,,1,12,,591545,22,,,1,12,,591544,22,,,1,12,,591543,22,,,1,52,,591542,22,,,1,12,,591541,22,,,1,11,,591540,22,,,1,11,,591539,22,,,1,13,,591538,22,,,1,52,,591537,22,,,1,11,,591536,22,,,1,12,,591535,22,,,1,12,,591534,22,,,1,11,,591533,22,,,1,50,,591532,22,,,1,10,,591531,22,,,1,11,,591530,22,,,1,9,,591529,22,,,1,9,,591528,22,,,1,10,,591527,22,,,1,52,,591558,22,,,1,9,,591526,22,,,1,7,,591525,22,,,1,8,,591524,22,,,1,7,,591523,22,,,1,7,,591559,22,,,1,9,,591522,22,,,1,50,,591521,22,,,1,9,,591520,22,,,1,8,,591519,22,,,1,9,,591518,22,,,1,8,,591517,22,,,1,8,,591557,22,,,1,11,,591560,22,,,1,50,,591561,22,,,1,10,,591516,22,,,1,11,,591565,22,,,1,12,,591562,22,,,1,12,,591515,22,,,1,55,,591514,22,,,1,14,,591513,22,,,1,12,,591569,22,,,1,13,,591512,22,,,1,56,,591511,22,,,1,15,,591510,22,,,1,15,,591509,22,,,1,15,,591508,22,,,1,56,,591507,22,,,1,16,,591506,22,,,1,15,,591505,22,,,1,15,,591504,22,,,1,56,,591503,22,,,1,15,,591502,22,,,1,15,,591501,22,,,1,15,,591500,22,,,1,54,,591499,22,,,1,16,,591498,22,,,1,15,,591497,22,,,1,15,,591496,22,,,1,55,,591495,22,,,1,16,,591494,22,,,1,16,,591556,22,,,1,15,,591563,22,,,1,55,,591566,22,,,1,15,,591493,22,,,1
80302,'20260610',543,,626879,22,,,1,15,,626880,22,,,1,55,,626881,22,,,1,14,,626882,22,,,1,10,,626883,22,,,1,10,,626884,22,,,1,10,,626964,22,,,1,49,,626963,22,,,1,11,,626885,22,,,1,11,,626886,22,,,1,9,,626888,22,,,1,10,,626890,22,,,1,10,,626891,22,,,1,50,,626892,22,,,1,10,,626894,22,,,1,10,,626896,22,,,1,10,,626897,22,,,1,10,,626973,22,,,1,11,,626977,22,,,1,52,,626976,22,,,1,12,,626898,22,,,1,12,,626900,22,,,1,13,,626901,22,,,1,12,,626887,22,,,1,52,,626893,22,,,1,11,,626899,22,,,1,12,,626889,22,,,1,12,,626895,22,,,1,12,,626962,22,,,1,52,,626961,22,,,1,11,,626960,22,,,1,11,,626959,22,,,1,12,,626958,22,,,1,14,,626957,22,,,1,52,,626956,22,,,1,12,,626955,22,,,1,12,,626954,22,,,1,12,,626953,22,,,1,12,,626952,22,,,1,52,,626951,22,,,1,12,,626950,22,,,1,11,,626949,22,,,1,11,,626948,22,,,1,13,,626947,22,,,1,52,,626946,22,,,1,11,,626945,22,,,1,12,,626944,22,,,1,12,,626943,22,,,1,11,,626942,22,,,1,50,,626941,22,,,1,10,,626940,22,,,1,11,,626939,22,,,1,9,,626938,22,,,1,9,,626937,22,,,1,10,,626936,22,,,1,52,,626967,22,,,1,9,,626935,22,,,1,7,,626934,22,,,1,8,,626933,22,,,1,7,,626932,22,,,1,7,,626968,22,,,1,9,,626931,22,,,1,50,,626930,22,,,1,9,,626929,22,,,1,8,,626928,22,,,1,9,,626927,22,,,1,8,,626926,22,,,1,8,,626966,22,,,1,11,,626969,22,,,1,50,,626970,22,,,1,10,,626925,22,,,1,11,,626974,22,,,1,12,,626971,22,,,1,12,,626924,22,,,1,55,,626923,22,,,1,14,,626922,22,,,1,12,,626978,22,,,1,13,,626921,22,,,1,56,,626920,22,,,1,15,,626919,22,,,1,15,,626918,22,,,1,15,,626917,22,,,1,56,,626916,22,,,1,16,,626915,22,,,1,15,,626914,22,,,1,15,,626913,22,,,1,56,,626912,22,,,1,15,,626911,22,,,1,15,,626910,22,,,1,15,,626909,22,,,1,54,,626908,22,,,1,16,,626907,22,,,1,15,,626906,22,,,1,15,,626905,22,,,1,55,,626904,22,,,1,16,,626903,22,,,1,16,,626965,22,,,1,15,,626972,22,,,1,55,,626975,22,,,1,15,,626902,22,,,1
80302,'20260611',543,,626979,22,,,1,15,,626980,22,,,1,55,,626981,22,,,1,14,,626982,22,,,1,10,,626983,22,,,1,10,,626984,22,,,1,10,,627064,22,,,1,49,,627063,22,,,1,11,,626985,22,,,1,11,,626986,22,,,1,9,,626988,22,,,1,10,,626990,22,,,1,10,,626991,22,,,1,50,,626992,22,,,1,10,,626994,22,,,1,10,,626996,22,,,1,10,,626997,22,,,1,10,,627073,22,,,1,11,,627077,22,,,1,52,,627076,22,,,1,12,,626998,22,,,1,12,,627000,22,,,1,13,,627001,22,,,1,12,,626987,22,,,1,52,,626993,22,,,1,11,,626999,22,,,1,12,,626989,22,,,1,12,,626995,22,,,1,12,,627062,22,,,1,52,,627061,22,,,1,11,,627060,22,,,1,11,,627059,22,,,1,12,,627058,22,,,1,14,,627057,22,,,1,52,,627056,22,,,1,12,,627055,22,,,1,12,,627054,22,,,1,12,,627053,22,,,1,12,,627052,22,,,1,52,,627051,22,,,1,12,,627050,22,,,1,11,,627049,22,,,1,11,,627048,22,,,1,13,,627047,22,,,1,52,,627046,22,,,1,11,,627045,22,,,1,12,,627044,22,,,1,12,,627043,22,,,1,11,,627042,22,,,1,50,,627041,22,,,1,10,,627040,22,,,1,11,,627039,22,,,1,9,,627038,22,,,1,9,,627037,22,,,1,10,,627036,22,,,1,52,,627067,22,,,1,9,,627035,22,,,1,7,,627034,22,,,1,8,,627033,22,,,1,7,,627032,22,,,1,7,,627068,22,,,1,9,,627031,22,,,1,50,,627030,22,,,1,9,,627029,22,,,1,8,,627028,22,,,1,9,,627027,22,,,1,8,,627026,22,,,1,8,,627066,22,,,1,11,,627069,22,,,1,50,,627070,22,,,1,10,,627025,22,,,1,11,,627074,22,,,1,12,,627071,22,,,1,12,,627024,22,,,1,55,,627023,22,,,1,14,,627022,22,,,1,12,,627078,22,,,1,13,,627021,22,,,1,56,,627020,22,,,1,15,,627019,22,,,1,15,,627018,22,,,1,15,,627017,22,,,1,56,,627016,22,,,1,16,,627015,22,,,1,15,,627014,22,,,1,15,,627013,22,,,1,56,,627012,22,,,1,15,,627011,22,,,1,15,,627010,22,,,1,15,,627009,22,,,1,54,,627008,22,,,1,16,,627007,22,,,1,15,,627006,22,,,1,15,,627005,22,,,1,55,,627004,22,,,1,16,,627003,22,,,1,16,,627065,22,,,1,15,,627072,22,,,1,55,,627075,22,,,1,15,,627002,22,,,1
80302,'20260612',543,,627079,22,,,1,15,,627080,22,,,1,55,,627081,22,,,1,14,,627082,22,,,1,10,,627083,22,,,1,10,,627084,22,,,1,10,,627164,22,,,1,49,,627163,22,,,1,11,,627085,22,,,1,11,,627086,22,,,1,9,,627088,22,,,1,10,,627090,22,,,1,10,,627091,22,,,1,50,,627092,22,,,1,10,,627094,22,,,1,10,,627096,22,,,1,10,,627097,22,,,1,10,,627173,22,,,1,11,,627177,22,,,1,52,,627176,22,,,1,12,,627098,22,,,1,12,,627100,22,,,1,13,,627101,22,,,1,12,,627087,22,,,1,52,,627093,22,,,1,11,,627099,22,,,1,12,,627089,22,,,1,12,,627095,22,,,1,12,,627162,22,,,1,52,,627161,22,,,1,11,,627160,22,,,1,11,,627159,22,,,1,12,,627158,22,,,1,14,,627157,22,,,1,52,,627156,22,,,1,12,,627155,22,,,1,12,,627154,22,,,1,12,,627153,22,,,1,12,,627152,22,,,1,52,,627151,22,,,1,12,,627150,22,,,1,11,,627149,22,,,1,11,,627148,22,,,1,13,,627147,22,,,1,52,,627146,22,,,1,11,,627145,22,,,1,12,,627144,22,,,1,12,,627143,22,,,1,11,,627142,22,,,1,50,,627141,22,,,1,10,,627140,22,,,1,11,,627139,22,,,1,9,,627138,22,,,1,9,,627137,22,,,1,10,,627136,22,,,1,52,,627167,22,,,1,9,,627135,22,,,1,7,,627134,22,,,1,8,,627133,22,,,1,7,,627132,22,,,1,7,,627168,22,,,1,9,,627131,22,,,1,50,,627130,22,,,1,9,,627129,22,,,1,8,,627128,22,,,1,9,,627127,22,,,1,8,,627126,22,,,1,8,,627166,22,,,1,11,,627169,22,,,1,50,,627170,22,,,1,10,,627125,22,,,1,11,,627174,22,,,1,12,,627171,22,,,1,12,,627124,22,,,1,55,,627123,22,,,1,14,,627122,22,,,1,12,,627178,22,,,1,13,,627121,22,,,1,56,,627120,22,,,1,15,,627119,22,,,1,15,,627118,22,,,1,15,,627117,22,,,1,56,,627116,22,,,1,16,,627115,22,,,1,15,,627114,22,,,1,15,,627113,22,,,1,56,,627112,22,,,1,15,,627111,22,,,1,15,,627110,22,,,1,15,,627109,22,,,1,54,,627108,22,,,1,16,,627107,22,,,1,15,,627106,22,,,1,15,,627105,22,,,1,55,,627104,22,,,1,16,,627103,22,,,1,16,,627165,22,,,1,15,,627172,22,,,1,55,,627175,22,,,1,15,,627102,22,,,1
80302,'20261511',548,,627180,22,,,1,54,,627179,22,,,1,15,,627241,22,,,1,16,,627182,22,,,1,16,,627183,22,,,1,56,,627181,22,,,1,15,,627242,22,,,1,13,,627184,22,,,1,15,,627191,22,,,1,54,,627194,22,,,1,15,,627243,22,,,1,15,,627196,22,,,1,15,,627195,22,,,1,54,,627244,22,,,1,16,,627189,22,,,1,14,,627192,22,,,1,16,,627188,22,,,1,55,,627187,22,,,1,15,,627190,22,,,1,14,,627185,22,,,1,16,,627193,22,,,1,56,,627186,22,,,1,16,,627232,22,,,1,16,,627235,22,,,1,15,,627233,22,,,1,54,,627227,22,,,1,16,,627201,22,,,1,16,,627210,22,,,1,14,,627198,22,,,1,54,,627223,22,,,1,16,,627225,22,,,1,14,,627214,22,,,1,16,,627229,22,,,1,53,,627208,22,,,1,17,,627219,22,,,1,13,,627230,22,,,1,17,,627228,22,,,1,55,,627221,22,,,1,16,,627220,22,,,1,14,,627231,22,,,1,17,,627237,22,,,1,53,,627222,22,,,1,16,,627226,22,,,1,15,,627206,22,,,1,14,,627234,22,,,1,54,,627224,22,,,1,15,,627213,22,,,1,15,,627212,22,,,1,13,,627209,22,,,1,56,,627203,22,,,1,16,,627215,22,,,1,14,,627216,22,,,1,15,,627245,22,,,1,56,,627218,22,,,1,15,,627199,22,,,1,15,,627207,22,,,1,15,,627246,22,,,1,55,,627200,22,,,1,15,,627197,22,,,1,15,,627247,22,,,1,15,,627204,22,,,1,55,,627248,22,,,1,15,,627238,22,,,1,15,,627249,22,,,1,15,,627240,22,,,1,56,,627250,22,,,1,14,,627202,22,,,1,15,,627251,22,,,1,16,,627236,22,,,1,56,,627252,22,,,1,15,,627211,22,,,1,17,,627217,22,,,1,15,,627253,22,,,1,55,,627239,22,,,1,15,,627254,22,,,1,14,,627205,22,,,1,15,,627255,22,,,1
80302,'20261611',548,,627306,22,,,1,54,,627308,22,,,1,15,,627263,22,,,1,16,,627311,22,,,1,16,,627310,22,,,1,56,,627307,22,,,1,15,,627296,22,,,1,13,,627312,22,,,1,15,,627315,22,,,1,54,,627320,22,,,1,15,,627295,22,,,1,15,,627321,22,,,1,15,,627318,22,,,1,54,,627309,22,,,1,16,,627324,22,,,1,14,,627316,22,,,1,16,,627332,22,,,1,55,,627314,22,,,1,15,,627326,22,,,1,14,,627313,22,,,1,16,,627317,22,,,1,56,,627319,22,,,1,16,,627265,22,,,1,16,,627291,22,,,1,15,,627274,22,,,1,54,,627276,22,,,1,16,,627328,22,,,1,16,,627280,22,,,1,14,,627323,22,,,1,54,,627264,22,,,1,16,,627270,22,,,1,14,,627278,22,,,1,16,,627289,22,,,1,53,,627282,22,,,1,17,,627260,22,,,1,13,,627290,22,,,1,17,,627257,22,,,1,55,,627285,22,,,1,16,,627284,22,,,1,14,,627269,22,,,1,17,,627293,22,,,1,53,,627286,22,,,1,16,,627266,22,,,1,15,,627287,22,,,1,14,,627275,22,,,1,54,,627288,22,,,1,15,,627283,22,,,1,15,,627281,22,,,1,13,,627273,22,,,1,56,,627330,22,,,1,16,,627258,22,,,1,14,,627256,22,,,1,15,,627294,22,,,1,56,,627259,22,,,1,15,,627325,22,,,1,15,,627261,22,,,1,15,,627300,22,,,1,55,,627327,22,,,1,15,,627322,22,,,1,15,,627297,22,,,1,15,,627331,22,,,1,55,,627298,22,,,1,15,,627272,22,,,1,15,,627299,22,,,1,15,,627262,22,,,1,56,,627271,22,,,1,14,,627329,22,,,1,15,,627304,22,,,1,16,,627292,22,,,1,56,,627301,22,,,1,15,,627267,22,,,1,17,,627277,22,,,1,15,,627305,22,,,1,55,,627268,22,,,1,15,,627302,22,,,1,14,,627279,22,,,1,15,,627303,22,,,1
1008200,'20260601',801,,635020,13,,,0
1008200,'20260602',801,,635021,13,,,0
1008200,'20260603',801,,635022,13,,,0
1008200,'20260604',801,,635023,13,,,0
1008200,'20260605',801,,576992,13,,,0
1008200,'20260608',801,,595039,13,,,0
1008200,'20260609',801,,595040,13,,,0
1008200,'20260610',801,,635024,13,,,0
1008200,'20260611',801,,635025,13,,,0
1008200,'20260612',801,,635026,13,,,0
