1802,'20260709',630,,866098,11,,,0,19,,866099,11,,,0,62,,866100,11,,,0,15,,866101,11,,,0,31,,866102,11,,,0,70,,866103,11,,,0,29,,866104,11,,,0,70,,866105,11,,,0,28,,866106,11,,,0,70,,866107,11,,,0,30,,866108,11,,,0,70,,866109,11,,,0,20,,866110,11,,,0,60,,866111,11,,,0,20,,866112,11,,,0,31,,866113,11,,,0,70,,866114,11,,,0,30,,866115,11,,,0,70,,866116,11,,,0,30,,866117,11,,,0,72,,866118,11,,,0,30,,866119,11,,,0,71,,866120,11,,,0,30,,866121,11,,,0,55,,866122,11,,,0,16,,866123,11,,,0,29,,866124,11,,,0,67,,866125,11,,,0,29,,866126,11,,,0,70,,866127,11,,,0,99,,866128,11,,,0,100,,866129,11,,,0,100,,866130,11,,,0,100,,866131,11,,,0,99,,866132,11,,,0
1802,'20260710',630,,901530,11,,,0,19,,901531,11,,,0,62,,901532,11,,,0,15,,901533,11,,,0,31,,901534,11,,,0,70,,901535,11,,,0,29,,901536,11,,,0,70,,901537,11,,,0,28,,901538,11,,,0,70,,901539,11,,,0,30,,901540,11,,,0,70,,901541,11,,,0,20,,901542,11,,,0,60,,901543,11,,,0,20,,901544,11,,,0,31,,901545,11,,,0,70,,901546,11,,,0,30,,901547,11,,,0,70,,901548,11,,,0,30,,901549,11,,,0,72,,901550,11,,,0,30,,901551,11,,,0,71,,901552,11,,,0,30,,901553,11,,,0,55,,901554,11,,,0,16,,901555,11,,,0,29,,901556,11,,,0,67,,901557,11,,,0,29,,901558,11,,,0,70,,901559,11,,,0,99,,901560,11,,,0,100,,901561,11,,,0,100,,901562,11,,,0,100,,901563,11,,,0,99,,901564,11,,,0
1802,'20260711',707,,919018,11,,,0,100,,919019,11,,,0,101,,919020,11,,,0,100,,919021,11,,,0,101,,919022,11,,,0,96,,919023,11,,,0,97,,919024,11,,,0,104,,919025,11,,,0,104,,919026,11,,,0,94,,919027,11,,,0,110,,919028,11,,,0,96,,919029,11,,,0,100,,919030,11,,,0,96,,919031,11,,,0,101,,919032,11,,,0,100,,919033,11,,,0,100,,919034,11,,,0
1802,'20260712',707,,919035,11,,,0,100,,919036,11,,,0,101,,919037,11,,,0,100,,919038,11,,,0,101,,919039,11,,,0,96,,919040,11,,,0,97,,919041,11,,,0,104,,919042,11,,,0,104,,919043,11,,,0,94,,919044,11,,,0,110,,919045,11,,,0,96,,919046,11,,,0,100,,919047,11,,,0,96,,919048,11,,,0,101,,919049,11,,,0,100,,919050,11,,,0,100,,919051,11,,,0
1802,'20260713',630,,919052,11,,,0,19,,919053,11,,,0,62,,919054,11,,,0,15,,919055,11,,,0,31,,919056,11,,,0,70,,919057,11,,,0,29,,919058,11,,,0,70,,919059,11,,,0,28,,919060,11,,,0,70,,919061,11,,,0,30,,919062,11,,,0,70,,919063,11,,,0,20,,919064,11,,,0,60,,919065,11,,,0,20,,919066,11,,,0,31,,919067,11,,,0,70,,919068,11,,,0,30,,919069,11,,,0,70,,919070,11,,,0,30,,919071,11,,,0,72,,919072,11,,,0,30,,919073,11,,,0,71,,919074,11,,,0,30,,919075,11,,,0,55,,919076,11,,,0,16,,919077,11,,,0,29,,919078,11,,,0,67,,919079,11,,,0,29,,919080,11,,,0,70,,919081,11,,,0,99,,919082,11,,,0,100,,919083,11,,,0,100,,919084,11,,,0,100,,919085,11,,,0,99,,919086,11,,,0
1802,'20260714',630,,919087,11,,,0,19,,919088,11,,,0,62,,919089,11,,,0,15,,919090,11,,,0,31,,919091,11,,,0,70,,919092,11,,,0,29,,919093,11,,,0,70,,919094,11,,,0,28,,919095,11,,,0,70,,919096,11,,,0,30,,919097,11,,,0,70,,919098,11,,,0,20,,919099,11,,,0,60,,919100,11,,,0,20,,919101,11,,,0,31,,919102,11,,,0,70,,919103,11,,,0,30,,919104,11,,,0,70,,919105,11,,,0,30,,919106,11,,,0,72,,919107,11,,,0,30,,919108,11,,,0,71,,919109,11,,,0,30,,919110,11,,,0,55,,919111,11,,,0,16,,919112,11,,,0,29,,919113,11,,,0,67,,919114,11,,,0,29,,919115,11,,,0,70,,919116,11,,,0,99,,919117,11,,,0,100,,919118,11,,,0,100,,919119,11,,,0,100,,919120,11,,,0,99,,919121,11,,,0
1802,'20260715',630,,866133,11,,,0,19,,866134,11,,,0,62,,866164,11,,,0,15,,866135,11,,,0,31,,866136,11,,,0,70,,866137,11,,,0,29,,866138,11,,,0,70,,866139,11,,,0,28,,866140,11,,,0,70,,866141,11,,,0,30,,866142,11,,,0,70,,866166,11,,,0,20,,866143,11,,,0,60,,866144,11,,,0,20,,866145,11,,,0,31,,866146,11,,,0,70,,866147,11,,,0,30,,866148,11,,,0,70,,866149,11,,,0,30,,866150,11,,,0,72,,866151,11,,,0,30,,866152,11,,,0,71,,866153,11,,,0,30,,866154,11,,,0,55,,866155,11,,,0,16,,866156,11,,,0,29,,866157,11,,,0,67,,866158,11,,,0,29,,866165,11,,,0,70,,866167,11,,,0,99,,866162,11,,,0,100,,866160,11,,,0,100,,866163,11,,,0,100,,866159,11,,,0,99,,866161,11,,,0
1802,'20260716',630,,866168,11,,,0,19,,866169,11,,,0,62,,866199,11,,,0,15,,866170,11,,,0,31,,866171,11,,,0,70,,866172,11,,,0,29,,866173,11,,,0,70,,866174,11,,,0,28,,866175,11,,,0,70,,866176,11,,,0,30,,866177,11,,,0,70,,866201,11,,,0,20,,866178,11,,,0,60,,866179,11,,,0,20,,866180,11,,,0,31,,866181,11,,,0,70,,866182,11,,,0,30,,866183,11,,,0,70,,866184,11,,,0,30,,866185,11,,,0,72,,866186,11,,,0,30,,866187,11,,,0,71,,866188,11,,,0,30,,866189,11,,,0,55,,866190,11,,,0,16,,866191,11,,,0,29,,866192,11,,,0,67,,866193,11,,,0,29,,866200,11,,,0,70,,866202,11,,,0,99,,866197,11,,,0,100,,866195,11,,,0,100,,866198,11,,,0,100,,866194,11,,,0,99,,866196,11,,,0
1802,'20260717',630,,866203,11,,,0,19,,866204,11,,,0,62,,866234,11,,,0,15,,866205,11,,,0,31,,866206,11,,,0,70,,866207,11,,,0,29,,866208,11,,,0,70,,866209,11,,,0,28,,866210,11,,,0,70,,866211,11,,,0,30,,866212,11,,,0,70,,866236,11,,,0,20,,866213,11,,,0,60,,866214,11,,,0,20,,866215,11,,,0,31,,866216,11,,,0,70,,866217,11,,,0,30,,866218,11,,,0,70,,866219,11,,,0,30,,866220,11,,,0,72,,866221,11,,,0,30,,866222,11,,,0,71,,866223,11,,,0,30,,866224,11,,,0,55,,866225,11,,,0,16,,866226,11,,,0,29,,866227,11,,,0,67,,866228,11,,,0,29,,866235,11,,,0,70,,866237,11,,,0,99,,866232,11,,,0,100,,866230,11,,,0,100,,866233,11,,,0,100,,866229,11,,,0,99,,866231,11,,,0
1802,'20260718',707,,901580,11,,,0,100,,901566,11,,,0,101,,901567,11,,,0,100,,901568,11,,,0,101,,901569,11,,,0,96,,901570,11,,,0,97,,901571,11,,,0,104,,901572,11,,,0,104,,901573,11,,,0,94,,901574,11,,,0,110,,901575,11,,,0,96,,901576,11,,,0,100,,901577,11,,,0,96,,901578,11,,,0,101,,901579,11,,,0,100,,901565,11,,,0,100,,901581,11,,,0
1802,'20260719',707,,901597,11,,,0,100,,901583,11,,,0,101,,901584,11,,,0,100,,901585,11,,,0,101,,901586,11,,,0,96,,901587,11,,,0,97,,901588,11,,,0,104,,901589,11,,,0,104,,901590,11,,,0,94,,901591,11,,,0,110,,901592,11,,,0,96,,901593,11,,,0,100,,901594,11,,,0,96,,901595,11,,,0,101,,901596,11,,,0,100,,901582,11,,,0,100,,901598,11,,,0
1802,'20260720',630,,901599,11,,,0,19,,901600,11,,,0,62,,901630,11,,,0,15,,901601,11,,,0,31,,901602,11,,,0,70,,901603,11,,,0,29,,901604,11,,,0,70,,901605,11,,,0,28,,901606,11,,,0,70,,901607,11,,,0,30,,901608,11,,,0,70,,901632,11,,,0,20,,901609,11,,,0,60,,901610,11,,,0,20,,901611,11,,,0,31,,901612,11,,,0,70,,901613,11,,,0,30,,901614,11,,,0,70,,901615,11,,,0,30,,901616,11,,,0,72,,901617,11,,,0,30,,901618,11,,,0,71,,901619,11,,,0,30,,901620,11,,,0,55,,901621,11,,,0,16,,901622,11,,,0,29,,901623,11,,,0,67,,901624,11,,,0,29,,901631,11,,,0,70,,901633,11,,,0,99,,901628,11,,,0,100,,901626,11,,,0,100,,901629,11,,,0,100,,901625,11,,,0,99,,901627,11,,,0
1802,'20260721',630,,901634,11,,,0,19,,901635,11,,,0,62,,901665,11,,,0,15,,901636,11,,,0,31,,901637,11,,,0,70,,901638,11,,,0,29,,901639,11,,,0,70,,901640,11,,,0,28,,901641,11,,,0,70,,901642,11,,,0,30,,901643,11,,,0,70,,901667,11,,,0,20,,901644,11,,,0,60,,901645,11,,,0,20,,901646,11,,,0,31,,901647,11,,,0,70,,901648,11,,,0,30,,901649,11,,,0,70,,901650,11,,,0,30,,901651,11,,,0,72,,901652,11,,,0,30,,901653,11,,,0,71,,901654,11,,,0,30,,901655,11,,,0,55,,901656,11,,,0,16,,901657,11,,,0,29,,901658,11,,,0,67,,901659,11,,,0,29,,901666,11,,,0,70,,901668,11,,,0,99,,901663,11,,,0,100,,901661,11,,,0,100,,901664,11,,,0,100,,901660,11,,,0,99,,901662,11,,,0
1802,'20260722',630,,919122,11,,,0,19,,919123,11,,,0,62,,919153,11,,,0,15,,919124,11,,,0,31,,919125,11,,,0,70,,919126,11,,,0,29,,919127,11,,,0,70,,919128,11,,,0,28,,919129,11,,,0,70,,919130,11,,,0,30,,919131,11,,,0,70,,919155,11,,,0,20,,919132,11,,,0,60,,919133,11,,,0,20,,919134,11,,,0,31,,919135,11,,,0,70,,919136,11,,,0,30,,919137,11,,,0,70,,919138,11,,,0,30,,919139,11,,,0,72,,919140,11,,,0,30,,919141,11,,,0,71,,919142,11,,,0,30,,919143,11,,,0,55,,919144,11,,,0,16,,919145,11,,,0,29,,919146,11,,,0,67,,919147,11,,,0,29,,919154,11,,,0,70,,919156,11,,,0,99,,919151,11,,,0,100,,919149,11,,,0,100,,919152,11,,,0,100,,919148,11,,,0,99,,919150,11,,,0
1802,'20260723',630,,919157,11,,,0,19,,919158,11,,,0,62,,919188,11,,,0,15,,919159,11,,,0,31,,919160,11,,,0,70,,919161,11,,,0,29,,919162,11,,,0,70,,919163,11,,,0,28,,919164,11,,,0,70,,919165,11,,,0,30,,919166,11,,,0,70,,919190,11,,,0,20,,919167,11,,,0,60,,919168,11,,,0,20,,919169,11,,,0,31,,919170,11,,,0,70,,919171,11,,,0,30,,919172,11,,,0,70,,919173,11,,,0,30,,919174,11,,,0,72,,919175,11,,,0,30,,919176,11,,,0,71,,919177,11,,,0,30,,919178,11,,,0,55,,919179,11,,,0,16,,919180,11,,,0,29,,919181,11,,,0,67,,919182,11,,,0,29,,919189,11,,,0,70,,919191,11,,,0,99,,919186,11,,,0,100,,919184,11,,,0,100,,919187,11,,,0,100,,919183,11,,,0,99,,919185,11,,,0
