400,'20260619',719,,738987,31,4,,0,15,,738988,31,4,,0,21,,738989,31,4,,0,49,,738990,31,4,,0,15,,738991,31,4,,0,15,,738992,31,4,,0,16,,738993,31,4,,0,58,,738994,31,4,,0,29,,738995,31,4,,0,70,,738996,31,4,,0,30,,738997,31,4,,0,70,,738998,31,4,,0,30,,738999,31,4,,0,15,,739000,31,4,,0,54,,739001,31,4,,0,15,,739002,31,4,,0,15,,739003,31,4,,0,16,,739004,31,4,,0,55,,739005,31,4,,0,31,,739006,31,4,,0,70,,739007,31,4,,0,30,,739008,31,4,,0,69,,739009,31,4,,0,15,,739010,31,4,,0,16,,739011,31,4,,0,16,,739012,31,4,,0,54,,739013,31,4,,0,14,,739014,31,4,,0,15,,739015,31,4,,0,16,,739016,31,4,,0,62,,739017,31,4,,0,17,,739018,31,4,,0,25,,739019,31,4,,0,64,,739020,31,4,,0,34,,739021,31,4,,0,98,,739022,31,4,,0,100,,739023,31,4,,0,101,,739024,31,4,,0,98,,739025,31,4,,0,99,,739026,31,4,,0
400,'20260620',739,,768951,31,4,,0,100,,768952,31,4,,0,99,,768953,31,4,,0,101,,768954,31,4,,0,102,,768955,31,4,,0,99,,768956,31,4,,0,100,,768957,31,4,,0,100,,768958,31,4,,0,101,,768959,31,4,,0,98,,768960,31,4,,0,109,,768961,31,4,,0,94,,768962,31,4,,0,97,,768963,31,4,,0,98,,768964,31,4,,0,99,,768965,31,4,,0,98,,768966,31,4,,0,98,,768967,31,4,,0
400,'20260621',739,,768968,31,4,,0,100,,768969,31,4,,0,99,,768970,31,4,,0,101,,768971,31,4,,0,102,,768972,31,4,,0,99,,768973,31,4,,0,100,,768974,31,4,,0,100,,768975,31,4,,0,101,,768976,31,4,,0,98,,768977,31,4,,0,109,,768978,31,4,,0,94,,768979,31,4,,0,97,,768980,31,4,,0,98,,768981,31,4,,0,99,,768982,31,4,,0,98,,768983,31,4,,0,98,,768984,31,4,,0
400,'20260622',719,,768987,31,4,,0,34,,768988,31,4,,0,66,,768989,31,4,,0,31,,768990,31,4,,0,87,,768991,31,4,,0,100,,768992,31,4,,0,101,,768993,31,4,,0,102,,768994,31,4,,0,94,,768995,31,4,,0,104,,768996,31,4,,0,100,,768997,31,4,,0,71,,768998,31,4,,0,27,,768999,31,4,,0,71,,769000,31,4,,0,25,,769001,31,4,,0,69,,769002,31,4,,0,55,,769003,31,4,,0,98,,769004,31,4,,0,100,,769005,31,4,,0,101,,769006,31,4,,0,98,,769007,31,4,,0,99,,769008,31,4,,0
400,'20260623',719,,769011,31,4,,0,34,,769012,31,4,,0,66,,769013,31,4,,0,31,,769014,31,4,,0,87,,769015,31,4,,0,100,,769016,31,4,,0,101,,769017,31,4,,0,102,,769018,31,4,,0,94,,769019,31,4,,0,104,,769020,31,4,,0,100,,769021,31,4,,0,71,,769022,31,4,,0,27,,769023,31,4,,0,71,,769024,31,4,,0,25,,769025,31,4,,0,69,,769026,31,4,,0,55,,769027,31,4,,0,98,,769028,31,4,,0,100,,769029,31,4,,0,101,,769030,31,4,,0,98,,769031,31,4,,0,99,,769032,31,4,,0
400,'20260624',739,,769033,31,4,,0,100,,769034,31,4,,0,99,,769035,31,4,,0,101,,769036,31,4,,0,102,,769037,31,4,,0,99,,769038,31,4,,0,100,,769039,31,4,,0,100,,769040,31,4,,0,101,,769041,31,4,,0,98,,769042,31,4,,0,109,,769043,31,4,,0,94,,769044,31,4,,0,97,,769045,31,4,,0,98,,769046,31,4,,0,99,,769047,31,4,,0,98,,769048,31,4,,0,98,,769049,31,4,,0
400,'20260625',719,,703175,31,4,,0,34,,703176,31,4,,0,66,,703177,31,4,,0,31,,703178,31,4,,0,87,,703179,31,4,,0,100,,703180,31,4,,0,101,,703181,31,4,,0,102,,703182,31,4,,0,94,,703183,31,4,,0,104,,703184,31,4,,0,100,,703185,31,4,,0,71,,703186,31,4,,0,27,,703187,31,4,,0,71,,703188,31,4,,0,25,,703189,31,4,,0,69,,703190,31,4,,0,55,,703191,31,4,,0,98,,703192,31,4,,0,100,,703193,31,4,,0,101,,703194,31,4,,0,98,,703195,31,4,,0,99,,703196,31,4,,0
400,'20260626',719,,703197,31,4,,0,34,,703198,31,4,,0,66,,703199,31,4,,0,31,,703200,31,4,,0,87,,703201,31,4,,0,100,,703202,31,4,,0,101,,703203,31,4,,0,102,,703204,31,4,,0,94,,703205,31,4,,0,104,,703206,31,4,,0,100,,703207,31,4,,0,71,,703208,31,4,,0,27,,703209,31,4,,0,71,,703210,31,4,,0,25,,703211,31,4,,0,69,,703212,31,4,,0,55,,703213,31,4,,0,98,,703214,31,4,,0,100,,703215,31,4,,0,101,,703216,31,4,,0,98,,703217,31,4,,0,99,,703218,31,4,,0
400,'20260627',739,,739105,31,4,,0,100,,739106,31,4,,0,99,,739107,31,4,,0,101,,739108,31,4,,0,102,,739109,31,4,,0,99,,739110,31,4,,0,100,,739111,31,4,,0,100,,739112,31,4,,0,101,,739113,31,4,,0,98,,739114,31,4,,0,109,,739115,31,4,,0,94,,739116,31,4,,0,97,,739117,31,4,,0,98,,739118,31,4,,0,99,,739119,31,4,,0,98,,739120,31,4,,0,98,,739121,31,4,,0
400,'20260628',739,,739122,31,4,,0,100,,739123,31,4,,0,99,,739124,31,4,,0,101,,739125,31,4,,0,102,,739126,31,4,,0,99,,739127,31,4,,0,100,,739128,31,4,,0,100,,739129,31,4,,0,101,,739130,31,4,,0,98,,739131,31,4,,0,109,,739132,31,4,,0,94,,739133,31,4,,0,97,,739134,31,4,,0,98,,739135,31,4,,0,99,,739136,31,4,,0,98,,739137,31,4,,0,98,,739138,31,4,,0
400,'20260629',719,,739139,31,4,,0,34,,739140,31,4,,0,66,,739141,31,4,,0,31,,739142,31,4,,0,87,,739143,31,4,,0,100,,739144,31,4,,0,101,,739145,31,4,,0,102,,739146,31,4,,0,94,,739147,31,4,,0,104,,739148,31,4,,0,100,,739149,31,4,,0,71,,739150,31,4,,0,27,,739151,31,4,,0,71,,739152,31,4,,0,25,,739153,31,4,,0,69,,739154,31,4,,0,55,,739155,31,4,,0,98,,739156,31,4,,0,100,,739157,31,4,,0,101,,739158,31,4,,0,98,,739159,31,4,,0,99,,739160,31,4,,0
400,'20260630',719,,739161,31,4,,0,34,,739162,31,4,,0,66,,739163,31,4,,0,31,,739164,31,4,,0,87,,739165,31,4,,0,100,,739166,31,4,,0,101,,739167,31,4,,0,102,,739168,31,4,,0,94,,739169,31,4,,0,104,,739170,31,4,,0,100,,739171,31,4,,0,71,,739172,31,4,,0,27,,739173,31,4,,0,71,,739174,31,4,,0,25,,739175,31,4,,0,69,,739176,31,4,,0,55,,739177,31,4,,0,98,,739178,31,4,,0,100,,739179,31,4,,0,101,,739180,31,4,,0,98,,739181,31,4,,0,99,,739182,31,4,,0
400,'20260701',739,,769050,31,4,,0,100,,769051,31,4,,0,99,,769052,31,4,,0,101,,769053,31,4,,0,102,,769054,31,4,,0,99,,769055,31,4,,0,100,,769056,31,4,,0,100,,769057,31,4,,0,101,,769058,31,4,,0,98,,769059,31,4,,0,109,,769060,31,4,,0,94,,769061,31,4,,0,97,,769062,31,4,,0,98,,769063,31,4,,0,99,,769064,31,4,,0,98,,769065,31,4,,0,98,,769066,31,4,,0
400,'20260702',719,,769067,31,4,,0,34,,769068,31,4,,0,66,,769069,31,4,,0,31,,769070,31,4,,0,87,,769071,31,4,,0,100,,769072,31,4,,0,101,,769073,31,4,,0,102,,769074,31,4,,0,94,,769075,31,4,,0,104,,769076,31,4,,0,100,,769077,31,4,,0,71,,769078,31,4,,0,27,,769079,31,4,,0,71,,769080,31,4,,0,25,,769081,31,4,,0,69,,769082,31,4,,0,55,,769083,31,4,,0,98,,769084,31,4,,0,100,,769085,31,4,,0,101,,769086,31,4,,0,98,,769087,31,4,,0,99,,769088,31,4,,0
400,'20260703',719,,769089,31,4,,0,34,,769090,31,4,,0,66,,769091,31,4,,0,31,,769092,31,4,,0,87,,769093,31,4,,0,100,,769094,31,4,,0,101,,769095,31,4,,0,102,,769096,31,4,,0,94,,769097,31,4,,0,104,,769098,31,4,,0,100,,769099,31,4,,0,71,,769100,31,4,,0,27,,769101,31,4,,0,71,,769102,31,4,,0,25,,769103,31,4,,0,69,,769104,31,4,,0,55,,769105,31,4,,0,98,,769106,31,4,,0,100,,769107,31,4,,0,101,,769108,31,4,,0,98,,769109,31,4,,0,99,,769110,31,4,,0
401,'20260619',526,,739187,1,,,0,30,,739188,1,,,0,69,,739189,1,,,0,28,,739190,1,,,0,55,,739191,1,,,0,15,,739185,1,,,0,2,,739192,1,,,0,13,,739183,1,,,0,2,,739193,1,,,0,15,,739184,1,,,0,2,,739194,1,,,0,52,,739186,1,,,0,2,,739195,1,,,0,15,,739196,1,,,0,15,,739197,1,,,0,16,,739198,1,,,0,57,,739199,1,,,0,29,,739200,1,,,0,70,,739201,1,,,0,30,,739202,1,,,0,70,,739203,1,,,0,30,,739204,1,,,0,69,,739205,1,,,0,15,,739206,1,,,0,15,,739207,1,,,0,71,,739208,1,,,0,31,,739209,1,,,0,70,,739210,1,,,0,30,,739211,1,,,0,11,,739212,1,,,0,58,,739213,1,,,0,15,,739214,1,,,0,17,,739215,1,,,0,56,,739216,1,,,0,10,,739217,1,,,0,19,,739218,1,,,0,15,,739219,1,,,0,56,,739220,1,,,0,17,,739221,1,,,0,20,,739222,1,,,0,64,,739223,1,,,0,98,,739224,1,,,0,58,,739225,1,,,0,100,,739226,1,,,0,101,,739227,1,,,0,98,,739228,1,,,0,99,,739229,1,,,0
401,'20260620',648,,769111,1,,,0,94,,769112,1,,,0,100,,769113,1,,,0,100,,769114,1,,,0,101,,769115,1,,,0,100,,769116,1,,,0,101,,769117,1,,,0,100,,769118,1,,,0,100,,769119,1,,,0,101,,769120,1,,,0,98,,769121,1,,,0,104,,769122,1,,,0,99,,769123,1,,,0,97,,769124,1,,,0,98,,769125,1,,,0,99,,769126,1,,,0,98,,769127,1,,,0,98,,769128,1,,,0
401,'20260621',648,,769129,1,,,0,94,,769130,1,,,0,100,,769131,1,,,0,100,,769132,1,,,0,101,,769133,1,,,0,100,,769134,1,,,0,101,,769135,1,,,0,100,,769136,1,,,0,100,,769137,1,,,0,101,,769138,1,,,0,98,,769139,1,,,0,104,,769140,1,,,0,99,,769141,1,,,0,97,,769142,1,,,0,98,,769143,1,,,0,99,,769144,1,,,0,98,,769145,1,,,0,98,,769146,1,,,0
401,'20260622',526,,769151,1,,,0,30,,769152,1,,,0,69,,769153,1,,,0,28,,769154,1,,,0,70,,769149,1,,,0,2,,769155,1,,,0,13,,769147,1,,,0,17,,769148,1,,,0,54,,769150,1,,,0,17,,769157,1,,,0,31,,769158,1,,,0,86,,769159,1,,,0,100,,769160,1,,,0,101,,769161,1,,,0,102,,769162,1,,,0,94,,769163,1,,,0,104,,769164,1,,,0,70,,769165,1,,,0,31,,769166,1,,,0,69,,769167,1,,,0,30,,769168,1,,,0,73,,769169,1,,,0,83,,769170,1,,,0,101,,769171,1,,,0,58,,769172,1,,,0,100,,769173,1,,,0,141,,769174,1,,,0,58,,769175,1,,,0,99,,769176,1,,,0
401,'20260623',526,,769181,1,,,0,30,,769182,1,,,0,69,,769183,1,,,0,28,,769184,1,,,0,70,,769179,1,,,0,2,,769185,1,,,0,13,,769177,1,,,0,17,,769178,1,,,0,54,,769180,1,,,0,17,,769187,1,,,0,31,,769188,1,,,0,86,,769189,1,,,0,100,,769190,1,,,0,101,,769191,1,,,0,102,,769192,1,,,0,94,,769193,1,,,0,104,,769194,1,,,0,70,,769195,1,,,0,31,,769196,1,,,0,69,,769197,1,,,0,30,,769198,1,,,0,73,,769199,1,,,0,83,,769200,1,,,0,101,,769201,1,,,0,58,,769202,1,,,0,100,,769203,1,,,0,141,,769204,1,,,0,58,,769205,1,,,0,99,,769206,1,,,0
401,'20260624',648,,769207,1,,,0,94,,769208,1,,,0,100,,769209,1,,,0,100,,769210,1,,,0,101,,769211,1,,,0,100,,769212,1,,,0,101,,769213,1,,,0,100,,769214,1,,,0,100,,769215,1,,,0,101,,769216,1,,,0,98,,769217,1,,,0,104,,769218,1,,,0,99,,769219,1,,,0,97,,769220,1,,,0,98,,769221,1,,,0,99,,769222,1,,,0,98,,769223,1,,,0,98,,769224,1,,,0
401,'20260625',526,,703488,1,,,0,30,,703489,1,,,0,69,,703490,1,,,0,28,,703491,1,,,0,72,,703492,1,,,0,30,,703487,1,,,0,71,,703493,1,,,0,31,,703494,1,,,0,86,,703495,1,,,0,100,,703496,1,,,0,101,,703497,1,,,0,102,,703498,1,,,0,94,,703499,1,,,0,104,,703500,1,,,0,70,,703501,1,,,0,31,,703502,1,,,0,69,,703503,1,,,0,30,,703504,1,,,0,73,,703505,1,,,0,83,,703506,1,,,0,101,,703507,1,,,0,58,,703508,1,,,0,100,,703509,1,,,0,141,,703510,1,,,0,58,,703511,1,,,0,99,,703512,1,,,0
401,'20260626',526,,703514,1,,,0,30,,703515,1,,,0,69,,703516,1,,,0,28,,703517,1,,,0,72,,703518,1,,,0,30,,703513,1,,,0,71,,703519,1,,,0,31,,703520,1,,,0,86,,703521,1,,,0,100,,703522,1,,,0,101,,703523,1,,,0,102,,703524,1,,,0,94,,703525,1,,,0,104,,703526,1,,,0,70,,703527,1,,,0,31,,703528,1,,,0,69,,703529,1,,,0,30,,703530,1,,,0,73,,703531,1,,,0,83,,703532,1,,,0,101,,703533,1,,,0,58,,703534,1,,,0,100,,703535,1,,,0,141,,703536,1,,,0,58,,703537,1,,,0,99,,703538,1,,,0
401,'20260627',648,,739335,1,,,0,94,,739318,1,,,0,100,,739319,1,,,0,100,,739320,1,,,0,101,,739321,1,,,0,100,,739322,1,,,0,101,,739323,1,,,0,100,,739324,1,,,0,100,,739325,1,,,0,101,,739326,1,,,0,98,,739327,1,,,0,104,,739328,1,,,0,99,,739329,1,,,0,97,,739330,1,,,0,98,,739331,1,,,0,99,,739332,1,,,0,98,,739333,1,,,0,98,,739334,1,,,0
401,'20260628',648,,739353,1,,,0,94,,739336,1,,,0,100,,739337,1,,,0,100,,739338,1,,,0,101,,739339,1,,,0,100,,739340,1,,,0,101,,739341,1,,,0,100,,739342,1,,,0,100,,739343,1,,,0,101,,739344,1,,,0,98,,739345,1,,,0,104,,739346,1,,,0,99,,739347,1,,,0,97,,739348,1,,,0,98,,739349,1,,,0,99,,739350,1,,,0,98,,739351,1,,,0,98,,739352,1,,,0
401,'20260629',526,,739355,1,,,0,30,,739356,1,,,0,69,,739357,1,,,0,28,,739358,1,,,0,72,,739359,1,,,0,30,,739354,1,,,0,71,,739360,1,,,0,31,,739361,1,,,0,86,,739362,1,,,0,100,,739363,1,,,0,101,,739364,1,,,0,102,,739365,1,,,0,94,,739366,1,,,0,104,,739367,1,,,0,70,,739368,1,,,0,31,,739369,1,,,0,69,,739370,1,,,0,30,,739371,1,,,0,73,,739372,1,,,0,83,,739373,1,,,0,101,,739374,1,,,0,58,,739375,1,,,0,100,,739376,1,,,0,141,,739377,1,,,0,58,,739378,1,,,0,99,,739379,1,,,0
401,'20260630',526,,739381,1,,,0,30,,739382,1,,,0,69,,739383,1,,,0,28,,739384,1,,,0,72,,739385,1,,,0,30,,739380,1,,,0,71,,739386,1,,,0,31,,739387,1,,,0,86,,739388,1,,,0,100,,739389,1,,,0,101,,739390,1,,,0,102,,739391,1,,,0,94,,739392,1,,,0,104,,739393,1,,,0,70,,739394,1,,,0,31,,739395,1,,,0,69,,739396,1,,,0,30,,739397,1,,,0,73,,739398,1,,,0,83,,739399,1,,,0,101,,739400,1,,,0,58,,739401,1,,,0,100,,739402,1,,,0,141,,739403,1,,,0,58,,739404,1,,,0,99,,739405,1,,,0
401,'20260701',648,,769242,1,,,0,94,,769225,1,,,0,100,,769226,1,,,0,100,,769227,1,,,0,101,,769228,1,,,0,100,,769229,1,,,0,101,,769230,1,,,0,100,,769231,1,,,0,100,,769232,1,,,0,101,,769233,1,,,0,98,,769234,1,,,0,104,,769235,1,,,0,99,,769236,1,,,0,97,,769237,1,,,0,98,,769238,1,,,0,99,,769239,1,,,0,98,,769240,1,,,0,98,,769241,1,,,0
401,'20260702',526,,769244,1,,,0,30,,769245,1,,,0,69,,769246,1,,,0,28,,769247,1,,,0,72,,769248,1,,,0,30,,769243,1,,,0,71,,769249,1,,,0,31,,769250,1,,,0,86,,769251,1,,,0,100,,769252,1,,,0,101,,769253,1,,,0,102,,769254,1,,,0,94,,769255,1,,,0,104,,769256,1,,,0,70,,769257,1,,,0,31,,769258,1,,,0,69,,769259,1,,,0,30,,769260,1,,,0,73,,769261,1,,,0,83,,769262,1,,,0,101,,769263,1,,,0,58,,769264,1,,,0,100,,769265,1,,,0,141,,769266,1,,,0,58,,769267,1,,,0,99,,769268,1,,,0
401,'20260703',526,,769270,1,,,0,30,,769271,1,,,0,69,,769272,1,,,0,28,,769273,1,,,0,72,,769274,1,,,0,30,,769269,1,,,0,71,,769275,1,,,0,31,,769276,1,,,0,86,,769277,1,,,0,100,,769278,1,,,0,101,,769279,1,,,0,102,,769280,1,,,0,94,,769281,1,,,0,104,,769282,1,,,0,70,,769283,1,,,0,31,,769284,1,,,0,69,,769285,1,,,0,30,,769286,1,,,0,73,,769287,1,,,0,83,,769288,1,,,0,101,,769289,1,,,0,58,,769290,1,,,0,100,,769291,1,,,0,141,,769292,1,,,0,58,,769293,1,,,0,99,,769294,1,,,0
