69003,'20260501',715,,373793,20,,,0,29,,373794,20,,,0
69003,'20260504',715,,408341,20,,,0,29,,408342,20,,,0
69003,'20260505',715,,408343,20,,,0,29,,408344,20,,,0
69003,'20260506',715,,408345,20,,,0,29,,408346,20,,,0
69003,'20260507',715,,408347,20,,,0,29,,408348,20,,,0
69003,'20260508',715,,373795,20,,,0,29,,373796,20,,,0
69003,'20260511',715,,373797,20,,,0,29,,373798,20,,,0
69003,'20260512',715,,408349,20,,,0,29,,408350,20,,,0
69003,'20260513',715,,408351,20,,,0,29,,408352,20,,,0
69003,'20260514',715,,408353,20,,,0,29,,408354,20,,,0
69003,'20260515',715,,408355,20,,,0,29,,408356,20,,,0
