1102,'20260317',534,,51087,6,,,1,68,,51088,6,,,1,28,,51098,5,,,1,11,,51089,6,,,1,10,,51090,6,,,1,51,,51099,5,,,1,8,,51091,6,,,1,9,,51092,6,,,1,8,,51093,6,,,1,9,,51100,5,,,1,11,,51094,6,,,1,11,,51101,5,,,1,51,,51102,5,,,1,9,,51103,5,,,1,11,,51104,5,,,1,10,,51095,6,,,1,2,,51086,6,,,1,12,,51105,5,,,1,62,,51106,5,,,1,18,,51107,5,,,1,20,,51108,5,,,1,60,,51109,5,,,1,20,,51110,5,,,1,20,,51111,5,,,1,60,,51112,5,,,1,20,,51113,5,,,1,20,,51114,5,,,1,60,,51115,5,,,1,20,,51116,5,,,1,21,,51117,5,,,1,61,,51118,5,,,1,20,,51119,5,,,1,20,,51120,5,,,1,60,,51121,5,,,1,15,,51096,6,,,1,15,,51097,6,,,1,13,,51122,5,,,1,54,,51123,5,,,1,14,,51124,5,,,1,16,,51125,5,,,1,16,,51126,5,,,1,52,,51127,5,,,1,8,,51128,5,,,1,11,,51129,5,,,1,11,,51130,5,,,1,15,,51131,5,,,1,72,,51132,5,,,1,32,,51133,5,,,1,71,,51134,5,,,1,71,,51135,5,,,1,30,,51136,5,,,1,70,,51137,5,,,1,29,,51138,5,,,1,71,,51139,5,,,1,31,,51140,5,,,1,70,,51141,5,,,1,30,,51142,5,,,1,70,,51143,5,,,1,29,,51144,5,,,1
1102,'20260318',534,,51146,6,,,1,68,,51147,6,,,1,28,,51157,5,,,1,11,,51148,6,,,1,10,,51149,6,,,1,51,,51158,5,,,1,8,,51150,6,,,1,9,,51151,6,,,1,8,,51152,6,,,1,9,,51159,5,,,1,11,,51153,6,,,1,11,,51160,5,,,1,51,,51161,5,,,1,9,,51162,5,,,1,11,,51163,5,,,1,10,,51154,6,,,1,2,,51145,6,,,1,12,,51164,5,,,1,62,,51165,5,,,1,18,,51166,5,,,1,20,,51167,5,,,1,60,,51168,5,,,1,20,,51169,5,,,1,20,,51170,5,,,1,60,,51171,5,,,1,20,,51172,5,,,1,20,,51173,5,,,1,60,,51174,5,,,1,20,,51175,5,,,1,21,,51176,5,,,1,61,,51177,5,,,1,20,,51178,5,,,1,20,,51179,5,,,1,60,,51180,5,,,1,15,,51155,6,,,1,15,,51156,6,,,1,13,,51181,5,,,1,54,,51182,5,,,1,14,,51183,5,,,1,16,,51184,5,,,1,16,,51185,5,,,1,52,,51186,5,,,1,8,,51187,5,,,1,11,,51188,5,,,1,11,,51189,5,,,1,15,,51190,5,,,1,72,,51191,5,,,1,32,,51192,5,,,1,71,,51193,5,,,1,71,,51194,5,,,1,30,,51195,5,,,1,70,,51196,5,,,1,29,,51197,5,,,1,71,,51198,5,,,1,31,,51199,5,,,1,70,,51200,5,,,1,30,,51201,5,,,1,70,,51202,5,,,1,29,,51203,5,,,1
1102,'20260319',534,,51205,6,,,1,68,,51206,6,,,1,28,,51216,5,,,1,11,,51207,6,,,1,10,,51208,6,,,1,51,,51217,5,,,1,8,,51209,6,,,1,9,,51210,6,,,1,8,,51211,6,,,1,9,,51218,5,,,1,11,,51212,6,,,1,11,,51219,5,,,1,51,,51220,5,,,1,9,,51221,5,,,1,11,,51222,5,,,1,10,,51213,6,,,1,2,,51204,6,,,1,12,,51223,5,,,1,62,,51224,5,,,1,18,,51225,5,,,1,20,,51226,5,,,1,60,,51227,5,,,1,20,,51228,5,,,1,20,,51229,5,,,1,60,,51230,5,,,1,20,,51231,5,,,1,20,,51232,5,,,1,60,,51233,5,,,1,20,,51234,5,,,1,21,,51235,5,,,1,61,,51236,5,,,1,20,,51237,5,,,1,20,,51238,5,,,1,60,,51239,5,,,1,15,,51214,6,,,1,15,,51215,6,,,1,13,,51240,5,,,1,54,,51241,5,,,1,14,,51242,5,,,1,16,,51243,5,,,1,16,,51244,5,,,1,52,,51245,5,,,1,8,,51246,5,,,1,11,,51247,5,,,1,11,,51248,5,,,1,15,,51249,5,,,1,72,,51250,5,,,1,32,,51251,5,,,1,71,,51252,5,,,1,71,,51253,5,,,1,30,,51254,5,,,1,70,,51255,5,,,1,29,,51256,5,,,1,71,,51257,5,,,1,31,,51258,5,,,1,70,,51259,5,,,1,30,,51260,5,,,1,70,,51261,5,,,1,29,,51262,5,,,1
1102,'20260320',534,,51264,6,,,1,68,,51265,6,,,1,28,,51275,5,,,1,11,,51266,6,,,1,10,,51267,6,,,1,51,,51276,5,,,1,8,,51268,6,,,1,9,,51269,6,,,1,8,,51270,6,,,1,9,,51277,5,,,1,11,,51271,6,,,1,11,,51278,5,,,1,51,,51279,5,,,1,9,,51280,5,,,1,11,,51281,5,,,1,10,,51272,6,,,1,2,,51263,6,,,1,12,,51282,5,,,1,62,,51283,5,,,1,18,,51284,5,,,1,20,,51285,5,,,1,60,,51286,5,,,1,20,,51287,5,,,1,20,,51288,5,,,1,60,,51289,5,,,1,20,,51290,5,,,1,20,,51291,5,,,1,60,,51292,5,,,1,20,,51293,5,,,1,21,,51294,5,,,1,61,,51295,5,,,1,20,,51296,5,,,1,20,,51297,5,,,1,60,,51298,5,,,1,15,,51273,6,,,1,15,,51274,6,,,1,13,,51299,5,,,1,54,,51300,5,,,1,14,,51301,5,,,1,16,,51302,5,,,1,16,,51303,5,,,1,52,,51304,5,,,1,8,,51305,5,,,1,11,,51306,5,,,1,11,,51307,5,,,1,15,,51308,5,,,1,72,,51309,5,,,1,32,,51310,5,,,1,71,,51311,5,,,1,71,,51312,5,,,1,30,,51313,5,,,1,70,,51314,5,,,1,29,,51315,5,,,1,71,,51316,5,,,1,31,,51317,5,,,1,70,,51318,5,,,1,30,,51319,5,,,1,70,,51320,5,,,1,29,,51321,5,,,1
1202,'20260321',812,,52410,5,,,0,101,,52411,5,,,0,102,,52412,5,,,0,100,,52419,5,,,0,102,,52420,5,,,0,96,,52421,5,,,0,108,,52422,5,,,0,98,,52423,5,,,0,100,,52424,5,,,0,99,,52425,5,,,0,97,,52413,5,,,0,98,,52414,5,,,0,99,,52415,5,,,0,100,,52416,5,,,0,100,,52417,5,,,0,100,,52418,5,,,0
1202,'20260322',812,,52426,5,,,0,101,,52427,5,,,0,102,,52428,5,,,0,100,,52429,5,,,0,102,,52430,5,,,0,96,,52431,5,,,0,108,,52432,5,,,0,98,,52433,5,,,0,100,,52434,5,,,0,99,,52435,5,,,0,97,,52436,5,,,0,98,,52437,5,,,0,99,,52438,5,,,0,100,,52439,5,,,0,100,,52440,5,,,0,100,,52441,5,,,0
1202,'20260323',630,,52460,5,,,0,70,,52442,5,,,0,29,,52443,5,,,0,72,,52444,5,,,0,31,,52445,5,,,0,100,,52446,5,,,0,99,,52447,5,,,0,100,,52448,5,,,0,101,,52449,5,,,0,100,,52450,5,,,0,100,,52451,5,,,0,100,,52452,5,,,0,101,,52453,5,,,0,108,,52454,5,,,0,95,,52455,5,,,0,94,,52456,5,,,0,97,,52457,5,,,0,99,,52458,5,,,0,99,,52459,5,,,0
1202,'20260324',630,,52479,5,,,0,70,,52461,5,,,0,29,,52462,5,,,0,72,,52463,5,,,0,31,,52464,5,,,0,100,,52465,5,,,0,99,,52466,5,,,0,100,,52467,5,,,0,101,,52468,5,,,0,100,,52469,5,,,0,100,,52470,5,,,0,100,,52471,5,,,0,101,,52472,5,,,0,108,,52473,5,,,0,95,,52474,5,,,0,94,,52475,5,,,0,97,,52476,5,,,0,99,,52477,5,,,0,99,,52478,5,,,0
1202,'20260325',630,,52498,5,,,0,70,,52480,5,,,0,29,,52481,5,,,0,72,,52482,5,,,0,31,,52483,5,,,0,100,,52484,5,,,0,99,,52485,5,,,0,100,,52486,5,,,0,101,,52487,5,,,0,100,,52488,5,,,0,100,,52489,5,,,0,100,,52490,5,,,0,101,,52491,5,,,0,108,,52492,5,,,0,95,,52493,5,,,0,94,,52494,5,,,0,97,,52495,5,,,0,99,,52496,5,,,0,99,,52497,5,,,0
1202,'20260326',630,,52517,5,,,0,70,,52499,5,,,0,29,,52500,5,,,0,72,,52501,5,,,0,31,,52502,5,,,0,100,,52503,5,,,0,99,,52504,5,,,0,100,,52505,5,,,0,101,,52506,5,,,0,100,,52507,5,,,0,100,,52508,5,,,0,100,,52509,5,,,0,101,,52510,5,,,0,108,,52511,5,,,0,95,,52512,5,,,0,94,,52513,5,,,0,97,,52514,5,,,0,99,,52515,5,,,0,99,,52516,5,,,0
1202,'20260327',630,,52536,5,,,0,70,,52518,5,,,0,29,,52519,5,,,0,72,,52520,5,,,0,31,,52521,5,,,0,100,,52522,5,,,0,99,,52523,5,,,0,100,,52524,5,,,0,101,,52525,5,,,0,100,,52526,5,,,0,100,,52527,5,,,0,100,,52528,5,,,0,101,,52529,5,,,0,108,,52530,5,,,0,95,,52531,5,,,0,94,,52532,5,,,0,97,,52533,5,,,0,99,,52534,5,,,0,99,,52535,5,,,0
1202,'20260328',812,,52537,5,,,0,101,,52538,5,,,0,102,,52539,5,,,0,100,,52546,5,,,0,102,,52547,5,,,0,96,,52548,5,,,0,108,,52549,5,,,0,98,,52550,5,,,0,100,,52551,5,,,0,99,,52552,5,,,0,97,,52540,5,,,0,98,,52541,5,,,0,99,,52542,5,,,0,100,,52543,5,,,0,100,,52544,5,,,0,100,,52545,5,,,0
1202,'20260329',812,,52553,5,,,0,101,,52554,5,,,0,102,,52555,5,,,0,100,,52556,5,,,0,102,,52557,5,,,0,96,,52558,5,,,0,108,,52559,5,,,0,98,,52560,5,,,0,100,,52561,5,,,0,99,,52562,5,,,0,97,,52563,5,,,0,98,,52564,5,,,0,99,,52565,5,,,0,100,,52566,5,,,0,100,,52567,5,,,0,100,,52568,5,,,0
1202,'20260330',630,,52587,5,,,0,70,,52569,5,,,0,29,,52570,5,,,0,72,,52571,5,,,0,31,,52572,5,,,0,100,,52573,5,,,0,99,,52574,5,,,0,100,,52575,5,,,0,101,,52576,5,,,0,100,,52577,5,,,0,100,,52578,5,,,0,100,,52579,5,,,0,101,,52580,5,,,0,108,,52581,5,,,0,95,,52582,5,,,0,94,,52583,5,,,0,97,,52584,5,,,0,99,,52585,5,,,0,99,,52586,5,,,0
1202,'20260331',630,,52606,5,,,0,70,,52588,5,,,0,29,,52589,5,,,0,72,,52590,5,,,0,31,,52591,5,,,0,100,,52592,5,,,0,99,,52593,5,,,0,100,,52594,5,,,0,101,,52595,5,,,0,100,,52596,5,,,0,100,,52597,5,,,0,100,,52598,5,,,0,101,,52599,5,,,0,108,,52600,5,,,0,95,,52601,5,,,0,94,,52602,5,,,0,97,,52603,5,,,0,99,,52604,5,,,0,99,,52605,5,,,0
10703,'20260317',1622,,78071,29,,,0,32,,78072,29,,,0,60,,78073,29,,,0,26,,78074,29,,,0,60,,78075,29,,,0,17,,78076,29,,,0,29,,78077,29,,,0
10703,'20260318',1622,,78078,29,,,0,32,,78079,29,,,0,60,,78080,29,,,0,26,,78081,29,,,0,60,,78082,29,,,0,17,,78083,29,,,0,29,,78084,29,,,0
10703,'20260319',1622,,78085,29,,,0,32,,78086,29,,,0,60,,78087,29,,,0,26,,78088,29,,,0,60,,78089,29,,,0,17,,78090,29,,,0,29,,78091,29,,,0
10703,'20260320',1622,,78092,29,,,0,32,,78093,29,,,0,60,,78094,29,,,0,26,,78095,29,,,0,60,,78096,29,,,0,17,,78097,29,,,0,29,,78098,29,,,0
92503,'20260320',2600,,102941,67,,,0,130,,102942,67,,,0
92503,'20260321',2603,,102944,65,,,0,130,,102943,65,,,0
92503,'20260327',2603,,102945,65,,,0,130,,102946,65,,,0
92503,'20260328',2603,,102948,65,,,0,130,,102947,65,,,0
