8401,'20260423',632,,316391,42,,,1,24,,316392,42,,,1,70,,316393,42,,,1,31,,316394,42,,,1,71,,316395,42,,,1,72,,316396,42,,,1,31,,316397,42,,,1,101,,316398,42,,,1,100,,316399,42,,,1,98,,316400,42,,,1,102,,316401,42,,,1,99,,316402,42,,,1,97,,316403,42,,,1,96,,316404,42,,,1,106,,316405,42,,,1,101,,316406,42,,,1,100,,316407,42,,,1,100,,316408,42,,,1,101,,316409,42,,,1,100,,316410,42,,,1,100,,316411,42,,,1
8401,'20260424',632,,316412,42,,,1,24,,316413,42,,,1,70,,316414,42,,,1,31,,316415,42,,,1,71,,316416,42,,,1,72,,316417,42,,,1,31,,316418,42,,,1,101,,316419,42,,,1,100,,316420,42,,,1,98,,316421,42,,,1,102,,316422,42,,,1,99,,316423,42,,,1,97,,316424,42,,,1,96,,316425,42,,,1,106,,316426,42,,,1,101,,316427,42,,,1,100,,316428,42,,,1,100,,316429,42,,,1,101,,316430,42,,,1,100,,316431,42,,,1,100,,316432,42,,,1
8401,'20260425',633,,342724,42,,,1,99,,342725,42,,,1,99,,342726,42,,,1,100,,342727,42,,,1,100,,342728,42,,,1,100,,342729,42,,,1,100,,342730,42,,,1,99,,342731,42,,,1,100,,342732,42,,,1,100,,342733,42,,,1,101,,342734,42,,,1,101,,342735,42,,,1,100,,342736,42,,,1,100,,342737,42,,,1,100,,342738,42,,,1,100,,342739,42,,,1,101,,342740,42,,,1,100,,342741,42,,,1
8401,'20260426',633,,342742,42,,,1,99,,342743,42,,,1,99,,342744,42,,,1,100,,342745,42,,,1,100,,342746,42,,,1,100,,342747,42,,,1,100,,342748,42,,,1,99,,342749,42,,,1,100,,342750,42,,,1,100,,342751,42,,,1,101,,342752,42,,,1,101,,342753,42,,,1,100,,342754,42,,,1,100,,342755,42,,,1,100,,342756,42,,,1,100,,342757,42,,,1,101,,342758,42,,,1,100,,342759,42,,,1
8401,'20260427',632,,342760,42,,,1,24,,342761,42,,,1,70,,342762,42,,,1,31,,342763,42,,,1,71,,342764,42,,,1,72,,342765,42,,,1,31,,342766,42,,,1,101,,342767,42,,,1,100,,342768,42,,,1,98,,342769,42,,,1,102,,342770,42,,,1,99,,342771,42,,,1,97,,342772,42,,,1,96,,342773,42,,,1,106,,342774,42,,,1,101,,342775,42,,,1,100,,342776,42,,,1,100,,342777,42,,,1,101,,342778,42,,,1,100,,342779,42,,,1,100,,342780,42,,,1
8401,'20260428',632,,342781,42,,,1,24,,342782,42,,,1,70,,342783,42,,,1,31,,342784,42,,,1,71,,342785,42,,,1,72,,342786,42,,,1,31,,342787,42,,,1,101,,342788,42,,,1,100,,342789,42,,,1,98,,342790,42,,,1,102,,342791,42,,,1,99,,342792,42,,,1,97,,342793,42,,,1,96,,342794,42,,,1,106,,342795,42,,,1,101,,342796,42,,,1,100,,342797,42,,,1,100,,342798,42,,,1,101,,342799,42,,,1,100,,342800,42,,,1,100,,342801,42,,,1
8401,'20260429',632,,290183,42,,,1,24,,290202,42,,,1,70,,290184,42,,,1,31,,290203,42,,,1,71,,290185,42,,,1,72,,290200,42,,,1,31,,290186,42,,,1,101,,290187,42,,,1,100,,290188,42,,,1,98,,290189,42,,,1,102,,290190,42,,,1,99,,290191,42,,,1,97,,290192,42,,,1,96,,290193,42,,,1,106,,290194,42,,,1,101,,290195,42,,,1,100,,290196,42,,,1,100,,290197,42,,,1,101,,290198,42,,,1,100,,290199,42,,,1,100,,290201,42,,,1
8401,'20260430',632,,290204,42,,,1,24,,290223,42,,,1,70,,290205,42,,,1,31,,290224,42,,,1,71,,290206,42,,,1,72,,290221,42,,,1,31,,290207,42,,,1,101,,290208,42,,,1,100,,290209,42,,,1,98,,290210,42,,,1,102,,290211,42,,,1,99,,290212,42,,,1,97,,290213,42,,,1,96,,290214,42,,,1,106,,290215,42,,,1,101,,290216,42,,,1,100,,290217,42,,,1,100,,290218,42,,,1,101,,290219,42,,,1,100,,290220,42,,,1,100,,290222,42,,,1
8401,'20260501',632,,316433,42,,,1,24,,316452,42,,,1,70,,316434,42,,,1,31,,316453,42,,,1,71,,316435,42,,,1,72,,316450,42,,,1,31,,316436,42,,,1,101,,316437,42,,,1,100,,316438,42,,,1,98,,316439,42,,,1,102,,316440,42,,,1,99,,316441,42,,,1,97,,316442,42,,,1,96,,316443,42,,,1,106,,316444,42,,,1,101,,316445,42,,,1,100,,316446,42,,,1,100,,316447,42,,,1,101,,316448,42,,,1,100,,316449,42,,,1,100,,316451,42,,,1
8401,'20260502',633,,316454,42,,,1,99,,316469,42,,,1,99,,316455,42,,,1,100,,316468,42,,,1,100,,316456,42,,,1,100,,316463,42,,,1,100,,316464,42,,,1,99,,316465,42,,,1,100,,316466,42,,,1,100,,316467,42,,,1,101,,316458,42,,,1,101,,316457,42,,,1,100,,316459,42,,,1,100,,316462,42,,,1,100,,316461,42,,,1,100,,316460,42,,,1,101,,316470,42,,,1,100,,316471,42,,,1
8401,'20260503',633,,316484,42,,,1,99,,316488,42,,,1,99,,316487,42,,,1,100,,316485,42,,,1,100,,316472,42,,,1,100,,316478,42,,,1,100,,316473,42,,,1,99,,316479,42,,,1,100,,316474,42,,,1,100,,316480,42,,,1,101,,316475,42,,,1,101,,316481,42,,,1,100,,316476,42,,,1,100,,316482,42,,,1,100,,316477,42,,,1,100,,316483,42,,,1,101,,316486,42,,,1,100,,316489,42,,,1
8401,'20260504',632,,316490,42,,,1,24,,316509,42,,,1,70,,316491,42,,,1,31,,316510,42,,,1,71,,316492,42,,,1,72,,316507,42,,,1,31,,316493,42,,,1,101,,316494,42,,,1,100,,316495,42,,,1,98,,316496,42,,,1,102,,316497,42,,,1,99,,316498,42,,,1,97,,316499,42,,,1,96,,316500,42,,,1,106,,316501,42,,,1,101,,316502,42,,,1,100,,316503,42,,,1,100,,316504,42,,,1,101,,316505,42,,,1,100,,316506,42,,,1,100,,316508,42,,,1
8401,'20260505',632,,342802,42,,,1,24,,342821,42,,,1,70,,342803,42,,,1,31,,342822,42,,,1,71,,342804,42,,,1,72,,342819,42,,,1,31,,342805,42,,,1,101,,342806,42,,,1,100,,342807,42,,,1,98,,342808,42,,,1,102,,342809,42,,,1,99,,342810,42,,,1,97,,342811,42,,,1,96,,342812,42,,,1,106,,342813,42,,,1,101,,342814,42,,,1,100,,342815,42,,,1,100,,342816,42,,,1,101,,342817,42,,,1,100,,342818,42,,,1,100,,342820,42,,,1
8401,'20260506',632,,342823,42,,,1,24,,342842,42,,,1,70,,342824,42,,,1,31,,342843,42,,,1,71,,342825,42,,,1,72,,342840,42,,,1,31,,342826,42,,,1,101,,342827,42,,,1,100,,342828,42,,,1,98,,342829,42,,,1,102,,342830,42,,,1,99,,342831,42,,,1,97,,342832,42,,,1,96,,342833,42,,,1,106,,342834,42,,,1,101,,342835,42,,,1,100,,342836,42,,,1,100,,342837,42,,,1,101,,342838,42,,,1,100,,342839,42,,,1,100,,342841,42,,,1
8401,'20260507',632,,342844,42,,,1,24,,342863,42,,,1,70,,342845,42,,,1,31,,342864,42,,,1,71,,342846,42,,,1,72,,342861,42,,,1,31,,342847,42,,,1,101,,342848,42,,,1,100,,342849,42,,,1,98,,342850,42,,,1,102,,342851,42,,,1,99,,342852,42,,,1,97,,342853,42,,,1,96,,342854,42,,,1,106,,342855,42,,,1,101,,342856,42,,,1,100,,342857,42,,,1,100,,342858,42,,,1,101,,342859,42,,,1,100,,342860,42,,,1,100,,342862,42,,,1
28100,'20260423',1633,,319475,43,4,,0,68,,319476,43,4,,0,27,,319477,43,4,,0,28,,319478,43,4,,0,68,,319479,43,4,,0
28100,'20260424',1633,,319480,43,4,,0,68,,319481,43,4,,0,27,,319482,43,4,,0,28,,319483,43,4,,0,68,,319484,43,4,,0
28100,'20260427',1633,,345820,43,4,,0,68,,345821,43,4,,0,27,,345822,43,4,,0,28,,345823,43,4,,0,68,,345824,43,4,,0
28100,'20260428',1633,,345825,43,4,,0,68,,345826,43,4,,0,27,,345827,43,4,,0,28,,345828,43,4,,0,68,,345829,43,4,,0
28100,'20260429',1633,,293197,43,4,,0,68,,293196,43,4,,0,27,,293195,43,4,,0,28,,293199,43,4,,0,68,,293198,43,4,,0
28100,'20260430',1633,,293202,43,4,,0,68,,293201,43,4,,0,27,,293200,43,4,,0,28,,293204,43,4,,0,68,,293203,43,4,,0
28100,'20260501',1633,,319487,43,4,,0,68,,319486,43,4,,0,27,,319485,43,4,,0,28,,319489,43,4,,0,68,,319488,43,4,,0
28100,'20260504',1633,,319492,43,4,,0,68,,319491,43,4,,0,27,,319490,43,4,,0,28,,319494,43,4,,0,68,,319493,43,4,,0
28100,'20260505',1633,,345832,43,4,,0,68,,345831,43,4,,0,27,,345830,43,4,,0,28,,345834,43,4,,0,68,,345833,43,4,,0
28100,'20260506',1633,,345837,43,4,,0,68,,345836,43,4,,0,27,,345835,43,4,,0,28,,345839,43,4,,0,68,,345838,43,4,,0
28100,'20260507',1633,,345842,43,4,,0,68,,345841,43,4,,0,27,,345840,43,4,,0,28,,345844,43,4,,0,68,,345843,43,4,,0
38100,'20260423',1651,,320383,42,4,,0,91,,320384,42,4,,0,161,,320385,42,4,,0
38100,'20260424',1651,,320386,42,4,,0,91,,320387,42,4,,0,161,,320388,42,4,,0
38100,'20260427',1651,,346730,42,4,,0,91,,346731,42,4,,0,161,,346732,42,4,,0
38100,'20260428',1651,,346733,42,4,,0,91,,346734,42,4,,0,161,,346735,42,4,,0
38100,'20260429',1651,,294099,42,4,,0,91,,294100,42,4,,0,161,,294101,42,4,,0
38100,'20260430',1651,,294102,42,4,,0,91,,294103,42,4,,0,161,,294104,42,4,,0
38100,'20260501',1651,,320389,42,4,,0,91,,320390,42,4,,0,161,,320391,42,4,,0
38100,'20260504',1651,,320392,42,4,,0,91,,320393,42,4,,0,161,,320394,42,4,,0
38100,'20260505',1651,,346736,42,4,,0,91,,346737,42,4,,0,161,,346738,42,4,,0
38100,'20260506',1651,,346739,42,4,,0,91,,346740,42,4,,0,161,,346741,42,4,,0
38100,'20260507',1651,,346742,42,4,,0,91,,346743,42,4,,0,161,,346744,42,4,,0
58100,'20260423',1648,,320946,40,4,,0,63,,320947,40,4,,0,42,,320948,40,4,,0
58100,'20260424',1648,,320949,40,4,,0,63,,320950,40,4,,0,42,,320951,40,4,,0
58100,'20260427',1648,,347296,40,4,,0,63,,347297,40,4,,0,42,,347298,40,4,,0
58100,'20260428',1648,,347299,40,4,,0,63,,347300,40,4,,0,42,,347301,40,4,,0
58100,'20260429',1648,,294661,40,4,,0,63,,294662,40,4,,0,42,,294663,40,4,,0
58100,'20260430',1648,,294664,40,4,,0,63,,294665,40,4,,0,42,,294666,40,4,,0
58100,'20260501',1648,,320952,40,4,,0,63,,320953,40,4,,0,42,,320954,40,4,,0
58100,'20260504',1648,,320955,40,4,,0,63,,320956,40,4,,0,42,,320957,40,4,,0
58100,'20260505',1648,,347302,40,4,,0,63,,347303,40,4,,0,42,,347304,40,4,,0
58100,'20260506',1648,,347305,40,4,,0,63,,347306,40,4,,0,42,,347307,40,4,,0
58100,'20260507',1648,,347308,40,4,,0,63,,347309,40,4,,0,42,,347310,40,4,,0
