9203,'20260522',608,,527122,24,,,0,99,,527123,24,,,0,102,,527124,24,,,0,101,,527125,24,,,0,101,,527126,24,,,0,98,,527127,24,,,0,102,,527128,24,,,0,100,,527129,24,,,0,100,,527130,24,,,0,100,,527131,24,,,0,30,,527132,24,,,0,69,,527133,24,,,0,31,,527134,24,,,0,69,,527135,24,,,0,32,,527136,24,,,0,70,,527137,24,,,0,98,,527138,24,,,0,101,,527139,24,,,0,99,,527140,24,,,0,99,,527141,24,,,0,100,,527142,24,,,0
9203,'20260523',728,,559648,24,,,0,100,,559649,24,,,0,100,,559650,24,,,0,99,,559651,24,,,0,100,,559652,24,,,0,100,,559653,24,,,0,100,,559654,24,,,0,100,,559655,24,,,0,100,,559656,24,,,0,101,,559657,24,,,0,102,,559658,24,,,0,97,,559659,24,,,0,101,,559660,24,,,0,100,,559661,24,,,0,100,,559662,24,,,0,100,,559663,24,,,0,100,,559664,24,,,0
9203,'20260524',728,,559665,24,,,0,100,,559666,24,,,0,100,,559667,24,,,0,99,,559668,24,,,0,100,,559669,24,,,0,100,,559670,24,,,0,100,,559671,24,,,0,100,,559672,24,,,0,100,,559673,24,,,0,101,,559674,24,,,0,102,,559675,24,,,0,97,,559676,24,,,0,101,,559677,24,,,0,100,,559678,24,,,0,100,,559679,24,,,0,100,,559680,24,,,0,100,,559681,24,,,0
9203,'20260525',608,,559682,24,,,0,99,,559683,24,,,0,102,,559684,24,,,0,101,,559685,24,,,0,101,,559686,24,,,0,98,,559687,24,,,0,102,,559688,24,,,0,100,,559689,24,,,0,100,,559690,24,,,0,100,,559691,24,,,0,30,,559692,24,,,0,69,,559693,24,,,0,31,,559694,24,,,0,69,,559695,24,,,0,32,,559696,24,,,0,70,,559697,24,,,0,98,,559698,24,,,0,101,,559699,24,,,0,99,,559700,24,,,0,99,,559701,24,,,0,100,,559702,24,,,0
9203,'20260526',608,,559703,24,,,0,99,,559704,24,,,0,102,,559705,24,,,0,101,,559706,24,,,0,101,,559707,24,,,0,98,,559708,24,,,0,102,,559709,24,,,0,100,,559710,24,,,0,100,,559711,24,,,0,100,,559712,24,,,0,30,,559713,24,,,0,69,,559714,24,,,0,31,,559715,24,,,0,69,,559716,24,,,0,32,,559717,24,,,0,70,,559718,24,,,0,98,,559719,24,,,0,101,,559720,24,,,0,99,,559721,24,,,0,99,,559722,24,,,0,100,,559723,24,,,0
9203,'20260527',608,,559724,24,,,0,99,,559725,24,,,0,102,,559726,24,,,0,101,,559727,24,,,0,101,,559728,24,,,0,98,,559729,24,,,0,102,,559730,24,,,0,100,,559731,24,,,0,100,,559732,24,,,0,100,,559733,24,,,0,30,,559734,24,,,0,69,,559735,24,,,0,31,,559736,24,,,0,69,,559737,24,,,0,32,,559738,24,,,0,70,,559739,24,,,0,98,,559740,24,,,0,101,,559741,24,,,0,99,,559742,24,,,0,99,,559743,24,,,0,100,,559744,24,,,0
9203,'20260528',608,,559745,24,,,0,99,,559746,24,,,0,102,,559747,24,,,0,101,,559748,24,,,0,101,,559749,24,,,0,98,,559750,24,,,0,102,,559751,24,,,0,100,,559752,24,,,0,100,,559753,24,,,0,100,,559754,24,,,0,30,,559755,24,,,0,69,,559756,24,,,0,31,,559757,24,,,0,69,,559758,24,,,0,32,,559759,24,,,0,70,,559760,24,,,0,98,,559761,24,,,0,101,,559762,24,,,0,99,,559763,24,,,0,99,,559764,24,,,0,100,,559765,24,,,0
9203,'20260529',608,,527159,24,,,0,99,,527143,24,,,0,102,,527144,24,,,0,101,,527145,24,,,0,101,,527146,24,,,0,98,,527147,24,,,0,102,,527148,24,,,0,100,,527149,24,,,0,100,,527152,24,,,0,100,,527162,24,,,0,30,,527154,24,,,0,69,,527160,24,,,0,31,,527155,24,,,0,69,,527163,24,,,0,32,,527161,24,,,0,70,,527156,24,,,0,98,,527153,24,,,0,101,,527157,24,,,0,99,,527150,24,,,0,99,,527151,24,,,0,100,,527158,24,,,0
9203,'20260530',728,,527180,24,,,0,100,,527174,24,,,0,100,,527164,24,,,0,99,,527173,24,,,0,100,,527175,24,,,0,100,,527165,24,,,0,100,,527166,24,,,0,100,,527167,24,,,0,100,,527168,24,,,0,101,,527176,24,,,0,102,,527169,24,,,0,97,,527170,24,,,0,101,,527171,24,,,0,100,,527172,24,,,0,100,,527177,24,,,0,100,,527179,24,,,0,100,,527178,24,,,0
9203,'20260531',728,,527197,24,,,0,100,,527192,24,,,0,100,,527181,24,,,0,99,,527191,24,,,0,100,,527193,24,,,0,100,,527182,24,,,0,100,,527183,24,,,0,100,,527194,24,,,0,100,,527184,24,,,0,101,,527185,24,,,0,102,,527195,24,,,0,97,,527186,24,,,0,101,,527187,24,,,0,100,,527188,24,,,0,100,,527196,24,,,0,100,,527189,24,,,0,100,,527190,24,,,0
9203,'20260601',608,,527214,24,,,0,99,,527198,24,,,0,102,,527199,24,,,0,101,,527200,24,,,0,101,,527201,24,,,0,98,,527202,24,,,0,102,,527203,24,,,0,100,,527204,24,,,0,100,,527207,24,,,0,100,,527217,24,,,0,30,,527209,24,,,0,69,,527215,24,,,0,31,,527210,24,,,0,69,,527218,24,,,0,32,,527216,24,,,0,70,,527211,24,,,0,98,,527208,24,,,0,101,,527212,24,,,0,99,,527205,24,,,0,99,,527206,24,,,0,100,,527213,24,,,0
9203,'20260602',608,,527235,24,,,0,99,,527219,24,,,0,102,,527220,24,,,0,101,,527221,24,,,0,101,,527222,24,,,0,98,,527223,24,,,0,102,,527224,24,,,0,100,,527225,24,,,0,100,,527228,24,,,0,100,,527238,24,,,0,30,,527230,24,,,0,69,,527236,24,,,0,31,,527231,24,,,0,69,,527239,24,,,0,32,,527237,24,,,0,70,,527232,24,,,0,98,,527229,24,,,0,101,,527233,24,,,0,99,,527226,24,,,0,99,,527227,24,,,0,100,,527234,24,,,0
9203,'20260603',608,,559782,24,,,0,99,,559766,24,,,0,102,,559767,24,,,0,101,,559768,24,,,0,101,,559769,24,,,0,98,,559770,24,,,0,102,,559771,24,,,0,100,,559772,24,,,0,100,,559775,24,,,0,100,,559785,24,,,0,30,,559777,24,,,0,69,,559783,24,,,0,31,,559778,24,,,0,69,,559786,24,,,0,32,,559784,24,,,0,70,,559779,24,,,0,98,,559776,24,,,0,101,,559780,24,,,0,99,,559773,24,,,0,99,,559774,24,,,0,100,,559781,24,,,0
9203,'20260604',608,,559803,24,,,0,99,,559787,24,,,0,102,,559788,24,,,0,101,,559789,24,,,0,101,,559790,24,,,0,98,,559791,24,,,0,102,,559792,24,,,0,100,,559793,24,,,0,100,,559796,24,,,0,100,,559806,24,,,0,30,,559798,24,,,0,69,,559804,24,,,0,31,,559799,24,,,0,69,,559807,24,,,0,32,,559805,24,,,0,70,,559800,24,,,0,98,,559797,24,,,0,101,,559801,24,,,0,99,,559794,24,,,0,99,,559795,24,,,0,100,,559802,24,,,0
9203,'20260605',608,,559824,24,,,0,99,,559808,24,,,0,102,,559809,24,,,0,101,,559810,24,,,0,101,,559811,24,,,0,98,,559812,24,,,0,102,,559813,24,,,0,100,,559814,24,,,0,100,,559817,24,,,0,100,,559827,24,,,0,30,,559819,24,,,0,69,,559825,24,,,0,31,,559820,24,,,0,69,,559828,24,,,0,32,,559826,24,,,0,70,,559821,24,,,0,98,,559818,24,,,0,101,,559822,24,,,0,99,,559815,24,,,0,99,,559816,24,,,0,100,,559823,24,,,0
99203,'20260522',2617,,542204,57,,,0,130,,542205,57,,,0
99203,'20260523',2617,,576940,57,,,0,130,,576941,57,,,0
99203,'20260529',2617,,542206,57,,,0,130,,542207,57,,,0
99203,'20260530',2617,,542208,57,,,0,130,,542209,57,,,0
99203,'20260605',2617,,576942,57,,,0,130,,576943,57,,,0
