2200,'20260626',714,,796732,26,,,0,30,,796733,26,,,0,68,,796734,26,,,0,32,,796735,26,,,0,70,,796736,26,,,0,695,,796737,26,,,0,29,,796738,26,,,0,105,,796739,26,,,0,101,,796740,26,,,0
2200,'20260629',714,,818659,26,,,0,30,,818660,26,,,0,68,,818661,26,,,0,32,,818662,26,,,0,70,,818663,26,,,0,695,,818664,26,,,0,29,,818665,26,,,0,105,,818666,26,,,0,101,,818667,26,,,0
2200,'20260630',714,,818668,26,,,0,30,,818669,26,,,0,68,,818670,26,,,0,32,,818671,26,,,0,70,,818672,26,,,0,695,,818673,26,,,0,29,,818674,26,,,0,105,,818675,26,,,0,101,,818676,26,,,0
2200,'20260702',714,,818677,26,,,0,30,,818678,26,,,0,68,,818679,26,,,0,32,,818680,26,,,0,70,,818681,26,,,0,695,,818682,26,,,0,29,,818683,26,,,0,105,,818684,26,,,0,101,,818685,26,,,0
2200,'20260703',714,,771422,26,,,0,30,,771423,26,,,0,68,,771424,26,,,0,32,,771425,26,,,0,70,,771426,26,,,0,695,,771427,26,,,0,29,,771428,26,,,0,105,,771429,26,,,0,101,,771430,26,,,0
2200,'20260706',714,,796741,26,,,0,30,,796742,26,,,0,68,,796743,26,,,0,32,,796744,26,,,0,70,,796745,26,,,0,695,,796746,26,,,0,29,,796747,26,,,0,105,,796748,26,,,0,101,,796749,26,,,0
2200,'20260707',714,,796750,26,,,0,30,,796751,26,,,0,68,,796752,26,,,0,32,,796753,26,,,0,70,,796754,26,,,0,695,,796755,26,,,0,29,,796756,26,,,0,105,,796757,26,,,0,101,,796758,26,,,0
2200,'20260708',714,,818686,26,,,0,30,,818687,26,,,0,68,,818688,26,,,0,32,,818689,26,,,0,70,,818690,26,,,0,695,,818691,26,,,0,29,,818692,26,,,0,105,,818693,26,,,0,101,,818694,26,,,0
2200,'20260709',714,,818695,26,,,0,30,,818696,26,,,0,68,,818697,26,,,0,32,,818698,26,,,0,70,,818699,26,,,0,695,,818700,26,,,0,29,,818701,26,,,0,105,,818702,26,,,0,101,,818703,26,,,0
2200,'20260710',714,,818704,26,,,0,30,,818705,26,,,0,68,,818706,26,,,0,32,,818707,26,,,0,70,,818708,26,,,0,695,,818709,26,,,0,29,,818710,26,,,0,105,,818711,26,,,0,101,,818712,26,,,0
8000,'20260626',641,,802503,39,,,0,2,,802504,39,,,0,68,,802505,39,,,0,28,,802506,39,,,0,70,,802507,39,,,0,32,,802508,39,,,0,71,,802509,39,,,0,30,,802510,39,,,0,69,,802511,39,,,0,30,,802512,39,,,0,70,,802513,39,,,0,29,,802514,39,,,0,70,,802515,39,,,0,30,,802516,39,,,0,70,,802517,39,,,0,30,,802518,39,,,0,70,,802519,39,,,0,29,,802520,39,,,0,70,,802521,39,,,0,29,,802522,39,,,0,66,,802523,39,,,0,30,,802524,39,,,0,73,,802525,39,,,0,33,,802526,39,,,0,70,,802527,39,,,0,32,,802528,39,,,0,70,,802529,39,,,0,30,,802530,39,,,0,70,,802531,39,,,0,30,,802532,39,,,0,70,,802533,39,,,0,30,,802534,39,,,0,70,,802535,39,,,0,30,,802536,39,,,0,70,,802537,39,,,0,31,,802538,39,,,0,70,,802539,39,,,0,30,,802540,39,,,0
8000,'20260627',643,,827266,39,,,0,70,,827267,39,,,0,30,,827268,39,,,0,70,,827269,39,,,0,30,,827270,39,,,0,70,,827271,39,,,0,29,,827272,39,,,0,70,,827273,39,,,0,30,,827274,39,,,0,70,,827275,39,,,0,30,,827276,39,,,0,70,,827277,39,,,0,30,,827278,39,,,0,70,,827279,39,,,0,30,,827280,39,,,0,70,,827281,39,,,0,30,,827282,39,,,0,70,,827283,39,,,0,30,,827284,39,,,0,70,,827285,39,,,0,30,,827286,39,,,0,70,,827287,39,,,0,31,,827288,39,,,0,70,,827289,39,,,0,30,,827290,39,,,0,70,,827291,39,,,0,30,,827292,39,,,0,70,,827293,39,,,0,30,,827294,39,,,0,70,,827295,39,,,0,30,,827296,39,,,0,70,,827297,39,,,0,30,,827298,39,,,0,70,,827299,39,,,0,30,,827300,39,,,0,71,,827301,39,,,0,30,,827302,39,,,0
8000,'20260628',643,,827303,39,,,0,70,,827304,39,,,0,30,,827305,39,,,0,70,,827306,39,,,0,30,,827307,39,,,0,70,,827308,39,,,0,29,,827309,39,,,0,70,,827310,39,,,0,30,,827311,39,,,0,70,,827312,39,,,0,30,,827313,39,,,0,70,,827314,39,,,0,30,,827315,39,,,0,70,,827316,39,,,0,30,,827317,39,,,0,70,,827318,39,,,0,30,,827319,39,,,0,70,,827320,39,,,0,30,,827321,39,,,0,70,,827322,39,,,0,30,,827323,39,,,0,70,,827324,39,,,0,31,,827325,39,,,0,70,,827326,39,,,0,30,,827327,39,,,0,70,,827328,39,,,0,30,,827329,39,,,0,70,,827330,39,,,0,30,,827331,39,,,0,70,,827332,39,,,0,30,,827333,39,,,0,70,,827334,39,,,0,30,,827335,39,,,0,70,,827336,39,,,0,30,,827337,39,,,0,71,,827338,39,,,0,30,,827339,39,,,0
8000,'20260629',641,,827340,39,,,0,2,,827341,39,,,0,68,,827342,39,,,0,28,,827343,39,,,0,70,,827344,39,,,0,32,,827345,39,,,0,71,,827346,39,,,0,30,,827347,39,,,0,69,,827348,39,,,0,30,,827349,39,,,0,70,,827350,39,,,0,29,,827351,39,,,0,70,,827352,39,,,0,30,,827353,39,,,0,70,,827354,39,,,0,30,,827355,39,,,0,70,,827356,39,,,0,29,,827357,39,,,0,70,,827358,39,,,0,29,,827359,39,,,0,66,,827360,39,,,0,30,,827361,39,,,0,73,,827362,39,,,0,33,,827363,39,,,0,70,,827364,39,,,0,32,,827365,39,,,0,70,,827366,39,,,0,30,,827367,39,,,0,70,,827368,39,,,0,30,,827369,39,,,0,70,,827370,39,,,0,30,,827371,39,,,0,70,,827372,39,,,0,30,,827373,39,,,0,70,,827374,39,,,0,31,,827375,39,,,0,70,,827376,39,,,0,30,,827377,39,,,0
8000,'20260630',641,,827378,39,,,0,2,,827379,39,,,0,68,,827380,39,,,0,28,,827381,39,,,0,70,,827382,39,,,0,32,,827383,39,,,0,71,,827384,39,,,0,30,,827385,39,,,0,69,,827386,39,,,0,30,,827387,39,,,0,70,,827388,39,,,0,29,,827389,39,,,0,70,,827390,39,,,0,30,,827391,39,,,0,70,,827392,39,,,0,30,,827393,39,,,0,70,,827394,39,,,0,29,,827395,39,,,0,70,,827396,39,,,0,29,,827397,39,,,0,66,,827398,39,,,0,30,,827399,39,,,0,73,,827400,39,,,0,33,,827401,39,,,0,70,,827402,39,,,0,32,,827403,39,,,0,70,,827404,39,,,0,30,,827405,39,,,0,70,,827406,39,,,0,30,,827407,39,,,0,70,,827408,39,,,0,30,,827409,39,,,0,70,,827410,39,,,0,30,,827411,39,,,0,70,,827412,39,,,0,31,,827413,39,,,0,70,,827414,39,,,0,30,,827415,39,,,0
8000,'20260701',643,,827416,39,,,0,70,,827417,39,,,0,30,,827418,39,,,0,70,,827419,39,,,0,30,,827420,39,,,0,70,,827421,39,,,0,29,,827422,39,,,0,70,,827423,39,,,0,30,,827424,39,,,0,70,,827425,39,,,0,30,,827426,39,,,0,70,,827427,39,,,0,30,,827428,39,,,0,70,,827429,39,,,0,30,,827430,39,,,0,70,,827431,39,,,0,30,,827432,39,,,0,70,,827433,39,,,0,30,,827434,39,,,0,70,,827435,39,,,0,30,,827436,39,,,0,70,,827437,39,,,0,31,,827438,39,,,0,70,,827439,39,,,0,30,,827440,39,,,0,70,,827441,39,,,0,30,,827442,39,,,0,70,,827443,39,,,0,30,,827444,39,,,0,70,,827445,39,,,0,30,,827446,39,,,0,70,,827447,39,,,0,30,,827448,39,,,0,70,,827449,39,,,0,30,,827450,39,,,0,71,,827451,39,,,0,30,,827452,39,,,0
8000,'20260702',641,,827453,39,,,0,2,,827454,39,,,0,68,,827455,39,,,0,28,,827456,39,,,0,70,,827457,39,,,0,32,,827458,39,,,0,71,,827459,39,,,0,30,,827460,39,,,0,69,,827461,39,,,0,30,,827462,39,,,0,70,,827463,39,,,0,29,,827464,39,,,0,70,,827465,39,,,0,30,,827466,39,,,0,70,,827467,39,,,0,30,,827468,39,,,0,70,,827469,39,,,0,29,,827470,39,,,0,70,,827471,39,,,0,29,,827472,39,,,0,66,,827473,39,,,0,30,,827474,39,,,0,73,,827475,39,,,0,33,,827476,39,,,0,70,,827477,39,,,0,32,,827478,39,,,0,70,,827479,39,,,0,30,,827480,39,,,0,70,,827481,39,,,0,30,,827482,39,,,0,70,,827483,39,,,0,30,,827484,39,,,0,70,,827485,39,,,0,30,,827486,39,,,0,70,,827487,39,,,0,31,,827488,39,,,0,70,,827489,39,,,0,30,,827490,39,,,0
8000,'20260703',641,,779006,39,,,0,2,,778969,39,,,0,68,,778970,39,,,0,28,,778971,39,,,0,70,,778972,39,,,0,32,,778973,39,,,0,71,,778974,39,,,0,30,,778975,39,,,0,69,,778976,39,,,0,30,,778977,39,,,0,70,,778978,39,,,0,29,,778979,39,,,0,70,,778980,39,,,0,30,,778981,39,,,0,70,,778982,39,,,0,30,,778983,39,,,0,70,,778984,39,,,0,29,,778985,39,,,0,70,,778986,39,,,0,29,,778987,39,,,0,66,,778988,39,,,0,30,,778989,39,,,0,73,,778990,39,,,0,33,,778991,39,,,0,70,,778992,39,,,0,32,,778993,39,,,0,70,,779000,39,,,0,30,,778994,39,,,0,70,,779001,39,,,0,30,,778995,39,,,0,70,,779002,39,,,0,30,,778996,39,,,0,70,,779003,39,,,0,30,,778997,39,,,0,70,,779004,39,,,0,31,,778998,39,,,0,70,,779005,39,,,0,30,,778999,39,,,0
8000,'20260704',643,,802541,39,,,0,70,,802559,39,,,0,30,,802542,39,,,0,70,,802560,39,,,0,30,,802543,39,,,0,70,,802561,39,,,0,29,,802544,39,,,0,70,,802562,39,,,0,30,,802545,39,,,0,70,,802563,39,,,0,30,,802546,39,,,0,70,,802564,39,,,0,30,,802547,39,,,0,70,,802565,39,,,0,30,,802548,39,,,0,70,,802566,39,,,0,30,,802549,39,,,0,70,,802567,39,,,0,30,,802550,39,,,0,70,,802568,39,,,0,30,,802551,39,,,0,70,,802569,39,,,0,31,,802552,39,,,0,70,,802570,39,,,0,30,,802553,39,,,0,70,,802571,39,,,0,30,,802554,39,,,0,70,,802572,39,,,0,30,,802555,39,,,0,70,,802573,39,,,0,30,,802556,39,,,0,70,,802574,39,,,0,30,,802557,39,,,0,70,,802575,39,,,0,30,,802558,39,,,0,71,,802577,39,,,0,30,,802576,39,,,0
8000,'20260705',643,,802578,39,,,0,70,,802596,39,,,0,30,,802579,39,,,0,70,,802597,39,,,0,30,,802580,39,,,0,70,,802598,39,,,0,29,,802581,39,,,0,70,,802599,39,,,0,30,,802582,39,,,0,70,,802600,39,,,0,30,,802583,39,,,0,70,,802601,39,,,0,30,,802584,39,,,0,70,,802602,39,,,0,30,,802585,39,,,0,70,,802604,39,,,0,30,,802586,39,,,0,70,,802605,39,,,0,30,,802587,39,,,0,70,,802606,39,,,0,30,,802588,39,,,0,70,,802603,39,,,0,31,,802589,39,,,0,70,,802607,39,,,0,30,,802590,39,,,0,70,,802608,39,,,0,30,,802591,39,,,0,70,,802609,39,,,0,30,,802592,39,,,0,70,,802610,39,,,0,30,,802593,39,,,0,70,,802611,39,,,0,30,,802594,39,,,0,70,,802612,39,,,0,30,,802595,39,,,0,71,,802613,39,,,0,30,,802614,39,,,0
8000,'20260706',641,,802652,39,,,0,2,,802615,39,,,0,68,,802616,39,,,0,28,,802617,39,,,0,70,,802618,39,,,0,32,,802619,39,,,0,71,,802620,39,,,0,30,,802621,39,,,0,69,,802622,39,,,0,30,,802623,39,,,0,70,,802624,39,,,0,29,,802625,39,,,0,70,,802626,39,,,0,30,,802627,39,,,0,70,,802628,39,,,0,30,,802629,39,,,0,70,,802630,39,,,0,29,,802631,39,,,0,70,,802632,39,,,0,29,,802633,39,,,0,66,,802634,39,,,0,30,,802635,39,,,0,73,,802636,39,,,0,33,,802637,39,,,0,70,,802638,39,,,0,32,,802639,39,,,0,70,,802646,39,,,0,30,,802640,39,,,0,70,,802647,39,,,0,30,,802641,39,,,0,70,,802648,39,,,0,30,,802642,39,,,0,70,,802649,39,,,0,30,,802643,39,,,0,70,,802650,39,,,0,31,,802644,39,,,0,70,,802651,39,,,0,30,,802645,39,,,0
8000,'20260707',641,,802690,39,,,0,2,,802653,39,,,0,68,,802654,39,,,0,28,,802655,39,,,0,70,,802656,39,,,0,32,,802657,39,,,0,71,,802658,39,,,0,30,,802659,39,,,0,69,,802660,39,,,0,30,,802661,39,,,0,70,,802662,39,,,0,29,,802663,39,,,0,70,,802664,39,,,0,30,,802665,39,,,0,70,,802666,39,,,0,30,,802667,39,,,0,70,,802668,39,,,0,29,,802669,39,,,0,70,,802670,39,,,0,29,,802671,39,,,0,66,,802672,39,,,0,30,,802673,39,,,0,73,,802674,39,,,0,33,,802675,39,,,0,70,,802676,39,,,0,32,,802677,39,,,0,70,,802684,39,,,0,30,,802678,39,,,0,70,,802685,39,,,0,30,,802679,39,,,0,70,,802686,39,,,0,30,,802680,39,,,0,70,,802687,39,,,0,30,,802681,39,,,0,70,,802688,39,,,0,31,,802682,39,,,0,70,,802689,39,,,0,30,,802683,39,,,0
8000,'20260708',641,,827528,39,,,0,2,,827491,39,,,0,68,,827492,39,,,0,28,,827493,39,,,0,70,,827494,39,,,0,32,,827495,39,,,0,71,,827496,39,,,0,30,,827497,39,,,0,69,,827498,39,,,0,30,,827499,39,,,0,70,,827500,39,,,0,29,,827501,39,,,0,70,,827502,39,,,0,30,,827503,39,,,0,70,,827504,39,,,0,30,,827505,39,,,0,70,,827506,39,,,0,29,,827507,39,,,0,70,,827508,39,,,0,29,,827509,39,,,0,66,,827510,39,,,0,30,,827511,39,,,0,73,,827512,39,,,0,33,,827513,39,,,0,70,,827514,39,,,0,32,,827515,39,,,0,70,,827522,39,,,0,30,,827516,39,,,0,70,,827523,39,,,0,30,,827517,39,,,0,70,,827524,39,,,0,30,,827518,39,,,0,70,,827525,39,,,0,30,,827519,39,,,0,70,,827526,39,,,0,31,,827520,39,,,0,70,,827527,39,,,0,30,,827521,39,,,0
8000,'20260709',641,,827566,39,,,0,2,,827529,39,,,0,68,,827530,39,,,0,28,,827531,39,,,0,70,,827532,39,,,0,32,,827533,39,,,0,71,,827534,39,,,0,30,,827535,39,,,0,69,,827536,39,,,0,30,,827537,39,,,0,70,,827538,39,,,0,29,,827539,39,,,0,70,,827540,39,,,0,30,,827541,39,,,0,70,,827542,39,,,0,30,,827543,39,,,0,70,,827544,39,,,0,29,,827545,39,,,0,70,,827546,39,,,0,29,,827547,39,,,0,66,,827548,39,,,0,30,,827549,39,,,0,73,,827550,39,,,0,33,,827551,39,,,0,70,,827552,39,,,0,32,,827553,39,,,0,70,,827560,39,,,0,30,,827554,39,,,0,70,,827561,39,,,0,30,,827555,39,,,0,70,,827562,39,,,0,30,,827556,39,,,0,70,,827563,39,,,0,30,,827557,39,,,0,70,,827564,39,,,0,31,,827558,39,,,0,70,,827565,39,,,0,30,,827559,39,,,0
8000,'20260710',641,,827604,39,,,0,2,,827567,39,,,0,68,,827568,39,,,0,28,,827569,39,,,0,70,,827570,39,,,0,32,,827571,39,,,0,71,,827572,39,,,0,30,,827573,39,,,0,69,,827574,39,,,0,30,,827575,39,,,0,70,,827576,39,,,0,29,,827577,39,,,0,70,,827578,39,,,0,30,,827579,39,,,0,70,,827580,39,,,0,30,,827581,39,,,0,70,,827582,39,,,0,29,,827583,39,,,0,70,,827584,39,,,0,29,,827585,39,,,0,66,,827586,39,,,0,30,,827587,39,,,0,73,,827588,39,,,0,33,,827589,39,,,0,70,,827590,39,,,0,32,,827591,39,,,0,70,,827598,39,,,0,30,,827592,39,,,0,70,,827599,39,,,0,30,,827593,39,,,0,70,,827600,39,,,0,30,,827594,39,,,0,70,,827601,39,,,0,30,,827595,39,,,0,70,,827602,39,,,0,31,,827596,39,,,0,70,,827603,39,,,0,30,,827597,39,,,0
58000,'20260626',1605,,806640,14,4,,0,41,,806641,14,4,,0,98,,806642,14,4,,0
58000,'20260629',1605,,833528,14,4,,0,41,,833529,14,4,,0,98,,833530,14,4,,0
58000,'20260630',1605,,833531,14,4,,0,41,,833532,14,4,,0,98,,833533,14,4,,0
58000,'20260702',1605,,833534,14,4,,0,41,,833535,14,4,,0,98,,833536,14,4,,0
58000,'20260703',1605,,783727,14,4,,0,41,,783726,14,4,,0,98,,783728,14,4,,0
58000,'20260706',1605,,806644,14,4,,0,41,,806643,14,4,,0,98,,806645,14,4,,0
58000,'20260707',1605,,806647,14,4,,0,41,,806646,14,4,,0,98,,806648,14,4,,0
58000,'20260708',1605,,833538,14,4,,0,41,,833537,14,4,,0,98,,833539,14,4,,0
58000,'20260709',1605,,833541,14,4,,0,41,,833540,14,4,,0,98,,833542,14,4,,0
58000,'20260710',1605,,833544,14,4,,0,41,,833543,14,4,,0,98,,833545,14,4,,0
98000,'20260626',2553,,814366,41,,,0
98000,'20260627',2553,,845108,41,,,0
98000,'20260703',2553,,793812,41,,,0
98000,'20260704',2553,,814367,41,,,0
98000,'20260710',2553,,845109,41,,,0
