5903,'20260724',634,,1003782,3,,,0,91,,1003783,3,,,0,105,,1003784,3,,,0,102,,1003785,3,,,0,100,,1003786,3,,,0,99,,1003787,3,,,0,100,,1003788,3,,,0,102,,1003789,3,,,0,100,,1003790,3,,,0,94,,1003791,3,,,0,98,,1003792,3,,,0,104,,1003793,3,,,0,104,,1003794,3,,,0,101,,1003795,3,,,0,102,,1003796,3,,,0,101,,1003797,3,,,0,100,,1003798,3,,,0
5903,'20260725',735,,1023818,3,,,0,99,,1023819,3,,,0,100,,1023820,3,,,0,100,,1023821,3,,,0,99,,1023822,3,,,0,100,,1023823,3,,,0,100,,1023824,3,,,0,100,,1023825,3,,,0,100,,1023826,3,,,0,101,,1023827,3,,,0,100,,1023828,3,,,0,101,,1023829,3,,,0,100,,1023830,3,,,0,101,,1023831,3,,,0,101,,1023832,3,,,0
5903,'20260726',735,,1023833,3,,,0,99,,1023834,3,,,0,100,,1023835,3,,,0,100,,1023836,3,,,0,99,,1023837,3,,,0,100,,1023838,3,,,0,100,,1023839,3,,,0,100,,1023840,3,,,0,100,,1023841,3,,,0,101,,1023842,3,,,0,100,,1023843,3,,,0,101,,1023844,3,,,0,100,,1023845,3,,,0,101,,1023846,3,,,0,101,,1023847,3,,,0
5903,'20260727',634,,1023848,3,,,0,91,,1023849,3,,,0,105,,1023850,3,,,0,102,,1023851,3,,,0,100,,1023852,3,,,0,99,,1023853,3,,,0,100,,1023854,3,,,0,102,,1023855,3,,,0,100,,1023856,3,,,0,94,,1023857,3,,,0,98,,1023858,3,,,0,104,,1023859,3,,,0,104,,1023860,3,,,0,101,,1023861,3,,,0,102,,1023862,3,,,0,101,,1023863,3,,,0,100,,1023864,3,,,0
5903,'20260728',634,,1023865,3,,,0,91,,1023866,3,,,0,105,,1023867,3,,,0,102,,1023868,3,,,0,100,,1023869,3,,,0,99,,1023870,3,,,0,100,,1023871,3,,,0,102,,1023872,3,,,0,100,,1023873,3,,,0,94,,1023874,3,,,0,98,,1023875,3,,,0,104,,1023876,3,,,0,104,,1023877,3,,,0,101,,1023878,3,,,0,102,,1023879,3,,,0,101,,1023880,3,,,0,100,,1023881,3,,,0
5903,'20260729',634,,1023882,3,,,0,91,,1023883,3,,,0,105,,1023884,3,,,0,102,,1023885,3,,,0,100,,1023886,3,,,0,99,,1023887,3,,,0,100,,1023888,3,,,0,102,,1023889,3,,,0,100,,1023890,3,,,0,94,,1023891,3,,,0,98,,1023892,3,,,0,104,,1023893,3,,,0,104,,1023894,3,,,0,101,,1023895,3,,,0,102,,1023896,3,,,0,101,,1023897,3,,,0,100,,1023898,3,,,0
5903,'20260730',634,,1023899,3,,,0,91,,1023900,3,,,0,105,,1023901,3,,,0,102,,1023902,3,,,0,100,,1023903,3,,,0,99,,1023904,3,,,0,100,,1023905,3,,,0,102,,1023906,3,,,0,100,,1023907,3,,,0,94,,1023908,3,,,0,98,,1023909,3,,,0,104,,1023910,3,,,0,104,,1023911,3,,,0,101,,1023912,3,,,0,102,,1023913,3,,,0,101,,1023914,3,,,0,100,,1023915,3,,,0
5903,'20260731',634,,977397,3,,,0,91,,977398,3,,,0,105,,977399,3,,,0,102,,977400,3,,,0,100,,977401,3,,,0,99,,977402,3,,,0,100,,977403,3,,,0,102,,977404,3,,,0,100,,977405,3,,,0,94,,977406,3,,,0,98,,977407,3,,,0,104,,977408,3,,,0,104,,977409,3,,,0,101,,977410,3,,,0,102,,977411,3,,,0,101,,977412,3,,,0,100,,977413,3,,,0
5903,'20260801',735,,1003799,3,,,0,99,,1003800,3,,,0,100,,1003801,3,,,0,100,,1003802,3,,,0,99,,1003803,3,,,0,100,,1003804,3,,,0,100,,1003805,3,,,0,100,,1003806,3,,,0,100,,1003807,3,,,0,101,,1003808,3,,,0,100,,1003809,3,,,0,101,,1003810,3,,,0,100,,1003811,3,,,0,101,,1003812,3,,,0,101,,1003813,3,,,0
5903,'20260802',735,,1003828,3,,,0,99,,1003814,3,,,0,100,,1003815,3,,,0,100,,1003816,3,,,0,99,,1003817,3,,,0,100,,1003818,3,,,0,100,,1003819,3,,,0,100,,1003820,3,,,0,100,,1003821,3,,,0,101,,1003822,3,,,0,100,,1003823,3,,,0,101,,1003824,3,,,0,100,,1003825,3,,,0,101,,1003826,3,,,0,101,,1003827,3,,,0
5903,'20260803',634,,1003829,3,,,0,91,,1003830,3,,,0,105,,1003831,3,,,0,102,,1003832,3,,,0,100,,1003833,3,,,0,99,,1003834,3,,,0,100,,1003835,3,,,0,102,,1003836,3,,,0,100,,1003837,3,,,0,94,,1003838,3,,,0,98,,1003839,3,,,0,104,,1003840,3,,,0,104,,1003841,3,,,0,101,,1003842,3,,,0,102,,1003843,3,,,0,101,,1003844,3,,,0,100,,1003845,3,,,0
5903,'20260804',634,,1023916,3,,,0,91,,1023917,3,,,0,105,,1023918,3,,,0,102,,1023919,3,,,0,100,,1023920,3,,,0,99,,1023921,3,,,0,100,,1023922,3,,,0,102,,1023923,3,,,0,100,,1023924,3,,,0,94,,1023925,3,,,0,98,,1023926,3,,,0,104,,1023927,3,,,0,104,,1023928,3,,,0,101,,1023929,3,,,0,102,,1023930,3,,,0,101,,1023931,3,,,0,100,,1023932,3,,,0
5903,'20260805',634,,1023933,3,,,0,91,,1023934,3,,,0,105,,1023935,3,,,0,102,,1023936,3,,,0,100,,1023937,3,,,0,99,,1023938,3,,,0,100,,1023939,3,,,0,102,,1023940,3,,,0,100,,1023941,3,,,0,94,,1023942,3,,,0,98,,1023943,3,,,0,104,,1023944,3,,,0,104,,1023945,3,,,0,101,,1023946,3,,,0,102,,1023947,3,,,0,101,,1023948,3,,,0,100,,1023949,3,,,0
5903,'20260806',634,,1023950,3,,,0,91,,1023951,3,,,0,105,,1023952,3,,,0,102,,1023953,3,,,0,100,,1023954,3,,,0,99,,1023955,3,,,0,100,,1023956,3,,,0,102,,1023957,3,,,0,100,,1023958,3,,,0,94,,1023959,3,,,0,98,,1023960,3,,,0,104,,1023961,3,,,0,104,,1023962,3,,,0,101,,1023963,3,,,0,102,,1023964,3,,,0,101,,1023965,3,,,0,100,,1023966,3,,,0
5903,'20260807',634,,1023967,3,,,0,91,,1023968,3,,,0,105,,1023969,3,,,0,102,,1023970,3,,,0,100,,1023971,3,,,0,99,,1023972,3,,,0,100,,1023973,3,,,0,102,,1023974,3,,,0,100,,1023975,3,,,0,94,,1023976,3,,,0,98,,1023977,3,,,0,104,,1023978,3,,,0,104,,1023979,3,,,0,101,,1023980,3,,,0,102,,1023981,3,,,0,101,,1023982,3,,,0,100,,1023983,3,,,0
55001,'20260724',613,,1007665,3,,,0,21,,1007666,3,,,0,71,,1007667,3,,,0,50,,1007668,3,,,0
55001,'20260727',613,,1034904,3,,,0,21,,1034905,3,,,0,71,,1034906,3,,,0,50,,1034907,3,,,0
55001,'20260728',613,,1034908,3,,,0,21,,1034909,3,,,0,71,,1034910,3,,,0,50,,1034911,3,,,0
55001,'20260729',613,,1034912,3,,,0,21,,1034913,3,,,0,71,,1034914,3,,,0,50,,1034915,3,,,0
55001,'20260730',613,,1034916,3,,,0,21,,1034917,3,,,0,71,,1034918,3,,,0,50,,1034919,3,,,0
55001,'20260731',613,,987460,3,,,0,21,,987459,3,,,0,71,,987461,3,,,0,50,,987462,3,,,0
55001,'20260803',613,,1007670,3,,,0,21,,1007669,3,,,0,71,,1007671,3,,,0,50,,1007672,3,,,0
55001,'20260804',613,,1034921,3,,,0,21,,1034920,3,,,0,71,,1034922,3,,,0,50,,1034923,3,,,0
55001,'20260805',613,,1034925,3,,,0,21,,1034924,3,,,0,71,,1034926,3,,,0,50,,1034927,3,,,0
55001,'20260806',613,,1034929,3,,,0,21,,1034928,3,,,0,71,,1034930,3,,,0,50,,1034931,3,,,0
55001,'20260807',613,,1034933,3,,,0,21,,1034932,3,,,0,71,,1034934,3,,,0,50,,1034935,3,,,0
