5201,'20260505',622,,392512,30,,,0,30,,392513,30,,,0,71,,392514,30,,,0,78,,392515,30,,,0,24,,392516,30,,,0,29,,392517,30,,,0,69,,392518,30,,,0,100,,392519,30,,,0,100,,392520,30,,,0,100,,392521,30,,,0,100,,392522,30,,,0,100,,392523,30,,,0,101,,392524,30,,,0,30,,392525,30,,,0,72,,392526,30,,,0,32,,392527,30,,,0,66,,392528,30,,,0,29,,392529,30,,,0,70,,392530,30,,,0,99,,392531,30,,,0,100,,392532,30,,,0,100,,392533,30,,,0,100,,392534,30,,,0,100,,392535,30,,,0
5201,'20260506',622,,392536,30,,,0,30,,392537,30,,,0,71,,392538,30,,,0,78,,392539,30,,,0,24,,392540,30,,,0,29,,392541,30,,,0,69,,392542,30,,,0,100,,392543,30,,,0,100,,392544,30,,,0,100,,392545,30,,,0,100,,392546,30,,,0,100,,392547,30,,,0,101,,392548,30,,,0,30,,392549,30,,,0,72,,392550,30,,,0,32,,392551,30,,,0,66,,392552,30,,,0,29,,392553,30,,,0,70,,392554,30,,,0,99,,392555,30,,,0,100,,392556,30,,,0,100,,392557,30,,,0,100,,392558,30,,,0,100,,392559,30,,,0
5201,'20260507',622,,392560,30,,,0,30,,392561,30,,,0,71,,392562,30,,,0,78,,392563,30,,,0,24,,392564,30,,,0,29,,392565,30,,,0,69,,392566,30,,,0,100,,392567,30,,,0,100,,392568,30,,,0,100,,392569,30,,,0,100,,392570,30,,,0,100,,392571,30,,,0,101,,392572,30,,,0,30,,392573,30,,,0,72,,392574,30,,,0,32,,392575,30,,,0,66,,392576,30,,,0,29,,392577,30,,,0,70,,392578,30,,,0,99,,392579,30,,,0,100,,392580,30,,,0,100,,392581,30,,,0,100,,392582,30,,,0,100,,392583,30,,,0
5201,'20260508',622,,426081,30,,,0,30,,426082,30,,,0,71,,426083,30,,,0,78,,426084,30,,,0,24,,426085,30,,,0,29,,426086,30,,,0,69,,426087,30,,,0,100,,426088,30,,,0,100,,426089,30,,,0,100,,426090,30,,,0,100,,426091,30,,,0,100,,426092,30,,,0,101,,426093,30,,,0,30,,426094,30,,,0,72,,426095,30,,,0,32,,426096,30,,,0,66,,426097,30,,,0,29,,426098,30,,,0,70,,426099,30,,,0,99,,426100,30,,,0,100,,426101,30,,,0,100,,426102,30,,,0,100,,426103,30,,,0,100,,426104,30,,,0
5201,'20260509',721,,363261,30,,,0,100,,363262,30,,,0,100,,363263,30,,,0,100,,363264,30,,,0,101,,363265,30,,,0,100,,363266,30,,,0,100,,363267,30,,,0,100,,363268,30,,,0,96,,363269,30,,,0,104,,363270,30,,,0,100,,363271,30,,,0,100,,363272,30,,,0,99,,363273,30,,,0,100,,363276,30,,,0,100,,363274,30,,,0,100,,363277,30,,,0,100,,363275,30,,,0
5201,'20260510',721,,363294,30,,,0,100,,363290,30,,,0,100,,363289,30,,,0,100,,363278,30,,,0,101,,363279,30,,,0,100,,363280,30,,,0,100,,363281,30,,,0,100,,363282,30,,,0,96,,363283,30,,,0,104,,363284,30,,,0,100,,363285,30,,,0,100,,363286,30,,,0,99,,363291,30,,,0,100,,363287,30,,,0,100,,363292,30,,,0,100,,363288,30,,,0,100,,363293,30,,,0
5201,'20260511',622,,363318,30,,,0,30,,363295,30,,,0,71,,363296,30,,,0,78,,363297,30,,,0,24,,363298,30,,,0,29,,363299,30,,,0,69,,363300,30,,,0,100,,363317,30,,,0,100,,363301,30,,,0,100,,363302,30,,,0,100,,363303,30,,,0,100,,363304,30,,,0,101,,363305,30,,,0,30,,363306,30,,,0,72,,363307,30,,,0,32,,363308,30,,,0,66,,363309,30,,,0,29,,363310,30,,,0,70,,363311,30,,,0,99,,363312,30,,,0,100,,363313,30,,,0,100,,363314,30,,,0,100,,363315,30,,,0,100,,363316,30,,,0
5201,'20260512',622,,392607,30,,,0,30,,392584,30,,,0,71,,392585,30,,,0,78,,392586,30,,,0,24,,392587,30,,,0,29,,392588,30,,,0,69,,392589,30,,,0,100,,392606,30,,,0,100,,392590,30,,,0,100,,392591,30,,,0,100,,392592,30,,,0,100,,392593,30,,,0,101,,392594,30,,,0,30,,392595,30,,,0,72,,392596,30,,,0,32,,392597,30,,,0,66,,392598,30,,,0,29,,392599,30,,,0,70,,392600,30,,,0,99,,392601,30,,,0,100,,392602,30,,,0,100,,392603,30,,,0,100,,392604,30,,,0,100,,392605,30,,,0
5201,'20260513',622,,392631,30,,,0,30,,392608,30,,,0,71,,392609,30,,,0,78,,392610,30,,,0,24,,392611,30,,,0,29,,392612,30,,,0,69,,392613,30,,,0,100,,392630,30,,,0,100,,392614,30,,,0,100,,392615,30,,,0,100,,392616,30,,,0,100,,392617,30,,,0,101,,392618,30,,,0,30,,392619,30,,,0,72,,392620,30,,,0,32,,392621,30,,,0,66,,392622,30,,,0,29,,392623,30,,,0,70,,392624,30,,,0,99,,392625,30,,,0,100,,392626,30,,,0,100,,392627,30,,,0,100,,392628,30,,,0,100,,392629,30,,,0
5201,'20260514',622,,392655,30,,,0,30,,392632,30,,,0,71,,392633,30,,,0,78,,392634,30,,,0,24,,392635,30,,,0,29,,392636,30,,,0,69,,392637,30,,,0,100,,392654,30,,,0,100,,392638,30,,,0,100,,392639,30,,,0,100,,392640,30,,,0,100,,392641,30,,,0,101,,392642,30,,,0,30,,392643,30,,,0,72,,392644,30,,,0,32,,392645,30,,,0,66,,392646,30,,,0,29,,392647,30,,,0,70,,392648,30,,,0,99,,392649,30,,,0,100,,392650,30,,,0,100,,392651,30,,,0,100,,392652,30,,,0,100,,392653,30,,,0
5201,'20260515',622,,392679,30,,,0,30,,392656,30,,,0,71,,392657,30,,,0,78,,392658,30,,,0,24,,392659,30,,,0,29,,392660,30,,,0,69,,392661,30,,,0,100,,392678,30,,,0,100,,392662,30,,,0,100,,392663,30,,,0,100,,392664,30,,,0,100,,392665,30,,,0,101,,392666,30,,,0,30,,392667,30,,,0,72,,392668,30,,,0,32,,392669,30,,,0,66,,392670,30,,,0,29,,392671,30,,,0,70,,392672,30,,,0,99,,392673,30,,,0,100,,392674,30,,,0,100,,392675,30,,,0,100,,392676,30,,,0,100,,392677,30,,,0
5201,'20260516',721,,426105,30,,,0,100,,426106,30,,,0,100,,426107,30,,,0,100,,426108,30,,,0,101,,426109,30,,,0,100,,426110,30,,,0,100,,426111,30,,,0,100,,426112,30,,,0,96,,426113,30,,,0,104,,426114,30,,,0,100,,426115,30,,,0,100,,426116,30,,,0,99,,426117,30,,,0,100,,426120,30,,,0,100,,426118,30,,,0,100,,426121,30,,,0,100,,426119,30,,,0
5201,'20260517',721,,426138,30,,,0,100,,426134,30,,,0,100,,426133,30,,,0,100,,426122,30,,,0,101,,426123,30,,,0,100,,426124,30,,,0,100,,426125,30,,,0,100,,426126,30,,,0,96,,426127,30,,,0,104,,426128,30,,,0,100,,426129,30,,,0,100,,426130,30,,,0,99,,426135,30,,,0,100,,426131,30,,,0,100,,426136,30,,,0,100,,426132,30,,,0,100,,426137,30,,,0
5201,'20260518',721,,426155,30,,,0,100,,426151,30,,,0,100,,426150,30,,,0,100,,426139,30,,,0,101,,426140,30,,,0,100,,426141,30,,,0,100,,426142,30,,,0,100,,426143,30,,,0,96,,426144,30,,,0,104,,426145,30,,,0,100,,426146,30,,,0,100,,426147,30,,,0,99,,426152,30,,,0,100,,426148,30,,,0,100,,426153,30,,,0,100,,426149,30,,,0,100,,426154,30,,,0
5201,'20260519',622,,426179,30,,,0,30,,426156,30,,,0,71,,426157,30,,,0,78,,426158,30,,,0,24,,426159,30,,,0,29,,426160,30,,,0,69,,426161,30,,,0,100,,426178,30,,,0,100,,426162,30,,,0,100,,426163,30,,,0,100,,426164,30,,,0,100,,426165,30,,,0,101,,426166,30,,,0,30,,426167,30,,,0,72,,426168,30,,,0,32,,426169,30,,,0,66,,426170,30,,,0,29,,426171,30,,,0,70,,426172,30,,,0,99,,426173,30,,,0,100,,426174,30,,,0,100,,426175,30,,,0,100,,426176,30,,,0,100,,426177,30,,,0
