8400,'20260724',822,,1005841,80,,,1,98,,1005842,80,,,1,100,,1005843,80,,,1,100,,1005844,80,,,1,100,,1005845,80,,,1,100,,1005846,80,,,1,100,,1005847,80,,,1,101,,1005848,80,,,1,107,,1005849,80,,,1,28,,1005858,44,,,1,69,,1005850,80,,,1,25,,1005859,44,,,1,69,,1005851,80,,,1,100,,1005852,80,,,1,98,,1005853,80,,,1,100,,1005854,80,,,1,100,,1005855,80,,,1,99,,1005856,80,,,1,100,,1005857,80,,,1
8400,'20260725',816,,1029270,80,,,1,100,,1029271,80,,,1,101,,1029272,80,,,1,100,,1029273,80,,,1,101,,1029274,80,,,1,100,,1029275,80,,,1,100,,1029276,80,,,1,100,,1029277,80,,,1,101,,1029278,80,,,1,100,,1029279,80,,,1,99,,1029280,80,,,1,99,,1029281,80,,,1,100,,1029282,80,,,1,99,,1029283,80,,,1,100,,1029284,80,,,1,100,,1029285,80,,,1,99,,1029286,80,,,1
8400,'20260726',816,,1029287,80,,,1,100,,1029288,80,,,1,101,,1029289,80,,,1,100,,1029290,80,,,1,101,,1029291,80,,,1,100,,1029292,80,,,1,100,,1029293,80,,,1,100,,1029294,80,,,1,101,,1029295,80,,,1,100,,1029296,80,,,1,99,,1029297,80,,,1,99,,1029298,80,,,1,100,,1029299,80,,,1,99,,1029300,80,,,1,100,,1029301,80,,,1,100,,1029302,80,,,1,99,,1029303,80,,,1
8400,'20260727',822,,1029304,80,,,1,98,,1029305,80,,,1,100,,1029306,80,,,1,100,,1029307,80,,,1,100,,1029308,80,,,1,100,,1029309,80,,,1,100,,1029310,80,,,1,101,,1029311,80,,,1,107,,1029312,80,,,1,28,,1029321,44,,,1,69,,1029313,80,,,1,25,,1029322,44,,,1,69,,1029314,80,,,1,100,,1029315,80,,,1,98,,1029316,80,,,1,100,,1029317,80,,,1,100,,1029318,80,,,1,99,,1029319,80,,,1,100,,1029320,80,,,1
8400,'20260728',822,,1029323,80,,,1,98,,1029324,80,,,1,100,,1029325,80,,,1,100,,1029326,80,,,1,100,,1029327,80,,,1,100,,1029328,80,,,1,100,,1029329,80,,,1,101,,1029330,80,,,1,107,,1029331,80,,,1,28,,1029340,44,,,1,69,,1029332,80,,,1,25,,1029341,44,,,1,69,,1029333,80,,,1,100,,1029334,80,,,1,98,,1029335,80,,,1,100,,1029336,80,,,1,100,,1029337,80,,,1,99,,1029338,80,,,1,100,,1029339,80,,,1
8400,'20260729',822,,1029342,80,,,1,98,,1029343,80,,,1,100,,1029344,80,,,1,100,,1029345,80,,,1,100,,1029346,80,,,1,100,,1029347,80,,,1,100,,1029348,80,,,1,101,,1029349,80,,,1,107,,1029350,80,,,1,28,,1029359,44,,,1,69,,1029351,80,,,1,25,,1029360,44,,,1,69,,1029352,80,,,1,100,,1029353,80,,,1,98,,1029354,80,,,1,100,,1029355,80,,,1,100,,1029356,80,,,1,99,,1029357,80,,,1,100,,1029358,80,,,1
8400,'20260730',822,,1029361,80,,,1,98,,1029362,80,,,1,100,,1029363,80,,,1,100,,1029364,80,,,1,100,,1029365,80,,,1,100,,1029366,80,,,1,100,,1029367,80,,,1,101,,1029368,80,,,1,107,,1029369,80,,,1,28,,1029378,44,,,1,69,,1029370,80,,,1,25,,1029379,44,,,1,69,,1029371,80,,,1,100,,1029372,80,,,1,98,,1029373,80,,,1,100,,1029374,80,,,1,100,,1029375,80,,,1,99,,1029376,80,,,1,100,,1029377,80,,,1
8400,'20260731',822,,982304,80,,,1,98,,982305,80,,,1,100,,982306,80,,,1,100,,982307,80,,,1,100,,982308,80,,,1,100,,982309,80,,,1,100,,982310,80,,,1,101,,982311,80,,,1,107,,982312,80,,,1,28,,982321,44,,,1,69,,982313,80,,,1,25,,982322,44,,,1,69,,982314,80,,,1,100,,982315,80,,,1,98,,982316,80,,,1,100,,982317,80,,,1,100,,982318,80,,,1,99,,982319,80,,,1,100,,982320,80,,,1
8400,'20260801',816,,1005860,80,,,1,100,,1005875,80,,,1,101,,1005861,80,,,1,100,,1005876,80,,,1,101,,1005862,80,,,1,100,,1005864,80,,,1,100,,1005865,80,,,1,100,,1005866,80,,,1,101,,1005867,80,,,1,100,,1005868,80,,,1,99,,1005869,80,,,1,99,,1005870,80,,,1,100,,1005871,80,,,1,99,,1005872,80,,,1,100,,1005873,80,,,1,100,,1005874,80,,,1,99,,1005863,80,,,1
8400,'20260802',816,,1005877,80,,,1,100,,1005892,80,,,1,101,,1005878,80,,,1,100,,1005893,80,,,1,101,,1005879,80,,,1,100,,1005886,80,,,1,100,,1005880,80,,,1,100,,1005887,80,,,1,101,,1005881,80,,,1,100,,1005888,80,,,1,99,,1005882,80,,,1,99,,1005889,80,,,1,100,,1005883,80,,,1,99,,1005890,80,,,1,100,,1005884,80,,,1,100,,1005891,80,,,1,99,,1005885,80,,,1
8400,'20260803',822,,1005894,80,,,1,98,,1005895,80,,,1,100,,1005896,80,,,1,100,,1005897,80,,,1,100,,1005898,80,,,1,100,,1005899,80,,,1,100,,1005900,80,,,1,101,,1005901,80,,,1,107,,1005902,80,,,1,28,,1005911,44,,,1,69,,1005903,80,,,1,25,,1005912,44,,,1,69,,1005904,80,,,1,100,,1005905,80,,,1,98,,1005906,80,,,1,100,,1005907,80,,,1,100,,1005908,80,,,1,99,,1005909,80,,,1,100,,1005910,80,,,1
8400,'20260804',822,,1029380,80,,,1,98,,1029381,80,,,1,100,,1029382,80,,,1,100,,1029383,80,,,1,100,,1029384,80,,,1,100,,1029385,80,,,1,100,,1029386,80,,,1,101,,1029387,80,,,1,107,,1029388,80,,,1,28,,1029397,44,,,1,69,,1029389,80,,,1,25,,1029398,44,,,1,69,,1029390,80,,,1,100,,1029391,80,,,1,98,,1029392,80,,,1,100,,1029393,80,,,1,100,,1029394,80,,,1,99,,1029395,80,,,1,100,,1029396,80,,,1
8400,'20260805',822,,1029399,80,,,1,98,,1029400,80,,,1,100,,1029401,80,,,1,100,,1029402,80,,,1,100,,1029403,80,,,1,100,,1029404,80,,,1,100,,1029405,80,,,1,101,,1029406,80,,,1,107,,1029407,80,,,1,28,,1029416,44,,,1,69,,1029408,80,,,1,25,,1029417,44,,,1,69,,1029409,80,,,1,100,,1029410,80,,,1,98,,1029411,80,,,1,100,,1029412,80,,,1,100,,1029413,80,,,1,99,,1029414,80,,,1,100,,1029415,80,,,1
8400,'20260806',822,,1029418,80,,,1,98,,1029419,80,,,1,100,,1029420,80,,,1,100,,1029421,80,,,1,100,,1029422,80,,,1,100,,1029423,80,,,1,100,,1029424,80,,,1,101,,1029425,80,,,1,107,,1029426,80,,,1,28,,1029435,44,,,1,69,,1029427,80,,,1,25,,1029436,44,,,1,69,,1029428,80,,,1,100,,1029429,80,,,1,98,,1029430,80,,,1,100,,1029431,80,,,1,100,,1029432,80,,,1,99,,1029433,80,,,1,100,,1029434,80,,,1
8400,'20260807',822,,1029437,80,,,1,98,,1029438,80,,,1,100,,1029439,80,,,1,100,,1029440,80,,,1,100,,1029441,80,,,1,100,,1029442,80,,,1,100,,1029443,80,,,1,101,,1029444,80,,,1,107,,1029445,80,,,1,28,,1029454,44,,,1,69,,1029446,80,,,1,25,,1029455,44,,,1,69,,1029447,80,,,1,100,,1029448,80,,,1,98,,1029449,80,,,1,100,,1029450,80,,,1,100,,1029451,80,,,1,99,,1029452,80,,,1,100,,1029453,80,,,1
28400,'20260724',1641,,1007441,52,4,,0,70,,1007442,52,4,,0,30,,1007443,52,4,,0,64,,1007444,52,4,,0,29,,1007445,52,4,,0
28400,'20260727',1641,,1034230,52,4,,0,70,,1034231,52,4,,0,30,,1034232,52,4,,0,64,,1034233,52,4,,0,29,,1034234,52,4,,0
28400,'20260728',1641,,1034235,52,4,,0,70,,1034236,52,4,,0,30,,1034237,52,4,,0,64,,1034238,52,4,,0,29,,1034239,52,4,,0
28400,'20260729',1641,,1034240,52,4,,0,70,,1034241,52,4,,0,30,,1034242,52,4,,0,64,,1034243,52,4,,0,29,,1034244,52,4,,0
28400,'20260730',1641,,1034245,52,4,,0,70,,1034246,52,4,,0,30,,1034247,52,4,,0,64,,1034248,52,4,,0,29,,1034249,52,4,,0
28400,'20260731',1641,,986586,52,4,,0,70,,986587,52,4,,0,30,,986588,52,4,,0,64,,986589,52,4,,0,29,,986590,52,4,,0
28400,'20260803',1641,,1007446,52,4,,0,70,,1007447,52,4,,0,30,,1007448,52,4,,0,64,,1007449,52,4,,0,29,,1007450,52,4,,0
28400,'20260804',1641,,1034250,52,4,,0,70,,1034251,52,4,,0,30,,1034252,52,4,,0,64,,1034253,52,4,,0,29,,1034254,52,4,,0
28400,'20260805',1641,,1034255,52,4,,0,70,,1034256,52,4,,0,30,,1034257,52,4,,0,64,,1034258,52,4,,0,29,,1034259,52,4,,0
28400,'20260806',1641,,1034260,52,4,,0,70,,1034261,52,4,,0,30,,1034262,52,4,,0,64,,1034263,52,4,,0,29,,1034264,52,4,,0
28400,'20260807',1641,,1034265,52,4,,0,70,,1034266,52,4,,0,30,,1034267,52,4,,0,64,,1034268,52,4,,0,29,,1034269,52,4,,0
58400,'20260724',1639,,1007769,46,4,,0,76,,1007770,46,4,,0,90,,1007771,46,4,,0
58400,'20260727',1639,,1035320,46,4,,0,76,,1035321,46,4,,0,90,,1035322,46,4,,0
58400,'20260728',1639,,1035323,46,4,,0,76,,1035324,46,4,,0,90,,1035325,46,4,,0
58400,'20260729',1639,,1035326,46,4,,0,76,,1035327,46,4,,0,90,,1035328,46,4,,0
58400,'20260730',1639,,1035329,46,4,,0,76,,1035330,46,4,,0,90,,1035331,46,4,,0
58400,'20260731',1639,,987818,46,4,,0,76,,987817,46,4,,0,90,,987819,46,4,,0
58400,'20260803',1639,,1007773,46,4,,0,76,,1007772,46,4,,0,90,,1007774,46,4,,0
58400,'20260804',1639,,1035333,46,4,,0,76,,1035332,46,4,,0,90,,1035334,46,4,,0
58400,'20260805',1639,,1035336,46,4,,0,76,,1035335,46,4,,0,90,,1035337,46,4,,0
58400,'20260806',1639,,1035339,46,4,,0,76,,1035338,46,4,,0,90,,1035340,46,4,,0
58400,'20260807',1639,,1035342,46,4,,0,76,,1035341,46,4,,0,90,,1035343,46,4,,0
97203,'20260724',2626,,1012757,79,,,0
97203,'20260725',2626,,1048312,79,,,0
97203,'20260731',2626,,999770,79,,,0
97203,'20260801',2626,,1012758,79,,,0
97203,'20260807',2626,,1048313,79,,,0
