3900,'20260423',747,,309853,45,,,0,100,,309854,45,,,0,68,,309855,45,,,0,30,,309856,45,,,0,100,,309857,45,,,0,101,,309858,45,,,0,100,,309859,45,,,0,100,,309860,45,,,0,100,,309861,45,,,0,100,,309862,45,,,0,71,,309863,45,,,0,31,,309864,45,,,0,69,,309865,45,,,0,28,,309866,45,,,0,70,,309867,45,,,0,30,,309868,45,,,0,99,,309869,45,,,0,100,,309870,45,,,0,99,,309871,45,,,0,100,,309872,45,,,0,100,,309873,45,,,0,100,,309874,45,,,0
3900,'20260424',747,,309875,45,,,0,100,,309876,45,,,0,68,,309877,45,,,0,30,,309878,45,,,0,100,,309879,45,,,0,101,,309880,45,,,0,100,,309881,45,,,0,100,,309882,45,,,0,100,,309883,45,,,0,100,,309884,45,,,0,71,,309885,45,,,0,31,,309886,45,,,0,69,,309887,45,,,0,28,,309888,45,,,0,70,,309889,45,,,0,30,,309890,45,,,0,99,,309891,45,,,0,100,,309892,45,,,0,99,,309893,45,,,0,100,,309894,45,,,0,100,,309895,45,,,0,100,,309896,45,,,0
3900,'20260425',743,,336186,45,,,0,100,,336187,45,,,0,101,,336188,45,,,0,100,,336189,45,,,0,100,,336190,45,,,0,100,,336191,45,,,0,100,,336192,45,,,0,100,,336193,45,,,0,100,,336194,45,,,0,100,,336195,45,,,0,100,,336196,45,,,0,100,,336197,45,,,0,100,,336198,45,,,0,100,,336199,45,,,0,100,,336200,45,,,0,100,,336201,45,,,0,199,,336202,45,,,0
3900,'20260426',743,,336203,45,,,0,100,,336204,45,,,0,101,,336205,45,,,0,100,,336206,45,,,0,100,,336207,45,,,0,100,,336208,45,,,0,100,,336209,45,,,0,100,,336210,45,,,0,100,,336211,45,,,0,100,,336212,45,,,0,100,,336213,45,,,0,100,,336214,45,,,0,100,,336215,45,,,0,100,,336216,45,,,0,100,,336217,45,,,0,100,,336218,45,,,0,199,,336219,45,,,0
3900,'20260427',747,,336220,45,,,0,100,,336221,45,,,0,68,,336222,45,,,0,30,,336223,45,,,0,100,,336224,45,,,0,101,,336225,45,,,0,100,,336226,45,,,0,100,,336227,45,,,0,100,,336228,45,,,0,100,,336229,45,,,0,71,,336230,45,,,0,31,,336231,45,,,0,69,,336232,45,,,0,28,,336233,45,,,0,70,,336234,45,,,0,30,,336235,45,,,0,99,,336236,45,,,0,100,,336237,45,,,0,99,,336238,45,,,0,100,,336239,45,,,0,100,,336240,45,,,0,100,,336241,45,,,0
3900,'20260428',747,,336242,45,,,0,100,,336243,45,,,0,68,,336244,45,,,0,30,,336245,45,,,0,100,,336246,45,,,0,101,,336247,45,,,0,100,,336248,45,,,0,100,,336249,45,,,0,100,,336250,45,,,0,100,,336251,45,,,0,71,,336252,45,,,0,31,,336253,45,,,0,69,,336254,45,,,0,28,,336255,45,,,0,70,,336256,45,,,0,30,,336257,45,,,0,99,,336258,45,,,0,100,,336259,45,,,0,99,,336260,45,,,0,100,,336261,45,,,0,100,,336262,45,,,0,100,,336263,45,,,0
3900,'20260429',747,,283665,45,,,0,100,,283646,45,,,0,68,,283667,45,,,0,30,,283647,45,,,0,100,,283648,45,,,0,101,,283649,45,,,0,100,,283650,45,,,0,100,,283651,45,,,0,100,,283652,45,,,0,100,,283653,45,,,0,71,,283654,45,,,0,31,,283655,45,,,0,69,,283656,45,,,0,28,,283657,45,,,0,70,,283658,45,,,0,30,,283659,45,,,0,99,,283660,45,,,0,100,,283661,45,,,0,99,,283662,45,,,0,100,,283666,45,,,0,100,,283663,45,,,0,100,,283664,45,,,0
3900,'20260430',747,,283687,45,,,0,100,,283668,45,,,0,68,,283689,45,,,0,30,,283669,45,,,0,100,,283670,45,,,0,101,,283671,45,,,0,100,,283672,45,,,0,100,,283673,45,,,0,100,,283674,45,,,0,100,,283675,45,,,0,71,,283676,45,,,0,31,,283677,45,,,0,69,,283678,45,,,0,28,,283679,45,,,0,70,,283680,45,,,0,30,,283681,45,,,0,99,,283682,45,,,0,100,,283683,45,,,0,99,,283684,45,,,0,100,,283688,45,,,0,100,,283685,45,,,0,100,,283686,45,,,0
3900,'20260501',747,,309916,45,,,0,100,,309897,45,,,0,68,,309918,45,,,0,30,,309898,45,,,0,100,,309899,45,,,0,101,,309900,45,,,0,100,,309901,45,,,0,100,,309902,45,,,0,100,,309903,45,,,0,100,,309904,45,,,0,71,,309905,45,,,0,31,,309906,45,,,0,69,,309907,45,,,0,28,,309908,45,,,0,70,,309909,45,,,0,30,,309910,45,,,0,99,,309911,45,,,0,100,,309912,45,,,0,99,,309913,45,,,0,100,,309917,45,,,0,100,,309914,45,,,0,100,,309915,45,,,0
3900,'20260502',743,,309930,45,,,0,100,,309933,45,,,0,101,,309919,45,,,0,100,,309934,45,,,0,100,,309920,45,,,0,100,,309921,45,,,0,100,,309922,45,,,0,100,,309923,45,,,0,100,,309924,45,,,0,100,,309925,45,,,0,100,,309926,45,,,0,100,,309927,45,,,0,100,,309931,45,,,0,100,,309928,45,,,0,100,,309932,45,,,0,100,,309929,45,,,0,199,,309935,45,,,0
3900,'20260503',743,,309948,45,,,0,100,,309950,45,,,0,101,,309949,45,,,0,100,,309951,45,,,0,100,,309945,45,,,0,100,,309936,45,,,0,100,,309937,45,,,0,100,,309938,45,,,0,100,,309939,45,,,0,100,,309940,45,,,0,100,,309941,45,,,0,100,,309942,45,,,0,100,,309946,45,,,0,100,,309943,45,,,0,100,,309947,45,,,0,100,,309944,45,,,0,199,,309952,45,,,0
3900,'20260504',747,,309972,45,,,0,100,,309953,45,,,0,68,,309974,45,,,0,30,,309954,45,,,0,100,,309955,45,,,0,101,,309956,45,,,0,100,,309957,45,,,0,100,,309958,45,,,0,100,,309959,45,,,0,100,,309960,45,,,0,71,,309961,45,,,0,31,,309962,45,,,0,69,,309963,45,,,0,28,,309964,45,,,0,70,,309965,45,,,0,30,,309966,45,,,0,99,,309967,45,,,0,100,,309968,45,,,0,99,,309969,45,,,0,100,,309973,45,,,0,100,,309970,45,,,0,100,,309971,45,,,0
3900,'20260505',747,,336283,45,,,0,100,,336264,45,,,0,68,,336285,45,,,0,30,,336265,45,,,0,100,,336266,45,,,0,101,,336267,45,,,0,100,,336268,45,,,0,100,,336269,45,,,0,100,,336270,45,,,0,100,,336271,45,,,0,71,,336272,45,,,0,31,,336273,45,,,0,69,,336274,45,,,0,28,,336275,45,,,0,70,,336276,45,,,0,30,,336277,45,,,0,99,,336278,45,,,0,100,,336279,45,,,0,99,,336280,45,,,0,100,,336284,45,,,0,100,,336281,45,,,0,100,,336282,45,,,0
3900,'20260506',747,,336305,45,,,0,100,,336286,45,,,0,68,,336307,45,,,0,30,,336287,45,,,0,100,,336288,45,,,0,101,,336289,45,,,0,100,,336290,45,,,0,100,,336291,45,,,0,100,,336292,45,,,0,100,,336293,45,,,0,71,,336294,45,,,0,31,,336295,45,,,0,69,,336296,45,,,0,28,,336297,45,,,0,70,,336298,45,,,0,30,,336299,45,,,0,99,,336300,45,,,0,100,,336301,45,,,0,99,,336302,45,,,0,100,,336306,45,,,0,100,,336303,45,,,0,100,,336304,45,,,0
3900,'20260507',747,,336327,45,,,0,100,,336308,45,,,0,68,,336329,45,,,0,30,,336309,45,,,0,100,,336310,45,,,0,101,,336311,45,,,0,100,,336312,45,,,0,100,,336313,45,,,0,100,,336314,45,,,0,100,,336315,45,,,0,71,,336316,45,,,0,31,,336317,45,,,0,69,,336318,45,,,0,28,,336319,45,,,0,70,,336320,45,,,0,30,,336321,45,,,0,99,,336322,45,,,0,100,,336323,45,,,0,99,,336324,45,,,0,100,,336328,45,,,0,100,,336325,45,,,0,100,,336326,45,,,0
23900,'20260423',1548,,318774,34,4,,0,79,,318775,34,4,,0,30,,318776,34,4,,0,74,,318777,34,4,,0,21,,318778,34,4,,0,65,,318779,34,4,,0
23900,'20260424',1548,,318780,34,4,,0,79,,318781,34,4,,0,30,,318782,34,4,,0,74,,318783,34,4,,0,21,,318784,34,4,,0,65,,318785,34,4,,0
23900,'20260427',1548,,345118,34,4,,0,79,,345119,34,4,,0,30,,345120,34,4,,0,74,,345121,34,4,,0,21,,345122,34,4,,0,65,,345123,34,4,,0
23900,'20260428',1548,,345124,34,4,,0,79,,345125,34,4,,0,30,,345126,34,4,,0,74,,345127,34,4,,0,21,,345128,34,4,,0,65,,345129,34,4,,0
23900,'20260429',1548,,292500,34,4,,0,79,,292496,34,4,,0,30,,292497,34,4,,0,74,,292501,34,4,,0,21,,292498,34,4,,0,65,,292499,34,4,,0
23900,'20260430',1548,,292506,34,4,,0,79,,292502,34,4,,0,30,,292503,34,4,,0,74,,292507,34,4,,0,21,,292504,34,4,,0,65,,292505,34,4,,0
23900,'20260501',1548,,318790,34,4,,0,79,,318786,34,4,,0,30,,318787,34,4,,0,74,,318791,34,4,,0,21,,318788,34,4,,0,65,,318789,34,4,,0
23900,'20260504',1548,,318796,34,4,,0,79,,318792,34,4,,0,30,,318793,34,4,,0,74,,318797,34,4,,0,21,,318794,34,4,,0,65,,318795,34,4,,0
23900,'20260505',1548,,345134,34,4,,0,79,,345130,34,4,,0,30,,345131,34,4,,0,74,,345135,34,4,,0,21,,345132,34,4,,0,65,,345133,34,4,,0
23900,'20260506',1548,,345140,34,4,,0,79,,345136,34,4,,0,30,,345137,34,4,,0,74,,345141,34,4,,0,21,,345138,34,4,,0,65,,345139,34,4,,0
23900,'20260507',1548,,345146,34,4,,0,79,,345142,34,4,,0,30,,345143,34,4,,0,74,,345147,34,4,,0,21,,345144,34,4,,0,65,,345145,34,4,,0
