3601,'20260423',612,,309715,23,,,0,30,,309716,23,,,0,66,,309717,23,,,0,29,,309718,23,,,0,71,,309719,23,,,0,103,,309720,23,,,0,100,,309721,23,,,0,100,,309722,23,,,0,99,,309723,23,,,0,100,,309724,23,,,0,101,,309725,23,,,0,98,,309726,23,,,0,99,,309727,23,,,0,101,,309728,23,,,0,102,,309729,23,,,0,102,,309730,23,,,0,100,,309731,23,,,0,100,,309732,23,,,0,100,,309733,23,,,0,100,,309734,23,,,0
3601,'20260424',612,,309735,23,,,0,30,,309736,23,,,0,66,,309737,23,,,0,29,,309738,23,,,0,71,,309739,23,,,0,103,,309740,23,,,0,100,,309741,23,,,0,100,,309742,23,,,0,99,,309743,23,,,0,100,,309744,23,,,0,101,,309745,23,,,0,98,,309746,23,,,0,99,,309747,23,,,0,101,,309748,23,,,0,102,,309749,23,,,0,102,,309750,23,,,0,100,,309751,23,,,0,100,,309752,23,,,0,100,,309753,23,,,0,100,,309754,23,,,0
3601,'20260425',614,,336050,23,,,0,98,,336051,23,,,0,100,,336052,23,,,0,100,,336053,23,,,0,99,,336054,23,,,0,99,,336055,23,,,0,100,,336056,23,,,0,100,,336057,23,,,0,100,,336058,23,,,0,101,,336059,23,,,0,100,,336060,23,,,0,101,,336061,23,,,0,100,,336062,23,,,0,100,,336063,23,,,0,100,,336064,23,,,0,102,,336065,23,,,0,100,,336066,23,,,0,100,,336067,23,,,0
3601,'20260426',614,,336068,23,,,0,98,,336069,23,,,0,100,,336070,23,,,0,100,,336071,23,,,0,99,,336072,23,,,0,99,,336073,23,,,0,100,,336074,23,,,0,100,,336075,23,,,0,100,,336076,23,,,0,101,,336077,23,,,0,100,,336078,23,,,0,101,,336079,23,,,0,100,,336080,23,,,0,100,,336081,23,,,0,100,,336082,23,,,0,102,,336083,23,,,0,100,,336084,23,,,0,100,,336085,23,,,0
3601,'20260427',612,,336086,23,,,0,30,,336087,23,,,0,66,,336088,23,,,0,29,,336089,23,,,0,71,,336090,23,,,0,103,,336091,23,,,0,100,,336092,23,,,0,100,,336093,23,,,0,99,,336094,23,,,0,100,,336095,23,,,0,101,,336096,23,,,0,98,,336097,23,,,0,99,,336098,23,,,0,101,,336099,23,,,0,102,,336100,23,,,0,102,,336101,23,,,0,100,,336102,23,,,0,100,,336103,23,,,0,100,,336104,23,,,0,100,,336105,23,,,0
3601,'20260428',612,,336106,23,,,0,30,,336107,23,,,0,66,,336108,23,,,0,29,,336109,23,,,0,71,,336110,23,,,0,103,,336111,23,,,0,100,,336112,23,,,0,100,,336113,23,,,0,99,,336114,23,,,0,100,,336115,23,,,0,101,,336116,23,,,0,98,,336117,23,,,0,99,,336118,23,,,0,101,,336119,23,,,0,102,,336120,23,,,0,102,,336121,23,,,0,100,,336122,23,,,0,100,,336123,23,,,0,100,,336124,23,,,0,100,,336125,23,,,0
3601,'20260429',612,,283506,23,,,0,30,,283507,23,,,0,66,,283508,23,,,0,29,,283509,23,,,0,71,,283510,23,,,0,103,,283511,23,,,0,100,,283512,23,,,0,100,,283513,23,,,0,99,,283514,23,,,0,100,,283515,23,,,0,101,,283516,23,,,0,98,,283517,23,,,0,99,,283518,23,,,0,101,,283519,23,,,0,102,,283520,23,,,0,102,,283521,23,,,0,100,,283522,23,,,0,100,,283523,23,,,0,100,,283525,23,,,0,100,,283524,23,,,0
3601,'20260430',612,,283526,23,,,0,30,,283527,23,,,0,66,,283528,23,,,0,29,,283529,23,,,0,71,,283530,23,,,0,103,,283531,23,,,0,100,,283532,23,,,0,100,,283533,23,,,0,99,,283534,23,,,0,100,,283535,23,,,0,101,,283536,23,,,0,98,,283537,23,,,0,99,,283538,23,,,0,101,,283539,23,,,0,102,,283540,23,,,0,102,,283541,23,,,0,100,,283542,23,,,0,100,,283543,23,,,0,100,,283545,23,,,0,100,,283544,23,,,0
3601,'20260501',612,,309755,23,,,0,30,,309756,23,,,0,66,,309757,23,,,0,29,,309758,23,,,0,71,,309759,23,,,0,103,,309760,23,,,0,100,,309761,23,,,0,100,,309762,23,,,0,99,,309763,23,,,0,100,,309764,23,,,0,101,,309765,23,,,0,98,,309766,23,,,0,99,,309767,23,,,0,101,,309768,23,,,0,102,,309769,23,,,0,102,,309770,23,,,0,100,,309771,23,,,0,100,,309772,23,,,0,100,,309774,23,,,0,100,,309773,23,,,0
3601,'20260502',614,,309792,23,,,0,98,,309775,23,,,0,100,,309776,23,,,0,100,,309777,23,,,0,99,,309778,23,,,0,99,,309779,23,,,0,100,,309780,23,,,0,100,,309781,23,,,0,100,,309782,23,,,0,101,,309783,23,,,0,100,,309784,23,,,0,101,,309785,23,,,0,100,,309786,23,,,0,100,,309787,23,,,0,100,,309791,23,,,0,102,,309788,23,,,0,100,,309790,23,,,0,100,,309789,23,,,0
3601,'20260503',614,,309810,23,,,0,98,,309803,23,,,0,100,,309808,23,,,0,100,,309802,23,,,0,99,,309801,23,,,0,99,,309800,23,,,0,100,,309799,23,,,0,100,,309798,23,,,0,100,,309797,23,,,0,101,,309796,23,,,0,100,,309795,23,,,0,101,,309794,23,,,0,100,,309793,23,,,0,100,,309807,23,,,0,100,,309809,23,,,0,102,,309806,23,,,0,100,,309805,23,,,0,100,,309804,23,,,0
3601,'20260504',612,,309811,23,,,0,30,,309812,23,,,0,66,,309813,23,,,0,29,,309814,23,,,0,71,,309815,23,,,0,103,,309816,23,,,0,100,,309817,23,,,0,100,,309818,23,,,0,99,,309819,23,,,0,100,,309820,23,,,0,101,,309821,23,,,0,98,,309822,23,,,0,99,,309823,23,,,0,101,,309824,23,,,0,102,,309825,23,,,0,102,,309826,23,,,0,100,,309827,23,,,0,100,,309828,23,,,0,100,,309830,23,,,0,100,,309829,23,,,0
3601,'20260505',612,,336126,23,,,0,30,,336127,23,,,0,66,,336128,23,,,0,29,,336129,23,,,0,71,,336130,23,,,0,103,,336131,23,,,0,100,,336132,23,,,0,100,,336133,23,,,0,99,,336134,23,,,0,100,,336135,23,,,0,101,,336136,23,,,0,98,,336137,23,,,0,99,,336138,23,,,0,101,,336139,23,,,0,102,,336140,23,,,0,102,,336141,23,,,0,100,,336142,23,,,0,100,,336143,23,,,0,100,,336145,23,,,0,100,,336144,23,,,0
3601,'20260506',612,,336146,23,,,0,30,,336147,23,,,0,66,,336148,23,,,0,29,,336149,23,,,0,71,,336150,23,,,0,103,,336151,23,,,0,100,,336152,23,,,0,100,,336153,23,,,0,99,,336154,23,,,0,100,,336155,23,,,0,101,,336156,23,,,0,98,,336157,23,,,0,99,,336158,23,,,0,101,,336159,23,,,0,102,,336160,23,,,0,102,,336161,23,,,0,100,,336162,23,,,0,100,,336163,23,,,0,100,,336165,23,,,0,100,,336164,23,,,0
3601,'20260507',612,,336166,23,,,0,30,,336167,23,,,0,66,,336168,23,,,0,29,,336169,23,,,0,71,,336170,23,,,0,103,,336171,23,,,0,100,,336172,23,,,0,100,,336173,23,,,0,99,,336174,23,,,0,100,,336175,23,,,0,101,,336176,23,,,0,98,,336177,23,,,0,99,,336178,23,,,0,101,,336179,23,,,0,102,,336180,23,,,0,102,,336181,23,,,0,100,,336182,23,,,0,100,,336183,23,,,0,100,,336185,23,,,0,100,,336184,23,,,0
23601,'20260423',633,,318708,22,,,0,9,,318709,22,,,0,68,,318710,22,,,0,25,,318711,22,,,0,78,,318712,22,,,0
23601,'20260424',633,,318713,22,,,0,9,,318714,22,,,0,68,,318715,22,,,0,25,,318716,22,,,0,78,,318717,22,,,0
23601,'20260427',633,,345053,22,,,0,9,,345054,22,,,0,68,,345055,22,,,0,25,,345056,22,,,0,78,,345057,22,,,0
23601,'20260428',633,,345058,22,,,0,9,,345059,22,,,0,68,,345060,22,,,0,25,,345061,22,,,0,78,,345062,22,,,0
23601,'20260429',633,,292428,22,,,0,9,,292429,22,,,0,68,,292432,22,,,0,25,,292430,22,,,0,78,,292431,22,,,0
23601,'20260430',633,,292433,22,,,0,9,,292434,22,,,0,68,,292437,22,,,0,25,,292435,22,,,0,78,,292436,22,,,0
23601,'20260501',633,,318718,22,,,0,9,,318719,22,,,0,68,,318722,22,,,0,25,,318720,22,,,0,78,,318721,22,,,0
23601,'20260504',633,,318723,22,,,0,9,,318724,22,,,0,68,,318727,22,,,0,25,,318725,22,,,0,78,,318726,22,,,0
23601,'20260505',633,,345063,22,,,0,9,,345064,22,,,0,68,,345067,22,,,0,25,,345065,22,,,0,78,,345066,22,,,0
23601,'20260506',633,,345068,22,,,0,9,,345069,22,,,0,68,,345072,22,,,0,25,,345070,22,,,0,78,,345071,22,,,0
23601,'20260507',633,,345073,22,,,0,9,,345074,22,,,0,68,,345077,22,,,0,25,,345075,22,,,0,78,,345076,22,,,0
33601,'20260423',650,,319961,22,,,0
33601,'20260424',650,,319962,22,,,0
33601,'20260427',650,,346310,22,,,0
33601,'20260428',650,,346311,22,,,0
33601,'20260429',650,,293673,22,,,0
33601,'20260430',650,,293674,22,,,0
33601,'20260501',650,,319963,22,,,0
33601,'20260504',650,,319964,22,,,0
33601,'20260505',650,,346312,22,,,0
33601,'20260506',650,,346313,22,,,0
33601,'20260507',650,,346314,22,,,0
53601,'20260423',655,,320605,22,,,0,68,,320606,22,,,0
53601,'20260424',655,,320607,22,,,0,68,,320608,22,,,0
53601,'20260427',655,,346956,22,,,0,68,,346957,22,,,0
53601,'20260428',655,,346958,22,,,0,68,,346959,22,,,0
53601,'20260429',655,,294318,22,,,0,68,,294319,22,,,0
53601,'20260430',655,,294320,22,,,0,68,,294321,22,,,0
53601,'20260501',655,,320609,22,,,0,68,,320610,22,,,0
53601,'20260504',655,,320611,22,,,0,68,,320612,22,,,0
53601,'20260505',655,,346960,22,,,0,68,,346961,22,,,0
53601,'20260506',655,,346962,22,,,0,68,,346963,22,,,0
53601,'20260507',655,,346964,22,,,0,68,,346965,22,,,0
