9102,'20260612',519,,694541,31,,,0,101,,694542,31,,,0,30,,694543,31,,,0,69,,694544,31,,,0,28,,694545,31,,,0,72,,694546,31,,,0,30,,694547,31,,,0,100,,694548,31,,,0,99,,694549,31,,,0,100,,694550,31,,,0,101,,694551,31,,,0,99,,694552,31,,,0,100,,694553,31,,,0,98,,694554,31,,,0,106,,694555,31,,,0,100,,694556,31,,,0,98,,694557,31,,,0,98,,694558,31,,,0,100,,694559,31,,,0,100,,694560,31,,,0,102,,694561,31,,,0
9102,'20260613',549,,719051,31,,,0,100,,719052,31,,,0,100,,719053,31,,,0,100,,719054,31,,,0,100,,719055,31,,,0,101,,719056,31,,,0,100,,719057,31,,,0,99,,719058,31,,,0,100,,719059,31,,,0,100,,719060,31,,,0,100,,719061,31,,,0,96,,719062,31,,,0,105,,719063,31,,,0,100,,719064,31,,,0,100,,719065,31,,,0,99,,719066,31,,,0,100,,719067,31,,,0,100,,719068,31,,,0
9102,'20260614',549,,719069,31,,,0,100,,719070,31,,,0,100,,719071,31,,,0,100,,719072,31,,,0,100,,719073,31,,,0,101,,719074,31,,,0,100,,719075,31,,,0,99,,719076,31,,,0,100,,719077,31,,,0,100,,719078,31,,,0,100,,719079,31,,,0,96,,719080,31,,,0,105,,719081,31,,,0,100,,719082,31,,,0,100,,719083,31,,,0,99,,719084,31,,,0,100,,719085,31,,,0,100,,719086,31,,,0
9102,'20260615',519,,719087,31,,,0,101,,719088,31,,,0,30,,719089,31,,,0,69,,719090,31,,,0,28,,719091,31,,,0,72,,719092,31,,,0,30,,719093,31,,,0,100,,719094,31,,,0,99,,719095,31,,,0,100,,719096,31,,,0,101,,719097,31,,,0,99,,719098,31,,,0,100,,719099,31,,,0,98,,719100,31,,,0,106,,719101,31,,,0,100,,719102,31,,,0,98,,719103,31,,,0,98,,719104,31,,,0,100,,719105,31,,,0,100,,719106,31,,,0,102,,719107,31,,,0
9102,'20260616',519,,719108,31,,,0,101,,719109,31,,,0,30,,719110,31,,,0,69,,719111,31,,,0,28,,719112,31,,,0,72,,719113,31,,,0,30,,719114,31,,,0,100,,719115,31,,,0,99,,719116,31,,,0,100,,719117,31,,,0,101,,719118,31,,,0,99,,719119,31,,,0,100,,719120,31,,,0,98,,719121,31,,,0,106,,719122,31,,,0,100,,719123,31,,,0,98,,719124,31,,,0,98,,719125,31,,,0,100,,719126,31,,,0,100,,719127,31,,,0,102,,719128,31,,,0
9102,'20260617',519,,719129,31,,,0,101,,719130,31,,,0,30,,719131,31,,,0,69,,719132,31,,,0,28,,719133,31,,,0,72,,719134,31,,,0,30,,719135,31,,,0,100,,719136,31,,,0,99,,719137,31,,,0,100,,719138,31,,,0,101,,719139,31,,,0,99,,719140,31,,,0,100,,719141,31,,,0,98,,719142,31,,,0,106,,719143,31,,,0,100,,719144,31,,,0,98,,719145,31,,,0,98,,719146,31,,,0,100,,719147,31,,,0,100,,719148,31,,,0,102,,719149,31,,,0
9102,'20260618',519,,719150,31,,,0,101,,719151,31,,,0,30,,719152,31,,,0,69,,719153,31,,,0,28,,719154,31,,,0,72,,719155,31,,,0,30,,719156,31,,,0,100,,719157,31,,,0,99,,719158,31,,,0,100,,719159,31,,,0,101,,719160,31,,,0,99,,719161,31,,,0,100,,719162,31,,,0,98,,719163,31,,,0,106,,719164,31,,,0,100,,719165,31,,,0,98,,719166,31,,,0,98,,719167,31,,,0,100,,719168,31,,,0,100,,719169,31,,,0,102,,719170,31,,,0
9102,'20260619',519,,669955,31,,,0,101,,669956,31,,,0,30,,669957,31,,,0,69,,669958,31,,,0,28,,669959,31,,,0,72,,669960,31,,,0,30,,669961,31,,,0,100,,669962,31,,,0,99,,669963,31,,,0,100,,669964,31,,,0,101,,669965,31,,,0,99,,669966,31,,,0,100,,669967,31,,,0,98,,669968,31,,,0,106,,669969,31,,,0,100,,669970,31,,,0,98,,669971,31,,,0,98,,669972,31,,,0,100,,669973,31,,,0,100,,669974,31,,,0,102,,669975,31,,,0
9102,'20260620',549,,694562,31,,,0,100,,694563,31,,,0,100,,694564,31,,,0,100,,694565,31,,,0,100,,694566,31,,,0,101,,694567,31,,,0,100,,694568,31,,,0,99,,694569,31,,,0,100,,694570,31,,,0,100,,694571,31,,,0,97,,694572,31,,,0,99,,694573,31,,,0,105,,694574,31,,,0,100,,694575,31,,,0,100,,694576,31,,,0,99,,694577,31,,,0,100,,694578,31,,,0,100,,694579,31,,,0
9102,'20260621',549,,694580,31,,,0,100,,694581,31,,,0,100,,694582,31,,,0,100,,694583,31,,,0,100,,694584,31,,,0,101,,694585,31,,,0,100,,694586,31,,,0,99,,694587,31,,,0,100,,694588,31,,,0,100,,694589,31,,,0,97,,694590,31,,,0,99,,694591,31,,,0,105,,694592,31,,,0,100,,694593,31,,,0,100,,694594,31,,,0,99,,694595,31,,,0,100,,694596,31,,,0,100,,694597,31,,,0
9102,'20260622',519,,694598,31,,,0,101,,694599,31,,,0,28,,694600,31,,,0,71,,694601,31,,,0,28,,694602,31,,,0,72,,694603,31,,,0,30,,694604,31,,,0,100,,694605,31,,,0,99,,694606,31,,,0,100,,694607,31,,,0,101,,694608,31,,,0,99,,694609,31,,,0,100,,694610,31,,,0,98,,694611,31,,,0,106,,694612,31,,,0,100,,694613,31,,,0,98,,694614,31,,,0,98,,694615,31,,,0,100,,694616,31,,,0,100,,694617,31,,,0,102,,694618,31,,,0
9102,'20260623',519,,719171,31,,,0,101,,719172,31,,,0,28,,719173,31,,,0,71,,719174,31,,,0,28,,719175,31,,,0,72,,719176,31,,,0,30,,719177,31,,,0,100,,719178,31,,,0,99,,719179,31,,,0,100,,719180,31,,,0,101,,719181,31,,,0,99,,719182,31,,,0,100,,719183,31,,,0,98,,719184,31,,,0,106,,719185,31,,,0,100,,719186,31,,,0,98,,719187,31,,,0,98,,719188,31,,,0,100,,719189,31,,,0,100,,719190,31,,,0,102,,719191,31,,,0
9102,'20260624',549,,719192,31,,,0,100,,719193,31,,,0,100,,719194,31,,,0,100,,719195,31,,,0,100,,719196,31,,,0,101,,719197,31,,,0,100,,719198,31,,,0,99,,719199,31,,,0,100,,719200,31,,,0,100,,719201,31,,,0,97,,719202,31,,,0,99,,719203,31,,,0,105,,719204,31,,,0,100,,719205,31,,,0,100,,719206,31,,,0,99,,719207,31,,,0,100,,719208,31,,,0,100,,719209,31,,,0
9102,'20260625',519,,719210,31,,,0,101,,719211,31,,,0,28,,719212,31,,,0,71,,719213,31,,,0,28,,719214,31,,,0,72,,719215,31,,,0,30,,719216,31,,,0,100,,719217,31,,,0,99,,719218,31,,,0,100,,719219,31,,,0,101,,719220,31,,,0,99,,719221,31,,,0,100,,719222,31,,,0,98,,719223,31,,,0,106,,719224,31,,,0,100,,719225,31,,,0,98,,719226,31,,,0,98,,719227,31,,,0,100,,719228,31,,,0,100,,719229,31,,,0,102,,719230,31,,,0
9102,'20260626',519,,719231,31,,,0,101,,719232,31,,,0,28,,719233,31,,,0,71,,719234,31,,,0,28,,719235,31,,,0,72,,719236,31,,,0,30,,719237,31,,,0,100,,719238,31,,,0,99,,719239,31,,,0,100,,719240,31,,,0,101,,719241,31,,,0,99,,719242,31,,,0,100,,719243,31,,,0,98,,719244,31,,,0,106,,719245,31,,,0,100,,719246,31,,,0,98,,719247,31,,,0,98,,719248,31,,,0,100,,719249,31,,,0,100,,719250,31,,,0,102,,719251,31,,,0
9600,'20260612',631,,695152,10,,,0,103,,695153,10,,,0,100,,695154,10,,,0,100,,695155,10,,,0,100,,695156,10,,,0,100,,695157,10,,,0,101,,695158,10,,,0,100,,695159,10,,,0,100,,695160,10,,,0,98,,695161,10,,,0,68,,695162,10,,,0,33,,695163,10,,,0,74,,695164,10,,,0,29,,695165,10,,,0,99,,695166,10,,,0,99,,695167,10,,,0,100,,695168,10,,,0,100,,695169,10,,,0,101,,695170,10,,,0
9600,'20260613',705,,720642,10,,,0,100,,720643,10,,,0,100,,720644,10,,,0,98,,720645,10,,,0,105,,720646,10,,,0,95,,720647,10,,,0,56,,720648,10,,,0,144,,720649,10,,,0,103,,720650,10,,,0,98,,720651,10,,,0,107,,720652,10,,,0,94,,720653,10,,,0,100,,720654,10,,,0,101,,720655,10,,,0,99,,720656,10,,,0,100,,720657,10,,,0
9600,'20260614',705,,720658,10,,,0,100,,720659,10,,,0,100,,720660,10,,,0,98,,720661,10,,,0,105,,720662,10,,,0,95,,720663,10,,,0,56,,720664,10,,,0,144,,720665,10,,,0,103,,720666,10,,,0,98,,720667,10,,,0,107,,720668,10,,,0,94,,720669,10,,,0,100,,720670,10,,,0,101,,720671,10,,,0,99,,720672,10,,,0,100,,720673,10,,,0
9600,'20260615',631,,720674,10,,,0,103,,720675,10,,,0,100,,720676,10,,,0,100,,720677,10,,,0,100,,720678,10,,,0,100,,720679,10,,,0,101,,720680,10,,,0,100,,720681,10,,,0,100,,720682,10,,,0,98,,720683,10,,,0,68,,720684,10,,,0,33,,720685,10,,,0,74,,720686,10,,,0,29,,720687,10,,,0,99,,720688,10,,,0,99,,720689,10,,,0,100,,720690,10,,,0,100,,720691,10,,,0,101,,720692,10,,,0
9600,'20260616',631,,720693,10,,,0,103,,720694,10,,,0,100,,720695,10,,,0,100,,720696,10,,,0,100,,720697,10,,,0,100,,720698,10,,,0,101,,720699,10,,,0,100,,720700,10,,,0,100,,720701,10,,,0,98,,720702,10,,,0,68,,720703,10,,,0,33,,720704,10,,,0,74,,720705,10,,,0,29,,720706,10,,,0,99,,720707,10,,,0,99,,720708,10,,,0,100,,720709,10,,,0,100,,720710,10,,,0,101,,720711,10,,,0
9600,'20260617',631,,720712,10,,,0,103,,720713,10,,,0,100,,720714,10,,,0,100,,720715,10,,,0,100,,720716,10,,,0,100,,720717,10,,,0,101,,720718,10,,,0,100,,720719,10,,,0,100,,720720,10,,,0,98,,720721,10,,,0,68,,720722,10,,,0,33,,720723,10,,,0,74,,720724,10,,,0,29,,720725,10,,,0,99,,720726,10,,,0,99,,720727,10,,,0,100,,720728,10,,,0,100,,720729,10,,,0,101,,720730,10,,,0
9600,'20260618',631,,720731,10,,,0,103,,720732,10,,,0,100,,720733,10,,,0,100,,720734,10,,,0,100,,720735,10,,,0,100,,720736,10,,,0,101,,720737,10,,,0,100,,720738,10,,,0,100,,720739,10,,,0,98,,720740,10,,,0,68,,720741,10,,,0,33,,720742,10,,,0,74,,720743,10,,,0,29,,720744,10,,,0,99,,720745,10,,,0,99,,720746,10,,,0,100,,720747,10,,,0,100,,720748,10,,,0,101,,720749,10,,,0
9600,'20260619',631,,671393,10,,,0,103,,671394,10,,,0,100,,671395,10,,,0,100,,671396,10,,,0,100,,671397,10,,,0,100,,671398,10,,,0,101,,671399,10,,,0,100,,671400,10,,,0,100,,671401,10,,,0,98,,671402,10,,,0,68,,671403,10,,,0,33,,671404,10,,,0,74,,671405,10,,,0,29,,671411,10,,,0,99,,671406,10,,,0,99,,671407,10,,,0,100,,671408,10,,,0,100,,671409,10,,,0,101,,671410,10,,,0
9600,'20260620',705,,695186,10,,,0,100,,695171,10,,,0,100,,695172,10,,,0,98,,695173,10,,,0,105,,695174,10,,,0,95,,695175,10,,,0,56,,695176,10,,,0,149,,695177,10,,,0,98,,695178,10,,,0,101,,695179,10,,,0,107,,695180,10,,,0,92,,695181,10,,,0,99,,695182,10,,,0,101,,695183,10,,,0,99,,695184,10,,,0,100,,695185,10,,,0
9600,'20260621',705,,695187,10,,,0,100,,695188,10,,,0,100,,695189,10,,,0,98,,695190,10,,,0,105,,695191,10,,,0,95,,695192,10,,,0,56,,695193,10,,,0,149,,695194,10,,,0,98,,695195,10,,,0,101,,695196,10,,,0,107,,695197,10,,,0,92,,695198,10,,,0,99,,695199,10,,,0,101,,695200,10,,,0,99,,695201,10,,,0,100,,695202,10,,,0
9600,'20260622',631,,695203,10,,,0,103,,695204,10,,,0,100,,695205,10,,,0,100,,695206,10,,,0,100,,695207,10,,,0,100,,695208,10,,,0,101,,695209,10,,,0,100,,695210,10,,,0,100,,695211,10,,,0,98,,695212,10,,,0,25,,695213,10,,,0,76,,695214,10,,,0,74,,695215,10,,,0,29,,695221,10,,,0,99,,695216,10,,,0,99,,695217,10,,,0,100,,695218,10,,,0,100,,695219,10,,,0,101,,695220,10,,,0
9600,'20260623',631,,720750,10,,,0,103,,720751,10,,,0,100,,720752,10,,,0,100,,720753,10,,,0,100,,720754,10,,,0,100,,720755,10,,,0,101,,720756,10,,,0,100,,720757,10,,,0,100,,720758,10,,,0,98,,720759,10,,,0,25,,720760,10,,,0,76,,720761,10,,,0,74,,720762,10,,,0,29,,720768,10,,,0,99,,720763,10,,,0,99,,720764,10,,,0,100,,720765,10,,,0,100,,720766,10,,,0,101,,720767,10,,,0
9600,'20260624',705,,720769,10,,,0,100,,720770,10,,,0,100,,720771,10,,,0,98,,720772,10,,,0,105,,720773,10,,,0,95,,720774,10,,,0,56,,720775,10,,,0,149,,720776,10,,,0,98,,720777,10,,,0,101,,720778,10,,,0,107,,720779,10,,,0,92,,720780,10,,,0,99,,720781,10,,,0,101,,720782,10,,,0,99,,720783,10,,,0,100,,720784,10,,,0
9600,'20260625',631,,720785,10,,,0,103,,720786,10,,,0,100,,720787,10,,,0,100,,720788,10,,,0,100,,720789,10,,,0,100,,720790,10,,,0,101,,720791,10,,,0,100,,720792,10,,,0,100,,720793,10,,,0,98,,720794,10,,,0,25,,720795,10,,,0,76,,720796,10,,,0,74,,720797,10,,,0,29,,720803,10,,,0,99,,720798,10,,,0,99,,720799,10,,,0,100,,720800,10,,,0,100,,720801,10,,,0,101,,720802,10,,,0
9600,'20260626',631,,720804,10,,,0,103,,720805,10,,,0,100,,720806,10,,,0,100,,720807,10,,,0,100,,720808,10,,,0,100,,720809,10,,,0,101,,720810,10,,,0,100,,720811,10,,,0,100,,720812,10,,,0,98,,720813,10,,,0,25,,720814,10,,,0,76,,720815,10,,,0,74,,720816,10,,,0,29,,720822,10,,,0,99,,720817,10,,,0,99,,720818,10,,,0,100,,720819,10,,,0,100,,720820,10,,,0,101,,720821,10,,,0
29102,'20260612',621,,695813,31,,,0,25,,695814,31,,,0,69,,695815,31,,,0,24,,695816,31,,,0
29102,'20260615',621,,722834,31,,,0,25,,722835,31,,,0,69,,722836,31,,,0,24,,722837,31,,,0
29102,'20260616',621,,722838,31,,,0,25,,722839,31,,,0,69,,722840,31,,,0,24,,722841,31,,,0
29102,'20260617',621,,722842,31,,,0,25,,722843,31,,,0,69,,722844,31,,,0,24,,722845,31,,,0
29102,'20260618',621,,722846,31,,,0,25,,722847,31,,,0,69,,722848,31,,,0,24,,722849,31,,,0
29102,'20260619',621,,673467,31,,,0,25,,673470,31,,,0,69,,673468,31,,,0,24,,673469,31,,,0
29102,'20260622',616,,695817,31,,,0,30,,695820,31,,,0,64,,695818,31,,,0,31,,695819,31,,,0
29102,'20260623',616,,722850,31,,,0,30,,722853,31,,,0,64,,722851,31,,,0,31,,722852,31,,,0
29102,'20260625',616,,722854,31,,,0,30,,722857,31,,,0,64,,722855,31,,,0,31,,722856,31,,,0
29102,'20260626',616,,722858,31,,,0,30,,722861,31,,,0,64,,722859,31,,,0,31,,722860,31,,,0
99103,'20260612',2609,,701341,36,,,0,130,,701342,36,,,0
99103,'20260613',2609,,737454,36,,,0,130,,737455,36,,,0
99103,'20260619',2609,,687620,36,,,0,130,,687621,36,,,0
99103,'20260620',2609,,701343,36,,,0,130,,701344,36,,,0
99103,'20260626',2609,,737456,36,,,0,130,,737457,36,,,0
7009003,'20260612',1551,,701394,6,,,0
7009003,'20260615',1551,,737639,6,,,0
7009003,'20260616',1551,,737641,6,,,0
7009003,'20260617',1551,,737643,6,,,0
7009003,'20260618',1551,,737645,6,,,0
7009003,'20260619',1551,,687935,6,,,0
