'20250816daily',7400,85300,4,'',1,20200,4,'',1,10000,4,'',1,10200,4,'',1,9900,4,'',1,10100,4,'',1,10000,4,'',1,9900,4,'',1,20000,4,'',1,9900,4,'',1,10000,4,'',1,10000,4,'',1,9900,4,'',1,10000,4,'',1,16900,4,'',1
'20250817daily',7400,85300,4,'',1,10200,4,'',1,10000,4,'',1,10000,4,'',1,10200,4,'',1,9900,4,'',1,10100,4,'',1,10000,4,'',1,9900,4,'',1,10000,4,'',1,10000,4,'',1,9900,4,'',1,10000,4,'',1,10000,4,'',1,9900,4,'',1,10000,4,'',1,16900,4,'',1
'20250818daily',7400,75700,4,'',1,10000,4,'',1,9800,4,'',1,10000,4,'',1,10000,4,'',1,10300,4,'',1,9800,4,'',1,10100,4,'',1,14300,4,'',1,11100,4,'',1,4800,4,'',1,9800,4,'',1,9800,4,'',1,10000,4,'',1,10000,4,'',1,9900,4,'',1,9900,4,'',1,17000,4,'',1
'20250819daily',7400,75700,4,'',1,10000,4,'',1,9800,4,'',1,10000,4,'',1,10000,4,'',1,10300,4,'',1,9800,4,'',1,10100,4,'',1,14300,4,'',1,11100,4,'',1,4800,4,'',1,9800,4,'',1,9800,4,'',1,10000,4,'',1,10000,4,'',1,9900,4,'',1,9900,4,'',1,17000,4,'',1
'20250820daily',7400,75700,4,'',1,10000,4,'',1,9800,4,'',1,10000,4,'',1,10000,4,'',1,10300,4,'',1,9800,4,'',1,10100,4,'',1,14300,4,'',1,11100,4,'',1,4800,4,'',1,9800,4,'',1,9800,4,'',1,10000,4,'',1,10000,4,'',1,9900,4,'',1,9900,4,'',1,17000,4,'',1
'20250821daily',7400,75700,4,'',1,10000,4,'',1,9800,4,'',1,10000,4,'',1,10000,4,'',1,10300,4,'',1,9800,4,'',1,10100,4,'',1,14300,4,'',1,11100,4,'',1,4800,4,'',1,9800,4,'',1,9800,4,'',1,10000,4,'',1,10000,4,'',1,9900,4,'',1,9900,4,'',1,17000,4,'',1
'20250822daily',7400,75700,4,'',1,10000,4,'',1,9800,4,'',1,10000,4,'',1,10000,4,'',1,10300,4,'',1,9800,4,'',1,10100,4,'',1,14300,4,'',1,11100,4,'',1,4800,4,'',1,9800,4,'',1,9800,4,'',1,10000,4,'',1,10000,4,'',1,9900,4,'',1,9900,4,'',1,17000,4,'',1
'20250816daily',7500,83800,4,'',0,10000,4,'',0,10200,4,'',0,10100,4,'',0,20100,4,'',0,10100,4,'',0,10200,4,'',0,9900,4,'',0,10000,4,'',0,9800,4,'',0,9800,4,'',0,10000,4,'',0,9900,4,'',0,9900,4,'',0,10000,4,'',0
'20250817daily',7500,73800,4,'',0,10000,4,'',0,10000,4,'',0,10200,4,'',0,10100,4,'',0,10000,4,'',0,10100,4,'',0,10100,4,'',0,10200,4,'',0,9900,4,'',0,10000,4,'',0,9800,4,'',0,9800,4,'',0,10000,4,'',0,9900,4,'',0,9900,4,'',0,10000,4,'',0
'20250818daily',7500,74300,4,'',0,10200,4,'',0,9700,4,'',0,10000,4,'',0,10000,4,'',0,10200,4,'',0,10000,4,'',0,10100,4,'',0,10600,4,'',0,10100,4,'',0,9800,4,'',0,9500,4,'',0,9900,4,'',0,9800,4,'',0,10000,4,'',0,9800,4,'',0,9900,4,'',0
'20250819daily',7500,74300,4,'',0,10200,4,'',0,9700,4,'',0,10000,4,'',0,10000,4,'',0,10200,4,'',0,10000,4,'',0,10100,4,'',0,10600,4,'',0,10100,4,'',0,9800,4,'',0,9500,4,'',0,9900,4,'',0,9800,4,'',0,10000,4,'',0,9800,4,'',0,9900,4,'',0
'20250820daily',7500,74300,4,'',0,10200,4,'',0,9700,4,'',0,10000,4,'',0,10000,4,'',0,10200,4,'',0,10000,4,'',0,10100,4,'',0,10600,4,'',0,10100,4,'',0,9800,4,'',0,9500,4,'',0,9900,4,'',0,9800,4,'',0,10000,4,'',0,9800,4,'',0,9900,4,'',0
'20250821daily',7500,74300,4,'',0,10200,4,'',0,9700,4,'',0,10000,4,'',0,10000,4,'',0,10200,4,'',0,10000,4,'',0,10100,4,'',0,10600,4,'',0,10100,4,'',0,9800,4,'',0,9500,4,'',0,9900,4,'',0,9800,4,'',0,10000,4,'',0,9800,4,'',0,9900,4,'',0
'20250822daily',7500,74300,4,'',0,10200,4,'',0,9700,4,'',0,10000,4,'',0,10000,4,'',0,10200,4,'',0,10000,4,'',0,10100,4,'',0,10600,4,'',0,10100,4,'',0,9800,4,'',0,9500,4,'',0,9900,4,'',0,9800,4,'',0,10000,4,'',0,9800,4,'',0,9900,4,'',0
