1900,'20260420',631,,281594,30,,,0,100,,281595,30,,,0,71,,281596,30,,,0,30,,281597,30,,,0,71,,281598,30,,,0,100,,281599,30,,,0,99,,281600,30,,,0,100,,281601,30,,,0,99,,281602,30,,,0,100,,281603,30,,,0,100,,281604,30,,,0,28,,281605,30,,,0,30,,281606,30,,,0,64,,281607,30,,,0,35,,281608,30,,,0,71,,281609,30,,,0,71,,281610,30,,,0,30,,281611,30,,,0,71,,281612,30,,,0,100,,281613,30,,,0,100,,281614,30,,,0,100,,281615,30,,,0,100,,281616,30,,,0,100,,281617,30,,,0
1900,'20260421',631,,281618,30,,,0,100,,281619,30,,,0,71,,281620,30,,,0,30,,281621,30,,,0,71,,281622,30,,,0,100,,281623,30,,,0,99,,281624,30,,,0,100,,281625,30,,,0,99,,281626,30,,,0,100,,281627,30,,,0,100,,281628,30,,,0,28,,281629,30,,,0,30,,281630,30,,,0,64,,281631,30,,,0,35,,281632,30,,,0,71,,281633,30,,,0,71,,281634,30,,,0,30,,281635,30,,,0,71,,281636,30,,,0,100,,281637,30,,,0,100,,281638,30,,,0,100,,281639,30,,,0,100,,281640,30,,,0,100,,281641,30,,,0
1900,'20260422',631,,307843,30,,,0,100,,307844,30,,,0,71,,307845,30,,,0,30,,307846,30,,,0,71,,307847,30,,,0,100,,307848,30,,,0,99,,307849,30,,,0,100,,307850,30,,,0,99,,307851,30,,,0,100,,307852,30,,,0,100,,307853,30,,,0,28,,307854,30,,,0,30,,307855,30,,,0,64,,307856,30,,,0,35,,307857,30,,,0,71,,307858,30,,,0,71,,307859,30,,,0,30,,307860,30,,,0,71,,307861,30,,,0,100,,307862,30,,,0,100,,307863,30,,,0,100,,307864,30,,,0,100,,307865,30,,,0,100,,307866,30,,,0
1900,'20260423',631,,307867,30,,,0,100,,307868,30,,,0,71,,307869,30,,,0,30,,307870,30,,,0,71,,307871,30,,,0,100,,307872,30,,,0,99,,307873,30,,,0,100,,307874,30,,,0,99,,307875,30,,,0,100,,307876,30,,,0,100,,307877,30,,,0,28,,307878,30,,,0,30,,307879,30,,,0,64,,307880,30,,,0,35,,307881,30,,,0,71,,307882,30,,,0,71,,307883,30,,,0,30,,307884,30,,,0,71,,307885,30,,,0,100,,307886,30,,,0,100,,307887,30,,,0,100,,307888,30,,,0,100,,307889,30,,,0,100,,307890,30,,,0
1900,'20260424',631,,307891,30,,,0,100,,307892,30,,,0,71,,307893,30,,,0,30,,307894,30,,,0,71,,307895,30,,,0,100,,307896,30,,,0,99,,307897,30,,,0,100,,307898,30,,,0,99,,307899,30,,,0,100,,307900,30,,,0,100,,307901,30,,,0,28,,307902,30,,,0,30,,307903,30,,,0,64,,307904,30,,,0,35,,307905,30,,,0,71,,307906,30,,,0,71,,307907,30,,,0,30,,307908,30,,,0,71,,307909,30,,,0,100,,307910,30,,,0,100,,307911,30,,,0,100,,307912,30,,,0,100,,307913,30,,,0,100,,307914,30,,,0
1900,'20260425',652,,237225,30,,,0,102,,237226,30,,,0,104,,237227,30,,,0,142,,237228,30,,,0,106,,237229,30,,,0,98,,237230,30,,,0,100,,237231,30,,,0,96,,237232,30,,,0,100,,237233,30,,,0,105,,237234,30,,,0,52,,237235,30,,,0,102,,237236,30,,,0,142,,237237,30,,,0,99,,237238,30,,,0,102,,237239,30,,,0,102,,237240,30,,,0,102,,237241,30,,,0,101,,237242,30,,,0
1900,'20260426',652,,237243,30,,,0,102,,237244,30,,,0,104,,237245,30,,,0,142,,237246,30,,,0,106,,237247,30,,,0,98,,237248,30,,,0,100,,237249,30,,,0,96,,237250,30,,,0,100,,237251,30,,,0,105,,237252,30,,,0,52,,237253,30,,,0,102,,237254,30,,,0,142,,237255,30,,,0,99,,237256,30,,,0,102,,237257,30,,,0,102,,237258,30,,,0,102,,237259,30,,,0,101,,237260,30,,,0
1900,'20260427',631,,237261,30,,,0,100,,237262,30,,,0,71,,237263,30,,,0,30,,237264,30,,,0,71,,237265,30,,,0,100,,237266,30,,,0,99,,237267,30,,,0,100,,237268,30,,,0,99,,237269,30,,,0,100,,237270,30,,,0,100,,237271,30,,,0,28,,237272,30,,,0,30,,237273,30,,,0,64,,237274,30,,,0,35,,237275,30,,,0,71,,237276,30,,,0,71,,237277,30,,,0,30,,237278,30,,,0,71,,237279,30,,,0,100,,237280,30,,,0,100,,237281,30,,,0,100,,237282,30,,,0,100,,237283,30,,,0,100,,237284,30,,,0
1900,'20260428',631,,281642,30,,,0,100,,281643,30,,,0,71,,281644,30,,,0,30,,281645,30,,,0,71,,281646,30,,,0,100,,281647,30,,,0,99,,281648,30,,,0,100,,281649,30,,,0,99,,281650,30,,,0,100,,281651,30,,,0,100,,281652,30,,,0,28,,281653,30,,,0,30,,281654,30,,,0,64,,281655,30,,,0,35,,281656,30,,,0,71,,281657,30,,,0,71,,281658,30,,,0,30,,281659,30,,,0,71,,281660,30,,,0,100,,281661,30,,,0,100,,281662,30,,,0,100,,281663,30,,,0,100,,281664,30,,,0,100,,281665,30,,,0
1900,'20260429',631,,281666,30,,,0,100,,281667,30,,,0,71,,281668,30,,,0,30,,281669,30,,,0,71,,281670,30,,,0,100,,281671,30,,,0,99,,281672,30,,,0,100,,281673,30,,,0,99,,281674,30,,,0,100,,281675,30,,,0,100,,281676,30,,,0,28,,281677,30,,,0,30,,281678,30,,,0,64,,281679,30,,,0,35,,281680,30,,,0,71,,281681,30,,,0,71,,281682,30,,,0,30,,281683,30,,,0,71,,281684,30,,,0,100,,281685,30,,,0,100,,281686,30,,,0,100,,281687,30,,,0,100,,281688,30,,,0,100,,281689,30,,,0
1900,'20260430',631,,281690,30,,,0,100,,281691,30,,,0,71,,281692,30,,,0,30,,281693,30,,,0,71,,281694,30,,,0,100,,281695,30,,,0,99,,281696,30,,,0,100,,281697,30,,,0,99,,281698,30,,,0,100,,281699,30,,,0,100,,281700,30,,,0,28,,281701,30,,,0,30,,281702,30,,,0,64,,281703,30,,,0,35,,281704,30,,,0,71,,281705,30,,,0,71,,281706,30,,,0,30,,281707,30,,,0,71,,281708,30,,,0,100,,281709,30,,,0,100,,281710,30,,,0,100,,281711,30,,,0,100,,281712,30,,,0,100,,281713,30,,,0
1900,'20260501',631,,307915,30,,,0,100,,307916,30,,,0,71,,307917,30,,,0,30,,307918,30,,,0,71,,307919,30,,,0,100,,307920,30,,,0,99,,307921,30,,,0,100,,307922,30,,,0,99,,307923,30,,,0,100,,307924,30,,,0,100,,307925,30,,,0,28,,307926,30,,,0,30,,307927,30,,,0,64,,307928,30,,,0,35,,307929,30,,,0,71,,307930,30,,,0,71,,307931,30,,,0,30,,307932,30,,,0,71,,307933,30,,,0,100,,307934,30,,,0,100,,307935,30,,,0,100,,307936,30,,,0,100,,307937,30,,,0,100,,307938,30,,,0
1900,'20260502',652,,307939,30,,,0,102,,307940,30,,,0,104,,307941,30,,,0,142,,307942,30,,,0,106,,307943,30,,,0,98,,307944,30,,,0,100,,307945,30,,,0,96,,307946,30,,,0,100,,307947,30,,,0,105,,307948,30,,,0,52,,307949,30,,,0,102,,307950,30,,,0,142,,307951,30,,,0,99,,307952,30,,,0,102,,307953,30,,,0,102,,307954,30,,,0,102,,307955,30,,,0,101,,307956,30,,,0
1900,'20260503',652,,307957,30,,,0,102,,307958,30,,,0,104,,307959,30,,,0,142,,307960,30,,,0,106,,307961,30,,,0,98,,307962,30,,,0,100,,307963,30,,,0,96,,307964,30,,,0,100,,307965,30,,,0,105,,307966,30,,,0,52,,307967,30,,,0,102,,307968,30,,,0,142,,307969,30,,,0,99,,307970,30,,,0,102,,307971,30,,,0,102,,307972,30,,,0,102,,307973,30,,,0,101,,307974,30,,,0
1900,'20260504',631,,307975,30,,,0,100,,307976,30,,,0,71,,307977,30,,,0,30,,307978,30,,,0,71,,307979,30,,,0,100,,307980,30,,,0,99,,307981,30,,,0,100,,307982,30,,,0,99,,307983,30,,,0,100,,307984,30,,,0,100,,307985,30,,,0,28,,307986,30,,,0,30,,307987,30,,,0,64,,307988,30,,,0,35,,307989,30,,,0,71,,307990,30,,,0,71,,307991,30,,,0,30,,307992,30,,,0,71,,307993,30,,,0,100,,307994,30,,,0,100,,307995,30,,,0,100,,307996,30,,,0,100,,307997,30,,,0,100,,307998,30,,,0
