9103,'20260423',632,,317211,37,,,0,101,,317212,37,,,0,100,,317213,37,,,0,102,,317214,37,,,0,99,,317215,37,,,0,100,,317216,37,,,0,100,,317217,37,,,0,100,,317218,37,,,0,100,,317219,37,,,0,99,,317220,37,,,0,24,,317221,37,,,0,76,,317222,37,,,0,70,,317223,37,,,0,33,,317224,37,,,0,71,,317225,37,,,0,27,,317226,37,,,0,101,,317227,37,,,0,98,,317228,37,,,0,100,,317229,37,,,0,100,,317230,37,,,0,99,,317231,37,,,0
9103,'20260424',632,,317235,37,,,0,101,,317236,37,,,0,100,,317237,37,,,0,102,,317238,37,,,0,99,,317239,37,,,0,100,,317240,37,,,0,100,,317241,37,,,0,100,,317242,37,,,0,100,,317243,37,,,0,99,,317244,37,,,0,24,,317245,37,,,0,76,,317246,37,,,0,70,,317247,37,,,0,33,,317248,37,,,0,71,,317249,37,,,0,27,,317250,37,,,0,101,,317251,37,,,0,98,,317252,37,,,0,100,,317253,37,,,0,100,,317254,37,,,0,99,,317255,37,,,0
9103,'20260425',626,,343538,37,,,0,100,,343539,37,,,0,100,,343540,37,,,0,101,,343541,37,,,0,100,,343542,37,,,0,101,,343543,37,,,0,100,,343544,37,,,0,100,,343545,37,,,0,100,,343546,37,,,0,100,,343547,37,,,0,100,,343548,37,,,0,100,,343549,37,,,0,99,,343550,37,,,0,99,,343551,37,,,0,100,,343552,37,,,0,100,,343553,37,,,0,100,,343554,37,,,0,100,,343555,37,,,0
9103,'20260426',626,,343556,37,,,0,100,,343557,37,,,0,100,,343558,37,,,0,101,,343559,37,,,0,100,,343560,37,,,0,101,,343561,37,,,0,100,,343562,37,,,0,100,,343563,37,,,0,100,,343564,37,,,0,100,,343565,37,,,0,100,,343566,37,,,0,100,,343567,37,,,0,99,,343568,37,,,0,99,,343569,37,,,0,100,,343570,37,,,0,100,,343571,37,,,0,100,,343572,37,,,0,100,,343573,37,,,0
9103,'20260427',632,,343577,37,,,0,101,,343578,37,,,0,100,,343579,37,,,0,102,,343580,37,,,0,99,,343581,37,,,0,100,,343582,37,,,0,100,,343583,37,,,0,100,,343584,37,,,0,100,,343585,37,,,0,99,,343586,37,,,0,24,,343587,37,,,0,76,,343588,37,,,0,70,,343589,37,,,0,33,,343590,37,,,0,71,,343591,37,,,0,27,,343592,37,,,0,101,,343593,37,,,0,98,,343594,37,,,0,100,,343595,37,,,0,100,,343596,37,,,0,99,,343597,37,,,0
9103,'20260428',632,,343601,37,,,0,101,,343602,37,,,0,100,,343603,37,,,0,102,,343604,37,,,0,99,,343605,37,,,0,100,,343606,37,,,0,100,,343607,37,,,0,100,,343608,37,,,0,100,,343609,37,,,0,99,,343610,37,,,0,24,,343611,37,,,0,76,,343612,37,,,0,70,,343613,37,,,0,33,,343614,37,,,0,71,,343615,37,,,0,27,,343616,37,,,0,101,,343617,37,,,0,98,,343618,37,,,0,100,,343619,37,,,0,100,,343620,37,,,0,99,,343621,37,,,0
9103,'20260429',632,,291003,37,,,0,101,,291004,37,,,0,100,,291005,37,,,0,102,,291006,37,,,0,99,,291007,37,,,0,100,,291008,37,,,0,100,,291009,37,,,0,100,,291010,37,,,0,100,,291011,37,,,0,99,,291012,37,,,0,24,,291013,37,,,0,76,,291014,37,,,0,70,,291015,37,,,0,33,,291016,37,,,0,71,,291017,37,,,0,27,,291018,37,,,0,101,,291019,37,,,0,98,,291020,37,,,0,100,,291021,37,,,0,100,,291022,37,,,0,99,,291023,37,,,0
9103,'20260430',632,,291024,37,,,0,101,,291025,37,,,0,100,,291026,37,,,0,102,,291027,37,,,0,99,,291028,37,,,0,100,,291029,37,,,0,100,,291030,37,,,0,100,,291031,37,,,0,100,,291032,37,,,0,99,,291033,37,,,0,24,,291034,37,,,0,76,,291035,37,,,0,70,,291036,37,,,0,33,,291037,37,,,0,71,,291038,37,,,0,27,,291039,37,,,0,101,,291040,37,,,0,98,,291041,37,,,0,100,,291042,37,,,0,100,,291043,37,,,0,99,,291044,37,,,0
9103,'20260501',632,,317256,37,,,0,101,,317257,37,,,0,100,,317258,37,,,0,102,,317259,37,,,0,99,,317260,37,,,0,100,,317261,37,,,0,100,,317262,37,,,0,100,,317263,37,,,0,100,,317264,37,,,0,99,,317265,37,,,0,24,,317266,37,,,0,76,,317267,37,,,0,70,,317268,37,,,0,33,,317269,37,,,0,71,,317270,37,,,0,27,,317271,37,,,0,101,,317272,37,,,0,98,,317273,37,,,0,100,,317274,37,,,0,100,,317275,37,,,0,99,,317276,37,,,0
9103,'20260502',626,,317277,37,,,0,100,,317278,37,,,0,100,,317279,37,,,0,101,,317280,37,,,0,100,,317281,37,,,0,101,,317282,37,,,0,100,,317283,37,,,0,100,,317284,37,,,0,100,,317285,37,,,0,100,,317286,37,,,0,100,,317287,37,,,0,100,,317288,37,,,0,99,,317289,37,,,0,99,,317290,37,,,0,100,,317291,37,,,0,100,,317292,37,,,0,100,,317293,37,,,0,100,,317294,37,,,0
9103,'20260503',626,,317295,37,,,0,100,,317296,37,,,0,100,,317297,37,,,0,101,,317298,37,,,0,100,,317299,37,,,0,101,,317300,37,,,0,100,,317301,37,,,0,100,,317302,37,,,0,100,,317303,37,,,0,100,,317304,37,,,0,100,,317305,37,,,0,100,,317306,37,,,0,99,,317307,37,,,0,99,,317308,37,,,0,100,,317309,37,,,0,100,,317310,37,,,0,100,,317311,37,,,0,100,,317312,37,,,0
9103,'20260504',632,,317313,37,,,0,101,,317314,37,,,0,100,,317315,37,,,0,102,,317316,37,,,0,99,,317317,37,,,0,100,,317318,37,,,0,100,,317319,37,,,0,100,,317320,37,,,0,100,,317321,37,,,0,99,,317322,37,,,0,24,,317323,37,,,0,76,,317324,37,,,0,70,,317325,37,,,0,33,,317326,37,,,0,71,,317327,37,,,0,27,,317328,37,,,0,101,,317329,37,,,0,98,,317330,37,,,0,100,,317331,37,,,0,100,,317332,37,,,0,99,,317333,37,,,0
9103,'20260505',632,,343622,37,,,0,101,,343623,37,,,0,100,,343624,37,,,0,102,,343625,37,,,0,99,,343626,37,,,0,100,,343627,37,,,0,100,,343628,37,,,0,100,,343629,37,,,0,100,,343630,37,,,0,99,,343631,37,,,0,24,,343632,37,,,0,76,,343633,37,,,0,70,,343634,37,,,0,33,,343635,37,,,0,71,,343636,37,,,0,27,,343637,37,,,0,101,,343638,37,,,0,98,,343639,37,,,0,100,,343640,37,,,0,100,,343641,37,,,0,99,,343642,37,,,0
9103,'20260506',632,,343643,37,,,0,101,,343644,37,,,0,100,,343645,37,,,0,102,,343646,37,,,0,99,,343647,37,,,0,100,,343648,37,,,0,100,,343649,37,,,0,100,,343650,37,,,0,100,,343651,37,,,0,99,,343652,37,,,0,24,,343653,37,,,0,76,,343654,37,,,0,70,,343655,37,,,0,33,,343656,37,,,0,71,,343657,37,,,0,27,,343658,37,,,0,101,,343659,37,,,0,98,,343660,37,,,0,100,,343661,37,,,0,100,,343662,37,,,0,99,,343663,37,,,0
9103,'20260507',632,,343664,37,,,0,101,,343665,37,,,0,100,,343666,37,,,0,102,,343667,37,,,0,99,,343668,37,,,0,100,,343669,37,,,0,100,,343670,37,,,0,100,,343671,37,,,0,100,,343672,37,,,0,99,,343673,37,,,0,24,,343674,37,,,0,76,,343675,37,,,0,70,,343676,37,,,0,33,,343677,37,,,0,71,,343678,37,,,0,27,,343679,37,,,0,101,,343680,37,,,0,98,,343681,37,,,0,100,,343682,37,,,0,100,,343683,37,,,0,99,,343684,37,,,0
29103,'20260423',1600,,319779,44,4,,0,33,,319780,44,4,,0,71,,319781,44,4,,0,27,,319782,44,4,,0
29103,'20260424',1600,,319783,44,4,,0,33,,319784,44,4,,0,71,,319785,44,4,,0,27,,319786,44,4,,0
29103,'20260427',1600,,346125,44,4,,0,33,,346126,44,4,,0,71,,346127,44,4,,0,27,,346128,44,4,,0
29103,'20260428',1600,,346129,44,4,,0,33,,346130,44,4,,0,71,,346131,44,4,,0,27,,346132,44,4,,0
29103,'20260429',1600,,293500,44,4,,0,33,,293497,44,4,,0,71,,293499,44,4,,0,27,,293498,44,4,,0
29103,'20260430',1600,,293504,44,4,,0,33,,293501,44,4,,0,71,,293503,44,4,,0,27,,293502,44,4,,0
29103,'20260501',1600,,319790,44,4,,0,33,,319787,44,4,,0,71,,319789,44,4,,0,27,,319788,44,4,,0
29103,'20260504',1600,,319794,44,4,,0,33,,319791,44,4,,0,71,,319793,44,4,,0,27,,319792,44,4,,0
29103,'20260505',1600,,346136,44,4,,0,33,,346133,44,4,,0,71,,346135,44,4,,0,27,,346134,44,4,,0
29103,'20260506',1600,,346140,44,4,,0,33,,346137,44,4,,0,71,,346139,44,4,,0,27,,346138,44,4,,0
29103,'20260507',1600,,346144,44,4,,0,33,,346141,44,4,,0,71,,346143,44,4,,0,27,,346142,44,4,,0
99103,'20260424',2626,,330524,72,,,0,130,,330525,72,,,0
99103,'20260425',2626,,356809,72,,,0,130,,356810,72,,,0
99103,'20260501',2626,,330526,72,,,0,130,,330527,72,,,0
99103,'20260502',2626,,330528,72,,,0,130,,330529,72,,,0
7009003,'20260423',1613,,330737,42,,,0
7009003,'20260424',1613,,330739,42,,,0
7009003,'20260427',1613,,357022,42,,,0
7009003,'20260428',1613,,357024,42,,,0
7009003,'20260429',1613,,304369,42,,,0
7009003,'20260430',1613,,304371,42,,,0
7009003,'20260501',1613,,330741,42,,,0
7009003,'20260504',1613,,330743,42,,,0
7009003,'20260505',1613,,357026,42,,,0
7009003,'20260506',1613,,357028,42,,,0
7009003,'20260507',1613,,357030,42,,,0
