3600,'20260616',720,,708511,23,,,0,30,,708512,23,,,0,70,,708513,23,,,0,100,,708514,23,,,0,100,,708515,23,,,0,100,,708516,23,,,0,100,,708517,23,,,0,100,,708518,23,,,0,100,,708519,23,,,0,99,,708520,23,,,0,29,,708521,23,,,0,70,,708522,23,,,0,31,,708523,23,,,0,71,,708524,23,,,0,30,,708525,23,,,0,71,,708526,23,,,0,100,,708527,23,,,0,100,,708528,23,,,0,102,,708529,23,,,0,100,,708530,23,,,0,100,,708531,23,,,0,100,,708532,23,,,0
3600,'20260617',720,,708534,23,,,0,30,,708535,23,,,0,70,,708536,23,,,0,100,,708537,23,,,0,100,,708538,23,,,0,100,,708539,23,,,0,100,,708540,23,,,0,100,,708541,23,,,0,100,,708542,23,,,0,99,,708543,23,,,0,29,,708544,23,,,0,70,,708545,23,,,0,31,,708546,23,,,0,71,,708547,23,,,0,30,,708548,23,,,0,71,,708549,23,,,0,100,,708550,23,,,0,100,,708551,23,,,0,102,,708552,23,,,0,100,,708553,23,,,0,100,,708554,23,,,0,100,,708555,23,,,0
3600,'20260618',720,,708557,23,,,0,30,,708558,23,,,0,70,,708559,23,,,0,100,,708560,23,,,0,100,,708561,23,,,0,100,,708562,23,,,0,100,,708563,23,,,0,100,,708564,23,,,0,100,,708565,23,,,0,99,,708566,23,,,0,29,,708567,23,,,0,70,,708568,23,,,0,31,,708569,23,,,0,71,,708570,23,,,0,30,,708571,23,,,0,71,,708572,23,,,0,100,,708573,23,,,0,100,,708574,23,,,0,102,,708575,23,,,0,100,,708576,23,,,0,100,,708577,23,,,0,100,,708578,23,,,0
3600,'20260619',720,,743430,23,,,0,30,,743431,23,,,0,70,,743432,23,,,0,100,,743433,23,,,0,100,,743434,23,,,0,100,,743435,23,,,0,100,,743436,23,,,0,100,,743437,23,,,0,100,,743438,23,,,0,99,,743439,23,,,0,29,,743440,23,,,0,70,,743441,23,,,0,31,,743442,23,,,0,71,,743443,23,,,0,30,,743444,23,,,0,71,,743445,23,,,0,100,,743446,23,,,0,100,,743447,23,,,0,102,,743448,23,,,0,100,,743449,23,,,0,100,,743450,23,,,0,100,,743451,23,,,0
3600,'20260620',720,,743454,23,,,0,100,,743455,23,,,0,100,,743456,23,,,0,100,,743457,23,,,0,100,,743458,23,,,0,100,,743459,23,,,0,100,,743460,23,,,0,100,,743461,23,,,0,100,,743462,23,,,0,100,,743463,23,,,0,100,,743464,23,,,0,100,,743465,23,,,0,101,,743467,23,,,0,100,,743452,23,,,0,101,,743468,23,,,0,101,,743453,23,,,0,100,,743466,23,,,0,100,,743469,23,,,0
3600,'20260621',720,,743487,23,,,0,100,,743485,23,,,0,100,,743479,23,,,0,100,,743482,23,,,0,100,,743471,23,,,0,100,,743470,23,,,0,100,,743478,23,,,0,100,,743477,23,,,0,100,,743476,23,,,0,100,,743475,23,,,0,100,,743474,23,,,0,100,,743473,23,,,0,101,,743483,23,,,0,100,,743472,23,,,0,101,,743484,23,,,0,101,,743481,23,,,0,100,,743480,23,,,0,100,,743486,23,,,0
3600,'20260622',720,,743488,23,,,0,30,,743509,23,,,0,70,,743489,23,,,0,100,,743490,23,,,0,100,,743491,23,,,0,100,,743492,23,,,0,100,,743493,23,,,0,100,,743494,23,,,0,100,,743495,23,,,0,99,,743496,23,,,0,29,,743497,23,,,0,70,,743498,23,,,0,31,,743499,23,,,0,71,,743500,23,,,0,30,,743501,23,,,0,71,,743503,23,,,0,100,,743504,23,,,0,100,,743505,23,,,0,102,,743506,23,,,0,100,,743507,23,,,0,100,,743508,23,,,0,100,,743502,23,,,0
3600,'20260623',720,,743510,23,,,0,30,,743531,23,,,0,70,,743511,23,,,0,100,,743512,23,,,0,100,,743513,23,,,0,100,,743514,23,,,0,100,,743515,23,,,0,100,,743516,23,,,0,100,,743517,23,,,0,99,,743518,23,,,0,29,,743519,23,,,0,70,,743520,23,,,0,31,,743521,23,,,0,71,,743522,23,,,0,30,,743523,23,,,0,71,,743525,23,,,0,100,,743526,23,,,0,100,,743527,23,,,0,102,,743528,23,,,0,100,,743529,23,,,0,100,,743530,23,,,0,100,,743524,23,,,0
3600,'20260624',720,,708618,23,,,0,100,,708616,23,,,0,100,,708610,23,,,0,100,,708613,23,,,0,100,,708602,23,,,0,100,,708601,23,,,0,100,,708609,23,,,0,100,,708608,23,,,0,100,,708607,23,,,0,100,,708606,23,,,0,100,,708605,23,,,0,100,,708604,23,,,0,101,,708614,23,,,0,100,,708603,23,,,0,101,,708615,23,,,0,101,,708612,23,,,0,100,,708611,23,,,0,100,,708617,23,,,0
3600,'20260625',720,,708619,23,,,0,30,,708640,23,,,0,70,,708620,23,,,0,100,,708621,23,,,0,100,,708622,23,,,0,100,,708623,23,,,0,100,,708624,23,,,0,100,,708625,23,,,0,100,,708626,23,,,0,99,,708627,23,,,0,29,,708628,23,,,0,70,,708629,23,,,0,31,,708630,23,,,0,71,,708631,23,,,0,30,,708632,23,,,0,71,,708634,23,,,0,100,,708635,23,,,0,100,,708636,23,,,0,102,,708637,23,,,0,100,,708638,23,,,0,100,,708639,23,,,0,100,,708633,23,,,0
3600,'20260626',720,,708641,23,,,0,30,,708662,23,,,0,70,,708642,23,,,0,100,,708643,23,,,0,100,,708644,23,,,0,100,,708645,23,,,0,100,,708646,23,,,0,100,,708647,23,,,0,100,,708648,23,,,0,99,,708649,23,,,0,29,,708650,23,,,0,70,,708651,23,,,0,31,,708652,23,,,0,71,,708653,23,,,0,30,,708654,23,,,0,71,,708656,23,,,0,100,,708657,23,,,0,100,,708658,23,,,0,102,,708659,23,,,0,100,,708660,23,,,0,100,,708661,23,,,0,100,,708655,23,,,0
3600,'20260627',720,,743534,23,,,0,100,,743535,23,,,0,100,,743536,23,,,0,100,,743537,23,,,0,100,,743538,23,,,0,100,,743539,23,,,0,100,,743540,23,,,0,100,,743541,23,,,0,100,,743542,23,,,0,100,,743543,23,,,0,100,,743544,23,,,0,100,,743545,23,,,0,101,,743547,23,,,0,100,,743532,23,,,0,101,,743548,23,,,0,101,,743533,23,,,0,100,,743546,23,,,0,100,,743549,23,,,0
3600,'20260628',720,,743567,23,,,0,100,,743565,23,,,0,100,,743559,23,,,0,100,,743562,23,,,0,100,,743551,23,,,0,100,,743550,23,,,0,100,,743558,23,,,0,100,,743557,23,,,0,100,,743556,23,,,0,100,,743555,23,,,0,100,,743554,23,,,0,100,,743553,23,,,0,101,,743563,23,,,0,100,,743552,23,,,0,101,,743564,23,,,0,101,,743561,23,,,0,100,,743560,23,,,0,100,,743566,23,,,0
3600,'20260629',720,,743568,23,,,0,30,,743589,23,,,0,70,,743569,23,,,0,100,,743570,23,,,0,100,,743571,23,,,0,100,,743572,23,,,0,100,,743573,23,,,0,100,,743574,23,,,0,100,,743575,23,,,0,99,,743576,23,,,0,29,,743577,23,,,0,70,,743578,23,,,0,31,,743579,23,,,0,71,,743580,23,,,0,30,,743581,23,,,0,71,,743583,23,,,0,100,,743584,23,,,0,100,,743585,23,,,0,102,,743586,23,,,0,100,,743587,23,,,0,100,,743588,23,,,0,100,,743582,23,,,0
3600,'20260630',720,,743590,23,,,0,30,,743611,23,,,0,70,,743591,23,,,0,100,,743592,23,,,0,100,,743593,23,,,0,100,,743594,23,,,0,100,,743595,23,,,0,100,,743596,23,,,0,100,,743597,23,,,0,99,,743598,23,,,0,29,,743599,23,,,0,70,,743600,23,,,0,31,,743601,23,,,0,71,,743602,23,,,0,30,,743603,23,,,0,71,,743605,23,,,0,100,,743606,23,,,0,100,,743607,23,,,0,102,,743608,23,,,0,100,,743609,23,,,0,100,,743610,23,,,0,100,,743604,23,,,0
13300,'20260616',1554,,721009,15,,,0,72,,721010,15,,,0,31,,721011,15,,,0,71,,721012,15,,,0,24,,721013,15,,,0
13300,'20260617',1554,,721014,15,,,0,72,,721015,15,,,0,31,,721016,15,,,0,71,,721017,15,,,0,24,,721018,15,,,0
13300,'20260618',1554,,721019,15,,,0,72,,721020,15,,,0,31,,721021,15,,,0,71,,721022,15,,,0,24,,721023,15,,,0
13300,'20260619',1554,,754267,15,,,0,72,,754268,15,,,0,31,,754269,15,,,0,71,,754270,15,,,0,24,,754271,15,,,0
13300,'20260622',1554,,754275,15,,,0,70,,754272,15,,,0,33,,754273,15,,,0,73,,754274,15,,,0,23,,754276,15,,,0
13300,'20260623',1554,,754280,15,,,0,70,,754277,15,,,0,33,,754278,15,,,0,73,,754279,15,,,0,23,,754281,15,,,0
13300,'20260625',1554,,721032,15,,,0,70,,721029,15,,,0,33,,721030,15,,,0,73,,721031,15,,,0,23,,721033,15,,,0
13300,'20260626',1554,,721037,15,,,0,70,,721034,15,,,0,33,,721035,15,,,0,73,,721036,15,,,0,23,,721038,15,,,0
13300,'20260629',1554,,754285,15,,,0,70,,754282,15,,,0,33,,754283,15,,,0,73,,754284,15,,,0,23,,754286,15,,,0
13300,'20260630',1554,,754290,15,,,0,70,,754287,15,,,0,33,,754288,15,,,0,73,,754289,15,,,0,23,,754291,15,,,0
13600,'20260616',1555,,721094,10,,,0,70,,721095,10,,,0,14,,721096,10,,,0,14,,721097,10,,,0,68,,721098,10,,,0,29,,721099,10,,,0
13600,'20260617',1555,,721100,10,,,0,70,,721101,10,,,0,14,,721102,10,,,0,14,,721103,10,,,0,68,,721104,10,,,0,29,,721105,10,,,0
13600,'20260618',1555,,721106,10,,,0,70,,721107,10,,,0,14,,721108,10,,,0,14,,721109,10,,,0,68,,721110,10,,,0,29,,721111,10,,,0
13600,'20260619',1555,,754327,10,,,0,70,,754328,10,,,0,14,,754329,10,,,0,14,,754330,10,,,0,68,,754331,10,,,0,29,,754332,10,,,0
13600,'20260622',1552,,754333,10,,,0,70,,754334,10,,,0,14,,754335,10,,,0,16,,754336,10,,,0,69,,754337,10,,,0,30,,754338,10,,,0
13600,'20260623',1552,,754339,10,,,0,70,,754340,10,,,0,14,,754341,10,,,0,16,,754342,10,,,0,69,,754343,10,,,0,30,,754344,10,,,0
13600,'20260625',1552,,721118,10,,,0,70,,721119,10,,,0,14,,721120,10,,,0,16,,721121,10,,,0,69,,721122,10,,,0,30,,721123,10,,,0
13600,'20260626',1552,,721124,10,,,0,70,,721125,10,,,0,14,,721126,10,,,0,16,,721127,10,,,0,69,,721128,10,,,0,30,,721129,10,,,0
13600,'20260629',1552,,754345,10,,,0,70,,754346,10,,,0,14,,754347,10,,,0,16,,754348,10,,,0,69,,754349,10,,,0,30,,754350,10,,,0
13600,'20260630',1552,,754351,10,,,0,70,,754352,10,,,0,14,,754353,10,,,0,16,,754354,10,,,0,69,,754355,10,,,0,30,,754356,10,,,0
93600,'20260619',2548,,767706,26,,,0
93600,'20260620',2548,,767707,26,,,0
93600,'20260626',2548,,737437,26,,,0
93600,'20260627',2548,,767708,26,,,0
