5400,'20260630',640,,822166,32,,,1,73,,822167,32,,,1,32,,822168,32,,,1,72,,822169,32,,,1,29,,822170,32,,,1,69,,822171,32,,,1,28,,822172,32,,,1,70,,822173,32,,,1,31,,822174,32,,,1,70,,822175,32,,,1,31,,822176,32,,,1,70,,822177,32,,,1,30,,822178,32,,,1,71,,822179,32,,,1,28,,822180,32,,,1,70,,822181,32,,,1,30,,822182,32,,,1,71,,822183,32,,,1,27,,822184,32,,,1,77,,822162,45,,,1,36,,822163,45,,,1,76,,822164,45,,,1,19,,822165,45,,,1,54,,822185,32,,,1,18,,822186,32,,,1,28,,822187,32,,,1,72,,822188,32,,,1,98,,822189,32,,,1,102,,822190,32,,,1,99,,822191,32,,,1,103,,822192,32,,,1,101,,822193,32,,,1,95,,822194,32,,,1
5400,'20260701',719,,822195,32,,,1,100,,822196,32,,,1,101,,822197,32,,,1,100,,822198,32,,,1,99,,822199,32,,,1,100,,822200,32,,,1,30,,822201,32,,,1,69,,822202,32,,,1,31,,822203,32,,,1,70,,822204,32,,,1,29,,822205,32,,,1,71,,822206,32,,,1,32,,822207,32,,,1,64,,822208,32,,,1,35,,822209,32,,,1,74,,822210,32,,,1,32,,822211,32,,,1,63,,822212,32,,,1,101,,822213,32,,,1,99,,822214,32,,,1,99,,822215,32,,,1,101,,822216,32,,,1,98,,822217,32,,,1,102,,822218,32,,,1,99,,822219,32,,,1
5400,'20260702',640,,822224,32,,,1,73,,822225,32,,,1,32,,822226,32,,,1,72,,822227,32,,,1,29,,822228,32,,,1,69,,822229,32,,,1,28,,822230,32,,,1,70,,822231,32,,,1,31,,822232,32,,,1,70,,822233,32,,,1,31,,822234,32,,,1,70,,822235,32,,,1,30,,822236,32,,,1,71,,822237,32,,,1,28,,822238,32,,,1,70,,822239,32,,,1,30,,822240,32,,,1,71,,822241,32,,,1,27,,822242,32,,,1,77,,822220,45,,,1,36,,822221,45,,,1,76,,822222,45,,,1,19,,822223,45,,,1,54,,822243,32,,,1,18,,822244,32,,,1,28,,822245,32,,,1,72,,822246,32,,,1,98,,822247,32,,,1,102,,822248,32,,,1,99,,822249,32,,,1,103,,822250,32,,,1,101,,822251,32,,,1,95,,822252,32,,,1
5400,'20260703',640,,849306,32,,,1,73,,849307,32,,,1,32,,849308,32,,,1,72,,849309,32,,,1,29,,849310,32,,,1,69,,849311,32,,,1,28,,849312,32,,,1,70,,849313,32,,,1,31,,849314,32,,,1,70,,849315,32,,,1,31,,849316,32,,,1,70,,849317,32,,,1,30,,849318,32,,,1,71,,849319,32,,,1,28,,849320,32,,,1,70,,849321,32,,,1,30,,849322,32,,,1,71,,849323,32,,,1,27,,849324,32,,,1,77,,849302,45,,,1,36,,849303,45,,,1,76,,849304,45,,,1,19,,849305,45,,,1,54,,849325,32,,,1,18,,849326,32,,,1,28,,849327,32,,,1,72,,849328,32,,,1,98,,849329,32,,,1,102,,849330,32,,,1,99,,849331,32,,,1,103,,849332,32,,,1,101,,849333,32,,,1,95,,849334,32,,,1
5400,'20260704',719,,799069,32,,,1,100,,799070,32,,,1,101,,799071,32,,,1,100,,799090,32,,,1,99,,799091,32,,,1,100,,799084,32,,,1,30,,799072,32,,,1,69,,799085,32,,,1,31,,799073,32,,,1,70,,799086,32,,,1,29,,799074,32,,,1,71,,799087,32,,,1,32,,799075,32,,,1,64,,799088,32,,,1,35,,799076,32,,,1,74,,799089,32,,,1,32,,799077,32,,,1,63,,799078,32,,,1,101,,799079,32,,,1,99,,799080,32,,,1,99,,799081,32,,,1,101,,799082,32,,,1,98,,799083,32,,,1,102,,799092,32,,,1,99,,799093,32,,,1
5400,'20260705',719,,799106,32,,,1,100,,799100,32,,,1,101,,799107,32,,,1,100,,799114,32,,,1,99,,799116,32,,,1,100,,799097,32,,,1,30,,799108,32,,,1,69,,799098,32,,,1,31,,799102,32,,,1,70,,799111,32,,,1,29,,799103,32,,,1,71,,799112,32,,,1,32,,799096,32,,,1,64,,799115,32,,,1,35,,799104,32,,,1,74,,799113,32,,,1,32,,799101,32,,,1,63,,799094,32,,,1,101,,799099,32,,,1,99,,799105,32,,,1,99,,799109,32,,,1,101,,799095,32,,,1,98,,799110,32,,,1,102,,799118,32,,,1,99,,799117,32,,,1
5400,'20260706',640,,799140,32,,,1,73,,799141,32,,,1,32,,799119,32,,,1,72,,799142,32,,,1,29,,799120,32,,,1,69,,799143,32,,,1,28,,799121,32,,,1,70,,799144,32,,,1,31,,799122,32,,,1,70,,799145,32,,,1,31,,799123,32,,,1,70,,799124,32,,,1,30,,799138,32,,,1,71,,799146,32,,,1,28,,799125,32,,,1,70,,799147,32,,,1,30,,799126,32,,,1,71,,799148,32,,,1,27,,799127,32,,,1,77,,799137,45,,,1,36,,799134,45,,,1,76,,799136,45,,,1,19,,799135,45,,,1,54,,799149,32,,,1,18,,799128,32,,,1,28,,799129,32,,,1,72,,799139,32,,,1,98,,799130,32,,,1,102,,799131,32,,,1,99,,799132,32,,,1,103,,799133,32,,,1,101,,799150,32,,,1,95,,799151,32,,,1
5400,'20260707',640,,799173,32,,,1,73,,799174,32,,,1,32,,799152,32,,,1,72,,799175,32,,,1,29,,799153,32,,,1,69,,799176,32,,,1,28,,799154,32,,,1,70,,799177,32,,,1,31,,799155,32,,,1,70,,799178,32,,,1,31,,799156,32,,,1,70,,799157,32,,,1,30,,799171,32,,,1,71,,799179,32,,,1,28,,799158,32,,,1,70,,799180,32,,,1,30,,799159,32,,,1,71,,799181,32,,,1,27,,799160,32,,,1,77,,799170,45,,,1,36,,799167,45,,,1,76,,799169,45,,,1,19,,799168,45,,,1,54,,799182,32,,,1,18,,799161,32,,,1,28,,799162,32,,,1,72,,799172,32,,,1,98,,799163,32,,,1,102,,799164,32,,,1,99,,799165,32,,,1,103,,799166,32,,,1,101,,799183,32,,,1,95,,799184,32,,,1
5400,'20260708',640,,822274,32,,,1,73,,822275,32,,,1,32,,822253,32,,,1,72,,822276,32,,,1,29,,822254,32,,,1,69,,822277,32,,,1,28,,822255,32,,,1,70,,822278,32,,,1,31,,822256,32,,,1,70,,822279,32,,,1,31,,822257,32,,,1,70,,822258,32,,,1,30,,822272,32,,,1,71,,822280,32,,,1,28,,822259,32,,,1,70,,822281,32,,,1,30,,822260,32,,,1,71,,822282,32,,,1,27,,822261,32,,,1,77,,822271,45,,,1,36,,822268,45,,,1,76,,822270,45,,,1,19,,822269,45,,,1,54,,822283,32,,,1,18,,822262,32,,,1,28,,822263,32,,,1,72,,822273,32,,,1,98,,822264,32,,,1,102,,822265,32,,,1,99,,822266,32,,,1,103,,822267,32,,,1,101,,822284,32,,,1,95,,822285,32,,,1
5400,'20260709',640,,822307,32,,,1,73,,822308,32,,,1,32,,822286,32,,,1,72,,822309,32,,,1,29,,822287,32,,,1,69,,822310,32,,,1,28,,822288,32,,,1,70,,822311,32,,,1,31,,822289,32,,,1,70,,822312,32,,,1,31,,822290,32,,,1,70,,822291,32,,,1,30,,822305,32,,,1,71,,822313,32,,,1,28,,822292,32,,,1,70,,822314,32,,,1,30,,822293,32,,,1,71,,822315,32,,,1,27,,822294,32,,,1,77,,822304,45,,,1,36,,822301,45,,,1,76,,822303,45,,,1,19,,822302,45,,,1,54,,822316,32,,,1,18,,822295,32,,,1,28,,822296,32,,,1,72,,822306,32,,,1,98,,822297,32,,,1,102,,822298,32,,,1,99,,822299,32,,,1,103,,822300,32,,,1,101,,822317,32,,,1,95,,822318,32,,,1
5400,'20260710',640,,822340,32,,,1,73,,822341,32,,,1,32,,822319,32,,,1,72,,822342,32,,,1,29,,822320,32,,,1,69,,822343,32,,,1,28,,822321,32,,,1,70,,822344,32,,,1,31,,822322,32,,,1,70,,822345,32,,,1,31,,822323,32,,,1,70,,822324,32,,,1,30,,822338,32,,,1,71,,822346,32,,,1,28,,822325,32,,,1,70,,822347,32,,,1,30,,822326,32,,,1,71,,822348,32,,,1,27,,822327,32,,,1,77,,822337,45,,,1,36,,822334,45,,,1,76,,822336,45,,,1,19,,822335,45,,,1,54,,822349,32,,,1,18,,822328,32,,,1,28,,822329,32,,,1,72,,822339,32,,,1,98,,822330,32,,,1,102,,822331,32,,,1,99,,822332,32,,,1,103,,822333,32,,,1,101,,822350,32,,,1,95,,822351,32,,,1
5400,'20260711',719,,849335,32,,,1,100,,849336,32,,,1,101,,849337,32,,,1,100,,849356,32,,,1,99,,849357,32,,,1,100,,849350,32,,,1,30,,849338,32,,,1,69,,849351,32,,,1,31,,849339,32,,,1,70,,849352,32,,,1,29,,849340,32,,,1,71,,849353,32,,,1,32,,849341,32,,,1,64,,849354,32,,,1,35,,849342,32,,,1,74,,849355,32,,,1,32,,849343,32,,,1,63,,849344,32,,,1,101,,849345,32,,,1,99,,849346,32,,,1,99,,849347,32,,,1,101,,849348,32,,,1,98,,849349,32,,,1,102,,849358,32,,,1,99,,849359,32,,,1
5400,'20260712',719,,849372,32,,,1,100,,849366,32,,,1,101,,849373,32,,,1,100,,849380,32,,,1,99,,849382,32,,,1,100,,849363,32,,,1,30,,849374,32,,,1,69,,849364,32,,,1,31,,849368,32,,,1,70,,849377,32,,,1,29,,849369,32,,,1,71,,849378,32,,,1,32,,849362,32,,,1,64,,849381,32,,,1,35,,849370,32,,,1,74,,849379,32,,,1,32,,849367,32,,,1,63,,849360,32,,,1,101,,849365,32,,,1,99,,849371,32,,,1,99,,849375,32,,,1,101,,849361,32,,,1,98,,849376,32,,,1,102,,849384,32,,,1,99,,849383,32,,,1
5400,'20260713',640,,849406,32,,,1,73,,849407,32,,,1,32,,849385,32,,,1,72,,849408,32,,,1,29,,849386,32,,,1,69,,849409,32,,,1,28,,849387,32,,,1,70,,849410,32,,,1,31,,849388,32,,,1,70,,849411,32,,,1,31,,849389,32,,,1,70,,849390,32,,,1,30,,849404,32,,,1,71,,849412,32,,,1,28,,849391,32,,,1,70,,849413,32,,,1,30,,849392,32,,,1,71,,849414,32,,,1,27,,849393,32,,,1,77,,849403,45,,,1,36,,849400,45,,,1,76,,849402,45,,,1,19,,849401,45,,,1,54,,849415,32,,,1,18,,849394,32,,,1,28,,849395,32,,,1,72,,849405,32,,,1,98,,849396,32,,,1,102,,849397,32,,,1,99,,849398,32,,,1,103,,849399,32,,,1,101,,849416,32,,,1,95,,849417,32,,,1
5400,'20260714',640,,849439,32,,,1,73,,849440,32,,,1,32,,849418,32,,,1,72,,849441,32,,,1,29,,849419,32,,,1,69,,849442,32,,,1,28,,849420,32,,,1,70,,849443,32,,,1,31,,849421,32,,,1,70,,849444,32,,,1,31,,849422,32,,,1,70,,849423,32,,,1,30,,849437,32,,,1,71,,849445,32,,,1,28,,849424,32,,,1,70,,849446,32,,,1,30,,849425,32,,,1,71,,849447,32,,,1,27,,849426,32,,,1,77,,849436,45,,,1,36,,849433,45,,,1,76,,849435,45,,,1,19,,849434,45,,,1,54,,849448,32,,,1,18,,849427,32,,,1,28,,849428,32,,,1,72,,849438,32,,,1,98,,849429,32,,,1,102,,849430,32,,,1,99,,849431,32,,,1,103,,849432,32,,,1,101,,849449,32,,,1,95,,849450,32,,,1
25400,'20260630',1535,,832038,24,4,,0,72,,832039,24,4,,0,31,,832040,24,4,,0,69,,832041,24,4,,0,96,,832042,24,4,,0
25400,'20260702',1535,,832043,24,4,,0,72,,832044,24,4,,0,31,,832045,24,4,,0,69,,832046,24,4,,0,96,,832047,24,4,,0
25400,'20260703',1535,,854714,24,4,,0,72,,854715,24,4,,0,31,,854716,24,4,,0,69,,854717,24,4,,0,96,,854718,24,4,,0
25400,'20260706',1535,,805653,24,4,,0,72,,805654,24,4,,0,31,,805655,24,4,,0,69,,805656,24,4,,0,96,,805657,24,4,,0
25400,'20260707',1535,,805658,24,4,,0,72,,805659,24,4,,0,31,,805660,24,4,,0,69,,805661,24,4,,0,96,,805662,24,4,,0
25400,'20260708',1535,,832048,24,4,,0,72,,832049,24,4,,0,31,,832050,24,4,,0,69,,832051,24,4,,0,96,,832052,24,4,,0
25400,'20260709',1535,,832053,24,4,,0,72,,832054,24,4,,0,31,,832055,24,4,,0,69,,832056,24,4,,0,96,,832057,24,4,,0
25400,'20260710',1535,,832058,24,4,,0,72,,832059,24,4,,0,31,,832060,24,4,,0,69,,832061,24,4,,0,96,,832062,24,4,,0
25400,'20260713',1535,,854719,24,4,,0,72,,854720,24,4,,0,31,,854721,24,4,,0,69,,854722,24,4,,0,96,,854723,24,4,,0
25400,'20260714',1535,,854724,24,4,,0,72,,854725,24,4,,0,31,,854726,24,4,,0,69,,854727,24,4,,0,96,,854728,24,4,,0
55400,'20260630',1620,,833351,19,4,,0,86,,833352,19,4,,0,25,,833353,19,4,,0
55400,'20260702',1620,,833354,19,4,,0,86,,833355,19,4,,0,25,,833356,19,4,,0
55400,'20260703',1620,,855388,19,4,,0,86,,855389,19,4,,0,25,,855390,19,4,,0
55400,'20260706',1620,,806525,19,4,,0,86,,806524,19,4,,0,25,,806523,19,4,,0
55400,'20260707',1620,,806528,19,4,,0,86,,806527,19,4,,0,25,,806526,19,4,,0
55400,'20260708',1620,,833359,19,4,,0,86,,833358,19,4,,0,25,,833357,19,4,,0
55400,'20260709',1620,,833362,19,4,,0,86,,833361,19,4,,0,25,,833360,19,4,,0
55400,'20260710',1620,,833365,19,4,,0,86,,833364,19,4,,0,25,,833363,19,4,,0
55400,'20260713',1620,,855393,19,4,,0,86,,855392,19,4,,0,25,,855391,19,4,,0
55400,'20260714',1620,,855396,19,4,,0,86,,855395,19,4,,0,25,,855394,19,4,,0
95400,'20260703',2600,,861841,41,,,0,130,,861842,41,,,0
95400,'20260704',2600,,814362,41,,,0,130,,814363,41,,,0
95400,'20260710',2600,,845104,41,,,0,130,,845105,41,,,0
95400,'20260711',2600,,861843,41,,,0,130,,861844,41,,,0
