8001,'20260303',625,,224734,,,0,30,,224735,,,0,71,,224736,,,0,30,,224737,,,0,69,,224738,,,0,30,,224739,,,0,70,,224740,,,0,30,,224741,,,0,70,,224742,,,0,30,,224743,,,0,70,,224744,,,0,30,,224745,,,0,70,,224746,,,0,31,,224747,,,0,69,,224748,,,0,30,,224749,,,0,71,,224750,,,0,30,,224751,,,0,70,,224752,,,0,28,,224733,,,0,2,,224753,,,0,70,,224754,,,0,30,,224755,,,0,70,,224756,,,0,29,,224757,,,0,70,,224758,,,0,30,,224759,,,0,70,,224760,,,0,30,,224766,,,0,70,,224761,,,0,30,,224767,,,0,70,,224762,,,0,30,,224768,,,0,70,,224763,,,0,30,,224769,,,0,70,,224764,,,0,30,,224765,,,0
8001,'20260304',625,,224771,,,0,30,,224772,,,0,71,,224773,,,0,30,,224774,,,0,69,,224775,,,0,30,,224776,,,0,70,,224777,,,0,30,,224778,,,0,70,,224779,,,0,30,,224780,,,0,70,,224781,,,0,30,,224782,,,0,70,,224783,,,0,31,,224784,,,0,69,,224785,,,0,30,,224786,,,0,71,,224787,,,0,30,,224788,,,0,70,,224789,,,0,28,,224770,,,0,2,,224790,,,0,70,,224791,,,0,30,,224792,,,0,70,,224793,,,0,29,,224794,,,0,70,,224795,,,0,30,,224796,,,0,70,,224797,,,0,30,,224803,,,0,70,,224798,,,0,30,,224804,,,0,70,,224799,,,0,30,,224805,,,0,70,,224800,,,0,30,,224806,,,0,70,,224801,,,0,30,,224802,,,0
8001,'20260305',625,,224808,,,0,30,,224809,,,0,71,,224810,,,0,30,,224811,,,0,69,,224812,,,0,30,,224813,,,0,70,,224814,,,0,30,,224815,,,0,70,,224816,,,0,30,,224817,,,0,70,,224818,,,0,30,,224819,,,0,70,,224820,,,0,31,,224821,,,0,69,,224822,,,0,30,,224823,,,0,71,,224824,,,0,30,,224825,,,0,70,,224826,,,0,28,,224807,,,0,2,,224827,,,0,70,,224828,,,0,30,,224829,,,0,70,,224830,,,0,29,,224831,,,0,70,,224832,,,0,30,,224833,,,0,70,,224834,,,0,30,,224840,,,0,70,,224835,,,0,30,,224841,,,0,70,,224836,,,0,30,,224842,,,0,70,,224837,,,0,30,,224843,,,0,70,,224838,,,0,30,,224839,,,0
8001,'20260306',625,,224845,,,0,30,,224846,,,0,71,,224847,,,0,30,,224848,,,0,69,,224849,,,0,30,,224850,,,0,70,,224851,,,0,30,,224852,,,0,70,,224853,,,0,30,,224854,,,0,70,,224855,,,0,30,,224856,,,0,70,,224857,,,0,31,,224858,,,0,69,,224859,,,0,30,,224860,,,0,71,,224861,,,0,30,,224862,,,0,70,,224863,,,0,28,,224844,,,0,2,,224864,,,0,70,,224865,,,0,30,,224866,,,0,70,,224867,,,0,29,,224868,,,0,70,,224869,,,0,30,,224870,,,0,70,,224871,,,0,30,,224877,,,0,70,,224872,,,0,30,,224878,,,0,70,,224873,,,0,30,,224879,,,0,70,,224874,,,0,30,,224880,,,0,70,,224875,,,0,30,,224876,,,0
8001,'20260307',625,,224912,,,0,30,,224881,,,0,70,,224899,,,0,30,,224882,,,0,70,,224900,,,0,30,,224883,,,0,70,,224901,,,0,30,,224884,,,0,70,,224902,,,0,30,,224885,,,0,70,,224903,,,0,30,,224886,,,0,70,,224904,,,0,30,,224887,,,0,70,,224905,,,0,30,,224888,,,0,70,,224906,,,0,30,,224889,,,0,70,,224907,,,0,30,,224890,,,0,70,,224908,,,0,30,,224891,,,0,70,,224909,,,0,30,,224892,,,0,70,,224910,,,0,30,,224893,,,0,70,,224911,,,0,30,,224894,,,0,70,,224916,,,0,30,,224895,,,0,70,,224915,,,0,30,,224896,,,0,70,,224914,,,0,30,,224897,,,0,70,,224913,,,0,30,,224898,,,0
8001,'20260308',625,,224948,,,0,30,,224917,,,0,70,,224935,,,0,30,,224918,,,0,70,,224936,,,0,30,,224919,,,0,70,,224937,,,0,30,,224920,,,0,70,,224938,,,0,30,,224921,,,0,70,,224939,,,0,30,,224922,,,0,70,,224940,,,0,30,,224923,,,0,70,,224941,,,0,30,,224924,,,0,70,,224942,,,0,30,,224925,,,0,70,,224943,,,0,30,,224926,,,0,70,,224944,,,0,30,,224927,,,0,70,,224945,,,0,30,,224928,,,0,70,,224946,,,0,30,,224929,,,0,70,,224947,,,0,30,,224930,,,0,70,,224949,,,0,30,,224931,,,0,70,,224950,,,0,30,,224932,,,0,70,,224951,,,0,30,,224933,,,0,70,,224952,,,0,30,,224934,,,0
8001,'20260309',625,,224953,,,0,30,,224954,,,0,71,,224955,,,0,30,,224956,,,0,69,,224957,,,0,30,,224958,,,0,70,,224959,,,0,30,,224960,,,0,70,,224961,,,0,30,,224962,,,0,70,,224963,,,0,30,,224964,,,0,70,,224965,,,0,31,,224966,,,0,69,,224967,,,0,30,,224968,,,0,71,,224969,,,0,30,,224970,,,0,70,,224971,,,0,30,,224972,,,0,70,,224973,,,0,30,,224974,,,0,70,,224975,,,0,29,,224976,,,0,70,,224977,,,0,30,,224978,,,0,70,,224984,,,0,30,,224979,,,0,70,,224985,,,0,30,,224980,,,0,70,,224986,,,0,30,,224981,,,0,70,,224987,,,0,30,,224982,,,0,70,,224988,,,0,30,,224983,,,0
8001,'20260310',625,,224989,,,0,30,,224990,,,0,71,,224991,,,0,30,,224992,,,0,69,,224993,,,0,30,,224994,,,0,70,,224995,,,0,30,,224996,,,0,70,,224997,,,0,30,,224998,,,0,70,,224999,,,0,30,,225000,,,0,70,,225001,,,0,31,,225002,,,0,69,,225003,,,0,30,,225004,,,0,71,,225005,,,0,30,,225006,,,0,70,,225007,,,0,30,,225008,,,0,70,,225009,,,0,30,,225010,,,0,70,,225011,,,0,29,,225012,,,0,70,,225013,,,0,30,,225014,,,0,70,,225020,,,0,30,,225015,,,0,70,,225021,,,0,30,,225016,,,0,70,,225022,,,0,30,,225017,,,0,70,,225023,,,0,30,,225018,,,0,70,,225024,,,0,30,,225019,,,0
8001,'20260311',625,,225025,,,0,30,,225026,,,0,71,,225027,,,0,30,,225028,,,0,69,,225029,,,0,30,,225030,,,0,70,,225031,,,0,30,,225032,,,0,70,,225033,,,0,30,,225034,,,0,70,,225035,,,0,30,,225036,,,0,70,,225037,,,0,31,,225038,,,0,69,,225039,,,0,30,,225040,,,0,71,,225041,,,0,30,,225042,,,0,70,,225043,,,0,30,,225044,,,0,70,,225045,,,0,30,,225046,,,0,70,,225047,,,0,29,,225048,,,0,70,,225049,,,0,30,,225050,,,0,70,,225056,,,0,30,,225051,,,0,70,,225057,,,0,30,,225052,,,0,70,,225058,,,0,30,,225053,,,0,70,,225059,,,0,30,,225054,,,0,70,,225060,,,0,30,,225055,,,0
8001,'20260312',625,,225061,,,0,30,,225062,,,0,71,,225063,,,0,30,,225064,,,0,69,,225065,,,0,30,,225066,,,0,70,,225067,,,0,30,,225068,,,0,70,,225069,,,0,30,,225070,,,0,70,,225071,,,0,30,,225072,,,0,70,,225073,,,0,31,,225074,,,0,69,,225075,,,0,30,,225076,,,0,71,,225077,,,0,30,,225078,,,0,70,,225079,,,0,30,,225080,,,0,70,,225081,,,0,30,,225082,,,0,70,,225083,,,0,29,,225084,,,0,70,,225085,,,0,30,,225086,,,0,70,,225092,,,0,30,,225087,,,0,70,,225093,,,0,30,,225088,,,0,70,,225094,,,0,30,,225089,,,0,70,,225095,,,0,30,,225090,,,0,70,,225096,,,0,30,,225091,,,0
8001,'20260313',625,,225097,,,0,30,,225098,,,0,71,,225099,,,0,30,,225100,,,0,69,,225101,,,0,30,,225102,,,0,70,,225103,,,0,30,,225104,,,0,70,,225105,,,0,30,,225106,,,0,70,,225107,,,0,30,,225108,,,0,70,,225109,,,0,31,,225110,,,0,69,,225111,,,0,30,,225112,,,0,71,,225113,,,0,30,,225114,,,0,70,,225115,,,0,30,,225116,,,0,70,,225117,,,0,30,,225118,,,0,70,,225119,,,0,29,,225120,,,0,70,,225121,,,0,30,,225122,,,0,70,,225128,,,0,30,,225123,,,0,70,,225129,,,0,30,,225124,,,0,70,,225130,,,0,30,,225125,,,0,70,,225131,,,0,30,,225126,,,0,70,,225132,,,0,30,,225127,,,0
8001,'20260314',625,,225164,,,0,30,,225133,,,0,70,,225151,,,0,30,,225134,,,0,70,,225152,,,0,30,,225135,,,0,70,,225153,,,0,30,,225136,,,0,70,,225154,,,0,30,,225137,,,0,70,,225155,,,0,30,,225138,,,0,70,,225156,,,0,30,,225139,,,0,70,,225157,,,0,30,,225140,,,0,70,,225158,,,0,30,,225141,,,0,70,,225159,,,0,30,,225142,,,0,70,,225160,,,0,30,,225143,,,0,70,,225161,,,0,30,,225144,,,0,70,,225162,,,0,30,,225145,,,0,70,,225163,,,0,30,,225146,,,0,70,,225168,,,0,30,,225147,,,0,70,,225167,,,0,30,,225148,,,0,70,,225166,,,0,30,,225149,,,0,70,,225165,,,0,30,,225150,,,0
8001,'20260315',625,,225200,,,0,30,,225169,,,0,70,,225187,,,0,30,,225170,,,0,70,,225188,,,0,30,,225171,,,0,70,,225189,,,0,30,,225172,,,0,70,,225190,,,0,30,,225173,,,0,70,,225191,,,0,30,,225174,,,0,70,,225192,,,0,30,,225175,,,0,70,,225193,,,0,30,,225176,,,0,70,,225194,,,0,30,,225177,,,0,70,,225195,,,0,30,,225178,,,0,70,,225196,,,0,30,,225179,,,0,70,,225197,,,0,30,,225180,,,0,70,,225198,,,0,30,,225181,,,0,70,,225199,,,0,30,,225182,,,0,70,,225201,,,0,30,,225183,,,0,70,,225202,,,0,30,,225184,,,0,70,,225203,,,0,30,,225185,,,0,70,,225204,,,0,30,,225186,,,0
8001,'20260316',625,,225205,,,0,30,,225206,,,0,71,,225207,,,0,30,,225208,,,0,69,,225209,,,0,30,,225210,,,0,70,,225211,,,0,30,,225212,,,0,70,,225213,,,0,30,,225214,,,0,70,,225215,,,0,30,,225216,,,0,70,,225217,,,0,31,,225218,,,0,69,,225219,,,0,30,,225220,,,0,71,,225221,,,0,30,,225222,,,0,70,,225223,,,0,30,,225224,,,0,70,,225225,,,0,30,,225226,,,0,70,,225227,,,0,29,,225228,,,0,70,,225229,,,0,30,,225230,,,0,70,,225236,,,0,30,,225231,,,0,70,,225237,,,0,30,,225232,,,0,70,,225238,,,0,30,,225233,,,0,70,,225239,,,0,30,,225234,,,0,70,,225240,,,0,30,,225235,,,0
8001,'20260317',625,,225241,,,0,30,,225242,,,0,71,,225243,,,0,30,,225244,,,0,69,,225245,,,0,30,,225246,,,0,70,,225247,,,0,30,,225248,,,0,70,,225249,,,0,30,,225250,,,0,70,,225251,,,0,30,,225252,,,0,70,,225253,,,0,31,,225254,,,0,69,,225255,,,0,30,,225256,,,0,71,,225257,,,0,30,,225258,,,0,70,,225259,,,0,30,,225260,,,0,70,,225261,,,0,30,,225262,,,0,70,,225263,,,0,29,,225264,,,0,70,,225265,,,0,30,,225266,,,0,70,,225272,,,0,30,,225267,,,0,70,,225273,,,0,30,,225268,,,0,70,,225274,,,0,30,,225269,,,0,70,,225275,,,0,30,,225270,,,0,70,,225276,,,0,30,,225271,,,0
7008001,'20260310',1617,,253906,,,0
7008001,'20260311',1617,,253907,,,0
7008001,'20260312',1617,,253908,,,0
7008001,'20260313',1617,,253909,,,0
7008001,'20260316',1617,,253910,,,0
7008001,'20260317',1617,,253911,,,0
