2902,'20260619',1537,,742585,8,,,0,70,,742586,8,,,0,36,,742587,8,,,0,79,,742588,8,,,0,15,,742589,8,,,0
2902,'20260622',1537,,772023,8,,,0,70,,772024,8,,,0,39,,772025,8,,,0,81,,772026,8,,,0,10,,772027,8,,,0
2902,'20260623',1537,,772028,8,,,0,70,,772029,8,,,0,39,,772030,8,,,0,81,,772031,8,,,0,10,,772032,8,,,0
2902,'20260625',1537,,707442,8,,,0,70,,707440,8,,,0,39,,707443,8,,,0,81,,707441,8,,,0,10,,707444,8,,,0
2902,'20260626',1537,,707447,8,,,0,70,,707445,8,,,0,39,,707448,8,,,0,81,,707446,8,,,0,10,,707449,8,,,0
2902,'20260629',1537,,742602,8,,,0,70,,742600,8,,,0,39,,742603,8,,,0,81,,742601,8,,,0,10,,742604,8,,,0
2902,'20260630',1537,,742607,8,,,0,70,,742605,8,,,0,39,,742608,8,,,0,81,,742606,8,,,0,10,,742609,8,,,0
2902,'20260702',1537,,772035,8,,,0,70,,772033,8,,,0,39,,772036,8,,,0,81,,772034,8,,,0,10,,772037,8,,,0
2902,'20260703',1537,,772040,8,,,0,70,,772038,8,,,0,39,,772041,8,,,0,81,,772039,8,,,0,10,,772042,8,,,0
8800,'20260619',657,,752393,20,,,0,99,,752394,20,,,0,71,,752395,20,,,0,101,,752396,20,,,0,597,,752397,20,,,0,30,,752398,20,,,0,68,,752399,20,,,0,32,,752400,20,,,0,73,,752401,20,,,0,31,,752402,20,,,0,71,,752403,20,,,0,501,,752404,20,,,0
8800,'20260622',657,,780601,20,,,0,99,,780602,20,,,0,71,,780603,20,,,0,101,,780604,20,,,0,597,,780605,20,,,0,30,,780606,20,,,0,68,,780607,20,,,0,32,,780608,20,,,0,73,,780609,20,,,0,31,,780610,20,,,0,71,,780611,20,,,0,501,,780612,20,,,0
8800,'20260623',657,,780614,20,,,0,99,,780615,20,,,0,71,,780616,20,,,0,101,,780617,20,,,0,597,,780618,20,,,0,30,,780619,20,,,0,68,,780620,20,,,0,32,,780621,20,,,0,73,,780622,20,,,0,31,,780623,20,,,0,71,,780624,20,,,0,501,,780625,20,,,0
8800,'20260625',657,,718878,20,,,0,99,,718879,20,,,0,71,,718887,20,,,0,101,,718888,20,,,0,597,,718880,20,,,0,30,,718885,20,,,0,68,,718881,20,,,0,32,,718882,20,,,0,73,,718883,20,,,0,31,,718890,20,,,0,71,,718889,20,,,0,501,,718884,20,,,0
8800,'20260626',657,,718891,20,,,0,99,,718892,20,,,0,71,,718900,20,,,0,101,,718901,20,,,0,597,,718893,20,,,0,30,,718898,20,,,0,68,,718894,20,,,0,32,,718895,20,,,0,73,,718896,20,,,0,31,,718903,20,,,0,71,,718902,20,,,0,501,,718897,20,,,0
8800,'20260629',657,,752432,20,,,0,99,,752433,20,,,0,71,,752441,20,,,0,101,,752442,20,,,0,597,,752434,20,,,0,30,,752439,20,,,0,68,,752435,20,,,0,32,,752436,20,,,0,73,,752437,20,,,0,31,,752444,20,,,0,71,,752443,20,,,0,501,,752438,20,,,0
8800,'20260630',657,,752445,20,,,0,99,,752446,20,,,0,71,,752454,20,,,0,101,,752455,20,,,0,597,,752447,20,,,0,30,,752452,20,,,0,68,,752448,20,,,0,32,,752449,20,,,0,73,,752450,20,,,0,31,,752457,20,,,0,71,,752456,20,,,0,501,,752451,20,,,0
8800,'20260702',657,,780627,20,,,0,99,,780628,20,,,0,71,,780636,20,,,0,101,,780637,20,,,0,597,,780629,20,,,0,30,,780634,20,,,0,68,,780630,20,,,0,32,,780631,20,,,0,73,,780632,20,,,0,31,,780639,20,,,0,71,,780638,20,,,0,501,,780633,20,,,0
8800,'20260703',657,,780640,20,,,0,99,,780641,20,,,0,71,,780649,20,,,0,101,,780650,20,,,0,597,,780642,20,,,0,30,,780647,20,,,0,68,,780643,20,,,0,32,,780644,20,,,0,73,,780645,20,,,0,31,,780652,20,,,0,71,,780651,20,,,0,501,,780646,20,,,0
