27901,'20260526',631,,562250,20,,,0,82,,562251,20,,,0,35,,562252,20,,,0,64,,562253,20,,,0
27901,'20260527',631,,562254,20,,,0,82,,562255,20,,,0,35,,562256,20,,,0,64,,562257,20,,,0
27901,'20260528',631,,562258,20,,,0,82,,562259,20,,,0,35,,562260,20,,,0,64,,562261,20,,,0
27901,'20260529',631,,587477,20,,,0,82,,587478,20,,,0,35,,587479,20,,,0,64,,587480,20,,,0
27901,'20260601',631,,529359,20,,,0,82,,529357,20,,,0,35,,529358,20,,,0,64,,529356,20,,,0
27901,'20260602',631,,529363,20,,,0,82,,529361,20,,,0,35,,529362,20,,,0,64,,529360,20,,,0
27901,'20260603',631,,562265,20,,,0,82,,562263,20,,,0,35,,562264,20,,,0,64,,562262,20,,,0
27901,'20260604',631,,562269,20,,,0,82,,562267,20,,,0,35,,562268,20,,,0,64,,562266,20,,,0
27901,'20260605',631,,562273,20,,,0,82,,562271,20,,,0,35,,562272,20,,,0,64,,562270,20,,,0
27901,'20260608',631,,587484,20,,,0,82,,587482,20,,,0,35,,587483,20,,,0,64,,587481,20,,,0
27901,'20260609',631,,587488,20,,,0,82,,587486,20,,,0,35,,587487,20,,,0,64,,587485,20,,,0
