401,'20260703',544,,845965,29,,,0,71,,845966,29,,,0,30,,845967,29,,,0,71,,845968,29,,,0,37,,845969,29,,,0,70,,845970,29,,,0,25,,845971,29,,,0,70,,845972,29,,,0,86,,845973,29,,,0,100,,845974,29,,,0,102,,845975,29,,,0,102,,845976,29,,,0,94,,845977,29,,,0,104,,845978,29,,,0,30,,845979,29,,,0,75,,845980,29,,,0,27,,845981,29,,,0,69,,845982,29,,,0,32,,845983,29,,,0,82,,845984,29,,,0,100,,845985,29,,,0,97,,845986,29,,,0,100,,845987,29,,,0,100,,845988,29,,,0,98,,845989,29,,,0,99,,845990,29,,,0
401,'20260704',707,,863726,29,,,0,94,,863727,29,,,0,100,,863728,29,,,0,101,,863729,29,,,0,101,,863730,29,,,0,100,,863731,29,,,0,101,,863732,29,,,0,100,,863733,29,,,0,100,,863734,29,,,0,101,,863735,29,,,0,98,,863736,29,,,0,104,,863737,29,,,0,99,,863738,29,,,0,97,,863739,29,,,0,97,,863740,29,,,0,59,,863741,29,,,0,98,,863742,29,,,0,98,,863743,29,,,0
401,'20260705',707,,863744,29,,,0,94,,863745,29,,,0,100,,863746,29,,,0,101,,863747,29,,,0,101,,863748,29,,,0,100,,863749,29,,,0,101,,863750,29,,,0,100,,863751,29,,,0,100,,863752,29,,,0,101,,863753,29,,,0,98,,863754,29,,,0,104,,863755,29,,,0,99,,863756,29,,,0,97,,863757,29,,,0,97,,863758,29,,,0,59,,863759,29,,,0,98,,863760,29,,,0,98,,863761,29,,,0
401,'20260706',544,,863762,29,,,0,71,,863763,29,,,0,30,,863764,29,,,0,71,,863765,29,,,0,37,,863766,29,,,0,70,,863767,29,,,0,25,,863768,29,,,0,70,,863769,29,,,0,86,,863770,29,,,0,100,,863771,29,,,0,102,,863772,29,,,0,102,,863773,29,,,0,94,,863774,29,,,0,104,,863775,29,,,0,30,,863776,29,,,0,75,,863777,29,,,0,27,,863778,29,,,0,69,,863779,29,,,0,32,,863780,29,,,0,82,,863781,29,,,0,100,,863782,29,,,0,97,,863783,29,,,0,100,,863784,29,,,0,100,,863785,29,,,0,98,,863786,29,,,0,99,,863787,29,,,0
401,'20260707',544,,863788,29,,,0,71,,863789,29,,,0,30,,863790,29,,,0,71,,863791,29,,,0,37,,863792,29,,,0,70,,863793,29,,,0,25,,863794,29,,,0,70,,863795,29,,,0,86,,863796,29,,,0,100,,863797,29,,,0,102,,863798,29,,,0,102,,863799,29,,,0,94,,863800,29,,,0,104,,863801,29,,,0,30,,863802,29,,,0,75,,863803,29,,,0,27,,863804,29,,,0,69,,863805,29,,,0,32,,863806,29,,,0,82,,863807,29,,,0,100,,863808,29,,,0,97,,863809,29,,,0,100,,863810,29,,,0,100,,863811,29,,,0,98,,863812,29,,,0,99,,863813,29,,,0
401,'20260708',544,,863814,29,,,0,71,,863815,29,,,0,30,,863816,29,,,0,71,,863817,29,,,0,37,,863818,29,,,0,70,,863819,29,,,0,25,,863820,29,,,0,70,,863821,29,,,0,86,,863822,29,,,0,100,,863823,29,,,0,102,,863824,29,,,0,102,,863825,29,,,0,94,,863826,29,,,0,104,,863827,29,,,0,30,,863828,29,,,0,75,,863829,29,,,0,27,,863830,29,,,0,69,,863831,29,,,0,32,,863832,29,,,0,82,,863833,29,,,0,100,,863834,29,,,0,97,,863835,29,,,0,100,,863836,29,,,0,100,,863837,29,,,0,98,,863838,29,,,0,99,,863839,29,,,0
401,'20260709',544,,863840,29,,,0,71,,863841,29,,,0,30,,863842,29,,,0,71,,863843,29,,,0,37,,863844,29,,,0,70,,863845,29,,,0,25,,863846,29,,,0,70,,863847,29,,,0,86,,863848,29,,,0,100,,863849,29,,,0,102,,863850,29,,,0,102,,863851,29,,,0,94,,863852,29,,,0,104,,863853,29,,,0,30,,863854,29,,,0,75,,863855,29,,,0,27,,863856,29,,,0,69,,863857,29,,,0,32,,863858,29,,,0,82,,863859,29,,,0,100,,863860,29,,,0,97,,863861,29,,,0,100,,863862,29,,,0,100,,863863,29,,,0,98,,863864,29,,,0,99,,863865,29,,,0
401,'20260710',544,,816102,29,,,0,71,,816103,29,,,0,30,,816104,29,,,0,71,,816105,29,,,0,37,,816106,29,,,0,70,,816101,29,,,0,25,,816107,29,,,0,70,,816108,29,,,0,86,,816109,29,,,0,100,,816110,29,,,0,102,,816111,29,,,0,102,,816112,29,,,0,94,,816113,29,,,0,104,,816114,29,,,0,30,,816115,29,,,0,75,,816116,29,,,0,27,,816117,29,,,0,69,,816118,29,,,0,32,,816119,29,,,0,82,,816120,29,,,0,100,,816121,29,,,0,97,,816122,29,,,0,100,,816123,29,,,0,100,,816124,29,,,0,98,,816125,29,,,0,99,,816126,29,,,0
401,'20260711',707,,846008,29,,,0,94,,845991,29,,,0,100,,845992,29,,,0,101,,845993,29,,,0,101,,845994,29,,,0,100,,845995,29,,,0,101,,845996,29,,,0,100,,845997,29,,,0,100,,845998,29,,,0,101,,845999,29,,,0,98,,846000,29,,,0,104,,846001,29,,,0,99,,846002,29,,,0,97,,846003,29,,,0,97,,846004,29,,,0,59,,846005,29,,,0,98,,846006,29,,,0,98,,846007,29,,,0
401,'20260712',707,,846026,29,,,0,94,,846009,29,,,0,100,,846010,29,,,0,101,,846011,29,,,0,101,,846012,29,,,0,100,,846013,29,,,0,101,,846014,29,,,0,100,,846015,29,,,0,100,,846016,29,,,0,101,,846017,29,,,0,98,,846018,29,,,0,104,,846019,29,,,0,99,,846020,29,,,0,97,,846021,29,,,0,97,,846022,29,,,0,59,,846023,29,,,0,98,,846024,29,,,0,98,,846025,29,,,0
401,'20260713',544,,846028,29,,,0,71,,846029,29,,,0,30,,846030,29,,,0,71,,846031,29,,,0,37,,846032,29,,,0,70,,846027,29,,,0,25,,846033,29,,,0,70,,846034,29,,,0,86,,846035,29,,,0,100,,846036,29,,,0,102,,846037,29,,,0,102,,846038,29,,,0,94,,846039,29,,,0,104,,846040,29,,,0,30,,846041,29,,,0,75,,846042,29,,,0,27,,846043,29,,,0,69,,846044,29,,,0,32,,846045,29,,,0,82,,846046,29,,,0,100,,846047,29,,,0,97,,846048,29,,,0,100,,846049,29,,,0,100,,846050,29,,,0,98,,846051,29,,,0,99,,846052,29,,,0
401,'20260714',544,,846054,29,,,0,71,,846055,29,,,0,30,,846056,29,,,0,71,,846057,29,,,0,37,,846058,29,,,0,70,,846053,29,,,0,25,,846059,29,,,0,70,,846060,29,,,0,86,,846061,29,,,0,100,,846062,29,,,0,102,,846063,29,,,0,102,,846064,29,,,0,94,,846065,29,,,0,104,,846066,29,,,0,30,,846067,29,,,0,75,,846068,29,,,0,27,,846069,29,,,0,69,,846070,29,,,0,32,,846071,29,,,0,82,,846072,29,,,0,100,,846073,29,,,0,97,,846074,29,,,0,100,,846075,29,,,0,100,,846076,29,,,0,98,,846077,29,,,0,99,,846078,29,,,0
401,'20260715',544,,863867,29,,,0,71,,863868,29,,,0,30,,863869,29,,,0,71,,863870,29,,,0,37,,863871,29,,,0,70,,863866,29,,,0,25,,863872,29,,,0,70,,863873,29,,,0,86,,863874,29,,,0,100,,863875,29,,,0,102,,863876,29,,,0,102,,863877,29,,,0,94,,863878,29,,,0,104,,863879,29,,,0,30,,863880,29,,,0,75,,863881,29,,,0,27,,863882,29,,,0,69,,863883,29,,,0,32,,863884,29,,,0,82,,863885,29,,,0,100,,863886,29,,,0,97,,863887,29,,,0,100,,863888,29,,,0,100,,863889,29,,,0,98,,863890,29,,,0,99,,863891,29,,,0
401,'20260716',544,,863893,29,,,0,71,,863894,29,,,0,30,,863895,29,,,0,71,,863896,29,,,0,37,,863897,29,,,0,70,,863892,29,,,0,25,,863898,29,,,0,70,,863899,29,,,0,86,,863900,29,,,0,100,,863901,29,,,0,102,,863902,29,,,0,102,,863903,29,,,0,94,,863904,29,,,0,104,,863905,29,,,0,30,,863906,29,,,0,75,,863907,29,,,0,27,,863908,29,,,0,69,,863909,29,,,0,32,,863910,29,,,0,82,,863911,29,,,0,100,,863912,29,,,0,97,,863913,29,,,0,100,,863914,29,,,0,100,,863915,29,,,0,98,,863916,29,,,0,99,,863917,29,,,0
401,'20260717',544,,863919,29,,,0,71,,863920,29,,,0,30,,863921,29,,,0,71,,863922,29,,,0,37,,863923,29,,,0,70,,863918,29,,,0,25,,863924,29,,,0,70,,863925,29,,,0,86,,863926,29,,,0,100,,863927,29,,,0,102,,863928,29,,,0,102,,863929,29,,,0,94,,863930,29,,,0,104,,863931,29,,,0,30,,863932,29,,,0,75,,863933,29,,,0,27,,863934,29,,,0,69,,863935,29,,,0,32,,863936,29,,,0,82,,863937,29,,,0,100,,863938,29,,,0,97,,863939,29,,,0,100,,863940,29,,,0,100,,863941,29,,,0,98,,863942,29,,,0,99,,863943,29,,,0
401,'20262511',707,,863961,29,,,0,94,,863944,29,,,0,100,,863945,29,,,0,101,,863946,29,,,0,101,,863947,29,,,0,100,,863948,29,,,0,101,,863949,29,,,0,100,,863950,29,,,0,100,,863951,29,,,0,101,,863952,29,,,0,98,,863953,29,,,0,104,,863954,29,,,0,99,,863955,29,,,0,97,,863956,29,,,0,97,,863957,29,,,0,59,,863958,29,,,0,98,,863959,29,,,0,98,,863960,29,,,0
401,'20262611',707,,863979,29,,,0,94,,863962,29,,,0,100,,863963,29,,,0,101,,863964,29,,,0,101,,863965,29,,,0,100,,863966,29,,,0,101,,863967,29,,,0,100,,863968,29,,,0,100,,863969,29,,,0,101,,863970,29,,,0,98,,863971,29,,,0,104,,863972,29,,,0,99,,863973,29,,,0,97,,863974,29,,,0,97,,863975,29,,,0,59,,863976,29,,,0,98,,863977,29,,,0,98,,863978,29,,,0
6401,'20260703',1006,,850727,45,,,0,100,,850728,45,,,0,100,,850729,45,,,0,101,,850730,45,,,0,101,,850731,45,,,0,101,,850732,45,,,0,104,,850733,45,,,0,98,,850734,45,,,0,97,,850735,45,,,0,98,,850736,45,,,0,98,,850737,45,,,0,101,,850738,45,,,0,99,,850739,45,,,0,99,,850740,45,,,0
6401,'20260704',704,,874345,45,,,0,99,,874346,45,,,0,101,,874347,45,,,0,101,,874348,45,,,0,100,,874349,45,,,0,101,,874350,45,,,0,101,,874351,45,,,0,101,,874352,45,,,0,100,,874353,45,,,0,100,,874354,45,,,0,100,,874355,45,,,0,98,,874356,45,,,0,97,,874357,45,,,0,100,,874358,45,,,0,100,,874359,45,,,0,99,,874360,45,,,0,100,,874361,45,,,0,100,,874362,45,,,0
6401,'20260705',704,,874363,45,,,0,99,,874364,45,,,0,101,,874365,45,,,0,101,,874366,45,,,0,100,,874367,45,,,0,101,,874368,45,,,0,101,,874369,45,,,0,101,,874370,45,,,0,100,,874371,45,,,0,100,,874372,45,,,0,100,,874373,45,,,0,98,,874374,45,,,0,97,,874375,45,,,0,100,,874376,45,,,0,100,,874377,45,,,0,99,,874378,45,,,0,100,,874379,45,,,0,100,,874380,45,,,0
6401,'20260706',1006,,874381,45,,,0,100,,874382,45,,,0,100,,874383,45,,,0,101,,874384,45,,,0,101,,874385,45,,,0,101,,874386,45,,,0,104,,874387,45,,,0,98,,874388,45,,,0,97,,874389,45,,,0,98,,874390,45,,,0,98,,874391,45,,,0,101,,874392,45,,,0,99,,874393,45,,,0,99,,874394,45,,,0
6401,'20260707',1006,,874395,45,,,0,100,,874396,45,,,0,100,,874397,45,,,0,101,,874398,45,,,0,101,,874399,45,,,0,101,,874400,45,,,0,104,,874401,45,,,0,98,,874402,45,,,0,97,,874403,45,,,0,98,,874404,45,,,0,98,,874405,45,,,0,101,,874406,45,,,0,99,,874407,45,,,0,99,,874408,45,,,0
6401,'20260708',1006,,874409,45,,,0,100,,874410,45,,,0,100,,874411,45,,,0,101,,874412,45,,,0,101,,874413,45,,,0,101,,874414,45,,,0,104,,874415,45,,,0,98,,874416,45,,,0,97,,874417,45,,,0,98,,874418,45,,,0,98,,874419,45,,,0,101,,874420,45,,,0,99,,874421,45,,,0,99,,874422,45,,,0
6401,'20260709',1006,,874423,45,,,0,100,,874424,45,,,0,100,,874425,45,,,0,101,,874426,45,,,0,101,,874427,45,,,0,101,,874428,45,,,0,104,,874429,45,,,0,98,,874430,45,,,0,97,,874431,45,,,0,98,,874432,45,,,0,98,,874433,45,,,0,101,,874434,45,,,0,99,,874435,45,,,0,99,,874436,45,,,0
6401,'20260710',1006,,824807,45,,,0,100,,824808,45,,,0,100,,824809,45,,,0,101,,824810,45,,,0,101,,824811,45,,,0,101,,824812,45,,,0,104,,824813,45,,,0,98,,824814,45,,,0,97,,824815,45,,,0,98,,824816,45,,,0,98,,824817,45,,,0,101,,824818,45,,,0,99,,824819,45,,,0,99,,824820,45,,,0
6401,'20260711',704,,850741,45,,,0,99,,850742,45,,,0,101,,850743,45,,,0,101,,850744,45,,,0,100,,850745,45,,,0,101,,850746,45,,,0,101,,850747,45,,,0,101,,850748,45,,,0,100,,850749,45,,,0,100,,850750,45,,,0,100,,850751,45,,,0,98,,850752,45,,,0,97,,850753,45,,,0,100,,850754,45,,,0,100,,850755,45,,,0,99,,850756,45,,,0,100,,850757,45,,,0,100,,850758,45,,,0
6401,'20260712',704,,850759,45,,,0,99,,850760,45,,,0,101,,850761,45,,,0,101,,850762,45,,,0,100,,850763,45,,,0,101,,850764,45,,,0,101,,850765,45,,,0,101,,850766,45,,,0,100,,850767,45,,,0,100,,850768,45,,,0,100,,850769,45,,,0,98,,850770,45,,,0,97,,850771,45,,,0,100,,850772,45,,,0,100,,850773,45,,,0,99,,850774,45,,,0,100,,850775,45,,,0,100,,850776,45,,,0
6401,'20260713',1006,,850777,45,,,0,100,,850778,45,,,0,100,,850779,45,,,0,101,,850780,45,,,0,101,,850781,45,,,0,101,,850782,45,,,0,104,,850783,45,,,0,98,,850784,45,,,0,97,,850785,45,,,0,98,,850786,45,,,0,98,,850787,45,,,0,101,,850788,45,,,0,99,,850789,45,,,0,99,,850790,45,,,0
6401,'20260714',1006,,850791,45,,,0,100,,850792,45,,,0,100,,850793,45,,,0,101,,850794,45,,,0,101,,850795,45,,,0,101,,850796,45,,,0,104,,850797,45,,,0,98,,850798,45,,,0,97,,850799,45,,,0,98,,850800,45,,,0,98,,850801,45,,,0,101,,850802,45,,,0,99,,850803,45,,,0,99,,850804,45,,,0
6401,'20260715',1006,,874437,45,,,0,100,,874438,45,,,0,100,,874439,45,,,0,101,,874440,45,,,0,101,,874441,45,,,0,101,,874442,45,,,0,104,,874443,45,,,0,98,,874444,45,,,0,97,,874445,45,,,0,98,,874446,45,,,0,98,,874447,45,,,0,101,,874448,45,,,0,99,,874449,45,,,0,99,,874450,45,,,0
6401,'20260716',1006,,874451,45,,,0,100,,874452,45,,,0,100,,874453,45,,,0,101,,874454,45,,,0,101,,874455,45,,,0,101,,874456,45,,,0,104,,874457,45,,,0,98,,874458,45,,,0,97,,874459,45,,,0,98,,874460,45,,,0,98,,874461,45,,,0,101,,874462,45,,,0,99,,874463,45,,,0,99,,874464,45,,,0
6401,'20260717',1006,,874465,45,,,0,100,,874466,45,,,0,100,,874467,45,,,0,101,,874468,45,,,0,101,,874469,45,,,0,101,,874470,45,,,0,104,,874471,45,,,0,98,,874472,45,,,0,97,,874473,45,,,0,98,,874474,45,,,0,98,,874475,45,,,0,101,,874476,45,,,0,99,,874477,45,,,0,99,,874478,45,,,0
6401,'20262511',704,,874479,45,,,0,99,,874480,45,,,0,101,,874481,45,,,0,101,,874482,45,,,0,100,,874483,45,,,0,101,,874484,45,,,0,101,,874485,45,,,0,101,,874486,45,,,0,100,,874487,45,,,0,100,,874488,45,,,0,100,,874489,45,,,0,98,,874490,45,,,0,97,,874491,45,,,0,100,,874492,45,,,0,100,,874493,45,,,0,99,,874494,45,,,0,100,,874495,45,,,0,100,,874496,45,,,0
6401,'20262611',704,,874497,45,,,0,99,,874498,45,,,0,101,,874499,45,,,0,101,,874500,45,,,0,100,,874501,45,,,0,101,,874502,45,,,0,101,,874503,45,,,0,101,,874504,45,,,0,100,,874505,45,,,0,100,,874506,45,,,0,100,,874507,45,,,0,98,,874508,45,,,0,97,,874509,45,,,0,100,,874510,45,,,0,100,,874511,45,,,0,99,,874512,45,,,0,100,,874513,45,,,0,100,,874514,45,,,0
6501,'20260703',604,,850820,24,,,0,30,,850821,24,,,0,68,,850822,24,,,0,28,,850823,24,,,0,93,,850824,24,,,0,15,,850825,24,,,0
6501,'20260706',604,,874550,24,,,0,30,,874551,24,,,0,68,,874552,24,,,0,28,,874553,24,,,0,93,,874554,24,,,0,15,,874555,24,,,0
6501,'20260707',604,,874556,24,,,0,30,,874557,24,,,0,68,,874558,24,,,0,28,,874559,24,,,0,93,,874560,24,,,0,15,,874561,24,,,0
6501,'20260708',604,,874562,24,,,0,30,,874563,24,,,0,68,,874564,24,,,0,28,,874565,24,,,0,93,,874566,24,,,0,15,,874567,24,,,0
6501,'20260709',604,,874568,24,,,0,30,,874569,24,,,0,68,,874570,24,,,0,28,,874571,24,,,0,93,,874572,24,,,0,15,,874573,24,,,0
6501,'20260710',604,,824881,24,,,0,30,,824882,24,,,0,68,,824883,24,,,0,28,,824884,24,,,0,93,,824885,24,,,0,15,,824886,24,,,0
6501,'20260713',604,,850826,24,,,0,30,,850827,24,,,0,68,,850828,24,,,0,28,,850829,24,,,0,93,,850830,24,,,0,15,,850831,24,,,0
6501,'20260714',604,,850832,24,,,0,30,,850833,24,,,0,68,,850834,24,,,0,28,,850835,24,,,0,93,,850836,24,,,0,15,,850837,24,,,0
6501,'20260715',604,,874574,24,,,0,30,,874575,24,,,0,68,,874576,24,,,0,28,,874577,24,,,0,93,,874578,24,,,0,15,,874579,24,,,0
6501,'20260716',604,,874580,24,,,0,30,,874581,24,,,0,68,,874582,24,,,0,28,,874583,24,,,0,93,,874584,24,,,0,15,,874585,24,,,0
6501,'20260717',604,,874586,24,,,0,30,,874587,24,,,0,68,,874588,24,,,0,28,,874589,24,,,0,93,,874590,24,,,0,15,,874591,24,,,0
7401,'20260703',644,,851618,83,,,1,103,,851619,83,,,1,99,,851620,83,,,1,97,,851621,83,,,1,100,,851622,83,,,1,101,,851623,83,,,1,100,,851624,83,,,1,100,,851625,83,,,1,101,,851626,83,,,1,103,,851627,83,,,1,104,,851628,83,,,1,94,,851629,83,,,1,97,,851630,83,,,1,99,,851631,83,,,1,99,,851632,83,,,1,99,,851633,83,,,1,100,,851634,83,,,1,170,,851635,83,,,1
7401,'20260704',741,,876326,83,,,1,100,,876327,83,,,1,102,,876328,83,,,1,100,,876329,83,,,1,100,,876330,83,,,1,100,,876331,83,,,1,101,,876332,83,,,1,100,,876333,83,,,1,100,,876334,83,,,1,99,,876335,83,,,1,100,,876336,83,,,1,99,,876337,83,,,1,99,,876338,83,,,1,99,,876339,83,,,1,100,,876340,83,,,1,100,,876341,83,,,1
7401,'20260705',741,,876343,83,,,1,100,,876344,83,,,1,102,,876345,83,,,1,100,,876346,83,,,1,100,,876347,83,,,1,100,,876348,83,,,1,101,,876349,83,,,1,100,,876350,83,,,1,100,,876351,83,,,1,99,,876352,83,,,1,100,,876353,83,,,1,99,,876354,83,,,1,99,,876355,83,,,1,99,,876356,83,,,1,100,,876357,83,,,1,100,,876358,83,,,1
7401,'20260706',644,,876362,83,,,1,103,,876363,83,,,1,99,,876364,83,,,1,97,,876365,83,,,1,100,,876366,83,,,1,101,,876367,83,,,1,100,,876368,83,,,1,100,,876369,83,,,1,101,,876370,83,,,1,103,,876371,83,,,1,104,,876372,83,,,1,94,,876373,83,,,1,97,,876374,83,,,1,99,,876375,83,,,1,99,,876376,83,,,1,99,,876377,83,,,1,100,,876378,83,,,1,170,,876379,83,,,1
7401,'20260707',644,,876382,83,,,1,103,,876383,83,,,1,99,,876384,83,,,1,97,,876385,83,,,1,100,,876386,83,,,1,101,,876387,83,,,1,100,,876388,83,,,1,100,,876389,83,,,1,101,,876390,83,,,1,103,,876391,83,,,1,104,,876392,83,,,1,94,,876393,83,,,1,97,,876394,83,,,1,99,,876395,83,,,1,99,,876396,83,,,1,99,,876397,83,,,1,100,,876398,83,,,1,170,,876399,83,,,1
7401,'20260708',644,,876402,83,,,1,103,,876403,83,,,1,99,,876404,83,,,1,97,,876405,83,,,1,100,,876406,83,,,1,101,,876407,83,,,1,100,,876408,83,,,1,100,,876409,83,,,1,101,,876410,83,,,1,103,,876411,83,,,1,104,,876412,83,,,1,94,,876413,83,,,1,97,,876414,83,,,1,99,,876415,83,,,1,99,,876416,83,,,1,99,,876417,83,,,1,100,,876418,83,,,1,170,,876419,83,,,1
7401,'20260709',644,,876422,83,,,1,103,,876423,83,,,1,99,,876424,83,,,1,97,,876425,83,,,1,100,,876426,83,,,1,101,,876427,83,,,1,100,,876428,83,,,1,100,,876429,83,,,1,101,,876430,83,,,1,103,,876431,83,,,1,104,,876432,83,,,1,94,,876433,83,,,1,97,,876434,83,,,1,99,,876435,83,,,1,99,,876436,83,,,1,99,,876437,83,,,1,100,,876438,83,,,1,170,,876439,83,,,1
7401,'20260710',644,,826472,83,,,1,103,,826473,83,,,1,99,,826474,83,,,1,97,,826475,83,,,1,100,,826476,83,,,1,101,,826477,83,,,1,100,,826478,83,,,1,100,,826479,83,,,1,101,,826480,83,,,1,103,,826481,83,,,1,104,,826487,83,,,1,94,,826482,83,,,1,97,,826483,83,,,1,99,,826489,83,,,1,99,,826484,83,,,1,99,,826488,83,,,1,100,,826485,83,,,1,170,,826486,83,,,1
7401,'20260711',741,,851650,83,,,1,100,,851636,83,,,1,102,,851637,83,,,1,100,,851651,83,,,1,100,,851644,83,,,1,100,,851645,83,,,1,101,,851646,83,,,1,100,,851647,83,,,1,100,,851648,83,,,1,99,,851649,83,,,1,100,,851638,83,,,1,99,,851642,83,,,1,99,,851643,83,,,1,99,,851639,83,,,1,100,,851640,83,,,1,100,,851641,83,,,1
7401,'20260712',741,,851653,83,,,1,100,,851668,83,,,1,102,,851654,83,,,1,100,,851669,83,,,1,100,,851656,83,,,1,100,,851657,83,,,1,101,,851658,83,,,1,100,,851659,83,,,1,100,,851660,83,,,1,99,,851661,83,,,1,100,,851662,83,,,1,99,,851663,83,,,1,99,,851664,83,,,1,99,,851665,83,,,1,100,,851666,83,,,1,100,,851667,83,,,1
7401,'20260713',644,,851670,83,,,1,103,,851671,83,,,1,99,,851672,83,,,1,97,,851673,83,,,1,100,,851674,83,,,1,101,,851675,83,,,1,100,,851676,83,,,1,100,,851677,83,,,1,101,,851678,83,,,1,103,,851679,83,,,1,104,,851685,83,,,1,94,,851680,83,,,1,97,,851681,83,,,1,99,,851687,83,,,1,99,,851682,83,,,1,99,,851686,83,,,1,100,,851683,83,,,1,170,,851684,83,,,1
7401,'20260714',644,,851690,83,,,1,103,,851691,83,,,1,99,,851692,83,,,1,97,,851693,83,,,1,100,,851694,83,,,1,101,,851695,83,,,1,100,,851696,83,,,1,100,,851697,83,,,1,101,,851698,83,,,1,103,,851699,83,,,1,104,,851705,83,,,1,94,,851700,83,,,1,97,,851701,83,,,1,99,,851707,83,,,1,99,,851702,83,,,1,99,,851706,83,,,1,100,,851703,83,,,1,170,,851704,83,,,1
7401,'20260715',644,,876440,83,,,1,103,,876441,83,,,1,99,,876442,83,,,1,97,,876443,83,,,1,100,,876444,83,,,1,101,,876445,83,,,1,100,,876446,83,,,1,100,,876447,83,,,1,101,,876448,83,,,1,103,,876449,83,,,1,104,,876455,83,,,1,94,,876450,83,,,1,97,,876451,83,,,1,99,,876457,83,,,1,99,,876452,83,,,1,99,,876456,83,,,1,100,,876453,83,,,1,170,,876454,83,,,1
7401,'20260716',644,,876460,83,,,1,103,,876461,83,,,1,99,,876462,83,,,1,97,,876463,83,,,1,100,,876464,83,,,1,101,,876465,83,,,1,100,,876466,83,,,1,100,,876467,83,,,1,101,,876468,83,,,1,103,,876469,83,,,1,104,,876475,83,,,1,94,,876470,83,,,1,97,,876471,83,,,1,99,,876477,83,,,1,99,,876472,83,,,1,99,,876476,83,,,1,100,,876473,83,,,1,170,,876474,83,,,1
7401,'20260717',644,,876480,83,,,1,103,,876481,83,,,1,99,,876482,83,,,1,97,,876483,83,,,1,100,,876484,83,,,1,101,,876485,83,,,1,100,,876486,83,,,1,100,,876487,83,,,1,101,,876488,83,,,1,103,,876489,83,,,1,104,,876495,83,,,1,94,,876490,83,,,1,97,,876491,83,,,1,99,,876497,83,,,1,99,,876492,83,,,1,99,,876496,83,,,1,100,,876493,83,,,1,170,,876494,83,,,1
7401,'20262511',741,,876514,83,,,1,100,,876500,83,,,1,102,,876501,83,,,1,100,,876515,83,,,1,100,,876508,83,,,1,100,,876509,83,,,1,101,,876510,83,,,1,100,,876511,83,,,1,100,,876512,83,,,1,99,,876513,83,,,1,100,,876502,83,,,1,99,,876506,83,,,1,99,,876507,83,,,1,99,,876503,83,,,1,100,,876504,83,,,1,100,,876505,83,,,1
7401,'20262611',741,,876517,83,,,1,100,,876532,83,,,1,102,,876518,83,,,1,100,,876533,83,,,1,100,,876520,83,,,1,100,,876521,83,,,1,101,,876522,83,,,1,100,,876523,83,,,1,100,,876524,83,,,1,99,,876525,83,,,1,100,,876526,83,,,1,99,,876527,83,,,1,99,,876528,83,,,1,99,,876529,83,,,1,100,,876530,83,,,1,100,,876531,83,,,1
8201,'20260703',627,,852818,114,,,0,32,,852819,114,,,0,72,,852820,114,,,0,72,,852821,114,,,0,29,,852822,114,,,0,69,,852823,114,,,0,29,,852833,99,,,0,101,,852834,99,,,0,102,,852824,114,,,0,100,,852835,99,,,0,102,,852825,114,,,0,100,,852836,99,,,0,101,,852826,114,,,0,102,,852837,99,,,0,69,,852827,114,,,0,30,,852817,30,,,0,64,,852828,114,,,0,130,,852829,114,,,0,99,,852830,114,,,0,100,,852838,99,,,0,126,,852831,114,,,0,170,,852832,114,,,0
8201,'20260704',726,,878979,114,,,0,100,,878980,114,,,0,101,,878981,114,,,0,101,,878989,99,,,0,101,,878982,114,,,0,102,,878990,99,,,0,101,,878983,114,,,0,100,,878991,99,,,0,100,,878984,114,,,0,100,,878992,99,,,0,99,,878985,114,,,0,98,,878986,114,,,0,99,,878993,99,,,0,99,,878987,114,,,0,100,,878994,99,,,0,128,,878995,99,,,0,170,,878988,114,,,0
8201,'20260705',726,,878996,114,,,0,100,,878997,114,,,0,101,,878998,114,,,0,101,,879006,99,,,0,101,,878999,114,,,0,102,,879007,99,,,0,101,,879000,114,,,0,100,,879008,99,,,0,100,,879001,114,,,0,100,,879009,99,,,0,99,,879002,114,,,0,98,,879003,114,,,0,99,,879010,99,,,0,99,,879004,114,,,0,100,,879011,99,,,0,128,,879012,99,,,0,170,,879005,114,,,0
8201,'20260706',627,,879014,114,,,0,32,,879015,114,,,0,72,,879016,114,,,0,72,,879017,114,,,0,29,,879018,114,,,0,69,,879019,114,,,0,29,,879029,99,,,0,101,,879030,99,,,0,102,,879020,114,,,0,100,,879031,99,,,0,102,,879021,114,,,0,100,,879032,99,,,0,101,,879022,114,,,0,102,,879033,99,,,0,69,,879023,114,,,0,30,,879013,30,,,0,64,,879024,114,,,0,130,,879025,114,,,0,99,,879026,114,,,0,100,,879034,99,,,0,126,,879027,114,,,0,170,,879028,114,,,0
8201,'20260707',627,,879036,114,,,0,32,,879037,114,,,0,72,,879038,114,,,0,72,,879039,114,,,0,29,,879040,114,,,0,69,,879041,114,,,0,29,,879051,99,,,0,101,,879052,99,,,0,102,,879042,114,,,0,100,,879053,99,,,0,102,,879043,114,,,0,100,,879054,99,,,0,101,,879044,114,,,0,102,,879055,99,,,0,69,,879045,114,,,0,30,,879035,30,,,0,64,,879046,114,,,0,130,,879047,114,,,0,99,,879048,114,,,0,100,,879056,99,,,0,126,,879049,114,,,0,170,,879050,114,,,0
8201,'20260708',627,,879058,114,,,0,32,,879059,114,,,0,72,,879060,114,,,0,72,,879061,114,,,0,29,,879062,114,,,0,69,,879063,114,,,0,29,,879073,99,,,0,101,,879074,99,,,0,102,,879064,114,,,0,100,,879075,99,,,0,102,,879065,114,,,0,100,,879076,99,,,0,101,,879066,114,,,0,102,,879077,99,,,0,69,,879067,114,,,0,30,,879057,30,,,0,64,,879068,114,,,0,130,,879069,114,,,0,99,,879070,114,,,0,100,,879078,99,,,0,126,,879071,114,,,0,170,,879072,114,,,0
8201,'20260709',627,,879080,114,,,0,32,,879081,114,,,0,72,,879082,114,,,0,72,,879083,114,,,0,29,,879084,114,,,0,69,,879085,114,,,0,29,,879095,99,,,0,101,,879096,99,,,0,102,,879086,114,,,0,100,,879097,99,,,0,102,,879087,114,,,0,100,,879098,99,,,0,101,,879088,114,,,0,102,,879099,99,,,0,69,,879089,114,,,0,30,,879079,30,,,0,64,,879090,114,,,0,130,,879091,114,,,0,99,,879092,114,,,0,100,,879100,99,,,0,126,,879093,114,,,0,170,,879094,114,,,0
8201,'20260710',627,,828657,114,,,0,32,,828658,114,,,0,72,,828659,114,,,0,72,,828660,114,,,0,29,,828675,114,,,0,69,,828672,114,,,0,29,,828678,99,,,0,101,,828666,99,,,0,102,,828661,114,,,0,100,,828667,99,,,0,102,,828662,114,,,0,100,,828668,99,,,0,101,,828674,114,,,0,102,,828669,99,,,0,69,,828673,114,,,0,30,,828677,30,,,0,64,,828663,114,,,0,130,,828664,114,,,0,99,,828676,114,,,0,100,,828670,99,,,0,126,,828671,114,,,0,170,,828665,114,,,0
8201,'20260711',726,,852854,114,,,0,100,,852848,114,,,0,101,,852849,114,,,0,101,,852842,99,,,0,101,,852852,114,,,0,102,,852843,99,,,0,101,,852839,114,,,0,100,,852844,99,,,0,100,,852850,114,,,0,100,,852845,99,,,0,99,,852851,114,,,0,98,,852846,114,,,0,99,,852853,99,,,0,99,,852840,114,,,0,100,,852847,99,,,0,128,,852855,99,,,0,170,,852841,114,,,0
8201,'20260712',726,,852872,114,,,0,100,,852871,114,,,0,101,,852867,114,,,0,101,,852869,99,,,0,101,,852868,114,,,0,102,,852870,99,,,0,101,,852861,114,,,0,100,,852856,99,,,0,100,,852865,114,,,0,100,,852857,99,,,0,99,,852864,114,,,0,98,,852858,114,,,0,99,,852866,99,,,0,99,,852862,114,,,0,100,,852860,99,,,0,128,,852859,99,,,0,170,,852863,114,,,0
8201,'20260713',627,,852873,114,,,0,32,,852874,114,,,0,72,,852875,114,,,0,72,,852876,114,,,0,29,,852891,114,,,0,69,,852888,114,,,0,29,,852894,99,,,0,101,,852882,99,,,0,102,,852877,114,,,0,100,,852883,99,,,0,102,,852878,114,,,0,100,,852884,99,,,0,101,,852890,114,,,0,102,,852885,99,,,0,69,,852889,114,,,0,30,,852893,30,,,0,64,,852879,114,,,0,130,,852880,114,,,0,99,,852892,114,,,0,100,,852886,99,,,0,126,,852887,114,,,0,170,,852881,114,,,0
8201,'20260714',627,,852895,114,,,0,32,,852896,114,,,0,72,,852897,114,,,0,72,,852898,114,,,0,29,,852913,114,,,0,69,,852910,114,,,0,29,,852916,99,,,0,101,,852904,99,,,0,102,,852899,114,,,0,100,,852905,99,,,0,102,,852900,114,,,0,100,,852906,99,,,0,101,,852912,114,,,0,102,,852907,99,,,0,69,,852911,114,,,0,30,,852915,30,,,0,64,,852901,114,,,0,130,,852902,114,,,0,99,,852914,114,,,0,100,,852908,99,,,0,126,,852909,114,,,0,170,,852903,114,,,0
8201,'20260715',627,,879101,114,,,0,32,,879102,114,,,0,72,,879103,114,,,0,72,,879104,114,,,0,29,,879119,114,,,0,69,,879116,114,,,0,29,,879122,99,,,0,101,,879110,99,,,0,102,,879105,114,,,0,100,,879111,99,,,0,102,,879106,114,,,0,100,,879112,99,,,0,101,,879118,114,,,0,102,,879113,99,,,0,69,,879117,114,,,0,30,,879121,30,,,0,64,,879107,114,,,0,130,,879108,114,,,0,99,,879120,114,,,0,100,,879114,99,,,0,126,,879115,114,,,0,170,,879109,114,,,0
8201,'20260716',627,,879123,114,,,0,32,,879124,114,,,0,72,,879125,114,,,0,72,,879126,114,,,0,29,,879141,114,,,0,69,,879138,114,,,0,29,,879144,99,,,0,101,,879132,99,,,0,102,,879127,114,,,0,100,,879133,99,,,0,102,,879128,114,,,0,100,,879134,99,,,0,101,,879140,114,,,0,102,,879135,99,,,0,69,,879139,114,,,0,30,,879143,30,,,0,64,,879129,114,,,0,130,,879130,114,,,0,99,,879142,114,,,0,100,,879136,99,,,0,126,,879137,114,,,0,170,,879131,114,,,0
8201,'20260717',627,,879145,114,,,0,32,,879146,114,,,0,72,,879147,114,,,0,72,,879148,114,,,0,29,,879163,114,,,0,69,,879160,114,,,0,29,,879166,99,,,0,101,,879154,99,,,0,102,,879149,114,,,0,100,,879155,99,,,0,102,,879150,114,,,0,100,,879156,99,,,0,101,,879162,114,,,0,102,,879157,99,,,0,69,,879161,114,,,0,30,,879165,30,,,0,64,,879151,114,,,0,130,,879152,114,,,0,99,,879164,114,,,0,100,,879158,99,,,0,126,,879159,114,,,0,170,,879153,114,,,0
8201,'20262511',726,,879182,114,,,0,100,,879176,114,,,0,101,,879177,114,,,0,101,,879170,99,,,0,101,,879180,114,,,0,102,,879171,99,,,0,101,,879167,114,,,0,100,,879172,99,,,0,100,,879178,114,,,0,100,,879173,99,,,0,99,,879179,114,,,0,98,,879174,114,,,0,99,,879181,99,,,0,99,,879168,114,,,0,100,,879175,99,,,0,128,,879183,99,,,0,170,,879169,114,,,0
8201,'20262611',726,,879200,114,,,0,100,,879199,114,,,0,101,,879195,114,,,0,101,,879197,99,,,0,101,,879196,114,,,0,102,,879198,99,,,0,101,,879189,114,,,0,100,,879184,99,,,0,100,,879193,114,,,0,100,,879185,99,,,0,99,,879192,114,,,0,98,,879186,114,,,0,99,,879194,99,,,0,99,,879190,114,,,0,100,,879188,99,,,0,128,,879187,99,,,0,170,,879191,114,,,0
8401,'20260703',716,,853008,97,,,1,101,,853010,97,,,1,97,,853012,97,,,1,99,,853014,97,,,1,100,,853015,97,,,1,101,,853016,97,,,1,100,,853017,97,,,1,100,,853018,97,,,1,102,,853019,97,,,1,104,,853020,97,,,1,101,,853021,97,,,1,94,,853022,97,,,1,98,,853023,97,,,1,98,,853024,97,,,1,100,,853025,97,,,1,99,,853026,97,,,1,100,,853027,97,,,1,100,,853028,97,,,1
8401,'20260704',711,,879402,97,,,1,100,,879403,97,,,1,100,,879404,97,,,1,102,,879405,97,,,1,100,,879406,97,,,1,100,,879407,97,,,1,100,,879408,97,,,1,101,,879409,97,,,1,100,,879410,97,,,1,100,,879411,97,,,1,99,,879412,97,,,1,99,,879413,97,,,1,100,,879414,97,,,1,99,,879415,97,,,1,99,,879416,97,,,1,100,,879417,97,,,1,100,,879418,97,,,1,100,,879419,97,,,1
8401,'20260705',711,,879420,97,,,1,100,,879421,97,,,1,100,,879422,97,,,1,102,,879423,97,,,1,100,,879424,97,,,1,100,,879425,97,,,1,100,,879426,97,,,1,101,,879427,97,,,1,100,,879428,97,,,1,100,,879429,97,,,1,99,,879430,97,,,1,99,,879431,97,,,1,100,,879432,97,,,1,99,,879433,97,,,1,99,,879434,97,,,1,100,,879435,97,,,1,100,,879436,97,,,1,100,,879437,97,,,1
8401,'20260706',716,,879438,97,,,1,101,,879440,97,,,1,97,,879442,97,,,1,99,,879444,97,,,1,100,,879445,97,,,1,101,,879446,97,,,1,100,,879447,97,,,1,100,,879448,97,,,1,102,,879449,97,,,1,104,,879450,97,,,1,101,,879451,97,,,1,94,,879452,97,,,1,98,,879453,97,,,1,98,,879454,97,,,1,100,,879455,97,,,1,99,,879456,97,,,1,100,,879457,97,,,1,100,,879458,97,,,1
8401,'20260707',716,,879459,97,,,1,101,,879461,97,,,1,97,,879463,97,,,1,99,,879465,97,,,1,100,,879466,97,,,1,101,,879467,97,,,1,100,,879468,97,,,1,100,,879469,97,,,1,102,,879470,97,,,1,104,,879471,97,,,1,101,,879472,97,,,1,94,,879473,97,,,1,98,,879474,97,,,1,98,,879475,97,,,1,100,,879476,97,,,1,99,,879477,97,,,1,100,,879478,97,,,1,100,,879479,97,,,1
8401,'20260708',716,,879480,97,,,1,101,,879482,97,,,1,97,,879484,97,,,1,99,,879486,97,,,1,100,,879487,97,,,1,101,,879488,97,,,1,100,,879489,97,,,1,100,,879490,97,,,1,102,,879491,97,,,1,104,,879492,97,,,1,101,,879493,97,,,1,94,,879494,97,,,1,98,,879495,97,,,1,98,,879496,97,,,1,100,,879497,97,,,1,99,,879498,97,,,1,100,,879499,97,,,1,100,,879500,97,,,1
8401,'20260709',716,,879501,97,,,1,101,,879503,97,,,1,97,,879505,97,,,1,99,,879507,97,,,1,100,,879508,97,,,1,101,,879509,97,,,1,100,,879510,97,,,1,100,,879511,97,,,1,102,,879512,97,,,1,104,,879513,97,,,1,101,,879514,97,,,1,94,,879515,97,,,1,98,,879516,97,,,1,98,,879517,97,,,1,100,,879518,97,,,1,99,,879519,97,,,1,100,,879520,97,,,1,100,,879521,97,,,1
8401,'20260710',716,,829003,97,,,1,101,,829004,97,,,1,97,,829005,97,,,1,99,,829006,97,,,1,100,,829007,97,,,1,101,,829008,97,,,1,100,,829009,97,,,1,100,,829010,97,,,1,102,,829011,97,,,1,104,,829012,97,,,1,101,,829013,97,,,1,94,,829014,97,,,1,98,,829015,97,,,1,98,,829016,97,,,1,100,,829017,97,,,1,99,,829018,97,,,1,100,,829019,97,,,1,100,,829021,97,,,1
8401,'20260711',711,,853029,97,,,1,100,,853044,97,,,1,100,,853030,97,,,1,102,,853043,97,,,1,100,,853031,97,,,1,100,,853038,97,,,1,100,,853039,97,,,1,101,,853040,97,,,1,100,,853041,97,,,1,100,,853042,97,,,1,99,,853033,97,,,1,99,,853032,97,,,1,100,,853034,97,,,1,99,,853037,97,,,1,99,,853036,97,,,1,100,,853035,97,,,1,100,,853045,97,,,1,100,,853046,97,,,1
8401,'20260712',711,,853059,97,,,1,100,,853063,97,,,1,100,,853062,97,,,1,102,,853060,97,,,1,100,,853047,97,,,1,100,,853053,97,,,1,100,,853048,97,,,1,101,,853054,97,,,1,100,,853049,97,,,1,100,,853055,97,,,1,99,,853050,97,,,1,99,,853056,97,,,1,100,,853051,97,,,1,99,,853057,97,,,1,99,,853052,97,,,1,100,,853058,97,,,1,100,,853061,97,,,1,100,,853064,97,,,1
8401,'20260713',716,,853065,97,,,1,101,,853066,97,,,1,97,,853067,97,,,1,99,,853068,97,,,1,100,,853069,97,,,1,101,,853070,97,,,1,100,,853071,97,,,1,100,,853072,97,,,1,102,,853073,97,,,1,104,,853074,97,,,1,101,,853075,97,,,1,94,,853076,97,,,1,98,,853077,97,,,1,98,,853078,97,,,1,100,,853079,97,,,1,99,,853080,97,,,1,100,,853081,97,,,1,100,,853083,97,,,1
8401,'20260714',716,,853086,97,,,1,101,,853087,97,,,1,97,,853088,97,,,1,99,,853089,97,,,1,100,,853090,97,,,1,101,,853091,97,,,1,100,,853092,97,,,1,100,,853093,97,,,1,102,,853094,97,,,1,104,,853095,97,,,1,101,,853096,97,,,1,94,,853097,97,,,1,98,,853098,97,,,1,98,,853099,97,,,1,100,,853100,97,,,1,99,,853101,97,,,1,100,,853102,97,,,1,100,,853104,97,,,1
8401,'20260715',716,,879522,97,,,1,101,,879523,97,,,1,97,,879524,97,,,1,99,,879525,97,,,1,100,,879526,97,,,1,101,,879527,97,,,1,100,,879528,97,,,1,100,,879529,97,,,1,102,,879530,97,,,1,104,,879531,97,,,1,101,,879532,97,,,1,94,,879533,97,,,1,98,,879534,97,,,1,98,,879535,97,,,1,100,,879536,97,,,1,99,,879537,97,,,1,100,,879538,97,,,1,100,,879540,97,,,1
8401,'20260716',716,,879543,97,,,1,101,,879544,97,,,1,97,,879545,97,,,1,99,,879546,97,,,1,100,,879547,97,,,1,101,,879548,97,,,1,100,,879549,97,,,1,100,,879550,97,,,1,102,,879551,97,,,1,104,,879552,97,,,1,101,,879553,97,,,1,94,,879554,97,,,1,98,,879555,97,,,1,98,,879556,97,,,1,100,,879557,97,,,1,99,,879558,97,,,1,100,,879559,97,,,1,100,,879561,97,,,1
8401,'20260717',716,,879564,97,,,1,101,,879565,97,,,1,97,,879566,97,,,1,99,,879567,97,,,1,100,,879568,97,,,1,101,,879569,97,,,1,100,,879570,97,,,1,100,,879571,97,,,1,102,,879572,97,,,1,104,,879573,97,,,1,101,,879574,97,,,1,94,,879575,97,,,1,98,,879576,97,,,1,98,,879577,97,,,1,100,,879578,97,,,1,99,,879579,97,,,1,100,,879580,97,,,1,100,,879582,97,,,1
8401,'20262511',711,,879585,97,,,1,100,,879600,97,,,1,100,,879586,97,,,1,102,,879599,97,,,1,100,,879587,97,,,1,100,,879594,97,,,1,100,,879595,97,,,1,101,,879596,97,,,1,100,,879597,97,,,1,100,,879598,97,,,1,99,,879589,97,,,1,99,,879588,97,,,1,100,,879590,97,,,1,99,,879593,97,,,1,99,,879592,97,,,1,100,,879591,97,,,1,100,,879601,97,,,1,100,,879602,97,,,1
8401,'20262611',711,,879615,97,,,1,100,,879619,97,,,1,100,,879618,97,,,1,102,,879616,97,,,1,100,,879603,97,,,1,100,,879609,97,,,1,100,,879604,97,,,1,101,,879610,97,,,1,100,,879605,97,,,1,100,,879611,97,,,1,99,,879606,97,,,1,99,,879612,97,,,1,100,,879607,97,,,1,99,,879613,97,,,1,99,,879608,97,,,1,100,,879614,97,,,1,100,,879617,97,,,1,100,,879620,97,,,1
8601,'20260703',654,,853249,53,,,0,73,,853250,53,,,0,31,,853251,53,,,0,71,,853252,53,,,0,26,,853253,53,,,0,70,,853254,53,,,0,100,,853255,53,,,0,100,,853256,53,,,0,101,,853257,53,,,0,100,,853258,53,,,0,99,,853259,53,,,0,104,,853260,53,,,0,103,,853261,53,,,0,70,,853262,53,,,0,29,,853263,53,,,0,28,,853264,53,,,0,67,,853265,53,,,0,99,,853266,53,,,0,98,,853267,53,,,0,100,,853268,53,,,0,99,,853269,53,,,0,100,,853270,53,,,0
8601,'20260704',823,,879939,53,,,0,100,,879940,53,,,0,101,,879941,53,,,0,100,,879942,53,,,0,101,,879943,53,,,0,100,,879944,53,,,0,100,,879945,53,,,0,100,,879946,53,,,0,100,,879947,53,,,0,100,,879948,53,,,0,99,,879949,53,,,0,99,,879950,53,,,0,100,,879951,53,,,0,100,,879952,53,,,0,99,,879953,53,,,0,100,,879954,53,,,0
8601,'20260705',823,,879955,53,,,0,100,,879956,53,,,0,101,,879957,53,,,0,100,,879958,53,,,0,101,,879959,53,,,0,100,,879960,53,,,0,100,,879961,53,,,0,100,,879962,53,,,0,100,,879963,53,,,0,100,,879964,53,,,0,99,,879965,53,,,0,99,,879966,53,,,0,100,,879967,53,,,0,100,,879968,53,,,0,99,,879969,53,,,0,100,,879970,53,,,0
8601,'20260706',654,,879971,53,,,0,73,,879972,53,,,0,31,,879973,53,,,0,71,,879974,53,,,0,26,,879975,53,,,0,70,,879976,53,,,0,100,,879977,53,,,0,100,,879978,53,,,0,101,,879979,53,,,0,100,,879980,53,,,0,99,,879981,53,,,0,104,,879982,53,,,0,103,,879983,53,,,0,70,,879984,53,,,0,29,,879985,53,,,0,28,,879986,53,,,0,67,,879987,53,,,0,99,,879988,53,,,0,98,,879989,53,,,0,100,,879990,53,,,0,99,,879991,53,,,0,100,,879992,53,,,0
8601,'20260707',654,,879993,53,,,0,73,,879994,53,,,0,31,,879995,53,,,0,71,,879996,53,,,0,26,,879997,53,,,0,70,,879998,53,,,0,100,,879999,53,,,0,100,,880000,53,,,0,101,,880001,53,,,0,100,,880002,53,,,0,99,,880003,53,,,0,104,,880004,53,,,0,103,,880005,53,,,0,70,,880006,53,,,0,29,,880007,53,,,0,28,,880008,53,,,0,67,,880009,53,,,0,99,,880010,53,,,0,98,,880011,53,,,0,100,,880012,53,,,0,99,,880013,53,,,0,100,,880014,53,,,0
8601,'20260708',654,,880015,53,,,0,73,,880016,53,,,0,31,,880017,53,,,0,71,,880018,53,,,0,26,,880019,53,,,0,70,,880020,53,,,0,100,,880021,53,,,0,100,,880022,53,,,0,101,,880023,53,,,0,100,,880024,53,,,0,99,,880025,53,,,0,104,,880026,53,,,0,103,,880027,53,,,0,70,,880028,53,,,0,29,,880029,53,,,0,28,,880030,53,,,0,67,,880031,53,,,0,99,,880032,53,,,0,98,,880033,53,,,0,100,,880034,53,,,0,99,,880035,53,,,0,100,,880036,53,,,0
8601,'20260709',654,,880037,53,,,0,73,,880038,53,,,0,31,,880039,53,,,0,71,,880040,53,,,0,26,,880041,53,,,0,70,,880042,53,,,0,100,,880043,53,,,0,100,,880044,53,,,0,101,,880045,53,,,0,100,,880046,53,,,0,99,,880047,53,,,0,104,,880048,53,,,0,103,,880049,53,,,0,70,,880050,53,,,0,29,,880051,53,,,0,28,,880052,53,,,0,67,,880053,53,,,0,99,,880054,53,,,0,98,,880055,53,,,0,100,,880056,53,,,0,99,,880057,53,,,0,100,,880058,53,,,0
8601,'20260710',654,,829456,53,,,0,73,,829446,53,,,0,31,,829447,53,,,0,71,,829448,53,,,0,26,,829459,53,,,0,70,,829462,53,,,0,100,,829460,53,,,0,100,,829463,53,,,0,101,,829458,53,,,0,100,,829464,53,,,0,99,,829457,53,,,0,104,,829465,53,,,0,103,,829452,53,,,0,70,,829455,53,,,0,29,,829451,53,,,0,28,,829454,53,,,0,67,,829449,53,,,0,99,,829466,53,,,0,98,,829453,53,,,0,100,,829467,53,,,0,99,,829450,53,,,0,100,,829461,53,,,0
8601,'20260711',823,,853271,53,,,0,100,,853279,53,,,0,101,,853275,53,,,0,100,,853280,53,,,0,101,,853272,53,,,0,100,,853281,53,,,0,100,,853276,53,,,0,100,,853282,53,,,0,100,,853277,53,,,0,100,,853283,53,,,0,99,,853273,53,,,0,99,,853284,53,,,0,100,,853278,53,,,0,100,,853285,53,,,0,99,,853274,53,,,0,100,,853286,53,,,0
8601,'20260712',823,,853290,53,,,0,100,,853295,53,,,0,101,,853291,53,,,0,100,,853296,53,,,0,101,,853287,53,,,0,100,,853297,53,,,0,100,,853292,53,,,0,100,,853298,53,,,0,100,,853293,53,,,0,100,,853299,53,,,0,99,,853288,53,,,0,99,,853300,53,,,0,100,,853294,53,,,0,100,,853301,53,,,0,99,,853289,53,,,0,100,,853302,53,,,0
8601,'20260713',654,,853313,53,,,0,73,,853303,53,,,0,31,,853304,53,,,0,71,,853305,53,,,0,26,,853316,53,,,0,70,,853319,53,,,0,100,,853317,53,,,0,100,,853320,53,,,0,101,,853315,53,,,0,100,,853321,53,,,0,99,,853314,53,,,0,104,,853322,53,,,0,103,,853309,53,,,0,70,,853312,53,,,0,29,,853308,53,,,0,28,,853311,53,,,0,67,,853306,53,,,0,99,,853323,53,,,0,98,,853310,53,,,0,100,,853324,53,,,0,99,,853307,53,,,0,100,,853318,53,,,0
8601,'20260714',654,,853335,53,,,0,73,,853325,53,,,0,31,,853326,53,,,0,71,,853327,53,,,0,26,,853338,53,,,0,70,,853341,53,,,0,100,,853339,53,,,0,100,,853342,53,,,0,101,,853337,53,,,0,100,,853343,53,,,0,99,,853336,53,,,0,104,,853344,53,,,0,103,,853331,53,,,0,70,,853334,53,,,0,29,,853330,53,,,0,28,,853333,53,,,0,67,,853328,53,,,0,99,,853345,53,,,0,98,,853332,53,,,0,100,,853346,53,,,0,99,,853329,53,,,0,100,,853340,53,,,0
8601,'20260715',654,,880069,53,,,0,73,,880059,53,,,0,31,,880060,53,,,0,71,,880061,53,,,0,26,,880072,53,,,0,70,,880075,53,,,0,100,,880073,53,,,0,100,,880076,53,,,0,101,,880071,53,,,0,100,,880077,53,,,0,99,,880070,53,,,0,104,,880078,53,,,0,103,,880065,53,,,0,70,,880068,53,,,0,29,,880064,53,,,0,28,,880067,53,,,0,67,,880062,53,,,0,99,,880079,53,,,0,98,,880066,53,,,0,100,,880080,53,,,0,99,,880063,53,,,0,100,,880074,53,,,0
8601,'20260716',654,,880091,53,,,0,73,,880081,53,,,0,31,,880082,53,,,0,71,,880083,53,,,0,26,,880094,53,,,0,70,,880097,53,,,0,100,,880095,53,,,0,100,,880098,53,,,0,101,,880093,53,,,0,100,,880099,53,,,0,99,,880092,53,,,0,104,,880100,53,,,0,103,,880087,53,,,0,70,,880090,53,,,0,29,,880086,53,,,0,28,,880089,53,,,0,67,,880084,53,,,0,99,,880101,53,,,0,98,,880088,53,,,0,100,,880102,53,,,0,99,,880085,53,,,0,100,,880096,53,,,0
8601,'20260717',654,,880113,53,,,0,73,,880103,53,,,0,31,,880104,53,,,0,71,,880105,53,,,0,26,,880116,53,,,0,70,,880119,53,,,0,100,,880117,53,,,0,100,,880120,53,,,0,101,,880115,53,,,0,100,,880121,53,,,0,99,,880114,53,,,0,104,,880122,53,,,0,103,,880109,53,,,0,70,,880112,53,,,0,29,,880108,53,,,0,28,,880111,53,,,0,67,,880106,53,,,0,99,,880123,53,,,0,98,,880110,53,,,0,100,,880124,53,,,0,99,,880107,53,,,0,100,,880118,53,,,0
8601,'20262511',823,,880125,53,,,0,100,,880133,53,,,0,101,,880129,53,,,0,100,,880134,53,,,0,101,,880126,53,,,0,100,,880135,53,,,0,100,,880130,53,,,0,100,,880136,53,,,0,100,,880131,53,,,0,100,,880137,53,,,0,99,,880127,53,,,0,99,,880138,53,,,0,100,,880132,53,,,0,100,,880139,53,,,0,99,,880128,53,,,0,100,,880140,53,,,0
8601,'20262611',823,,880144,53,,,0,100,,880149,53,,,0,101,,880145,53,,,0,100,,880150,53,,,0,101,,880141,53,,,0,100,,880151,53,,,0,100,,880146,53,,,0,100,,880152,53,,,0,100,,880147,53,,,0,100,,880153,53,,,0,99,,880142,53,,,0,99,,880154,53,,,0,100,,880148,53,,,0,100,,880155,53,,,0,99,,880143,53,,,0,100,,880156,53,,,0
23001,'20260703',637,,854534,18,4,,0,21,,854535,18,4,,0,64,,854536,18,4,,0,25,,854537,18,4,,0,59,,854538,18,4,,0,26,,854539,18,4,,0
23001,'20260706',637,,882814,18,4,,0,21,,882815,18,4,,0,64,,882816,18,4,,0,25,,882817,18,4,,0,59,,882818,18,4,,0,26,,882819,18,4,,0
23001,'20260707',637,,882820,18,4,,0,21,,882821,18,4,,0,64,,882822,18,4,,0,25,,882823,18,4,,0,59,,882824,18,4,,0,26,,882825,18,4,,0
23001,'20260708',637,,882826,18,4,,0,21,,882827,18,4,,0,64,,882828,18,4,,0,25,,882829,18,4,,0,59,,882830,18,4,,0,26,,882831,18,4,,0
23001,'20260709',637,,882832,18,4,,0,21,,882833,18,4,,0,64,,882834,18,4,,0,25,,882835,18,4,,0,59,,882836,18,4,,0,26,,882837,18,4,,0
23001,'20260710',637,,831707,18,4,,0,21,,831705,18,4,,0,64,,831706,18,4,,0,25,,831703,18,4,,0,59,,831708,18,4,,0,26,,831704,18,4,,0
23001,'20260713',637,,854544,18,4,,0,21,,854542,18,4,,0,64,,854543,18,4,,0,25,,854540,18,4,,0,59,,854545,18,4,,0,26,,854541,18,4,,0
23001,'20260714',637,,854550,18,4,,0,21,,854548,18,4,,0,64,,854549,18,4,,0,25,,854546,18,4,,0,59,,854551,18,4,,0,26,,854547,18,4,,0
23001,'20260715',637,,882842,18,4,,0,21,,882840,18,4,,0,64,,882841,18,4,,0,25,,882838,18,4,,0,59,,882843,18,4,,0,26,,882839,18,4,,0
23001,'20260716',637,,882848,18,4,,0,21,,882846,18,4,,0,64,,882847,18,4,,0,25,,882844,18,4,,0,59,,882849,18,4,,0,26,,882845,18,4,,0
23001,'20260717',637,,882854,18,4,,0,21,,882852,18,4,,0,64,,882853,18,4,,0,25,,882850,18,4,,0,59,,882855,18,4,,0,26,,882851,18,4,,0
23901,'20260703',713,,854621,41,4,,0,22,,854622,41,4,,0,86,,854623,41,4,,0,16,,854624,41,4,,0
23901,'20260706',713,,883017,41,4,,0,22,,883018,41,4,,0,86,,883019,41,4,,0,16,,883020,41,4,,0
23901,'20260707',713,,883021,41,4,,0,22,,883022,41,4,,0,86,,883023,41,4,,0,16,,883024,41,4,,0
23901,'20260708',713,,883025,41,4,,0,22,,883026,41,4,,0,86,,883027,41,4,,0,16,,883028,41,4,,0
23901,'20260709',713,,883029,41,4,,0,22,,883030,41,4,,0,86,,883031,41,4,,0,16,,883032,41,4,,0
23901,'20260710',713,,831867,41,4,,0,22,,831868,41,4,,0,86,,831869,41,4,,0,16,,831870,41,4,,0
23901,'20260713',713,,854625,41,4,,0,22,,854626,41,4,,0,86,,854627,41,4,,0,16,,854628,41,4,,0
23901,'20260714',713,,854629,41,4,,0,22,,854630,41,4,,0,86,,854631,41,4,,0,16,,854632,41,4,,0
23901,'20260715',713,,883033,41,4,,0,22,,883034,41,4,,0,86,,883035,41,4,,0,16,,883036,41,4,,0
23901,'20260716',713,,883037,41,4,,0,22,,883038,41,4,,0,86,,883039,41,4,,0,16,,883040,41,4,,0
23901,'20260717',713,,883041,41,4,,0,22,,883042,41,4,,0,86,,883043,41,4,,0,16,,883044,41,4,,0
27001,'20260703',635,,854834,43,4,,0,13,,854835,43,4,,0,52,,854836,43,4,,0,16,,854837,43,4,,0,11,,854838,43,4,,0,25,,854839,43,4,,0,51,,854840,43,4,,0,17,,854841,43,4,,0,16,,854842,43,4,,0
27001,'20260706',635,,883514,43,4,,0,13,,883515,43,4,,0,52,,883516,43,4,,0,16,,883517,43,4,,0,11,,883518,43,4,,0,25,,883519,43,4,,0,51,,883520,43,4,,0,17,,883521,43,4,,0,16,,883522,43,4,,0
27001,'20260707',635,,883523,43,4,,0,13,,883524,43,4,,0,52,,883525,43,4,,0,16,,883526,43,4,,0,11,,883527,43,4,,0,25,,883528,43,4,,0,51,,883529,43,4,,0,17,,883530,43,4,,0,16,,883531,43,4,,0
27001,'20260708',635,,883532,43,4,,0,13,,883533,43,4,,0,52,,883534,43,4,,0,16,,883535,43,4,,0,11,,883536,43,4,,0,25,,883537,43,4,,0,51,,883538,43,4,,0,17,,883539,43,4,,0,16,,883540,43,4,,0
27001,'20260709',635,,883541,43,4,,0,13,,883542,43,4,,0,52,,883543,43,4,,0,16,,883544,43,4,,0,11,,883545,43,4,,0,25,,883546,43,4,,0,51,,883547,43,4,,0,17,,883548,43,4,,0,16,,883549,43,4,,0
27001,'20260710',635,,832318,43,4,,0,13,,832319,43,4,,0,52,,832320,43,4,,0,16,,832321,43,4,,0,11,,832322,43,4,,0,25,,832323,43,4,,0,51,,832324,43,4,,0,17,,832325,43,4,,0,16,,832326,43,4,,0
27001,'20260713',635,,854843,43,4,,0,13,,854844,43,4,,0,52,,854845,43,4,,0,16,,854846,43,4,,0,11,,854847,43,4,,0,25,,854848,43,4,,0,51,,854849,43,4,,0,17,,854850,43,4,,0,16,,854851,43,4,,0
27001,'20260714',635,,854852,43,4,,0,13,,854853,43,4,,0,52,,854854,43,4,,0,16,,854855,43,4,,0,11,,854856,43,4,,0,25,,854857,43,4,,0,51,,854858,43,4,,0,17,,854859,43,4,,0,16,,854860,43,4,,0
27001,'20260715',635,,883550,43,4,,0,13,,883551,43,4,,0,52,,883552,43,4,,0,16,,883553,43,4,,0,11,,883554,43,4,,0,25,,883555,43,4,,0,51,,883556,43,4,,0,17,,883557,43,4,,0,16,,883558,43,4,,0
27001,'20260716',635,,883559,43,4,,0,13,,883560,43,4,,0,52,,883561,43,4,,0,16,,883562,43,4,,0,11,,883563,43,4,,0,25,,883564,43,4,,0,51,,883565,43,4,,0,17,,883566,43,4,,0,16,,883567,43,4,,0
27001,'20260717',635,,883568,43,4,,0,13,,883569,43,4,,0,52,,883570,43,4,,0,16,,883571,43,4,,0,11,,883572,43,4,,0,25,,883573,43,4,,0,51,,883574,43,4,,0,17,,883575,43,4,,0,16,,883576,43,4,,0
27201,'20260703',655,,854873,50,4,,0,65,,854874,50,4,,0,81,,854875,50,4,,0,27,,854876,50,4,,0
27201,'20260706',655,,883605,50,4,,0,65,,883606,50,4,,0,81,,883607,50,4,,0,27,,883608,50,4,,0
27201,'20260707',655,,883609,50,4,,0,65,,883610,50,4,,0,81,,883611,50,4,,0,27,,883612,50,4,,0
27201,'20260708',655,,883613,50,4,,0,65,,883614,50,4,,0,81,,883615,50,4,,0,27,,883616,50,4,,0
27201,'20260709',655,,883617,50,4,,0,65,,883618,50,4,,0,81,,883619,50,4,,0,27,,883620,50,4,,0
27201,'20260710',655,,832374,50,4,,0,65,,832371,50,4,,0,81,,832373,50,4,,0,27,,832372,50,4,,0
27201,'20260713',655,,854880,50,4,,0,65,,854877,50,4,,0,81,,854879,50,4,,0,27,,854878,50,4,,0
27201,'20260714',655,,854884,50,4,,0,65,,854881,50,4,,0,81,,854883,50,4,,0,27,,854882,50,4,,0
27201,'20260715',655,,883624,50,4,,0,65,,883621,50,4,,0,81,,883623,50,4,,0,27,,883622,50,4,,0
27201,'20260716',655,,883628,50,4,,0,65,,883625,50,4,,0,81,,883627,50,4,,0,27,,883626,50,4,,0
27201,'20260717',655,,883632,50,4,,0,65,,883629,50,4,,0,81,,883631,50,4,,0,27,,883630,50,4,,0
27301,'20260703',655,,854897,51,4,,0,66,,854898,51,4,,0,85,,854899,51,4,,0,31,,854900,51,4,,0
27301,'20260706',655,,883661,51,4,,0,66,,883662,51,4,,0,85,,883663,51,4,,0,31,,883664,51,4,,0
27301,'20260707',655,,883665,51,4,,0,66,,883666,51,4,,0,85,,883667,51,4,,0,31,,883668,51,4,,0
27301,'20260708',655,,883669,51,4,,0,66,,883670,51,4,,0,85,,883671,51,4,,0,31,,883672,51,4,,0
27301,'20260709',655,,883673,51,4,,0,66,,883674,51,4,,0,85,,883675,51,4,,0,31,,883676,51,4,,0
27301,'20260710',655,,832419,51,4,,0,66,,832420,51,4,,0,85,,832421,51,4,,0,31,,832422,51,4,,0
27301,'20260713',655,,854901,51,4,,0,66,,854902,51,4,,0,85,,854903,51,4,,0,31,,854904,51,4,,0
27301,'20260714',655,,854905,51,4,,0,66,,854906,51,4,,0,85,,854907,51,4,,0,31,,854908,51,4,,0
27301,'20260715',655,,883677,51,4,,0,66,,883678,51,4,,0,85,,883679,51,4,,0,31,,883680,51,4,,0
27301,'20260716',655,,883681,51,4,,0,66,,883682,51,4,,0,85,,883683,51,4,,0,31,,883684,51,4,,0
27301,'20260717',655,,883685,51,4,,0,66,,883686,51,4,,0,85,,883687,51,4,,0,31,,883688,51,4,,0
27401,'20260703',701,,854924,37,4,,0,28,,854925,37,4,,0,30,,854926,37,4,,0,47,,854927,37,4,,0,33,,854928,37,4,,0
27401,'20260706',701,,883724,37,4,,0,28,,883725,37,4,,0,30,,883726,37,4,,0,47,,883727,37,4,,0,33,,883728,37,4,,0
27401,'20260707',701,,883729,37,4,,0,28,,883730,37,4,,0,30,,883731,37,4,,0,47,,883732,37,4,,0,33,,883733,37,4,,0
27401,'20260708',701,,883734,37,4,,0,28,,883735,37,4,,0,30,,883736,37,4,,0,47,,883737,37,4,,0,33,,883738,37,4,,0
27401,'20260709',701,,883739,37,4,,0,28,,883740,37,4,,0,30,,883741,37,4,,0,47,,883742,37,4,,0,33,,883743,37,4,,0
27401,'20260710',701,,832478,37,4,,0,28,,832479,37,4,,0,30,,832480,37,4,,0,47,,832482,37,4,,0,33,,832481,37,4,,0
27401,'20260713',701,,854929,37,4,,0,28,,854930,37,4,,0,30,,854931,37,4,,0,47,,854933,37,4,,0,33,,854932,37,4,,0
27401,'20260714',701,,854934,37,4,,0,28,,854935,37,4,,0,30,,854936,37,4,,0,47,,854938,37,4,,0,33,,854937,37,4,,0
27401,'20260715',701,,883744,37,4,,0,28,,883745,37,4,,0,30,,883746,37,4,,0,47,,883748,37,4,,0,33,,883747,37,4,,0
27401,'20260716',701,,883749,37,4,,0,28,,883750,37,4,,0,30,,883751,37,4,,0,47,,883753,37,4,,0,33,,883752,37,4,,0
27401,'20260717',701,,883754,37,4,,0,28,,883755,37,4,,0,30,,883756,37,4,,0,47,,883758,37,4,,0,33,,883757,37,4,,0
27901,'20260703',655,,854951,39,4,,0,85,,854952,39,4,,0,77,,854953,39,4,,0,23,,854954,39,4,,0
27901,'20260706',655,,883787,39,4,,0,85,,883788,39,4,,0,77,,883789,39,4,,0,23,,883790,39,4,,0
27901,'20260707',655,,883791,39,4,,0,85,,883792,39,4,,0,77,,883793,39,4,,0,23,,883794,39,4,,0
27901,'20260708',655,,883795,39,4,,0,85,,883796,39,4,,0,77,,883797,39,4,,0,23,,883798,39,4,,0
27901,'20260709',655,,883799,39,4,,0,85,,883800,39,4,,0,77,,883801,39,4,,0,23,,883802,39,4,,0
27901,'20260710',655,,832530,39,4,,0,85,,832528,39,4,,0,77,,832529,39,4,,0,23,,832527,39,4,,0
27901,'20260713',655,,854958,39,4,,0,85,,854956,39,4,,0,77,,854957,39,4,,0,23,,854955,39,4,,0
27901,'20260714',655,,854962,39,4,,0,85,,854960,39,4,,0,77,,854961,39,4,,0,23,,854959,39,4,,0
27901,'20260715',655,,883806,39,4,,0,85,,883804,39,4,,0,77,,883805,39,4,,0,23,,883803,39,4,,0
27901,'20260716',655,,883810,39,4,,0,85,,883808,39,4,,0,77,,883809,39,4,,0,23,,883807,39,4,,0
27901,'20260717',655,,883814,39,4,,0,85,,883812,39,4,,0,77,,883813,39,4,,0,23,,883811,39,4,,0
28001,'20260703',655,,854981,42,4,,0,76,,854982,42,4,,0,25,,854983,42,4,,0,57,,854984,42,4,,0,14,,854985,42,4,,0,8,,854986,42,4,,0
28001,'20260706',655,,883857,42,4,,0,76,,883858,42,4,,0,25,,883859,42,4,,0,57,,883860,42,4,,0,14,,883861,42,4,,0,8,,883862,42,4,,0
28001,'20260707',655,,883863,42,4,,0,76,,883864,42,4,,0,25,,883865,42,4,,0,57,,883866,42,4,,0,14,,883867,42,4,,0,8,,883868,42,4,,0
28001,'20260708',655,,883869,42,4,,0,76,,883870,42,4,,0,25,,883871,42,4,,0,57,,883872,42,4,,0,14,,883873,42,4,,0,8,,883874,42,4,,0
28001,'20260709',655,,883875,42,4,,0,76,,883876,42,4,,0,25,,883877,42,4,,0,57,,883878,42,4,,0,14,,883879,42,4,,0,8,,883880,42,4,,0
28001,'20260710',655,,832597,42,4,,0,76,,832598,42,4,,0,25,,832599,42,4,,0,57,,832602,42,4,,0,14,,832600,42,4,,0,8,,832601,42,4,,0
28001,'20260713',655,,854987,42,4,,0,76,,854988,42,4,,0,25,,854989,42,4,,0,57,,854992,42,4,,0,14,,854990,42,4,,0,8,,854991,42,4,,0
28001,'20260714',655,,854993,42,4,,0,76,,854994,42,4,,0,25,,854995,42,4,,0,57,,854998,42,4,,0,14,,854996,42,4,,0,8,,854997,42,4,,0
28001,'20260715',655,,883881,42,4,,0,76,,883882,42,4,,0,25,,883883,42,4,,0,57,,883886,42,4,,0,14,,883884,42,4,,0,8,,883885,42,4,,0
28001,'20260716',655,,883887,42,4,,0,76,,883888,42,4,,0,25,,883889,42,4,,0,57,,883892,42,4,,0,14,,883890,42,4,,0,8,,883891,42,4,,0
28001,'20260717',655,,883893,42,4,,0,76,,883894,42,4,,0,25,,883895,42,4,,0,57,,883898,42,4,,0,14,,883896,42,4,,0,8,,883897,42,4,,0
28101,'20260703',701,,855014,37,4,,0,27,,855015,37,4,,0,76,,855016,37,4,,0,15,,855017,37,4,,0,17,,855018,37,4,,0
28101,'20260706',701,,883934,37,4,,0,27,,883935,37,4,,0,76,,883936,37,4,,0,15,,883937,37,4,,0,17,,883938,37,4,,0
28101,'20260707',701,,883939,37,4,,0,27,,883940,37,4,,0,76,,883941,37,4,,0,15,,883942,37,4,,0,17,,883943,37,4,,0
28101,'20260708',701,,883944,37,4,,0,27,,883945,37,4,,0,76,,883946,37,4,,0,15,,883947,37,4,,0,17,,883948,37,4,,0
28101,'20260709',701,,883949,37,4,,0,27,,883950,37,4,,0,76,,883951,37,4,,0,15,,883952,37,4,,0,17,,883953,37,4,,0
28101,'20260710',701,,832662,37,4,,0,27,,832661,37,4,,0,76,,832658,37,4,,0,15,,832659,37,4,,0,17,,832660,37,4,,0
28101,'20260713',701,,855023,37,4,,0,27,,855022,37,4,,0,76,,855019,37,4,,0,15,,855020,37,4,,0,17,,855021,37,4,,0
28101,'20260714',701,,855028,37,4,,0,27,,855027,37,4,,0,76,,855024,37,4,,0,15,,855025,37,4,,0,17,,855026,37,4,,0
28101,'20260715',701,,883958,37,4,,0,27,,883957,37,4,,0,76,,883954,37,4,,0,15,,883955,37,4,,0,17,,883956,37,4,,0
28101,'20260716',701,,883963,37,4,,0,27,,883962,37,4,,0,76,,883959,37,4,,0,15,,883960,37,4,,0,17,,883961,37,4,,0
28101,'20260717',701,,883968,37,4,,0,27,,883967,37,4,,0,76,,883964,37,4,,0,15,,883965,37,4,,0,17,,883966,37,4,,0
28201,'20260703',635,,855044,56,4,,0,22,,855045,56,4,,0,77,,855046,56,4,,0,25,,855047,56,4,,0,75,,855048,56,4,,0
28201,'20260706',635,,884004,56,4,,0,22,,884005,56,4,,0,77,,884006,56,4,,0,25,,884007,56,4,,0,75,,884008,56,4,,0
28201,'20260707',635,,884009,56,4,,0,22,,884010,56,4,,0,77,,884011,56,4,,0,25,,884012,56,4,,0,75,,884013,56,4,,0
28201,'20260708',635,,884014,56,4,,0,22,,884015,56,4,,0,77,,884016,56,4,,0,25,,884017,56,4,,0,75,,884018,56,4,,0
28201,'20260709',635,,884019,56,4,,0,22,,884020,56,4,,0,77,,884021,56,4,,0,25,,884022,56,4,,0,75,,884023,56,4,,0
28201,'20260710',635,,832718,56,4,,0,22,,832721,56,4,,0,77,,832722,56,4,,0,25,,832719,56,4,,0,75,,832720,56,4,,0
28201,'20260713',635,,855049,56,4,,0,22,,855052,56,4,,0,77,,855053,56,4,,0,25,,855050,56,4,,0,75,,855051,56,4,,0
28201,'20260714',635,,855054,56,4,,0,22,,855057,56,4,,0,77,,855058,56,4,,0,25,,855055,56,4,,0,75,,855056,56,4,,0
28201,'20260715',635,,884024,56,4,,0,22,,884027,56,4,,0,77,,884028,56,4,,0,25,,884025,56,4,,0,75,,884026,56,4,,0
28201,'20260716',635,,884029,56,4,,0,22,,884032,56,4,,0,77,,884033,56,4,,0,25,,884030,56,4,,0,75,,884031,56,4,,0
28201,'20260717',635,,884034,56,4,,0,22,,884037,56,4,,0,77,,884038,56,4,,0,25,,884035,56,4,,0,75,,884036,56,4,,0
28401,'20260703',703,,855092,70,4,,0,31,,855093,70,4,,0,68,,855094,70,4,,0,18,,855095,70,4,,0,19,,855096,70,4,,0
28401,'20260706',703,,884116,70,4,,0,31,,884117,70,4,,0,68,,884118,70,4,,0,18,,884119,70,4,,0,19,,884120,70,4,,0
28401,'20260707',703,,884121,70,4,,0,31,,884122,70,4,,0,68,,884123,70,4,,0,18,,884124,70,4,,0,19,,884125,70,4,,0
28401,'20260708',703,,884126,70,4,,0,31,,884127,70,4,,0,68,,884128,70,4,,0,18,,884129,70,4,,0,19,,884130,70,4,,0
28401,'20260709',703,,884131,70,4,,0,31,,884132,70,4,,0,68,,884133,70,4,,0,18,,884134,70,4,,0,19,,884135,70,4,,0
28401,'20260710',703,,832817,70,4,,0,31,,832814,70,4,,0,68,,832818,70,4,,0,18,,832815,70,4,,0,19,,832816,70,4,,0
28401,'20260713',703,,855100,70,4,,0,31,,855097,70,4,,0,68,,855101,70,4,,0,18,,855098,70,4,,0,19,,855099,70,4,,0
28401,'20260714',703,,855105,70,4,,0,31,,855102,70,4,,0,68,,855106,70,4,,0,18,,855103,70,4,,0,19,,855104,70,4,,0
28401,'20260715',703,,884139,70,4,,0,31,,884136,70,4,,0,68,,884140,70,4,,0,18,,884137,70,4,,0,19,,884138,70,4,,0
28401,'20260716',703,,884144,70,4,,0,31,,884141,70,4,,0,68,,884145,70,4,,0,18,,884142,70,4,,0,19,,884143,70,4,,0
28401,'20260717',703,,884149,70,4,,0,31,,884146,70,4,,0,68,,884150,70,4,,0,18,,884147,70,4,,0,19,,884148,70,4,,0
28901,'20260703',703,,855122,32,4,,0,29,,855123,32,4,,0,21,,855124,32,4,,0,54,,855125,32,4,,0,26,,855126,32,4,,0
28901,'20260706',703,,884186,32,4,,0,29,,884187,32,4,,0,21,,884188,32,4,,0,54,,884189,32,4,,0,26,,884190,32,4,,0
28901,'20260707',703,,884191,32,4,,0,29,,884192,32,4,,0,21,,884193,32,4,,0,54,,884194,32,4,,0,26,,884195,32,4,,0
28901,'20260708',703,,884196,32,4,,0,29,,884197,32,4,,0,21,,884198,32,4,,0,54,,884199,32,4,,0,26,,884200,32,4,,0
28901,'20260709',703,,884201,32,4,,0,29,,884202,32,4,,0,21,,884203,32,4,,0,54,,884204,32,4,,0,26,,884205,32,4,,0
28901,'20260710',703,,832875,32,4,,0,29,,832874,32,4,,0,21,,832876,32,4,,0,54,,832878,32,4,,0,26,,832877,32,4,,0
28901,'20260713',703,,855128,32,4,,0,29,,855127,32,4,,0,21,,855129,32,4,,0,54,,855131,32,4,,0,26,,855130,32,4,,0
28901,'20260714',703,,855133,32,4,,0,29,,855132,32,4,,0,21,,855134,32,4,,0,54,,855136,32,4,,0,26,,855135,32,4,,0
28901,'20260715',703,,884207,32,4,,0,29,,884206,32,4,,0,21,,884208,32,4,,0,54,,884210,32,4,,0,26,,884209,32,4,,0
28901,'20260716',703,,884212,32,4,,0,29,,884211,32,4,,0,21,,884213,32,4,,0,54,,884215,32,4,,0,26,,884214,32,4,,0
28901,'20260717',703,,884217,32,4,,0,29,,884216,32,4,,0,21,,884218,32,4,,0,54,,884220,32,4,,0,26,,884219,32,4,,0
80103,'20260703',537,,856930,29,,,1,14,,856931,29,,,1,53,,856932,29,,,1,10,,856933,29,,,1,10,,856934,29,,,1,10,,856935,29,,,1,9,,856936,29,,,1,9,,856937,29,,,1,48,,856938,29,,,1,11,,856939,29,,,1,9,,856940,29,,,1,8,,856941,29,,,1,11,,856942,29,,,1,9,,856943,29,,,1,10,,856944,29,,,1,49,,856945,29,,,1,8,,856946,29,,,1,9,,856947,29,,,1,9,,856948,29,,,1,9,,856949,29,,,1,9,,856950,29,,,1,50,,856951,29,,,1,12,,856952,29,,,1,15,,856953,29,,,1,15,,856954,29,,,1,14,,856955,29,,,1,55,,856956,29,,,1,16,,856957,29,,,1,14,,856958,29,,,1,17,,856959,29,,,1,54,,856960,29,,,1,16,,856961,29,,,1,15,,856962,29,,,1,15,,856963,29,,,1,55,,856964,29,,,1,15,,856965,29,,,1,15,,856966,29,,,1,15,,856967,29,,,1,55,,856968,29,,,1,15,,856969,29,,,1,13,,856970,29,,,1,11,,856971,29,,,1,53,,856972,29,,,1,14,,856973,29,,,1,13,,856974,29,,,1,13,,856975,29,,,1,12,,856976,29,,,1,52,,856977,29,,,1,9,,856978,29,,,1,9,,856979,29,,,1,10,,856980,29,,,1,9,,856981,29,,,1,8,,856982,29,,,1,49,,856983,29,,,1,9,,856984,29,,,1,9,,856985,29,,,1,9,,856986,29,,,1,9,,856987,29,,,1,9,,856988,29,,,1,9,,856989,29,,,1,50,,856990,29,,,1,10,,856991,29,,,1,10,,856992,29,,,1,10,,856993,29,,,1,10,,856994,29,,,1,11,,856995,29,,,1,52,,856996,29,,,1,15,,856997,29,,,1,15,,856998,29,,,1,15,,856999,29,,,1,55,,857000,29,,,1,15,,857001,29,,,1,16,,857002,29,,,1,14,,857003,29,,,1,55,,857004,29,,,1,15,,857005,29,,,1,15,,857006,29,,,1,14,,857007,29,,,1,54,,857008,29,,,1,15,,857009,29,,,1,15,,857010,29,,,1,15,,857011,29,,,1,55,,857012,29,,,1,15,,857013,29,,,1,15,,857014,29,,,1,15,,857015,29,,,1,53,,857016,29,,,1,15,,857017,29,,,1,14,,857018,29,,,1,15,,857019,29,,,1,55,,857020,29,,,1,15,,857021,29,,,1,15,,857022,29,,,1,15,,857023,29,,,1,55,,857024,29,,,1
80103,'20260704',603,,888708,29,,,1,16,,888709,29,,,1,15,,888710,29,,,1,16,,888711,29,,,1,55,,888712,29,,,1,15,,888713,29,,,1,16,,888714,29,,,1,14,,888715,29,,,1,55,,888716,29,,,1,15,,888717,29,,,1,15,,888718,29,,,1,15,,888719,29,,,1,56,,888720,29,,,1,16,,888721,29,,,1,15,,888722,29,,,1,16,,888723,29,,,1,55,,888724,29,,,1,15,,888725,29,,,1,15,,888726,29,,,1,16,,888727,29,,,1,56,,888728,29,,,1,15,,888729,29,,,1,15,,888730,29,,,1,15,,888731,29,,,1,56,,888732,29,,,1,16,,888733,29,,,1,15,,888734,29,,,1,15,,888735,29,,,1,56,,888736,29,,,1,15,,888737,29,,,1,16,,888738,29,,,1,15,,888739,29,,,1,54,,888740,29,,,1,15,,888741,29,,,1,15,,888742,29,,,1,15,,888743,29,,,1,55,,888744,29,,,1,15,,888745,29,,,1,15,,888746,29,,,1,15,,888747,29,,,1,54,,888748,29,,,1,15,,888749,29,,,1,15,,888750,29,,,1,16,,888751,29,,,1,55,,888752,29,,,1,15,,888753,29,,,1,15,,888754,29,,,1,14,,888755,29,,,1,56,,888756,29,,,1,13,,888757,29,,,1,15,,888758,29,,,1,15,,888759,29,,,1,55,,888760,29,,,1,15,,888761,29,,,1,15,,888762,29,,,1,15,,888763,29,,,1,53,,888764,29,,,1,14,,888765,29,,,1,14,,888766,29,,,1,13,,888767,29,,,1,54,,888768,29,,,1,15,,888769,29,,,1,15,,888770,29,,,1,15,,888771,29,,,1,55,,888772,29,,,1,15,,888773,29,,,1,15,,888774,29,,,1,14,,888775,29,,,1,55,,888776,29,,,1,14,,888777,29,,,1,15,,888778,29,,,1,15,,888779,29,,,1,55,,888780,29,,,1,15,,888781,29,,,1,15,,888782,29,,,1,15,,888783,29,,,1,55,,888784,29,,,1
80103,'20260705',603,,888785,29,,,1,16,,888786,29,,,1,15,,888787,29,,,1,16,,888788,29,,,1,55,,888789,29,,,1,15,,888790,29,,,1,16,,888791,29,,,1,14,,888792,29,,,1,55,,888793,29,,,1,15,,888794,29,,,1,15,,888795,29,,,1,15,,888796,29,,,1,56,,888797,29,,,1,16,,888798,29,,,1,15,,888799,29,,,1,16,,888800,29,,,1,55,,888801,29,,,1,15,,888802,29,,,1,15,,888803,29,,,1,16,,888804,29,,,1,56,,888805,29,,,1,15,,888806,29,,,1,15,,888807,29,,,1,15,,888808,29,,,1,56,,888809,29,,,1,16,,888810,29,,,1,15,,888811,29,,,1,15,,888812,29,,,1,56,,888813,29,,,1,15,,888814,29,,,1,16,,888815,29,,,1,15,,888816,29,,,1,54,,888817,29,,,1,15,,888818,29,,,1,15,,888819,29,,,1,15,,888820,29,,,1,55,,888821,29,,,1,15,,888822,29,,,1,15,,888823,29,,,1,15,,888824,29,,,1,54,,888825,29,,,1,15,,888826,29,,,1,15,,888827,29,,,1,16,,888828,29,,,1,55,,888829,29,,,1,15,,888830,29,,,1,15,,888831,29,,,1,14,,888832,29,,,1,56,,888833,29,,,1,13,,888834,29,,,1,15,,888835,29,,,1,15,,888836,29,,,1,55,,888837,29,,,1,15,,888838,29,,,1,15,,888839,29,,,1,15,,888840,29,,,1,53,,888841,29,,,1,14,,888842,29,,,1,14,,888843,29,,,1,13,,888844,29,,,1,54,,888845,29,,,1,15,,888846,29,,,1,15,,888847,29,,,1,15,,888848,29,,,1,55,,888849,29,,,1,15,,888850,29,,,1,15,,888851,29,,,1,14,,888852,29,,,1,55,,888853,29,,,1,14,,888854,29,,,1,15,,888855,29,,,1,15,,888856,29,,,1,55,,888857,29,,,1,15,,888858,29,,,1,15,,888859,29,,,1,15,,888860,29,,,1,55,,888861,29,,,1
80103,'20260706',537,,888862,29,,,1,14,,888863,29,,,1,53,,888864,29,,,1,10,,888865,29,,,1,10,,888866,29,,,1,10,,888867,29,,,1,9,,888868,29,,,1,9,,888869,29,,,1,48,,888870,29,,,1,11,,888871,29,,,1,9,,888872,29,,,1,8,,888873,29,,,1,11,,888874,29,,,1,9,,888875,29,,,1,10,,888876,29,,,1,49,,888877,29,,,1,8,,888878,29,,,1,9,,888879,29,,,1,9,,888880,29,,,1,9,,888881,29,,,1,9,,888882,29,,,1,50,,888883,29,,,1,12,,888884,29,,,1,15,,888885,29,,,1,15,,888886,29,,,1,14,,888887,29,,,1,55,,888888,29,,,1,16,,888889,29,,,1,14,,888890,29,,,1,17,,888891,29,,,1,54,,888892,29,,,1,16,,888893,29,,,1,15,,888894,29,,,1,15,,888895,29,,,1,55,,888896,29,,,1,15,,888897,29,,,1,15,,888898,29,,,1,15,,888899,29,,,1,55,,888900,29,,,1,15,,888901,29,,,1,13,,888902,29,,,1,11,,888903,29,,,1,53,,888904,29,,,1,14,,888905,29,,,1,13,,888906,29,,,1,13,,888907,29,,,1,12,,888908,29,,,1,52,,888909,29,,,1,9,,888910,29,,,1,9,,888911,29,,,1,10,,888912,29,,,1,9,,888913,29,,,1,8,,888914,29,,,1,49,,888915,29,,,1,9,,888916,29,,,1,9,,888917,29,,,1,9,,888918,29,,,1,9,,888919,29,,,1,9,,888920,29,,,1,9,,888921,29,,,1,50,,888922,29,,,1,10,,888923,29,,,1,10,,888924,29,,,1,10,,888925,29,,,1,10,,888926,29,,,1,11,,888927,29,,,1,52,,888928,29,,,1,15,,888929,29,,,1,15,,888930,29,,,1,15,,888931,29,,,1,55,,888932,29,,,1,15,,888933,29,,,1,16,,888934,29,,,1,14,,888935,29,,,1,55,,888936,29,,,1,15,,888937,29,,,1,15,,888938,29,,,1,14,,888939,29,,,1,54,,888940,29,,,1,15,,888941,29,,,1,15,,888942,29,,,1,15,,888943,29,,,1,55,,888944,29,,,1,15,,888945,29,,,1,15,,888946,29,,,1,15,,888947,29,,,1,53,,888948,29,,,1,15,,888949,29,,,1,14,,888950,29,,,1,15,,888951,29,,,1,55,,888952,29,,,1,15,,888953,29,,,1,15,,888954,29,,,1,15,,888955,29,,,1,55,,888956,29,,,1
80103,'20260707',537,,888957,29,,,1,14,,888958,29,,,1,53,,888959,29,,,1,10,,888960,29,,,1,10,,888961,29,,,1,10,,888962,29,,,1,9,,888963,29,,,1,9,,888964,29,,,1,48,,888965,29,,,1,11,,888966,29,,,1,9,,888967,29,,,1,8,,888968,29,,,1,11,,888969,29,,,1,9,,888970,29,,,1,10,,888971,29,,,1,49,,888972,29,,,1,8,,888973,29,,,1,9,,888974,29,,,1,9,,888975,29,,,1,9,,888976,29,,,1,9,,888977,29,,,1,50,,888978,29,,,1,12,,888979,29,,,1,15,,888980,29,,,1,15,,888981,29,,,1,14,,888982,29,,,1,55,,888983,29,,,1,16,,888984,29,,,1,14,,888985,29,,,1,17,,888986,29,,,1,54,,888987,29,,,1,16,,888988,29,,,1,15,,888989,29,,,1,15,,888990,29,,,1,55,,888991,29,,,1,15,,888992,29,,,1,15,,888993,29,,,1,15,,888994,29,,,1,55,,888995,29,,,1,15,,888996,29,,,1,13,,888997,29,,,1,11,,888998,29,,,1,53,,888999,29,,,1,14,,889000,29,,,1,13,,889001,29,,,1,13,,889002,29,,,1,12,,889003,29,,,1,52,,889004,29,,,1,9,,889005,29,,,1,9,,889006,29,,,1,10,,889007,29,,,1,9,,889008,29,,,1,8,,889009,29,,,1,49,,889010,29,,,1,9,,889011,29,,,1,9,,889012,29,,,1,9,,889013,29,,,1,9,,889014,29,,,1,9,,889015,29,,,1,9,,889016,29,,,1,50,,889017,29,,,1,10,,889018,29,,,1,10,,889019,29,,,1,10,,889020,29,,,1,10,,889021,29,,,1,11,,889022,29,,,1,52,,889023,29,,,1,15,,889024,29,,,1,15,,889025,29,,,1,15,,889026,29,,,1,55,,889027,29,,,1,15,,889028,29,,,1,16,,889029,29,,,1,14,,889030,29,,,1,55,,889031,29,,,1,15,,889032,29,,,1,15,,889033,29,,,1,14,,889034,29,,,1,54,,889035,29,,,1,15,,889036,29,,,1,15,,889037,29,,,1,15,,889038,29,,,1,55,,889039,29,,,1,15,,889040,29,,,1,15,,889041,29,,,1,15,,889042,29,,,1,53,,889043,29,,,1,15,,889044,29,,,1,14,,889045,29,,,1,15,,889046,29,,,1,55,,889047,29,,,1,15,,889048,29,,,1,15,,889049,29,,,1,15,,889050,29,,,1,55,,889051,29,,,1
80103,'20260708',537,,889052,29,,,1,14,,889053,29,,,1,53,,889054,29,,,1,10,,889055,29,,,1,10,,889056,29,,,1,10,,889057,29,,,1,9,,889058,29,,,1,9,,889059,29,,,1,48,,889060,29,,,1,11,,889061,29,,,1,9,,889062,29,,,1,8,,889063,29,,,1,11,,889064,29,,,1,9,,889065,29,,,1,10,,889066,29,,,1,49,,889067,29,,,1,8,,889068,29,,,1,9,,889069,29,,,1,9,,889070,29,,,1,9,,889071,29,,,1,9,,889072,29,,,1,50,,889073,29,,,1,12,,889074,29,,,1,15,,889075,29,,,1,15,,889076,29,,,1,14,,889077,29,,,1,55,,889078,29,,,1,16,,889079,29,,,1,14,,889080,29,,,1,17,,889081,29,,,1,54,,889082,29,,,1,16,,889083,29,,,1,15,,889084,29,,,1,15,,889085,29,,,1,55,,889086,29,,,1,15,,889087,29,,,1,15,,889088,29,,,1,15,,889089,29,,,1,55,,889090,29,,,1,15,,889091,29,,,1,13,,889092,29,,,1,11,,889093,29,,,1,53,,889094,29,,,1,14,,889095,29,,,1,13,,889096,29,,,1,13,,889097,29,,,1,12,,889098,29,,,1,52,,889099,29,,,1,9,,889100,29,,,1,9,,889101,29,,,1,10,,889102,29,,,1,9,,889103,29,,,1,8,,889104,29,,,1,49,,889105,29,,,1,9,,889106,29,,,1,9,,889107,29,,,1,9,,889108,29,,,1,9,,889109,29,,,1,9,,889110,29,,,1,9,,889111,29,,,1,50,,889112,29,,,1,10,,889113,29,,,1,10,,889114,29,,,1,10,,889115,29,,,1,10,,889116,29,,,1,11,,889117,29,,,1,52,,889118,29,,,1,15,,889119,29,,,1,15,,889120,29,,,1,15,,889121,29,,,1,55,,889122,29,,,1,15,,889123,29,,,1,16,,889124,29,,,1,14,,889125,29,,,1,55,,889126,29,,,1,15,,889127,29,,,1,15,,889128,29,,,1,14,,889129,29,,,1,54,,889130,29,,,1,15,,889131,29,,,1,15,,889132,29,,,1,15,,889133,29,,,1,55,,889134,29,,,1,15,,889135,29,,,1,15,,889136,29,,,1,15,,889137,29,,,1,53,,889138,29,,,1,15,,889139,29,,,1,14,,889140,29,,,1,15,,889141,29,,,1,55,,889142,29,,,1,15,,889143,29,,,1,15,,889144,29,,,1,15,,889145,29,,,1,55,,889146,29,,,1
80103,'20260709',537,,889160,29,,,1,14,,889161,29,,,1,53,,889162,29,,,1,10,,889163,29,,,1,10,,889164,29,,,1,10,,889165,29,,,1,9,,889166,29,,,1,9,,889167,29,,,1,48,,889168,29,,,1,11,,889169,29,,,1,9,,889170,29,,,1,8,,889171,29,,,1,11,,889172,29,,,1,9,,889173,29,,,1,10,,889174,29,,,1,49,,889175,29,,,1,8,,889176,29,,,1,9,,889177,29,,,1,9,,889178,29,,,1,9,,889179,29,,,1,9,,889180,29,,,1,50,,889181,29,,,1,12,,889182,29,,,1,15,,889183,29,,,1,15,,889184,29,,,1,14,,889185,29,,,1,55,,889186,29,,,1,16,,889187,29,,,1,14,,889188,29,,,1,17,,889189,29,,,1,54,,889190,29,,,1,16,,889191,29,,,1,15,,889192,29,,,1,15,,889193,29,,,1,55,,889194,29,,,1,15,,889195,29,,,1,15,,889196,29,,,1,15,,889197,29,,,1,55,,889198,29,,,1,15,,889199,29,,,1,13,,889200,29,,,1,11,,889201,29,,,1,53,,889202,29,,,1,14,,889203,29,,,1,13,,889204,29,,,1,13,,889205,29,,,1,12,,889206,29,,,1,52,,889207,29,,,1,9,,889208,29,,,1,9,,889209,29,,,1,10,,889210,29,,,1,9,,889211,29,,,1,8,,889212,29,,,1,49,,889213,29,,,1,9,,889214,29,,,1,9,,889215,29,,,1,9,,889216,29,,,1,9,,889217,29,,,1,9,,889218,29,,,1,9,,889219,29,,,1,50,,889220,29,,,1,10,,889221,29,,,1,10,,889222,29,,,1,10,,889223,29,,,1,10,,889224,29,,,1,11,,889225,29,,,1,52,,889226,29,,,1,15,,889227,29,,,1,5,,889147,16,,,1,10,,889228,29,,,1,5,,889151,16,,,1,10,,889229,29,,,1,45,,889154,16,,,1,10,,889230,29,,,1,5,,889157,16,,,1,10,,889231,29,,,1,5,,889148,16,,,1,11,,889232,29,,,1,4,,889152,16,,,1,10,,889233,29,,,1,45,,889155,16,,,1,10,,889234,29,,,1,5,,889158,16,,,1,10,,889235,29,,,1,4,,889149,16,,,1,11,,889236,29,,,1,4,,889153,16,,,1,10,,889237,29,,,1,45,,889156,16,,,1,9,,889238,29,,,1,5,,889159,16,,,1,10,,889239,29,,,1,5,,889150,16,,,1,10,,889240,29,,,1,15,,889241,29,,,1,55,,889242,29,,,1,15,,889243,29,,,1,15,,889244,29,,,1,15,,889245,29,,,1,53,,889246,29,,,1,15,,889247,29,,,1,14,,889248,29,,,1,15,,889249,29,,,1,55,,889250,29,,,1,15,,889251,29,,,1,15,,889252,29,,,1,15,,889253,29,,,1,55,,889254,29,,,1
80103,'20260710',537,,837004,29,,,1,14,,836917,29,,,1,53,,836918,29,,,1,10,,836916,29,,,1,10,,836920,29,,,1,10,,836921,29,,,1,9,,836922,29,,,1,9,,836919,29,,,1,48,,836924,29,,,1,11,,837010,29,,,1,9,,836925,29,,,1,8,,836926,29,,,1,11,,836923,29,,,1,9,,836927,29,,,1,10,,836928,29,,,1,49,,836929,29,,,1,8,,836930,29,,,1,9,,836931,29,,,1,9,,836932,29,,,1,9,,836933,29,,,1,9,,836934,29,,,1,50,,836935,29,,,1,12,,836936,29,,,1,15,,836937,29,,,1,15,,836938,29,,,1,14,,836939,29,,,1,55,,836940,29,,,1,16,,836941,29,,,1,14,,836942,29,,,1,17,,836945,29,,,1,54,,836946,29,,,1,16,,836947,29,,,1,15,,836943,29,,,1,15,,836944,29,,,1,55,,836948,29,,,1,15,,836950,29,,,1,15,,836951,29,,,1,15,,836949,29,,,1,55,,836953,29,,,1,15,,836954,29,,,1,13,,836952,29,,,1,11,,836955,29,,,1,53,,837009,29,,,1,14,,836956,29,,,1,13,,836957,29,,,1,13,,836958,29,,,1,12,,836959,29,,,1,52,,837007,29,,,1,9,,836960,29,,,1,9,,836961,29,,,1,10,,836962,29,,,1,9,,836963,29,,,1,8,,836964,29,,,1,49,,836965,29,,,1,9,,836966,29,,,1,9,,836968,29,,,1,9,,836969,29,,,1,9,,836970,29,,,1,9,,836967,29,,,1,9,,837008,29,,,1,50,,836971,29,,,1,10,,836972,29,,,1,10,,836974,29,,,1,10,,836975,29,,,1,10,,836976,29,,,1,11,,837005,29,,,1,52,,836973,29,,,1,15,,836977,29,,,1,15,,836979,29,,,1,15,,836981,29,,,1,55,,836978,29,,,1,15,,836982,29,,,1,16,,836980,29,,,1,14,,836983,29,,,1,55,,836984,29,,,1,15,,836985,29,,,1,15,,836986,29,,,1,14,,836987,29,,,1,54,,836988,29,,,1,15,,836989,29,,,1,15,,836990,29,,,1,15,,836991,29,,,1,55,,836992,29,,,1,15,,836993,29,,,1,15,,836995,29,,,1,15,,836996,29,,,1,53,,836997,29,,,1,15,,836994,29,,,1,14,,836998,29,,,1,15,,836999,29,,,1,55,,837000,29,,,1,15,,837001,29,,,1,15,,837002,29,,,1,15,,837003,29,,,1,55,,837006,29,,,1
80103,'20260711',603,,857025,29,,,1,16,,857026,29,,,1,15,,857027,29,,,1,16,,857028,29,,,1,55,,857029,29,,,1,15,,857030,29,,,1,16,,857031,29,,,1,14,,857032,29,,,1,55,,857033,29,,,1,15,,857034,29,,,1,15,,857035,29,,,1,15,,857036,29,,,1,56,,857037,29,,,1,16,,857038,29,,,1,15,,857039,29,,,1,16,,857040,29,,,1,55,,857041,29,,,1,15,,857042,29,,,1,15,,857043,29,,,1,16,,857044,29,,,1,56,,857045,29,,,1,15,,857046,29,,,1,15,,857048,29,,,1,15,,857049,29,,,1,56,,857050,29,,,1,16,,857047,29,,,1,15,,857051,29,,,1,15,,857052,29,,,1,56,,857053,29,,,1,15,,857054,29,,,1,16,,857055,29,,,1,15,,857056,29,,,1,54,,857057,29,,,1,15,,857058,29,,,1,15,,857059,29,,,1,15,,857060,29,,,1,55,,857061,29,,,1,15,,857062,29,,,1,15,,857063,29,,,1,15,,857064,29,,,1,54,,857065,29,,,1,15,,857066,29,,,1,15,,857067,29,,,1,16,,857068,29,,,1,55,,857069,29,,,1,15,,857070,29,,,1,15,,857071,29,,,1,14,,857072,29,,,1,56,,857073,29,,,1,13,,857074,29,,,1,15,,857075,29,,,1,15,,857076,29,,,1,55,,857078,29,,,1,15,,857079,29,,,1,15,,857080,29,,,1,15,,857077,29,,,1,53,,857081,29,,,1,14,,857082,29,,,1,14,,857083,29,,,1,13,,857084,29,,,1,54,,857085,29,,,1,15,,857086,29,,,1,15,,857087,29,,,1,15,,857088,29,,,1,55,,857089,29,,,1,15,,857090,29,,,1,15,,857091,29,,,1,14,,857092,29,,,1,55,,857093,29,,,1,14,,857094,29,,,1,15,,857095,29,,,1,15,,857096,29,,,1,55,,857097,29,,,1,15,,857098,29,,,1,15,,857099,29,,,1,15,,857100,29,,,1,55,,857101,29,,,1
80103,'20260712',603,,857109,29,,,1,16,,857102,29,,,1,15,,857110,29,,,1,16,,857103,29,,,1,55,,857105,29,,,1,15,,857104,29,,,1,16,,857106,29,,,1,14,,857107,29,,,1,55,,857108,29,,,1,15,,857116,29,,,1,15,,857111,29,,,1,15,,857119,29,,,1,56,,857120,29,,,1,16,,857117,29,,,1,15,,857112,29,,,1,16,,857114,29,,,1,55,,857118,29,,,1,15,,857113,29,,,1,15,,857115,29,,,1,16,,857130,29,,,1,56,,857136,29,,,1,15,,857135,29,,,1,15,,857133,29,,,1,15,,857123,29,,,1,56,,857128,29,,,1,16,,857132,29,,,1,15,,857138,29,,,1,15,,857139,29,,,1,56,,857122,29,,,1,15,,857140,29,,,1,16,,857127,29,,,1,15,,857137,29,,,1,54,,857129,29,,,1,15,,857121,29,,,1,15,,857131,29,,,1,15,,857124,29,,,1,55,,857141,29,,,1,15,,857134,29,,,1,15,,857125,29,,,1,15,,857126,29,,,1,54,,857151,29,,,1,15,,857152,29,,,1,15,,857158,29,,,1,16,,857156,29,,,1,55,,857160,29,,,1,15,,857159,29,,,1,15,,857153,29,,,1,14,,857154,29,,,1,56,,857146,29,,,1,13,,857155,29,,,1,15,,857157,29,,,1,15,,857161,29,,,1,55,,857145,29,,,1,15,,857142,29,,,1,15,,857162,29,,,1,15,,857149,29,,,1,53,,857143,29,,,1,14,,857147,29,,,1,14,,857144,29,,,1,13,,857148,29,,,1,54,,857150,29,,,1,15,,857163,29,,,1,15,,857170,29,,,1,15,,857176,29,,,1,55,,857177,29,,,1,15,,857164,29,,,1,15,,857165,29,,,1,14,,857171,29,,,1,55,,857178,29,,,1,14,,857166,29,,,1,15,,857173,29,,,1,15,,857167,29,,,1,55,,857174,29,,,1,15,,857168,29,,,1,15,,857169,29,,,1,15,,857175,29,,,1,55,,857172,29,,,1
80103,'20260713',537,,857267,29,,,1,14,,857180,29,,,1,53,,857181,29,,,1,10,,857179,29,,,1,10,,857183,29,,,1,10,,857184,29,,,1,9,,857185,29,,,1,9,,857182,29,,,1,48,,857187,29,,,1,11,,857273,29,,,1,9,,857188,29,,,1,8,,857189,29,,,1,11,,857186,29,,,1,9,,857190,29,,,1,10,,857191,29,,,1,49,,857192,29,,,1,8,,857193,29,,,1,9,,857194,29,,,1,9,,857195,29,,,1,9,,857196,29,,,1,9,,857197,29,,,1,50,,857198,29,,,1,12,,857199,29,,,1,15,,857200,29,,,1,15,,857201,29,,,1,14,,857202,29,,,1,55,,857203,29,,,1,16,,857204,29,,,1,14,,857205,29,,,1,17,,857208,29,,,1,54,,857209,29,,,1,16,,857210,29,,,1,15,,857206,29,,,1,15,,857207,29,,,1,55,,857211,29,,,1,15,,857213,29,,,1,15,,857214,29,,,1,15,,857212,29,,,1,55,,857216,29,,,1,15,,857217,29,,,1,13,,857215,29,,,1,11,,857218,29,,,1,53,,857272,29,,,1,14,,857219,29,,,1,13,,857220,29,,,1,13,,857221,29,,,1,12,,857222,29,,,1,52,,857270,29,,,1,9,,857223,29,,,1,9,,857224,29,,,1,10,,857225,29,,,1,9,,857226,29,,,1,8,,857227,29,,,1,49,,857228,29,,,1,9,,857229,29,,,1,9,,857231,29,,,1,9,,857232,29,,,1,9,,857233,29,,,1,9,,857230,29,,,1,9,,857271,29,,,1,50,,857234,29,,,1,10,,857235,29,,,1,10,,857237,29,,,1,10,,857238,29,,,1,10,,857239,29,,,1,11,,857268,29,,,1,52,,857236,29,,,1,15,,857240,29,,,1,15,,857242,29,,,1,15,,857244,29,,,1,55,,857241,29,,,1,15,,857245,29,,,1,16,,857243,29,,,1,14,,857246,29,,,1,55,,857247,29,,,1,15,,857248,29,,,1,15,,857249,29,,,1,14,,857250,29,,,1,54,,857251,29,,,1,15,,857252,29,,,1,15,,857253,29,,,1,15,,857254,29,,,1,55,,857255,29,,,1,15,,857256,29,,,1,15,,857258,29,,,1,15,,857259,29,,,1,53,,857260,29,,,1,15,,857257,29,,,1,14,,857261,29,,,1,15,,857262,29,,,1,55,,857263,29,,,1,15,,857264,29,,,1,15,,857265,29,,,1,15,,857266,29,,,1,55,,857269,29,,,1
80103,'20260714',537,,857362,29,,,1,14,,857275,29,,,1,53,,857276,29,,,1,10,,857274,29,,,1,10,,857278,29,,,1,10,,857279,29,,,1,9,,857280,29,,,1,9,,857277,29,,,1,48,,857282,29,,,1,11,,857368,29,,,1,9,,857283,29,,,1,8,,857284,29,,,1,11,,857281,29,,,1,9,,857285,29,,,1,10,,857286,29,,,1,49,,857287,29,,,1,8,,857288,29,,,1,9,,857289,29,,,1,9,,857290,29,,,1,9,,857291,29,,,1,9,,857292,29,,,1,50,,857293,29,,,1,12,,857294,29,,,1,15,,857295,29,,,1,15,,857296,29,,,1,14,,857297,29,,,1,55,,857298,29,,,1,16,,857299,29,,,1,14,,857300,29,,,1,17,,857303,29,,,1,54,,857304,29,,,1,16,,857305,29,,,1,15,,857301,29,,,1,15,,857302,29,,,1,55,,857306,29,,,1,15,,857308,29,,,1,15,,857309,29,,,1,15,,857307,29,,,1,55,,857311,29,,,1,15,,857312,29,,,1,13,,857310,29,,,1,11,,857313,29,,,1,53,,857367,29,,,1,14,,857314,29,,,1,13,,857315,29,,,1,13,,857316,29,,,1,12,,857317,29,,,1,52,,857365,29,,,1,9,,857318,29,,,1,9,,857319,29,,,1,10,,857320,29,,,1,9,,857321,29,,,1,8,,857322,29,,,1,49,,857323,29,,,1,9,,857324,29,,,1,9,,857326,29,,,1,9,,857327,29,,,1,9,,857328,29,,,1,9,,857325,29,,,1,9,,857366,29,,,1,50,,857329,29,,,1,10,,857330,29,,,1,10,,857332,29,,,1,10,,857333,29,,,1,10,,857334,29,,,1,11,,857363,29,,,1,52,,857331,29,,,1,15,,857335,29,,,1,15,,857337,29,,,1,15,,857339,29,,,1,55,,857336,29,,,1,15,,857340,29,,,1,16,,857338,29,,,1,14,,857341,29,,,1,55,,857342,29,,,1,15,,857343,29,,,1,15,,857344,29,,,1,14,,857345,29,,,1,54,,857346,29,,,1,15,,857347,29,,,1,15,,857348,29,,,1,15,,857349,29,,,1,55,,857350,29,,,1,15,,857351,29,,,1,15,,857353,29,,,1,15,,857354,29,,,1,53,,857355,29,,,1,15,,857352,29,,,1,14,,857356,29,,,1,15,,857357,29,,,1,55,,857358,29,,,1,15,,857359,29,,,1,15,,857360,29,,,1,15,,857361,29,,,1,55,,857364,29,,,1
80103,'20260715',537,,889343,29,,,1,14,,889256,29,,,1,53,,889257,29,,,1,10,,889255,29,,,1,10,,889259,29,,,1,10,,889260,29,,,1,9,,889261,29,,,1,9,,889258,29,,,1,48,,889263,29,,,1,11,,889349,29,,,1,9,,889264,29,,,1,8,,889265,29,,,1,11,,889262,29,,,1,9,,889266,29,,,1,10,,889267,29,,,1,49,,889268,29,,,1,8,,889269,29,,,1,9,,889270,29,,,1,9,,889271,29,,,1,9,,889272,29,,,1,9,,889273,29,,,1,50,,889274,29,,,1,12,,889275,29,,,1,15,,889276,29,,,1,15,,889277,29,,,1,14,,889278,29,,,1,55,,889279,29,,,1,16,,889280,29,,,1,14,,889281,29,,,1,17,,889284,29,,,1,54,,889285,29,,,1,16,,889286,29,,,1,15,,889282,29,,,1,15,,889283,29,,,1,55,,889287,29,,,1,15,,889289,29,,,1,15,,889290,29,,,1,15,,889288,29,,,1,55,,889292,29,,,1,15,,889293,29,,,1,13,,889291,29,,,1,11,,889294,29,,,1,53,,889348,29,,,1,14,,889295,29,,,1,13,,889296,29,,,1,13,,889297,29,,,1,12,,889298,29,,,1,52,,889346,29,,,1,9,,889299,29,,,1,9,,889300,29,,,1,10,,889301,29,,,1,9,,889302,29,,,1,8,,889303,29,,,1,49,,889304,29,,,1,9,,889305,29,,,1,9,,889307,29,,,1,9,,889308,29,,,1,9,,889309,29,,,1,9,,889306,29,,,1,9,,889347,29,,,1,50,,889310,29,,,1,10,,889311,29,,,1,10,,889313,29,,,1,10,,889314,29,,,1,10,,889315,29,,,1,11,,889344,29,,,1,52,,889312,29,,,1,15,,889316,29,,,1,15,,889318,29,,,1,15,,889320,29,,,1,55,,889317,29,,,1,15,,889321,29,,,1,16,,889319,29,,,1,14,,889322,29,,,1,55,,889323,29,,,1,15,,889324,29,,,1,15,,889325,29,,,1,14,,889326,29,,,1,54,,889327,29,,,1,15,,889328,29,,,1,15,,889329,29,,,1,15,,889330,29,,,1,55,,889331,29,,,1,15,,889332,29,,,1,15,,889334,29,,,1,15,,889335,29,,,1,53,,889336,29,,,1,15,,889333,29,,,1,14,,889337,29,,,1,15,,889338,29,,,1,55,,889339,29,,,1,15,,889340,29,,,1,15,,889341,29,,,1,15,,889342,29,,,1,55,,889345,29,,,1
80103,'20260716',537,,889438,29,,,1,14,,889351,29,,,1,53,,889352,29,,,1,10,,889350,29,,,1,10,,889354,29,,,1,10,,889355,29,,,1,9,,889356,29,,,1,9,,889353,29,,,1,48,,889358,29,,,1,11,,889444,29,,,1,9,,889359,29,,,1,8,,889360,29,,,1,11,,889357,29,,,1,9,,889361,29,,,1,10,,889362,29,,,1,49,,889363,29,,,1,8,,889364,29,,,1,9,,889365,29,,,1,9,,889366,29,,,1,9,,889367,29,,,1,9,,889368,29,,,1,50,,889369,29,,,1,12,,889370,29,,,1,15,,889371,29,,,1,15,,889372,29,,,1,14,,889373,29,,,1,55,,889374,29,,,1,16,,889375,29,,,1,14,,889376,29,,,1,17,,889379,29,,,1,54,,889380,29,,,1,16,,889381,29,,,1,15,,889377,29,,,1,15,,889378,29,,,1,55,,889382,29,,,1,15,,889384,29,,,1,15,,889385,29,,,1,15,,889383,29,,,1,55,,889387,29,,,1,15,,889388,29,,,1,13,,889386,29,,,1,11,,889389,29,,,1,53,,889443,29,,,1,14,,889390,29,,,1,13,,889391,29,,,1,13,,889392,29,,,1,12,,889393,29,,,1,52,,889441,29,,,1,9,,889394,29,,,1,9,,889395,29,,,1,10,,889396,29,,,1,9,,889397,29,,,1,8,,889398,29,,,1,49,,889399,29,,,1,9,,889400,29,,,1,9,,889402,29,,,1,9,,889403,29,,,1,9,,889404,29,,,1,9,,889401,29,,,1,9,,889442,29,,,1,50,,889405,29,,,1,10,,889406,29,,,1,10,,889408,29,,,1,10,,889409,29,,,1,10,,889410,29,,,1,11,,889439,29,,,1,52,,889407,29,,,1,15,,889411,29,,,1,15,,889413,29,,,1,15,,889415,29,,,1,55,,889412,29,,,1,15,,889416,29,,,1,16,,889414,29,,,1,14,,889417,29,,,1,55,,889418,29,,,1,15,,889419,29,,,1,15,,889420,29,,,1,14,,889421,29,,,1,54,,889422,29,,,1,15,,889423,29,,,1,15,,889424,29,,,1,15,,889425,29,,,1,55,,889426,29,,,1,15,,889427,29,,,1,15,,889429,29,,,1,15,,889430,29,,,1,53,,889431,29,,,1,15,,889428,29,,,1,14,,889432,29,,,1,15,,889433,29,,,1,55,,889434,29,,,1,15,,889435,29,,,1,15,,889436,29,,,1,15,,889437,29,,,1,55,,889440,29,,,1
80103,'20260717',537,,889533,29,,,1,14,,889446,29,,,1,53,,889447,29,,,1,10,,889445,29,,,1,10,,889449,29,,,1,10,,889450,29,,,1,9,,889451,29,,,1,9,,889448,29,,,1,48,,889453,29,,,1,11,,889539,29,,,1,9,,889454,29,,,1,8,,889455,29,,,1,11,,889452,29,,,1,9,,889456,29,,,1,10,,889457,29,,,1,49,,889458,29,,,1,8,,889459,29,,,1,9,,889460,29,,,1,9,,889461,29,,,1,9,,889462,29,,,1,9,,889463,29,,,1,50,,889464,29,,,1,12,,889465,29,,,1,15,,889466,29,,,1,15,,889467,29,,,1,14,,889468,29,,,1,55,,889469,29,,,1,16,,889470,29,,,1,14,,889471,29,,,1,17,,889474,29,,,1,54,,889475,29,,,1,16,,889476,29,,,1,15,,889472,29,,,1,15,,889473,29,,,1,55,,889477,29,,,1,15,,889479,29,,,1,15,,889480,29,,,1,15,,889478,29,,,1,55,,889482,29,,,1,15,,889483,29,,,1,13,,889481,29,,,1,11,,889484,29,,,1,53,,889538,29,,,1,14,,889485,29,,,1,13,,889486,29,,,1,13,,889487,29,,,1,12,,889488,29,,,1,52,,889536,29,,,1,9,,889489,29,,,1,9,,889490,29,,,1,10,,889491,29,,,1,9,,889492,29,,,1,8,,889493,29,,,1,49,,889494,29,,,1,9,,889495,29,,,1,9,,889497,29,,,1,9,,889498,29,,,1,9,,889499,29,,,1,9,,889496,29,,,1,9,,889537,29,,,1,50,,889500,29,,,1,10,,889501,29,,,1,10,,889503,29,,,1,10,,889504,29,,,1,10,,889505,29,,,1,11,,889534,29,,,1,52,,889502,29,,,1,15,,889506,29,,,1,15,,889508,29,,,1,15,,889510,29,,,1,55,,889507,29,,,1,15,,889511,29,,,1,16,,889509,29,,,1,14,,889512,29,,,1,55,,889513,29,,,1,15,,889514,29,,,1,15,,889515,29,,,1,14,,889516,29,,,1,54,,889517,29,,,1,15,,889518,29,,,1,15,,889519,29,,,1,15,,889520,29,,,1,55,,889521,29,,,1,15,,889522,29,,,1,15,,889524,29,,,1,15,,889525,29,,,1,53,,889526,29,,,1,15,,889523,29,,,1,14,,889527,29,,,1,15,,889528,29,,,1,55,,889529,29,,,1,15,,889530,29,,,1,15,,889531,29,,,1,15,,889532,29,,,1,55,,889535,29,,,1
80103,'20262511',603,,889540,29,,,1,16,,889541,29,,,1,15,,889542,29,,,1,16,,889543,29,,,1,55,,889544,29,,,1,15,,889545,29,,,1,16,,889546,29,,,1,14,,889547,29,,,1,55,,889548,29,,,1,15,,889549,29,,,1,15,,889550,29,,,1,15,,889551,29,,,1,56,,889552,29,,,1,16,,889553,29,,,1,15,,889554,29,,,1,16,,889555,29,,,1,55,,889556,29,,,1,15,,889557,29,,,1,15,,889558,29,,,1,16,,889559,29,,,1,56,,889560,29,,,1,15,,889561,29,,,1,15,,889563,29,,,1,15,,889564,29,,,1,56,,889565,29,,,1,16,,889562,29,,,1,15,,889566,29,,,1,15,,889567,29,,,1,56,,889568,29,,,1,15,,889569,29,,,1,16,,889570,29,,,1,15,,889571,29,,,1,54,,889572,29,,,1,15,,889573,29,,,1,15,,889574,29,,,1,15,,889575,29,,,1,55,,889576,29,,,1,15,,889577,29,,,1,15,,889578,29,,,1,15,,889579,29,,,1,54,,889580,29,,,1,15,,889581,29,,,1,15,,889582,29,,,1,16,,889583,29,,,1,55,,889584,29,,,1,15,,889585,29,,,1,15,,889586,29,,,1,14,,889587,29,,,1,56,,889588,29,,,1,13,,889589,29,,,1,15,,889590,29,,,1,15,,889591,29,,,1,55,,889593,29,,,1,15,,889594,29,,,1,15,,889595,29,,,1,15,,889592,29,,,1,53,,889596,29,,,1,14,,889597,29,,,1,14,,889598,29,,,1,13,,889599,29,,,1,54,,889600,29,,,1,15,,889601,29,,,1,15,,889602,29,,,1,15,,889603,29,,,1,55,,889604,29,,,1,15,,889605,29,,,1,15,,889606,29,,,1,14,,889607,29,,,1,55,,889608,29,,,1,14,,889609,29,,,1,15,,889610,29,,,1,15,,889611,29,,,1,55,,889612,29,,,1,15,,889613,29,,,1,15,,889614,29,,,1,15,,889615,29,,,1,55,,889616,29,,,1
80103,'20262611',603,,889624,29,,,1,16,,889617,29,,,1,15,,889625,29,,,1,16,,889618,29,,,1,55,,889620,29,,,1,15,,889619,29,,,1,16,,889621,29,,,1,14,,889622,29,,,1,55,,889623,29,,,1,15,,889631,29,,,1,15,,889626,29,,,1,15,,889634,29,,,1,56,,889635,29,,,1,16,,889632,29,,,1,15,,889627,29,,,1,16,,889629,29,,,1,55,,889633,29,,,1,15,,889628,29,,,1,15,,889630,29,,,1,16,,889645,29,,,1,56,,889651,29,,,1,15,,889650,29,,,1,15,,889648,29,,,1,15,,889638,29,,,1,56,,889643,29,,,1,16,,889647,29,,,1,15,,889653,29,,,1,15,,889654,29,,,1,56,,889637,29,,,1,15,,889655,29,,,1,16,,889642,29,,,1,15,,889652,29,,,1,54,,889644,29,,,1,15,,889636,29,,,1,15,,889646,29,,,1,15,,889639,29,,,1,55,,889656,29,,,1,15,,889649,29,,,1,15,,889640,29,,,1,15,,889641,29,,,1,54,,889666,29,,,1,15,,889667,29,,,1,15,,889673,29,,,1,16,,889671,29,,,1,55,,889675,29,,,1,15,,889674,29,,,1,15,,889668,29,,,1,14,,889669,29,,,1,56,,889661,29,,,1,13,,889670,29,,,1,15,,889672,29,,,1,15,,889676,29,,,1,55,,889660,29,,,1,15,,889657,29,,,1,15,,889677,29,,,1,15,,889664,29,,,1,53,,889658,29,,,1,14,,889662,29,,,1,14,,889659,29,,,1,13,,889663,29,,,1,54,,889665,29,,,1,15,,889678,29,,,1,15,,889685,29,,,1,15,,889691,29,,,1,55,,889692,29,,,1,15,,889679,29,,,1,15,,889680,29,,,1,14,,889686,29,,,1,55,,889693,29,,,1,14,,889681,29,,,1,15,,889688,29,,,1,15,,889682,29,,,1,55,,889689,29,,,1,15,,889683,29,,,1,15,,889684,29,,,1,15,,889690,29,,,1,55,,889687,29,,,1
93101,'20260703',2643,,861833,29,,,0
93101,'20260704',2643,,899640,29,,,0
93101,'20260710',2643,,845095,29,,,0
93101,'20260711',2643,,861834,29,,,0
93101,'20260717',2643,,899641,29,,,0
93101,'20262511',2643,,899642,29,,,0
