7601,'20260416',548,,249203,24,,,1,100,,249204,24,,,1,67,,249205,24,,,1,27,,249206,24,,,1,72,,249207,24,,,1,33,,249208,24,,,1,101,,249209,24,,,1,100,,249210,24,,,1,98,,249211,24,,,1,70,,249212,24,,,1,30,,249213,24,,,1,71,,249214,24,,,1,93,,249215,24,,,1,98,,249216,24,,,1,29,,249217,24,,,1,73,,249218,24,,,1,40,,249219,24,,,1,76,,249220,24,,,1,30,,249221,24,,,1,70,,249222,24,,,1,33,,249223,24,,,1,144,,249224,24,,,1,101,,249225,24,,,1,98,,249226,24,,,1,100,,249227,24,,,1,100,,249228,24,,,1
7601,'20260417',548,,249229,24,,,1,100,,249230,24,,,1,67,,249231,24,,,1,27,,249232,24,,,1,72,,249233,24,,,1,33,,249234,24,,,1,101,,249235,24,,,1,100,,249236,24,,,1,98,,249237,24,,,1,70,,249238,24,,,1,30,,249239,24,,,1,71,,249240,24,,,1,93,,249241,24,,,1,98,,249242,24,,,1,29,,249243,24,,,1,73,,249244,24,,,1,40,,249245,24,,,1,76,,249246,24,,,1,30,,249247,24,,,1,70,,249248,24,,,1,33,,249249,24,,,1,144,,249250,24,,,1,101,,249251,24,,,1,98,,249252,24,,,1,100,,249253,24,,,1,100,,249254,24,,,1
7601,'20260418',632,,288374,24,,,1,68,,288375,24,,,1,32,,288376,24,,,1,70,,288377,24,,,1,31,,288378,24,,,1,70,,288379,24,,,1,30,,288380,24,,,1,101,,288381,24,,,1,101,,288382,24,,,1,96,,288383,24,,,1,76,,288384,24,,,1,21,,288385,24,,,1,79,,288386,24,,,1,30,,288387,24,,,1,101,,288388,24,,,1,100,,288389,24,,,1,70,,288390,24,,,1,30,,288391,24,,,1,68,,288392,24,,,1,28,,288393,24,,,1,100,,288394,24,,,1,99,,288395,24,,,1,100,,288396,24,,,1,100,,288397,24,,,1,108,,288398,24,,,1
7601,'20260419',632,,288399,24,,,1,68,,288400,24,,,1,32,,288401,24,,,1,70,,288402,24,,,1,31,,288403,24,,,1,70,,288404,24,,,1,30,,288405,24,,,1,101,,288406,24,,,1,101,,288407,24,,,1,96,,288408,24,,,1,76,,288409,24,,,1,21,,288410,24,,,1,79,,288411,24,,,1,30,,288412,24,,,1,101,,288413,24,,,1,100,,288414,24,,,1,70,,288415,24,,,1,30,,288416,24,,,1,68,,288417,24,,,1,28,,288418,24,,,1,100,,288419,24,,,1,99,,288420,24,,,1,100,,288421,24,,,1,100,,288422,24,,,1,108,,288423,24,,,1
7601,'20260420',548,,288424,24,,,1,100,,288425,24,,,1,67,,288426,24,,,1,27,,288427,24,,,1,72,,288428,24,,,1,33,,288429,24,,,1,101,,288430,24,,,1,100,,288431,24,,,1,98,,288432,24,,,1,70,,288433,24,,,1,30,,288434,24,,,1,71,,288435,24,,,1,93,,288436,24,,,1,98,,288437,24,,,1,29,,288438,24,,,1,73,,288439,24,,,1,40,,288440,24,,,1,76,,288441,24,,,1,30,,288442,24,,,1,70,,288443,24,,,1,33,,288444,24,,,1,144,,288445,24,,,1,101,,288446,24,,,1,98,,288447,24,,,1,100,,288448,24,,,1,100,,288449,24,,,1
7601,'20260421',548,,288450,24,,,1,100,,288451,24,,,1,67,,288452,24,,,1,27,,288453,24,,,1,72,,288454,24,,,1,33,,288455,24,,,1,101,,288456,24,,,1,100,,288457,24,,,1,98,,288458,24,,,1,70,,288459,24,,,1,30,,288460,24,,,1,71,,288461,24,,,1,93,,288462,24,,,1,98,,288463,24,,,1,29,,288464,24,,,1,73,,288465,24,,,1,40,,288466,24,,,1,76,,288467,24,,,1,30,,288468,24,,,1,70,,288469,24,,,1,33,,288470,24,,,1,144,,288471,24,,,1,101,,288472,24,,,1,98,,288473,24,,,1,100,,288474,24,,,1,100,,288475,24,,,1
7601,'20260422',548,,249281,24,,,1,100,,249282,24,,,1,67,,249283,24,,,1,27,,249284,24,,,1,72,,249285,24,,,1,33,,249286,24,,,1,101,,249287,24,,,1,100,,249288,24,,,1,98,,249289,24,,,1,70,,249290,24,,,1,30,,249291,24,,,1,71,,249292,24,,,1,93,,249293,24,,,1,98,,249294,24,,,1,29,,249295,24,,,1,73,,249296,24,,,1,40,,249297,24,,,1,76,,249298,24,,,1,30,,249299,24,,,1,70,,249300,24,,,1,33,,249301,24,,,1,144,,249302,24,,,1,101,,249303,24,,,1,98,,249304,24,,,1,100,,249305,24,,,1,100,,249306,24,,,1
7601,'20260423',548,,249307,24,,,1,100,,249308,24,,,1,67,,249309,24,,,1,27,,249310,24,,,1,72,,249311,24,,,1,33,,249312,24,,,1,101,,249313,24,,,1,100,,249314,24,,,1,98,,249315,24,,,1,70,,249316,24,,,1,30,,249317,24,,,1,71,,249318,24,,,1,93,,249319,24,,,1,98,,249320,24,,,1,29,,249321,24,,,1,73,,249322,24,,,1,40,,249323,24,,,1,76,,249324,24,,,1,30,,249325,24,,,1,70,,249326,24,,,1,33,,249327,24,,,1,144,,249328,24,,,1,101,,249329,24,,,1,98,,249330,24,,,1,100,,249331,24,,,1,100,,249332,24,,,1
7601,'20260424',548,,249333,24,,,1,100,,249334,24,,,1,67,,249335,24,,,1,27,,249336,24,,,1,72,,249337,24,,,1,33,,249338,24,,,1,101,,249339,24,,,1,100,,249340,24,,,1,98,,249341,24,,,1,70,,249342,24,,,1,30,,249343,24,,,1,71,,249344,24,,,1,93,,249345,24,,,1,98,,249346,24,,,1,29,,249347,24,,,1,73,,249348,24,,,1,40,,249349,24,,,1,76,,249350,24,,,1,30,,249351,24,,,1,70,,249352,24,,,1,33,,249353,24,,,1,144,,249354,24,,,1,101,,249355,24,,,1,98,,249356,24,,,1,100,,249357,24,,,1,100,,249358,24,,,1
7601,'20260425',632,,249376,24,,,1,68,,249377,24,,,1,32,,249359,24,,,1,70,,249378,24,,,1,31,,249360,24,,,1,70,,249379,24,,,1,30,,249361,24,,,1,101,,249362,24,,,1,101,,249363,24,,,1,96,,249364,24,,,1,76,,249380,24,,,1,21,,249365,24,,,1,79,,249381,24,,,1,30,,249366,24,,,1,101,,249367,24,,,1,100,,249368,24,,,1,70,,249382,24,,,1,30,,249369,24,,,1,68,,249383,24,,,1,28,,249370,24,,,1,100,,249371,24,,,1,99,,249372,24,,,1,100,,249373,24,,,1,100,,249374,24,,,1,108,,249375,24,,,1
7601,'20260426',632,,249401,24,,,1,68,,249402,24,,,1,32,,249400,24,,,1,70,,249403,24,,,1,31,,249384,24,,,1,70,,249404,24,,,1,30,,249385,24,,,1,101,,249386,24,,,1,101,,249387,24,,,1,96,,249388,24,,,1,76,,249405,24,,,1,21,,249389,24,,,1,79,,249406,24,,,1,30,,249390,24,,,1,101,,249391,24,,,1,100,,249392,24,,,1,70,,249407,24,,,1,30,,249393,24,,,1,68,,249408,24,,,1,28,,249394,24,,,1,100,,249395,24,,,1,99,,249396,24,,,1,100,,249397,24,,,1,100,,249398,24,,,1,108,,249399,24,,,1
7601,'20260427',548,,249409,24,,,1,100,,249410,24,,,1,67,,249411,24,,,1,27,,249412,24,,,1,72,,249413,24,,,1,33,,249414,24,,,1,101,,249415,24,,,1,100,,249416,24,,,1,98,,249417,24,,,1,70,,249418,24,,,1,30,,249419,24,,,1,71,,249420,24,,,1,93,,249421,24,,,1,98,,249422,24,,,1,29,,249423,24,,,1,73,,249424,24,,,1,40,,249425,24,,,1,76,,249426,24,,,1,30,,249427,24,,,1,70,,249428,24,,,1,33,,249429,24,,,1,144,,249430,24,,,1,101,,249431,24,,,1,98,,249432,24,,,1,100,,249433,24,,,1,100,,249434,24,,,1
7601,'20260428',548,,288476,24,,,1,100,,288477,24,,,1,67,,288478,24,,,1,27,,288479,24,,,1,72,,288480,24,,,1,33,,288481,24,,,1,101,,288482,24,,,1,100,,288483,24,,,1,98,,288484,24,,,1,70,,288485,24,,,1,30,,288486,24,,,1,71,,288487,24,,,1,93,,288488,24,,,1,98,,288489,24,,,1,29,,288490,24,,,1,73,,288491,24,,,1,40,,288492,24,,,1,76,,288493,24,,,1,30,,288494,24,,,1,70,,288495,24,,,1,33,,288496,24,,,1,144,,288497,24,,,1,101,,288498,24,,,1,98,,288499,24,,,1,100,,288500,24,,,1,100,,288501,24,,,1
7601,'20260429',548,,288502,24,,,1,100,,288503,24,,,1,67,,288504,24,,,1,27,,288505,24,,,1,72,,288506,24,,,1,33,,288507,24,,,1,101,,288508,24,,,1,100,,288509,24,,,1,98,,288510,24,,,1,70,,288511,24,,,1,30,,288512,24,,,1,71,,288513,24,,,1,93,,288514,24,,,1,98,,288515,24,,,1,29,,288516,24,,,1,73,,288517,24,,,1,40,,288518,24,,,1,76,,288519,24,,,1,30,,288520,24,,,1,70,,288521,24,,,1,33,,288522,24,,,1,144,,288523,24,,,1,101,,288524,24,,,1,98,,288525,24,,,1,100,,288526,24,,,1,100,,288527,24,,,1
7601,'20260430',548,,288528,24,,,1,100,,288529,24,,,1,67,,288530,24,,,1,27,,288531,24,,,1,72,,288532,24,,,1,33,,288533,24,,,1,101,,288534,24,,,1,100,,288535,24,,,1,98,,288536,24,,,1,70,,288537,24,,,1,30,,288538,24,,,1,71,,288539,24,,,1,93,,288540,24,,,1,98,,288541,24,,,1,29,,288542,24,,,1,73,,288543,24,,,1,40,,288544,24,,,1,76,,288545,24,,,1,30,,288546,24,,,1,70,,288547,24,,,1,33,,288548,24,,,1,144,,288549,24,,,1,101,,288550,24,,,1,98,,288551,24,,,1,100,,288552,24,,,1,100,,288553,24,,,1
