8400,'20260619',817,,751628,75,,,1,97,,751629,75,,,1,100,,751630,75,,,1,100,,751631,75,,,1,101,,751632,75,,,1,100,,751633,75,,,1,100,,751634,75,,,1,101,,751635,75,,,1,105,,751636,75,,,1,30,,751645,39,,,1,69,,751637,75,,,1,27,,751646,39,,,1,68,,751638,75,,,1,100,,751639,75,,,1,98,,751640,75,,,1,100,,751641,75,,,1,100,,751642,75,,,1,99,,751643,75,,,1,100,,751644,75,,,1
8400,'20260620',812,,779933,75,,,1,100,,779934,75,,,1,101,,779935,75,,,1,100,,779936,75,,,1,101,,779937,75,,,1,100,,779938,75,,,1,100,,779939,75,,,1,100,,779940,75,,,1,101,,779941,75,,,1,100,,779942,75,,,1,99,,779943,75,,,1,99,,779944,75,,,1,100,,779945,75,,,1,99,,779946,75,,,1,100,,779947,75,,,1,100,,779948,75,,,1,100,,779949,75,,,1
8400,'20260621',812,,779950,75,,,1,100,,779951,75,,,1,101,,779952,75,,,1,100,,779953,75,,,1,101,,779954,75,,,1,100,,779955,75,,,1,100,,779956,75,,,1,100,,779957,75,,,1,101,,779958,75,,,1,100,,779959,75,,,1,99,,779960,75,,,1,99,,779961,75,,,1,100,,779962,75,,,1,99,,779963,75,,,1,100,,779964,75,,,1,100,,779965,75,,,1,100,,779966,75,,,1
8400,'20260622',817,,779967,75,,,1,99,,779968,75,,,1,100,,779969,75,,,1,100,,779970,75,,,1,100,,779971,75,,,1,100,,779972,75,,,1,100,,779973,75,,,1,100,,779974,75,,,1,107,,779975,75,,,1,28,,779984,39,,,1,69,,779976,75,,,1,26,,779985,39,,,1,69,,779977,75,,,1,100,,779978,75,,,1,98,,779979,75,,,1,100,,779980,75,,,1,100,,779981,75,,,1,99,,779982,75,,,1,100,,779983,75,,,1
8400,'20260623',817,,779986,75,,,1,99,,779987,75,,,1,100,,779988,75,,,1,100,,779989,75,,,1,100,,779990,75,,,1,100,,779991,75,,,1,100,,779992,75,,,1,100,,779993,75,,,1,107,,779994,75,,,1,28,,780003,39,,,1,69,,779995,75,,,1,26,,780004,39,,,1,69,,779996,75,,,1,100,,779997,75,,,1,98,,779998,75,,,1,100,,779999,75,,,1,100,,780000,75,,,1,99,,780001,75,,,1,100,,780002,75,,,1
8400,'20260624',812,,780005,75,,,1,100,,780006,75,,,1,101,,780007,75,,,1,100,,780008,75,,,1,101,,780009,75,,,1,100,,780010,75,,,1,100,,780011,75,,,1,100,,780012,75,,,1,101,,780013,75,,,1,100,,780014,75,,,1,99,,780015,75,,,1,99,,780016,75,,,1,100,,780017,75,,,1,99,,780018,75,,,1,100,,780019,75,,,1,100,,780020,75,,,1,100,,780021,75,,,1
8400,'20260625',817,,718070,75,,,1,99,,718071,75,,,1,100,,718072,75,,,1,100,,718073,75,,,1,100,,718074,75,,,1,100,,718075,75,,,1,100,,718076,75,,,1,100,,718077,75,,,1,107,,718078,75,,,1,28,,718087,39,,,1,69,,718079,75,,,1,26,,718088,39,,,1,69,,718080,75,,,1,100,,718081,75,,,1,98,,718082,75,,,1,100,,718083,75,,,1,100,,718084,75,,,1,99,,718085,75,,,1,100,,718086,75,,,1
8400,'20260626',817,,718089,75,,,1,99,,718090,75,,,1,100,,718091,75,,,1,100,,718092,75,,,1,100,,718093,75,,,1,100,,718094,75,,,1,100,,718095,75,,,1,100,,718096,75,,,1,107,,718097,75,,,1,28,,718106,39,,,1,69,,718098,75,,,1,26,,718107,39,,,1,69,,718099,75,,,1,100,,718100,75,,,1,98,,718101,75,,,1,100,,718102,75,,,1,100,,718103,75,,,1,99,,718104,75,,,1,100,,718105,75,,,1
8400,'20260627',812,,751719,75,,,1,100,,751734,75,,,1,101,,751720,75,,,1,100,,751735,75,,,1,101,,751721,75,,,1,100,,751723,75,,,1,100,,751724,75,,,1,100,,751725,75,,,1,101,,751726,75,,,1,100,,751727,75,,,1,99,,751728,75,,,1,99,,751729,75,,,1,100,,751730,75,,,1,99,,751731,75,,,1,100,,751732,75,,,1,100,,751733,75,,,1,100,,751722,75,,,1
8400,'20260628',812,,751736,75,,,1,100,,751751,75,,,1,101,,751737,75,,,1,100,,751752,75,,,1,101,,751738,75,,,1,100,,751745,75,,,1,100,,751739,75,,,1,100,,751746,75,,,1,101,,751740,75,,,1,100,,751747,75,,,1,99,,751741,75,,,1,99,,751748,75,,,1,100,,751742,75,,,1,99,,751749,75,,,1,100,,751743,75,,,1,100,,751750,75,,,1,100,,751744,75,,,1
8400,'20260629',817,,751753,75,,,1,99,,751754,75,,,1,100,,751755,75,,,1,100,,751756,75,,,1,100,,751757,75,,,1,100,,751758,75,,,1,100,,751759,75,,,1,100,,751760,75,,,1,107,,751761,75,,,1,28,,751770,39,,,1,69,,751762,75,,,1,26,,751771,39,,,1,69,,751763,75,,,1,100,,751764,75,,,1,98,,751765,75,,,1,100,,751766,75,,,1,100,,751767,75,,,1,99,,751768,75,,,1,100,,751769,75,,,1
8400,'20260630',817,,751772,75,,,1,99,,751773,75,,,1,100,,751774,75,,,1,100,,751775,75,,,1,100,,751776,75,,,1,100,,751777,75,,,1,100,,751778,75,,,1,100,,751779,75,,,1,107,,751780,75,,,1,28,,751789,39,,,1,69,,751781,75,,,1,26,,751790,39,,,1,69,,751782,75,,,1,100,,751783,75,,,1,98,,751784,75,,,1,100,,751785,75,,,1,100,,751786,75,,,1,99,,751787,75,,,1,100,,751788,75,,,1
8400,'20260701',812,,780022,75,,,1,100,,780037,75,,,1,101,,780023,75,,,1,100,,780038,75,,,1,101,,780024,75,,,1,100,,780031,75,,,1,100,,780025,75,,,1,100,,780032,75,,,1,101,,780026,75,,,1,100,,780033,75,,,1,99,,780027,75,,,1,99,,780034,75,,,1,100,,780028,75,,,1,99,,780035,75,,,1,100,,780029,75,,,1,100,,780036,75,,,1,100,,780030,75,,,1
8400,'20260702',817,,780039,75,,,1,99,,780040,75,,,1,100,,780041,75,,,1,100,,780042,75,,,1,100,,780043,75,,,1,100,,780044,75,,,1,100,,780045,75,,,1,100,,780046,75,,,1,107,,780047,75,,,1,28,,780056,39,,,1,69,,780048,75,,,1,26,,780057,39,,,1,69,,780049,75,,,1,100,,780050,75,,,1,98,,780051,75,,,1,100,,780052,75,,,1,100,,780053,75,,,1,99,,780054,75,,,1,100,,780055,75,,,1
8400,'20260703',817,,780058,75,,,1,99,,780059,75,,,1,100,,780060,75,,,1,100,,780061,75,,,1,100,,780062,75,,,1,100,,780063,75,,,1,100,,780064,75,,,1,100,,780065,75,,,1,107,,780066,75,,,1,28,,780075,39,,,1,69,,780067,75,,,1,26,,780076,39,,,1,69,,780068,75,,,1,100,,780069,75,,,1,98,,780070,75,,,1,100,,780071,75,,,1,100,,780072,75,,,1,99,,780073,75,,,1,100,,780074,75,,,1
38400,'20260619',1643,,755772,27,4,,0,93,,755773,27,4,,0,115,,755774,27,4,,0
58400,'20260619',1609,,756342,25,4,,0,29,,756343,25,4,,0,70,,756344,25,4,,0,35,,756345,25,4,,0
58400,'20260622',1627,,783789,25,4,,0,77,,783790,25,4,,0,51,,783791,25,4,,0
58400,'20260623',1627,,783792,25,4,,0,77,,783793,25,4,,0,51,,783794,25,4,,0
58400,'20260625',1627,,724267,25,4,,0,77,,724266,25,4,,0,51,,724268,25,4,,0
58400,'20260626',1627,,724270,25,4,,0,77,,724269,25,4,,0,51,,724271,25,4,,0
58400,'20260629',1627,,756353,25,4,,0,77,,756352,25,4,,0,51,,756354,25,4,,0
58400,'20260630',1627,,756356,25,4,,0,77,,756355,25,4,,0,51,,756357,25,4,,0
58400,'20260702',1627,,783796,25,4,,0,77,,783795,25,4,,0,51,,783797,25,4,,0
58400,'20260703',1627,,783799,25,4,,0,77,,783798,25,4,,0,51,,783800,25,4,,0
97203,'20260619',2621,,767721,69,,,0
97203,'20260620',2621,,793809,69,,,0
97203,'20260626',2621,,737447,69,,,0
97203,'20260627',2621,,767723,69,,,0
97203,'20260703',2621,,793810,69,,,0
