7203,'20260522',643,,523164,17,,,0,71,,523165,17,,,0,33,,523166,17,,,0,70,,523167,17,,,0,28,,523168,17,,,0,69,,523169,17,,,0,29,,523170,17,,,0,70,,523171,17,,,0,30,,523172,17,,,0,70,,523173,17,,,0,30,,523174,17,,,0,70,,523175,17,,,0,30,,523176,17,,,0,70,,523177,17,,,0,30,,523178,17,,,0,70,,523179,17,,,0,30,,523180,17,,,0,71,,523181,17,,,0,31,,523182,17,,,0,71,,523183,17,,,0,30,,523184,17,,,0,69,,523185,17,,,0,28,,523186,17,,,0,70,,523187,17,,,0,29,,523188,17,,,0,70,,523189,17,,,0,100,,523190,17,,,0,100,,523191,17,,,0,100,,523192,17,,,0,100,,523193,17,,,0,100,,523194,17,,,0
7203,'20260523',712,,555148,17,,,0,100,,555149,17,,,0,100,,555150,17,,,0,100,,555151,17,,,0,100,,555152,17,,,0,100,,555153,17,,,0,101,,555154,17,,,0,100,,555155,17,,,0,100,,555156,17,,,0,100,,555157,17,,,0,100,,555158,17,,,0,100,,555159,17,,,0,99,,555160,17,,,0,100,,555161,17,,,0,100,,555162,17,,,0,100,,555163,17,,,0,100,,555164,17,,,0,100,,555165,17,,,0,30,,555166,17,,,0
7203,'20260524',712,,555167,17,,,0,100,,555168,17,,,0,100,,555169,17,,,0,100,,555170,17,,,0,100,,555171,17,,,0,100,,555172,17,,,0,101,,555173,17,,,0,100,,555174,17,,,0,100,,555175,17,,,0,100,,555176,17,,,0,100,,555177,17,,,0,100,,555178,17,,,0,99,,555179,17,,,0,100,,555180,17,,,0,100,,555181,17,,,0,100,,555182,17,,,0,100,,555183,17,,,0,100,,555184,17,,,0,30,,555185,17,,,0
7203,'20260525',643,,555186,17,,,0,71,,555187,17,,,0,33,,555188,17,,,0,70,,555189,17,,,0,28,,555190,17,,,0,69,,555191,17,,,0,29,,555192,17,,,0,70,,555193,17,,,0,30,,555194,17,,,0,70,,555195,17,,,0,30,,555196,17,,,0,70,,555197,17,,,0,30,,555198,17,,,0,70,,555199,17,,,0,30,,555200,17,,,0,70,,555201,17,,,0,30,,555202,17,,,0,71,,555203,17,,,0,31,,555204,17,,,0,71,,555205,17,,,0,30,,555206,17,,,0,69,,555207,17,,,0,28,,555208,17,,,0,70,,555209,17,,,0,29,,555210,17,,,0,70,,555211,17,,,0,100,,555212,17,,,0,100,,555213,17,,,0,100,,555214,17,,,0,100,,555215,17,,,0,100,,555216,17,,,0
7203,'20260526',643,,555217,17,,,0,71,,555218,17,,,0,33,,555219,17,,,0,70,,555220,17,,,0,28,,555221,17,,,0,69,,555222,17,,,0,29,,555223,17,,,0,70,,555224,17,,,0,30,,555225,17,,,0,70,,555226,17,,,0,30,,555227,17,,,0,70,,555228,17,,,0,30,,555229,17,,,0,70,,555230,17,,,0,30,,555231,17,,,0,70,,555232,17,,,0,30,,555233,17,,,0,71,,555234,17,,,0,31,,555235,17,,,0,71,,555236,17,,,0,30,,555237,17,,,0,69,,555238,17,,,0,28,,555239,17,,,0,70,,555240,17,,,0,29,,555241,17,,,0,70,,555242,17,,,0,100,,555243,17,,,0,100,,555244,17,,,0,100,,555245,17,,,0,100,,555246,17,,,0,100,,555247,17,,,0
7203,'20260527',643,,555248,17,,,0,71,,555249,17,,,0,33,,555250,17,,,0,70,,555251,17,,,0,28,,555252,17,,,0,69,,555253,17,,,0,29,,555254,17,,,0,70,,555255,17,,,0,30,,555256,17,,,0,70,,555257,17,,,0,30,,555258,17,,,0,70,,555259,17,,,0,30,,555260,17,,,0,70,,555261,17,,,0,30,,555262,17,,,0,70,,555263,17,,,0,30,,555264,17,,,0,71,,555265,17,,,0,31,,555266,17,,,0,71,,555267,17,,,0,30,,555268,17,,,0,69,,555269,17,,,0,28,,555270,17,,,0,70,,555271,17,,,0,29,,555272,17,,,0,70,,555273,17,,,0,100,,555274,17,,,0,100,,555275,17,,,0,100,,555276,17,,,0,100,,555277,17,,,0,100,,555278,17,,,0
7203,'20260528',643,,555279,17,,,0,71,,555280,17,,,0,33,,555281,17,,,0,70,,555282,17,,,0,28,,555283,17,,,0,69,,555284,17,,,0,29,,555285,17,,,0,70,,555286,17,,,0,30,,555287,17,,,0,70,,555288,17,,,0,30,,555289,17,,,0,70,,555290,17,,,0,30,,555291,17,,,0,70,,555292,17,,,0,30,,555293,17,,,0,70,,555294,17,,,0,30,,555295,17,,,0,71,,555296,17,,,0,31,,555297,17,,,0,71,,555298,17,,,0,30,,555299,17,,,0,69,,555300,17,,,0,28,,555301,17,,,0,70,,555302,17,,,0,29,,555303,17,,,0,70,,555304,17,,,0,100,,555305,17,,,0,100,,555306,17,,,0,100,,555307,17,,,0,100,,555308,17,,,0,100,,555309,17,,,0
7203,'20260529',643,,523195,17,,,0,71,,523196,17,,,0,33,,523197,17,,,0,70,,523198,17,,,0,28,,523199,17,,,0,69,,523200,17,,,0,29,,523201,17,,,0,70,,523202,17,,,0,30,,523203,17,,,0,70,,523204,17,,,0,30,,523205,17,,,0,70,,523206,17,,,0,30,,523207,17,,,0,70,,523208,17,,,0,30,,523209,17,,,0,70,,523210,17,,,0,30,,523211,17,,,0,71,,523212,17,,,0,31,,523213,17,,,0,71,,523214,17,,,0,30,,523215,17,,,0,69,,523216,17,,,0,28,,523217,17,,,0,70,,523218,17,,,0,29,,523219,17,,,0,70,,523220,17,,,0,100,,523221,17,,,0,100,,523222,17,,,0,100,,523223,17,,,0,100,,523224,17,,,0,100,,523225,17,,,0
7203,'20260530',712,,523226,17,,,0,100,,523227,17,,,0,100,,523228,17,,,0,100,,523229,17,,,0,100,,523230,17,,,0,100,,523231,17,,,0,101,,523232,17,,,0,100,,523233,17,,,0,100,,523234,17,,,0,100,,523235,17,,,0,100,,523236,17,,,0,100,,523237,17,,,0,99,,523238,17,,,0,100,,523239,17,,,0,100,,523240,17,,,0,100,,523241,17,,,0,100,,523242,17,,,0,100,,523243,17,,,0,30,,523244,17,,,0
7203,'20260531',712,,523245,17,,,0,100,,523246,17,,,0,100,,523247,17,,,0,100,,523248,17,,,0,100,,523249,17,,,0,100,,523250,17,,,0,101,,523251,17,,,0,100,,523252,17,,,0,100,,523253,17,,,0,100,,523254,17,,,0,100,,523255,17,,,0,100,,523261,17,,,0,99,,523262,17,,,0,100,,523256,17,,,0,100,,523257,17,,,0,100,,523258,17,,,0,100,,523259,17,,,0,100,,523260,17,,,0,30,,523263,17,,,0
7203,'20260601',643,,523264,17,,,0,71,,523265,17,,,0,33,,523266,17,,,0,70,,523267,17,,,0,28,,523268,17,,,0,69,,523269,17,,,0,29,,523270,17,,,0,70,,523271,17,,,0,30,,523272,17,,,0,70,,523273,17,,,0,30,,523274,17,,,0,70,,523275,17,,,0,30,,523276,17,,,0,70,,523277,17,,,0,30,,523278,17,,,0,70,,523279,17,,,0,30,,523280,17,,,0,71,,523281,17,,,0,31,,523282,17,,,0,71,,523283,17,,,0,30,,523284,17,,,0,69,,523285,17,,,0,28,,523286,17,,,0,70,,523287,17,,,0,29,,523288,17,,,0,70,,523289,17,,,0,100,,523290,17,,,0,100,,523291,17,,,0,100,,523292,17,,,0,100,,523293,17,,,0,100,,523294,17,,,0
7203,'20260602',643,,523295,17,,,0,71,,523296,17,,,0,33,,523297,17,,,0,70,,523298,17,,,0,28,,523299,17,,,0,69,,523300,17,,,0,29,,523301,17,,,0,70,,523302,17,,,0,30,,523303,17,,,0,70,,523304,17,,,0,30,,523305,17,,,0,70,,523306,17,,,0,30,,523307,17,,,0,70,,523308,17,,,0,30,,523309,17,,,0,70,,523310,17,,,0,30,,523311,17,,,0,71,,523312,17,,,0,31,,523313,17,,,0,71,,523314,17,,,0,30,,523315,17,,,0,69,,523316,17,,,0,28,,523317,17,,,0,70,,523318,17,,,0,29,,523319,17,,,0,70,,523320,17,,,0,100,,523321,17,,,0,100,,523322,17,,,0,100,,523323,17,,,0,100,,523324,17,,,0,100,,523325,17,,,0
7203,'20260603',643,,555310,17,,,0,71,,555311,17,,,0,33,,555312,17,,,0,70,,555313,17,,,0,28,,555314,17,,,0,69,,555315,17,,,0,29,,555316,17,,,0,70,,555317,17,,,0,30,,555318,17,,,0,70,,555319,17,,,0,30,,555320,17,,,0,70,,555321,17,,,0,30,,555322,17,,,0,70,,555323,17,,,0,30,,555324,17,,,0,70,,555325,17,,,0,30,,555326,17,,,0,71,,555327,17,,,0,31,,555328,17,,,0,71,,555329,17,,,0,30,,555330,17,,,0,69,,555331,17,,,0,28,,555332,17,,,0,70,,555333,17,,,0,29,,555334,17,,,0,70,,555335,17,,,0,100,,555336,17,,,0,100,,555337,17,,,0,100,,555338,17,,,0,100,,555339,17,,,0,100,,555340,17,,,0
7203,'20260604',643,,555341,17,,,0,71,,555342,17,,,0,33,,555343,17,,,0,70,,555344,17,,,0,28,,555345,17,,,0,69,,555346,17,,,0,29,,555347,17,,,0,70,,555348,17,,,0,30,,555349,17,,,0,70,,555350,17,,,0,30,,555351,17,,,0,70,,555352,17,,,0,30,,555353,17,,,0,70,,555354,17,,,0,30,,555355,17,,,0,70,,555356,17,,,0,30,,555357,17,,,0,71,,555358,17,,,0,31,,555359,17,,,0,71,,555360,17,,,0,30,,555361,17,,,0,69,,555362,17,,,0,28,,555363,17,,,0,70,,555364,17,,,0,29,,555365,17,,,0,70,,555366,17,,,0,100,,555367,17,,,0,100,,555368,17,,,0,100,,555369,17,,,0,100,,555370,17,,,0,100,,555371,17,,,0
7203,'20260605',643,,555372,17,,,0,71,,555373,17,,,0,33,,555374,17,,,0,70,,555375,17,,,0,28,,555376,17,,,0,69,,555377,17,,,0,29,,555378,17,,,0,70,,555379,17,,,0,30,,555380,17,,,0,70,,555381,17,,,0,30,,555382,17,,,0,70,,555383,17,,,0,30,,555384,17,,,0,70,,555385,17,,,0,30,,555386,17,,,0,70,,555387,17,,,0,30,,555388,17,,,0,71,,555389,17,,,0,31,,555390,17,,,0,71,,555391,17,,,0,30,,555392,17,,,0,69,,555393,17,,,0,28,,555394,17,,,0,70,,555395,17,,,0,29,,555396,17,,,0,70,,555397,17,,,0,100,,555398,17,,,0,100,,555399,17,,,0,100,,555400,17,,,0,100,,555401,17,,,0,100,,555402,17,,,0
18500,'20260522',1601,,528336,39,,,0,102,,528337,39,,,0,41,,528338,39,,,0,61,,528339,39,,,0,46,,528340,39,,,0
18500,'20260525',1601,,561060,39,,,0,102,,561061,39,,,0,41,,561062,39,,,0,61,,561063,39,,,0,46,,561064,39,,,0
18500,'20260526',1601,,561066,39,,,0,102,,561067,39,,,0,41,,561068,39,,,0,61,,561069,39,,,0,46,,561070,39,,,0
18500,'20260527',1601,,561072,39,,,0,102,,561073,39,,,0,41,,561074,39,,,0,61,,561075,39,,,0,46,,561076,39,,,0
18500,'20260528',1601,,561078,39,,,0,102,,561079,39,,,0,41,,561080,39,,,0,61,,561081,39,,,0,46,,561082,39,,,0
18500,'20260529',1601,,528341,39,,,0,102,,528342,39,,,0,41,,528343,39,,,0,61,,528344,39,,,0,46,,528346,39,,,0
18500,'20260601',1601,,528347,39,,,0,102,,528348,39,,,0,41,,528349,39,,,0,61,,528350,39,,,0,46,,528352,39,,,0
18500,'20260602',1601,,528353,39,,,0,102,,528354,39,,,0,41,,528355,39,,,0,61,,528356,39,,,0,46,,528358,39,,,0
18500,'20260603',1601,,561083,39,,,0,102,,561084,39,,,0,41,,561085,39,,,0,61,,561086,39,,,0,46,,561088,39,,,0
18500,'20260604',1601,,561089,39,,,0,102,,561090,39,,,0,41,,561091,39,,,0,61,,561092,39,,,0,46,,561094,39,,,0
18500,'20260605',1601,,561095,39,,,0,102,,561096,39,,,0,41,,561097,39,,,0,61,,561098,39,,,0,46,,561100,39,,,0
27300,'20260522',1606,,529216,17,4,,0,33,,529217,17,4,,0,69,,529218,17,4,,0,38,,529219,17,4,,0
27300,'20260525',1606,,562092,17,4,,0,33,,562093,17,4,,0,69,,562094,17,4,,0,38,,562095,17,4,,0
27300,'20260526',1606,,562096,17,4,,0,33,,562097,17,4,,0,69,,562098,17,4,,0,38,,562099,17,4,,0
27300,'20260527',1606,,562100,17,4,,0,33,,562101,17,4,,0,69,,562102,17,4,,0,38,,562103,17,4,,0
27300,'20260528',1606,,562104,17,4,,0,33,,562105,17,4,,0,69,,562106,17,4,,0,38,,562107,17,4,,0
27300,'20260529',1606,,529220,17,4,,0,33,,529221,17,4,,0,69,,529222,17,4,,0,38,,529223,17,4,,0
27300,'20260601',1606,,529224,17,4,,0,33,,529225,17,4,,0,69,,529226,17,4,,0,38,,529227,17,4,,0
27300,'20260602',1606,,529228,17,4,,0,33,,529229,17,4,,0,69,,529230,17,4,,0,38,,529231,17,4,,0
27300,'20260603',1606,,562108,17,4,,0,33,,562109,17,4,,0,69,,562110,17,4,,0,38,,562111,17,4,,0
27300,'20260604',1606,,562112,17,4,,0,33,,562113,17,4,,0,69,,562114,17,4,,0,38,,562115,17,4,,0
27300,'20260605',1606,,562116,17,4,,0,33,,562117,17,4,,0,69,,562118,17,4,,0,38,,562119,17,4,,0
97203,'20260522',2603,,542186,28,,,0
97203,'20260523',2603,,576928,28,,,0
97203,'20260529',2603,,542187,28,,,0
97203,'20260530',2603,,542188,28,,,0
97203,'20260605',2603,,576929,28,,,0
