5902,'20260529',728,,582658,43,,,0,104,,582659,43,,,0,69,,582660,43,,,0,27,,582661,43,,,0,100,,582662,43,,,0,100,,582663,43,,,0,101,,582664,43,,,0,100,,582665,43,,,0,100,,582666,43,,,0,101,,582667,43,,,0,110,,582668,43,,,0,93,,582669,43,,,0,96,,582670,43,,,0,99,,582671,43,,,0,99,,582672,43,,,0,100,,582673,43,,,0,99,,582674,43,,,0,99,,582675,43,,,0
5902,'20260530',826,,607177,43,,,0,101,,607178,43,,,0,101,,607179,43,,,0,100,,607180,43,,,0,100,,607181,43,,,0,100,,607182,43,,,0,100,,607183,43,,,0,100,,607184,43,,,0,100,,607185,43,,,0,100,,607186,43,,,0,99,,607187,43,,,0,99,,607188,43,,,0,100,,607189,43,,,0,100,,607190,43,,,0,100,,607191,43,,,0
5902,'20260531',826,,607192,43,,,0,101,,607193,43,,,0,101,,607194,43,,,0,100,,607195,43,,,0,100,,607196,43,,,0,100,,607197,43,,,0,100,,607198,43,,,0,100,,607199,43,,,0,100,,607200,43,,,0,100,,607201,43,,,0,99,,607202,43,,,0,99,,607203,43,,,0,100,,607204,43,,,0,100,,607205,43,,,0,100,,607206,43,,,0
5902,'20260601',728,,607207,43,,,0,104,,607208,43,,,0,69,,607209,43,,,0,27,,607210,43,,,0,100,,607211,43,,,0,100,,607212,43,,,0,101,,607213,43,,,0,100,,607214,43,,,0,100,,607215,43,,,0,101,,607216,43,,,0,110,,607217,43,,,0,93,,607218,43,,,0,96,,607219,43,,,0,99,,607220,43,,,0,99,,607221,43,,,0,100,,607222,43,,,0,99,,607223,43,,,0,99,,607224,43,,,0
5902,'20260602',728,,607225,43,,,0,104,,607226,43,,,0,69,,607227,43,,,0,27,,607228,43,,,0,100,,607229,43,,,0,100,,607230,43,,,0,101,,607231,43,,,0,100,,607232,43,,,0,100,,607233,43,,,0,101,,607234,43,,,0,110,,607235,43,,,0,93,,607236,43,,,0,96,,607237,43,,,0,99,,607238,43,,,0,99,,607239,43,,,0,100,,607240,43,,,0,99,,607241,43,,,0,99,,607242,43,,,0
5902,'20260603',728,,607243,43,,,0,104,,607244,43,,,0,69,,607245,43,,,0,27,,607246,43,,,0,100,,607247,43,,,0,100,,607248,43,,,0,101,,607249,43,,,0,100,,607250,43,,,0,100,,607251,43,,,0,101,,607252,43,,,0,110,,607253,43,,,0,93,,607254,43,,,0,96,,607255,43,,,0,99,,607256,43,,,0,99,,607257,43,,,0,100,,607258,43,,,0,99,,607259,43,,,0,99,,607260,43,,,0
5902,'20260604',728,,607261,43,,,0,104,,607262,43,,,0,69,,607263,43,,,0,27,,607264,43,,,0,100,,607265,43,,,0,100,,607266,43,,,0,101,,607267,43,,,0,100,,607268,43,,,0,100,,607269,43,,,0,101,,607270,43,,,0,110,,607271,43,,,0,93,,607272,43,,,0,96,,607273,43,,,0,99,,607274,43,,,0,99,,607275,43,,,0,100,,607276,43,,,0,99,,607277,43,,,0,99,,607278,43,,,0
5902,'20260605',728,,553049,43,,,0,104,,553050,43,,,0,69,,553066,43,,,0,27,,553051,43,,,0,100,,553052,43,,,0,100,,553053,43,,,0,101,,553054,43,,,0,100,,553055,43,,,0,100,,553056,43,,,0,101,,553057,43,,,0,110,,553058,43,,,0,93,,553059,43,,,0,96,,553060,43,,,0,99,,553061,43,,,0,99,,553062,43,,,0,100,,553063,43,,,0,99,,553064,43,,,0,99,,553065,43,,,0
5902,'20260606',826,,582676,43,,,0,101,,582677,43,,,0,101,,582678,43,,,0,100,,582679,43,,,0,100,,582680,43,,,0,100,,582681,43,,,0,100,,582682,43,,,0,100,,582683,43,,,0,100,,582684,43,,,0,100,,582685,43,,,0,99,,582686,43,,,0,99,,582687,43,,,0,100,,582688,43,,,0,100,,582689,43,,,0,100,,582690,43,,,0
5902,'20260607',826,,582691,43,,,0,101,,582692,43,,,0,101,,582693,43,,,0,100,,582694,43,,,0,100,,582695,43,,,0,100,,582696,43,,,0,100,,582697,43,,,0,100,,582698,43,,,0,100,,582699,43,,,0,100,,582700,43,,,0,99,,582701,43,,,0,99,,582702,43,,,0,100,,582703,43,,,0,100,,582704,43,,,0,100,,582705,43,,,0
5902,'20260608',728,,582706,43,,,0,104,,582707,43,,,0,69,,582723,43,,,0,27,,582708,43,,,0,100,,582709,43,,,0,100,,582710,43,,,0,101,,582711,43,,,0,100,,582712,43,,,0,100,,582713,43,,,0,101,,582714,43,,,0,110,,582715,43,,,0,93,,582716,43,,,0,96,,582717,43,,,0,99,,582718,43,,,0,99,,582719,43,,,0,100,,582720,43,,,0,99,,582721,43,,,0,99,,582722,43,,,0
5902,'20260609',728,,582724,43,,,0,104,,582725,43,,,0,69,,582741,43,,,0,27,,582726,43,,,0,100,,582727,43,,,0,100,,582728,43,,,0,101,,582729,43,,,0,100,,582730,43,,,0,100,,582731,43,,,0,101,,582732,43,,,0,110,,582733,43,,,0,93,,582734,43,,,0,96,,582735,43,,,0,99,,582736,43,,,0,99,,582737,43,,,0,100,,582738,43,,,0,99,,582739,43,,,0,99,,582740,43,,,0
5902,'20260610',728,,607279,43,,,0,104,,607280,43,,,0,69,,607296,43,,,0,27,,607281,43,,,0,100,,607282,43,,,0,100,,607283,43,,,0,101,,607284,43,,,0,100,,607285,43,,,0,100,,607286,43,,,0,101,,607287,43,,,0,110,,607288,43,,,0,93,,607289,43,,,0,96,,607290,43,,,0,99,,607291,43,,,0,99,,607292,43,,,0,100,,607293,43,,,0,99,,607294,43,,,0,99,,607295,43,,,0
5902,'20260611',728,,607297,43,,,0,104,,607298,43,,,0,69,,607314,43,,,0,27,,607299,43,,,0,100,,607300,43,,,0,100,,607301,43,,,0,101,,607302,43,,,0,100,,607303,43,,,0,100,,607304,43,,,0,101,,607305,43,,,0,110,,607306,43,,,0,93,,607307,43,,,0,96,,607308,43,,,0,99,,607309,43,,,0,99,,607310,43,,,0,100,,607311,43,,,0,99,,607312,43,,,0,99,,607313,43,,,0
5902,'20260612',728,,607315,43,,,0,104,,607316,43,,,0,69,,607332,43,,,0,27,,607317,43,,,0,100,,607318,43,,,0,100,,607319,43,,,0,101,,607320,43,,,0,100,,607321,43,,,0,100,,607322,43,,,0,101,,607323,43,,,0,110,,607324,43,,,0,93,,607325,43,,,0,96,,607326,43,,,0,99,,607327,43,,,0,99,,607328,43,,,0,100,,607329,43,,,0,99,,607330,43,,,0,99,,607331,43,,,0
5902,'20261511',826,,607333,43,,,0,101,,607334,43,,,0,101,,607335,43,,,0,100,,607336,43,,,0,100,,607337,43,,,0,100,,607338,43,,,0,100,,607339,43,,,0,100,,607340,43,,,0,100,,607341,43,,,0,100,,607342,43,,,0,99,,607343,43,,,0,99,,607344,43,,,0,100,,607345,43,,,0,100,,607346,43,,,0,100,,607347,43,,,0
5902,'20261611',826,,607348,43,,,0,101,,607349,43,,,0,101,,607350,43,,,0,100,,607351,43,,,0,100,,607352,43,,,0,100,,607353,43,,,0,100,,607354,43,,,0,100,,607355,43,,,0,100,,607356,43,,,0,100,,607357,43,,,0,99,,607358,43,,,0,99,,607359,43,,,0,100,,607360,43,,,0,100,,607361,43,,,0,100,,607362,43,,,0
35000,'20260529',1302,,587885,46,4,,0,304,,587886,46,4,,0,104,,587887,46,4,,0,92,,587888,46,4,,0,108,,587889,46,4,,0
35000,'20260601',1302,,618899,46,4,,0,304,,618900,46,4,,0,104,,618901,46,4,,0,92,,618902,46,4,,0,108,,618903,46,4,,0
35000,'20260602',1302,,618904,46,4,,0,304,,618905,46,4,,0,104,,618906,46,4,,0,92,,618907,46,4,,0,108,,618908,46,4,,0
35000,'20260603',1302,,618909,46,4,,0,304,,618910,46,4,,0,104,,618911,46,4,,0,92,,618912,46,4,,0,108,,618913,46,4,,0
35000,'20260604',1302,,618914,46,4,,0,304,,618915,46,4,,0,104,,618916,46,4,,0,92,,618917,46,4,,0,108,,618918,46,4,,0
35000,'20260605',1302,,563228,46,4,,0,304,,563232,46,4,,0,104,,563229,46,4,,0,92,,563230,46,4,,0,108,,563231,46,4,,0
35000,'20260608',1302,,587890,46,4,,0,304,,587894,46,4,,0,104,,587891,46,4,,0,92,,587892,46,4,,0,108,,587893,46,4,,0
35000,'20260609',1302,,587895,46,4,,0,304,,587899,46,4,,0,104,,587896,46,4,,0,92,,587897,46,4,,0,108,,587898,46,4,,0
35000,'20260610',1302,,618919,46,4,,0,304,,618923,46,4,,0,104,,618920,46,4,,0,92,,618921,46,4,,0,108,,618922,46,4,,0
35000,'20260611',1302,,618924,46,4,,0,304,,618928,46,4,,0,104,,618925,46,4,,0,92,,618926,46,4,,0,108,,618927,46,4,,0
35000,'20260612',1302,,618929,46,4,,0,304,,618933,46,4,,0,104,,618930,46,4,,0,92,,618931,46,4,,0,108,,618932,46,4,,0
55000,'20260529',1553,,588242,44,4,,0,72,,588243,44,4,,0,95,,588244,44,4,,0,19,,588245,44,4,,0,78,,588246,44,4,,0
55000,'20260601',1553,,619884,44,4,,0,72,,619885,44,4,,0,95,,619886,44,4,,0,19,,619887,44,4,,0,78,,619888,44,4,,0
55000,'20260602',1553,,619889,44,4,,0,72,,619890,44,4,,0,95,,619891,44,4,,0,19,,619892,44,4,,0,78,,619893,44,4,,0
55000,'20260603',1553,,619894,44,4,,0,72,,619895,44,4,,0,95,,619896,44,4,,0,19,,619897,44,4,,0,78,,619898,44,4,,0
55000,'20260604',1553,,619899,44,4,,0,72,,619900,44,4,,0,95,,619901,44,4,,0,19,,619902,44,4,,0,78,,619903,44,4,,0
55000,'20260605',1553,,564145,44,4,,0,72,,564143,44,4,,0,95,,564142,44,4,,0,19,,564141,44,4,,0,78,,564144,44,4,,0
55000,'20260608',1553,,588251,44,4,,0,72,,588249,44,4,,0,95,,588248,44,4,,0,19,,588247,44,4,,0,78,,588250,44,4,,0
55000,'20260609',1553,,588256,44,4,,0,72,,588254,44,4,,0,95,,588253,44,4,,0,19,,588252,44,4,,0,78,,588255,44,4,,0
55000,'20260610',1553,,619908,44,4,,0,72,,619906,44,4,,0,95,,619905,44,4,,0,19,,619904,44,4,,0,78,,619907,44,4,,0
55000,'20260611',1553,,619913,44,4,,0,72,,619911,44,4,,0,95,,619910,44,4,,0,19,,619909,44,4,,0,78,,619912,44,4,,0
55000,'20260612',1553,,619918,44,4,,0,72,,619916,44,4,,0,95,,619915,44,4,,0,19,,619914,44,4,,0,78,,619917,44,4,,0
95002,'20260529',2606,,594999,40,,,0,129,,595000,40,,,0
95002,'20260530',2606,,634942,40,,,0,129,,634943,40,,,0
95002,'20260605',2606,,576922,40,,,0,129,,576923,40,,,0
95002,'20260606',2606,,595002,40,,,0,129,,595001,40,,,0
95002,'20260612',2606,,634944,40,,,0,129,,634945,40,,,0
95002,'20261511',2606,,634947,40,,,0,129,,634946,40,,,0
