23801,'20260522',644,,528577,7,,,0,58,,528578,7,,,0,16,,528579,7,,,0,20,,528580,7,,,0
23801,'20260525',644,,561346,7,,,0,58,,561347,7,,,0,16,,561348,7,,,0,20,,561349,7,,,0
23801,'20260526',644,,561350,7,,,0,58,,561351,7,,,0,16,,561352,7,,,0,20,,561353,7,,,0
23801,'20260527',644,,561354,7,,,0,58,,561355,7,,,0,16,,561356,7,,,0,20,,561357,7,,,0
23801,'20260528',644,,561358,7,,,0,58,,561359,7,,,0,16,,561360,7,,,0,20,,561361,7,,,0
23801,'20260529',644,,528581,7,,,0,58,,528582,7,,,0,16,,528583,7,,,0,20,,528584,7,,,0
23801,'20260601',644,,528585,7,,,0,58,,528586,7,,,0,16,,528587,7,,,0,20,,528588,7,,,0
23801,'20260602',644,,528589,7,,,0,58,,528590,7,,,0,16,,528591,7,,,0,20,,528592,7,,,0
23801,'20260603',644,,561362,7,,,0,58,,561363,7,,,0,16,,561364,7,,,0,20,,561365,7,,,0
23801,'20260604',644,,561366,7,,,0,58,,561367,7,,,0,16,,561368,7,,,0,20,,561369,7,,,0
23801,'20260605',644,,561370,7,,,0,58,,561371,7,,,0,16,,561372,7,,,0,20,,561373,7,,,0
