5302,'20260512',717,,443998,19,,,0,27,,443999,19,,,0,74,,444000,19,,,0,38,,444001,19,,,0,72,,444002,19,,,0,88,,444003,19,,,0,100,,444004,19,,,0,99,,444005,19,,,0,101,,444006,19,,,0,100,,444007,19,,,0,100,,444008,19,,,0,29,,444009,19,,,0,76,,444010,19,,,0,35,,444011,19,,,0,71,,444012,19,,,0,23,,444013,19,,,0,67,,444014,19,,,0,101,,444015,19,,,0,101,,444016,19,,,0,100,,444017,19,,,0,101,,444018,19,,,0,107,,444019,19,,,0
5302,'20260513',717,,468061,19,,,0,27,,468062,19,,,0,74,,468063,19,,,0,38,,468064,19,,,0,72,,468065,19,,,0,88,,468066,19,,,0,100,,468067,19,,,0,99,,468068,19,,,0,101,,468069,19,,,0,100,,468070,19,,,0,100,,468071,19,,,0,29,,468072,19,,,0,76,,468073,19,,,0,35,,468074,19,,,0,71,,468075,19,,,0,23,,468076,19,,,0,67,,468077,19,,,0,101,,468078,19,,,0,101,,468079,19,,,0,100,,468080,19,,,0,101,,468081,19,,,0,107,,468082,19,,,0
5302,'20260514',717,,468083,19,,,0,27,,468084,19,,,0,74,,468085,19,,,0,38,,468086,19,,,0,72,,468087,19,,,0,88,,468088,19,,,0,100,,468089,19,,,0,99,,468090,19,,,0,101,,468091,19,,,0,100,,468092,19,,,0,100,,468093,19,,,0,29,,468094,19,,,0,76,,468095,19,,,0,35,,468096,19,,,0,71,,468097,19,,,0,23,,468098,19,,,0,67,,468099,19,,,0,101,,468100,19,,,0,101,,468101,19,,,0,100,,468102,19,,,0,101,,468103,19,,,0,107,,468104,19,,,0
5302,'20260515',717,,468105,19,,,0,27,,468106,19,,,0,74,,468107,19,,,0,38,,468108,19,,,0,72,,468109,19,,,0,88,,468110,19,,,0,100,,468111,19,,,0,99,,468112,19,,,0,101,,468113,19,,,0,100,,468114,19,,,0,100,,468115,19,,,0,29,,468116,19,,,0,76,,468117,19,,,0,35,,468118,19,,,0,71,,468119,19,,,0,23,,468120,19,,,0,67,,468121,19,,,0,101,,468122,19,,,0,101,,468123,19,,,0,100,,468124,19,,,0,101,,468125,19,,,0,107,,468126,19,,,0
5302,'20260516',715,,426215,19,,,0,101,,426202,19,,,0,99,,426203,19,,,0,100,,426214,19,,,0,99,,426204,19,,,0,99,,426205,19,,,0,100,,426216,19,,,0,99,,426206,19,,,0,100,,426207,19,,,0,103,,426217,19,,,0,99,,426208,19,,,0,100,,426209,19,,,0,100,,426213,19,,,0,100,,426210,19,,,0,100,,426211,19,,,0,98,,426218,19,,,0,106,,426212,19,,,0
5302,'20260517',715,,426232,19,,,0,101,,426219,19,,,0,99,,426220,19,,,0,100,,426231,19,,,0,99,,426221,19,,,0,99,,426222,19,,,0,100,,426233,19,,,0,99,,426223,19,,,0,100,,426224,19,,,0,103,,426234,19,,,0,99,,426225,19,,,0,100,,426226,19,,,0,100,,426230,19,,,0,100,,426227,19,,,0,100,,426228,19,,,0,98,,426235,19,,,0,106,,426229,19,,,0
5302,'20260518',715,,426249,19,,,0,101,,426236,19,,,0,99,,426237,19,,,0,100,,426248,19,,,0,99,,426238,19,,,0,99,,426239,19,,,0,100,,426250,19,,,0,99,,426240,19,,,0,100,,426241,19,,,0,103,,426251,19,,,0,99,,426242,19,,,0,100,,426243,19,,,0,100,,426247,19,,,0,100,,426244,19,,,0,100,,426245,19,,,0,98,,426252,19,,,0,106,,426246,19,,,0
5302,'20260519',717,,426271,19,,,0,27,,426274,19,,,0,74,,426253,19,,,0,38,,426265,19,,,0,72,,426273,19,,,0,88,,426266,19,,,0,100,,426254,19,,,0,99,,426270,19,,,0,101,,426267,19,,,0,100,,426268,19,,,0,100,,426269,19,,,0,29,,426263,19,,,0,76,,426255,19,,,0,35,,426262,19,,,0,71,,426260,19,,,0,23,,426256,19,,,0,67,,426257,19,,,0,101,,426261,19,,,0,101,,426258,19,,,0,100,,426259,19,,,0,101,,426264,19,,,0,107,,426272,19,,,0
5302,'20260520',717,,444038,19,,,0,27,,444041,19,,,0,74,,444020,19,,,0,38,,444032,19,,,0,72,,444040,19,,,0,88,,444033,19,,,0,100,,444021,19,,,0,99,,444037,19,,,0,101,,444034,19,,,0,100,,444035,19,,,0,100,,444036,19,,,0,29,,444030,19,,,0,76,,444022,19,,,0,35,,444029,19,,,0,71,,444027,19,,,0,23,,444023,19,,,0,67,,444024,19,,,0,101,,444028,19,,,0,101,,444025,19,,,0,100,,444026,19,,,0,101,,444031,19,,,0,107,,444039,19,,,0
5302,'20260521',717,,444060,19,,,0,27,,444063,19,,,0,74,,444042,19,,,0,38,,444054,19,,,0,72,,444062,19,,,0,88,,444055,19,,,0,100,,444043,19,,,0,99,,444059,19,,,0,101,,444056,19,,,0,100,,444057,19,,,0,100,,444058,19,,,0,29,,444052,19,,,0,76,,444044,19,,,0,35,,444051,19,,,0,71,,444049,19,,,0,23,,444045,19,,,0,67,,444046,19,,,0,101,,444050,19,,,0,101,,444047,19,,,0,100,,444048,19,,,0,101,,444053,19,,,0,107,,444061,19,,,0
5302,'20260522',717,,468145,19,,,0,27,,468148,19,,,0,74,,468127,19,,,0,38,,468139,19,,,0,72,,468147,19,,,0,88,,468140,19,,,0,100,,468128,19,,,0,99,,468144,19,,,0,101,,468141,19,,,0,100,,468142,19,,,0,100,,468143,19,,,0,29,,468137,19,,,0,76,,468129,19,,,0,35,,468136,19,,,0,71,,468134,19,,,0,23,,468130,19,,,0,67,,468131,19,,,0,101,,468135,19,,,0,101,,468132,19,,,0,100,,468133,19,,,0,101,,468138,19,,,0,107,,468146,19,,,0
5302,'20260523',715,,468162,19,,,0,101,,468149,19,,,0,99,,468150,19,,,0,100,,468161,19,,,0,99,,468151,19,,,0,99,,468152,19,,,0,100,,468163,19,,,0,99,,468153,19,,,0,100,,468154,19,,,0,103,,468164,19,,,0,99,,468155,19,,,0,100,,468156,19,,,0,100,,468160,19,,,0,100,,468157,19,,,0,100,,468158,19,,,0,98,,468165,19,,,0,106,,468159,19,,,0
5302,'20260524',715,,468179,19,,,0,101,,468166,19,,,0,99,,468167,19,,,0,100,,468178,19,,,0,99,,468168,19,,,0,99,,468169,19,,,0,100,,468180,19,,,0,99,,468170,19,,,0,100,,468171,19,,,0,103,,468181,19,,,0,99,,468172,19,,,0,100,,468173,19,,,0,100,,468177,19,,,0,100,,468174,19,,,0,100,,468175,19,,,0,98,,468182,19,,,0,106,,468176,19,,,0
5302,'20260525',717,,468201,19,,,0,27,,468204,19,,,0,74,,468183,19,,,0,38,,468195,19,,,0,72,,468203,19,,,0,88,,468196,19,,,0,100,,468184,19,,,0,99,,468200,19,,,0,101,,468197,19,,,0,100,,468198,19,,,0,100,,468199,19,,,0,29,,468193,19,,,0,76,,468185,19,,,0,35,,468192,19,,,0,71,,468190,19,,,0,23,,468186,19,,,0,67,,468187,19,,,0,101,,468191,19,,,0,101,,468188,19,,,0,100,,468189,19,,,0,101,,468194,19,,,0,107,,468202,19,,,0
5302,'20260526',717,,468223,19,,,0,27,,468226,19,,,0,74,,468205,19,,,0,38,,468217,19,,,0,72,,468225,19,,,0,88,,468218,19,,,0,100,,468206,19,,,0,99,,468222,19,,,0,101,,468219,19,,,0,100,,468220,19,,,0,100,,468221,19,,,0,29,,468215,19,,,0,76,,468207,19,,,0,35,,468214,19,,,0,71,,468212,19,,,0,23,,468208,19,,,0,67,,468209,19,,,0,101,,468213,19,,,0,101,,468210,19,,,0,100,,468211,19,,,0,101,,468216,19,,,0,107,,468224,19,,,0
25300,'20260512',1602,,450920,18,4,,0,32,,450921,18,4,,0,70,,450922,18,4,,0,28,,450923,18,4,,0
25300,'20260513',1602,,477617,18,4,,0,32,,477618,18,4,,0,70,,477619,18,4,,0,28,,477620,18,4,,0
25300,'20260514',1602,,477621,18,4,,0,32,,477622,18,4,,0,70,,477623,18,4,,0,28,,477624,18,4,,0
25300,'20260515',1602,,477625,18,4,,0,32,,477626,18,4,,0,70,,477627,18,4,,0,28,,477628,18,4,,0
25300,'20260519',1602,,431480,18,4,,0,32,,431481,18,4,,0,70,,431482,18,4,,0,28,,431483,18,4,,0
25300,'20260520',1602,,450924,18,4,,0,32,,450925,18,4,,0,70,,450926,18,4,,0,28,,450927,18,4,,0
25300,'20260521',1602,,450928,18,4,,0,32,,450929,18,4,,0,70,,450930,18,4,,0,28,,450931,18,4,,0
25300,'20260522',1602,,477629,18,4,,0,32,,477630,18,4,,0,70,,477631,18,4,,0,28,,477632,18,4,,0
25300,'20260525',1602,,477633,18,4,,0,32,,477634,18,4,,0,70,,477635,18,4,,0,28,,477636,18,4,,0
25300,'20260526',1602,,477637,18,4,,0,32,,477638,18,4,,0,70,,477639,18,4,,0,28,,477640,18,4,,0
