7401,'20260420',631,,288099,69,,,1,102,,288100,69,,,1,99,,288101,69,,,1,99,,288102,69,,,1,100,,288103,69,,,1,101,,288104,69,,,1,100,,288105,69,,,1,100,,288106,69,,,1,100,,288107,69,,,1,100,,288108,69,,,1,103,,288109,69,,,1,98,,288110,69,,,1,99,,288111,69,,,1,99,,288112,69,,,1,99,,288113,69,,,1,100,,288114,69,,,1,100,,288115,69,,,1,170,,288116,69,,,1
7401,'20260421',631,,288119,69,,,1,102,,288120,69,,,1,99,,288121,69,,,1,99,,288122,69,,,1,100,,288123,69,,,1,101,,288124,69,,,1,100,,288125,69,,,1,100,,288126,69,,,1,100,,288127,69,,,1,100,,288128,69,,,1,103,,288129,69,,,1,98,,288130,69,,,1,99,,288131,69,,,1,99,,288132,69,,,1,99,,288133,69,,,1,100,,288134,69,,,1,100,,288135,69,,,1,170,,288136,69,,,1
7401,'20260422',631,,314350,69,,,1,102,,314351,69,,,1,99,,314352,69,,,1,99,,314353,69,,,1,100,,314354,69,,,1,101,,314355,69,,,1,100,,314356,69,,,1,100,,314357,69,,,1,100,,314358,69,,,1,100,,314359,69,,,1,103,,314360,69,,,1,98,,314361,69,,,1,99,,314362,69,,,1,99,,314363,69,,,1,99,,314364,69,,,1,100,,314365,69,,,1,100,,314366,69,,,1,170,,314367,69,,,1
7401,'20260423',631,,314370,69,,,1,102,,314371,69,,,1,99,,314372,69,,,1,99,,314373,69,,,1,100,,314374,69,,,1,101,,314375,69,,,1,100,,314376,69,,,1,100,,314377,69,,,1,100,,314378,69,,,1,100,,314379,69,,,1,103,,314380,69,,,1,98,,314381,69,,,1,99,,314382,69,,,1,99,,314383,69,,,1,99,,314384,69,,,1,100,,314385,69,,,1,100,,314386,69,,,1,170,,314387,69,,,1
7401,'20260424',631,,314390,69,,,1,102,,314391,69,,,1,99,,314392,69,,,1,99,,314393,69,,,1,100,,314394,69,,,1,101,,314395,69,,,1,100,,314396,69,,,1,100,,314397,69,,,1,100,,314398,69,,,1,100,,314399,69,,,1,103,,314400,69,,,1,98,,314401,69,,,1,99,,314402,69,,,1,99,,314403,69,,,1,99,,314404,69,,,1,100,,314405,69,,,1,100,,314406,69,,,1,170,,314407,69,,,1
7401,'20260425',730,,248783,69,,,1,100,,248769,69,,,1,101,,248770,69,,,1,100,,248784,69,,,1,100,,248777,69,,,1,100,,248778,69,,,1,100,,248779,69,,,1,100,,248780,69,,,1,100,,248781,69,,,1,100,,248782,69,,,1,100,,248771,69,,,1,100,,248775,69,,,1,99,,248776,69,,,1,100,,248772,69,,,1,100,,248773,69,,,1,100,,248774,69,,,1
7401,'20260426',730,,248786,69,,,1,100,,248801,69,,,1,101,,248787,69,,,1,100,,248802,69,,,1,100,,248789,69,,,1,100,,248790,69,,,1,100,,248791,69,,,1,100,,248792,69,,,1,100,,248793,69,,,1,100,,248794,69,,,1,100,,248795,69,,,1,100,,248796,69,,,1,99,,248797,69,,,1,100,,248798,69,,,1,100,,248799,69,,,1,100,,248800,69,,,1
7401,'20260427',631,,248803,69,,,1,102,,248804,69,,,1,99,,248805,69,,,1,99,,248806,69,,,1,100,,248807,69,,,1,101,,248808,69,,,1,100,,248809,69,,,1,100,,248810,69,,,1,100,,248811,69,,,1,100,,248812,69,,,1,103,,248818,69,,,1,98,,248813,69,,,1,99,,248814,69,,,1,99,,248820,69,,,1,99,,248815,69,,,1,100,,248819,69,,,1,100,,248816,69,,,1,170,,248817,69,,,1
7401,'20260428',631,,288137,69,,,1,102,,288138,69,,,1,99,,288139,69,,,1,99,,288140,69,,,1,100,,288141,69,,,1,101,,288142,69,,,1,100,,288143,69,,,1,100,,288144,69,,,1,100,,288145,69,,,1,100,,288146,69,,,1,103,,288152,69,,,1,98,,288147,69,,,1,99,,288148,69,,,1,99,,288154,69,,,1,99,,288149,69,,,1,100,,288153,69,,,1,100,,288150,69,,,1,170,,288151,69,,,1
7401,'20260429',631,,288157,69,,,1,102,,288158,69,,,1,99,,288159,69,,,1,99,,288160,69,,,1,100,,288161,69,,,1,101,,288162,69,,,1,100,,288163,69,,,1,100,,288164,69,,,1,100,,288165,69,,,1,100,,288166,69,,,1,103,,288172,69,,,1,98,,288167,69,,,1,99,,288168,69,,,1,99,,288174,69,,,1,99,,288169,69,,,1,100,,288173,69,,,1,100,,288170,69,,,1,170,,288171,69,,,1
7401,'20260430',631,,288177,69,,,1,102,,288178,69,,,1,99,,288179,69,,,1,99,,288180,69,,,1,100,,288181,69,,,1,101,,288182,69,,,1,100,,288183,69,,,1,100,,288184,69,,,1,100,,288185,69,,,1,100,,288186,69,,,1,103,,288192,69,,,1,98,,288187,69,,,1,99,,288188,69,,,1,99,,288194,69,,,1,99,,288189,69,,,1,100,,288193,69,,,1,100,,288190,69,,,1,170,,288191,69,,,1
7401,'20260501',631,,314408,69,,,1,102,,314409,69,,,1,99,,314410,69,,,1,99,,314411,69,,,1,100,,314412,69,,,1,101,,314413,69,,,1,100,,314414,69,,,1,100,,314415,69,,,1,100,,314416,69,,,1,100,,314417,69,,,1,103,,314423,69,,,1,98,,314418,69,,,1,99,,314419,69,,,1,99,,314425,69,,,1,99,,314420,69,,,1,100,,314424,69,,,1,100,,314421,69,,,1,170,,314422,69,,,1
7401,'20260502',730,,314442,69,,,1,100,,314428,69,,,1,101,,314429,69,,,1,100,,314443,69,,,1,100,,314436,69,,,1,100,,314437,69,,,1,100,,314438,69,,,1,100,,314439,69,,,1,100,,314440,69,,,1,100,,314441,69,,,1,100,,314430,69,,,1,100,,314434,69,,,1,99,,314435,69,,,1,100,,314431,69,,,1,100,,314432,69,,,1,100,,314433,69,,,1
7401,'20260503',730,,314445,69,,,1,100,,314460,69,,,1,101,,314446,69,,,1,100,,314461,69,,,1,100,,314448,69,,,1,100,,314449,69,,,1,100,,314450,69,,,1,100,,314451,69,,,1,100,,314452,69,,,1,100,,314453,69,,,1,100,,314454,69,,,1,100,,314455,69,,,1,99,,314456,69,,,1,100,,314457,69,,,1,100,,314458,69,,,1,100,,314459,69,,,1
7401,'20260504',631,,314462,69,,,1,102,,314463,69,,,1,99,,314464,69,,,1,99,,314465,69,,,1,100,,314466,69,,,1,101,,314467,69,,,1,100,,314468,69,,,1,100,,314469,69,,,1,100,,314470,69,,,1,100,,314471,69,,,1,103,,314477,69,,,1,98,,314472,69,,,1,99,,314473,69,,,1,99,,314479,69,,,1,99,,314474,69,,,1,100,,314478,69,,,1,100,,314475,69,,,1,170,,314476,69,,,1
8401,'20260420',702,,290120,83,,,1,101,,290122,83,,,1,98,,290124,83,,,1,100,,290126,83,,,1,100,,290127,83,,,1,101,,290128,83,,,1,100,,290129,83,,,1,100,,290130,83,,,1,100,,290131,83,,,1,101,,290132,83,,,1,101,,290133,83,,,1,98,,290134,83,,,1,100,,290135,83,,,1,98,,290136,83,,,1,100,,290137,83,,,1,100,,290138,83,,,1,100,,290139,83,,,1,100,,290140,83,,,1
8401,'20260421',702,,290141,83,,,1,101,,290143,83,,,1,98,,290145,83,,,1,100,,290147,83,,,1,100,,290148,83,,,1,101,,290149,83,,,1,100,,290150,83,,,1,100,,290151,83,,,1,100,,290152,83,,,1,101,,290153,83,,,1,101,,290154,83,,,1,98,,290155,83,,,1,100,,290156,83,,,1,98,,290157,83,,,1,100,,290158,83,,,1,100,,290159,83,,,1,100,,290160,83,,,1,100,,290161,83,,,1
8401,'20260422',702,,316370,83,,,1,101,,316372,83,,,1,98,,316374,83,,,1,100,,316376,83,,,1,100,,316377,83,,,1,101,,316378,83,,,1,100,,316379,83,,,1,100,,316380,83,,,1,100,,316381,83,,,1,101,,316382,83,,,1,101,,316383,83,,,1,98,,316384,83,,,1,100,,316385,83,,,1,98,,316386,83,,,1,100,,316387,83,,,1,100,,316388,83,,,1,100,,316389,83,,,1,100,,316390,83,,,1
8401,'20260423',702,,316391,83,,,1,101,,316393,83,,,1,98,,316395,83,,,1,100,,316397,83,,,1,100,,316398,83,,,1,101,,316399,83,,,1,100,,316400,83,,,1,100,,316401,83,,,1,100,,316402,83,,,1,101,,316403,83,,,1,101,,316404,83,,,1,98,,316405,83,,,1,100,,316406,83,,,1,98,,316407,83,,,1,100,,316408,83,,,1,100,,316409,83,,,1,100,,316410,83,,,1,100,,316411,83,,,1
8401,'20260424',702,,316412,83,,,1,101,,316414,83,,,1,98,,316416,83,,,1,100,,316418,83,,,1,100,,316419,83,,,1,101,,316420,83,,,1,100,,316421,83,,,1,100,,316422,83,,,1,100,,316423,83,,,1,101,,316424,83,,,1,101,,316425,83,,,1,98,,316426,83,,,1,100,,316427,83,,,1,98,,316428,83,,,1,100,,316429,83,,,1,100,,316430,83,,,1,100,,316431,83,,,1,100,,316432,83,,,1
8401,'20260425',700,,252297,83,,,1,100,,252312,83,,,1,100,,252298,83,,,1,101,,252311,83,,,1,100,,252299,83,,,1,100,,252306,83,,,1,100,,252307,83,,,1,100,,252308,83,,,1,100,,252309,83,,,1,100,,252310,83,,,1,100,,252301,83,,,1,100,,252300,83,,,1,100,,252302,83,,,1,99,,252305,83,,,1,100,,252304,83,,,1,100,,252303,83,,,1,100,,252313,83,,,1,100,,252314,83,,,1
8401,'20260426',700,,252327,83,,,1,100,,252331,83,,,1,100,,252330,83,,,1,101,,252328,83,,,1,100,,252315,83,,,1,100,,252321,83,,,1,100,,252316,83,,,1,100,,252322,83,,,1,100,,252317,83,,,1,100,,252323,83,,,1,100,,252318,83,,,1,100,,252324,83,,,1,100,,252319,83,,,1,99,,252325,83,,,1,100,,252320,83,,,1,100,,252326,83,,,1,100,,252329,83,,,1,100,,252332,83,,,1
8401,'20260427',702,,252333,83,,,1,101,,252334,83,,,1,98,,252335,83,,,1,100,,252336,83,,,1,100,,252337,83,,,1,101,,252338,83,,,1,100,,252339,83,,,1,100,,252340,83,,,1,100,,252341,83,,,1,101,,252342,83,,,1,101,,252343,83,,,1,98,,252344,83,,,1,100,,252345,83,,,1,98,,252346,83,,,1,100,,252347,83,,,1,100,,252348,83,,,1,100,,252349,83,,,1,100,,252351,83,,,1
8401,'20260428',702,,290162,83,,,1,101,,290163,83,,,1,98,,290164,83,,,1,100,,290165,83,,,1,100,,290166,83,,,1,101,,290167,83,,,1,100,,290168,83,,,1,100,,290169,83,,,1,100,,290170,83,,,1,101,,290171,83,,,1,101,,290172,83,,,1,98,,290173,83,,,1,100,,290174,83,,,1,98,,290175,83,,,1,100,,290176,83,,,1,100,,290177,83,,,1,100,,290178,83,,,1,100,,290180,83,,,1
8401,'20260429',702,,290183,83,,,1,101,,290184,83,,,1,98,,290185,83,,,1,100,,290186,83,,,1,100,,290187,83,,,1,101,,290188,83,,,1,100,,290189,83,,,1,100,,290190,83,,,1,100,,290191,83,,,1,101,,290192,83,,,1,101,,290193,83,,,1,98,,290194,83,,,1,100,,290195,83,,,1,98,,290196,83,,,1,100,,290197,83,,,1,100,,290198,83,,,1,100,,290199,83,,,1,100,,290201,83,,,1
8401,'20260430',702,,290204,83,,,1,101,,290205,83,,,1,98,,290206,83,,,1,100,,290207,83,,,1,100,,290208,83,,,1,101,,290209,83,,,1,100,,290210,83,,,1,100,,290211,83,,,1,100,,290212,83,,,1,101,,290213,83,,,1,101,,290214,83,,,1,98,,290215,83,,,1,100,,290216,83,,,1,98,,290217,83,,,1,100,,290218,83,,,1,100,,290219,83,,,1,100,,290220,83,,,1,100,,290222,83,,,1
8401,'20260501',702,,316433,83,,,1,101,,316434,83,,,1,98,,316435,83,,,1,100,,316436,83,,,1,100,,316437,83,,,1,101,,316438,83,,,1,100,,316439,83,,,1,100,,316440,83,,,1,100,,316441,83,,,1,101,,316442,83,,,1,101,,316443,83,,,1,98,,316444,83,,,1,100,,316445,83,,,1,98,,316446,83,,,1,100,,316447,83,,,1,100,,316448,83,,,1,100,,316449,83,,,1,100,,316451,83,,,1
8401,'20260502',700,,316454,83,,,1,100,,316469,83,,,1,100,,316455,83,,,1,101,,316468,83,,,1,100,,316456,83,,,1,100,,316463,83,,,1,100,,316464,83,,,1,100,,316465,83,,,1,100,,316466,83,,,1,100,,316467,83,,,1,100,,316458,83,,,1,100,,316457,83,,,1,100,,316459,83,,,1,99,,316462,83,,,1,100,,316461,83,,,1,100,,316460,83,,,1,100,,316470,83,,,1,100,,316471,83,,,1
8401,'20260503',700,,316484,83,,,1,100,,316488,83,,,1,100,,316487,83,,,1,101,,316485,83,,,1,100,,316472,83,,,1,100,,316478,83,,,1,100,,316473,83,,,1,100,,316479,83,,,1,100,,316474,83,,,1,100,,316480,83,,,1,100,,316475,83,,,1,100,,316481,83,,,1,100,,316476,83,,,1,99,,316482,83,,,1,100,,316477,83,,,1,100,,316483,83,,,1,100,,316486,83,,,1,100,,316489,83,,,1
8401,'20260504',702,,316490,83,,,1,101,,316491,83,,,1,98,,316492,83,,,1,100,,316493,83,,,1,100,,316494,83,,,1,101,,316495,83,,,1,100,,316496,83,,,1,100,,316497,83,,,1,100,,316498,83,,,1,101,,316499,83,,,1,101,,316500,83,,,1,98,,316501,83,,,1,100,,316502,83,,,1,98,,316503,83,,,1,100,,316504,83,,,1,100,,316505,83,,,1,100,,316506,83,,,1,100,,316508,83,,,1
