5303,'20260331',549,,154658,22,,,0,101,,154659,22,,,0,65,,154660,22,,,0,35,,154661,22,,,0,69,,154662,22,,,0,33,,154663,22,,,0,79,,154664,22,,,0,77,,154665,22,,,0,41,,154666,22,,,0,100,,154667,22,,,0,100,,154668,22,,,0,101,,154669,22,,,0,100,,154670,22,,,0,102,,154671,22,,,0,66,,154672,22,,,0,37,,154673,22,,,0,96,,154674,22,,,0,100,,154675,22,,,0,101,,154676,22,,,0,101,,154677,22,,,0,100,,154678,22,,,0,101,,154679,22,,,0
5303,'20260401',549,,154680,22,,,0,101,,154681,22,,,0,65,,154682,22,,,0,35,,154683,22,,,0,69,,154684,22,,,0,33,,154685,22,,,0,79,,154686,22,,,0,77,,154687,22,,,0,41,,154688,22,,,0,100,,154689,22,,,0,100,,154690,22,,,0,101,,154691,22,,,0,100,,154692,22,,,0,102,,154693,22,,,0,66,,154694,22,,,0,37,,154695,22,,,0,96,,154696,22,,,0,100,,154697,22,,,0,101,,154698,22,,,0,101,,154699,22,,,0,100,,154700,22,,,0,101,,154701,22,,,0
5303,'20260402',549,,154702,22,,,0,101,,154703,22,,,0,65,,154704,22,,,0,35,,154705,22,,,0,69,,154706,22,,,0,33,,154707,22,,,0,79,,154708,22,,,0,77,,154709,22,,,0,41,,154710,22,,,0,100,,154711,22,,,0,100,,154712,22,,,0,101,,154713,22,,,0,100,,154714,22,,,0,102,,154715,22,,,0,66,,154716,22,,,0,37,,154717,22,,,0,96,,154718,22,,,0,100,,154719,22,,,0,101,,154720,22,,,0,101,,154721,22,,,0,100,,154722,22,,,0,101,,154723,22,,,0
5303,'20260403',642,,154724,22,,,0,105,,154725,22,,,0,101,,154726,22,,,0,100,,154727,22,,,0,100,,154728,22,,,0,100,,154729,22,,,0,99,,154730,22,,,0,101,,154731,22,,,0,99,,154732,22,,,0,107,,154733,22,,,0,96,,154734,22,,,0,98,,154735,22,,,0,100,,154736,22,,,0,100,,154737,22,,,0,99,,154738,22,,,0,100,,154739,22,,,0,98,,154740,22,,,0
5303,'20260404',642,,113416,22,,,0,105,,113428,22,,,0,101,,113417,22,,,0,100,,113418,22,,,0,100,,113419,22,,,0,100,,113429,22,,,0,99,,113420,22,,,0,101,,113430,22,,,0,99,,113421,22,,,0,107,,113422,22,,,0,96,,113423,22,,,0,98,,113431,22,,,0,100,,113424,22,,,0,100,,113425,22,,,0,99,,113432,22,,,0,100,,113426,22,,,0,98,,113427,22,,,0
5303,'20260405',642,,113433,22,,,0,105,,113445,22,,,0,101,,113434,22,,,0,100,,113435,22,,,0,100,,113436,22,,,0,100,,113446,22,,,0,99,,113437,22,,,0,101,,113447,22,,,0,99,,113438,22,,,0,107,,113439,22,,,0,96,,113440,22,,,0,98,,113448,22,,,0,100,,113441,22,,,0,100,,113442,22,,,0,99,,113449,22,,,0,100,,113443,22,,,0,98,,113444,22,,,0
5303,'20260406',642,,113450,22,,,0,105,,113462,22,,,0,101,,113451,22,,,0,100,,113452,22,,,0,100,,113453,22,,,0,100,,113463,22,,,0,99,,113454,22,,,0,101,,113464,22,,,0,99,,113455,22,,,0,107,,113456,22,,,0,96,,113457,22,,,0,98,,113465,22,,,0,100,,113458,22,,,0,100,,113459,22,,,0,99,,113466,22,,,0,100,,113460,22,,,0,98,,113461,22,,,0
5303,'20260407',549,,154754,22,,,0,101,,154741,22,,,0,65,,154752,22,,,0,35,,154753,22,,,0,69,,154742,22,,,0,33,,154756,22,,,0,79,,154755,22,,,0,77,,154743,22,,,0,41,,154758,22,,,0,100,,154744,22,,,0,100,,154745,22,,,0,101,,154759,22,,,0,100,,154746,22,,,0,102,,154757,22,,,0,66,,154762,22,,,0,37,,154760,22,,,0,96,,154747,22,,,0,100,,154748,22,,,0,101,,154749,22,,,0,101,,154761,22,,,0,100,,154750,22,,,0,101,,154751,22,,,0
5303,'20260408',549,,154776,22,,,0,101,,154763,22,,,0,65,,154774,22,,,0,35,,154775,22,,,0,69,,154764,22,,,0,33,,154778,22,,,0,79,,154777,22,,,0,77,,154765,22,,,0,41,,154780,22,,,0,100,,154766,22,,,0,100,,154767,22,,,0,101,,154781,22,,,0,100,,154768,22,,,0,102,,154779,22,,,0,66,,154784,22,,,0,37,,154782,22,,,0,96,,154769,22,,,0,100,,154770,22,,,0,101,,154771,22,,,0,101,,154783,22,,,0,100,,154772,22,,,0,101,,154773,22,,,0
5303,'20260409',549,,154798,22,,,0,101,,154785,22,,,0,65,,154796,22,,,0,35,,154797,22,,,0,69,,154786,22,,,0,33,,154800,22,,,0,79,,154799,22,,,0,77,,154787,22,,,0,41,,154802,22,,,0,100,,154788,22,,,0,100,,154789,22,,,0,101,,154803,22,,,0,100,,154790,22,,,0,102,,154801,22,,,0,66,,154806,22,,,0,37,,154804,22,,,0,96,,154791,22,,,0,100,,154792,22,,,0,101,,154793,22,,,0,101,,154805,22,,,0,100,,154794,22,,,0,101,,154795,22,,,0
5303,'20260410',549,,154820,22,,,0,101,,154807,22,,,0,65,,154818,22,,,0,35,,154819,22,,,0,69,,154808,22,,,0,33,,154822,22,,,0,79,,154821,22,,,0,77,,154809,22,,,0,41,,154824,22,,,0,100,,154810,22,,,0,100,,154811,22,,,0,101,,154825,22,,,0,100,,154812,22,,,0,102,,154823,22,,,0,66,,154828,22,,,0,37,,154826,22,,,0,96,,154813,22,,,0,100,,154814,22,,,0,101,,154815,22,,,0,101,,154827,22,,,0,100,,154816,22,,,0,101,,154817,22,,,0
5303,'20260411',642,,154829,22,,,0,105,,154841,22,,,0,101,,154830,22,,,0,100,,154831,22,,,0,100,,154832,22,,,0,100,,154842,22,,,0,99,,154833,22,,,0,101,,154843,22,,,0,99,,154834,22,,,0,107,,154835,22,,,0,96,,154836,22,,,0,98,,154844,22,,,0,100,,154837,22,,,0,100,,154838,22,,,0,99,,154845,22,,,0,100,,154839,22,,,0,98,,154840,22,,,0
5303,'20260412',642,,154846,22,,,0,105,,154858,22,,,0,101,,154847,22,,,0,100,,154848,22,,,0,100,,154849,22,,,0,100,,154859,22,,,0,99,,154850,22,,,0,101,,154860,22,,,0,99,,154851,22,,,0,107,,154852,22,,,0,96,,154853,22,,,0,98,,154861,22,,,0,100,,154854,22,,,0,100,,154855,22,,,0,99,,154862,22,,,0,100,,154856,22,,,0,98,,154857,22,,,0
5303,'20260413',549,,154876,22,,,0,101,,154863,22,,,0,65,,154874,22,,,0,35,,154875,22,,,0,69,,154864,22,,,0,33,,154878,22,,,0,79,,154877,22,,,0,77,,154865,22,,,0,41,,154880,22,,,0,100,,154866,22,,,0,100,,154867,22,,,0,101,,154881,22,,,0,100,,154868,22,,,0,102,,154879,22,,,0,66,,154884,22,,,0,37,,154882,22,,,0,96,,154869,22,,,0,100,,154870,22,,,0,101,,154871,22,,,0,101,,154883,22,,,0,100,,154872,22,,,0,101,,154873,22,,,0
5303,'20260414',549,,154898,22,,,0,101,,154885,22,,,0,65,,154896,22,,,0,35,,154897,22,,,0,69,,154886,22,,,0,33,,154900,22,,,0,79,,154899,22,,,0,77,,154887,22,,,0,41,,154902,22,,,0,100,,154888,22,,,0,100,,154889,22,,,0,101,,154903,22,,,0,100,,154890,22,,,0,102,,154901,22,,,0,66,,154906,22,,,0,37,,154904,22,,,0,96,,154891,22,,,0,100,,154892,22,,,0,101,,154893,22,,,0,101,,154905,22,,,0,100,,154894,22,,,0,101,,154895,22,,,0
25301,'20260331',656,,168764,22,,,0,63,,168765,22,,,0,29,,168766,22,,,0,78,,168767,22,,,0
25301,'20260401',656,,168768,22,,,0,63,,168769,22,,,0,29,,168770,22,,,0,78,,168771,22,,,0
25301,'20260402',656,,168772,22,,,0,63,,168773,22,,,0,29,,168774,22,,,0,78,,168775,22,,,0
25301,'20260407',656,,168776,22,,,0,63,,168777,22,,,0,29,,168778,22,,,0,78,,168779,22,,,0
25301,'20260408',656,,168780,22,,,0,63,,168781,22,,,0,29,,168782,22,,,0,78,,168783,22,,,0
25301,'20260409',656,,168784,22,,,0,63,,168785,22,,,0,29,,168786,22,,,0,78,,168787,22,,,0
25301,'20260410',656,,168788,22,,,0,63,,168789,22,,,0,29,,168790,22,,,0,78,,168791,22,,,0
25301,'20260413',656,,168792,22,,,0,63,,168793,22,,,0,29,,168794,22,,,0,78,,168795,22,,,0
25301,'20260414',656,,168796,22,,,0,63,,168797,22,,,0,29,,168798,22,,,0,78,,168799,22,,,0
