8400,'20260717',829,,951507,94,,,1,98,,951508,94,,,1,100,,951509,94,,,1,100,,951510,94,,,1,101,,951511,94,,,1,100,,951512,94,,,1,100,,951513,94,,,1,101,,951514,94,,,1,110,,951515,94,,,1,67,,951524,58,,,1,27,,951516,94,,,1,25,,951525,58,,,1,69,,951517,94,,,1,99,,951518,94,,,1,98,,951519,94,,,1,100,,951520,94,,,1,100,,951521,94,,,1,99,,951522,94,,,1,100,,951523,94,,,1
8400,'20260718',823,,982156,94,,,1,100,,982157,94,,,1,101,,982158,94,,,1,101,,982159,94,,,1,101,,982160,94,,,1,100,,982161,94,,,1,100,,982162,94,,,1,100,,982163,94,,,1,101,,982164,94,,,1,100,,982165,94,,,1,98,,982166,94,,,1,99,,982167,94,,,1,100,,982168,94,,,1,99,,982169,94,,,1,100,,982170,94,,,1,100,,982171,94,,,1,99,,982172,94,,,1
8400,'20260719',823,,982173,94,,,1,100,,982174,94,,,1,101,,982175,94,,,1,101,,982176,94,,,1,101,,982177,94,,,1,100,,982178,94,,,1,100,,982179,94,,,1,100,,982180,94,,,1,101,,982181,94,,,1,100,,982182,94,,,1,98,,982183,94,,,1,99,,982184,94,,,1,100,,982185,94,,,1,99,,982186,94,,,1,100,,982187,94,,,1,100,,982188,94,,,1,99,,982189,94,,,1
8400,'20260720',829,,982190,94,,,1,98,,982191,94,,,1,100,,982192,94,,,1,100,,982193,94,,,1,101,,982194,94,,,1,100,,982195,94,,,1,100,,982196,94,,,1,101,,982197,94,,,1,110,,982198,94,,,1,67,,982207,58,,,1,27,,982199,94,,,1,25,,982208,58,,,1,69,,982200,94,,,1,99,,982201,94,,,1,98,,982202,94,,,1,100,,982203,94,,,1,100,,982204,94,,,1,99,,982205,94,,,1,100,,982206,94,,,1
8400,'20260721',829,,982209,94,,,1,98,,982210,94,,,1,100,,982211,94,,,1,100,,982212,94,,,1,101,,982213,94,,,1,100,,982214,94,,,1,100,,982215,94,,,1,101,,982216,94,,,1,110,,982217,94,,,1,67,,982226,58,,,1,27,,982218,94,,,1,25,,982227,58,,,1,69,,982219,94,,,1,99,,982220,94,,,1,98,,982221,94,,,1,100,,982222,94,,,1,100,,982223,94,,,1,99,,982224,94,,,1,100,,982225,94,,,1
8400,'20260722',829,,982228,94,,,1,98,,982229,94,,,1,100,,982230,94,,,1,100,,982231,94,,,1,101,,982232,94,,,1,100,,982233,94,,,1,100,,982234,94,,,1,101,,982235,94,,,1,110,,982236,94,,,1,67,,982245,58,,,1,27,,982237,94,,,1,25,,982246,58,,,1,69,,982238,94,,,1,99,,982239,94,,,1,98,,982240,94,,,1,100,,982241,94,,,1,100,,982242,94,,,1,99,,982243,94,,,1,100,,982244,94,,,1
8400,'20260723',829,,982247,94,,,1,98,,982248,94,,,1,100,,982249,94,,,1,100,,982250,94,,,1,101,,982251,94,,,1,100,,982252,94,,,1,100,,982253,94,,,1,101,,982254,94,,,1,110,,982255,94,,,1,67,,982264,58,,,1,27,,982256,94,,,1,25,,982265,58,,,1,69,,982257,94,,,1,99,,982258,94,,,1,98,,982259,94,,,1,100,,982260,94,,,1,100,,982261,94,,,1,99,,982262,94,,,1,100,,982263,94,,,1
8400,'20260724',829,,951526,94,,,1,98,,951527,94,,,1,100,,951528,94,,,1,100,,951529,94,,,1,101,,951530,94,,,1,100,,951531,94,,,1,100,,951532,94,,,1,101,,951533,94,,,1,110,,951534,94,,,1,67,,951543,58,,,1,27,,951535,94,,,1,25,,951544,58,,,1,69,,951536,94,,,1,99,,951537,94,,,1,98,,951538,94,,,1,100,,951539,94,,,1,100,,951540,94,,,1,99,,951541,94,,,1,100,,951542,94,,,1
8400,'20260725',823,,951545,94,,,1,100,,951560,94,,,1,101,,951546,94,,,1,101,,951561,94,,,1,101,,951547,94,,,1,100,,951549,94,,,1,100,,951550,94,,,1,100,,951551,94,,,1,101,,951552,94,,,1,100,,951553,94,,,1,98,,951554,94,,,1,99,,951555,94,,,1,100,,951556,94,,,1,99,,951557,94,,,1,100,,951558,94,,,1,100,,951559,94,,,1,99,,951548,94,,,1
8400,'20260726',823,,951562,94,,,1,100,,951577,94,,,1,101,,951563,94,,,1,101,,951578,94,,,1,101,,951564,94,,,1,100,,951571,94,,,1,100,,951565,94,,,1,100,,951572,94,,,1,101,,951566,94,,,1,100,,951573,94,,,1,98,,951567,94,,,1,99,,951574,94,,,1,100,,951568,94,,,1,99,,951575,94,,,1,100,,951569,94,,,1,100,,951576,94,,,1,99,,951570,94,,,1
8400,'20260727',829,,951579,94,,,1,98,,951580,94,,,1,100,,951581,94,,,1,100,,951582,94,,,1,101,,951583,94,,,1,100,,951584,94,,,1,100,,951585,94,,,1,101,,951586,94,,,1,110,,951587,94,,,1,67,,951596,58,,,1,27,,951588,94,,,1,25,,951597,58,,,1,69,,951589,94,,,1,99,,951590,94,,,1,98,,951591,94,,,1,100,,951592,94,,,1,100,,951593,94,,,1,99,,951594,94,,,1,100,,951595,94,,,1
8400,'20260728',829,,951598,94,,,1,98,,951599,94,,,1,100,,951600,94,,,1,100,,951601,94,,,1,101,,951602,94,,,1,100,,951603,94,,,1,100,,951604,94,,,1,101,,951605,94,,,1,110,,951606,94,,,1,67,,951615,58,,,1,27,,951607,94,,,1,25,,951616,58,,,1,69,,951608,94,,,1,99,,951609,94,,,1,98,,951610,94,,,1,100,,951611,94,,,1,100,,951612,94,,,1,99,,951613,94,,,1,100,,951614,94,,,1
8400,'20260729',829,,982266,94,,,1,98,,982267,94,,,1,100,,982268,94,,,1,100,,982269,94,,,1,101,,982270,94,,,1,100,,982271,94,,,1,100,,982272,94,,,1,101,,982273,94,,,1,110,,982274,94,,,1,67,,982283,58,,,1,27,,982275,94,,,1,25,,982284,58,,,1,69,,982276,94,,,1,99,,982277,94,,,1,98,,982278,94,,,1,100,,982279,94,,,1,100,,982280,94,,,1,99,,982281,94,,,1,100,,982282,94,,,1
8400,'20260730',829,,982285,94,,,1,98,,982286,94,,,1,100,,982287,94,,,1,100,,982288,94,,,1,101,,982289,94,,,1,100,,982290,94,,,1,100,,982291,94,,,1,101,,982292,94,,,1,110,,982293,94,,,1,67,,982302,58,,,1,27,,982294,94,,,1,25,,982303,58,,,1,69,,982295,94,,,1,99,,982296,94,,,1,98,,982297,94,,,1,100,,982298,94,,,1,100,,982299,94,,,1,99,,982300,94,,,1,100,,982301,94,,,1
8400,'20260731',829,,982304,94,,,1,98,,982305,94,,,1,100,,982306,94,,,1,100,,982307,94,,,1,101,,982308,94,,,1,100,,982309,94,,,1,100,,982310,94,,,1,101,,982311,94,,,1,110,,982312,94,,,1,67,,982321,58,,,1,27,,982313,94,,,1,25,,982322,58,,,1,69,,982314,94,,,1,99,,982315,94,,,1,98,,982316,94,,,1,100,,982317,94,,,1,100,,982318,94,,,1,99,,982319,94,,,1,100,,982320,94,,,1
28400,'20260717',1647,,955319,66,4,,0,70,,955320,66,4,,0,30,,955321,66,4,,0,64,,955322,66,4,,0,29,,955323,66,4,,0
28400,'20260720',1647,,986556,66,4,,0,70,,986557,66,4,,0,30,,986558,66,4,,0,64,,986559,66,4,,0,29,,986560,66,4,,0
28400,'20260721',1647,,986561,66,4,,0,70,,986562,66,4,,0,30,,986563,66,4,,0,64,,986564,66,4,,0,29,,986565,66,4,,0
28400,'20260722',1647,,986566,66,4,,0,70,,986567,66,4,,0,30,,986568,66,4,,0,64,,986569,66,4,,0,29,,986570,66,4,,0
28400,'20260723',1647,,986571,66,4,,0,70,,986572,66,4,,0,30,,986573,66,4,,0,64,,986574,66,4,,0,29,,986575,66,4,,0
28400,'20260724',1647,,955324,66,4,,0,70,,955325,66,4,,0,30,,955326,66,4,,0,64,,955327,66,4,,0,29,,955328,66,4,,0
28400,'20260727',1647,,955329,66,4,,0,70,,955330,66,4,,0,30,,955331,66,4,,0,64,,955332,66,4,,0,29,,955333,66,4,,0
28400,'20260728',1647,,955334,66,4,,0,70,,955335,66,4,,0,30,,955336,66,4,,0,64,,955337,66,4,,0,29,,955338,66,4,,0
28400,'20260729',1647,,986576,66,4,,0,70,,986577,66,4,,0,30,,986578,66,4,,0,64,,986579,66,4,,0,29,,986580,66,4,,0
28400,'20260730',1647,,986581,66,4,,0,70,,986582,66,4,,0,30,,986583,66,4,,0,64,,986584,66,4,,0,29,,986585,66,4,,0
28400,'20260731',1647,,986586,66,4,,0,70,,986587,66,4,,0,30,,986588,66,4,,0,64,,986589,66,4,,0,29,,986590,66,4,,0
58400,'20260717',1646,,956571,60,4,,0,75,,956572,60,4,,0,90,,956573,60,4,,0
58400,'20260720',1646,,987799,60,4,,0,75,,987800,60,4,,0,90,,987801,60,4,,0
58400,'20260721',1646,,987802,60,4,,0,75,,987803,60,4,,0,90,,987804,60,4,,0
58400,'20260722',1646,,987805,60,4,,0,75,,987806,60,4,,0,90,,987807,60,4,,0
58400,'20260723',1646,,987808,60,4,,0,75,,987809,60,4,,0,90,,987810,60,4,,0
58400,'20260724',1646,,956575,60,4,,0,75,,956574,60,4,,0,90,,956576,60,4,,0
58400,'20260727',1646,,956578,60,4,,0,75,,956577,60,4,,0,90,,956579,60,4,,0
58400,'20260728',1646,,956581,60,4,,0,75,,956580,60,4,,0,90,,956582,60,4,,0
58400,'20260729',1646,,987812,60,4,,0,75,,987811,60,4,,0,90,,987813,60,4,,0
58400,'20260730',1646,,987815,60,4,,0,75,,987814,60,4,,0,90,,987816,60,4,,0
58400,'20260731',1646,,987818,60,4,,0,75,,987817,60,4,,0,90,,987819,60,4,,0
97203,'20260717',2632,,967348,93,,,0
97203,'20260718',2632,,999769,93,,,0
97203,'20260724',2632,,967349,93,,,0
97203,'20260725',2632,,967350,93,,,0
97203,'20260731',2632,,999770,93,,,0
