37201,'20260526',628,,563500,36,,,0,21,,563501,36,,,0,74,,563502,36,,,0,178,,563503,36,,,0,200,,563504,36,,,0
37201,'20260527',628,,563505,36,,,0,21,,563506,36,,,0,74,,563507,36,,,0,178,,563508,36,,,0,200,,563509,36,,,0
37201,'20260528',628,,563510,36,,,0,21,,563511,36,,,0,74,,563512,36,,,0,178,,563513,36,,,0,200,,563514,36,,,0
37201,'20260529',628,,588011,36,,,0,21,,588012,36,,,0,74,,588013,36,,,0,178,,588014,36,,,0,200,,588015,36,,,0
37201,'20260601',628,,530432,36,,,0,21,,530431,36,,,0,74,,530435,36,,,0,178,,530433,36,,,0,200,,530434,36,,,0
37201,'20260602',628,,530437,36,,,0,21,,530436,36,,,0,74,,530440,36,,,0,178,,530438,36,,,0,200,,530439,36,,,0
37201,'20260603',628,,563516,36,,,0,21,,563515,36,,,0,74,,563519,36,,,0,178,,563517,36,,,0,200,,563518,36,,,0
37201,'20260604',628,,563521,36,,,0,21,,563520,36,,,0,74,,563524,36,,,0,178,,563522,36,,,0,200,,563523,36,,,0
37201,'20260605',628,,563526,36,,,0,21,,563525,36,,,0,74,,563529,36,,,0,178,,563527,36,,,0,200,,563528,36,,,0
37201,'20260608',628,,588017,36,,,0,21,,588016,36,,,0,74,,588020,36,,,0,178,,588018,36,,,0,200,,588019,36,,,0
37201,'20260609',628,,588022,36,,,0,21,,588021,36,,,0,74,,588025,36,,,0,178,,588023,36,,,0,200,,588024,36,,,0
57201,'20260526',633,,564373,36,,,0,21,,564374,36,,,0,79,,564375,36,,,0
57201,'20260527',633,,564376,36,,,0,21,,564377,36,,,0,79,,564378,36,,,0
57201,'20260528',633,,564379,36,,,0,21,,564380,36,,,0,79,,564381,36,,,0
57201,'20260529',633,,588353,36,,,0,21,,588354,36,,,0,79,,588355,36,,,0
57201,'20260601',633,,531114,36,,,0,21,,531115,36,,,0,79,,531116,36,,,0
57201,'20260602',633,,531117,36,,,0,21,,531118,36,,,0,79,,531119,36,,,0
57201,'20260603',633,,564382,36,,,0,21,,564383,36,,,0,79,,564384,36,,,0
57201,'20260604',633,,564385,36,,,0,21,,564386,36,,,0,79,,564387,36,,,0
57201,'20260605',633,,564388,36,,,0,21,,564389,36,,,0,79,,564390,36,,,0
57201,'20260608',633,,588356,36,,,0,21,,588357,36,,,0,79,,588358,36,,,0
57201,'20260609',633,,588359,36,,,0,21,,588360,36,,,0,79,,588361,36,,,0
