8400,'20260522',758,,525697,48,,,1,99,,525698,48,,,1,100,,525699,48,,,1,100,,525700,48,,,1,100,,525701,48,,,1,100,,525702,48,,,1,100,,525703,48,,,1,100,,525704,48,,,1,101,,525705,48,,,1,71,,525714,12,,,1,30,,525706,48,,,1,70,,525715,12,,,1,28,,525707,48,,,1,100,,525708,48,,,1,100,,525709,48,,,1,100,,525710,48,,,1,100,,525711,48,,,1,99,,525712,48,,,1,100,,525713,48,,,1
8400,'20260523',756,,558038,48,,,1,100,,558039,48,,,1,101,,558040,48,,,1,100,,558041,48,,,1,100,,558042,48,,,1,100,,558043,48,,,1,100,,558044,48,,,1,100,,558045,48,,,1,100,,558046,48,,,1,100,,558047,48,,,1,100,,558048,48,,,1,100,,558049,48,,,1,100,,558050,48,,,1,99,,558051,48,,,1,100,,558052,48,,,1,100,,558053,48,,,1,100,,558054,48,,,1
8400,'20260524',756,,558055,48,,,1,100,,558056,48,,,1,101,,558057,48,,,1,100,,558058,48,,,1,100,,558059,48,,,1,100,,558060,48,,,1,100,,558061,48,,,1,100,,558062,48,,,1,100,,558063,48,,,1,100,,558064,48,,,1,100,,558065,48,,,1,100,,558066,48,,,1,100,,558067,48,,,1,99,,558068,48,,,1,100,,558069,48,,,1,100,,558070,48,,,1,100,,558071,48,,,1
8400,'20260525',758,,558072,48,,,1,99,,558073,48,,,1,100,,558074,48,,,1,100,,558075,48,,,1,100,,558076,48,,,1,100,,558077,48,,,1,100,,558078,48,,,1,100,,558079,48,,,1,101,,558080,48,,,1,71,,558089,12,,,1,30,,558081,48,,,1,70,,558090,12,,,1,28,,558082,48,,,1,100,,558083,48,,,1,100,,558084,48,,,1,100,,558085,48,,,1,100,,558086,48,,,1,99,,558087,48,,,1,100,,558088,48,,,1
8400,'20260526',758,,558091,48,,,1,99,,558092,48,,,1,100,,558093,48,,,1,100,,558094,48,,,1,100,,558095,48,,,1,100,,558096,48,,,1,100,,558097,48,,,1,100,,558098,48,,,1,101,,558099,48,,,1,71,,558108,12,,,1,30,,558100,48,,,1,70,,558109,12,,,1,28,,558101,48,,,1,100,,558102,48,,,1,100,,558103,48,,,1,100,,558104,48,,,1,100,,558105,48,,,1,99,,558106,48,,,1,100,,558107,48,,,1
8400,'20260527',758,,558110,48,,,1,99,,558111,48,,,1,100,,558112,48,,,1,100,,558113,48,,,1,100,,558114,48,,,1,100,,558115,48,,,1,100,,558116,48,,,1,100,,558117,48,,,1,101,,558118,48,,,1,71,,558127,12,,,1,30,,558119,48,,,1,70,,558128,12,,,1,28,,558120,48,,,1,100,,558121,48,,,1,100,,558122,48,,,1,100,,558123,48,,,1,100,,558124,48,,,1,99,,558125,48,,,1,100,,558126,48,,,1
8400,'20260528',758,,558129,48,,,1,99,,558130,48,,,1,100,,558131,48,,,1,100,,558132,48,,,1,100,,558133,48,,,1,100,,558134,48,,,1,100,,558135,48,,,1,100,,558136,48,,,1,101,,558137,48,,,1,71,,558146,12,,,1,30,,558138,48,,,1,70,,558147,12,,,1,28,,558139,48,,,1,100,,558140,48,,,1,100,,558141,48,,,1,100,,558142,48,,,1,100,,558143,48,,,1,99,,558144,48,,,1,100,,558145,48,,,1
8400,'20260529',758,,525716,48,,,1,99,,525717,48,,,1,100,,525718,48,,,1,100,,525719,48,,,1,100,,525720,48,,,1,100,,525721,48,,,1,100,,525722,48,,,1,100,,525723,48,,,1,101,,525724,48,,,1,71,,525733,12,,,1,30,,525725,48,,,1,70,,525734,12,,,1,28,,525726,48,,,1,100,,525727,48,,,1,100,,525728,48,,,1,100,,525729,48,,,1,100,,525730,48,,,1,99,,525731,48,,,1,100,,525732,48,,,1
8400,'20260530',756,,525735,48,,,1,100,,525750,48,,,1,101,,525736,48,,,1,100,,525751,48,,,1,100,,525737,48,,,1,100,,525739,48,,,1,100,,525740,48,,,1,100,,525741,48,,,1,100,,525742,48,,,1,100,,525743,48,,,1,100,,525744,48,,,1,100,,525745,48,,,1,100,,525746,48,,,1,99,,525747,48,,,1,100,,525748,48,,,1,100,,525749,48,,,1,100,,525738,48,,,1
8400,'20260531',756,,525752,48,,,1,100,,525767,48,,,1,101,,525753,48,,,1,100,,525768,48,,,1,100,,525754,48,,,1,100,,525761,48,,,1,100,,525755,48,,,1,100,,525762,48,,,1,100,,525756,48,,,1,100,,525763,48,,,1,100,,525757,48,,,1,100,,525764,48,,,1,100,,525758,48,,,1,99,,525765,48,,,1,100,,525759,48,,,1,100,,525766,48,,,1,100,,525760,48,,,1
8400,'20260601',758,,525769,48,,,1,99,,525770,48,,,1,100,,525771,48,,,1,100,,525772,48,,,1,100,,525773,48,,,1,100,,525774,48,,,1,100,,525775,48,,,1,100,,525776,48,,,1,101,,525777,48,,,1,71,,525786,12,,,1,30,,525778,48,,,1,70,,525787,12,,,1,28,,525779,48,,,1,100,,525780,48,,,1,100,,525781,48,,,1,100,,525782,48,,,1,100,,525783,48,,,1,99,,525784,48,,,1,100,,525785,48,,,1
8400,'20260602',758,,525788,48,,,1,99,,525789,48,,,1,100,,525790,48,,,1,100,,525791,48,,,1,100,,525792,48,,,1,100,,525793,48,,,1,100,,525794,48,,,1,100,,525795,48,,,1,101,,525796,48,,,1,71,,525805,12,,,1,30,,525797,48,,,1,70,,525806,12,,,1,28,,525798,48,,,1,100,,525799,48,,,1,100,,525800,48,,,1,100,,525801,48,,,1,100,,525802,48,,,1,99,,525803,48,,,1,100,,525804,48,,,1
8400,'20260603',758,,558148,48,,,1,99,,558149,48,,,1,100,,558150,48,,,1,100,,558151,48,,,1,100,,558152,48,,,1,100,,558153,48,,,1,100,,558154,48,,,1,100,,558155,48,,,1,101,,558156,48,,,1,71,,558165,12,,,1,30,,558157,48,,,1,70,,558166,12,,,1,28,,558158,48,,,1,100,,558159,48,,,1,100,,558160,48,,,1,100,,558161,48,,,1,100,,558162,48,,,1,99,,558163,48,,,1,100,,558164,48,,,1
8400,'20260604',758,,558167,48,,,1,99,,558168,48,,,1,100,,558169,48,,,1,100,,558170,48,,,1,100,,558171,48,,,1,100,,558172,48,,,1,100,,558173,48,,,1,100,,558174,48,,,1,101,,558175,48,,,1,71,,558184,12,,,1,30,,558176,48,,,1,70,,558185,12,,,1,28,,558177,48,,,1,100,,558178,48,,,1,100,,558179,48,,,1,100,,558180,48,,,1,100,,558181,48,,,1,99,,558182,48,,,1,100,,558183,48,,,1
8400,'20260605',758,,558186,48,,,1,99,,558187,48,,,1,100,,558188,48,,,1,100,,558189,48,,,1,100,,558190,48,,,1,100,,558191,48,,,1,100,,558192,48,,,1,100,,558193,48,,,1,101,,558194,48,,,1,71,,558203,12,,,1,30,,558195,48,,,1,70,,558204,12,,,1,28,,558196,48,,,1,100,,558197,48,,,1,100,,558198,48,,,1,100,,558199,48,,,1,100,,558200,48,,,1,99,,558201,48,,,1,100,,558202,48,,,1
27400,'20260522',1611,,529266,18,4,,0,36,,529267,18,4,,0,63,,529268,18,4,,0,29,,529269,18,4,,0,66,,529270,18,4,,0
27400,'20260525',1611,,562148,18,4,,0,36,,562149,18,4,,0,63,,562150,18,4,,0,29,,562151,18,4,,0,66,,562152,18,4,,0
27400,'20260526',1611,,562153,18,4,,0,36,,562154,18,4,,0,63,,562155,18,4,,0,29,,562156,18,4,,0,66,,562157,18,4,,0
27400,'20260527',1611,,562158,18,4,,0,36,,562159,18,4,,0,63,,562160,18,4,,0,29,,562161,18,4,,0,66,,562162,18,4,,0
27400,'20260528',1611,,562163,18,4,,0,36,,562164,18,4,,0,63,,562165,18,4,,0,29,,562166,18,4,,0,66,,562167,18,4,,0
27400,'20260529',1611,,529271,18,4,,0,36,,529272,18,4,,0,63,,529274,18,4,,0,29,,529275,18,4,,0,66,,529273,18,4,,0
27400,'20260601',1611,,529276,18,4,,0,36,,529277,18,4,,0,63,,529279,18,4,,0,29,,529280,18,4,,0,66,,529278,18,4,,0
27400,'20260602',1611,,529281,18,4,,0,36,,529282,18,4,,0,63,,529284,18,4,,0,29,,529285,18,4,,0,66,,529283,18,4,,0
27400,'20260603',1611,,562168,18,4,,0,36,,562169,18,4,,0,63,,562171,18,4,,0,29,,562172,18,4,,0,66,,562170,18,4,,0
27400,'20260604',1611,,562173,18,4,,0,36,,562174,18,4,,0,63,,562176,18,4,,0,29,,562177,18,4,,0,66,,562175,18,4,,0
27400,'20260605',1611,,562178,18,4,,0,36,,562179,18,4,,0,63,,562181,18,4,,0,29,,562182,18,4,,0,66,,562180,18,4,,0
29000,'20260522',1619,,529734,21,4,,0,32,,529735,21,4,,0,72,,529736,21,4,,0,35,,529737,21,4,,0,79,,529738,21,4,,0
29000,'20260525',1619,,562694,21,4,,0,32,,562695,21,4,,0,72,,562696,21,4,,0,35,,562697,21,4,,0,79,,562698,21,4,,0
29000,'20260526',1619,,562699,21,4,,0,32,,562700,21,4,,0,72,,562701,21,4,,0,35,,562702,21,4,,0,79,,562703,21,4,,0
29000,'20260527',1619,,562704,21,4,,0,32,,562705,21,4,,0,72,,562706,21,4,,0,35,,562707,21,4,,0,79,,562708,21,4,,0
29000,'20260528',1619,,562709,21,4,,0,32,,562710,21,4,,0,72,,562711,21,4,,0,35,,562712,21,4,,0,79,,562713,21,4,,0
29000,'20260529',1619,,529739,21,4,,0,32,,529740,21,4,,0,72,,529741,21,4,,0,35,,529742,21,4,,0,79,,529743,21,4,,0
29000,'20260601',1619,,529744,21,4,,0,32,,529745,21,4,,0,72,,529746,21,4,,0,35,,529747,21,4,,0,79,,529748,21,4,,0
29000,'20260602',1619,,529749,21,4,,0,32,,529750,21,4,,0,72,,529751,21,4,,0,35,,529752,21,4,,0,79,,529753,21,4,,0
29000,'20260603',1619,,562714,21,4,,0,32,,562715,21,4,,0,72,,562716,21,4,,0,35,,562717,21,4,,0,79,,562718,21,4,,0
29000,'20260604',1619,,562719,21,4,,0,32,,562720,21,4,,0,72,,562721,21,4,,0,35,,562722,21,4,,0,79,,562723,21,4,,0
29000,'20260605',1619,,562724,21,4,,0,32,,562725,21,4,,0,72,,562726,21,4,,0,35,,562727,21,4,,0,79,,562728,21,4,,0
37400,'20260522',1639,,530447,17,4,,0,93,,530448,17,4,,0,125,,530449,17,4,,0
37400,'20260525',1639,,563530,17,4,,0,93,,563531,17,4,,0,125,,563532,17,4,,0
37400,'20260526',1639,,563533,17,4,,0,93,,563534,17,4,,0,125,,563535,17,4,,0
37400,'20260527',1639,,563536,17,4,,0,93,,563537,17,4,,0,125,,563538,17,4,,0
37400,'20260528',1639,,563539,17,4,,0,93,,563540,17,4,,0,125,,563541,17,4,,0
37400,'20260529',1639,,530450,17,4,,0,93,,530451,17,4,,0,125,,530452,17,4,,0
37400,'20260601',1639,,530453,17,4,,0,93,,530454,17,4,,0,125,,530455,17,4,,0
37400,'20260602',1639,,530456,17,4,,0,93,,530457,17,4,,0,125,,530458,17,4,,0
37400,'20260603',1639,,563542,17,4,,0,93,,563543,17,4,,0,125,,563544,17,4,,0
37400,'20260604',1639,,563545,17,4,,0,93,,563546,17,4,,0,125,,563547,17,4,,0
37400,'20260605',1639,,563548,17,4,,0,93,,563549,17,4,,0,125,,563550,17,4,,0
57400,'20260522',1558,,531128,15,4,,0,79,,531129,15,4,,0,71,,531130,15,4,,0,34,,531131,15,4,,0
57400,'20260525',1558,,564391,15,4,,0,79,,564392,15,4,,0,71,,564393,15,4,,0,34,,564394,15,4,,0
57400,'20260526',1558,,564395,15,4,,0,79,,564396,15,4,,0,71,,564397,15,4,,0,34,,564398,15,4,,0
57400,'20260527',1558,,564399,15,4,,0,79,,564400,15,4,,0,71,,564401,15,4,,0,34,,564402,15,4,,0
57400,'20260528',1558,,564403,15,4,,0,79,,564404,15,4,,0,71,,564405,15,4,,0,34,,564406,15,4,,0
57400,'20260529',1558,,531135,15,4,,0,79,,531133,15,4,,0,71,,531134,15,4,,0,34,,531132,15,4,,0
57400,'20260601',1558,,531139,15,4,,0,79,,531137,15,4,,0,71,,531138,15,4,,0,34,,531136,15,4,,0
57400,'20260602',1558,,531143,15,4,,0,79,,531141,15,4,,0,71,,531142,15,4,,0,34,,531140,15,4,,0
57400,'20260603',1558,,564410,15,4,,0,79,,564408,15,4,,0,71,,564409,15,4,,0,34,,564407,15,4,,0
57400,'20260604',1558,,564414,15,4,,0,79,,564412,15,4,,0,71,,564413,15,4,,0,34,,564411,15,4,,0
57400,'20260605',1558,,564418,15,4,,0,79,,564416,15,4,,0,71,,564417,15,4,,0,34,,564415,15,4,,0
80400,'20260522',635,,537365,32,,,1,16,,537366,32,,,1,56,,537367,32,,,1,16,,537368,32,,,1,16,,537369,32,,,1,16,,537370,32,,,1,55,,537371,32,,,1,14,,537372,32,,,1,14,,537373,32,,,1,14,,537374,32,,,1,52,,537375,32,,,1,15,,537376,32,,,1,16,,537377,32,,,1,15,,537378,32,,,1,55,,537379,32,,,1,15,,537380,32,,,1,15,,537381,32,,,1,15,,537382,32,,,1,55,,537383,32,,,1,15,,537384,32,,,1,17,,537385,32,,,1,15,,537386,32,,,1,55,,537387,32,,,1,15,,537388,32,,,1,15,,537389,32,,,1,15,,537390,32,,,1,55,,537391,32,,,1,15,,537392,32,,,1,16,,537393,32,,,1,14,,537394,32,,,1,55,,537395,32,,,1,15,,537396,32,,,1,15,,537397,32,,,1,15,,537398,32,,,1,54,,537399,32,,,1,15,,537400,32,,,1,15,,537401,32,,,1,17,,537402,32,,,1,53,,537403,32,,,1,12,,537404,32,,,1,13,,537405,32,,,1,12,,537406,32,,,1,12,,537407,32,,,1,50,,537408,32,,,1,9,,537409,32,,,1,10,,537410,32,,,1,13,,537411,32,,,1,13,,537412,32,,,1,52,,537413,32,,,1,15,,537414,32,,,1,14,,537415,32,,,1,14,,537416,32,,,1,57,,537417,32,,,1,18,,537418,32,,,1,17,,537419,32,,,1,19,,537420,32,,,1,58,,537421,32,,,1,18,,537422,32,,,1,19,,537423,32,,,1,58,,537424,32,,,1,18,,537425,32,,,1,18,,537426,32,,,1,58,,537427,32,,,1,18,,537428,32,,,1,18,,537429,32,,,1,18,,537430,32,,,1,57,,537431,32,,,1,18,,537432,32,,,1,18,,537433,32,,,1,58,,537434,32,,,1,18,,537435,32,,,1,18,,537436,32,,,1
80400,'20260523',715,,571321,32,,,1,18,,571322,32,,,1,19,,571323,32,,,1,58,,571324,32,,,1,18,,571325,32,,,1,19,,571326,32,,,1,59,,571327,32,,,1,17,,571328,32,,,1,17,,571329,32,,,1,18,,571330,32,,,1,58,,571331,32,,,1,18,,571332,32,,,1,18,,571333,32,,,1,59,,571334,32,,,1,17,,571335,32,,,1,18,,571336,32,,,1,59,,571337,32,,,1,15,,571338,32,,,1,15,,571339,32,,,1,15,,571340,32,,,1,55,,571341,32,,,1,15,,571342,32,,,1,15,,571343,32,,,1,15,,571344,32,,,1,55,,571345,32,,,1,15,,571346,32,,,1,15,,571347,32,,,1,15,,571348,32,,,1,55,,571349,32,,,1,15,,571350,32,,,1,15,,571351,32,,,1,15,,571352,32,,,1,55,,571353,32,,,1,15,,571354,32,,,1,15,,571355,32,,,1,15,,571356,32,,,1,55,,571357,32,,,1,14,,571358,32,,,1,16,,571359,32,,,1,16,,571360,32,,,1,54,,571361,32,,,1,14,,571362,32,,,1,19,,571363,32,,,1,19,,571364,32,,,1,59,,571365,32,,,1,18,,571366,32,,,1,18,,571367,32,,,1,58,,571368,32,,,1,19,,571369,32,,,1,18,,571370,32,,,1,58,,571371,32,,,1,18,,571372,32,,,1,18,,571373,32,,,1,18,,571374,32,,,1,58,,571375,32,,,1,19,,571376,32,,,1,18,,571377,32,,,1,58,,571378,32,,,1,18,,571379,32,,,1,18,,571380,32,,,1,57,,571381,32,,,1,18,,571382,32,,,1,18,,571383,32,,,1
80400,'20260524',715,,571384,32,,,1,18,,571385,32,,,1,19,,571386,32,,,1,58,,571387,32,,,1,18,,571388,32,,,1,19,,571389,32,,,1,59,,571390,32,,,1,17,,571391,32,,,1,17,,571392,32,,,1,18,,571393,32,,,1,58,,571394,32,,,1,18,,571395,32,,,1,18,,571396,32,,,1,59,,571397,32,,,1,17,,571398,32,,,1,18,,571399,32,,,1,59,,571400,32,,,1,15,,571401,32,,,1,15,,571402,32,,,1,15,,571403,32,,,1,55,,571404,32,,,1,15,,571405,32,,,1,15,,571406,32,,,1,15,,571407,32,,,1,55,,571408,32,,,1,15,,571409,32,,,1,15,,571410,32,,,1,15,,571411,32,,,1,55,,571412,32,,,1,15,,571413,32,,,1,15,,571414,32,,,1,15,,571415,32,,,1,55,,571416,32,,,1,15,,571417,32,,,1,15,,571418,32,,,1,15,,571419,32,,,1,55,,571420,32,,,1,14,,571421,32,,,1,16,,571422,32,,,1,16,,571423,32,,,1,54,,571424,32,,,1,14,,571425,32,,,1,19,,571426,32,,,1,19,,571427,32,,,1,59,,571428,32,,,1,18,,571429,32,,,1,18,,571430,32,,,1,58,,571431,32,,,1,19,,571432,32,,,1,18,,571433,32,,,1,58,,571434,32,,,1,18,,571435,32,,,1,18,,571436,32,,,1,18,,571437,32,,,1,58,,571438,32,,,1,19,,571439,32,,,1,18,,571440,32,,,1,58,,571441,32,,,1,18,,571442,32,,,1,18,,571443,32,,,1,57,,571444,32,,,1,18,,571445,32,,,1,18,,571446,32,,,1
80400,'20260525',635,,571447,32,,,1,16,,571448,32,,,1,56,,571449,32,,,1,16,,571450,32,,,1,16,,571451,32,,,1,16,,571452,32,,,1,55,,571453,32,,,1,14,,571454,32,,,1,14,,571455,32,,,1,14,,571456,32,,,1,52,,571457,32,,,1,15,,571458,32,,,1,16,,571459,32,,,1,15,,571460,32,,,1,55,,571461,32,,,1,15,,571462,32,,,1,15,,571463,32,,,1,15,,571464,32,,,1,55,,571465,32,,,1,15,,571466,32,,,1,17,,571467,32,,,1,15,,571468,32,,,1,55,,571469,32,,,1,15,,571470,32,,,1,15,,571471,32,,,1,15,,571472,32,,,1,55,,571473,32,,,1,15,,571474,32,,,1,16,,571475,32,,,1,14,,571476,32,,,1,55,,571477,32,,,1,15,,571478,32,,,1,15,,571479,32,,,1,15,,571480,32,,,1,54,,571481,32,,,1,15,,571482,32,,,1,15,,571483,32,,,1,17,,571484,32,,,1,53,,571485,32,,,1,12,,571486,32,,,1,13,,571487,32,,,1,12,,571488,32,,,1,12,,571489,32,,,1,50,,571490,32,,,1,9,,571491,32,,,1,10,,571492,32,,,1,13,,571493,32,,,1,13,,571494,32,,,1,52,,571495,32,,,1,15,,571496,32,,,1,14,,571497,32,,,1,14,,571498,32,,,1,57,,571499,32,,,1,18,,571500,32,,,1,17,,571501,32,,,1,19,,571502,32,,,1,58,,571503,32,,,1,18,,571504,32,,,1,19,,571505,32,,,1,58,,571506,32,,,1,18,,571507,32,,,1,18,,571508,32,,,1,58,,571509,32,,,1,18,,571510,32,,,1,18,,571511,32,,,1,18,,571512,32,,,1,57,,571513,32,,,1,18,,571514,32,,,1,18,,571515,32,,,1,58,,571516,32,,,1,18,,571517,32,,,1,18,,571518,32,,,1
80400,'20260526',635,,571519,32,,,1,16,,571520,32,,,1,56,,571521,32,,,1,16,,571522,32,,,1,16,,571523,32,,,1,16,,571524,32,,,1,55,,571525,32,,,1,14,,571526,32,,,1,14,,571527,32,,,1,14,,571528,32,,,1,52,,571529,32,,,1,15,,571530,32,,,1,16,,571531,32,,,1,15,,571532,32,,,1,55,,571533,32,,,1,15,,571534,32,,,1,15,,571535,32,,,1,15,,571536,32,,,1,55,,571537,32,,,1,15,,571538,32,,,1,17,,571539,32,,,1,15,,571540,32,,,1,55,,571541,32,,,1,15,,571542,32,,,1,15,,571543,32,,,1,15,,571544,32,,,1,55,,571545,32,,,1,15,,571546,32,,,1,16,,571547,32,,,1,14,,571548,32,,,1,55,,571549,32,,,1,15,,571550,32,,,1,15,,571551,32,,,1,15,,571552,32,,,1,54,,571553,32,,,1,15,,571554,32,,,1,15,,571555,32,,,1,17,,571556,32,,,1,53,,571557,32,,,1,12,,571558,32,,,1,13,,571559,32,,,1,12,,571560,32,,,1,12,,571561,32,,,1,50,,571562,32,,,1,9,,571563,32,,,1,10,,571564,32,,,1,13,,571565,32,,,1,13,,571566,32,,,1,52,,571567,32,,,1,15,,571568,32,,,1,14,,571569,32,,,1,14,,571570,32,,,1,57,,571571,32,,,1,18,,571572,32,,,1,17,,571573,32,,,1,19,,571574,32,,,1,58,,571575,32,,,1,18,,571576,32,,,1,19,,571577,32,,,1,58,,571578,32,,,1,18,,571579,32,,,1,18,,571580,32,,,1,58,,571581,32,,,1,18,,571582,32,,,1,18,,571583,32,,,1,18,,571584,32,,,1,57,,571585,32,,,1,18,,571586,32,,,1,18,,571587,32,,,1,58,,571588,32,,,1,18,,571589,32,,,1,18,,571590,32,,,1
80400,'20260527',635,,571591,32,,,1,16,,571592,32,,,1,56,,571593,32,,,1,16,,571594,32,,,1,16,,571595,32,,,1,16,,571596,32,,,1,55,,571597,32,,,1,14,,571598,32,,,1,14,,571599,32,,,1,14,,571600,32,,,1,52,,571601,32,,,1,15,,571602,32,,,1,16,,571603,32,,,1,15,,571604,32,,,1,55,,571605,32,,,1,15,,571606,32,,,1,15,,571607,32,,,1,15,,571608,32,,,1,55,,571609,32,,,1,15,,571610,32,,,1,17,,571611,32,,,1,15,,571612,32,,,1,55,,571613,32,,,1,15,,571614,32,,,1,15,,571615,32,,,1,15,,571616,32,,,1,55,,571617,32,,,1,15,,571618,32,,,1,16,,571619,32,,,1,14,,571620,32,,,1,55,,571621,32,,,1,15,,571622,32,,,1,15,,571623,32,,,1,15,,571624,32,,,1,54,,571625,32,,,1,15,,571626,32,,,1,15,,571627,32,,,1,17,,571628,32,,,1,53,,571629,32,,,1,12,,571630,32,,,1,13,,571631,32,,,1,12,,571632,32,,,1,12,,571633,32,,,1,50,,571634,32,,,1,9,,571635,32,,,1,10,,571636,32,,,1,13,,571637,32,,,1,13,,571638,32,,,1,52,,571639,32,,,1,15,,571640,32,,,1,14,,571641,32,,,1,14,,571642,32,,,1,57,,571643,32,,,1,18,,571644,32,,,1,17,,571645,32,,,1,19,,571646,32,,,1,58,,571647,32,,,1,18,,571648,32,,,1,19,,571649,32,,,1,58,,571650,32,,,1,18,,571651,32,,,1,18,,571652,32,,,1,58,,571653,32,,,1,18,,571654,32,,,1,18,,571655,32,,,1,18,,571656,32,,,1,57,,571657,32,,,1,18,,571658,32,,,1,18,,571659,32,,,1,58,,571660,32,,,1,18,,571661,32,,,1,18,,571662,32,,,1
80400,'20260528',635,,571663,32,,,1,16,,571664,32,,,1,56,,571665,32,,,1,16,,571666,32,,,1,16,,571667,32,,,1,16,,571668,32,,,1,55,,571669,32,,,1,14,,571670,32,,,1,14,,571671,32,,,1,14,,571672,32,,,1,52,,571673,32,,,1,15,,571674,32,,,1,16,,571675,32,,,1,15,,571676,32,,,1,55,,571677,32,,,1,15,,571678,32,,,1,15,,571679,32,,,1,15,,571680,32,,,1,55,,571681,32,,,1,15,,571682,32,,,1,17,,571683,32,,,1,15,,571684,32,,,1,55,,571685,32,,,1,15,,571686,32,,,1,15,,571687,32,,,1,15,,571688,32,,,1,55,,571689,32,,,1,15,,571690,32,,,1,16,,571691,32,,,1,14,,571692,32,,,1,55,,571693,32,,,1,15,,571694,32,,,1,15,,571695,32,,,1,15,,571696,32,,,1,54,,571697,32,,,1,15,,571698,32,,,1,15,,571699,32,,,1,17,,571700,32,,,1,53,,571701,32,,,1,12,,571702,32,,,1,13,,571703,32,,,1,12,,571704,32,,,1,12,,571705,32,,,1,50,,571706,32,,,1,9,,571707,32,,,1,10,,571708,32,,,1,13,,571709,32,,,1,13,,571710,32,,,1,52,,571711,32,,,1,15,,571712,32,,,1,14,,571713,32,,,1,14,,571714,32,,,1,57,,571715,32,,,1,18,,571716,32,,,1,17,,571717,32,,,1,19,,571718,32,,,1,58,,571719,32,,,1,18,,571720,32,,,1,19,,571721,32,,,1,58,,571722,32,,,1,18,,571723,32,,,1,18,,571724,32,,,1,58,,571725,32,,,1,18,,571726,32,,,1,18,,571727,32,,,1,18,,571728,32,,,1,57,,571729,32,,,1,18,,571730,32,,,1,18,,571731,32,,,1,58,,571732,32,,,1,18,,571733,32,,,1,18,,571734,32,,,1
80400,'20260529',635,,537504,32,,,1,16,,537437,32,,,1,56,,537438,32,,,1,16,,537500,32,,,1,16,,537449,32,,,1,16,,537451,32,,,1,55,,537452,32,,,1,14,,537505,32,,,1,14,,537453,32,,,1,14,,537454,32,,,1,52,,537455,32,,,1,15,,537456,32,,,1,16,,537457,32,,,1,15,,537493,32,,,1,55,,537497,32,,,1,15,,537458,32,,,1,15,,537459,32,,,1,15,,537460,32,,,1,55,,537494,32,,,1,15,,537461,32,,,1,17,,537462,32,,,1,15,,537498,32,,,1,55,,537463,32,,,1,15,,537464,32,,,1,15,,537465,32,,,1,15,,537466,32,,,1,55,,537467,32,,,1,15,,537495,32,,,1,16,,537468,32,,,1,14,,537469,32,,,1,55,,537470,32,,,1,15,,537471,32,,,1,15,,537502,32,,,1,15,,537472,32,,,1,54,,537473,32,,,1,15,,537474,32,,,1,15,,537475,32,,,1,17,,537476,32,,,1,53,,537477,32,,,1,12,,537478,32,,,1,13,,537479,32,,,1,12,,537480,32,,,1,12,,537481,32,,,1,50,,537482,32,,,1,9,,537499,32,,,1,10,,537483,32,,,1,13,,537484,32,,,1,13,,537485,32,,,1,52,,537486,32,,,1,15,,537487,32,,,1,14,,537450,32,,,1,14,,537448,32,,,1,57,,537447,32,,,1,18,,537488,32,,,1,17,,537489,32,,,1,19,,537490,32,,,1,58,,537492,32,,,1,18,,537439,32,,,1,19,,537496,32,,,1,58,,537440,32,,,1,18,,537501,32,,,1,18,,537441,32,,,1,58,,537503,32,,,1,18,,537442,32,,,1,18,,537443,32,,,1,18,,537506,32,,,1,57,,537444,32,,,1,18,,537507,32,,,1,18,,537445,32,,,1,58,,537446,32,,,1,18,,537508,32,,,1,18,,537491,32,,,1
80400,'20260530',715,,537556,32,,,1,18,,537509,32,,,1,19,,537510,32,,,1,58,,537511,32,,,1,18,,537557,32,,,1,19,,537561,32,,,1,59,,537512,32,,,1,17,,537513,32,,,1,17,,537552,32,,,1,18,,537562,32,,,1,58,,537558,32,,,1,18,,537553,32,,,1,18,,537560,32,,,1,59,,537514,32,,,1,17,,537554,32,,,1,18,,537515,32,,,1,59,,537555,32,,,1,15,,537516,32,,,1,15,,537563,32,,,1,15,,537517,32,,,1,55,,537518,32,,,1,15,,537519,32,,,1,15,,537520,32,,,1,15,,537521,32,,,1,55,,537522,32,,,1,15,,537523,32,,,1,15,,537524,32,,,1,15,,537525,32,,,1,55,,537526,32,,,1,15,,537527,32,,,1,15,,537528,32,,,1,15,,537529,32,,,1,55,,537530,32,,,1,15,,537531,32,,,1,15,,537532,32,,,1,15,,537533,32,,,1,55,,537534,32,,,1,14,,537535,32,,,1,16,,537536,32,,,1,16,,537537,32,,,1,54,,537538,32,,,1,14,,537539,32,,,1,19,,537540,32,,,1,19,,537564,32,,,1,59,,537559,32,,,1,18,,537565,32,,,1,18,,537541,32,,,1,58,,537566,32,,,1,19,,537542,32,,,1,18,,537543,32,,,1,58,,537567,32,,,1,18,,537544,32,,,1,18,,537568,32,,,1,18,,537545,32,,,1,58,,537546,32,,,1,19,,537569,32,,,1,18,,537547,32,,,1,58,,537570,32,,,1,18,,537548,32,,,1,18,,537549,32,,,1,57,,537571,32,,,1,18,,537550,32,,,1,18,,537551,32,,,1
80400,'20260531',715,,537620,32,,,1,18,,537572,32,,,1,19,,537624,32,,,1,58,,537573,32,,,1,18,,537574,32,,,1,19,,537622,32,,,1,59,,537575,32,,,1,17,,537576,32,,,1,17,,537577,32,,,1,18,,537618,32,,,1,58,,537625,32,,,1,18,,537621,32,,,1,18,,537578,32,,,1,59,,537626,32,,,1,17,,537579,32,,,1,18,,537580,32,,,1,59,,537581,32,,,1,15,,537619,32,,,1,15,,537582,32,,,1,15,,537583,32,,,1,55,,537584,32,,,1,15,,537585,32,,,1,15,,537586,32,,,1,15,,537587,32,,,1,55,,537588,32,,,1,15,,537589,32,,,1,15,,537590,32,,,1,15,,537591,32,,,1,55,,537592,32,,,1,15,,537593,32,,,1,15,,537594,32,,,1,15,,537595,32,,,1,55,,537596,32,,,1,15,,537597,32,,,1,15,,537598,32,,,1,15,,537599,32,,,1,55,,537600,32,,,1,14,,537601,32,,,1,16,,537602,32,,,1,16,,537603,32,,,1,54,,537604,32,,,1,14,,537605,32,,,1,19,,537627,32,,,1,19,,537606,32,,,1,59,,537623,32,,,1,18,,537628,32,,,1,18,,537607,32,,,1,58,,537629,32,,,1,19,,537608,32,,,1,18,,537609,32,,,1,58,,537630,32,,,1,18,,537610,32,,,1,18,,537631,32,,,1,18,,537611,32,,,1,58,,537612,32,,,1,19,,537632,32,,,1,18,,537613,32,,,1,58,,537633,32,,,1,18,,537614,32,,,1,18,,537615,32,,,1,57,,537634,32,,,1,18,,537616,32,,,1,18,,537617,32,,,1
80400,'20260601',635,,537702,32,,,1,16,,537635,32,,,1,56,,537636,32,,,1,16,,537698,32,,,1,16,,537647,32,,,1,16,,537649,32,,,1,55,,537650,32,,,1,14,,537703,32,,,1,14,,537651,32,,,1,14,,537652,32,,,1,52,,537653,32,,,1,15,,537654,32,,,1,16,,537655,32,,,1,15,,537691,32,,,1,55,,537695,32,,,1,15,,537656,32,,,1,15,,537657,32,,,1,15,,537658,32,,,1,55,,537692,32,,,1,15,,537659,32,,,1,17,,537660,32,,,1,15,,537696,32,,,1,55,,537661,32,,,1,15,,537662,32,,,1,15,,537663,32,,,1,15,,537664,32,,,1,55,,537665,32,,,1,15,,537693,32,,,1,16,,537666,32,,,1,14,,537667,32,,,1,55,,537668,32,,,1,15,,537669,32,,,1,15,,537700,32,,,1,15,,537670,32,,,1,54,,537671,32,,,1,15,,537672,32,,,1,15,,537673,32,,,1,17,,537674,32,,,1,53,,537675,32,,,1,12,,537676,32,,,1,13,,537677,32,,,1,12,,537678,32,,,1,12,,537679,32,,,1,50,,537680,32,,,1,9,,537697,32,,,1,10,,537681,32,,,1,13,,537682,32,,,1,13,,537683,32,,,1,52,,537684,32,,,1,15,,537685,32,,,1,14,,537648,32,,,1,14,,537646,32,,,1,57,,537645,32,,,1,18,,537686,32,,,1,17,,537687,32,,,1,19,,537688,32,,,1,58,,537690,32,,,1,18,,537637,32,,,1,19,,537694,32,,,1,58,,537638,32,,,1,18,,537699,32,,,1,18,,537639,32,,,1,58,,537701,32,,,1,18,,537640,32,,,1,18,,537641,32,,,1,18,,537704,32,,,1,57,,537642,32,,,1,18,,537705,32,,,1,18,,537643,32,,,1,58,,537644,32,,,1,18,,537706,32,,,1,18,,537689,32,,,1
80400,'20260602',635,,537774,32,,,1,16,,537707,32,,,1,56,,537708,32,,,1,16,,537770,32,,,1,16,,537719,32,,,1,16,,537721,32,,,1,55,,537722,32,,,1,14,,537775,32,,,1,14,,537723,32,,,1,14,,537724,32,,,1,52,,537725,32,,,1,15,,537726,32,,,1,16,,537727,32,,,1,15,,537763,32,,,1,55,,537767,32,,,1,15,,537728,32,,,1,15,,537729,32,,,1,15,,537730,32,,,1,55,,537764,32,,,1,15,,537731,32,,,1,17,,537732,32,,,1,15,,537768,32,,,1,55,,537733,32,,,1,15,,537734,32,,,1,15,,537735,32,,,1,15,,537736,32,,,1,55,,537737,32,,,1,15,,537765,32,,,1,16,,537738,32,,,1,14,,537739,32,,,1,55,,537740,32,,,1,15,,537741,32,,,1,15,,537772,32,,,1,15,,537742,32,,,1,54,,537743,32,,,1,15,,537744,32,,,1,15,,537745,32,,,1,17,,537746,32,,,1,53,,537747,32,,,1,12,,537748,32,,,1,13,,537749,32,,,1,12,,537750,32,,,1,12,,537751,32,,,1,50,,537752,32,,,1,9,,537769,32,,,1,10,,537753,32,,,1,13,,537754,32,,,1,13,,537755,32,,,1,52,,537756,32,,,1,15,,537757,32,,,1,14,,537720,32,,,1,14,,537718,32,,,1,57,,537717,32,,,1,18,,537758,32,,,1,17,,537759,32,,,1,19,,537760,32,,,1,58,,537762,32,,,1,18,,537709,32,,,1,19,,537766,32,,,1,58,,537710,32,,,1,18,,537771,32,,,1,18,,537711,32,,,1,58,,537773,32,,,1,18,,537712,32,,,1,18,,537713,32,,,1,18,,537776,32,,,1,57,,537714,32,,,1,18,,537777,32,,,1,18,,537715,32,,,1,58,,537716,32,,,1,18,,537778,32,,,1,18,,537761,32,,,1
80400,'20260603',635,,571802,32,,,1,16,,571735,32,,,1,56,,571736,32,,,1,16,,571798,32,,,1,16,,571747,32,,,1,16,,571749,32,,,1,55,,571750,32,,,1,14,,571803,32,,,1,14,,571751,32,,,1,14,,571752,32,,,1,52,,571753,32,,,1,15,,571754,32,,,1,16,,571755,32,,,1,15,,571791,32,,,1,55,,571795,32,,,1,15,,571756,32,,,1,15,,571757,32,,,1,15,,571758,32,,,1,55,,571792,32,,,1,15,,571759,32,,,1,17,,571760,32,,,1,15,,571796,32,,,1,55,,571761,32,,,1,15,,571762,32,,,1,15,,571763,32,,,1,15,,571764,32,,,1,55,,571765,32,,,1,15,,571793,32,,,1,16,,571766,32,,,1,14,,571767,32,,,1,55,,571768,32,,,1,15,,571769,32,,,1,15,,571800,32,,,1,15,,571770,32,,,1,54,,571771,32,,,1,15,,571772,32,,,1,15,,571773,32,,,1,17,,571774,32,,,1,53,,571775,32,,,1,12,,571776,32,,,1,13,,571777,32,,,1,12,,571778,32,,,1,12,,571779,32,,,1,50,,571780,32,,,1,9,,571797,32,,,1,10,,571781,32,,,1,13,,571782,32,,,1,13,,571783,32,,,1,52,,571784,32,,,1,15,,571785,32,,,1,14,,571748,32,,,1,14,,571746,32,,,1,57,,571745,32,,,1,18,,571786,32,,,1,17,,571787,32,,,1,19,,571788,32,,,1,58,,571790,32,,,1,18,,571737,32,,,1,19,,571794,32,,,1,58,,571738,32,,,1,18,,571799,32,,,1,18,,571739,32,,,1,58,,571801,32,,,1,18,,571740,32,,,1,18,,571741,32,,,1,18,,571804,32,,,1,57,,571742,32,,,1,18,,571805,32,,,1,18,,571743,32,,,1,58,,571744,32,,,1,18,,571806,32,,,1,18,,571789,32,,,1
80400,'20260604',635,,571874,32,,,1,16,,571807,32,,,1,56,,571808,32,,,1,16,,571870,32,,,1,16,,571819,32,,,1,16,,571821,32,,,1,55,,571822,32,,,1,14,,571875,32,,,1,14,,571823,32,,,1,14,,571824,32,,,1,52,,571825,32,,,1,15,,571826,32,,,1,16,,571827,32,,,1,15,,571863,32,,,1,55,,571867,32,,,1,15,,571828,32,,,1,15,,571829,32,,,1,15,,571830,32,,,1,55,,571864,32,,,1,15,,571831,32,,,1,17,,571832,32,,,1,15,,571868,32,,,1,55,,571833,32,,,1,15,,571834,32,,,1,15,,571835,32,,,1,15,,571836,32,,,1,55,,571837,32,,,1,15,,571865,32,,,1,16,,571838,32,,,1,14,,571839,32,,,1,55,,571840,32,,,1,15,,571841,32,,,1,15,,571872,32,,,1,15,,571842,32,,,1,54,,571843,32,,,1,15,,571844,32,,,1,15,,571845,32,,,1,17,,571846,32,,,1,53,,571847,32,,,1,12,,571848,32,,,1,13,,571849,32,,,1,12,,571850,32,,,1,12,,571851,32,,,1,50,,571852,32,,,1,9,,571869,32,,,1,10,,571853,32,,,1,13,,571854,32,,,1,13,,571855,32,,,1,52,,571856,32,,,1,15,,571857,32,,,1,14,,571820,32,,,1,14,,571818,32,,,1,57,,571817,32,,,1,18,,571858,32,,,1,17,,571859,32,,,1,19,,571860,32,,,1,58,,571862,32,,,1,18,,571809,32,,,1,19,,571866,32,,,1,58,,571810,32,,,1,18,,571871,32,,,1,18,,571811,32,,,1,58,,571873,32,,,1,18,,571812,32,,,1,18,,571813,32,,,1,18,,571876,32,,,1,57,,571814,32,,,1,18,,571877,32,,,1,18,,571815,32,,,1,58,,571816,32,,,1,18,,571878,32,,,1,18,,571861,32,,,1
80400,'20260605',635,,571946,32,,,1,16,,571879,32,,,1,56,,571880,32,,,1,16,,571942,32,,,1,16,,571891,32,,,1,16,,571893,32,,,1,55,,571894,32,,,1,14,,571947,32,,,1,14,,571895,32,,,1,14,,571896,32,,,1,52,,571897,32,,,1,15,,571898,32,,,1,16,,571899,32,,,1,15,,571935,32,,,1,55,,571939,32,,,1,15,,571900,32,,,1,15,,571901,32,,,1,15,,571902,32,,,1,55,,571936,32,,,1,15,,571903,32,,,1,17,,571904,32,,,1,15,,571940,32,,,1,55,,571905,32,,,1,15,,571906,32,,,1,15,,571907,32,,,1,15,,571908,32,,,1,55,,571909,32,,,1,15,,571937,32,,,1,16,,571910,32,,,1,14,,571911,32,,,1,55,,571912,32,,,1,15,,571913,32,,,1,15,,571944,32,,,1,15,,571914,32,,,1,54,,571915,32,,,1,15,,571916,32,,,1,15,,571917,32,,,1,17,,571918,32,,,1,53,,571919,32,,,1,12,,571920,32,,,1,13,,571921,32,,,1,12,,571922,32,,,1,12,,571923,32,,,1,50,,571924,32,,,1,9,,571941,32,,,1,10,,571925,32,,,1,13,,571926,32,,,1,13,,571927,32,,,1,52,,571928,32,,,1,15,,571929,32,,,1,14,,571892,32,,,1,14,,571890,32,,,1,57,,571889,32,,,1,18,,571930,32,,,1,17,,571931,32,,,1,19,,571932,32,,,1,58,,571934,32,,,1,18,,571881,32,,,1,19,,571938,32,,,1,58,,571882,32,,,1,18,,571943,32,,,1,18,,571883,32,,,1,58,,571945,32,,,1,18,,571884,32,,,1,18,,571885,32,,,1,18,,571948,32,,,1,57,,571886,32,,,1,18,,571949,32,,,1,18,,571887,32,,,1,58,,571888,32,,,1,18,,571950,32,,,1,18,,571933,32,,,1
90400,'20260522',2602,,542141,32,,,0
90400,'20260523',2602,,576898,32,,,0
90400,'20260529',2602,,542142,32,,,0
90400,'20260530',2602,,542143,32,,,0
90400,'20260605',2602,,576899,32,,,0
98400,'20260522',2605,,542195,50,,,0
98400,'20260523',2605,,576934,50,,,0
98400,'20260529',2605,,542196,50,,,0
98400,'20260530',2605,,542197,50,,,0
98400,'20260605',2605,,576935,50,,,0
