9403,'20260626',718,,804917,40,,,0,104,,804918,40,,,0,97,,804919,40,,,0,100,,804920,40,,,0,100,,804921,40,,,0,100,,804922,40,,,0,100,,804923,40,,,0,100,,804924,40,,,0,99,,804925,40,,,0,31,,804926,40,,,0,65,,804927,40,,,0,30,,804928,40,,,0,80,,804929,40,,,0,30,,804930,40,,,0,65,,804931,40,,,0,99,,804932,40,,,0,101,,804933,40,,,0,100,,804934,40,,,0,101,,804935,40,,,0,100,,804936,40,,,0
9403,'20260627',722,,830914,40,,,0,100,,830915,40,,,0,100,,830916,40,,,0,100,,830917,40,,,0,100,,830918,40,,,0,99,,830919,40,,,0,100,,830920,40,,,0,100,,830921,40,,,0,97,,830922,40,,,0,99,,830923,40,,,0,105,,830924,40,,,0,100,,830925,40,,,0,100,,830926,40,,,0,100,,830927,40,,,0,100,,830928,40,,,0,100,,830929,40,,,0,100,,830930,40,,,0
9403,'20260628',722,,830931,40,,,0,100,,830932,40,,,0,100,,830933,40,,,0,100,,830934,40,,,0,100,,830935,40,,,0,99,,830936,40,,,0,100,,830937,40,,,0,100,,830938,40,,,0,97,,830939,40,,,0,99,,830940,40,,,0,105,,830941,40,,,0,100,,830942,40,,,0,100,,830943,40,,,0,100,,830944,40,,,0,100,,830945,40,,,0,100,,830946,40,,,0,100,,830947,40,,,0
9403,'20260629',718,,830948,40,,,0,104,,830949,40,,,0,97,,830950,40,,,0,100,,830951,40,,,0,100,,830952,40,,,0,100,,830953,40,,,0,100,,830954,40,,,0,100,,830955,40,,,0,99,,830956,40,,,0,31,,830957,40,,,0,65,,830958,40,,,0,30,,830959,40,,,0,80,,830960,40,,,0,30,,830961,40,,,0,65,,830962,40,,,0,99,,830963,40,,,0,101,,830964,40,,,0,100,,830965,40,,,0,101,,830966,40,,,0,100,,830967,40,,,0
9403,'20260630',718,,830968,40,,,0,104,,830969,40,,,0,97,,830970,40,,,0,100,,830971,40,,,0,100,,830972,40,,,0,100,,830973,40,,,0,100,,830974,40,,,0,100,,830975,40,,,0,99,,830976,40,,,0,31,,830977,40,,,0,65,,830978,40,,,0,30,,830979,40,,,0,80,,830980,40,,,0,30,,830981,40,,,0,65,,830982,40,,,0,99,,830983,40,,,0,101,,830984,40,,,0,100,,830985,40,,,0,101,,830986,40,,,0,100,,830987,40,,,0
9403,'20260701',722,,830988,40,,,0,100,,830989,40,,,0,100,,830990,40,,,0,100,,830991,40,,,0,100,,830992,40,,,0,99,,830993,40,,,0,100,,830994,40,,,0,100,,830995,40,,,0,97,,830996,40,,,0,99,,830997,40,,,0,105,,830998,40,,,0,100,,830999,40,,,0,100,,831000,40,,,0,100,,831001,40,,,0,100,,831002,40,,,0,100,,831003,40,,,0,100,,831004,40,,,0
9403,'20260702',718,,831005,40,,,0,104,,831006,40,,,0,97,,831007,40,,,0,100,,831008,40,,,0,100,,831009,40,,,0,100,,831010,40,,,0,100,,831011,40,,,0,100,,831012,40,,,0,99,,831013,40,,,0,31,,831014,40,,,0,65,,831015,40,,,0,30,,831016,40,,,0,80,,831017,40,,,0,30,,831018,40,,,0,65,,831019,40,,,0,99,,831020,40,,,0,101,,831021,40,,,0,100,,831022,40,,,0,101,,831023,40,,,0,100,,831024,40,,,0
9403,'20260703',718,,781937,40,,,0,104,,781938,40,,,0,97,,781939,40,,,0,100,,781940,40,,,0,100,,781941,40,,,0,100,,781942,40,,,0,100,,781943,40,,,0,100,,781944,40,,,0,99,,781945,40,,,0,31,,781946,40,,,0,65,,781947,40,,,0,30,,781933,40,,,0,80,,781934,40,,,0,30,,781952,40,,,0,65,,781951,40,,,0,99,,781935,40,,,0,101,,781936,40,,,0,100,,781948,40,,,0,101,,781949,40,,,0,100,,781950,40,,,0
9403,'20260704',722,,804937,40,,,0,100,,804938,40,,,0,100,,804939,40,,,0,100,,804940,40,,,0,100,,804941,40,,,0,99,,804942,40,,,0,100,,804943,40,,,0,100,,804944,40,,,0,97,,804945,40,,,0,99,,804946,40,,,0,105,,804947,40,,,0,100,,804948,40,,,0,100,,804949,40,,,0,100,,804950,40,,,0,100,,804951,40,,,0,100,,804952,40,,,0,100,,804953,40,,,0
9403,'20260705',722,,804954,40,,,0,100,,804955,40,,,0,100,,804956,40,,,0,100,,804957,40,,,0,100,,804958,40,,,0,99,,804959,40,,,0,100,,804960,40,,,0,100,,804961,40,,,0,97,,804962,40,,,0,99,,804963,40,,,0,105,,804964,40,,,0,100,,804965,40,,,0,100,,804966,40,,,0,100,,804967,40,,,0,100,,804968,40,,,0,100,,804969,40,,,0,100,,804970,40,,,0
9403,'20260706',718,,804975,40,,,0,104,,804976,40,,,0,97,,804977,40,,,0,100,,804978,40,,,0,100,,804979,40,,,0,100,,804980,40,,,0,100,,804981,40,,,0,100,,804982,40,,,0,99,,804983,40,,,0,31,,804984,40,,,0,65,,804985,40,,,0,30,,804971,40,,,0,80,,804972,40,,,0,30,,804990,40,,,0,65,,804989,40,,,0,99,,804973,40,,,0,101,,804974,40,,,0,100,,804986,40,,,0,101,,804987,40,,,0,100,,804988,40,,,0
9403,'20260707',718,,804995,40,,,0,104,,804996,40,,,0,97,,804997,40,,,0,100,,804998,40,,,0,100,,804999,40,,,0,100,,805000,40,,,0,100,,805001,40,,,0,100,,805002,40,,,0,99,,805003,40,,,0,31,,805004,40,,,0,65,,805005,40,,,0,30,,804991,40,,,0,80,,804992,40,,,0,30,,805010,40,,,0,65,,805009,40,,,0,99,,804993,40,,,0,101,,804994,40,,,0,100,,805006,40,,,0,101,,805007,40,,,0,100,,805008,40,,,0
9403,'20260708',718,,831029,40,,,0,104,,831030,40,,,0,97,,831031,40,,,0,100,,831032,40,,,0,100,,831033,40,,,0,100,,831034,40,,,0,100,,831035,40,,,0,100,,831036,40,,,0,99,,831037,40,,,0,31,,831038,40,,,0,65,,831039,40,,,0,30,,831025,40,,,0,80,,831026,40,,,0,30,,831044,40,,,0,65,,831043,40,,,0,99,,831027,40,,,0,101,,831028,40,,,0,100,,831040,40,,,0,101,,831041,40,,,0,100,,831042,40,,,0
9403,'20260709',718,,831049,40,,,0,104,,831050,40,,,0,97,,831051,40,,,0,100,,831052,40,,,0,100,,831053,40,,,0,100,,831054,40,,,0,100,,831055,40,,,0,100,,831056,40,,,0,99,,831057,40,,,0,31,,831058,40,,,0,65,,831059,40,,,0,30,,831045,40,,,0,80,,831046,40,,,0,30,,831064,40,,,0,65,,831063,40,,,0,99,,831047,40,,,0,101,,831048,40,,,0,100,,831060,40,,,0,101,,831061,40,,,0,100,,831062,40,,,0
9403,'20260710',718,,831069,40,,,0,104,,831070,40,,,0,97,,831071,40,,,0,100,,831072,40,,,0,100,,831073,40,,,0,100,,831074,40,,,0,100,,831075,40,,,0,100,,831076,40,,,0,99,,831077,40,,,0,31,,831078,40,,,0,65,,831079,40,,,0,30,,831065,40,,,0,80,,831066,40,,,0,30,,831084,40,,,0,65,,831083,40,,,0,99,,831067,40,,,0,101,,831068,40,,,0,100,,831080,40,,,0,101,,831081,40,,,0,100,,831082,40,,,0
29403,'20260626',1628,,806314,47,4,,0,103,,806315,47,4,,0,24,,806316,47,4,,0
29403,'20260629',1628,,833035,47,4,,0,103,,833036,47,4,,0,24,,833037,47,4,,0
29403,'20260630',1628,,833038,47,4,,0,103,,833039,47,4,,0,24,,833040,47,4,,0
29403,'20260702',1628,,833041,47,4,,0,103,,833042,47,4,,0,24,,833043,47,4,,0
29403,'20260703',1628,,783326,47,4,,0,103,,783327,47,4,,0,24,,783328,47,4,,0
29403,'20260706',1628,,806317,47,4,,0,103,,806318,47,4,,0,24,,806319,47,4,,0
29403,'20260707',1628,,806320,47,4,,0,103,,806321,47,4,,0,24,,806322,47,4,,0
29403,'20260708',1628,,833044,47,4,,0,103,,833045,47,4,,0,24,,833046,47,4,,0
29403,'20260709',1628,,833047,47,4,,0,103,,833048,47,4,,0,24,,833049,47,4,,0
29403,'20260710',1628,,833050,47,4,,0,103,,833051,47,4,,0,24,,833052,47,4,,0
