401,'20260626',532,,794921,11,,,0,70,,794922,11,,,0,29,,794923,11,,,0,69,,794924,11,,,0,32,,794925,11,,,0,70,,794926,11,,,0,31,,794927,11,,,0,70,,794928,11,,,0,46,,794929,11,,,0,100,,794930,11,,,0,101,,794931,11,,,0,102,,794932,11,,,0,94,,794933,11,,,0,104,,794934,11,,,0,70,,794935,11,,,0,31,,794936,11,,,0,69,,794937,11,,,0,30,,794938,11,,,0,73,,794939,11,,,0,83,,794940,11,,,0,101,,794941,11,,,0,98,,794942,11,,,0,100,,794943,11,,,0,100,,794944,11,,,0,98,,794945,11,,,0,99,,794946,11,,,0
401,'20260627',653,,815917,11,,,0,94,,815918,11,,,0,100,,815919,11,,,0,100,,815920,11,,,0,101,,815921,11,,,0,100,,815922,11,,,0,101,,815923,11,,,0,100,,815924,11,,,0,100,,815925,11,,,0,101,,815926,11,,,0,98,,815927,11,,,0,104,,815928,11,,,0,99,,815929,11,,,0,97,,815930,11,,,0,98,,815931,11,,,0,99,,815932,11,,,0,98,,815933,11,,,0,98,,815934,11,,,0
401,'20260628',653,,815935,11,,,0,94,,815936,11,,,0,100,,815937,11,,,0,100,,815938,11,,,0,101,,815939,11,,,0,100,,815940,11,,,0,101,,815941,11,,,0,100,,815942,11,,,0,100,,815943,11,,,0,101,,815944,11,,,0,98,,815945,11,,,0,104,,815946,11,,,0,99,,815947,11,,,0,97,,815948,11,,,0,98,,815949,11,,,0,99,,815950,11,,,0,98,,815951,11,,,0,98,,815952,11,,,0
401,'20260629',532,,815953,11,,,0,70,,815954,11,,,0,29,,815955,11,,,0,69,,815956,11,,,0,32,,815957,11,,,0,70,,815958,11,,,0,31,,815959,11,,,0,70,,815960,11,,,0,46,,815961,11,,,0,100,,815962,11,,,0,101,,815963,11,,,0,102,,815964,11,,,0,94,,815965,11,,,0,104,,815966,11,,,0,70,,815967,11,,,0,31,,815968,11,,,0,69,,815969,11,,,0,30,,815970,11,,,0,73,,815971,11,,,0,83,,815972,11,,,0,101,,815973,11,,,0,98,,815974,11,,,0,100,,815975,11,,,0,100,,815976,11,,,0,98,,815977,11,,,0,99,,815978,11,,,0
401,'20260630',532,,815979,11,,,0,70,,815980,11,,,0,29,,815981,11,,,0,69,,815982,11,,,0,32,,815983,11,,,0,70,,815984,11,,,0,31,,815985,11,,,0,70,,815986,11,,,0,46,,815987,11,,,0,100,,815988,11,,,0,101,,815989,11,,,0,102,,815990,11,,,0,94,,815991,11,,,0,104,,815992,11,,,0,70,,815993,11,,,0,31,,815994,11,,,0,69,,815995,11,,,0,30,,815996,11,,,0,73,,815997,11,,,0,83,,815998,11,,,0,101,,815999,11,,,0,98,,816000,11,,,0,100,,816001,11,,,0,100,,816002,11,,,0,98,,816003,11,,,0,99,,816004,11,,,0
401,'20260701',653,,816005,11,,,0,94,,816006,11,,,0,100,,816007,11,,,0,100,,816008,11,,,0,101,,816009,11,,,0,100,,816010,11,,,0,101,,816011,11,,,0,100,,816012,11,,,0,100,,816013,11,,,0,101,,816014,11,,,0,98,,816015,11,,,0,104,,816016,11,,,0,99,,816017,11,,,0,97,,816018,11,,,0,98,,816019,11,,,0,99,,816020,11,,,0,98,,816021,11,,,0,98,,816022,11,,,0
401,'20260702',532,,816023,11,,,0,70,,816024,11,,,0,29,,816025,11,,,0,69,,816026,11,,,0,32,,816027,11,,,0,70,,816028,11,,,0,31,,816029,11,,,0,70,,816030,11,,,0,46,,816031,11,,,0,100,,816032,11,,,0,101,,816033,11,,,0,102,,816034,11,,,0,94,,816035,11,,,0,104,,816036,11,,,0,70,,816037,11,,,0,31,,816038,11,,,0,69,,816039,11,,,0,30,,816040,11,,,0,73,,816041,11,,,0,83,,816042,11,,,0,101,,816043,11,,,0,98,,816044,11,,,0,100,,816045,11,,,0,100,,816046,11,,,0,98,,816047,11,,,0,99,,816048,11,,,0
401,'20260703',532,,769270,11,,,0,70,,769271,11,,,0,29,,769272,11,,,0,69,,769273,11,,,0,32,,769274,11,,,0,70,,769269,11,,,0,31,,769275,11,,,0,70,,769276,11,,,0,46,,769277,11,,,0,100,,769278,11,,,0,101,,769279,11,,,0,102,,769280,11,,,0,94,,769281,11,,,0,104,,769282,11,,,0,70,,769283,11,,,0,31,,769284,11,,,0,69,,769285,11,,,0,30,,769286,11,,,0,73,,769287,11,,,0,83,,769288,11,,,0,101,,769289,11,,,0,98,,769290,11,,,0,100,,769291,11,,,0,100,,769292,11,,,0,98,,769293,11,,,0,99,,769294,11,,,0
401,'20260704',653,,794964,11,,,0,94,,794947,11,,,0,100,,794948,11,,,0,100,,794949,11,,,0,101,,794950,11,,,0,100,,794951,11,,,0,101,,794952,11,,,0,100,,794953,11,,,0,100,,794954,11,,,0,101,,794955,11,,,0,98,,794956,11,,,0,104,,794957,11,,,0,99,,794958,11,,,0,97,,794959,11,,,0,98,,794960,11,,,0,99,,794961,11,,,0,98,,794962,11,,,0,98,,794963,11,,,0
401,'20260705',653,,794982,11,,,0,94,,794965,11,,,0,100,,794966,11,,,0,100,,794967,11,,,0,101,,794968,11,,,0,100,,794969,11,,,0,101,,794970,11,,,0,100,,794971,11,,,0,100,,794972,11,,,0,101,,794973,11,,,0,98,,794974,11,,,0,104,,794975,11,,,0,99,,794976,11,,,0,97,,794977,11,,,0,98,,794978,11,,,0,99,,794979,11,,,0,98,,794980,11,,,0,98,,794981,11,,,0
401,'20260706',532,,794984,11,,,0,70,,794985,11,,,0,29,,794986,11,,,0,69,,794987,11,,,0,32,,794988,11,,,0,70,,794983,11,,,0,31,,794989,11,,,0,70,,794990,11,,,0,46,,794991,11,,,0,100,,794992,11,,,0,101,,794993,11,,,0,102,,794994,11,,,0,94,,794995,11,,,0,104,,794996,11,,,0,70,,794997,11,,,0,31,,794998,11,,,0,69,,794999,11,,,0,30,,795000,11,,,0,73,,795001,11,,,0,83,,795002,11,,,0,101,,795003,11,,,0,98,,795004,11,,,0,100,,795005,11,,,0,100,,795006,11,,,0,98,,795007,11,,,0,99,,795008,11,,,0
401,'20260707',532,,795010,11,,,0,70,,795011,11,,,0,29,,795012,11,,,0,69,,795013,11,,,0,32,,795014,11,,,0,70,,795009,11,,,0,31,,795015,11,,,0,70,,795016,11,,,0,46,,795017,11,,,0,100,,795018,11,,,0,101,,795019,11,,,0,102,,795020,11,,,0,94,,795021,11,,,0,104,,795022,11,,,0,70,,795023,11,,,0,31,,795024,11,,,0,69,,795025,11,,,0,30,,795026,11,,,0,73,,795027,11,,,0,83,,795028,11,,,0,101,,795029,11,,,0,98,,795030,11,,,0,100,,795031,11,,,0,100,,795032,11,,,0,98,,795033,11,,,0,99,,795034,11,,,0
401,'20260708',532,,816050,11,,,0,70,,816051,11,,,0,29,,816052,11,,,0,69,,816053,11,,,0,32,,816054,11,,,0,70,,816049,11,,,0,31,,816055,11,,,0,70,,816056,11,,,0,46,,816057,11,,,0,100,,816058,11,,,0,101,,816059,11,,,0,102,,816060,11,,,0,94,,816061,11,,,0,104,,816062,11,,,0,70,,816063,11,,,0,31,,816064,11,,,0,69,,816065,11,,,0,30,,816066,11,,,0,73,,816067,11,,,0,83,,816068,11,,,0,101,,816069,11,,,0,98,,816070,11,,,0,100,,816071,11,,,0,100,,816072,11,,,0,98,,816073,11,,,0,99,,816074,11,,,0
401,'20260709',532,,816076,11,,,0,70,,816077,11,,,0,29,,816078,11,,,0,69,,816079,11,,,0,32,,816080,11,,,0,70,,816075,11,,,0,31,,816081,11,,,0,70,,816082,11,,,0,46,,816083,11,,,0,100,,816084,11,,,0,101,,816085,11,,,0,102,,816086,11,,,0,94,,816087,11,,,0,104,,816088,11,,,0,70,,816089,11,,,0,31,,816090,11,,,0,69,,816091,11,,,0,30,,816092,11,,,0,73,,816093,11,,,0,83,,816094,11,,,0,101,,816095,11,,,0,98,,816096,11,,,0,100,,816097,11,,,0,100,,816098,11,,,0,98,,816099,11,,,0,99,,816100,11,,,0
401,'20260710',532,,816102,11,,,0,70,,816103,11,,,0,29,,816104,11,,,0,69,,816105,11,,,0,32,,816106,11,,,0,70,,816101,11,,,0,31,,816107,11,,,0,70,,816108,11,,,0,46,,816109,11,,,0,100,,816110,11,,,0,101,,816111,11,,,0,102,,816112,11,,,0,94,,816113,11,,,0,104,,816114,11,,,0,70,,816115,11,,,0,31,,816116,11,,,0,69,,816117,11,,,0,30,,816118,11,,,0,73,,816119,11,,,0,83,,816120,11,,,0,101,,816121,11,,,0,98,,816122,11,,,0,100,,816123,11,,,0,100,,816124,11,,,0,98,,816125,11,,,0,99,,816126,11,,,0
