9102,'20260608',506,,669829,3,,,0,101,,669830,3,,,0,30,,669831,3,,,0,68,,669832,3,,,0,28,,669833,3,,,0,72,,669834,3,,,0,30,,669835,3,,,0,100,,669836,3,,,0,99,,669837,3,,,0,100,,669838,3,,,0,101,,669839,3,,,0,99,,669840,3,,,0,100,,669841,3,,,0,98,,669842,3,,,0,106,,669843,3,,,0,100,,669844,3,,,0,98,,669845,3,,,0,98,,669846,3,,,0,100,,669847,3,,,0,100,,669848,3,,,0,103,,669849,3,,,0
9102,'20260609',506,,669850,3,,,0,101,,669851,3,,,0,30,,669852,3,,,0,68,,669853,3,,,0,28,,669854,3,,,0,72,,669855,3,,,0,30,,669856,3,,,0,100,,669857,3,,,0,99,,669858,3,,,0,100,,669859,3,,,0,101,,669860,3,,,0,99,,669861,3,,,0,100,,669862,3,,,0,98,,669863,3,,,0,106,,669864,3,,,0,100,,669865,3,,,0,98,,669866,3,,,0,98,,669867,3,,,0,100,,669868,3,,,0,100,,669869,3,,,0,103,,669870,3,,,0
9102,'20260610',506,,669871,3,,,0,101,,669872,3,,,0,30,,669873,3,,,0,68,,669874,3,,,0,28,,669875,3,,,0,72,,669876,3,,,0,30,,669877,3,,,0,100,,669878,3,,,0,99,,669879,3,,,0,100,,669880,3,,,0,101,,669881,3,,,0,99,,669882,3,,,0,100,,669883,3,,,0,98,,669884,3,,,0,106,,669885,3,,,0,100,,669886,3,,,0,98,,669887,3,,,0,98,,669888,3,,,0,100,,669889,3,,,0,100,,669890,3,,,0,103,,669891,3,,,0
9102,'20260611',506,,669892,3,,,0,101,,669893,3,,,0,30,,669894,3,,,0,68,,669895,3,,,0,28,,669896,3,,,0,72,,669897,3,,,0,30,,669898,3,,,0,100,,669899,3,,,0,99,,669900,3,,,0,100,,669901,3,,,0,101,,669902,3,,,0,99,,669903,3,,,0,100,,669904,3,,,0,98,,669905,3,,,0,106,,669906,3,,,0,100,,669907,3,,,0,98,,669908,3,,,0,98,,669909,3,,,0,100,,669910,3,,,0,100,,669911,3,,,0,103,,669912,3,,,0
9102,'20260612',506,,694541,3,,,0,101,,694542,3,,,0,30,,694543,3,,,0,68,,694544,3,,,0,28,,694545,3,,,0,72,,694546,3,,,0,30,,694547,3,,,0,100,,694548,3,,,0,99,,694549,3,,,0,100,,694550,3,,,0,101,,694551,3,,,0,99,,694552,3,,,0,100,,694553,3,,,0,98,,694554,3,,,0,106,,694555,3,,,0,100,,694556,3,,,0,98,,694557,3,,,0,98,,694558,3,,,0,100,,694559,3,,,0,100,,694560,3,,,0,103,,694561,3,,,0
9102,'20260613',536,,643987,3,,,0,100,,643988,3,,,0,100,,643989,3,,,0,100,,643990,3,,,0,100,,643991,3,,,0,100,,643992,3,,,0,100,,643993,3,,,0,99,,643994,3,,,0,100,,643995,3,,,0,100,,643996,3,,,0,100,,643997,3,,,0,96,,643998,3,,,0,105,,643999,3,,,0,100,,644000,3,,,0,100,,644001,3,,,0,100,,644002,3,,,0,100,,644003,3,,,0,100,,644004,3,,,0
9102,'20260614',536,,644005,3,,,0,100,,644006,3,,,0,100,,644007,3,,,0,100,,644008,3,,,0,100,,644009,3,,,0,100,,644010,3,,,0,100,,644011,3,,,0,99,,644012,3,,,0,100,,644013,3,,,0,100,,644014,3,,,0,100,,644015,3,,,0,96,,644016,3,,,0,105,,644017,3,,,0,100,,644018,3,,,0,100,,644019,3,,,0,100,,644020,3,,,0,100,,644021,3,,,0,100,,644022,3,,,0
9102,'20260615',506,,644023,3,,,0,101,,644024,3,,,0,30,,644025,3,,,0,68,,644026,3,,,0,28,,644027,3,,,0,72,,644028,3,,,0,30,,644029,3,,,0,100,,644030,3,,,0,99,,644031,3,,,0,100,,644032,3,,,0,101,,644033,3,,,0,99,,644034,3,,,0,100,,644035,3,,,0,98,,644036,3,,,0,106,,644037,3,,,0,100,,644038,3,,,0,98,,644039,3,,,0,98,,644040,3,,,0,100,,644041,3,,,0,100,,644042,3,,,0,103,,644043,3,,,0
9102,'20260616',506,,644044,3,,,0,101,,644045,3,,,0,30,,644046,3,,,0,68,,644047,3,,,0,28,,644048,3,,,0,72,,644049,3,,,0,30,,644050,3,,,0,100,,644051,3,,,0,99,,644052,3,,,0,100,,644053,3,,,0,101,,644054,3,,,0,99,,644055,3,,,0,100,,644056,3,,,0,98,,644057,3,,,0,106,,644058,3,,,0,100,,644059,3,,,0,98,,644060,3,,,0,98,,644061,3,,,0,100,,644062,3,,,0,100,,644063,3,,,0,103,,644064,3,,,0
9102,'20260617',506,,669913,3,,,0,101,,669914,3,,,0,30,,669915,3,,,0,68,,669916,3,,,0,28,,669917,3,,,0,72,,669918,3,,,0,30,,669919,3,,,0,100,,669920,3,,,0,99,,669921,3,,,0,100,,669922,3,,,0,101,,669923,3,,,0,99,,669924,3,,,0,100,,669925,3,,,0,98,,669926,3,,,0,106,,669927,3,,,0,100,,669928,3,,,0,98,,669929,3,,,0,98,,669930,3,,,0,100,,669931,3,,,0,100,,669932,3,,,0,103,,669933,3,,,0
9102,'20260618',506,,669934,3,,,0,101,,669935,3,,,0,30,,669936,3,,,0,68,,669937,3,,,0,28,,669938,3,,,0,72,,669939,3,,,0,30,,669940,3,,,0,100,,669941,3,,,0,99,,669942,3,,,0,100,,669943,3,,,0,101,,669944,3,,,0,99,,669945,3,,,0,100,,669946,3,,,0,98,,669947,3,,,0,106,,669948,3,,,0,100,,669949,3,,,0,98,,669950,3,,,0,98,,669951,3,,,0,100,,669952,3,,,0,100,,669953,3,,,0,103,,669954,3,,,0
9102,'20260619',506,,669955,3,,,0,101,,669956,3,,,0,30,,669957,3,,,0,68,,669958,3,,,0,28,,669959,3,,,0,72,,669960,3,,,0,30,,669961,3,,,0,100,,669962,3,,,0,99,,669963,3,,,0,100,,669964,3,,,0,101,,669965,3,,,0,99,,669966,3,,,0,100,,669967,3,,,0,98,,669968,3,,,0,106,,669969,3,,,0,100,,669970,3,,,0,98,,669971,3,,,0,98,,669972,3,,,0,100,,669973,3,,,0,100,,669974,3,,,0,103,,669975,3,,,0
9102,'20260620',536,,694562,3,,,0,100,,694563,3,,,0,100,,694564,3,,,0,100,,694565,3,,,0,100,,694566,3,,,0,100,,694567,3,,,0,100,,694568,3,,,0,99,,694569,3,,,0,100,,694570,3,,,0,100,,694571,3,,,0,97,,694572,3,,,0,99,,694573,3,,,0,105,,694574,3,,,0,100,,694575,3,,,0,100,,694576,3,,,0,100,,694577,3,,,0,100,,694578,3,,,0,100,,694579,3,,,0
9102,'20260621',536,,694580,3,,,0,100,,694581,3,,,0,100,,694582,3,,,0,100,,694583,3,,,0,100,,694584,3,,,0,100,,694585,3,,,0,100,,694586,3,,,0,99,,694587,3,,,0,100,,694588,3,,,0,100,,694589,3,,,0,97,,694590,3,,,0,99,,694591,3,,,0,105,,694592,3,,,0,100,,694593,3,,,0,100,,694594,3,,,0,100,,694595,3,,,0,100,,694596,3,,,0,100,,694597,3,,,0
9102,'20260622',506,,694598,3,,,0,101,,694599,3,,,0,28,,694600,3,,,0,70,,694601,3,,,0,28,,694602,3,,,0,72,,694603,3,,,0,30,,694604,3,,,0,100,,694605,3,,,0,99,,694606,3,,,0,100,,694607,3,,,0,101,,694608,3,,,0,99,,694609,3,,,0,100,,694610,3,,,0,98,,694611,3,,,0,106,,694612,3,,,0,100,,694613,3,,,0,98,,694614,3,,,0,98,,694615,3,,,0,100,,694616,3,,,0,100,,694617,3,,,0,103,,694618,3,,,0
29102,'20260608',608,,673443,3,,,0,25,,673444,3,,,0,68,,673445,3,,,0,24,,673446,3,,,0
29102,'20260609',608,,673447,3,,,0,25,,673448,3,,,0,68,,673449,3,,,0,24,,673450,3,,,0
29102,'20260610',608,,673451,3,,,0,25,,673452,3,,,0,68,,673453,3,,,0,24,,673454,3,,,0
29102,'20260611',608,,673455,3,,,0,25,,673456,3,,,0,68,,673457,3,,,0,24,,673458,3,,,0
29102,'20260612',608,,695813,3,,,0,25,,695814,3,,,0,68,,695815,3,,,0,24,,695816,3,,,0
29102,'20260615',608,,645726,3,,,0,25,,645729,3,,,0,68,,645727,3,,,0,24,,645728,3,,,0
29102,'20260616',608,,645730,3,,,0,25,,645733,3,,,0,68,,645731,3,,,0,24,,645732,3,,,0
29102,'20260617',608,,673459,3,,,0,25,,673462,3,,,0,68,,673460,3,,,0,24,,673461,3,,,0
29102,'20260618',608,,673463,3,,,0,25,,673466,3,,,0,68,,673464,3,,,0,24,,673465,3,,,0
29102,'20260619',608,,673467,3,,,0,25,,673470,3,,,0,68,,673468,3,,,0,24,,673469,3,,,0
29102,'20260622',603,,695817,3,,,0,30,,695820,3,,,0,23,,695818,3,,,0,71,,695819,3,,,0
