3600,'20260630',724,,820376,30,,,0,30,,820377,30,,,0,70,,820378,30,,,0,100,,820379,30,,,0,100,,820380,30,,,0,100,,820381,30,,,0,100,,820382,30,,,0,100,,820383,30,,,0,100,,820384,30,,,0,99,,820385,30,,,0,29,,820386,30,,,0,70,,820387,30,,,0,31,,820388,30,,,0,71,,820389,30,,,0,30,,820390,30,,,0,71,,820391,30,,,0,100,,820392,30,,,0,100,,820393,30,,,0,101,,820394,30,,,0,100,,820395,30,,,0,100,,820396,30,,,0,100,,820397,30,,,0
3600,'20260701',724,,820398,30,,,0,100,,820399,30,,,0,100,,820400,30,,,0,100,,820401,30,,,0,100,,820402,30,,,0,100,,820403,30,,,0,100,,820404,30,,,0,100,,820405,30,,,0,100,,820406,30,,,0,100,,820407,30,,,0,100,,820408,30,,,0,100,,820409,30,,,0,101,,820410,30,,,0,100,,820411,30,,,0,101,,820412,30,,,0,100,,820413,30,,,0,100,,820414,30,,,0,100,,820415,30,,,0
3600,'20260702',724,,820416,30,,,0,30,,820417,30,,,0,70,,820418,30,,,0,100,,820419,30,,,0,100,,820420,30,,,0,100,,820421,30,,,0,100,,820422,30,,,0,100,,820423,30,,,0,100,,820424,30,,,0,99,,820425,30,,,0,29,,820426,30,,,0,70,,820427,30,,,0,31,,820428,30,,,0,71,,820429,30,,,0,30,,820430,30,,,0,71,,820431,30,,,0,100,,820432,30,,,0,100,,820433,30,,,0,101,,820434,30,,,0,100,,820435,30,,,0,100,,820436,30,,,0,100,,820437,30,,,0
3600,'20260703',724,,848336,30,,,0,30,,848337,30,,,0,70,,848338,30,,,0,100,,848339,30,,,0,100,,848340,30,,,0,100,,848341,30,,,0,100,,848342,30,,,0,100,,848343,30,,,0,100,,848344,30,,,0,99,,848345,30,,,0,29,,848346,30,,,0,70,,848347,30,,,0,31,,848348,30,,,0,71,,848349,30,,,0,30,,848350,30,,,0,71,,848351,30,,,0,100,,848352,30,,,0,100,,848353,30,,,0,101,,848354,30,,,0,100,,848355,30,,,0,100,,848356,30,,,0,100,,848357,30,,,0
3600,'20260704',724,,797875,30,,,0,100,,797876,30,,,0,100,,797877,30,,,0,100,,797878,30,,,0,100,,797879,30,,,0,100,,797880,30,,,0,100,,797881,30,,,0,100,,797882,30,,,0,100,,797883,30,,,0,100,,797884,30,,,0,100,,797885,30,,,0,100,,797886,30,,,0,101,,797888,30,,,0,100,,797873,30,,,0,101,,797889,30,,,0,100,,797874,30,,,0,100,,797887,30,,,0,100,,797890,30,,,0
3600,'20260705',724,,797908,30,,,0,100,,797906,30,,,0,100,,797900,30,,,0,100,,797903,30,,,0,100,,797892,30,,,0,100,,797891,30,,,0,100,,797899,30,,,0,100,,797898,30,,,0,100,,797897,30,,,0,100,,797896,30,,,0,100,,797895,30,,,0,100,,797894,30,,,0,101,,797904,30,,,0,100,,797893,30,,,0,101,,797905,30,,,0,100,,797902,30,,,0,100,,797901,30,,,0,100,,797907,30,,,0
3600,'20260706',724,,797909,30,,,0,30,,797930,30,,,0,70,,797910,30,,,0,100,,797911,30,,,0,100,,797912,30,,,0,100,,797913,30,,,0,100,,797914,30,,,0,100,,797915,30,,,0,100,,797916,30,,,0,99,,797917,30,,,0,29,,797918,30,,,0,70,,797919,30,,,0,31,,797920,30,,,0,71,,797921,30,,,0,30,,797922,30,,,0,71,,797924,30,,,0,100,,797925,30,,,0,100,,797926,30,,,0,101,,797927,30,,,0,100,,797928,30,,,0,100,,797929,30,,,0,100,,797923,30,,,0
3600,'20260707',724,,797931,30,,,0,30,,797952,30,,,0,70,,797932,30,,,0,100,,797933,30,,,0,100,,797934,30,,,0,100,,797935,30,,,0,100,,797936,30,,,0,100,,797937,30,,,0,100,,797938,30,,,0,99,,797939,30,,,0,29,,797940,30,,,0,70,,797941,30,,,0,31,,797942,30,,,0,71,,797943,30,,,0,30,,797944,30,,,0,71,,797946,30,,,0,100,,797947,30,,,0,100,,797948,30,,,0,101,,797949,30,,,0,100,,797950,30,,,0,100,,797951,30,,,0,100,,797945,30,,,0
3600,'20260708',724,,820438,30,,,0,30,,820459,30,,,0,70,,820439,30,,,0,100,,820440,30,,,0,100,,820441,30,,,0,100,,820442,30,,,0,100,,820443,30,,,0,100,,820444,30,,,0,100,,820445,30,,,0,99,,820446,30,,,0,29,,820447,30,,,0,70,,820448,30,,,0,31,,820449,30,,,0,71,,820450,30,,,0,30,,820451,30,,,0,71,,820453,30,,,0,100,,820454,30,,,0,100,,820455,30,,,0,101,,820456,30,,,0,100,,820457,30,,,0,100,,820458,30,,,0,100,,820452,30,,,0
3600,'20260709',724,,820460,30,,,0,30,,820481,30,,,0,70,,820461,30,,,0,100,,820462,30,,,0,100,,820463,30,,,0,100,,820464,30,,,0,100,,820465,30,,,0,100,,820466,30,,,0,100,,820467,30,,,0,99,,820468,30,,,0,29,,820469,30,,,0,70,,820470,30,,,0,31,,820471,30,,,0,71,,820472,30,,,0,30,,820473,30,,,0,71,,820475,30,,,0,100,,820476,30,,,0,100,,820477,30,,,0,101,,820478,30,,,0,100,,820479,30,,,0,100,,820480,30,,,0,100,,820474,30,,,0
3600,'20260710',724,,820482,30,,,0,30,,820503,30,,,0,70,,820483,30,,,0,100,,820484,30,,,0,100,,820485,30,,,0,100,,820486,30,,,0,100,,820487,30,,,0,100,,820488,30,,,0,100,,820489,30,,,0,99,,820490,30,,,0,29,,820491,30,,,0,70,,820492,30,,,0,31,,820493,30,,,0,71,,820494,30,,,0,30,,820495,30,,,0,71,,820497,30,,,0,100,,820498,30,,,0,100,,820499,30,,,0,101,,820500,30,,,0,100,,820501,30,,,0,100,,820502,30,,,0,100,,820496,30,,,0
3600,'20260711',724,,848360,30,,,0,100,,848361,30,,,0,100,,848362,30,,,0,100,,848363,30,,,0,100,,848364,30,,,0,100,,848365,30,,,0,100,,848366,30,,,0,100,,848367,30,,,0,100,,848368,30,,,0,100,,848369,30,,,0,100,,848370,30,,,0,100,,848371,30,,,0,101,,848373,30,,,0,100,,848358,30,,,0,101,,848374,30,,,0,100,,848359,30,,,0,100,,848372,30,,,0,100,,848375,30,,,0
3600,'20260712',724,,848393,30,,,0,100,,848391,30,,,0,100,,848385,30,,,0,100,,848388,30,,,0,100,,848377,30,,,0,100,,848376,30,,,0,100,,848384,30,,,0,100,,848383,30,,,0,100,,848382,30,,,0,100,,848381,30,,,0,100,,848380,30,,,0,100,,848379,30,,,0,101,,848389,30,,,0,100,,848378,30,,,0,101,,848390,30,,,0,100,,848387,30,,,0,100,,848386,30,,,0,100,,848392,30,,,0
3600,'20260713',724,,848394,30,,,0,30,,848415,30,,,0,70,,848395,30,,,0,100,,848396,30,,,0,100,,848397,30,,,0,100,,848398,30,,,0,100,,848399,30,,,0,100,,848400,30,,,0,100,,848401,30,,,0,99,,848402,30,,,0,29,,848403,30,,,0,70,,848404,30,,,0,31,,848405,30,,,0,71,,848406,30,,,0,30,,848407,30,,,0,71,,848409,30,,,0,100,,848410,30,,,0,100,,848411,30,,,0,101,,848412,30,,,0,100,,848413,30,,,0,100,,848414,30,,,0,100,,848408,30,,,0
3600,'20260714',724,,848416,30,,,0,30,,848437,30,,,0,70,,848417,30,,,0,100,,848418,30,,,0,100,,848419,30,,,0,100,,848420,30,,,0,100,,848421,30,,,0,100,,848422,30,,,0,100,,848423,30,,,0,99,,848424,30,,,0,29,,848425,30,,,0,70,,848426,30,,,0,31,,848427,30,,,0,71,,848428,30,,,0,30,,848429,30,,,0,71,,848431,30,,,0,100,,848432,30,,,0,100,,848433,30,,,0,101,,848434,30,,,0,100,,848435,30,,,0,100,,848436,30,,,0,100,,848430,30,,,0
13300,'20260630',1558,,831414,19,,,0,71,,831415,19,,,0,72,,831416,19,,,0,33,,831417,19,,,0,23,,831418,19,,,0
13300,'20260702',1558,,831419,19,,,0,71,,831420,19,,,0,72,,831421,19,,,0,33,,831422,19,,,0,23,,831423,19,,,0
13300,'20260703',1558,,854402,19,,,0,71,,854403,19,,,0,72,,854404,19,,,0,33,,854405,19,,,0,23,,854406,19,,,0
13300,'20260706',1558,,805240,19,,,0,71,,805237,19,,,0,72,,805238,19,,,0,33,,805239,19,,,0,23,,805241,19,,,0
13300,'20260707',1558,,805245,19,,,0,71,,805242,19,,,0,72,,805243,19,,,0,33,,805244,19,,,0,23,,805246,19,,,0
13300,'20260708',1558,,831427,19,,,0,71,,831424,19,,,0,72,,831425,19,,,0,33,,831426,19,,,0,23,,831428,19,,,0
13300,'20260709',1558,,831432,19,,,0,71,,831429,19,,,0,72,,831430,19,,,0,33,,831431,19,,,0,23,,831433,19,,,0
13300,'20260710',1558,,831437,19,,,0,71,,831434,19,,,0,72,,831435,19,,,0,33,,831436,19,,,0,23,,831438,19,,,0
13300,'20260713',1558,,854410,19,,,0,71,,854407,19,,,0,72,,854408,19,,,0,33,,854409,19,,,0,23,,854411,19,,,0
13300,'20260714',1558,,854415,19,,,0,71,,854412,19,,,0,72,,854413,19,,,0,33,,854414,19,,,0,23,,854416,19,,,0
13600,'20260630',1556,,831487,14,,,0,70,,831488,14,,,0,14,,831489,14,,,0,16,,831490,14,,,0,69,,831491,14,,,0,30,,831492,14,,,0
13600,'20260702',1556,,831493,14,,,0,70,,831494,14,,,0,14,,831495,14,,,0,16,,831496,14,,,0,69,,831497,14,,,0,30,,831498,14,,,0
13600,'20260703',1556,,854438,14,,,0,70,,854439,14,,,0,14,,854440,14,,,0,16,,854441,14,,,0,69,,854442,14,,,0,30,,854443,14,,,0
13600,'20260706',1556,,805287,14,,,0,70,,805288,14,,,0,14,,805289,14,,,0,16,,805290,14,,,0,69,,805291,14,,,0,30,,805292,14,,,0
13600,'20260707',1556,,805293,14,,,0,70,,805294,14,,,0,14,,805295,14,,,0,16,,805296,14,,,0,69,,805297,14,,,0,30,,805298,14,,,0
13600,'20260708',1556,,831499,14,,,0,70,,831500,14,,,0,14,,831501,14,,,0,16,,831502,14,,,0,69,,831503,14,,,0,30,,831504,14,,,0
13600,'20260709',1556,,831505,14,,,0,70,,831506,14,,,0,14,,831507,14,,,0,16,,831508,14,,,0,69,,831509,14,,,0,30,,831510,14,,,0
13600,'20260710',1556,,831511,14,,,0,70,,831512,14,,,0,14,,831513,14,,,0,16,,831514,14,,,0,69,,831515,14,,,0,30,,831516,14,,,0
13600,'20260713',1556,,854444,14,,,0,70,,854445,14,,,0,14,,854446,14,,,0,16,,854447,14,,,0,69,,854448,14,,,0,30,,854449,14,,,0
13600,'20260714',1556,,854450,14,,,0,70,,854451,14,,,0,14,,854452,14,,,0,16,,854453,14,,,0,69,,854454,14,,,0,30,,854455,14,,,0
93600,'20260703',2550,,861835,33,,,0
93600,'20260704',2550,,814355,33,,,0
93600,'20260710',2550,,845097,33,,,0
93600,'20260711',2550,,861836,33,,,0
