5600,'20260709',633,,872324,8,,,0,26,,872325,8,,,0,74,,872326,8,,,0
5600,'20260710',633,,904382,8,,,0,26,,904383,8,,,0,74,,904384,8,,,0
5600,'20260713',633,,922522,8,,,0,26,,922523,8,,,0,74,,922524,8,,,0
5600,'20260714',633,,922525,8,,,0,26,,922526,8,,,0,74,,922527,8,,,0
5600,'20260715',633,,872329,8,,,0,26,,872327,8,,,0,74,,872328,8,,,0
5600,'20260716',633,,872332,8,,,0,26,,872330,8,,,0,74,,872331,8,,,0
5600,'20260717',633,,872335,8,,,0,26,,872333,8,,,0,74,,872334,8,,,0
5600,'20260720',633,,904387,8,,,0,26,,904385,8,,,0,74,,904386,8,,,0
5600,'20260721',633,,904390,8,,,0,26,,904388,8,,,0,74,,904389,8,,,0
5600,'20260722',633,,922530,8,,,0,26,,922528,8,,,0,74,,922529,8,,,0
5600,'20260723',633,,922533,8,,,0,26,,922531,8,,,0,74,,922532,8,,,0
5700,'20260709',801,,872448,8,,,0,101,,872449,8,,,0,101,,872450,8,,,0,101,,872451,8,,,0,100,,872452,8,,,0,101,,872453,8,,,0,101,,872454,8,,,0,101,,872455,8,,,0,97,,872456,8,,,0,38,,872457,8,,,0,74,,872458,8,,,0,25,,872459,8,,,0,67,,872460,8,,,0,32,,872461,8,,,0,98,,872462,8,,,0,101,,872463,8,,,0,101,,872464,8,,,0,101,,872465,8,,,0,99,,872466,8,,,0
5700,'20260710',801,,904400,8,,,0,101,,904401,8,,,0,101,,904402,8,,,0,101,,904403,8,,,0,100,,904404,8,,,0,101,,904405,8,,,0,101,,904406,8,,,0,101,,904407,8,,,0,97,,904408,8,,,0,38,,904409,8,,,0,74,,904410,8,,,0,25,,904411,8,,,0,67,,904412,8,,,0,32,,904413,8,,,0,98,,904414,8,,,0,101,,904415,8,,,0,101,,904416,8,,,0,101,,904417,8,,,0,99,,904418,8,,,0
5700,'20260711',708,,922546,8,,,0,100,,922547,8,,,0,100,,922548,8,,,0,101,,922549,8,,,0,100,,922550,8,,,0,98,,922551,8,,,0,101,,922552,8,,,0,97,,922553,8,,,0,97,,922554,8,,,0,104,,922555,8,,,0,104,,922556,8,,,0,98,,922557,8,,,0,100,,922558,8,,,0,100,,922559,8,,,0,100,,922560,8,,,0,101,,922561,8,,,0,100,,922562,8,,,0
5700,'20260712',708,,922563,8,,,0,100,,922564,8,,,0,100,,922565,8,,,0,101,,922566,8,,,0,100,,922567,8,,,0,98,,922568,8,,,0,101,,922569,8,,,0,97,,922570,8,,,0,97,,922571,8,,,0,104,,922572,8,,,0,104,,922573,8,,,0,98,,922574,8,,,0,100,,922575,8,,,0,100,,922576,8,,,0,100,,922577,8,,,0,101,,922578,8,,,0,100,,922579,8,,,0
5700,'20260713',801,,922580,8,,,0,101,,922581,8,,,0,101,,922582,8,,,0,101,,922583,8,,,0,100,,922584,8,,,0,101,,922585,8,,,0,101,,922586,8,,,0,101,,922587,8,,,0,97,,922588,8,,,0,38,,922589,8,,,0,74,,922590,8,,,0,25,,922591,8,,,0,67,,922592,8,,,0,32,,922593,8,,,0,98,,922594,8,,,0,101,,922595,8,,,0,101,,922596,8,,,0,101,,922597,8,,,0,99,,922598,8,,,0
5700,'20260714',801,,922599,8,,,0,101,,922600,8,,,0,101,,922601,8,,,0,101,,922602,8,,,0,100,,922603,8,,,0,101,,922604,8,,,0,101,,922605,8,,,0,101,,922606,8,,,0,97,,922607,8,,,0,38,,922608,8,,,0,74,,922609,8,,,0,25,,922610,8,,,0,67,,922611,8,,,0,32,,922612,8,,,0,98,,922613,8,,,0,101,,922614,8,,,0,101,,922615,8,,,0,101,,922616,8,,,0,99,,922617,8,,,0
5700,'20260715',801,,872467,8,,,0,101,,872468,8,,,0,101,,872469,8,,,0,101,,872470,8,,,0,100,,872471,8,,,0,101,,872472,8,,,0,101,,872473,8,,,0,101,,872474,8,,,0,97,,872475,8,,,0,38,,872476,8,,,0,74,,872477,8,,,0,25,,872478,8,,,0,67,,872485,8,,,0,32,,872484,8,,,0,98,,872479,8,,,0,101,,872480,8,,,0,101,,872481,8,,,0,101,,872482,8,,,0,99,,872483,8,,,0
5700,'20260716',801,,872486,8,,,0,101,,872487,8,,,0,101,,872488,8,,,0,101,,872489,8,,,0,100,,872490,8,,,0,101,,872491,8,,,0,101,,872492,8,,,0,101,,872493,8,,,0,97,,872494,8,,,0,38,,872495,8,,,0,74,,872496,8,,,0,25,,872497,8,,,0,67,,872504,8,,,0,32,,872503,8,,,0,98,,872498,8,,,0,101,,872499,8,,,0,101,,872500,8,,,0,101,,872501,8,,,0,99,,872502,8,,,0
5700,'20260717',801,,872505,8,,,0,101,,872506,8,,,0,101,,872507,8,,,0,101,,872508,8,,,0,100,,872509,8,,,0,101,,872510,8,,,0,101,,872511,8,,,0,101,,872512,8,,,0,97,,872513,8,,,0,38,,872514,8,,,0,74,,872515,8,,,0,25,,872516,8,,,0,67,,872523,8,,,0,32,,872522,8,,,0,98,,872517,8,,,0,101,,872518,8,,,0,101,,872519,8,,,0,101,,872520,8,,,0,99,,872521,8,,,0
5700,'20260718',708,,904419,8,,,0,100,,904420,8,,,0,100,,904421,8,,,0,101,,904422,8,,,0,100,,904423,8,,,0,98,,904424,8,,,0,101,,904425,8,,,0,97,,904426,8,,,0,97,,904427,8,,,0,104,,904428,8,,,0,104,,904429,8,,,0,98,,904430,8,,,0,100,,904431,8,,,0,100,,904432,8,,,0,100,,904433,8,,,0,101,,904434,8,,,0,100,,904435,8,,,0
5700,'20260719',708,,904451,8,,,0,100,,904439,8,,,0,100,,904447,8,,,0,101,,904441,8,,,0,100,,904448,8,,,0,98,,904436,8,,,0,101,,904445,8,,,0,97,,904442,8,,,0,97,,904443,8,,,0,104,,904438,8,,,0,104,,904452,8,,,0,98,,904449,8,,,0,100,,904444,8,,,0,100,,904450,8,,,0,100,,904440,8,,,0,101,,904446,8,,,0,100,,904437,8,,,0
5700,'20260720',801,,904453,8,,,0,101,,904454,8,,,0,101,,904455,8,,,0,101,,904456,8,,,0,100,,904457,8,,,0,101,,904458,8,,,0,101,,904459,8,,,0,101,,904460,8,,,0,97,,904461,8,,,0,38,,904462,8,,,0,74,,904463,8,,,0,25,,904464,8,,,0,67,,904471,8,,,0,32,,904470,8,,,0,98,,904465,8,,,0,101,,904466,8,,,0,101,,904467,8,,,0,101,,904468,8,,,0,99,,904469,8,,,0
5700,'20260721',801,,904472,8,,,0,101,,904473,8,,,0,101,,904474,8,,,0,101,,904475,8,,,0,100,,904476,8,,,0,101,,904477,8,,,0,101,,904478,8,,,0,101,,904479,8,,,0,97,,904480,8,,,0,38,,904481,8,,,0,74,,904482,8,,,0,25,,904483,8,,,0,67,,904490,8,,,0,32,,904489,8,,,0,98,,904484,8,,,0,101,,904485,8,,,0,101,,904486,8,,,0,101,,904487,8,,,0,99,,904488,8,,,0
5700,'20260722',801,,922618,8,,,0,101,,922619,8,,,0,101,,922620,8,,,0,101,,922621,8,,,0,100,,922622,8,,,0,101,,922623,8,,,0,101,,922624,8,,,0,101,,922625,8,,,0,97,,922626,8,,,0,38,,922627,8,,,0,74,,922628,8,,,0,25,,922629,8,,,0,67,,922636,8,,,0,32,,922635,8,,,0,98,,922630,8,,,0,101,,922631,8,,,0,101,,922632,8,,,0,101,,922633,8,,,0,99,,922634,8,,,0
5700,'20260723',801,,922637,8,,,0,101,,922638,8,,,0,101,,922639,8,,,0,101,,922640,8,,,0,100,,922641,8,,,0,101,,922642,8,,,0,101,,922643,8,,,0,101,,922644,8,,,0,97,,922645,8,,,0,38,,922646,8,,,0,74,,922647,8,,,0,25,,922648,8,,,0,67,,922655,8,,,0,32,,922654,8,,,0,98,,922649,8,,,0,101,,922650,8,,,0,101,,922651,8,,,0,101,,922652,8,,,0,99,,922653,8,,,0
25000,'20260709',1529,,883066,18,4,,0,72,,883067,18,4,,0,16,,883068,18,4,,0,14,,883069,18,4,,0,69,,883070,18,4,,0,29,,883071,18,4,,0,29,,883072,18,4,,0
25000,'20260710',1529,,909205,18,4,,0,72,,909206,18,4,,0,16,,909207,18,4,,0,14,,909208,18,4,,0,69,,909209,18,4,,0,29,,909210,18,4,,0,29,,909211,18,4,,0
25000,'20260713',1529,,928434,18,4,,0,72,,928435,18,4,,0,16,,928436,18,4,,0,14,,928437,18,4,,0,69,,928438,18,4,,0,29,,928439,18,4,,0,29,,928440,18,4,,0
25000,'20260714',1529,,928441,18,4,,0,72,,928442,18,4,,0,16,,928443,18,4,,0,14,,928444,18,4,,0,69,,928445,18,4,,0,29,,928446,18,4,,0,29,,928447,18,4,,0
25000,'20260715',1529,,883073,18,4,,0,72,,883074,18,4,,0,16,,883075,18,4,,0,14,,883076,18,4,,0,69,,883077,18,4,,0,29,,883078,18,4,,0,29,,883079,18,4,,0
25000,'20260716',1529,,883080,18,4,,0,72,,883081,18,4,,0,16,,883082,18,4,,0,14,,883083,18,4,,0,69,,883084,18,4,,0,29,,883085,18,4,,0,29,,883086,18,4,,0
25000,'20260717',1529,,883087,18,4,,0,72,,883088,18,4,,0,16,,883089,18,4,,0,14,,883090,18,4,,0,69,,883091,18,4,,0,29,,883092,18,4,,0,29,,883093,18,4,,0
25000,'20260720',1529,,909212,18,4,,0,72,,909213,18,4,,0,16,,909214,18,4,,0,14,,909215,18,4,,0,69,,909216,18,4,,0,29,,909217,18,4,,0,29,,909218,18,4,,0
25000,'20260721',1529,,909219,18,4,,0,72,,909220,18,4,,0,16,,909221,18,4,,0,14,,909222,18,4,,0,69,,909223,18,4,,0,29,,909224,18,4,,0,29,,909225,18,4,,0
25000,'20260722',1529,,928448,18,4,,0,72,,928449,18,4,,0,16,,928450,18,4,,0,14,,928451,18,4,,0,69,,928452,18,4,,0,29,,928453,18,4,,0,29,,928454,18,4,,0
25000,'20260723',1529,,928455,18,4,,0,72,,928456,18,4,,0,16,,928457,18,4,,0,14,,928458,18,4,,0,69,,928459,18,4,,0,29,,928460,18,4,,0,29,,928461,18,4,,0
55000,'20260709',1617,,885158,21,4,,0,87,,885159,21,4,,0,24,,885160,21,4,,0,30,,885161,21,4,,0
55000,'20260710',1617,,910076,21,4,,0,87,,910077,21,4,,0,24,,910078,21,4,,0,30,,910079,21,4,,0
55000,'20260713',1617,,929944,21,4,,0,87,,929945,21,4,,0,24,,929946,21,4,,0,30,,929947,21,4,,0
55000,'20260714',1617,,929948,21,4,,0,87,,929949,21,4,,0,24,,929950,21,4,,0,30,,929951,21,4,,0
55000,'20260715',1617,,885164,21,4,,0,87,,885163,21,4,,0,24,,885162,21,4,,0,30,,885165,21,4,,0
55000,'20260716',1617,,885168,21,4,,0,87,,885167,21,4,,0,24,,885166,21,4,,0,30,,885169,21,4,,0
55000,'20260717',1617,,885172,21,4,,0,87,,885171,21,4,,0,24,,885170,21,4,,0,30,,885173,21,4,,0
55000,'20260720',1617,,910082,21,4,,0,87,,910081,21,4,,0,24,,910080,21,4,,0,30,,910083,21,4,,0
55000,'20260721',1617,,910086,21,4,,0,87,,910085,21,4,,0,24,,910084,21,4,,0,30,,910087,21,4,,0
55000,'20260722',1617,,929954,21,4,,0,87,,929953,21,4,,0,24,,929952,21,4,,0,30,,929955,21,4,,0
55000,'20260723',1617,,929958,21,4,,0,87,,929957,21,4,,0,24,,929956,21,4,,0,30,,929959,21,4,,0
80002,'20260709',613,,886154,23,,,1,16,,886155,23,,,1,10,,886156,23,,,1,9,,886157,23,,,1,11,,886158,23,,,1,50,,886159,23,,,1,9,,886160,23,,,1,10,,886161,23,,,1,12,,886162,23,,,1,11,,886163,23,,,1,50,,886164,23,,,1,12,,886165,23,,,1,9,,886166,23,,,1,8,,886167,23,,,1,10,,886168,23,,,1,11,,886169,23,,,1,51,,886170,23,,,1,10,,886171,23,,,1,9,,886172,23,,,1,11,,886173,23,,,1,10,,886174,23,,,1,14,,886175,23,,,1,55,,886176,23,,,1,16,,886177,23,,,1,15,,886178,23,,,1,15,,886179,23,,,1,55,,886180,23,,,1,14,,886181,23,,,1,15,,886182,23,,,1,16,,886183,23,,,1,56,,886184,23,,,1,15,,886185,23,,,1,14,,886186,23,,,1,14,,886187,23,,,1,55,,886188,23,,,1,17,,886189,23,,,1,15,,886190,23,,,1,57,,886191,23,,,1,16,,886192,23,,,1,15,,886193,23,,,1,17,,886194,23,,,1,55,,886195,23,,,1,12,,886196,23,,,1,12,,886197,23,,,1,13,,886198,23,,,1,10,,886199,23,,,1,51,,886200,23,,,1,12,,886201,23,,,1,11,,886202,23,,,1,10,,886203,23,,,1,11,,886204,23,,,1,11,,886205,23,,,1,49,,886206,23,,,1,8,,886207,23,,,1,11,,886208,23,,,1,9,,886209,23,,,1,8,,886210,23,,,1,10,,886211,23,,,1,51,,886212,23,,,1,11,,886213,23,,,1,9,,886214,23,,,1,10,,886215,23,,,1,10,,886216,23,,,1,15,,886217,23,,,1,53,,886218,23,,,1,15,,886219,23,,,1,15,,886220,23,,,1,15,,886221,23,,,1,55,,886222,23,,,1,15,,886223,23,,,1,15,,886224,23,,,1,15,,886225,23,,,1,55,,886226,23,,,1,14,,886227,23,,,1,13,,886228,23,,,1,15,,886229,23,,,1,56,,886230,23,,,1,14,,886231,23,,,1,16,,886232,23,,,1,16,,886233,23,,,1,55,,886234,23,,,1,16,,886235,23,,,1,15,,886236,23,,,1,16,,886237,23,,,1,55,,886238,23,,,1,15,,886239,23,,,1,15,,886240,23,,,1,14,,886241,23,,,1,54,,886242,23,,,1,15,,886243,23,,,1,16,,886244,23,,,1,17,,886245,23,,,1,53,,886246,23,,,1
80002,'20260710',613,,910327,23,,,1,16,,910328,23,,,1,10,,910329,23,,,1,9,,910330,23,,,1,11,,910331,23,,,1,50,,910332,23,,,1,9,,910333,23,,,1,10,,910334,23,,,1,12,,910335,23,,,1,11,,910336,23,,,1,50,,910337,23,,,1,12,,910338,23,,,1,9,,910339,23,,,1,8,,910340,23,,,1,10,,910341,23,,,1,11,,910342,23,,,1,51,,910343,23,,,1,10,,910344,23,,,1,9,,910345,23,,,1,11,,910346,23,,,1,10,,910347,23,,,1,14,,910348,23,,,1,55,,910349,23,,,1,16,,910350,23,,,1,15,,910351,23,,,1,15,,910352,23,,,1,55,,910353,23,,,1,14,,910354,23,,,1,15,,910355,23,,,1,16,,910356,23,,,1,56,,910357,23,,,1,15,,910358,23,,,1,14,,910359,23,,,1,14,,910360,23,,,1,55,,910361,23,,,1,17,,910362,23,,,1,15,,910363,23,,,1,57,,910364,23,,,1,16,,910365,23,,,1,15,,910366,23,,,1,17,,910367,23,,,1,55,,910368,23,,,1,12,,910369,23,,,1,12,,910370,23,,,1,13,,910371,23,,,1,10,,910372,23,,,1,51,,910373,23,,,1,12,,910374,23,,,1,11,,910375,23,,,1,10,,910376,23,,,1,11,,910377,23,,,1,11,,910378,23,,,1,49,,910379,23,,,1,8,,910380,23,,,1,11,,910381,23,,,1,9,,910382,23,,,1,8,,910383,23,,,1,10,,910384,23,,,1,51,,910385,23,,,1,11,,910386,23,,,1,9,,910387,23,,,1,10,,910388,23,,,1,10,,910389,23,,,1,15,,910390,23,,,1,53,,910391,23,,,1,15,,910392,23,,,1,15,,910393,23,,,1,15,,910394,23,,,1,55,,910395,23,,,1,15,,910396,23,,,1,15,,910397,23,,,1,15,,910398,23,,,1,55,,910399,23,,,1,14,,910400,23,,,1,13,,910401,23,,,1,15,,910402,23,,,1,56,,910403,23,,,1,14,,910404,23,,,1,16,,910405,23,,,1,16,,910406,23,,,1,55,,910407,23,,,1,16,,910408,23,,,1,15,,910409,23,,,1,16,,910410,23,,,1,55,,910411,23,,,1,15,,910412,23,,,1,15,,910413,23,,,1,14,,910414,23,,,1,54,,910415,23,,,1,15,,910416,23,,,1,16,,910417,23,,,1,17,,910418,23,,,1,53,,910419,23,,,1
80002,'20260711',627,,930273,23,,,1,10,,930274,23,,,1,15,,930275,23,,,1,55,,930276,23,,,1,15,,930277,23,,,1,15,,930278,23,,,1,16,,930279,23,,,1,54,,930280,23,,,1,15,,930281,23,,,1,15,,930282,23,,,1,15,,930283,23,,,1,54,,930284,23,,,1,15,,930285,23,,,1,15,,930286,23,,,1,16,,930287,23,,,1,55,,930288,23,,,1,15,,930289,23,,,1,15,,930290,23,,,1,14,,930291,23,,,1,56,,930292,23,,,1,16,,930293,23,,,1,17,,930294,23,,,1,17,,930295,23,,,1,55,,930296,23,,,1,15,,930297,23,,,1,15,,930298,23,,,1,16,,930299,23,,,1,56,,930300,23,,,1,13,,930301,23,,,1,15,,930302,23,,,1,16,,930303,23,,,1,55,,930304,23,,,1,15,,930305,23,,,1,15,,930306,23,,,1,16,,930307,23,,,1,55,,930308,23,,,1,15,,930309,23,,,1,15,,930310,23,,,1,14,,930311,23,,,1,51,,930312,23,,,1,13,,930313,23,,,1,12,,930314,23,,,1,14,,930315,23,,,1,53,,930316,23,,,1,13,,930317,23,,,1,14,,930318,23,,,1,12,,930319,23,,,1,12,,930320,23,,,1,53,,930321,23,,,1,14,,930322,23,,,1,13,,930323,23,,,1,14,,930324,23,,,1,55,,930325,23,,,1,14,,930326,23,,,1,14,,930327,23,,,1,12,,930328,23,,,1,13,,930329,23,,,1,54,,930330,23,,,1,15,,930331,23,,,1,16,,930332,23,,,1,15,,930333,23,,,1,55,,930334,23,,,1,16,,930335,23,,,1,15,,930336,23,,,1,15,,930337,23,,,1,55,,930338,23,,,1,15,,930339,23,,,1,15,,930340,23,,,1,15,,930341,23,,,1,55,,930342,23,,,1,14,,930343,23,,,1,16,,930344,23,,,1,16,,930345,23,,,1,55,,930346,23,,,1,15,,930347,23,,,1,17,,930348,23,,,1,57,,930349,23,,,1,14,,930350,23,,,1,15,,930351,23,,,1,15,,930352,23,,,1,15,,930353,23,,,1
80002,'20260712',627,,930367,23,,,1,10,,930368,23,,,1,15,,930369,23,,,1,55,,930370,23,,,1,15,,930371,23,,,1,15,,930372,23,,,1,16,,930373,23,,,1,54,,930374,23,,,1,15,,930375,23,,,1,15,,930376,23,,,1,15,,930377,23,,,1,54,,930378,23,,,1,15,,930379,23,,,1,15,,930380,23,,,1,16,,930381,23,,,1,55,,930382,23,,,1,15,,930383,23,,,1,15,,930384,23,,,1,14,,930385,23,,,1,56,,930386,23,,,1,16,,930387,23,,,1,17,,930388,23,,,1,17,,930389,23,,,1,55,,930390,23,,,1,15,,930391,23,,,1,15,,930392,23,,,1,16,,930393,23,,,1,56,,930394,23,,,1,13,,930395,23,,,1,15,,930396,23,,,1,16,,930397,23,,,1,55,,930398,23,,,1,15,,930399,23,,,1,15,,930400,23,,,1,16,,930401,23,,,1,55,,930402,23,,,1,15,,930403,23,,,1,15,,930404,23,,,1,14,,930405,23,,,1,51,,930406,23,,,1,13,,930407,23,,,1,12,,930408,23,,,1,14,,930409,23,,,1,53,,930410,23,,,1,13,,930411,23,,,1,14,,930412,23,,,1,12,,930413,23,,,1,12,,930414,23,,,1,53,,930415,23,,,1,14,,930416,23,,,1,13,,930417,23,,,1,14,,930418,23,,,1,55,,930419,23,,,1,14,,930420,23,,,1,14,,930421,23,,,1,12,,930422,23,,,1,13,,930423,23,,,1,54,,930424,23,,,1,15,,930425,23,,,1,16,,930426,23,,,1,15,,930427,23,,,1,55,,930428,23,,,1,16,,930429,23,,,1,15,,930430,23,,,1,15,,930431,23,,,1,55,,930432,23,,,1,15,,930433,23,,,1,15,,930434,23,,,1,15,,930435,23,,,1,55,,930436,23,,,1,14,,930437,23,,,1,16,,930438,23,,,1,16,,930439,23,,,1,55,,930440,23,,,1,15,,930441,23,,,1,17,,930442,23,,,1,57,,930443,23,,,1,14,,930444,23,,,1,15,,930445,23,,,1,15,,930446,23,,,1,15,,930447,23,,,1
80002,'20260713',613,,930462,23,,,1,16,,930463,23,,,1,10,,930464,23,,,1,9,,930465,23,,,1,11,,930466,23,,,1,50,,930467,23,,,1,9,,930468,23,,,1,10,,930469,23,,,1,12,,930470,23,,,1,11,,930471,23,,,1,50,,930472,23,,,1,12,,930473,23,,,1,9,,930474,23,,,1,8,,930475,23,,,1,10,,930476,23,,,1,11,,930477,23,,,1,51,,930478,23,,,1,10,,930479,23,,,1,9,,930480,23,,,1,11,,930481,23,,,1,10,,930482,23,,,1,14,,930483,23,,,1,55,,930484,23,,,1,16,,930485,23,,,1,15,,930486,23,,,1,15,,930487,23,,,1,55,,930488,23,,,1,14,,930489,23,,,1,15,,930490,23,,,1,16,,930491,23,,,1,56,,930492,23,,,1,15,,930493,23,,,1,14,,930494,23,,,1,14,,930495,23,,,1,55,,930496,23,,,1,17,,930497,23,,,1,15,,930498,23,,,1,57,,930499,23,,,1,16,,930500,23,,,1,15,,930501,23,,,1,17,,930502,23,,,1,55,,930503,23,,,1,12,,930504,23,,,1,12,,930505,23,,,1,13,,930506,23,,,1,10,,930507,23,,,1,51,,930508,23,,,1,12,,930509,23,,,1,11,,930510,23,,,1,10,,930511,23,,,1,11,,930512,23,,,1,11,,930513,23,,,1,49,,930514,23,,,1,8,,930515,23,,,1,11,,930516,23,,,1,9,,930517,23,,,1,8,,930518,23,,,1,10,,930519,23,,,1,51,,930520,23,,,1,11,,930521,23,,,1,9,,930522,23,,,1,10,,930523,23,,,1,10,,930524,23,,,1,15,,930525,23,,,1,53,,930526,23,,,1,15,,930527,23,,,1,15,,930528,23,,,1,15,,930529,23,,,1,55,,930530,23,,,1,15,,930531,23,,,1,15,,930532,23,,,1,15,,930533,23,,,1,55,,930534,23,,,1,14,,930535,23,,,1,13,,930536,23,,,1,15,,930537,23,,,1,56,,930538,23,,,1,14,,930539,23,,,1,16,,930540,23,,,1,16,,930541,23,,,1,55,,930542,23,,,1,16,,930543,23,,,1,15,,930544,23,,,1,16,,930545,23,,,1,55,,930546,23,,,1,15,,930547,23,,,1,15,,930548,23,,,1,14,,930549,23,,,1,54,,930550,23,,,1,15,,930551,23,,,1,16,,930552,23,,,1,17,,930553,23,,,1,53,,930554,23,,,1
80002,'20260714',613,,930569,23,,,1,16,,930570,23,,,1,10,,930571,23,,,1,9,,930572,23,,,1,11,,930573,23,,,1,50,,930574,23,,,1,9,,930575,23,,,1,10,,930576,23,,,1,12,,930577,23,,,1,11,,930578,23,,,1,50,,930579,23,,,1,12,,930580,23,,,1,9,,930581,23,,,1,8,,930582,23,,,1,10,,930583,23,,,1,11,,930584,23,,,1,51,,930585,23,,,1,10,,930586,23,,,1,9,,930587,23,,,1,11,,930588,23,,,1,10,,930589,23,,,1,14,,930590,23,,,1,55,,930591,23,,,1,16,,930592,23,,,1,15,,930593,23,,,1,15,,930594,23,,,1,55,,930595,23,,,1,14,,930596,23,,,1,15,,930597,23,,,1,16,,930598,23,,,1,56,,930599,23,,,1,15,,930600,23,,,1,14,,930601,23,,,1,14,,930602,23,,,1,55,,930603,23,,,1,17,,930604,23,,,1,15,,930605,23,,,1,57,,930606,23,,,1,16,,930607,23,,,1,15,,930608,23,,,1,17,,930609,23,,,1,55,,930610,23,,,1,12,,930611,23,,,1,12,,930612,23,,,1,13,,930613,23,,,1,10,,930614,23,,,1,51,,930615,23,,,1,12,,930616,23,,,1,11,,930617,23,,,1,10,,930618,23,,,1,11,,930619,23,,,1,11,,930620,23,,,1,49,,930621,23,,,1,8,,930622,23,,,1,11,,930623,23,,,1,9,,930624,23,,,1,8,,930625,23,,,1,10,,930626,23,,,1,51,,930627,23,,,1,11,,930628,23,,,1,9,,930629,23,,,1,10,,930630,23,,,1,10,,930631,23,,,1,15,,930632,23,,,1,53,,930633,23,,,1,15,,930634,23,,,1,15,,930635,23,,,1,15,,930636,23,,,1,55,,930637,23,,,1,15,,930638,23,,,1,15,,930639,23,,,1,15,,930640,23,,,1,55,,930641,23,,,1,14,,930642,23,,,1,13,,930643,23,,,1,15,,930644,23,,,1,56,,930645,23,,,1,14,,930646,23,,,1,16,,930647,23,,,1,16,,930648,23,,,1,55,,930649,23,,,1,16,,930650,23,,,1,15,,930651,23,,,1,16,,930652,23,,,1,55,,930653,23,,,1,15,,930654,23,,,1,15,,930655,23,,,1,14,,930656,23,,,1,54,,930657,23,,,1,15,,930658,23,,,1,16,,930659,23,,,1,17,,930660,23,,,1,53,,930661,23,,,1
80002,'20260715',613,,886333,23,,,1,16,,886247,23,,,1,10,,886248,23,,,1,9,,886249,23,,,1,11,,886250,23,,,1,50,,886251,23,,,1,9,,886252,23,,,1,10,,886253,23,,,1,12,,886334,23,,,1,11,,886254,23,,,1,50,,886337,23,,,1,12,,886255,23,,,1,9,,886256,23,,,1,8,,886257,23,,,1,10,,886258,23,,,1,11,,886259,23,,,1,51,,886260,23,,,1,10,,886261,23,,,1,9,,886262,23,,,1,11,,886263,23,,,1,10,,886264,23,,,1,14,,886265,23,,,1,55,,886266,23,,,1,16,,886267,23,,,1,15,,886268,23,,,1,15,,886269,23,,,1,55,,886270,23,,,1,14,,886271,23,,,1,15,,886272,23,,,1,16,,886273,23,,,1,56,,886274,23,,,1,15,,886275,23,,,1,14,,886276,23,,,1,14,,886277,23,,,1,55,,886278,23,,,1,17,,886279,23,,,1,15,,886280,23,,,1,57,,886281,23,,,1,16,,886282,23,,,1,15,,886283,23,,,1,17,,886284,23,,,1,55,,886285,23,,,1,12,,886286,23,,,1,12,,886287,23,,,1,13,,886288,23,,,1,10,,886289,23,,,1,51,,886290,23,,,1,12,,886291,23,,,1,11,,886293,23,,,1,10,,886292,23,,,1,11,,886335,23,,,1,11,,886294,23,,,1,49,,886295,23,,,1,8,,886296,23,,,1,11,,886297,23,,,1,9,,886298,23,,,1,8,,886299,23,,,1,10,,886300,23,,,1,51,,886301,23,,,1,11,,886338,23,,,1,9,,886302,23,,,1,10,,886303,23,,,1,10,,886304,23,,,1,15,,886305,23,,,1,53,,886306,23,,,1,15,,886307,23,,,1,15,,886308,23,,,1,15,,886309,23,,,1,55,,886310,23,,,1,15,,886311,23,,,1,15,,886312,23,,,1,15,,886313,23,,,1,55,,886314,23,,,1,14,,886315,23,,,1,13,,886316,23,,,1,15,,886317,23,,,1,56,,886318,23,,,1,14,,886319,23,,,1,16,,886320,23,,,1,16,,886321,23,,,1,55,,886322,23,,,1,16,,886323,23,,,1,15,,886324,23,,,1,16,,886325,23,,,1,55,,886326,23,,,1,15,,886327,23,,,1,15,,886328,23,,,1,14,,886329,23,,,1,54,,886330,23,,,1,15,,886331,23,,,1,16,,886332,23,,,1,17,,886336,23,,,1,53,,886339,23,,,1
80002,'20260716',613,,886426,23,,,1,16,,886340,23,,,1,10,,886341,23,,,1,9,,886342,23,,,1,11,,886343,23,,,1,50,,886344,23,,,1,9,,886345,23,,,1,10,,886346,23,,,1,12,,886427,23,,,1,11,,886347,23,,,1,50,,886430,23,,,1,12,,886348,23,,,1,9,,886349,23,,,1,8,,886350,23,,,1,10,,886351,23,,,1,11,,886352,23,,,1,51,,886353,23,,,1,10,,886354,23,,,1,9,,886355,23,,,1,11,,886356,23,,,1,10,,886357,23,,,1,14,,886358,23,,,1,55,,886359,23,,,1,16,,886360,23,,,1,15,,886361,23,,,1,15,,886362,23,,,1,55,,886363,23,,,1,14,,886364,23,,,1,15,,886365,23,,,1,16,,886366,23,,,1,56,,886367,23,,,1,15,,886368,23,,,1,14,,886369,23,,,1,14,,886370,23,,,1,55,,886371,23,,,1,17,,886372,23,,,1,15,,886373,23,,,1,57,,886374,23,,,1,16,,886375,23,,,1,15,,886376,23,,,1,17,,886377,23,,,1,55,,886378,23,,,1,12,,886379,23,,,1,12,,886380,23,,,1,13,,886381,23,,,1,10,,886382,23,,,1,51,,886383,23,,,1,12,,886384,23,,,1,11,,886386,23,,,1,10,,886385,23,,,1,11,,886428,23,,,1,11,,886387,23,,,1,49,,886388,23,,,1,8,,886389,23,,,1,11,,886390,23,,,1,9,,886391,23,,,1,8,,886392,23,,,1,10,,886393,23,,,1,51,,886394,23,,,1,11,,886431,23,,,1,9,,886395,23,,,1,10,,886396,23,,,1,10,,886397,23,,,1,15,,886398,23,,,1,53,,886399,23,,,1,15,,886400,23,,,1,15,,886401,23,,,1,15,,886402,23,,,1,55,,886403,23,,,1,15,,886404,23,,,1,15,,886405,23,,,1,15,,886406,23,,,1,55,,886407,23,,,1,14,,886408,23,,,1,13,,886409,23,,,1,15,,886410,23,,,1,56,,886411,23,,,1,14,,886412,23,,,1,16,,886413,23,,,1,16,,886414,23,,,1,55,,886415,23,,,1,16,,886416,23,,,1,15,,886417,23,,,1,16,,886418,23,,,1,55,,886419,23,,,1,15,,886420,23,,,1,15,,886421,23,,,1,14,,886422,23,,,1,54,,886423,23,,,1,15,,886424,23,,,1,16,,886425,23,,,1,17,,886429,23,,,1,53,,886432,23,,,1
80002,'20260717',613,,886519,23,,,1,16,,886433,23,,,1,10,,886434,23,,,1,9,,886435,23,,,1,11,,886436,23,,,1,50,,886437,23,,,1,9,,886438,23,,,1,10,,886439,23,,,1,12,,886520,23,,,1,11,,886440,23,,,1,50,,886523,23,,,1,12,,886441,23,,,1,9,,886442,23,,,1,8,,886443,23,,,1,10,,886444,23,,,1,11,,886445,23,,,1,51,,886446,23,,,1,10,,886447,23,,,1,9,,886448,23,,,1,11,,886449,23,,,1,10,,886450,23,,,1,14,,886451,23,,,1,55,,886452,23,,,1,16,,886453,23,,,1,15,,886454,23,,,1,15,,886455,23,,,1,55,,886456,23,,,1,14,,886457,23,,,1,15,,886458,23,,,1,16,,886459,23,,,1,56,,886460,23,,,1,15,,886461,23,,,1,14,,886462,23,,,1,14,,886463,23,,,1,55,,886464,23,,,1,17,,886465,23,,,1,15,,886466,23,,,1,57,,886467,23,,,1,16,,886468,23,,,1,15,,886469,23,,,1,17,,886470,23,,,1,55,,886471,23,,,1,12,,886472,23,,,1,12,,886473,23,,,1,13,,886474,23,,,1,10,,886475,23,,,1,51,,886476,23,,,1,12,,886477,23,,,1,11,,886479,23,,,1,10,,886478,23,,,1,11,,886521,23,,,1,11,,886480,23,,,1,49,,886481,23,,,1,8,,886482,23,,,1,11,,886483,23,,,1,9,,886484,23,,,1,8,,886485,23,,,1,10,,886486,23,,,1,51,,886487,23,,,1,11,,886524,23,,,1,9,,886488,23,,,1,10,,886489,23,,,1,10,,886490,23,,,1,15,,886491,23,,,1,53,,886492,23,,,1,15,,886493,23,,,1,15,,886494,23,,,1,15,,886495,23,,,1,55,,886496,23,,,1,15,,886497,23,,,1,15,,886498,23,,,1,15,,886499,23,,,1,55,,886500,23,,,1,14,,886501,23,,,1,13,,886502,23,,,1,15,,886503,23,,,1,56,,886504,23,,,1,14,,886505,23,,,1,16,,886506,23,,,1,16,,886507,23,,,1,55,,886508,23,,,1,16,,886509,23,,,1,15,,886510,23,,,1,16,,886511,23,,,1,55,,886512,23,,,1,15,,886513,23,,,1,15,,886514,23,,,1,14,,886515,23,,,1,54,,886516,23,,,1,15,,886517,23,,,1,16,,886518,23,,,1,17,,886522,23,,,1,53,,886525,23,,,1
80002,'20260718',627,,910498,23,,,1,10,,910420,23,,,1,15,,910421,23,,,1,55,,910422,23,,,1,15,,910423,23,,,1,15,,910424,23,,,1,16,,910425,23,,,1,54,,910426,23,,,1,15,,910427,23,,,1,15,,910428,23,,,1,15,,910429,23,,,1,54,,910430,23,,,1,15,,910431,23,,,1,15,,910432,23,,,1,16,,910433,23,,,1,55,,910434,23,,,1,15,,910435,23,,,1,15,,910436,23,,,1,14,,910437,23,,,1,56,,910438,23,,,1,16,,910439,23,,,1,17,,910440,23,,,1,17,,910441,23,,,1,55,,910442,23,,,1,15,,910443,23,,,1,15,,910444,23,,,1,16,,910445,23,,,1,56,,910446,23,,,1,13,,910447,23,,,1,15,,910448,23,,,1,16,,910449,23,,,1,55,,910450,23,,,1,15,,910451,23,,,1,15,,910452,23,,,1,16,,910490,23,,,1,55,,910492,23,,,1,15,,910453,23,,,1,15,,910454,23,,,1,14,,910455,23,,,1,51,,910456,23,,,1,13,,910457,23,,,1,12,,910458,23,,,1,14,,910459,23,,,1,53,,910460,23,,,1,13,,910462,23,,,1,14,,910463,23,,,1,12,,910464,23,,,1,12,,910461,23,,,1,53,,910465,23,,,1,14,,910496,23,,,1,13,,910497,23,,,1,14,,910466,23,,,1,55,,910467,23,,,1,14,,910468,23,,,1,14,,910469,23,,,1,12,,910470,23,,,1,13,,910471,23,,,1,54,,910473,23,,,1,15,,910474,23,,,1,16,,910472,23,,,1,15,,910476,23,,,1,55,,910477,23,,,1,16,,910475,23,,,1,15,,910478,23,,,1,15,,910480,23,,,1,55,,910481,23,,,1,15,,910482,23,,,1,15,,910483,23,,,1,15,,910484,23,,,1,55,,910485,23,,,1,14,,910479,23,,,1,16,,910486,23,,,1,16,,910487,23,,,1,55,,910488,23,,,1,15,,910489,23,,,1,17,,910494,23,,,1,57,,910493,23,,,1,14,,910491,23,,,1,15,,910495,23,,,1,15,,910499,23,,,1,15,,910500,23,,,1
80002,'20260719',627,,910579,23,,,1,10,,910549,23,,,1,15,,910546,23,,,1,55,,910550,23,,,1,15,,910540,23,,,1,15,,910535,23,,,1,16,,910547,23,,,1,54,,910541,23,,,1,15,,910548,23,,,1,15,,910533,23,,,1,15,,910551,23,,,1,54,,910543,23,,,1,15,,910544,23,,,1,15,,910537,23,,,1,16,,910534,23,,,1,55,,910538,23,,,1,15,,910539,23,,,1,15,,910536,23,,,1,14,,910545,23,,,1,56,,910542,23,,,1,16,,910560,23,,,1,17,,910571,23,,,1,17,,910572,23,,,1,55,,910562,23,,,1,15,,910573,23,,,1,15,,910561,23,,,1,16,,910569,23,,,1,56,,910570,23,,,1,13,,910563,23,,,1,15,,910564,23,,,1,16,,910565,23,,,1,55,,910566,23,,,1,15,,910567,23,,,1,15,,910568,23,,,1,16,,910522,23,,,1,55,,910524,23,,,1,15,,910527,23,,,1,15,,910529,23,,,1,14,,910532,23,,,1,51,,910528,23,,,1,13,,910526,23,,,1,12,,910530,23,,,1,14,,910531,23,,,1,53,,910525,23,,,1,13,,910518,23,,,1,14,,910520,23,,,1,12,,910514,23,,,1,12,,910504,23,,,1,53,,910519,23,,,1,14,,910578,23,,,1,13,,910580,23,,,1,14,,910513,23,,,1,55,,910515,23,,,1,14,,910516,23,,,1,14,,910507,23,,,1,12,,910517,23,,,1,13,,910501,23,,,1,54,,910505,23,,,1,15,,910521,23,,,1,16,,910512,23,,,1,15,,910509,23,,,1,55,,910508,23,,,1,16,,910502,23,,,1,15,,910503,23,,,1,15,,910510,23,,,1,55,,910511,23,,,1,15,,910555,23,,,1,15,,910558,23,,,1,15,,910553,23,,,1,55,,910554,23,,,1,14,,910506,23,,,1,16,,910557,23,,,1,16,,910559,23,,,1,55,,910556,23,,,1,15,,910552,23,,,1,17,,910576,23,,,1,57,,910575,23,,,1,14,,910523,23,,,1,15,,910574,23,,,1,15,,910577,23,,,1,15,,910581,23,,,1
80002,'20260720',613,,910668,23,,,1,16,,910582,23,,,1,10,,910583,23,,,1,9,,910584,23,,,1,11,,910585,23,,,1,50,,910586,23,,,1,9,,910587,23,,,1,10,,910588,23,,,1,12,,910669,23,,,1,11,,910589,23,,,1,50,,910672,23,,,1,12,,910590,23,,,1,9,,910591,23,,,1,8,,910592,23,,,1,10,,910593,23,,,1,11,,910594,23,,,1,51,,910595,23,,,1,10,,910596,23,,,1,9,,910597,23,,,1,11,,910598,23,,,1,10,,910599,23,,,1,14,,910600,23,,,1,55,,910601,23,,,1,16,,910602,23,,,1,15,,910603,23,,,1,15,,910604,23,,,1,55,,910605,23,,,1,14,,910606,23,,,1,15,,910607,23,,,1,16,,910608,23,,,1,56,,910609,23,,,1,15,,910610,23,,,1,14,,910611,23,,,1,14,,910612,23,,,1,55,,910613,23,,,1,17,,910614,23,,,1,15,,910615,23,,,1,57,,910616,23,,,1,16,,910617,23,,,1,15,,910618,23,,,1,17,,910619,23,,,1,55,,910620,23,,,1,12,,910621,23,,,1,12,,910622,23,,,1,13,,910623,23,,,1,10,,910624,23,,,1,51,,910625,23,,,1,12,,910626,23,,,1,11,,910628,23,,,1,10,,910627,23,,,1,11,,910670,23,,,1,11,,910629,23,,,1,49,,910630,23,,,1,8,,910631,23,,,1,11,,910632,23,,,1,9,,910633,23,,,1,8,,910634,23,,,1,10,,910635,23,,,1,51,,910636,23,,,1,11,,910673,23,,,1,9,,910637,23,,,1,10,,910638,23,,,1,10,,910639,23,,,1,15,,910640,23,,,1,53,,910641,23,,,1,15,,910642,23,,,1,15,,910643,23,,,1,15,,910644,23,,,1,55,,910645,23,,,1,15,,910646,23,,,1,15,,910647,23,,,1,15,,910648,23,,,1,55,,910649,23,,,1,14,,910650,23,,,1,13,,910651,23,,,1,15,,910652,23,,,1,56,,910653,23,,,1,14,,910654,23,,,1,16,,910655,23,,,1,16,,910656,23,,,1,55,,910657,23,,,1,16,,910658,23,,,1,15,,910659,23,,,1,16,,910660,23,,,1,55,,910661,23,,,1,15,,910662,23,,,1,15,,910663,23,,,1,14,,910664,23,,,1,54,,910665,23,,,1,15,,910666,23,,,1,16,,910667,23,,,1,17,,910671,23,,,1,53,,910674,23,,,1
80002,'20260721',613,,910761,23,,,1,16,,910675,23,,,1,10,,910676,23,,,1,9,,910677,23,,,1,11,,910678,23,,,1,50,,910679,23,,,1,9,,910680,23,,,1,10,,910681,23,,,1,12,,910762,23,,,1,11,,910682,23,,,1,50,,910765,23,,,1,12,,910683,23,,,1,9,,910684,23,,,1,8,,910685,23,,,1,10,,910686,23,,,1,11,,910687,23,,,1,51,,910688,23,,,1,10,,910689,23,,,1,9,,910690,23,,,1,11,,910691,23,,,1,10,,910692,23,,,1,14,,910693,23,,,1,55,,910694,23,,,1,16,,910695,23,,,1,15,,910696,23,,,1,15,,910697,23,,,1,55,,910698,23,,,1,14,,910699,23,,,1,15,,910700,23,,,1,16,,910701,23,,,1,56,,910702,23,,,1,15,,910703,23,,,1,14,,910704,23,,,1,14,,910705,23,,,1,55,,910706,23,,,1,17,,910707,23,,,1,15,,910708,23,,,1,57,,910709,23,,,1,16,,910710,23,,,1,15,,910711,23,,,1,17,,910712,23,,,1,55,,910713,23,,,1,12,,910714,23,,,1,12,,910715,23,,,1,13,,910716,23,,,1,10,,910717,23,,,1,51,,910718,23,,,1,12,,910719,23,,,1,11,,910721,23,,,1,10,,910720,23,,,1,11,,910763,23,,,1,11,,910722,23,,,1,49,,910723,23,,,1,8,,910724,23,,,1,11,,910725,23,,,1,9,,910726,23,,,1,8,,910727,23,,,1,10,,910728,23,,,1,51,,910729,23,,,1,11,,910766,23,,,1,9,,910730,23,,,1,10,,910731,23,,,1,10,,910732,23,,,1,15,,910733,23,,,1,53,,910734,23,,,1,15,,910735,23,,,1,15,,910736,23,,,1,15,,910737,23,,,1,55,,910738,23,,,1,15,,910739,23,,,1,15,,910740,23,,,1,15,,910741,23,,,1,55,,910742,23,,,1,14,,910743,23,,,1,13,,910744,23,,,1,15,,910745,23,,,1,56,,910746,23,,,1,14,,910747,23,,,1,16,,910748,23,,,1,16,,910749,23,,,1,55,,910750,23,,,1,16,,910751,23,,,1,15,,910752,23,,,1,16,,910753,23,,,1,55,,910754,23,,,1,15,,910755,23,,,1,15,,910756,23,,,1,14,,910757,23,,,1,54,,910758,23,,,1,15,,910759,23,,,1,16,,910760,23,,,1,17,,910764,23,,,1,53,,910767,23,,,1
80002,'20260722',613,,930748,23,,,1,16,,930662,23,,,1,10,,930663,23,,,1,9,,930664,23,,,1,11,,930665,23,,,1,50,,930666,23,,,1,9,,930667,23,,,1,10,,930668,23,,,1,12,,930749,23,,,1,11,,930669,23,,,1,50,,930752,23,,,1,12,,930670,23,,,1,9,,930671,23,,,1,8,,930672,23,,,1,10,,930673,23,,,1,11,,930674,23,,,1,51,,930675,23,,,1,10,,930676,23,,,1,9,,930677,23,,,1,11,,930678,23,,,1,10,,930679,23,,,1,14,,930680,23,,,1,55,,930681,23,,,1,16,,930682,23,,,1,15,,930683,23,,,1,15,,930684,23,,,1,55,,930685,23,,,1,14,,930686,23,,,1,15,,930687,23,,,1,16,,930688,23,,,1,56,,930689,23,,,1,15,,930690,23,,,1,14,,930691,23,,,1,14,,930692,23,,,1,55,,930693,23,,,1,17,,930694,23,,,1,15,,930695,23,,,1,57,,930696,23,,,1,16,,930697,23,,,1,15,,930698,23,,,1,17,,930699,23,,,1,55,,930700,23,,,1,12,,930701,23,,,1,12,,930702,23,,,1,13,,930703,23,,,1,10,,930704,23,,,1,51,,930705,23,,,1,12,,930706,23,,,1,11,,930708,23,,,1,10,,930707,23,,,1,11,,930750,23,,,1,11,,930709,23,,,1,49,,930710,23,,,1,8,,930711,23,,,1,11,,930712,23,,,1,9,,930713,23,,,1,8,,930714,23,,,1,10,,930715,23,,,1,51,,930716,23,,,1,11,,930753,23,,,1,9,,930717,23,,,1,10,,930718,23,,,1,10,,930719,23,,,1,15,,930720,23,,,1,53,,930721,23,,,1,15,,930722,23,,,1,15,,930723,23,,,1,15,,930724,23,,,1,55,,930725,23,,,1,15,,930726,23,,,1,15,,930727,23,,,1,15,,930728,23,,,1,55,,930729,23,,,1,14,,930730,23,,,1,13,,930731,23,,,1,15,,930732,23,,,1,56,,930733,23,,,1,14,,930734,23,,,1,16,,930735,23,,,1,16,,930736,23,,,1,55,,930737,23,,,1,16,,930738,23,,,1,15,,930739,23,,,1,16,,930740,23,,,1,55,,930741,23,,,1,15,,930742,23,,,1,15,,930743,23,,,1,14,,930744,23,,,1,54,,930745,23,,,1,15,,930746,23,,,1,16,,930747,23,,,1,17,,930751,23,,,1,53,,930754,23,,,1
80002,'20260723',613,,930841,23,,,1,16,,930755,23,,,1,10,,930756,23,,,1,9,,930757,23,,,1,11,,930758,23,,,1,50,,930759,23,,,1,9,,930760,23,,,1,10,,930761,23,,,1,12,,930842,23,,,1,11,,930762,23,,,1,50,,930845,23,,,1,12,,930763,23,,,1,9,,930764,23,,,1,8,,930765,23,,,1,10,,930766,23,,,1,11,,930767,23,,,1,51,,930768,23,,,1,10,,930769,23,,,1,9,,930770,23,,,1,11,,930771,23,,,1,10,,930772,23,,,1,14,,930773,23,,,1,55,,930774,23,,,1,16,,930775,23,,,1,15,,930776,23,,,1,15,,930777,23,,,1,55,,930778,23,,,1,14,,930779,23,,,1,15,,930780,23,,,1,16,,930781,23,,,1,56,,930782,23,,,1,15,,930783,23,,,1,14,,930784,23,,,1,14,,930785,23,,,1,55,,930786,23,,,1,17,,930787,23,,,1,15,,930788,23,,,1,57,,930789,23,,,1,16,,930790,23,,,1,15,,930791,23,,,1,17,,930792,23,,,1,55,,930793,23,,,1,12,,930794,23,,,1,12,,930795,23,,,1,13,,930796,23,,,1,10,,930797,23,,,1,51,,930798,23,,,1,12,,930799,23,,,1,11,,930801,23,,,1,10,,930800,23,,,1,11,,930843,23,,,1,11,,930802,23,,,1,49,,930803,23,,,1,8,,930804,23,,,1,11,,930805,23,,,1,9,,930806,23,,,1,8,,930807,23,,,1,10,,930808,23,,,1,51,,930809,23,,,1,11,,930846,23,,,1,9,,930810,23,,,1,10,,930811,23,,,1,10,,930812,23,,,1,15,,930813,23,,,1,53,,930814,23,,,1,15,,930815,23,,,1,15,,930816,23,,,1,15,,930817,23,,,1,55,,930818,23,,,1,15,,930819,23,,,1,15,,930820,23,,,1,15,,930821,23,,,1,55,,930822,23,,,1,14,,930823,23,,,1,13,,930824,23,,,1,15,,930825,23,,,1,56,,930826,23,,,1,14,,930827,23,,,1,16,,930828,23,,,1,16,,930829,23,,,1,55,,930830,23,,,1,16,,930831,23,,,1,15,,930832,23,,,1,16,,930833,23,,,1,55,,930834,23,,,1,15,,930835,23,,,1,15,,930836,23,,,1,14,,930837,23,,,1,54,,930838,23,,,1,15,,930839,23,,,1,16,,930840,23,,,1,17,,930844,23,,,1,53,,930847,23,,,1
95002,'20260710',2553,,916698,21,,,0,170,,916699,21,,,0
95002,'20260711',2553,,938405,21,,,0,170,,938406,21,,,0
95002,'20260717',2553,,899648,21,,,0,170,,899649,21,,,0
95002,'20260718',2553,,916701,21,,,0,170,,916700,21,,,0
