7901,'20260707',645,,877336,37,,,0,99,,877337,37,,,0,101,,877338,37,,,0,100,,877339,37,,,0,99,,877340,37,,,0,100,,877341,37,,,0,100,,877342,37,,,0,100,,877343,37,,,0,100,,877344,37,,,0,100,,877345,37,,,0,100,,877346,37,,,0,100,,877347,37,,,0,100,,877348,37,,,0,100,,877349,37,,,0,100,,877350,37,,,0,101,,877351,37,,,0,100,,877352,37,,,0,100,,877353,37,,,0
7901,'20260708',645,,877354,37,,,0,99,,877355,37,,,0,101,,877356,37,,,0,100,,877357,37,,,0,99,,877358,37,,,0,100,,877359,37,,,0,100,,877360,37,,,0,100,,877361,37,,,0,100,,877362,37,,,0,100,,877363,37,,,0,100,,877364,37,,,0,100,,877365,37,,,0,100,,877366,37,,,0,100,,877367,37,,,0,100,,877368,37,,,0,101,,877369,37,,,0,100,,877370,37,,,0,100,,877371,37,,,0
7901,'20260709',645,,877372,37,,,0,99,,877373,37,,,0,101,,877374,37,,,0,100,,877375,37,,,0,99,,877376,37,,,0,100,,877377,37,,,0,100,,877378,37,,,0,100,,877379,37,,,0,100,,877380,37,,,0,100,,877381,37,,,0,100,,877382,37,,,0,100,,877383,37,,,0,100,,877384,37,,,0,100,,877385,37,,,0,100,,877386,37,,,0,101,,877387,37,,,0,100,,877388,37,,,0,100,,877389,37,,,0
7901,'20260710',645,,906621,37,,,0,99,,906622,37,,,0,101,,906623,37,,,0,100,,906624,37,,,0,99,,906625,37,,,0,100,,906626,37,,,0,100,,906627,37,,,0,100,,906628,37,,,0,100,,906629,37,,,0,100,,906630,37,,,0,100,,906631,37,,,0,100,,906632,37,,,0,100,,906633,37,,,0,100,,906634,37,,,0,100,,906635,37,,,0,101,,906636,37,,,0,100,,906637,37,,,0,100,,906638,37,,,0
7901,'20260711',745,,852071,37,,,0,100,,852072,37,,,0,100,,852073,37,,,0,100,,852077,37,,,0,100,,852078,37,,,0,100,,852068,37,,,0,100,,852079,37,,,0,100,,852076,37,,,0,100,,852080,37,,,0,100,,852074,37,,,0,70,,852085,37,,,0,30,,852081,37,,,0,100,,852069,37,,,0,100,,852082,37,,,0,100,,852075,37,,,0,100,,852083,37,,,0,100,,852070,37,,,0,100,,852084,37,,,0
7901,'20260712',745,,852091,37,,,0,100,,852090,37,,,0,100,,852086,37,,,0,100,,852095,37,,,0,100,,852096,37,,,0,100,,852088,37,,,0,100,,852097,37,,,0,100,,852094,37,,,0,100,,852099,37,,,0,100,,852092,37,,,0,70,,852103,37,,,0,30,,852100,37,,,0,100,,852087,37,,,0,100,,852101,37,,,0,100,,852093,37,,,0,100,,852102,37,,,0,100,,852089,37,,,0,100,,852098,37,,,0
7901,'20260713',645,,852104,37,,,0,99,,852105,37,,,0,101,,852106,37,,,0,100,,852107,37,,,0,99,,852108,37,,,0,100,,852109,37,,,0,100,,852110,37,,,0,100,,852111,37,,,0,100,,852112,37,,,0,100,,852119,37,,,0,100,,852113,37,,,0,100,,852120,37,,,0,100,,852114,37,,,0,100,,852115,37,,,0,100,,852116,37,,,0,101,,852121,37,,,0,100,,852117,37,,,0,100,,852118,37,,,0
7901,'20260714',645,,852122,37,,,0,99,,852123,37,,,0,101,,852124,37,,,0,100,,852125,37,,,0,99,,852126,37,,,0,100,,852127,37,,,0,100,,852128,37,,,0,100,,852129,37,,,0,100,,852130,37,,,0,100,,852137,37,,,0,100,,852131,37,,,0,100,,852138,37,,,0,100,,852132,37,,,0,100,,852133,37,,,0,100,,852134,37,,,0,101,,852139,37,,,0,100,,852135,37,,,0,100,,852136,37,,,0
7901,'20260715',645,,877390,37,,,0,99,,877391,37,,,0,101,,877392,37,,,0,100,,877393,37,,,0,99,,877394,37,,,0,100,,877395,37,,,0,100,,877396,37,,,0,100,,877397,37,,,0,100,,877398,37,,,0,100,,877405,37,,,0,100,,877399,37,,,0,100,,877406,37,,,0,100,,877400,37,,,0,100,,877401,37,,,0,100,,877402,37,,,0,101,,877407,37,,,0,100,,877403,37,,,0,100,,877404,37,,,0
7901,'20260716',645,,877408,37,,,0,99,,877409,37,,,0,101,,877410,37,,,0,100,,877411,37,,,0,99,,877412,37,,,0,100,,877413,37,,,0,100,,877414,37,,,0,100,,877415,37,,,0,100,,877416,37,,,0,100,,877423,37,,,0,100,,877417,37,,,0,100,,877424,37,,,0,100,,877418,37,,,0,100,,877419,37,,,0,100,,877420,37,,,0,101,,877425,37,,,0,100,,877421,37,,,0,100,,877422,37,,,0
7901,'20260717',645,,877426,37,,,0,99,,877427,37,,,0,101,,877428,37,,,0,100,,877429,37,,,0,99,,877430,37,,,0,100,,877431,37,,,0,100,,877432,37,,,0,100,,877433,37,,,0,100,,877434,37,,,0,100,,877441,37,,,0,100,,877435,37,,,0,100,,877442,37,,,0,100,,877436,37,,,0,100,,877437,37,,,0,100,,877438,37,,,0,101,,877443,37,,,0,100,,877439,37,,,0,100,,877440,37,,,0
7901,'20260718',745,,906642,37,,,0,100,,906643,37,,,0,100,,906644,37,,,0,100,,906648,37,,,0,100,,906649,37,,,0,100,,906639,37,,,0,100,,906650,37,,,0,100,,906647,37,,,0,100,,906651,37,,,0,100,,906645,37,,,0,70,,906656,37,,,0,30,,906652,37,,,0,100,,906640,37,,,0,100,,906653,37,,,0,100,,906646,37,,,0,100,,906654,37,,,0,100,,906641,37,,,0,100,,906655,37,,,0
7901,'20260719',745,,906662,37,,,0,100,,906661,37,,,0,100,,906657,37,,,0,100,,906666,37,,,0,100,,906667,37,,,0,100,,906659,37,,,0,100,,906668,37,,,0,100,,906665,37,,,0,100,,906670,37,,,0,100,,906663,37,,,0,70,,906674,37,,,0,30,,906671,37,,,0,100,,906658,37,,,0,100,,906672,37,,,0,100,,906664,37,,,0,100,,906673,37,,,0,100,,906660,37,,,0,100,,906669,37,,,0
7901,'20260720',645,,906675,37,,,0,99,,906676,37,,,0,101,,906677,37,,,0,100,,906678,37,,,0,99,,906679,37,,,0,100,,906680,37,,,0,100,,906681,37,,,0,100,,906682,37,,,0,100,,906683,37,,,0,100,,906690,37,,,0,100,,906684,37,,,0,100,,906691,37,,,0,100,,906685,37,,,0,100,,906686,37,,,0,100,,906687,37,,,0,101,,906692,37,,,0,100,,906688,37,,,0,100,,906689,37,,,0
7901,'20260721',645,,906693,37,,,0,99,,906694,37,,,0,101,,906695,37,,,0,100,,906696,37,,,0,99,,906697,37,,,0,100,,906698,37,,,0,100,,906699,37,,,0,100,,906700,37,,,0,100,,906701,37,,,0,100,,906708,37,,,0,100,,906702,37,,,0,100,,906709,37,,,0,100,,906703,37,,,0,100,,906704,37,,,0,100,,906705,37,,,0,101,,906710,37,,,0,100,,906706,37,,,0,100,,906707,37,,,0
8001,'20260707',617,,878005,37,,,0,30,,878006,37,,,0,70,,878007,37,,,0,29,,878008,37,,,0,70,,878009,37,,,0,30,,878010,37,,,0,70,,878011,37,,,0,31,,878012,37,,,0,70,,878013,37,,,0,30,,878014,37,,,0,70,,878015,37,,,0,30,,878016,37,,,0,70,,878017,37,,,0,30,,878018,37,,,0,70,,878019,37,,,0,30,,878020,37,,,0,70,,878021,37,,,0,30,,878022,37,,,0,70,,878023,37,,,0,30,,878024,37,,,0,69,,878025,37,,,0,29,,878026,37,,,0,71,,878027,37,,,0,30,,878028,37,,,0,70,,878029,37,,,0,31,,878030,37,,,0,70,,878031,37,,,0,100,,878032,37,,,0,100,,878033,37,,,0,100,,878034,37,,,0,100,,878035,37,,,0,30,,878036,37,,,0
8001,'20260708',617,,878042,37,,,0,30,,878043,37,,,0,70,,878044,37,,,0,29,,878045,37,,,0,70,,878046,37,,,0,30,,878047,37,,,0,70,,878048,37,,,0,31,,878049,37,,,0,70,,878050,37,,,0,30,,878051,37,,,0,70,,878052,37,,,0,30,,878053,37,,,0,70,,878054,37,,,0,30,,878055,37,,,0,70,,878056,37,,,0,30,,878057,37,,,0,70,,878058,37,,,0,30,,878059,37,,,0,70,,878060,37,,,0,30,,878061,37,,,0,69,,878062,37,,,0,29,,878063,37,,,0,71,,878064,37,,,0,30,,878065,37,,,0,70,,878066,37,,,0,31,,878067,37,,,0,70,,878068,37,,,0,100,,878069,37,,,0,100,,878070,37,,,0,100,,878071,37,,,0,100,,878072,37,,,0,30,,878073,37,,,0
8001,'20260709',617,,878079,37,,,0,30,,878080,37,,,0,70,,878081,37,,,0,29,,878082,37,,,0,70,,878083,37,,,0,30,,878084,37,,,0,70,,878085,37,,,0,31,,878086,37,,,0,70,,878087,37,,,0,30,,878088,37,,,0,70,,878089,37,,,0,30,,878090,37,,,0,70,,878091,37,,,0,30,,878092,37,,,0,70,,878093,37,,,0,30,,878094,37,,,0,70,,878095,37,,,0,30,,878096,37,,,0,70,,878097,37,,,0,30,,878098,37,,,0,69,,878099,37,,,0,29,,878100,37,,,0,71,,878101,37,,,0,30,,878102,37,,,0,70,,878103,37,,,0,31,,878104,37,,,0,70,,878105,37,,,0,100,,878106,37,,,0,100,,878107,37,,,0,100,,878108,37,,,0,100,,878109,37,,,0,30,,878110,37,,,0
8001,'20260710',617,,906901,37,,,0,30,,906902,37,,,0,70,,906903,37,,,0,29,,906904,37,,,0,70,,906905,37,,,0,30,,906906,37,,,0,70,,906907,37,,,0,31,,906908,37,,,0,70,,906909,37,,,0,30,,906910,37,,,0,70,,906911,37,,,0,30,,906912,37,,,0,70,,906913,37,,,0,30,,906914,37,,,0,70,,906915,37,,,0,30,,906916,37,,,0,70,,906917,37,,,0,30,,906918,37,,,0,70,,906919,37,,,0,30,,906920,37,,,0,69,,906921,37,,,0,29,,906922,37,,,0,71,,906923,37,,,0,30,,906924,37,,,0,70,,906925,37,,,0,31,,906926,37,,,0,70,,906927,37,,,0,100,,906928,37,,,0,100,,906929,37,,,0,100,,906930,37,,,0,100,,906931,37,,,0,30,,906932,37,,,0
8001,'20260711',617,,852396,37,,,0,30,,852365,37,,,0,70,,852383,37,,,0,30,,852366,37,,,0,70,,852384,37,,,0,30,,852367,37,,,0,70,,852385,37,,,0,30,,852368,37,,,0,70,,852386,37,,,0,30,,852369,37,,,0,70,,852387,37,,,0,30,,852370,37,,,0,70,,852388,37,,,0,30,,852371,37,,,0,70,,852389,37,,,0,30,,852372,37,,,0,70,,852390,37,,,0,30,,852373,37,,,0,70,,852391,37,,,0,30,,852374,37,,,0,70,,852392,37,,,0,30,,852375,37,,,0,70,,852393,37,,,0,30,,852376,37,,,0,70,,852394,37,,,0,30,,852377,37,,,0,70,,852395,37,,,0,30,,852378,37,,,0,100,,852379,37,,,0,100,,852380,37,,,0,100,,852381,37,,,0,100,,852382,37,,,0
8001,'20260712',617,,852432,37,,,0,30,,852401,37,,,0,70,,852419,37,,,0,30,,852402,37,,,0,70,,852420,37,,,0,30,,852403,37,,,0,70,,852421,37,,,0,30,,852404,37,,,0,70,,852422,37,,,0,30,,852405,37,,,0,70,,852423,37,,,0,30,,852406,37,,,0,70,,852424,37,,,0,30,,852407,37,,,0,70,,852425,37,,,0,30,,852408,37,,,0,70,,852426,37,,,0,30,,852409,37,,,0,70,,852427,37,,,0,30,,852410,37,,,0,70,,852428,37,,,0,30,,852411,37,,,0,70,,852429,37,,,0,30,,852412,37,,,0,70,,852430,37,,,0,30,,852413,37,,,0,70,,852431,37,,,0,30,,852414,37,,,0,100,,852415,37,,,0,100,,852416,37,,,0,100,,852417,37,,,0,100,,852418,37,,,0
8001,'20260713',617,,852437,37,,,0,30,,852438,37,,,0,70,,852439,37,,,0,29,,852440,37,,,0,70,,852441,37,,,0,30,,852442,37,,,0,70,,852443,37,,,0,31,,852444,37,,,0,70,,852445,37,,,0,30,,852446,37,,,0,70,,852447,37,,,0,30,,852448,37,,,0,70,,852449,37,,,0,30,,852450,37,,,0,70,,852451,37,,,0,30,,852452,37,,,0,70,,852453,37,,,0,30,,852454,37,,,0,70,,852455,37,,,0,30,,852456,37,,,0,69,,852457,37,,,0,29,,852458,37,,,0,71,,852459,37,,,0,30,,852460,37,,,0,70,,852461,37,,,0,31,,852462,37,,,0,70,,852468,37,,,0,100,,852469,37,,,0,100,,852470,37,,,0,100,,852471,37,,,0,100,,852472,37,,,0,30,,852467,37,,,0
8001,'20260714',617,,852473,37,,,0,30,,852474,37,,,0,70,,852475,37,,,0,29,,852476,37,,,0,70,,852477,37,,,0,30,,852478,37,,,0,70,,852479,37,,,0,31,,852480,37,,,0,70,,852481,37,,,0,30,,852482,37,,,0,70,,852483,37,,,0,30,,852484,37,,,0,70,,852485,37,,,0,30,,852486,37,,,0,70,,852487,37,,,0,30,,852488,37,,,0,70,,852489,37,,,0,30,,852490,37,,,0,70,,852491,37,,,0,30,,852492,37,,,0,69,,852493,37,,,0,29,,852494,37,,,0,71,,852495,37,,,0,30,,852496,37,,,0,70,,852497,37,,,0,31,,852498,37,,,0,70,,852504,37,,,0,100,,852505,37,,,0,100,,852506,37,,,0,100,,852507,37,,,0,100,,852508,37,,,0,30,,852503,37,,,0
8001,'20260715',617,,878115,37,,,0,30,,878116,37,,,0,70,,878117,37,,,0,29,,878118,37,,,0,70,,878119,37,,,0,30,,878120,37,,,0,70,,878121,37,,,0,31,,878122,37,,,0,70,,878123,37,,,0,30,,878124,37,,,0,70,,878125,37,,,0,30,,878126,37,,,0,70,,878127,37,,,0,30,,878128,37,,,0,70,,878129,37,,,0,30,,878130,37,,,0,70,,878131,37,,,0,30,,878132,37,,,0,70,,878133,37,,,0,30,,878134,37,,,0,69,,878135,37,,,0,29,,878136,37,,,0,71,,878137,37,,,0,30,,878138,37,,,0,70,,878139,37,,,0,31,,878140,37,,,0,70,,878146,37,,,0,100,,878147,37,,,0,100,,878148,37,,,0,100,,878149,37,,,0,100,,878150,37,,,0,30,,878145,37,,,0
8001,'20260716',617,,878151,37,,,0,30,,878152,37,,,0,70,,878153,37,,,0,29,,878154,37,,,0,70,,878155,37,,,0,30,,878156,37,,,0,70,,878157,37,,,0,31,,878158,37,,,0,70,,878159,37,,,0,30,,878160,37,,,0,70,,878161,37,,,0,30,,878162,37,,,0,70,,878163,37,,,0,30,,878164,37,,,0,70,,878165,37,,,0,30,,878166,37,,,0,70,,878167,37,,,0,30,,878168,37,,,0,70,,878169,37,,,0,30,,878170,37,,,0,69,,878171,37,,,0,29,,878172,37,,,0,71,,878173,37,,,0,30,,878174,37,,,0,70,,878175,37,,,0,31,,878176,37,,,0,70,,878182,37,,,0,100,,878183,37,,,0,100,,878184,37,,,0,100,,878185,37,,,0,100,,878186,37,,,0,30,,878181,37,,,0
8001,'20260717',617,,878187,37,,,0,30,,878188,37,,,0,70,,878189,37,,,0,29,,878190,37,,,0,70,,878191,37,,,0,30,,878192,37,,,0,70,,878193,37,,,0,31,,878194,37,,,0,70,,878195,37,,,0,30,,878196,37,,,0,70,,878197,37,,,0,30,,878198,37,,,0,70,,878199,37,,,0,30,,878200,37,,,0,70,,878201,37,,,0,30,,878202,37,,,0,70,,878203,37,,,0,30,,878204,37,,,0,70,,878205,37,,,0,30,,878206,37,,,0,69,,878207,37,,,0,29,,878208,37,,,0,71,,878209,37,,,0,30,,878210,37,,,0,70,,878211,37,,,0,31,,878212,37,,,0,70,,878218,37,,,0,100,,878219,37,,,0,100,,878220,37,,,0,100,,878221,37,,,0,100,,878222,37,,,0,30,,878217,37,,,0
8001,'20260718',617,,906968,37,,,0,30,,906937,37,,,0,70,,906955,37,,,0,30,,906938,37,,,0,70,,906956,37,,,0,30,,906939,37,,,0,70,,906957,37,,,0,30,,906940,37,,,0,70,,906958,37,,,0,30,,906941,37,,,0,70,,906959,37,,,0,30,,906942,37,,,0,70,,906960,37,,,0,30,,906943,37,,,0,70,,906961,37,,,0,30,,906944,37,,,0,70,,906962,37,,,0,30,,906945,37,,,0,70,,906963,37,,,0,30,,906946,37,,,0,70,,906964,37,,,0,30,,906947,37,,,0,70,,906965,37,,,0,30,,906948,37,,,0,70,,906966,37,,,0,30,,906949,37,,,0,70,,906967,37,,,0,30,,906950,37,,,0,100,,906951,37,,,0,100,,906952,37,,,0,100,,906953,37,,,0,100,,906954,37,,,0
8001,'20260719',617,,907004,37,,,0,30,,906973,37,,,0,70,,906991,37,,,0,30,,906974,37,,,0,70,,906992,37,,,0,30,,906975,37,,,0,70,,906993,37,,,0,30,,906976,37,,,0,70,,906994,37,,,0,30,,906977,37,,,0,70,,906995,37,,,0,30,,906978,37,,,0,70,,906996,37,,,0,30,,906979,37,,,0,70,,906997,37,,,0,30,,906980,37,,,0,70,,906998,37,,,0,30,,906981,37,,,0,70,,906999,37,,,0,30,,906982,37,,,0,70,,907000,37,,,0,30,,906983,37,,,0,70,,907001,37,,,0,30,,906984,37,,,0,70,,907002,37,,,0,30,,906985,37,,,0,70,,907003,37,,,0,30,,906986,37,,,0,100,,906987,37,,,0,100,,906988,37,,,0,100,,906989,37,,,0,100,,906990,37,,,0
8001,'20260720',617,,907009,37,,,0,30,,907010,37,,,0,70,,907011,37,,,0,29,,907012,37,,,0,70,,907013,37,,,0,30,,907014,37,,,0,70,,907015,37,,,0,31,,907016,37,,,0,70,,907017,37,,,0,30,,907018,37,,,0,70,,907019,37,,,0,30,,907020,37,,,0,70,,907021,37,,,0,30,,907022,37,,,0,70,,907023,37,,,0,30,,907024,37,,,0,70,,907025,37,,,0,30,,907026,37,,,0,70,,907027,37,,,0,30,,907028,37,,,0,69,,907029,37,,,0,29,,907030,37,,,0,71,,907031,37,,,0,30,,907032,37,,,0,70,,907033,37,,,0,31,,907034,37,,,0,70,,907040,37,,,0,100,,907041,37,,,0,100,,907042,37,,,0,100,,907043,37,,,0,100,,907044,37,,,0,30,,907039,37,,,0
8001,'20260721',617,,907045,37,,,0,30,,907046,37,,,0,70,,907047,37,,,0,29,,907048,37,,,0,70,,907049,37,,,0,30,,907050,37,,,0,70,,907051,37,,,0,31,,907052,37,,,0,70,,907053,37,,,0,30,,907054,37,,,0,70,,907055,37,,,0,30,,907056,37,,,0,70,,907057,37,,,0,30,,907058,37,,,0,70,,907059,37,,,0,30,,907060,37,,,0,70,,907061,37,,,0,30,,907062,37,,,0,70,,907063,37,,,0,30,,907064,37,,,0,69,,907065,37,,,0,29,,907066,37,,,0,71,,907067,37,,,0,30,,907068,37,,,0,70,,907069,37,,,0,31,,907070,37,,,0,70,,907076,37,,,0,100,,907077,37,,,0,100,,907078,37,,,0,100,,907079,37,,,0,100,,907080,37,,,0,30,,907075,37,,,0
8800,'20260707',715,,880170,45,,,0,99,,880171,45,,,0,30,,880172,45,,,0,101,,880173,45,,,0,597,,880182,9,,,0,1,,880174,45,,,0,70,,880175,45,,,0,29,,880176,45,,,0,70,,880177,45,,,0,33,,880178,45,,,0,71,,880179,45,,,0,30,,880180,45,,,0,500,,880181,45,,,0
8800,'20260708',715,,880183,45,,,0,99,,880184,45,,,0,30,,880185,45,,,0,101,,880186,45,,,0,597,,880195,9,,,0,1,,880187,45,,,0,70,,880188,45,,,0,29,,880189,45,,,0,70,,880190,45,,,0,33,,880191,45,,,0,71,,880192,45,,,0,30,,880193,45,,,0,500,,880194,45,,,0
8800,'20260709',715,,880196,45,,,0,99,,880197,45,,,0,30,,880198,45,,,0,101,,880199,45,,,0,597,,880208,9,,,0,1,,880200,45,,,0,70,,880201,45,,,0,29,,880202,45,,,0,70,,880203,45,,,0,33,,880204,45,,,0,71,,880205,45,,,0,30,,880206,45,,,0,500,,880207,45,,,0
8800,'20260710',715,,907919,45,,,0,99,,907920,45,,,0,30,,907921,45,,,0,101,,907922,45,,,0,597,,907931,9,,,0,1,,907923,45,,,0,70,,907924,45,,,0,29,,907925,45,,,0,70,,907926,45,,,0,33,,907927,45,,,0,71,,907928,45,,,0,30,,907929,45,,,0,500,,907930,45,,,0
8800,'20260713',715,,853360,45,,,0,99,,853361,45,,,0,30,,853369,45,,,0,101,,853370,45,,,0,597,,853368,9,,,0,1,,853362,45,,,0,70,,853367,45,,,0,29,,853363,45,,,0,70,,853364,45,,,0,33,,853365,45,,,0,71,,853372,45,,,0,30,,853371,45,,,0,500,,853366,45,,,0
8800,'20260714',715,,853373,45,,,0,99,,853374,45,,,0,30,,853382,45,,,0,101,,853383,45,,,0,597,,853381,9,,,0,1,,853375,45,,,0,70,,853380,45,,,0,29,,853376,45,,,0,70,,853377,45,,,0,33,,853378,45,,,0,71,,853385,45,,,0,30,,853384,45,,,0,500,,853379,45,,,0
8800,'20260715',715,,880209,45,,,0,99,,880210,45,,,0,30,,880218,45,,,0,101,,880219,45,,,0,597,,880217,9,,,0,1,,880211,45,,,0,70,,880216,45,,,0,29,,880212,45,,,0,70,,880213,45,,,0,33,,880214,45,,,0,71,,880221,45,,,0,30,,880220,45,,,0,500,,880215,45,,,0
8800,'20260716',715,,880222,45,,,0,99,,880223,45,,,0,30,,880231,45,,,0,101,,880232,45,,,0,597,,880230,9,,,0,1,,880224,45,,,0,70,,880229,45,,,0,29,,880225,45,,,0,70,,880226,45,,,0,33,,880227,45,,,0,71,,880234,45,,,0,30,,880233,45,,,0,500,,880228,45,,,0
8800,'20260717',715,,880235,45,,,0,99,,880236,45,,,0,30,,880244,45,,,0,101,,880245,45,,,0,597,,880243,9,,,0,1,,880237,45,,,0,70,,880242,45,,,0,29,,880238,45,,,0,70,,880239,45,,,0,33,,880240,45,,,0,71,,880247,45,,,0,30,,880246,45,,,0,500,,880241,45,,,0
8800,'20260720',715,,907932,45,,,0,99,,907933,45,,,0,30,,907941,45,,,0,101,,907942,45,,,0,597,,907940,9,,,0,1,,907934,45,,,0,70,,907939,45,,,0,29,,907935,45,,,0,70,,907936,45,,,0,33,,907937,45,,,0,71,,907944,45,,,0,30,,907943,45,,,0,500,,907938,45,,,0
8800,'20260721',715,,907945,45,,,0,99,,907946,45,,,0,30,,907954,45,,,0,101,,907955,45,,,0,597,,907953,9,,,0,1,,907947,45,,,0,70,,907952,45,,,0,29,,907948,45,,,0,70,,907949,45,,,0,33,,907950,45,,,0,71,,907957,45,,,0,30,,907956,45,,,0,500,,907951,45,,,0
27901,'20260707',637,,883791,26,,,0,85,,883792,26,,,0,37,,883793,26,,,0,64,,883794,26,,,0
27901,'20260708',637,,883795,26,,,0,85,,883796,26,,,0,37,,883797,26,,,0,64,,883798,26,,,0
27901,'20260709',637,,883799,26,,,0,85,,883800,26,,,0,37,,883801,26,,,0,64,,883802,26,,,0
27901,'20260710',637,,909523,26,,,0,85,,909524,26,,,0,37,,909525,26,,,0,64,,909526,26,,,0
27901,'20260713',637,,854958,26,,,0,85,,854956,26,,,0,37,,854957,26,,,0,64,,854955,26,,,0
27901,'20260714',637,,854962,26,,,0,85,,854960,26,,,0,37,,854961,26,,,0,64,,854959,26,,,0
27901,'20260715',637,,883806,26,,,0,85,,883804,26,,,0,37,,883805,26,,,0,64,,883803,26,,,0
27901,'20260716',637,,883810,26,,,0,85,,883808,26,,,0,37,,883809,26,,,0,64,,883807,26,,,0
27901,'20260717',637,,883814,26,,,0,85,,883812,26,,,0,37,,883813,26,,,0,64,,883811,26,,,0
27901,'20260720',637,,909530,26,,,0,85,,909528,26,,,0,37,,909529,26,,,0,64,,909527,26,,,0
27901,'20260721',637,,909534,26,,,0,85,,909532,26,,,0,37,,909533,26,,,0,64,,909531,26,,,0
28001,'20260707',643,,883863,39,,,0,75,,883864,39,,,0,25,,883865,39,,,0,57,,883866,39,,,0,14,,883867,39,,,0,8,,883868,39,,,0
28001,'20260708',643,,883869,39,,,0,75,,883870,39,,,0,25,,883871,39,,,0,57,,883872,39,,,0,14,,883873,39,,,0,8,,883874,39,,,0
28001,'20260709',643,,883875,39,,,0,75,,883876,39,,,0,25,,883877,39,,,0,57,,883878,39,,,0,14,,883879,39,,,0,8,,883880,39,,,0
28001,'20260710',643,,909553,39,,,0,75,,909554,39,,,0,25,,909555,39,,,0,57,,909556,39,,,0,14,,909557,39,,,0,8,,909558,39,,,0
28001,'20260713',643,,854987,39,,,0,75,,854988,39,,,0,25,,854989,39,,,0,57,,854992,39,,,0,14,,854990,39,,,0,8,,854991,39,,,0
28001,'20260714',643,,854993,39,,,0,75,,854994,39,,,0,25,,854995,39,,,0,57,,854998,39,,,0,14,,854996,39,,,0,8,,854997,39,,,0
28001,'20260715',643,,883881,39,,,0,75,,883882,39,,,0,25,,883883,39,,,0,57,,883886,39,,,0,14,,883884,39,,,0,8,,883885,39,,,0
28001,'20260716',643,,883887,39,,,0,75,,883888,39,,,0,25,,883889,39,,,0,57,,883892,39,,,0,14,,883890,39,,,0,8,,883891,39,,,0
28001,'20260717',643,,883893,39,,,0,75,,883894,39,,,0,25,,883895,39,,,0,57,,883898,39,,,0,14,,883896,39,,,0,8,,883897,39,,,0
28001,'20260720',643,,909559,39,,,0,75,,909560,39,,,0,25,,909561,39,,,0,57,,909564,39,,,0,14,,909562,39,,,0,8,,909563,39,,,0
28001,'20260721',643,,909565,39,,,0,75,,909566,39,,,0,25,,909567,39,,,0,57,,909570,39,,,0,14,,909568,39,,,0,8,,909569,39,,,0
58001,'20260707',714,,885436,39,,,0,29,,885437,39,,,0,70,,885438,39,,,0
58001,'20260708',714,,885439,39,,,0,29,,885440,39,,,0,70,,885441,39,,,0
58001,'20260709',714,,885442,39,,,0,29,,885443,39,,,0,70,,885444,39,,,0
58001,'20260710',714,,910199,39,,,0,29,,910200,39,,,0,70,,910201,39,,,0
58001,'20260713',714,,855491,39,,,0,29,,855490,39,,,0,70,,855492,39,,,0
58001,'20260714',714,,855494,39,,,0,29,,855493,39,,,0,70,,855495,39,,,0
58001,'20260715',714,,885446,39,,,0,29,,885445,39,,,0,70,,885447,39,,,0
58001,'20260716',714,,885449,39,,,0,29,,885448,39,,,0,70,,885450,39,,,0
58001,'20260717',714,,885452,39,,,0,29,,885451,39,,,0,70,,885453,39,,,0
58001,'20260720',714,,910203,39,,,0,29,,910202,39,,,0,70,,910204,39,,,0
58001,'20260721',714,,910206,39,,,0,29,,910205,39,,,0,70,,910207,39,,,0
