53000,'20260626',1614,,806401,16,4,,0,88,,806402,16,4,,0,28,,806403,16,4,,0,25,,806404,16,4,,0
53000,'20260629',1614,,833168,16,4,,0,88,,833169,16,4,,0,28,,833170,16,4,,0,25,,833171,16,4,,0
53000,'20260630',1614,,833172,16,4,,0,88,,833173,16,4,,0,28,,833174,16,4,,0,25,,833175,16,4,,0
53000,'20260702',1614,,833176,16,4,,0,88,,833177,16,4,,0,28,,833178,16,4,,0,25,,833179,16,4,,0
53000,'20260703',1614,,783492,16,4,,0,88,,783489,16,4,,0,28,,783490,16,4,,0,25,,783491,16,4,,0
53000,'20260706',1614,,806408,16,4,,0,88,,806405,16,4,,0,28,,806406,16,4,,0,25,,806407,16,4,,0
53000,'20260707',1614,,806412,16,4,,0,88,,806409,16,4,,0,28,,806410,16,4,,0,25,,806411,16,4,,0
53000,'20260708',1614,,833183,16,4,,0,88,,833180,16,4,,0,28,,833181,16,4,,0,25,,833182,16,4,,0
53000,'20260709',1614,,833187,16,4,,0,88,,833184,16,4,,0,28,,833185,16,4,,0,25,,833186,16,4,,0
53000,'20260710',1614,,833191,16,4,,0,88,,833188,16,4,,0,28,,833189,16,4,,0,25,,833190,16,4,,0
80102,'20260626',613,,807980,22,,,1,12,,807981,22,,,1,14,,807982,22,,,1,9,,807983,22,,,1,10,,807984,22,,,1,51,,807985,22,,,1,11,,807986,22,,,1,10,,807987,22,,,1,10,,807988,22,,,1,12,,807989,22,,,1,49,,807990,22,,,1,9,,807991,22,,,1,9,,807992,22,,,1,10,,807993,22,,,1,9,,807994,22,,,1,8,,807995,22,,,1,9,,807996,22,,,1,49,,807997,22,,,1,9,,807998,22,,,1,12,,807999,22,,,1,14,,808000,22,,,1,16,,808001,22,,,1,54,,808002,22,,,1,15,,808003,22,,,1,15,,808004,22,,,1,15,,808005,22,,,1,55,,808006,22,,,1,14,,808007,22,,,1,15,,808008,22,,,1,15,,808009,22,,,1,55,,808010,22,,,1,15,,808011,22,,,1,13,,808012,22,,,1,15,,808013,22,,,1,56,,808014,22,,,1,16,,808015,22,,,1,14,,808016,22,,,1,14,,808017,22,,,1,56,,808018,22,,,1,16,,808019,22,,,1,15,,808020,22,,,1,16,,808021,22,,,1,53,,808022,22,,,1,10,,808023,22,,,1,9,,808024,22,,,1,8,,808025,22,,,1,9,,808026,22,,,1,9,,808027,22,,,1,50,,808028,22,,,1,10,,808029,22,,,1,9,,808030,22,,,1,9,,808031,22,,,1,9,,808032,22,,,1,9,,808033,22,,,1,9,,808034,22,,,1,48,,808035,22,,,1,8,,808036,22,,,1,9,,808037,22,,,1,10,,808038,22,,,1,10,,808039,22,,,1,10,,808040,22,,,1,51,,808041,22,,,1,12,,808042,22,,,1,12,,808043,22,,,1,14,,808044,22,,,1,16,,808045,22,,,1,55,,808046,22,,,1,15,,808047,22,,,1,16,,808048,22,,,1,15,,808049,22,,,1,56,,808050,22,,,1,16,,808051,22,,,1,15,,808052,22,,,1,55,,808053,22,,,1,15,,808054,22,,,1,15,,808055,22,,,1,15,,808056,22,,,1,55,,808057,22,,,1,14,,808058,22,,,1,15,,808059,22,,,1,15,,808060,22,,,1,15,,808061,22,,,1,55,,808062,22,,,1,15,,808063,22,,,1,15,,808064,22,,,1,15,,808065,22,,,1,55,,808066,22,,,1,14,,808067,22,,,1,14,,808068,22,,,1,15,,808069,22,,,1,54,,808070,22,,,1,15,,808071,22,,,1,15,,808072,22,,,1,15,,808073,22,,,1,55,,808074,22,,,1
80102,'20260627',612,,835352,22,,,1,15,,835353,22,,,1,14,,835354,22,,,1,14,,835355,22,,,1,55,,835356,22,,,1,15,,835357,22,,,1,15,,835358,22,,,1,15,,835359,22,,,1,55,,835360,22,,,1,16,,835361,22,,,1,14,,835362,22,,,1,14,,835363,22,,,1,54,,835364,22,,,1,15,,835365,22,,,1,14,,835366,22,,,1,15,,835367,22,,,1,55,,835368,22,,,1,14,,835369,22,,,1,15,,835370,22,,,1,15,,835371,22,,,1,56,,835372,22,,,1,16,,835373,22,,,1,15,,835374,22,,,1,15,,835375,22,,,1,55,,835376,22,,,1,15,,835377,22,,,1,15,,835378,22,,,1,15,,835379,22,,,1,54,,835380,22,,,1,15,,835381,22,,,1,15,,835382,22,,,1,15,,835383,22,,,1,55,,835384,22,,,1,15,,835385,22,,,1,16,,835386,22,,,1,15,,835387,22,,,1,54,,835388,22,,,1,15,,835389,22,,,1,16,,835390,22,,,1,16,,835391,22,,,1,55,,835392,22,,,1,15,,835393,22,,,1,15,,835394,22,,,1,14,,835395,22,,,1,57,,835396,22,,,1,15,,835397,22,,,1,15,,835398,22,,,1,16,,835399,22,,,1,55,,835400,22,,,1,15,,835401,22,,,1,15,,835402,22,,,1,15,,835403,22,,,1,55,,835404,22,,,1,15,,835405,22,,,1,15,,835406,22,,,1,14,,835407,22,,,1,55,,835408,22,,,1,15,,835409,22,,,1,15,,835410,22,,,1,15,,835411,22,,,1,55,,835412,22,,,1,15,,835413,22,,,1,15,,835414,22,,,1,15,,835415,22,,,1,55,,835416,22,,,1,15,,835417,22,,,1,15,,835418,22,,,1,15,,835419,22,,,1,55,,835420,22,,,1,15,,835421,22,,,1,15,,835422,22,,,1,15,,835423,22,,,1,55,,835424,22,,,1,15,,835425,22,,,1,14,,835426,22,,,1,16,,835427,22,,,1,55,,835428,22,,,1,15,,835429,22,,,1,16,,835430,22,,,1,16,,835431,22,,,1
80102,'20260628',612,,835432,22,,,1,15,,835433,22,,,1,14,,835434,22,,,1,14,,835435,22,,,1,55,,835436,22,,,1,15,,835437,22,,,1,15,,835438,22,,,1,15,,835439,22,,,1,55,,835440,22,,,1,16,,835441,22,,,1,14,,835442,22,,,1,14,,835443,22,,,1,54,,835444,22,,,1,15,,835445,22,,,1,14,,835446,22,,,1,15,,835447,22,,,1,55,,835448,22,,,1,14,,835449,22,,,1,15,,835450,22,,,1,15,,835451,22,,,1,56,,835452,22,,,1,16,,835453,22,,,1,15,,835454,22,,,1,15,,835455,22,,,1,55,,835456,22,,,1,15,,835457,22,,,1,15,,835458,22,,,1,15,,835459,22,,,1,54,,835460,22,,,1,15,,835461,22,,,1,15,,835462,22,,,1,15,,835463,22,,,1,55,,835464,22,,,1,15,,835465,22,,,1,16,,835466,22,,,1,15,,835467,22,,,1,54,,835468,22,,,1,15,,835469,22,,,1,16,,835470,22,,,1,16,,835471,22,,,1,55,,835472,22,,,1,15,,835473,22,,,1,15,,835474,22,,,1,14,,835475,22,,,1,57,,835476,22,,,1,15,,835477,22,,,1,15,,835478,22,,,1,16,,835479,22,,,1,55,,835480,22,,,1,15,,835481,22,,,1,15,,835482,22,,,1,15,,835483,22,,,1,55,,835484,22,,,1,15,,835485,22,,,1,15,,835486,22,,,1,14,,835487,22,,,1,55,,835488,22,,,1,15,,835489,22,,,1,15,,835490,22,,,1,15,,835491,22,,,1,55,,835492,22,,,1,15,,835493,22,,,1,15,,835494,22,,,1,15,,835495,22,,,1,55,,835496,22,,,1,15,,835497,22,,,1,15,,835498,22,,,1,15,,835499,22,,,1,55,,835500,22,,,1,15,,835501,22,,,1,15,,835502,22,,,1,15,,835503,22,,,1,55,,835504,22,,,1,15,,835505,22,,,1,14,,835506,22,,,1,16,,835507,22,,,1,55,,835508,22,,,1,15,,835509,22,,,1,16,,835510,22,,,1,16,,835511,22,,,1
80102,'20260629',613,,835528,22,,,1,12,,835529,22,,,1,14,,835530,22,,,1,9,,835531,22,,,1,10,,835532,22,,,1,51,,835533,22,,,1,11,,835534,22,,,1,10,,835535,22,,,1,10,,835536,22,,,1,12,,835537,22,,,1,49,,835538,22,,,1,9,,835539,22,,,1,9,,835540,22,,,1,10,,835541,22,,,1,9,,835542,22,,,1,8,,835543,22,,,1,9,,835544,22,,,1,49,,835545,22,,,1,9,,835546,22,,,1,12,,835547,22,,,1,14,,835548,22,,,1,16,,835549,22,,,1,54,,835550,22,,,1,15,,835551,22,,,1,15,,835552,22,,,1,15,,835553,22,,,1,55,,835554,22,,,1,14,,835555,22,,,1,15,,835556,22,,,1,15,,835557,22,,,1,55,,835558,22,,,1,15,,835559,22,,,1,13,,835560,22,,,1,15,,835561,22,,,1,56,,835562,22,,,1,16,,835563,22,,,1,14,,835564,22,,,1,14,,835565,22,,,1,56,,835566,22,,,1,16,,835567,22,,,1,15,,835568,22,,,1,16,,835569,22,,,1,53,,835570,22,,,1,10,,835571,22,,,1,9,,835572,22,,,1,8,,835573,22,,,1,9,,835574,22,,,1,9,,835575,22,,,1,50,,835576,22,,,1,10,,835577,22,,,1,9,,835578,22,,,1,9,,835579,22,,,1,9,,835580,22,,,1,9,,835581,22,,,1,9,,835582,22,,,1,48,,835583,22,,,1,8,,835584,22,,,1,9,,835585,22,,,1,10,,835586,22,,,1,10,,835587,22,,,1,10,,835588,22,,,1,51,,835589,22,,,1,12,,835590,22,,,1,12,,835591,22,,,1,14,,835592,22,,,1,16,,835593,22,,,1,55,,835594,22,,,1,15,,835595,22,,,1,16,,835596,22,,,1,15,,835597,22,,,1,56,,835598,22,,,1,16,,835599,22,,,1,15,,835600,22,,,1,55,,835601,22,,,1,15,,835602,22,,,1,15,,835603,22,,,1,15,,835604,22,,,1,55,,835605,22,,,1,14,,835606,22,,,1,15,,835607,22,,,1,15,,835608,22,,,1,15,,835609,22,,,1,55,,835610,22,,,1,15,,835611,22,,,1,15,,835612,22,,,1,15,,835613,22,,,1,55,,835614,22,,,1,14,,835615,22,,,1,14,,835616,22,,,1,15,,835617,22,,,1,54,,835618,22,,,1,15,,835619,22,,,1,15,,835620,22,,,1,15,,835621,22,,,1,55,,835622,22,,,1
80102,'20260630',613,,835639,22,,,1,12,,835640,22,,,1,14,,835641,22,,,1,9,,835642,22,,,1,10,,835643,22,,,1,51,,835644,22,,,1,11,,835645,22,,,1,10,,835646,22,,,1,10,,835647,22,,,1,12,,835648,22,,,1,49,,835649,22,,,1,9,,835650,22,,,1,9,,835651,22,,,1,10,,835652,22,,,1,9,,835653,22,,,1,8,,835654,22,,,1,9,,835655,22,,,1,49,,835656,22,,,1,9,,835657,22,,,1,12,,835658,22,,,1,14,,835659,22,,,1,16,,835660,22,,,1,54,,835661,22,,,1,15,,835662,22,,,1,15,,835663,22,,,1,15,,835664,22,,,1,55,,835665,22,,,1,14,,835666,22,,,1,15,,835667,22,,,1,15,,835668,22,,,1,55,,835669,22,,,1,15,,835670,22,,,1,13,,835671,22,,,1,15,,835672,22,,,1,56,,835673,22,,,1,16,,835674,22,,,1,14,,835675,22,,,1,14,,835676,22,,,1,56,,835677,22,,,1,16,,835678,22,,,1,15,,835679,22,,,1,16,,835680,22,,,1,53,,835681,22,,,1,10,,835682,22,,,1,9,,835683,22,,,1,8,,835684,22,,,1,9,,835685,22,,,1,9,,835686,22,,,1,50,,835687,22,,,1,10,,835688,22,,,1,9,,835689,22,,,1,9,,835690,22,,,1,9,,835691,22,,,1,9,,835692,22,,,1,9,,835693,22,,,1,48,,835694,22,,,1,8,,835695,22,,,1,9,,835696,22,,,1,10,,835697,22,,,1,10,,835698,22,,,1,10,,835699,22,,,1,51,,835700,22,,,1,12,,835701,22,,,1,12,,835702,22,,,1,14,,835703,22,,,1,16,,835704,22,,,1,55,,835705,22,,,1,15,,835706,22,,,1,16,,835707,22,,,1,15,,835708,22,,,1,56,,835709,22,,,1,16,,835710,22,,,1,15,,835711,22,,,1,55,,835712,22,,,1,15,,835713,22,,,1,15,,835714,22,,,1,15,,835715,22,,,1,55,,835716,22,,,1,14,,835717,22,,,1,15,,835718,22,,,1,15,,835719,22,,,1,15,,835720,22,,,1,55,,835721,22,,,1,15,,835722,22,,,1,15,,835723,22,,,1,15,,835724,22,,,1,55,,835725,22,,,1,14,,835726,22,,,1,14,,835727,22,,,1,15,,835728,22,,,1,54,,835729,22,,,1,15,,835730,22,,,1,15,,835731,22,,,1,15,,835732,22,,,1,55,,835733,22,,,1
80102,'20260701',612,,835734,22,,,1,15,,835735,22,,,1,14,,835736,22,,,1,14,,835737,22,,,1,55,,835738,22,,,1,15,,835739,22,,,1,15,,835740,22,,,1,15,,835741,22,,,1,55,,835742,22,,,1,16,,835743,22,,,1,14,,835744,22,,,1,14,,835745,22,,,1,54,,835746,22,,,1,15,,835747,22,,,1,14,,835748,22,,,1,15,,835749,22,,,1,55,,835750,22,,,1,14,,835751,22,,,1,15,,835752,22,,,1,15,,835753,22,,,1,56,,835754,22,,,1,16,,835755,22,,,1,15,,835756,22,,,1,15,,835757,22,,,1,55,,835758,22,,,1,15,,835759,22,,,1,15,,835760,22,,,1,15,,835761,22,,,1,54,,835762,22,,,1,15,,835763,22,,,1,15,,835764,22,,,1,15,,835765,22,,,1,55,,835766,22,,,1,15,,835767,22,,,1,16,,835768,22,,,1,15,,835769,22,,,1,54,,835770,22,,,1,15,,835771,22,,,1,16,,835772,22,,,1,16,,835773,22,,,1,55,,835774,22,,,1,15,,835775,22,,,1,15,,835776,22,,,1,14,,835777,22,,,1,57,,835778,22,,,1,15,,835779,22,,,1,15,,835780,22,,,1,16,,835781,22,,,1,55,,835782,22,,,1,15,,835783,22,,,1,15,,835784,22,,,1,15,,835785,22,,,1,55,,835786,22,,,1,15,,835787,22,,,1,15,,835788,22,,,1,14,,835789,22,,,1,55,,835790,22,,,1,15,,835791,22,,,1,15,,835792,22,,,1,15,,835793,22,,,1,55,,835794,22,,,1,15,,835795,22,,,1,15,,835796,22,,,1,15,,835797,22,,,1,55,,835798,22,,,1,15,,835799,22,,,1,15,,835800,22,,,1,15,,835801,22,,,1,55,,835802,22,,,1,15,,835803,22,,,1,15,,835804,22,,,1,15,,835805,22,,,1,55,,835806,22,,,1,15,,835807,22,,,1,14,,835808,22,,,1,16,,835809,22,,,1,55,,835810,22,,,1,15,,835811,22,,,1,16,,835812,22,,,1,16,,835813,22,,,1
80102,'20260702',613,,835830,22,,,1,12,,835831,22,,,1,14,,835832,22,,,1,9,,835833,22,,,1,10,,835834,22,,,1,51,,835835,22,,,1,11,,835836,22,,,1,10,,835837,22,,,1,10,,835838,22,,,1,12,,835839,22,,,1,49,,835840,22,,,1,9,,835841,22,,,1,9,,835842,22,,,1,10,,835843,22,,,1,9,,835844,22,,,1,8,,835845,22,,,1,9,,835846,22,,,1,49,,835847,22,,,1,9,,835848,22,,,1,12,,835849,22,,,1,14,,835850,22,,,1,16,,835851,22,,,1,54,,835852,22,,,1,15,,835853,22,,,1,15,,835854,22,,,1,15,,835855,22,,,1,55,,835856,22,,,1,14,,835857,22,,,1,15,,835858,22,,,1,15,,835859,22,,,1,55,,835860,22,,,1,15,,835861,22,,,1,13,,835862,22,,,1,15,,835863,22,,,1,56,,835864,22,,,1,16,,835865,22,,,1,14,,835866,22,,,1,14,,835867,22,,,1,56,,835868,22,,,1,16,,835869,22,,,1,15,,835870,22,,,1,16,,835871,22,,,1,53,,835872,22,,,1,10,,835873,22,,,1,9,,835874,22,,,1,8,,835875,22,,,1,9,,835876,22,,,1,9,,835877,22,,,1,50,,835878,22,,,1,10,,835879,22,,,1,9,,835880,22,,,1,9,,835881,22,,,1,9,,835882,22,,,1,9,,835883,22,,,1,9,,835884,22,,,1,48,,835885,22,,,1,8,,835886,22,,,1,9,,835887,22,,,1,10,,835888,22,,,1,10,,835889,22,,,1,10,,835890,22,,,1,51,,835891,22,,,1,12,,835892,22,,,1,12,,835893,22,,,1,14,,835894,22,,,1,16,,835895,22,,,1,55,,835896,22,,,1,15,,835897,22,,,1,16,,835898,22,,,1,15,,835899,22,,,1,56,,835900,22,,,1,16,,835901,22,,,1,15,,835902,22,,,1,55,,835903,22,,,1,15,,835904,22,,,1,15,,835905,22,,,1,15,,835906,22,,,1,55,,835907,22,,,1,14,,835908,22,,,1,15,,835909,22,,,1,15,,835910,22,,,1,15,,835911,22,,,1,55,,835912,22,,,1,15,,835913,22,,,1,15,,835914,22,,,1,15,,835915,22,,,1,55,,835916,22,,,1,14,,835917,22,,,1,14,,835918,22,,,1,15,,835919,22,,,1,54,,835920,22,,,1,15,,835921,22,,,1,15,,835922,22,,,1,15,,835923,22,,,1,55,,835924,22,,,1
80102,'20260703',613,,786010,22,,,1,12,,786014,22,,,1,14,,785922,22,,,1,9,,785923,22,,,1,10,,785924,22,,,1,51,,785925,22,,,1,11,,785926,22,,,1,10,,785927,22,,,1,10,,785928,22,,,1,12,,785929,22,,,1,49,,785930,22,,,1,9,,785931,22,,,1,9,,786012,22,,,1,10,,785932,22,,,1,9,,785933,22,,,1,8,,785934,22,,,1,9,,785935,22,,,1,49,,785936,22,,,1,9,,785937,22,,,1,12,,785938,22,,,1,14,,785939,22,,,1,16,,785940,22,,,1,54,,785941,22,,,1,15,,785942,22,,,1,15,,785943,22,,,1,15,,785944,22,,,1,55,,785945,22,,,1,14,,785946,22,,,1,15,,785947,22,,,1,15,,785948,22,,,1,55,,785949,22,,,1,15,,785950,22,,,1,13,,785951,22,,,1,15,,785952,22,,,1,56,,785954,22,,,1,16,,785955,22,,,1,14,,785957,22,,,1,14,,785953,22,,,1,56,,785958,22,,,1,16,,785959,22,,,1,15,,785956,22,,,1,16,,785960,22,,,1,53,,785961,22,,,1,10,,785963,22,,,1,9,,785964,22,,,1,8,,785965,22,,,1,9,,785962,22,,,1,9,,785966,22,,,1,50,,785967,22,,,1,10,,785969,22,,,1,9,,785970,22,,,1,9,,785971,22,,,1,9,,785968,22,,,1,9,,785972,22,,,1,9,,785973,22,,,1,48,,785974,22,,,1,8,,785975,22,,,1,9,,785976,22,,,1,10,,785977,22,,,1,10,,785978,22,,,1,10,,785979,22,,,1,51,,786015,22,,,1,12,,785980,22,,,1,12,,785981,22,,,1,14,,785982,22,,,1,16,,785983,22,,,1,55,,785984,22,,,1,15,,785986,22,,,1,16,,785987,22,,,1,15,,785988,22,,,1,56,,785985,22,,,1,16,,785989,22,,,1,15,,785992,22,,,1,55,,785993,22,,,1,15,,785994,22,,,1,15,,785991,22,,,1,15,,785995,22,,,1,55,,785990,22,,,1,14,,785996,22,,,1,15,,785997,22,,,1,15,,785998,22,,,1,15,,785999,22,,,1,55,,786000,22,,,1,15,,786001,22,,,1,15,,786002,22,,,1,15,,786003,22,,,1,55,,786004,22,,,1,14,,786005,22,,,1,14,,786006,22,,,1,15,,786007,22,,,1,54,,786008,22,,,1,15,,786009,22,,,1,15,,786011,22,,,1,15,,786013,22,,,1,55,,786016,22,,,1
80102,'20260704',612,,808153,22,,,1,15,,808075,22,,,1,14,,808076,22,,,1,14,,808077,22,,,1,55,,808078,22,,,1,15,,808079,22,,,1,15,,808080,22,,,1,15,,808081,22,,,1,55,,808082,22,,,1,16,,808083,22,,,1,14,,808084,22,,,1,14,,808085,22,,,1,54,,808086,22,,,1,15,,808087,22,,,1,14,,808088,22,,,1,15,,808089,22,,,1,55,,808090,22,,,1,14,,808091,22,,,1,15,,808092,22,,,1,15,,808093,22,,,1,56,,808094,22,,,1,16,,808095,22,,,1,15,,808096,22,,,1,15,,808097,22,,,1,55,,808098,22,,,1,15,,808099,22,,,1,15,,808100,22,,,1,15,,808101,22,,,1,54,,808102,22,,,1,15,,808103,22,,,1,15,,808104,22,,,1,15,,808105,22,,,1,55,,808106,22,,,1,15,,808107,22,,,1,16,,808108,22,,,1,15,,808109,22,,,1,54,,808110,22,,,1,15,,808147,22,,,1,16,,808111,22,,,1,16,,808112,22,,,1,55,,808113,22,,,1,15,,808148,22,,,1,15,,808115,22,,,1,14,,808116,22,,,1,57,,808118,22,,,1,15,,808149,22,,,1,15,,808114,22,,,1,16,,808119,22,,,1,55,,808120,22,,,1,15,,808117,22,,,1,15,,808121,22,,,1,15,,808122,22,,,1,55,,808123,22,,,1,15,,808124,22,,,1,15,,808125,22,,,1,14,,808126,22,,,1,55,,808127,22,,,1,15,,808128,22,,,1,15,,808129,22,,,1,15,,808130,22,,,1,55,,808131,22,,,1,15,,808132,22,,,1,15,,808133,22,,,1,15,,808134,22,,,1,55,,808135,22,,,1,15,,808136,22,,,1,15,,808137,22,,,1,15,,808138,22,,,1,55,,808140,22,,,1,15,,808141,22,,,1,15,,808142,22,,,1,15,,808139,22,,,1,55,,808143,22,,,1,15,,808144,22,,,1,14,,808145,22,,,1,16,,808146,22,,,1,55,,808150,22,,,1,15,,808151,22,,,1,16,,808152,22,,,1,16,,808154,22,,,1
80102,'20260705',612,,808234,22,,,1,15,,808190,22,,,1,14,,808184,22,,,1,14,,808188,22,,,1,55,,808189,22,,,1,15,,808203,22,,,1,15,,808187,22,,,1,15,,808227,22,,,1,55,,808229,22,,,1,16,,808230,22,,,1,14,,808231,22,,,1,14,,808228,22,,,1,54,,808185,22,,,1,15,,808186,22,,,1,14,,808181,22,,,1,15,,808182,22,,,1,55,,808183,22,,,1,14,,808173,22,,,1,15,,808172,22,,,1,15,,808171,22,,,1,56,,808174,22,,,1,16,,808175,22,,,1,15,,808160,22,,,1,15,,808159,22,,,1,55,,808158,22,,,1,15,,808156,22,,,1,15,,808157,22,,,1,15,,808169,22,,,1,54,,808170,22,,,1,15,,808166,22,,,1,15,,808168,22,,,1,15,,808167,22,,,1,55,,808225,22,,,1,15,,808222,22,,,1,16,,808223,22,,,1,15,,808224,22,,,1,54,,808226,22,,,1,15,,808176,22,,,1,16,,808209,22,,,1,16,,808202,22,,,1,55,,808207,22,,,1,15,,808177,22,,,1,15,,808211,22,,,1,14,,808210,22,,,1,57,,808199,22,,,1,15,,808178,22,,,1,15,,808200,22,,,1,16,,808206,22,,,1,55,,808201,22,,,1,15,,808208,22,,,1,15,,808196,22,,,1,15,,808204,22,,,1,55,,808192,22,,,1,15,,808205,22,,,1,15,,808197,22,,,1,14,,808194,22,,,1,55,,808193,22,,,1,15,,808195,22,,,1,15,,808191,22,,,1,15,,808198,22,,,1,55,,808221,22,,,1,15,,808214,22,,,1,15,,808216,22,,,1,15,,808220,22,,,1,55,,808218,22,,,1,15,,808212,22,,,1,15,,808219,22,,,1,15,,808213,22,,,1,55,,808217,22,,,1,15,,808162,22,,,1,15,,808161,22,,,1,15,,808215,22,,,1,55,,808163,22,,,1,15,,808164,22,,,1,14,,808165,22,,,1,16,,808155,22,,,1,55,,808180,22,,,1,15,,808179,22,,,1,16,,808232,22,,,1,16,,808233,22,,,1
80102,'20260706',613,,808323,22,,,1,12,,808327,22,,,1,14,,808235,22,,,1,9,,808236,22,,,1,10,,808237,22,,,1,51,,808238,22,,,1,11,,808239,22,,,1,10,,808240,22,,,1,10,,808241,22,,,1,12,,808242,22,,,1,49,,808243,22,,,1,9,,808244,22,,,1,9,,808325,22,,,1,10,,808245,22,,,1,9,,808246,22,,,1,8,,808247,22,,,1,9,,808248,22,,,1,49,,808249,22,,,1,9,,808250,22,,,1,12,,808251,22,,,1,14,,808252,22,,,1,16,,808253,22,,,1,54,,808254,22,,,1,15,,808255,22,,,1,15,,808256,22,,,1,15,,808257,22,,,1,55,,808258,22,,,1,14,,808259,22,,,1,15,,808260,22,,,1,15,,808261,22,,,1,55,,808262,22,,,1,15,,808263,22,,,1,13,,808264,22,,,1,15,,808265,22,,,1,56,,808267,22,,,1,16,,808268,22,,,1,14,,808270,22,,,1,14,,808266,22,,,1,56,,808271,22,,,1,16,,808272,22,,,1,15,,808269,22,,,1,16,,808273,22,,,1,53,,808274,22,,,1,10,,808276,22,,,1,9,,808277,22,,,1,8,,808278,22,,,1,9,,808275,22,,,1,9,,808279,22,,,1,50,,808280,22,,,1,10,,808282,22,,,1,9,,808283,22,,,1,9,,808284,22,,,1,9,,808281,22,,,1,9,,808285,22,,,1,9,,808286,22,,,1,48,,808287,22,,,1,8,,808288,22,,,1,9,,808289,22,,,1,10,,808290,22,,,1,10,,808291,22,,,1,10,,808292,22,,,1,51,,808328,22,,,1,12,,808293,22,,,1,12,,808294,22,,,1,14,,808295,22,,,1,16,,808296,22,,,1,55,,808297,22,,,1,15,,808299,22,,,1,16,,808300,22,,,1,15,,808301,22,,,1,56,,808298,22,,,1,16,,808302,22,,,1,15,,808305,22,,,1,55,,808306,22,,,1,15,,808307,22,,,1,15,,808304,22,,,1,15,,808308,22,,,1,55,,808303,22,,,1,14,,808309,22,,,1,15,,808310,22,,,1,15,,808311,22,,,1,15,,808312,22,,,1,55,,808313,22,,,1,15,,808314,22,,,1,15,,808315,22,,,1,15,,808316,22,,,1,55,,808317,22,,,1,14,,808318,22,,,1,14,,808319,22,,,1,15,,808320,22,,,1,54,,808321,22,,,1,15,,808322,22,,,1,15,,808324,22,,,1,15,,808326,22,,,1,55,,808329,22,,,1
80102,'20260707',613,,808418,22,,,1,12,,808422,22,,,1,14,,808330,22,,,1,9,,808331,22,,,1,10,,808332,22,,,1,51,,808333,22,,,1,11,,808334,22,,,1,10,,808335,22,,,1,10,,808336,22,,,1,12,,808337,22,,,1,49,,808338,22,,,1,9,,808339,22,,,1,9,,808420,22,,,1,10,,808340,22,,,1,9,,808341,22,,,1,8,,808342,22,,,1,9,,808343,22,,,1,49,,808344,22,,,1,9,,808345,22,,,1,12,,808346,22,,,1,14,,808347,22,,,1,16,,808348,22,,,1,54,,808349,22,,,1,15,,808350,22,,,1,15,,808351,22,,,1,15,,808352,22,,,1,55,,808353,22,,,1,14,,808354,22,,,1,15,,808355,22,,,1,15,,808356,22,,,1,55,,808357,22,,,1,15,,808358,22,,,1,13,,808359,22,,,1,15,,808360,22,,,1,56,,808362,22,,,1,16,,808363,22,,,1,14,,808365,22,,,1,14,,808361,22,,,1,56,,808366,22,,,1,16,,808367,22,,,1,15,,808364,22,,,1,16,,808368,22,,,1,53,,808369,22,,,1,10,,808371,22,,,1,9,,808372,22,,,1,8,,808373,22,,,1,9,,808370,22,,,1,9,,808374,22,,,1,50,,808375,22,,,1,10,,808377,22,,,1,9,,808378,22,,,1,9,,808379,22,,,1,9,,808376,22,,,1,9,,808380,22,,,1,9,,808381,22,,,1,48,,808382,22,,,1,8,,808383,22,,,1,9,,808384,22,,,1,10,,808385,22,,,1,10,,808386,22,,,1,10,,808387,22,,,1,51,,808423,22,,,1,12,,808388,22,,,1,12,,808389,22,,,1,14,,808390,22,,,1,16,,808391,22,,,1,55,,808392,22,,,1,15,,808394,22,,,1,16,,808395,22,,,1,15,,808396,22,,,1,56,,808393,22,,,1,16,,808397,22,,,1,15,,808400,22,,,1,55,,808401,22,,,1,15,,808402,22,,,1,15,,808399,22,,,1,15,,808403,22,,,1,55,,808398,22,,,1,14,,808404,22,,,1,15,,808405,22,,,1,15,,808406,22,,,1,15,,808407,22,,,1,55,,808408,22,,,1,15,,808409,22,,,1,15,,808410,22,,,1,15,,808411,22,,,1,55,,808412,22,,,1,14,,808413,22,,,1,14,,808414,22,,,1,15,,808415,22,,,1,54,,808416,22,,,1,15,,808417,22,,,1,15,,808419,22,,,1,15,,808421,22,,,1,55,,808424,22,,,1
80102,'20260708',613,,836013,22,,,1,12,,836017,22,,,1,14,,835925,22,,,1,9,,835926,22,,,1,10,,835927,22,,,1,51,,835928,22,,,1,11,,835929,22,,,1,10,,835930,22,,,1,10,,835931,22,,,1,12,,835932,22,,,1,49,,835933,22,,,1,9,,835934,22,,,1,9,,836015,22,,,1,10,,835935,22,,,1,9,,835936,22,,,1,8,,835937,22,,,1,9,,835938,22,,,1,49,,835939,22,,,1,9,,835940,22,,,1,12,,835941,22,,,1,14,,835942,22,,,1,16,,835943,22,,,1,54,,835944,22,,,1,15,,835945,22,,,1,15,,835946,22,,,1,15,,835947,22,,,1,55,,835948,22,,,1,14,,835949,22,,,1,15,,835950,22,,,1,15,,835951,22,,,1,55,,835952,22,,,1,15,,835953,22,,,1,13,,835954,22,,,1,15,,835955,22,,,1,56,,835957,22,,,1,16,,835958,22,,,1,14,,835960,22,,,1,14,,835956,22,,,1,56,,835961,22,,,1,16,,835962,22,,,1,15,,835959,22,,,1,16,,835963,22,,,1,53,,835964,22,,,1,10,,835966,22,,,1,9,,835967,22,,,1,8,,835968,22,,,1,9,,835965,22,,,1,9,,835969,22,,,1,50,,835970,22,,,1,10,,835972,22,,,1,9,,835973,22,,,1,9,,835974,22,,,1,9,,835971,22,,,1,9,,835975,22,,,1,9,,835976,22,,,1,48,,835977,22,,,1,8,,835978,22,,,1,9,,835979,22,,,1,10,,835980,22,,,1,10,,835981,22,,,1,10,,835982,22,,,1,51,,836018,22,,,1,12,,835983,22,,,1,12,,835984,22,,,1,14,,835985,22,,,1,16,,835986,22,,,1,55,,835987,22,,,1,15,,835989,22,,,1,16,,835990,22,,,1,15,,835991,22,,,1,56,,835988,22,,,1,16,,835992,22,,,1,15,,835995,22,,,1,55,,835996,22,,,1,15,,835997,22,,,1,15,,835994,22,,,1,15,,835998,22,,,1,55,,835993,22,,,1,14,,835999,22,,,1,15,,836000,22,,,1,15,,836001,22,,,1,15,,836002,22,,,1,55,,836003,22,,,1,15,,836004,22,,,1,15,,836005,22,,,1,15,,836006,22,,,1,55,,836007,22,,,1,14,,836008,22,,,1,14,,836009,22,,,1,15,,836010,22,,,1,54,,836011,22,,,1,15,,836012,22,,,1,15,,836014,22,,,1,15,,836016,22,,,1,55,,836019,22,,,1
80102,'20260709',613,,836108,22,,,1,12,,836112,22,,,1,14,,836020,22,,,1,9,,836021,22,,,1,10,,836022,22,,,1,51,,836023,22,,,1,11,,836024,22,,,1,10,,836025,22,,,1,10,,836026,22,,,1,12,,836027,22,,,1,49,,836028,22,,,1,9,,836029,22,,,1,9,,836110,22,,,1,10,,836030,22,,,1,9,,836031,22,,,1,8,,836032,22,,,1,9,,836033,22,,,1,49,,836034,22,,,1,9,,836035,22,,,1,12,,836036,22,,,1,14,,836037,22,,,1,16,,836038,22,,,1,54,,836039,22,,,1,15,,836040,22,,,1,15,,836041,22,,,1,15,,836042,22,,,1,55,,836043,22,,,1,14,,836044,22,,,1,15,,836045,22,,,1,15,,836046,22,,,1,55,,836047,22,,,1,15,,836048,22,,,1,13,,836049,22,,,1,15,,836050,22,,,1,56,,836052,22,,,1,16,,836053,22,,,1,14,,836055,22,,,1,14,,836051,22,,,1,56,,836056,22,,,1,16,,836057,22,,,1,15,,836054,22,,,1,16,,836058,22,,,1,53,,836059,22,,,1,10,,836061,22,,,1,9,,836062,22,,,1,8,,836063,22,,,1,9,,836060,22,,,1,9,,836064,22,,,1,50,,836065,22,,,1,10,,836067,22,,,1,9,,836068,22,,,1,9,,836069,22,,,1,9,,836066,22,,,1,9,,836070,22,,,1,9,,836071,22,,,1,48,,836072,22,,,1,8,,836073,22,,,1,9,,836074,22,,,1,10,,836075,22,,,1,10,,836076,22,,,1,10,,836077,22,,,1,51,,836113,22,,,1,12,,836078,22,,,1,12,,836079,22,,,1,14,,836080,22,,,1,16,,836081,22,,,1,55,,836082,22,,,1,15,,836084,22,,,1,16,,836085,22,,,1,15,,836086,22,,,1,56,,836083,22,,,1,16,,836087,22,,,1,15,,836090,22,,,1,55,,836091,22,,,1,15,,836092,22,,,1,15,,836089,22,,,1,15,,836093,22,,,1,55,,836088,22,,,1,14,,836094,22,,,1,15,,836095,22,,,1,15,,836096,22,,,1,15,,836097,22,,,1,55,,836098,22,,,1,15,,836099,22,,,1,15,,836100,22,,,1,15,,836101,22,,,1,55,,836102,22,,,1,14,,836103,22,,,1,14,,836104,22,,,1,15,,836105,22,,,1,54,,836106,22,,,1,15,,836107,22,,,1,15,,836109,22,,,1,15,,836111,22,,,1,55,,836114,22,,,1
80102,'20260710',613,,836203,22,,,1,12,,836207,22,,,1,14,,836115,22,,,1,9,,836116,22,,,1,10,,836117,22,,,1,51,,836118,22,,,1,11,,836119,22,,,1,10,,836120,22,,,1,10,,836121,22,,,1,12,,836122,22,,,1,49,,836123,22,,,1,9,,836124,22,,,1,9,,836205,22,,,1,10,,836125,22,,,1,9,,836126,22,,,1,8,,836127,22,,,1,9,,836128,22,,,1,49,,836129,22,,,1,9,,836130,22,,,1,12,,836131,22,,,1,14,,836132,22,,,1,16,,836133,22,,,1,54,,836134,22,,,1,15,,836135,22,,,1,15,,836136,22,,,1,15,,836137,22,,,1,55,,836138,22,,,1,14,,836139,22,,,1,15,,836140,22,,,1,15,,836141,22,,,1,55,,836142,22,,,1,15,,836143,22,,,1,13,,836144,22,,,1,15,,836145,22,,,1,56,,836147,22,,,1,16,,836148,22,,,1,14,,836150,22,,,1,14,,836146,22,,,1,56,,836151,22,,,1,16,,836152,22,,,1,15,,836149,22,,,1,16,,836153,22,,,1,53,,836154,22,,,1,10,,836156,22,,,1,9,,836157,22,,,1,8,,836158,22,,,1,9,,836155,22,,,1,9,,836159,22,,,1,50,,836160,22,,,1,10,,836162,22,,,1,9,,836163,22,,,1,9,,836164,22,,,1,9,,836161,22,,,1,9,,836165,22,,,1,9,,836166,22,,,1,48,,836167,22,,,1,8,,836168,22,,,1,9,,836169,22,,,1,10,,836170,22,,,1,10,,836171,22,,,1,10,,836172,22,,,1,51,,836208,22,,,1,12,,836173,22,,,1,12,,836174,22,,,1,14,,836175,22,,,1,16,,836176,22,,,1,55,,836177,22,,,1,15,,836179,22,,,1,16,,836180,22,,,1,15,,836181,22,,,1,56,,836178,22,,,1,16,,836182,22,,,1,15,,836185,22,,,1,55,,836186,22,,,1,15,,836187,22,,,1,15,,836184,22,,,1,15,,836188,22,,,1,55,,836183,22,,,1,14,,836189,22,,,1,15,,836190,22,,,1,15,,836191,22,,,1,15,,836192,22,,,1,55,,836193,22,,,1,15,,836194,22,,,1,15,,836195,22,,,1,15,,836196,22,,,1,55,,836197,22,,,1,14,,836198,22,,,1,14,,836199,22,,,1,15,,836200,22,,,1,54,,836201,22,,,1,15,,836202,22,,,1,15,,836204,22,,,1,15,,836206,22,,,1,55,,836209,22,,,1
93100,'20260626',2550,,845089,20,,,0,165,,814349,41,,,0
93100,'20260627',2550,,845090,20,,,0,165,,845091,41,,,0
93100,'20260703',2550,,793795,20,,,0,165,,793796,41,,,0
93100,'20260704',2550,,814350,20,,,0,165,,814351,41,,,0
93100,'20260710',2550,,845092,20,,,0,165,,845093,41,,,0
