28101,'20260529',649,,587540,32,,,0,60,,587541,32,,,0,33,,587542,32,,,0,15,,587543,32,,,0,61,,587544,32,,,0
28101,'20260601',649,,618094,32,,,0,60,,618095,32,,,0,33,,618096,32,,,0,15,,618097,32,,,0,61,,618098,32,,,0
28101,'20260602',649,,618099,32,,,0,60,,618100,32,,,0,33,,618101,32,,,0,15,,618102,32,,,0,61,,618103,32,,,0
28101,'20260603',649,,618104,32,,,0,60,,618105,32,,,0,33,,618106,32,,,0,15,,618107,32,,,0,61,,618108,32,,,0
28101,'20260604',649,,618109,32,,,0,60,,618110,32,,,0,33,,618111,32,,,0,15,,618112,32,,,0,61,,618113,32,,,0
28101,'20260605',649,,562427,32,,,0,60,,562426,32,,,0,33,,562423,32,,,0,15,,562424,32,,,0,61,,562425,32,,,0
28101,'20260608',649,,587549,32,,,0,60,,587548,32,,,0,33,,587545,32,,,0,15,,587546,32,,,0,61,,587547,32,,,0
28101,'20260609',649,,587554,32,,,0,60,,587553,32,,,0,33,,587550,32,,,0,15,,587551,32,,,0,61,,587552,32,,,0
28101,'20260610',649,,618118,32,,,0,60,,618117,32,,,0,33,,618114,32,,,0,15,,618115,32,,,0,61,,618116,32,,,0
28101,'20260611',649,,618123,32,,,0,60,,618122,32,,,0,33,,618119,32,,,0,15,,618120,32,,,0,61,,618121,32,,,0
28101,'20260612',649,,618128,32,,,0,60,,618127,32,,,0,33,,618124,32,,,0,15,,618125,32,,,0,61,,618126,32,,,0
38101,'20260529',647,,588077,31,,,0,77,,588078,31,,,0,19,,588079,31,,,0,183,,588080,31,,,0
38101,'20260601',647,,619347,31,,,0,77,,619348,31,,,0,19,,619349,31,,,0,183,,619350,31,,,0
38101,'20260602',647,,619351,31,,,0,77,,619352,31,,,0,19,,619353,31,,,0,183,,619354,31,,,0
38101,'20260603',647,,619355,31,,,0,77,,619356,31,,,0,19,,619357,31,,,0,183,,619358,31,,,0
38101,'20260604',647,,619359,31,,,0,77,,619360,31,,,0,19,,619361,31,,,0,183,,619362,31,,,0
38101,'20260605',647,,563678,31,,,0,77,,563676,31,,,0,19,,563679,31,,,0,183,,563677,31,,,0
38101,'20260608',647,,588083,31,,,0,77,,588081,31,,,0,19,,588084,31,,,0,183,,588082,31,,,0
38101,'20260609',647,,588087,31,,,0,77,,588085,31,,,0,19,,588088,31,,,0,183,,588086,31,,,0
38101,'20260610',647,,619365,31,,,0,77,,619363,31,,,0,19,,619366,31,,,0,183,,619364,31,,,0
38101,'20260611',647,,619369,31,,,0,77,,619367,31,,,0,19,,619370,31,,,0,183,,619368,31,,,0
38101,'20260612',647,,619373,31,,,0,77,,619371,31,,,0,19,,619374,31,,,0,183,,619372,31,,,0
58101,'20260529',650,,588413,31,,,0,56,,588414,31,,,0,49,,588415,31,,,0
58101,'20260601',650,,620283,31,,,0,56,,620284,31,,,0,49,,620285,31,,,0
58101,'20260602',650,,620286,31,,,0,56,,620287,31,,,0,49,,620288,31,,,0
58101,'20260603',650,,620289,31,,,0,56,,620290,31,,,0,49,,620291,31,,,0
58101,'20260604',650,,620292,31,,,0,56,,620293,31,,,0,49,,620294,31,,,0
58101,'20260605',650,,564528,31,,,0,56,,564529,31,,,0,49,,564530,31,,,0
58101,'20260608',650,,588416,31,,,0,56,,588417,31,,,0,49,,588418,31,,,0
58101,'20260609',650,,588419,31,,,0,56,,588420,31,,,0,49,,588421,31,,,0
58101,'20260610',650,,620295,31,,,0,56,,620296,31,,,0,49,,620297,31,,,0
58101,'20260611',650,,620298,31,,,0,56,,620299,31,,,0,49,,620300,31,,,0
58101,'20260612',650,,620301,31,,,0,56,,620302,31,,,0,49,,620303,31,,,0
