7400,'20260317',708,,68990,26,,,1,98,,68991,26,,,1,102,,68992,26,,,1,100,,68993,26,,,1,99,,68994,26,,,1,100,,68995,26,,,1,100,,68996,26,,,1,100,,68997,26,,,1,100,,68998,26,,,1,97,,68999,26,,,1,102,,69000,26,,,1,102,,69001,26,,,1,101,,69002,26,,,1,100,,69003,26,,,1,100,,69004,26,,,1,100,,69005,26,,,1,101,,69006,26,,,1
7400,'20260318',708,,69011,26,,,1,98,,69012,26,,,1,102,,69013,26,,,1,100,,69014,26,,,1,99,,69015,26,,,1,100,,69016,26,,,1,100,,69017,26,,,1,100,,69018,26,,,1,100,,69019,26,,,1,97,,69020,26,,,1,102,,69021,26,,,1,102,,69022,26,,,1,101,,69023,26,,,1,100,,69024,26,,,1,100,,69025,26,,,1,100,,69026,26,,,1,101,,69027,26,,,1
7400,'20260319',708,,69032,26,,,1,98,,69033,26,,,1,102,,69034,26,,,1,100,,69035,26,,,1,99,,69036,26,,,1,100,,69037,26,,,1,100,,69038,26,,,1,100,,69039,26,,,1,100,,69040,26,,,1,97,,69041,26,,,1,102,,69042,26,,,1,102,,69043,26,,,1,101,,69044,26,,,1,100,,69045,26,,,1,100,,69046,26,,,1,100,,69047,26,,,1,101,,69048,26,,,1
7400,'20260320',708,,69053,26,,,1,98,,69054,26,,,1,102,,69055,26,,,1,100,,69056,26,,,1,99,,69057,26,,,1,100,,69058,26,,,1,100,,69059,26,,,1,100,,69060,26,,,1,100,,69061,26,,,1,97,,69062,26,,,1,102,,69063,26,,,1,102,,69064,26,,,1,101,,69065,26,,,1,100,,69066,26,,,1,100,,69067,26,,,1,100,,69068,26,,,1,101,,69069,26,,,1
7400,'20260321',810,,69074,26,,,1,99,,69088,26,,,1,99,,69089,26,,,1,100,,69075,26,,,1,99,,69076,26,,,1,100,,69077,26,,,1,100,,69078,26,,,1,100,,69079,26,,,1,100,,69080,26,,,1,100,,69081,26,,,1,102,,69082,26,,,1,101,,69083,26,,,1,100,,69084,26,,,1,100,,69085,26,,,1,100,,69086,26,,,1,100,,69087,26,,,1,131,,69090,26,,,1
7400,'20260322',810,,69091,26,,,1,99,,69105,26,,,1,99,,69092,26,,,1,100,,69106,26,,,1,99,,69099,26,,,1,100,,69100,26,,,1,100,,69101,26,,,1,100,,69102,26,,,1,100,,69103,26,,,1,100,,69104,26,,,1,102,,69093,26,,,1,101,,69097,26,,,1,100,,69098,26,,,1,100,,69094,26,,,1,100,,69095,26,,,1,100,,69096,26,,,1,131,,69107,26,,,1
7400,'20260323',708,,69121,26,,,1,98,,69108,26,,,1,102,,69109,26,,,1,100,,69110,26,,,1,99,,69111,26,,,1,100,,69112,26,,,1,100,,69113,26,,,1,100,,69114,26,,,1,100,,69115,26,,,1,97,,69116,26,,,1,102,,69117,26,,,1,102,,69118,26,,,1,101,,69122,26,,,1,100,,69123,26,,,1,100,,69119,26,,,1,100,,69124,26,,,1,101,,69120,26,,,1
7400,'20260324',708,,69142,26,,,1,98,,69129,26,,,1,102,,69130,26,,,1,100,,69131,26,,,1,99,,69132,26,,,1,100,,69133,26,,,1,100,,69134,26,,,1,100,,69135,26,,,1,100,,69136,26,,,1,97,,69137,26,,,1,102,,69138,26,,,1,102,,69139,26,,,1,101,,69143,26,,,1,100,,69144,26,,,1,100,,69140,26,,,1,100,,69145,26,,,1,101,,69141,26,,,1
7400,'20260325',708,,69163,26,,,1,98,,69150,26,,,1,102,,69151,26,,,1,100,,69152,26,,,1,99,,69153,26,,,1,100,,69154,26,,,1,100,,69155,26,,,1,100,,69156,26,,,1,100,,69157,26,,,1,97,,69158,26,,,1,102,,69159,26,,,1,102,,69160,26,,,1,101,,69164,26,,,1,100,,69165,26,,,1,100,,69161,26,,,1,100,,69166,26,,,1,101,,69162,26,,,1
7400,'20260326',708,,69184,26,,,1,98,,69171,26,,,1,102,,69172,26,,,1,100,,69173,26,,,1,99,,69174,26,,,1,100,,69175,26,,,1,100,,69176,26,,,1,100,,69177,26,,,1,100,,69178,26,,,1,97,,69179,26,,,1,102,,69180,26,,,1,102,,69181,26,,,1,101,,69185,26,,,1,100,,69186,26,,,1,100,,69182,26,,,1,100,,69187,26,,,1,101,,69183,26,,,1
7400,'20260327',708,,69205,26,,,1,98,,69192,26,,,1,102,,69193,26,,,1,100,,69194,26,,,1,99,,69195,26,,,1,100,,69196,26,,,1,100,,69197,26,,,1,100,,69198,26,,,1,100,,69199,26,,,1,97,,69200,26,,,1,102,,69201,26,,,1,102,,69202,26,,,1,101,,69206,26,,,1,100,,69207,26,,,1,100,,69203,26,,,1,100,,69208,26,,,1,101,,69204,26,,,1
7400,'20260328',810,,69213,26,,,1,99,,69227,26,,,1,99,,69228,26,,,1,100,,69214,26,,,1,99,,69215,26,,,1,100,,69216,26,,,1,100,,69217,26,,,1,100,,69218,26,,,1,100,,69219,26,,,1,100,,69220,26,,,1,102,,69221,26,,,1,101,,69222,26,,,1,100,,69223,26,,,1,100,,69224,26,,,1,100,,69225,26,,,1,100,,69226,26,,,1,131,,69229,26,,,1
7400,'20260329',810,,69230,26,,,1,99,,69244,26,,,1,99,,69231,26,,,1,100,,69245,26,,,1,99,,69238,26,,,1,100,,69239,26,,,1,100,,69240,26,,,1,100,,69241,26,,,1,100,,69242,26,,,1,100,,69243,26,,,1,102,,69232,26,,,1,101,,69236,26,,,1,100,,69237,26,,,1,100,,69233,26,,,1,100,,69234,26,,,1,100,,69235,26,,,1,131,,69246,26,,,1
7400,'20260330',708,,69260,26,,,1,98,,69247,26,,,1,102,,69248,26,,,1,100,,69249,26,,,1,99,,69250,26,,,1,100,,69251,26,,,1,100,,69252,26,,,1,100,,69253,26,,,1,100,,69254,26,,,1,97,,69255,26,,,1,102,,69256,26,,,1,102,,69257,26,,,1,101,,69261,26,,,1,100,,69262,26,,,1,100,,69258,26,,,1,100,,69263,26,,,1,101,,69259,26,,,1
7400,'20260331',708,,69281,26,,,1,98,,69268,26,,,1,102,,69269,26,,,1,100,,69270,26,,,1,99,,69271,26,,,1,100,,69272,26,,,1,100,,69273,26,,,1,100,,69274,26,,,1,100,,69275,26,,,1,97,,69276,26,,,1,102,,69277,26,,,1,102,,69278,26,,,1,101,,69282,26,,,1,100,,69283,26,,,1,100,,69279,26,,,1,100,,69284,26,,,1,101,,69280,26,,,1
8400,'20260317',737,,73353,26,,,1,100,,73354,26,,,1,101,,73355,26,,,1,99,,73356,26,,,1,100,,73357,26,,,1,100,,73358,26,,,1,100,,73359,26,,,1,100,,73360,26,,,1,99,,73361,26,,,1,98,,73362,26,,,1,104,,73363,26,,,1,100,,73364,26,,,1,101,,73365,26,,,1,100,,73366,26,,,1,100,,73367,26,,,1,101,,73368,26,,,1,100,,73369,26,,,1
8400,'20260318',737,,73372,26,,,1,100,,73373,26,,,1,101,,73374,26,,,1,99,,73375,26,,,1,100,,73376,26,,,1,100,,73377,26,,,1,100,,73378,26,,,1,100,,73379,26,,,1,99,,73380,26,,,1,98,,73381,26,,,1,104,,73382,26,,,1,100,,73383,26,,,1,101,,73384,26,,,1,100,,73385,26,,,1,100,,73386,26,,,1,101,,73387,26,,,1,100,,73388,26,,,1
8400,'20260319',737,,73391,26,,,1,100,,73392,26,,,1,101,,73393,26,,,1,99,,73394,26,,,1,100,,73395,26,,,1,100,,73396,26,,,1,100,,73397,26,,,1,100,,73398,26,,,1,99,,73399,26,,,1,98,,73400,26,,,1,104,,73401,26,,,1,100,,73402,26,,,1,101,,73403,26,,,1,100,,73404,26,,,1,100,,73405,26,,,1,101,,73406,26,,,1,100,,73407,26,,,1
8400,'20260320',737,,73410,26,,,1,100,,73411,26,,,1,101,,73412,26,,,1,99,,73413,26,,,1,100,,73414,26,,,1,100,,73415,26,,,1,100,,73416,26,,,1,100,,73417,26,,,1,99,,73418,26,,,1,98,,73419,26,,,1,104,,73420,26,,,1,100,,73421,26,,,1,101,,73422,26,,,1,100,,73423,26,,,1,100,,73424,26,,,1,101,,73425,26,,,1,100,,73426,26,,,1
8400,'20260321',740,,73429,26,,,1,99,,73444,26,,,1,100,,73430,26,,,1,99,,73445,26,,,1,99,,73431,26,,,1,100,,73433,26,,,1,100,,73434,26,,,1,100,,73435,26,,,1,100,,73436,26,,,1,100,,73437,26,,,1,101,,73438,26,,,1,102,,73439,26,,,1,100,,73440,26,,,1,100,,73441,26,,,1,100,,73442,26,,,1,100,,73443,26,,,1,101,,73432,26,,,1
8400,'20260322',740,,73446,26,,,1,99,,73461,26,,,1,100,,73447,26,,,1,99,,73462,26,,,1,99,,73448,26,,,1,100,,73455,26,,,1,100,,73449,26,,,1,100,,73456,26,,,1,100,,73450,26,,,1,100,,73457,26,,,1,101,,73451,26,,,1,102,,73458,26,,,1,100,,73452,26,,,1,100,,73459,26,,,1,100,,73453,26,,,1,100,,73460,26,,,1,101,,73454,26,,,1
8400,'20260323',737,,73463,26,,,1,100,,73464,26,,,1,101,,73465,26,,,1,99,,73466,26,,,1,100,,73467,26,,,1,100,,73468,26,,,1,100,,73469,26,,,1,100,,73470,26,,,1,99,,73471,26,,,1,98,,73472,26,,,1,104,,73473,26,,,1,100,,73474,26,,,1,101,,73475,26,,,1,100,,73476,26,,,1,100,,73477,26,,,1,101,,73478,26,,,1,100,,73479,26,,,1
8400,'20260324',737,,73482,26,,,1,100,,73483,26,,,1,101,,73484,26,,,1,99,,73485,26,,,1,100,,73486,26,,,1,100,,73487,26,,,1,100,,73488,26,,,1,100,,73489,26,,,1,99,,73490,26,,,1,98,,73491,26,,,1,104,,73492,26,,,1,100,,73493,26,,,1,101,,73494,26,,,1,100,,73495,26,,,1,100,,73496,26,,,1,101,,73497,26,,,1,100,,73498,26,,,1
8400,'20260325',737,,73501,26,,,1,100,,73502,26,,,1,101,,73503,26,,,1,99,,73504,26,,,1,100,,73505,26,,,1,100,,73506,26,,,1,100,,73507,26,,,1,100,,73508,26,,,1,99,,73509,26,,,1,98,,73510,26,,,1,104,,73511,26,,,1,100,,73512,26,,,1,101,,73513,26,,,1,100,,73514,26,,,1,100,,73515,26,,,1,101,,73516,26,,,1,100,,73517,26,,,1
8400,'20260326',737,,73520,26,,,1,100,,73521,26,,,1,101,,73522,26,,,1,99,,73523,26,,,1,100,,73524,26,,,1,100,,73525,26,,,1,100,,73526,26,,,1,100,,73527,26,,,1,99,,73528,26,,,1,98,,73529,26,,,1,104,,73530,26,,,1,100,,73531,26,,,1,101,,73532,26,,,1,100,,73533,26,,,1,100,,73534,26,,,1,101,,73535,26,,,1,100,,73536,26,,,1
8400,'20260327',737,,73539,26,,,1,100,,73540,26,,,1,101,,73541,26,,,1,99,,73542,26,,,1,100,,73543,26,,,1,100,,73544,26,,,1,100,,73545,26,,,1,100,,73546,26,,,1,99,,73547,26,,,1,98,,73548,26,,,1,104,,73549,26,,,1,100,,73550,26,,,1,101,,73551,26,,,1,100,,73552,26,,,1,100,,73553,26,,,1,101,,73554,26,,,1,100,,73555,26,,,1
8400,'20260328',740,,73558,26,,,1,99,,73573,26,,,1,100,,73559,26,,,1,99,,73574,26,,,1,99,,73560,26,,,1,100,,73562,26,,,1,100,,73563,26,,,1,100,,73564,26,,,1,100,,73565,26,,,1,100,,73566,26,,,1,101,,73567,26,,,1,102,,73568,26,,,1,100,,73569,26,,,1,100,,73570,26,,,1,100,,73571,26,,,1,100,,73572,26,,,1,101,,73561,26,,,1
8400,'20260329',740,,73575,26,,,1,99,,73590,26,,,1,100,,73576,26,,,1,99,,73591,26,,,1,99,,73577,26,,,1,100,,73584,26,,,1,100,,73578,26,,,1,100,,73585,26,,,1,100,,73579,26,,,1,100,,73586,26,,,1,101,,73580,26,,,1,102,,73587,26,,,1,100,,73581,26,,,1,100,,73588,26,,,1,100,,73582,26,,,1,100,,73589,26,,,1,101,,73583,26,,,1
8400,'20260330',737,,73592,26,,,1,100,,73593,26,,,1,101,,73594,26,,,1,99,,73595,26,,,1,100,,73596,26,,,1,100,,73597,26,,,1,100,,73598,26,,,1,100,,73599,26,,,1,99,,73600,26,,,1,98,,73601,26,,,1,104,,73602,26,,,1,100,,73603,26,,,1,101,,73604,26,,,1,100,,73605,26,,,1,100,,73606,26,,,1,101,,73607,26,,,1,100,,73608,26,,,1
8400,'20260331',737,,73611,26,,,1,100,,73612,26,,,1,101,,73613,26,,,1,99,,73614,26,,,1,100,,73615,26,,,1,100,,73616,26,,,1,100,,73617,26,,,1,100,,73618,26,,,1,99,,73619,26,,,1,98,,73620,26,,,1,104,,73621,26,,,1,100,,73622,26,,,1,101,,73623,26,,,1,100,,73624,26,,,1,100,,73625,26,,,1,101,,73626,26,,,1,100,,73627,26,,,1
8600,'20260317',704,,74062,38,,,0,30,,74063,38,,,0,69,,74064,38,,,0,28,,74065,38,,,0,104,,74066,38,,,0,100,,74067,38,,,0,98,,74068,38,,,0,100,,74069,38,,,0,70,,74070,38,,,0,31,,74071,38,,,0,100,,74072,38,,,0,99,,74073,38,,,0,20,,74080,42,,,0,56,,74081,42,,,0,40,,74082,42,,,0,78,,74083,42,,,0,75,,74084,42,,,0,30,,74074,38,,,0,102,,74075,38,,,0,101,,74076,38,,,0,100,,74077,38,,,0,100,,74078,38,,,0,101,,74079,38,,,0
8600,'20260318',704,,74085,38,,,0,30,,74086,38,,,0,69,,74087,38,,,0,28,,74088,38,,,0,104,,74089,38,,,0,100,,74090,38,,,0,98,,74091,38,,,0,100,,74092,38,,,0,70,,74093,38,,,0,31,,74094,38,,,0,100,,74095,38,,,0,99,,74096,38,,,0,20,,74103,42,,,0,56,,74104,42,,,0,40,,74105,42,,,0,78,,74106,42,,,0,75,,74107,42,,,0,30,,74097,38,,,0,102,,74098,38,,,0,101,,74099,38,,,0,100,,74100,38,,,0,100,,74101,38,,,0,101,,74102,38,,,0
8600,'20260319',704,,74108,38,,,0,30,,74109,38,,,0,69,,74110,38,,,0,28,,74111,38,,,0,104,,74112,38,,,0,100,,74113,38,,,0,98,,74114,38,,,0,100,,74115,38,,,0,70,,74116,38,,,0,31,,74117,38,,,0,100,,74118,38,,,0,99,,74119,38,,,0,20,,74126,42,,,0,56,,74127,42,,,0,40,,74128,42,,,0,78,,74129,42,,,0,75,,74130,42,,,0,30,,74120,38,,,0,102,,74121,38,,,0,101,,74122,38,,,0,100,,74123,38,,,0,100,,74124,38,,,0,101,,74125,38,,,0
8600,'20260320',704,,74131,38,,,0,30,,74132,38,,,0,69,,74133,38,,,0,28,,74134,38,,,0,104,,74135,38,,,0,100,,74136,38,,,0,98,,74137,38,,,0,100,,74138,38,,,0,70,,74139,38,,,0,31,,74140,38,,,0,100,,74141,38,,,0,99,,74142,38,,,0,20,,74149,42,,,0,56,,74150,42,,,0,40,,74151,42,,,0,78,,74152,42,,,0,75,,74153,42,,,0,30,,74143,38,,,0,102,,74144,38,,,0,101,,74145,38,,,0,100,,74146,38,,,0,100,,74147,38,,,0,101,,74148,38,,,0
8600,'20260321',735,,74154,38,,,0,100,,74163,38,,,0,100,,74158,38,,,0,100,,74164,38,,,0,100,,74159,38,,,0,99,,74165,38,,,0,100,,74160,38,,,0,99,,74166,38,,,0,100,,74161,38,,,0,100,,74167,38,,,0,100,,74162,38,,,0,101,,74168,38,,,0,100,,74155,38,,,0,101,,74169,38,,,0,100,,74157,38,,,0,101,,74170,38,,,0,101,,74156,38,,,0,100,,74171,38,,,0
8600,'20260322',735,,74172,38,,,0,100,,74181,38,,,0,100,,74173,38,,,0,100,,74182,38,,,0,100,,74174,38,,,0,99,,74183,38,,,0,100,,74175,38,,,0,99,,74184,38,,,0,100,,74176,38,,,0,100,,74185,38,,,0,100,,74177,38,,,0,101,,74186,38,,,0,100,,74178,38,,,0,101,,74187,38,,,0,100,,74179,38,,,0,101,,74188,38,,,0,101,,74180,38,,,0,100,,74189,38,,,0
8600,'20260323',704,,74191,38,,,0,30,,74190,38,,,0,69,,74192,38,,,0,28,,74193,38,,,0,104,,74194,38,,,0,100,,74207,38,,,0,98,,74196,38,,,0,100,,74197,38,,,0,70,,74212,38,,,0,31,,74198,38,,,0,100,,74208,38,,,0,99,,74195,38,,,0,20,,74199,42,,,0,50,,74200,42,,,0,46,,74201,42,,,0,78,,74202,42,,,0,75,,74203,42,,,0,30,,74209,38,,,0,102,,74204,38,,,0,101,,74210,38,,,0,100,,74205,38,,,0,100,,74211,38,,,0,101,,74206,38,,,0
8600,'20260324',704,,74214,38,,,0,30,,74213,38,,,0,69,,74215,38,,,0,28,,74216,38,,,0,104,,74217,38,,,0,100,,74230,38,,,0,98,,74219,38,,,0,100,,74220,38,,,0,70,,74235,38,,,0,31,,74221,38,,,0,100,,74231,38,,,0,99,,74218,38,,,0,20,,74222,42,,,0,50,,74223,42,,,0,46,,74224,42,,,0,78,,74225,42,,,0,75,,74226,42,,,0,30,,74232,38,,,0,102,,74227,38,,,0,101,,74233,38,,,0,100,,74228,38,,,0,100,,74234,38,,,0,101,,74229,38,,,0
8600,'20260325',704,,74237,38,,,0,30,,74236,38,,,0,69,,74238,38,,,0,28,,74239,38,,,0,104,,74240,38,,,0,100,,74253,38,,,0,98,,74242,38,,,0,100,,74243,38,,,0,70,,74258,38,,,0,31,,74244,38,,,0,100,,74254,38,,,0,99,,74241,38,,,0,20,,74245,42,,,0,50,,74246,42,,,0,46,,74247,42,,,0,78,,74248,42,,,0,75,,74249,42,,,0,30,,74255,38,,,0,102,,74250,38,,,0,101,,74256,38,,,0,100,,74251,38,,,0,100,,74257,38,,,0,101,,74252,38,,,0
8600,'20260326',704,,74260,38,,,0,30,,74259,38,,,0,69,,74261,38,,,0,28,,74262,38,,,0,104,,74263,38,,,0,100,,74276,38,,,0,98,,74265,38,,,0,100,,74266,38,,,0,70,,74281,38,,,0,31,,74267,38,,,0,100,,74277,38,,,0,99,,74264,38,,,0,20,,74268,42,,,0,50,,74269,42,,,0,46,,74270,42,,,0,78,,74271,42,,,0,75,,74272,42,,,0,30,,74278,38,,,0,102,,74273,38,,,0,101,,74279,38,,,0,100,,74274,38,,,0,100,,74280,38,,,0,101,,74275,38,,,0
8600,'20260327',704,,74283,38,,,0,30,,74282,38,,,0,69,,74284,38,,,0,28,,74285,38,,,0,104,,74286,38,,,0,100,,74299,38,,,0,98,,74288,38,,,0,100,,74289,38,,,0,70,,74304,38,,,0,31,,74290,38,,,0,100,,74300,38,,,0,99,,74287,38,,,0,20,,74291,42,,,0,50,,74292,42,,,0,46,,74293,42,,,0,78,,74294,42,,,0,75,,74295,42,,,0,30,,74301,38,,,0,102,,74296,38,,,0,101,,74302,38,,,0,100,,74297,38,,,0,100,,74303,38,,,0,101,,74298,38,,,0
8600,'20260328',735,,74305,38,,,0,100,,74314,38,,,0,100,,74309,38,,,0,100,,74315,38,,,0,100,,74310,38,,,0,99,,74316,38,,,0,100,,74311,38,,,0,99,,74317,38,,,0,100,,74312,38,,,0,100,,74318,38,,,0,100,,74313,38,,,0,101,,74319,38,,,0,100,,74306,38,,,0,101,,74320,38,,,0,100,,74308,38,,,0,101,,74321,38,,,0,101,,74307,38,,,0,100,,74322,38,,,0
8600,'20260329',735,,74323,38,,,0,100,,74332,38,,,0,100,,74324,38,,,0,100,,74333,38,,,0,100,,74325,38,,,0,99,,74334,38,,,0,100,,74326,38,,,0,99,,74335,38,,,0,100,,74327,38,,,0,100,,74336,38,,,0,100,,74328,38,,,0,101,,74337,38,,,0,100,,74329,38,,,0,101,,74338,38,,,0,100,,74330,38,,,0,101,,74339,38,,,0,101,,74331,38,,,0,100,,74340,38,,,0
8600,'20260330',704,,74342,38,,,0,30,,74341,38,,,0,69,,74343,38,,,0,28,,74344,38,,,0,104,,74345,38,,,0,100,,74358,38,,,0,98,,74347,38,,,0,100,,74348,38,,,0,70,,74363,38,,,0,31,,74349,38,,,0,100,,74359,38,,,0,99,,74346,38,,,0,20,,74350,42,,,0,50,,74351,42,,,0,46,,74352,42,,,0,78,,74353,42,,,0,75,,74354,42,,,0,30,,74360,38,,,0,102,,74355,38,,,0,101,,74361,38,,,0,100,,74356,38,,,0,100,,74362,38,,,0,101,,74357,38,,,0
8600,'20260331',704,,74365,38,,,0,30,,74364,38,,,0,69,,74366,38,,,0,28,,74367,38,,,0,104,,74368,38,,,0,100,,74381,38,,,0,98,,74370,38,,,0,100,,74371,38,,,0,70,,74386,38,,,0,31,,74372,38,,,0,100,,74382,38,,,0,99,,74369,38,,,0,20,,74373,42,,,0,50,,74374,42,,,0,46,,74375,42,,,0,78,,74376,42,,,0,75,,74377,42,,,0,30,,74383,38,,,0,102,,74378,38,,,0,101,,74384,38,,,0,100,,74379,38,,,0,100,,74385,38,,,0,101,,74380,38,,,0
98400,'20260320',2550,,102993,28,,,0
98400,'20260321',2550,,102994,28,,,0
98400,'20260327',2550,,102995,28,,,0
98400,'20260328',2550,,102996,28,,,0
7008600,'20260317',830,,103395,17,,,0
7008600,'20260318',830,,103397,17,,,0
7008600,'20260319',830,,103399,17,,,0
7008600,'20260320',830,,103401,17,,,0
7008600,'20260323',830,,103403,17,,,0
7008600,'20260324',830,,103404,17,,,0
7008600,'20260325',830,,103405,17,,,0
7008600,'20260326',830,,103406,17,,,0
7008600,'20260327',830,,103407,17,,,0
7008600,'20260330',830,,103408,17,,,0
7008600,'20260331',830,,103409,17,,,0
