5201,'20260519',615,,496120,24,,,0,30,,496121,24,,,0,71,,496122,24,,,0,36,,496123,24,,,0,65,,496124,24,,,0,29,,496125,24,,,0,70,,496126,24,,,0,100,,496127,24,,,0,100,,496128,24,,,0,100,,496129,24,,,0,100,,496130,24,,,0,100,,496131,24,,,0,100,,496132,24,,,0,30,,496133,24,,,0,71,,496134,24,,,0,32,,496135,24,,,0,67,,496136,24,,,0,30,,496137,24,,,0,70,,496138,24,,,0,99,,496139,24,,,0,100,,496140,24,,,0,100,,496141,24,,,0,100,,496142,24,,,0,100,,496143,24,,,0
5201,'20260520',615,,519054,24,,,0,30,,519055,24,,,0,71,,519056,24,,,0,36,,519057,24,,,0,65,,519058,24,,,0,29,,519059,24,,,0,70,,519060,24,,,0,100,,519061,24,,,0,100,,519062,24,,,0,100,,519063,24,,,0,100,,519064,24,,,0,100,,519065,24,,,0,100,,519066,24,,,0,30,,519067,24,,,0,71,,519068,24,,,0,32,,519069,24,,,0,67,,519070,24,,,0,30,,519071,24,,,0,70,,519072,24,,,0,99,,519073,24,,,0,100,,519074,24,,,0,100,,519075,24,,,0,100,,519076,24,,,0,100,,519077,24,,,0
5201,'20260521',615,,519078,24,,,0,30,,519079,24,,,0,71,,519080,24,,,0,36,,519081,24,,,0,65,,519082,24,,,0,29,,519083,24,,,0,70,,519084,24,,,0,100,,519085,24,,,0,100,,519086,24,,,0,100,,519087,24,,,0,100,,519088,24,,,0,100,,519089,24,,,0,100,,519090,24,,,0,30,,519091,24,,,0,71,,519092,24,,,0,32,,519093,24,,,0,67,,519094,24,,,0,30,,519095,24,,,0,70,,519096,24,,,0,99,,519097,24,,,0,100,,519098,24,,,0,100,,519099,24,,,0,100,,519100,24,,,0,100,,519101,24,,,0
5201,'20260522',615,,519102,24,,,0,30,,519103,24,,,0,71,,519104,24,,,0,36,,519105,24,,,0,65,,519106,24,,,0,29,,519107,24,,,0,70,,519108,24,,,0,100,,519109,24,,,0,100,,519110,24,,,0,100,,519111,24,,,0,100,,519112,24,,,0,100,,519113,24,,,0,100,,519114,24,,,0,30,,519115,24,,,0,71,,519116,24,,,0,32,,519117,24,,,0,67,,519118,24,,,0,30,,519119,24,,,0,70,,519120,24,,,0,99,,519121,24,,,0,100,,519122,24,,,0,100,,519123,24,,,0,100,,519124,24,,,0,100,,519125,24,,,0
5201,'20260523',714,,467979,24,,,0,100,,467980,24,,,0,100,,467981,24,,,0,100,,467982,24,,,0,101,,467983,24,,,0,100,,467984,24,,,0,100,,467985,24,,,0,100,,467986,24,,,0,96,,467987,24,,,0,104,,467988,24,,,0,100,,467989,24,,,0,100,,467990,24,,,0,99,,467991,24,,,0,100,,467994,24,,,0,100,,467992,24,,,0,100,,467995,24,,,0,100,,467993,24,,,0
5201,'20260524',714,,468012,24,,,0,100,,468008,24,,,0,100,,468007,24,,,0,100,,467996,24,,,0,101,,467997,24,,,0,100,,467998,24,,,0,100,,467999,24,,,0,100,,468000,24,,,0,96,,468001,24,,,0,104,,468002,24,,,0,100,,468003,24,,,0,100,,468004,24,,,0,99,,468009,24,,,0,100,,468005,24,,,0,100,,468010,24,,,0,100,,468006,24,,,0,100,,468011,24,,,0
5201,'20260525',615,,468036,24,,,0,30,,468013,24,,,0,71,,468014,24,,,0,36,,468015,24,,,0,65,,468016,24,,,0,29,,468017,24,,,0,70,,468018,24,,,0,100,,468035,24,,,0,100,,468019,24,,,0,100,,468020,24,,,0,100,,468021,24,,,0,100,,468022,24,,,0,100,,468023,24,,,0,30,,468024,24,,,0,71,,468025,24,,,0,32,,468026,24,,,0,67,,468027,24,,,0,30,,468028,24,,,0,70,,468029,24,,,0,99,,468030,24,,,0,100,,468031,24,,,0,100,,468032,24,,,0,100,,468033,24,,,0,100,,468034,24,,,0
5201,'20260526',615,,468060,24,,,0,30,,468037,24,,,0,71,,468038,24,,,0,36,,468039,24,,,0,65,,468040,24,,,0,29,,468041,24,,,0,70,,468042,24,,,0,100,,468059,24,,,0,100,,468043,24,,,0,100,,468044,24,,,0,100,,468045,24,,,0,100,,468046,24,,,0,100,,468047,24,,,0,30,,468048,24,,,0,71,,468049,24,,,0,32,,468050,24,,,0,67,,468051,24,,,0,30,,468052,24,,,0,70,,468053,24,,,0,99,,468054,24,,,0,100,,468055,24,,,0,100,,468056,24,,,0,100,,468057,24,,,0,100,,468058,24,,,0
5201,'20260527',615,,496167,24,,,0,30,,496144,24,,,0,71,,496145,24,,,0,36,,496146,24,,,0,65,,496147,24,,,0,29,,496148,24,,,0,70,,496149,24,,,0,100,,496166,24,,,0,100,,496150,24,,,0,100,,496151,24,,,0,100,,496152,24,,,0,100,,496153,24,,,0,100,,496154,24,,,0,30,,496155,24,,,0,71,,496156,24,,,0,32,,496157,24,,,0,67,,496158,24,,,0,30,,496159,24,,,0,70,,496160,24,,,0,99,,496161,24,,,0,100,,496162,24,,,0,100,,496163,24,,,0,100,,496164,24,,,0,100,,496165,24,,,0
5201,'20260528',615,,496191,24,,,0,30,,496168,24,,,0,71,,496169,24,,,0,36,,496170,24,,,0,65,,496171,24,,,0,29,,496172,24,,,0,70,,496173,24,,,0,100,,496190,24,,,0,100,,496174,24,,,0,100,,496175,24,,,0,100,,496176,24,,,0,100,,496177,24,,,0,100,,496178,24,,,0,30,,496179,24,,,0,71,,496180,24,,,0,32,,496181,24,,,0,67,,496182,24,,,0,30,,496183,24,,,0,70,,496184,24,,,0,99,,496185,24,,,0,100,,496186,24,,,0,100,,496187,24,,,0,100,,496188,24,,,0,100,,496189,24,,,0
5201,'20260529',615,,519149,24,,,0,30,,519126,24,,,0,71,,519127,24,,,0,36,,519128,24,,,0,65,,519129,24,,,0,29,,519130,24,,,0,70,,519131,24,,,0,100,,519148,24,,,0,100,,519132,24,,,0,100,,519133,24,,,0,100,,519134,24,,,0,100,,519135,24,,,0,100,,519136,24,,,0,30,,519137,24,,,0,71,,519138,24,,,0,32,,519139,24,,,0,67,,519140,24,,,0,30,,519141,24,,,0,70,,519142,24,,,0,99,,519143,24,,,0,100,,519144,24,,,0,100,,519145,24,,,0,100,,519146,24,,,0,100,,519147,24,,,0
5201,'20260530',714,,519150,24,,,0,100,,519151,24,,,0,100,,519152,24,,,0,100,,519153,24,,,0,101,,519154,24,,,0,100,,519155,24,,,0,100,,519156,24,,,0,100,,519157,24,,,0,96,,519158,24,,,0,104,,519159,24,,,0,100,,519160,24,,,0,100,,519161,24,,,0,99,,519162,24,,,0,100,,519165,24,,,0,100,,519163,24,,,0,100,,519166,24,,,0,100,,519164,24,,,0
5201,'20260531',714,,519183,24,,,0,100,,519179,24,,,0,100,,519178,24,,,0,100,,519167,24,,,0,101,,519168,24,,,0,100,,519169,24,,,0,100,,519170,24,,,0,100,,519171,24,,,0,96,,519172,24,,,0,104,,519173,24,,,0,100,,519174,24,,,0,100,,519175,24,,,0,99,,519180,24,,,0,100,,519176,24,,,0,100,,519181,24,,,0,100,,519177,24,,,0,100,,519182,24,,,0
5201,'20260601',615,,519207,24,,,0,30,,519184,24,,,0,71,,519185,24,,,0,36,,519186,24,,,0,65,,519187,24,,,0,29,,519188,24,,,0,70,,519189,24,,,0,100,,519206,24,,,0,100,,519190,24,,,0,100,,519191,24,,,0,100,,519192,24,,,0,100,,519193,24,,,0,100,,519194,24,,,0,30,,519195,24,,,0,71,,519196,24,,,0,32,,519197,24,,,0,67,,519198,24,,,0,30,,519199,24,,,0,70,,519200,24,,,0,99,,519201,24,,,0,100,,519202,24,,,0,100,,519203,24,,,0,100,,519204,24,,,0,100,,519205,24,,,0
5201,'20260602',615,,519231,24,,,0,30,,519208,24,,,0,71,,519209,24,,,0,36,,519210,24,,,0,65,,519211,24,,,0,29,,519212,24,,,0,70,,519213,24,,,0,100,,519230,24,,,0,100,,519214,24,,,0,100,,519215,24,,,0,100,,519216,24,,,0,100,,519217,24,,,0,100,,519218,24,,,0,30,,519219,24,,,0,71,,519220,24,,,0,32,,519221,24,,,0,67,,519222,24,,,0,30,,519223,24,,,0,70,,519224,24,,,0,99,,519225,24,,,0,100,,519226,24,,,0,100,,519227,24,,,0,100,,519228,24,,,0,100,,519229,24,,,0
