8400,'20260707',821,,879254,79,,,1,98,,879255,79,,,1,100,,879256,79,,,1,100,,879257,79,,,1,100,,879258,79,,,1,100,,879259,79,,,1,100,,879260,79,,,1,101,,879261,79,,,1,107,,879262,79,,,1,28,,879271,43,,,1,69,,879263,79,,,1,25,,879272,43,,,1,69,,879264,79,,,1,100,,879265,79,,,1,98,,879266,79,,,1,100,,879267,79,,,1,100,,879268,79,,,1,99,,879269,79,,,1,100,,879270,79,,,1
8400,'20260708',821,,879273,79,,,1,98,,879274,79,,,1,100,,879275,79,,,1,100,,879276,79,,,1,100,,879277,79,,,1,100,,879278,79,,,1,100,,879279,79,,,1,101,,879280,79,,,1,107,,879281,79,,,1,28,,879290,43,,,1,69,,879282,79,,,1,25,,879291,43,,,1,69,,879283,79,,,1,100,,879284,79,,,1,98,,879285,79,,,1,100,,879286,79,,,1,100,,879287,79,,,1,99,,879288,79,,,1,100,,879289,79,,,1
8400,'20260709',821,,879292,79,,,1,98,,879293,79,,,1,100,,879294,79,,,1,100,,879295,79,,,1,100,,879296,79,,,1,100,,879297,79,,,1,100,,879298,79,,,1,101,,879299,79,,,1,107,,879300,79,,,1,28,,879309,43,,,1,69,,879301,79,,,1,25,,879310,43,,,1,69,,879302,79,,,1,100,,879303,79,,,1,98,,879304,79,,,1,100,,879305,79,,,1,100,,879306,79,,,1,99,,879307,79,,,1,100,,879308,79,,,1
8400,'20260710',821,,907489,79,,,1,98,,907490,79,,,1,100,,907491,79,,,1,100,,907492,79,,,1,100,,907493,79,,,1,100,,907494,79,,,1,100,,907495,79,,,1,101,,907496,79,,,1,107,,907497,79,,,1,28,,907506,43,,,1,69,,907498,79,,,1,25,,907507,43,,,1,69,,907499,79,,,1,100,,907500,79,,,1,98,,907501,79,,,1,100,,907502,79,,,1,100,,907503,79,,,1,99,,907504,79,,,1,100,,907505,79,,,1
8400,'20260711',815,,852936,79,,,1,100,,852951,79,,,1,101,,852937,79,,,1,100,,852952,79,,,1,101,,852938,79,,,1,100,,852940,79,,,1,100,,852941,79,,,1,100,,852942,79,,,1,101,,852943,79,,,1,100,,852944,79,,,1,99,,852945,79,,,1,99,,852946,79,,,1,100,,852947,79,,,1,99,,852948,79,,,1,100,,852949,79,,,1,100,,852950,79,,,1,99,,852939,79,,,1
8400,'20260712',815,,852953,79,,,1,100,,852968,79,,,1,101,,852954,79,,,1,100,,852969,79,,,1,101,,852955,79,,,1,100,,852962,79,,,1,100,,852956,79,,,1,100,,852963,79,,,1,101,,852957,79,,,1,100,,852964,79,,,1,99,,852958,79,,,1,99,,852965,79,,,1,100,,852959,79,,,1,99,,852966,79,,,1,100,,852960,79,,,1,100,,852967,79,,,1,99,,852961,79,,,1
8400,'20260713',821,,852970,79,,,1,98,,852971,79,,,1,100,,852972,79,,,1,100,,852973,79,,,1,100,,852974,79,,,1,100,,852975,79,,,1,100,,852976,79,,,1,101,,852977,79,,,1,107,,852978,79,,,1,28,,852987,43,,,1,69,,852979,79,,,1,25,,852988,43,,,1,69,,852980,79,,,1,100,,852981,79,,,1,98,,852982,79,,,1,100,,852983,79,,,1,100,,852984,79,,,1,99,,852985,79,,,1,100,,852986,79,,,1
8400,'20260714',821,,852989,79,,,1,98,,852990,79,,,1,100,,852991,79,,,1,100,,852992,79,,,1,100,,852993,79,,,1,100,,852994,79,,,1,100,,852995,79,,,1,101,,852996,79,,,1,107,,852997,79,,,1,28,,853006,43,,,1,69,,852998,79,,,1,25,,853007,43,,,1,69,,852999,79,,,1,100,,853000,79,,,1,98,,853001,79,,,1,100,,853002,79,,,1,100,,853003,79,,,1,99,,853004,79,,,1,100,,853005,79,,,1
8400,'20260715',821,,879311,79,,,1,98,,879312,79,,,1,100,,879313,79,,,1,100,,879314,79,,,1,100,,879315,79,,,1,100,,879316,79,,,1,100,,879317,79,,,1,101,,879318,79,,,1,107,,879319,79,,,1,28,,879328,43,,,1,69,,879320,79,,,1,25,,879329,43,,,1,69,,879321,79,,,1,100,,879322,79,,,1,98,,879323,79,,,1,100,,879324,79,,,1,100,,879325,79,,,1,99,,879326,79,,,1,100,,879327,79,,,1
8400,'20260716',821,,879330,79,,,1,98,,879331,79,,,1,100,,879332,79,,,1,100,,879333,79,,,1,100,,879334,79,,,1,100,,879335,79,,,1,100,,879336,79,,,1,101,,879337,79,,,1,107,,879338,79,,,1,28,,879347,43,,,1,69,,879339,79,,,1,25,,879348,43,,,1,69,,879340,79,,,1,100,,879341,79,,,1,98,,879342,79,,,1,100,,879343,79,,,1,100,,879344,79,,,1,99,,879345,79,,,1,100,,879346,79,,,1
8400,'20260717',821,,879349,79,,,1,98,,879350,79,,,1,100,,879351,79,,,1,100,,879352,79,,,1,100,,879353,79,,,1,100,,879354,79,,,1,100,,879355,79,,,1,101,,879356,79,,,1,107,,879357,79,,,1,28,,879366,43,,,1,69,,879358,79,,,1,25,,879367,43,,,1,69,,879359,79,,,1,100,,879360,79,,,1,98,,879361,79,,,1,100,,879362,79,,,1,100,,879363,79,,,1,99,,879364,79,,,1,100,,879365,79,,,1
8400,'20260718',815,,907508,79,,,1,100,,907523,79,,,1,101,,907509,79,,,1,100,,907524,79,,,1,101,,907510,79,,,1,100,,907512,79,,,1,100,,907513,79,,,1,100,,907514,79,,,1,101,,907515,79,,,1,100,,907516,79,,,1,99,,907517,79,,,1,99,,907518,79,,,1,100,,907519,79,,,1,99,,907520,79,,,1,100,,907521,79,,,1,100,,907522,79,,,1,99,,907511,79,,,1
8400,'20260719',815,,907525,79,,,1,100,,907540,79,,,1,101,,907526,79,,,1,100,,907541,79,,,1,101,,907527,79,,,1,100,,907534,79,,,1,100,,907528,79,,,1,100,,907535,79,,,1,101,,907529,79,,,1,100,,907536,79,,,1,99,,907530,79,,,1,99,,907537,79,,,1,100,,907531,79,,,1,99,,907538,79,,,1,100,,907532,79,,,1,100,,907539,79,,,1,99,,907533,79,,,1
8400,'20260720',821,,907542,79,,,1,98,,907543,79,,,1,100,,907544,79,,,1,100,,907545,79,,,1,100,,907546,79,,,1,100,,907547,79,,,1,100,,907548,79,,,1,101,,907549,79,,,1,107,,907550,79,,,1,28,,907559,43,,,1,69,,907551,79,,,1,25,,907560,43,,,1,69,,907552,79,,,1,100,,907553,79,,,1,98,,907554,79,,,1,100,,907555,79,,,1,100,,907556,79,,,1,99,,907557,79,,,1,100,,907558,79,,,1
8400,'20260721',821,,907561,79,,,1,98,,907562,79,,,1,100,,907563,79,,,1,100,,907564,79,,,1,100,,907565,79,,,1,100,,907566,79,,,1,100,,907567,79,,,1,101,,907568,79,,,1,107,,907569,79,,,1,28,,907578,43,,,1,69,,907570,79,,,1,25,,907579,43,,,1,69,,907571,79,,,1,100,,907572,79,,,1,98,,907573,79,,,1,100,,907574,79,,,1,100,,907575,79,,,1,99,,907576,79,,,1,100,,907577,79,,,1
