7401,'20260512',550,,447114,24,,,1,93,,447115,24,,,1,101,,447116,24,,,1,104,,447117,24,,,1,101,,447118,24,,,1,100,,447119,24,,,1,99,,447120,24,,,1,100,,447121,24,,,1,100,,447122,24,,,1,99,,447123,24,,,1,97,,447124,24,,,1,100,,447125,24,,,1,105,,447126,24,,,1,102,,447127,24,,,1,100,,447128,24,,,1,100,,447129,24,,,1,100,,447130,24,,,1,170,,447131,24,,,1
7401,'20260513',550,,472317,24,,,1,93,,472318,24,,,1,101,,472319,24,,,1,104,,472320,24,,,1,101,,472321,24,,,1,100,,472322,24,,,1,99,,472323,24,,,1,100,,472324,24,,,1,100,,472325,24,,,1,99,,472326,24,,,1,97,,472327,24,,,1,100,,472328,24,,,1,105,,472329,24,,,1,102,,472330,24,,,1,100,,472331,24,,,1,100,,472332,24,,,1,100,,472333,24,,,1,170,,472334,24,,,1
7401,'20260514',550,,472337,24,,,1,93,,472338,24,,,1,101,,472339,24,,,1,104,,472340,24,,,1,101,,472341,24,,,1,100,,472342,24,,,1,99,,472343,24,,,1,100,,472344,24,,,1,100,,472345,24,,,1,99,,472346,24,,,1,97,,472347,24,,,1,100,,472348,24,,,1,105,,472349,24,,,1,102,,472350,24,,,1,100,,472351,24,,,1,100,,472352,24,,,1,100,,472353,24,,,1,170,,472354,24,,,1
7401,'20260515',550,,472357,24,,,1,93,,472358,24,,,1,101,,472359,24,,,1,104,,472360,24,,,1,101,,472361,24,,,1,100,,472362,24,,,1,99,,472363,24,,,1,100,,472364,24,,,1,100,,472365,24,,,1,99,,472366,24,,,1,97,,472367,24,,,1,100,,472368,24,,,1,105,,472369,24,,,1,102,,472370,24,,,1,100,,472371,24,,,1,100,,472372,24,,,1,100,,472373,24,,,1,170,,472374,24,,,1
7401,'20260516',652,,428612,24,,,1,100,,428598,24,,,1,99,,428599,24,,,1,100,,428613,24,,,1,100,,428606,24,,,1,100,,428607,24,,,1,100,,428608,24,,,1,99,,428609,24,,,1,100,,428610,24,,,1,100,,428611,24,,,1,99,,428600,24,,,1,102,,428604,24,,,1,102,,428605,24,,,1,100,,428601,24,,,1,100,,428602,24,,,1,100,,428603,24,,,1,171,,428614,24,,,1
7401,'20260517',652,,428615,24,,,1,100,,428630,24,,,1,99,,428616,24,,,1,100,,428631,24,,,1,100,,428618,24,,,1,100,,428619,24,,,1,100,,428620,24,,,1,99,,428621,24,,,1,100,,428622,24,,,1,100,,428623,24,,,1,99,,428624,24,,,1,102,,428625,24,,,1,102,,428626,24,,,1,100,,428627,24,,,1,100,,428628,24,,,1,100,,428629,24,,,1,171,,428617,24,,,1
7401,'20260518',652,,428632,24,,,1,100,,428647,24,,,1,99,,428633,24,,,1,100,,428648,24,,,1,100,,428635,24,,,1,100,,428636,24,,,1,100,,428637,24,,,1,99,,428638,24,,,1,100,,428639,24,,,1,100,,428640,24,,,1,99,,428641,24,,,1,102,,428642,24,,,1,102,,428643,24,,,1,100,,428644,24,,,1,100,,428645,24,,,1,100,,428646,24,,,1,171,,428634,24,,,1
7401,'20260519',550,,428649,24,,,1,93,,428650,24,,,1,101,,428651,24,,,1,104,,428652,24,,,1,101,,428653,24,,,1,100,,428654,24,,,1,99,,428655,24,,,1,100,,428656,24,,,1,100,,428657,24,,,1,99,,428658,24,,,1,97,,428664,24,,,1,100,,428659,24,,,1,105,,428660,24,,,1,102,,428666,24,,,1,100,,428661,24,,,1,100,,428665,24,,,1,100,,428662,24,,,1,170,,428663,24,,,1
7401,'20260520',550,,447132,24,,,1,93,,447133,24,,,1,101,,447134,24,,,1,104,,447135,24,,,1,101,,447136,24,,,1,100,,447137,24,,,1,99,,447138,24,,,1,100,,447139,24,,,1,100,,447140,24,,,1,99,,447141,24,,,1,97,,447147,24,,,1,100,,447142,24,,,1,105,,447143,24,,,1,102,,447149,24,,,1,100,,447144,24,,,1,100,,447148,24,,,1,100,,447145,24,,,1,170,,447146,24,,,1
7401,'20260521',550,,447152,24,,,1,93,,447153,24,,,1,101,,447154,24,,,1,104,,447155,24,,,1,101,,447156,24,,,1,100,,447157,24,,,1,99,,447158,24,,,1,100,,447159,24,,,1,100,,447160,24,,,1,99,,447161,24,,,1,97,,447167,24,,,1,100,,447162,24,,,1,105,,447163,24,,,1,102,,447169,24,,,1,100,,447164,24,,,1,100,,447168,24,,,1,100,,447165,24,,,1,170,,447166,24,,,1
7401,'20260522',550,,472375,24,,,1,93,,472376,24,,,1,101,,472377,24,,,1,104,,472378,24,,,1,101,,472379,24,,,1,100,,472380,24,,,1,99,,472381,24,,,1,100,,472382,24,,,1,100,,472383,24,,,1,99,,472384,24,,,1,97,,472390,24,,,1,100,,472385,24,,,1,105,,472386,24,,,1,102,,472392,24,,,1,100,,472387,24,,,1,100,,472391,24,,,1,100,,472388,24,,,1,170,,472389,24,,,1
7401,'20260523',652,,472409,24,,,1,100,,472395,24,,,1,99,,472396,24,,,1,100,,472410,24,,,1,100,,472403,24,,,1,100,,472404,24,,,1,100,,472405,24,,,1,99,,472406,24,,,1,100,,472407,24,,,1,100,,472408,24,,,1,99,,472397,24,,,1,102,,472401,24,,,1,102,,472402,24,,,1,100,,472398,24,,,1,100,,472399,24,,,1,100,,472400,24,,,1,171,,472411,24,,,1
7401,'20260524',652,,472412,24,,,1,100,,472427,24,,,1,99,,472413,24,,,1,100,,472428,24,,,1,100,,472415,24,,,1,100,,472416,24,,,1,100,,472417,24,,,1,99,,472418,24,,,1,100,,472419,24,,,1,100,,472420,24,,,1,99,,472421,24,,,1,102,,472422,24,,,1,102,,472423,24,,,1,100,,472424,24,,,1,100,,472425,24,,,1,100,,472426,24,,,1,171,,472414,24,,,1
7401,'20260525',550,,472429,24,,,1,93,,472430,24,,,1,101,,472431,24,,,1,104,,472432,24,,,1,101,,472433,24,,,1,100,,472434,24,,,1,99,,472435,24,,,1,100,,472436,24,,,1,100,,472437,24,,,1,99,,472438,24,,,1,97,,472444,24,,,1,100,,472439,24,,,1,105,,472440,24,,,1,102,,472446,24,,,1,100,,472441,24,,,1,100,,472445,24,,,1,100,,472442,24,,,1,170,,472443,24,,,1
7401,'20260526',550,,472449,24,,,1,93,,472450,24,,,1,101,,472451,24,,,1,104,,472452,24,,,1,101,,472453,24,,,1,100,,472454,24,,,1,99,,472455,24,,,1,100,,472456,24,,,1,100,,472457,24,,,1,99,,472458,24,,,1,97,,472464,24,,,1,100,,472459,24,,,1,105,,472460,24,,,1,102,,472466,24,,,1,100,,472461,24,,,1,100,,472465,24,,,1,100,,472462,24,,,1,170,,472463,24,,,1
