28101,'20260512',633,,451375,5,,,0,19,,451376,5,,,0,73,,451377,5,,,0,15,,451378,5,,,0,61,,451379,5,,,0
28101,'20260513',633,,478297,5,,,0,19,,478298,5,,,0,73,,478299,5,,,0,15,,478300,5,,,0,61,,478301,5,,,0
28101,'20260514',633,,478302,5,,,0,19,,478303,5,,,0,73,,478304,5,,,0,15,,478305,5,,,0,61,,478306,5,,,0
28101,'20260515',633,,478307,5,,,0,19,,478308,5,,,0,73,,478309,5,,,0,15,,478310,5,,,0,61,,478311,5,,,0
28101,'20260519',633,,431712,5,,,0,19,,431711,5,,,0,73,,431708,5,,,0,15,,431709,5,,,0,61,,431710,5,,,0
28101,'20260520',633,,451384,5,,,0,19,,451383,5,,,0,73,,451380,5,,,0,15,,451381,5,,,0,61,,451382,5,,,0
28101,'20260521',633,,451389,5,,,0,19,,451388,5,,,0,73,,451385,5,,,0,15,,451386,5,,,0,61,,451387,5,,,0
28101,'20260522',633,,478316,5,,,0,19,,478315,5,,,0,73,,478312,5,,,0,15,,478313,5,,,0,61,,478314,5,,,0
28101,'20260525',633,,478321,5,,,0,19,,478320,5,,,0,73,,478317,5,,,0,15,,478318,5,,,0,61,,478319,5,,,0
28101,'20260526',633,,478326,5,,,0,19,,478325,5,,,0,73,,478322,5,,,0,15,,478323,5,,,0,61,,478324,5,,,0
38101,'20260512',631,,452096,4,,,0,77,,452097,4,,,0,19,,452098,4,,,0,184,,452099,4,,,0
38101,'20260513',631,,479378,4,,,0,77,,479379,4,,,0,19,,479380,4,,,0,184,,479381,4,,,0
38101,'20260514',631,,479383,4,,,0,77,,479384,4,,,0,19,,479385,4,,,0,184,,479386,4,,,0
38101,'20260515',631,,479388,4,,,0,77,,479389,4,,,0,19,,479390,4,,,0,184,,479391,4,,,0
38101,'20260519',631,,432070,4,,,0,77,,432068,4,,,0,19,,432071,4,,,0,184,,432069,4,,,0
38101,'20260520',631,,452102,4,,,0,77,,452100,4,,,0,19,,452103,4,,,0,184,,452101,4,,,0
38101,'20260521',631,,452106,4,,,0,77,,452104,4,,,0,19,,452107,4,,,0,184,,452105,4,,,0
38101,'20260522',631,,479394,4,,,0,77,,479392,4,,,0,19,,479395,4,,,0,184,,479393,4,,,0
38101,'20260525',631,,479398,4,,,0,77,,479396,4,,,0,19,,479399,4,,,0,184,,479397,4,,,0
38101,'20260526',631,,479402,4,,,0,77,,479400,4,,,0,19,,479403,4,,,0,184,,479401,4,,,0
58101,'20260512',634,,452543,4,,,0,16,,452544,4,,,0,89,,452545,4,,,0
58101,'20260513',634,,480052,4,,,0,16,,480053,4,,,0,89,,480054,4,,,0
58101,'20260514',634,,480055,4,,,0,16,,480056,4,,,0,89,,480057,4,,,0
58101,'20260515',634,,480058,4,,,0,16,,480059,4,,,0,89,,480060,4,,,0
58101,'20260519',634,,432291,4,,,0,16,,432292,4,,,0,89,,432293,4,,,0
58101,'20260520',634,,452546,4,,,0,16,,452547,4,,,0,89,,452548,4,,,0
58101,'20260521',634,,452549,4,,,0,16,,452550,4,,,0,89,,452551,4,,,0
58101,'20260522',634,,480061,4,,,0,16,,480062,4,,,0,89,,480063,4,,,0
58101,'20260525',634,,480064,4,,,0,16,,480065,4,,,0,89,,480066,4,,,0
58101,'20260526',634,,480067,4,,,0,16,,480068,4,,,0,89,,480069,4,,,0
