3900,'20260720',751,,974000,53,,,0,100,,974001,53,,,0,98,,974002,53,,,0,100,,974003,53,,,0,101,,974004,53,,,0,100,,974005,53,,,0,100,,974006,53,,,0,100,,974007,53,,,0,101,,974008,53,,,0,70,,974009,53,,,0,32,,974010,53,,,0,68,,974011,53,,,0,28,,974012,53,,,0,100,,974013,53,,,0,99,,974014,53,,,0,100,,974015,53,,,0,99,,974016,53,,,0,100,,974017,53,,,0,100,,974018,53,,,0,100,,974019,53,,,0
3900,'20260721',751,,974020,53,,,0,100,,974021,53,,,0,98,,974022,53,,,0,100,,974023,53,,,0,101,,974024,53,,,0,100,,974025,53,,,0,100,,974026,53,,,0,100,,974027,53,,,0,101,,974028,53,,,0,70,,974029,53,,,0,32,,974030,53,,,0,68,,974031,53,,,0,28,,974032,53,,,0,100,,974033,53,,,0,99,,974034,53,,,0,100,,974035,53,,,0,99,,974036,53,,,0,100,,974037,53,,,0,100,,974038,53,,,0,100,,974039,53,,,0
3900,'20260722',751,,974040,53,,,0,100,,974041,53,,,0,98,,974042,53,,,0,100,,974043,53,,,0,101,,974044,53,,,0,100,,974045,53,,,0,100,,974046,53,,,0,100,,974047,53,,,0,101,,974048,53,,,0,70,,974049,53,,,0,32,,974050,53,,,0,68,,974051,53,,,0,28,,974052,53,,,0,100,,974053,53,,,0,99,,974054,53,,,0,100,,974055,53,,,0,99,,974056,53,,,0,100,,974057,53,,,0,100,,974058,53,,,0,100,,974059,53,,,0
3900,'20260723',751,,974060,53,,,0,100,,974061,53,,,0,98,,974062,53,,,0,100,,974063,53,,,0,101,,974064,53,,,0,100,,974065,53,,,0,100,,974066,53,,,0,100,,974067,53,,,0,101,,974068,53,,,0,70,,974069,53,,,0,32,,974070,53,,,0,68,,974071,53,,,0,28,,974072,53,,,0,100,,974073,53,,,0,99,,974074,53,,,0,100,,974075,53,,,0,99,,974076,53,,,0,100,,974077,53,,,0,100,,974078,53,,,0,100,,974079,53,,,0
3900,'20260724',751,,1002408,53,,,0,100,,1002409,53,,,0,98,,1002410,53,,,0,100,,1002411,53,,,0,101,,1002412,53,,,0,100,,1002413,53,,,0,100,,1002414,53,,,0,100,,1002415,53,,,0,101,,1002416,53,,,0,70,,1002417,53,,,0,32,,1002418,53,,,0,68,,1002419,53,,,0,28,,1002420,53,,,0,100,,1002421,53,,,0,99,,1002422,53,,,0,100,,1002423,53,,,0,99,,1002424,53,,,0,100,,1002425,53,,,0,100,,1002426,53,,,0,100,,1002427,53,,,0
3900,'20260725',747,,944322,53,,,0,100,,944325,53,,,0,101,,944311,53,,,0,100,,944326,53,,,0,100,,944312,53,,,0,100,,944313,53,,,0,100,,944314,53,,,0,100,,944315,53,,,0,100,,944316,53,,,0,100,,944317,53,,,0,100,,944318,53,,,0,100,,944319,53,,,0,100,,944323,53,,,0,100,,944320,53,,,0,100,,944324,53,,,0,100,,944321,53,,,0,198,,944327,53,,,0
3900,'20260726',747,,944340,53,,,0,100,,944342,53,,,0,101,,944341,53,,,0,100,,944343,53,,,0,100,,944337,53,,,0,100,,944328,53,,,0,100,,944329,53,,,0,100,,944330,53,,,0,100,,944331,53,,,0,100,,944332,53,,,0,100,,944333,53,,,0,100,,944334,53,,,0,100,,944338,53,,,0,100,,944335,53,,,0,100,,944339,53,,,0,100,,944336,53,,,0,198,,944344,53,,,0
3900,'20260727',751,,944363,53,,,0,100,,944345,53,,,0,98,,944346,53,,,0,100,,944347,53,,,0,101,,944348,53,,,0,100,,944349,53,,,0,100,,944350,53,,,0,100,,944351,53,,,0,101,,944352,53,,,0,70,,944353,53,,,0,32,,944354,53,,,0,68,,944355,53,,,0,28,,944356,53,,,0,100,,944357,53,,,0,99,,944358,53,,,0,100,,944359,53,,,0,99,,944360,53,,,0,100,,944364,53,,,0,100,,944361,53,,,0,100,,944362,53,,,0
3900,'20260728',751,,944383,53,,,0,100,,944365,53,,,0,98,,944366,53,,,0,100,,944367,53,,,0,101,,944368,53,,,0,100,,944369,53,,,0,100,,944370,53,,,0,100,,944371,53,,,0,101,,944372,53,,,0,70,,944373,53,,,0,32,,944374,53,,,0,68,,944375,53,,,0,28,,944376,53,,,0,100,,944377,53,,,0,99,,944378,53,,,0,100,,944379,53,,,0,99,,944380,53,,,0,100,,944384,53,,,0,100,,944381,53,,,0,100,,944382,53,,,0
3900,'20260729',751,,974098,53,,,0,100,,974080,53,,,0,98,,974081,53,,,0,100,,974082,53,,,0,101,,974083,53,,,0,100,,974084,53,,,0,100,,974085,53,,,0,100,,974086,53,,,0,101,,974087,53,,,0,70,,974088,53,,,0,32,,974089,53,,,0,68,,974090,53,,,0,28,,974091,53,,,0,100,,974092,53,,,0,99,,974093,53,,,0,100,,974094,53,,,0,99,,974095,53,,,0,100,,974099,53,,,0,100,,974096,53,,,0,100,,974097,53,,,0
3900,'20260730',751,,974118,53,,,0,100,,974100,53,,,0,98,,974101,53,,,0,100,,974102,53,,,0,101,,974103,53,,,0,100,,974104,53,,,0,100,,974105,53,,,0,100,,974106,53,,,0,101,,974107,53,,,0,70,,974108,53,,,0,32,,974109,53,,,0,68,,974110,53,,,0,28,,974111,53,,,0,100,,974112,53,,,0,99,,974113,53,,,0,100,,974114,53,,,0,99,,974115,53,,,0,100,,974119,53,,,0,100,,974116,53,,,0,100,,974117,53,,,0
3900,'20260731',751,,974138,53,,,0,100,,974120,53,,,0,98,,974121,53,,,0,100,,974122,53,,,0,101,,974123,53,,,0,100,,974124,53,,,0,100,,974125,53,,,0,100,,974126,53,,,0,101,,974127,53,,,0,70,,974128,53,,,0,32,,974129,53,,,0,68,,974130,53,,,0,28,,974131,53,,,0,100,,974132,53,,,0,99,,974133,53,,,0,100,,974134,53,,,0,99,,974135,53,,,0,100,,974139,53,,,0,100,,974136,53,,,0,100,,974137,53,,,0
3900,'20260801',747,,1002439,53,,,0,100,,1002442,53,,,0,101,,1002428,53,,,0,100,,1002443,53,,,0,100,,1002429,53,,,0,100,,1002430,53,,,0,100,,1002431,53,,,0,100,,1002432,53,,,0,100,,1002433,53,,,0,100,,1002434,53,,,0,100,,1002435,53,,,0,100,,1002436,53,,,0,100,,1002440,53,,,0,100,,1002437,53,,,0,100,,1002441,53,,,0,100,,1002438,53,,,0,198,,1002444,53,,,0
3900,'20260802',747,,1002457,53,,,0,100,,1002459,53,,,0,101,,1002458,53,,,0,100,,1002460,53,,,0,100,,1002454,53,,,0,100,,1002445,53,,,0,100,,1002446,53,,,0,100,,1002447,53,,,0,100,,1002448,53,,,0,100,,1002449,53,,,0,100,,1002450,53,,,0,100,,1002451,53,,,0,100,,1002455,53,,,0,100,,1002452,53,,,0,100,,1002456,53,,,0,100,,1002453,53,,,0,198,,1002461,53,,,0
3900,'20260803',751,,1002480,53,,,0,100,,1002462,53,,,0,98,,1002463,53,,,0,100,,1002464,53,,,0,101,,1002465,53,,,0,100,,1002466,53,,,0,100,,1002467,53,,,0,100,,1002468,53,,,0,101,,1002469,53,,,0,70,,1002470,53,,,0,32,,1002471,53,,,0,68,,1002472,53,,,0,28,,1002473,53,,,0,100,,1002474,53,,,0,99,,1002475,53,,,0,100,,1002476,53,,,0,99,,1002477,53,,,0,100,,1002481,53,,,0,100,,1002478,53,,,0,100,,1002479,53,,,0
23900,'20260720',1636,,985464,36,4,,0,73,,985465,36,4,,0,96,,985466,36,4,,0,26,,985467,36,4,,0
23900,'20260721',1636,,985468,36,4,,0,73,,985469,36,4,,0,96,,985470,36,4,,0,26,,985471,36,4,,0
23900,'20260722',1636,,985472,36,4,,0,73,,985473,36,4,,0,96,,985474,36,4,,0,26,,985475,36,4,,0
23900,'20260723',1636,,985476,36,4,,0,73,,985477,36,4,,0,96,,985478,36,4,,0,26,,985479,36,4,,0
23900,'20260724',1636,,1007129,36,4,,0,73,,1007130,36,4,,0,96,,1007131,36,4,,0,26,,1007132,36,4,,0
23900,'20260727',1636,,954389,36,4,,0,73,,954390,36,4,,0,96,,954391,36,4,,0,26,,954392,36,4,,0
23900,'20260728',1636,,954393,36,4,,0,73,,954394,36,4,,0,96,,954395,36,4,,0,26,,954396,36,4,,0
23900,'20260729',1636,,985480,36,4,,0,73,,985481,36,4,,0,96,,985482,36,4,,0,26,,985483,36,4,,0
23900,'20260730',1636,,985484,36,4,,0,73,,985485,36,4,,0,96,,985486,36,4,,0,26,,985487,36,4,,0
23900,'20260731',1636,,985488,36,4,,0,73,,985489,36,4,,0,96,,985490,36,4,,0,26,,985491,36,4,,0
23900,'20260803',1636,,1007133,36,4,,0,73,,1007134,36,4,,0,96,,1007135,36,4,,0,26,,1007136,36,4,,0
