5302,'20260519',715,,496243,16,,,0,27,,496244,16,,,0,74,,496245,16,,,0,37,,496246,16,,,0,73,,496247,16,,,0,88,,496248,16,,,0,100,,496249,16,,,0,99,,496250,16,,,0,101,,496251,16,,,0,100,,496252,16,,,0,100,,496253,16,,,0,29,,496254,16,,,0,76,,496255,16,,,0,35,,496256,16,,,0,71,,496257,16,,,0,23,,496258,16,,,0,67,,496259,16,,,0,101,,496260,16,,,0,101,,496261,16,,,0,100,,496262,16,,,0,101,,496263,16,,,0,107,,496264,16,,,0
5302,'20260520',715,,519232,16,,,0,27,,519233,16,,,0,74,,519234,16,,,0,37,,519235,16,,,0,73,,519236,16,,,0,88,,519237,16,,,0,100,,519238,16,,,0,99,,519239,16,,,0,101,,519240,16,,,0,100,,519241,16,,,0,100,,519242,16,,,0,29,,519243,16,,,0,76,,519244,16,,,0,35,,519245,16,,,0,71,,519246,16,,,0,23,,519247,16,,,0,67,,519248,16,,,0,101,,519249,16,,,0,101,,519250,16,,,0,100,,519251,16,,,0,101,,519252,16,,,0,107,,519253,16,,,0
5302,'20260521',715,,519254,16,,,0,27,,519255,16,,,0,74,,519256,16,,,0,37,,519257,16,,,0,73,,519258,16,,,0,88,,519259,16,,,0,100,,519260,16,,,0,99,,519261,16,,,0,101,,519262,16,,,0,100,,519263,16,,,0,100,,519264,16,,,0,29,,519265,16,,,0,76,,519266,16,,,0,35,,519267,16,,,0,71,,519268,16,,,0,23,,519269,16,,,0,67,,519270,16,,,0,101,,519271,16,,,0,101,,519272,16,,,0,100,,519273,16,,,0,101,,519274,16,,,0,107,,519275,16,,,0
5302,'20260522',715,,519276,16,,,0,27,,519277,16,,,0,74,,519278,16,,,0,37,,519279,16,,,0,73,,519280,16,,,0,88,,519281,16,,,0,100,,519282,16,,,0,99,,519283,16,,,0,101,,519284,16,,,0,100,,519285,16,,,0,100,,519286,16,,,0,29,,519287,16,,,0,76,,519288,16,,,0,35,,519289,16,,,0,71,,519290,16,,,0,23,,519291,16,,,0,67,,519292,16,,,0,101,,519293,16,,,0,101,,519294,16,,,0,100,,519295,16,,,0,101,,519296,16,,,0,107,,519297,16,,,0
5302,'20260523',713,,468162,16,,,0,101,,468149,16,,,0,99,,468150,16,,,0,100,,468161,16,,,0,99,,468151,16,,,0,99,,468152,16,,,0,100,,468163,16,,,0,99,,468153,16,,,0,100,,468154,16,,,0,103,,468164,16,,,0,99,,468155,16,,,0,100,,468156,16,,,0,100,,468160,16,,,0,100,,468157,16,,,0,100,,468158,16,,,0,98,,468165,16,,,0,106,,468159,16,,,0
5302,'20260524',713,,468179,16,,,0,101,,468166,16,,,0,99,,468167,16,,,0,100,,468178,16,,,0,99,,468168,16,,,0,99,,468169,16,,,0,100,,468180,16,,,0,99,,468170,16,,,0,100,,468171,16,,,0,103,,468181,16,,,0,99,,468172,16,,,0,100,,468173,16,,,0,100,,468177,16,,,0,100,,468174,16,,,0,100,,468175,16,,,0,98,,468182,16,,,0,106,,468176,16,,,0
5302,'20260525',715,,468201,16,,,0,27,,468204,16,,,0,74,,468183,16,,,0,37,,468195,16,,,0,73,,468203,16,,,0,88,,468196,16,,,0,100,,468184,16,,,0,99,,468200,16,,,0,101,,468197,16,,,0,100,,468198,16,,,0,100,,468199,16,,,0,29,,468193,16,,,0,76,,468185,16,,,0,35,,468192,16,,,0,71,,468190,16,,,0,23,,468186,16,,,0,67,,468187,16,,,0,101,,468191,16,,,0,101,,468188,16,,,0,100,,468189,16,,,0,101,,468194,16,,,0,107,,468202,16,,,0
5302,'20260526',715,,468223,16,,,0,27,,468226,16,,,0,74,,468205,16,,,0,37,,468217,16,,,0,73,,468225,16,,,0,88,,468218,16,,,0,100,,468206,16,,,0,99,,468222,16,,,0,101,,468219,16,,,0,100,,468220,16,,,0,100,,468221,16,,,0,29,,468215,16,,,0,76,,468207,16,,,0,35,,468214,16,,,0,71,,468212,16,,,0,23,,468208,16,,,0,67,,468209,16,,,0,101,,468213,16,,,0,101,,468210,16,,,0,100,,468211,16,,,0,101,,468216,16,,,0,107,,468224,16,,,0
5302,'20260527',715,,496283,16,,,0,27,,496286,16,,,0,74,,496265,16,,,0,37,,496277,16,,,0,73,,496285,16,,,0,88,,496278,16,,,0,100,,496266,16,,,0,99,,496282,16,,,0,101,,496279,16,,,0,100,,496280,16,,,0,100,,496281,16,,,0,29,,496275,16,,,0,76,,496267,16,,,0,35,,496274,16,,,0,71,,496272,16,,,0,23,,496268,16,,,0,67,,496269,16,,,0,101,,496273,16,,,0,101,,496270,16,,,0,100,,496271,16,,,0,101,,496276,16,,,0,107,,496284,16,,,0
5302,'20260528',715,,496305,16,,,0,27,,496308,16,,,0,74,,496287,16,,,0,37,,496299,16,,,0,73,,496307,16,,,0,88,,496300,16,,,0,100,,496288,16,,,0,99,,496304,16,,,0,101,,496301,16,,,0,100,,496302,16,,,0,100,,496303,16,,,0,29,,496297,16,,,0,76,,496289,16,,,0,35,,496296,16,,,0,71,,496294,16,,,0,23,,496290,16,,,0,67,,496291,16,,,0,101,,496295,16,,,0,101,,496292,16,,,0,100,,496293,16,,,0,101,,496298,16,,,0,107,,496306,16,,,0
5302,'20260529',715,,519316,16,,,0,27,,519319,16,,,0,74,,519298,16,,,0,37,,519310,16,,,0,73,,519318,16,,,0,88,,519311,16,,,0,100,,519299,16,,,0,99,,519315,16,,,0,101,,519312,16,,,0,100,,519313,16,,,0,100,,519314,16,,,0,29,,519308,16,,,0,76,,519300,16,,,0,35,,519307,16,,,0,71,,519305,16,,,0,23,,519301,16,,,0,67,,519302,16,,,0,101,,519306,16,,,0,101,,519303,16,,,0,100,,519304,16,,,0,101,,519309,16,,,0,107,,519317,16,,,0
5302,'20260530',713,,519333,16,,,0,101,,519320,16,,,0,99,,519321,16,,,0,100,,519332,16,,,0,99,,519322,16,,,0,99,,519323,16,,,0,100,,519334,16,,,0,99,,519324,16,,,0,100,,519325,16,,,0,103,,519335,16,,,0,99,,519326,16,,,0,100,,519327,16,,,0,100,,519331,16,,,0,100,,519328,16,,,0,100,,519329,16,,,0,98,,519336,16,,,0,106,,519330,16,,,0
5302,'20260531',713,,519350,16,,,0,101,,519337,16,,,0,99,,519338,16,,,0,100,,519349,16,,,0,99,,519339,16,,,0,99,,519340,16,,,0,100,,519351,16,,,0,99,,519341,16,,,0,100,,519342,16,,,0,103,,519352,16,,,0,99,,519343,16,,,0,100,,519344,16,,,0,100,,519348,16,,,0,100,,519345,16,,,0,100,,519346,16,,,0,98,,519353,16,,,0,106,,519347,16,,,0
5302,'20260601',715,,519372,16,,,0,27,,519375,16,,,0,74,,519354,16,,,0,37,,519366,16,,,0,73,,519374,16,,,0,88,,519367,16,,,0,100,,519355,16,,,0,99,,519371,16,,,0,101,,519368,16,,,0,100,,519369,16,,,0,100,,519370,16,,,0,29,,519364,16,,,0,76,,519356,16,,,0,35,,519363,16,,,0,71,,519361,16,,,0,23,,519357,16,,,0,67,,519358,16,,,0,101,,519362,16,,,0,101,,519359,16,,,0,100,,519360,16,,,0,101,,519365,16,,,0,107,,519373,16,,,0
5302,'20260602',715,,519394,16,,,0,27,,519397,16,,,0,74,,519376,16,,,0,37,,519388,16,,,0,73,,519396,16,,,0,88,,519389,16,,,0,100,,519377,16,,,0,99,,519393,16,,,0,101,,519390,16,,,0,100,,519391,16,,,0,100,,519392,16,,,0,29,,519386,16,,,0,76,,519378,16,,,0,35,,519385,16,,,0,71,,519383,16,,,0,23,,519379,16,,,0,67,,519380,16,,,0,101,,519384,16,,,0,101,,519381,16,,,0,100,,519382,16,,,0,101,,519387,16,,,0,107,,519395,16,,,0
25300,'20260519',1600,,502777,15,4,,0,32,,502778,15,4,,0,70,,502779,15,4,,0,28,,502780,15,4,,0
25300,'20260520',1600,,528785,15,4,,0,32,,528786,15,4,,0,70,,528787,15,4,,0,28,,528788,15,4,,0
25300,'20260521',1600,,528789,15,4,,0,32,,528790,15,4,,0,70,,528791,15,4,,0,28,,528792,15,4,,0
25300,'20260522',1600,,528793,15,4,,0,32,,528794,15,4,,0,70,,528795,15,4,,0,28,,528796,15,4,,0
25300,'20260525',1600,,477633,15,4,,0,32,,477634,15,4,,0,70,,477635,15,4,,0,28,,477636,15,4,,0
25300,'20260526',1600,,477637,15,4,,0,32,,477638,15,4,,0,70,,477639,15,4,,0,28,,477640,15,4,,0
25300,'20260527',1600,,502781,15,4,,0,32,,502782,15,4,,0,70,,502783,15,4,,0,28,,502784,15,4,,0
25300,'20260528',1600,,502785,15,4,,0,32,,502786,15,4,,0,70,,502787,15,4,,0,28,,502788,15,4,,0
25300,'20260529',1600,,528797,15,4,,0,32,,528798,15,4,,0,70,,528799,15,4,,0,28,,528800,15,4,,0
25300,'20260601',1600,,528801,15,4,,0,32,,528802,15,4,,0,70,,528803,15,4,,0,28,,528804,15,4,,0
25300,'20260602',1600,,528805,15,4,,0,32,,528806,15,4,,0,70,,528807,15,4,,0,28,,528808,15,4,,0
