1202,'20260413',634,,234714,11,,,0,70,,234715,11,,,0,30,,234716,11,,,0,72,,234717,11,,,0,31,,234718,11,,,0,99,,234719,11,,,0,99,,234720,11,,,0,100,,234721,11,,,0,101,,234722,11,,,0,100,,234723,11,,,0,100,,234724,11,,,0,100,,234725,11,,,0,102,,234726,11,,,0,107,,234727,11,,,0,95,,234728,11,,,0,94,,234729,11,,,0,97,,234730,11,,,0,99,,234731,11,,,0,99,,234732,11,,,0
1202,'20260414',634,,234733,11,,,0,70,,234734,11,,,0,30,,234735,11,,,0,72,,234736,11,,,0,31,,234737,11,,,0,99,,234738,11,,,0,99,,234739,11,,,0,100,,234740,11,,,0,101,,234741,11,,,0,100,,234742,11,,,0,100,,234743,11,,,0,100,,234744,11,,,0,102,,234745,11,,,0,107,,234746,11,,,0,95,,234747,11,,,0,94,,234748,11,,,0,97,,234749,11,,,0,99,,234750,11,,,0,99,,234751,11,,,0
1202,'20260415',634,,234752,11,,,0,70,,234753,11,,,0,30,,234754,11,,,0,72,,234755,11,,,0,31,,234756,11,,,0,99,,234757,11,,,0,99,,234758,11,,,0,100,,234759,11,,,0,101,,234760,11,,,0,100,,234761,11,,,0,100,,234762,11,,,0,100,,234763,11,,,0,102,,234764,11,,,0,107,,234765,11,,,0,95,,234766,11,,,0,94,,234767,11,,,0,97,,234768,11,,,0,99,,234769,11,,,0,99,,234770,11,,,0
1202,'20260416',634,,234771,11,,,0,70,,234772,11,,,0,30,,234773,11,,,0,72,,234774,11,,,0,31,,234775,11,,,0,99,,234776,11,,,0,99,,234777,11,,,0,100,,234778,11,,,0,101,,234779,11,,,0,100,,234780,11,,,0,100,,234781,11,,,0,100,,234782,11,,,0,102,,234783,11,,,0,107,,234784,11,,,0,95,,234785,11,,,0,94,,234786,11,,,0,97,,234787,11,,,0,99,,234788,11,,,0,99,,234789,11,,,0
1202,'20260417',634,,234790,11,,,0,70,,234791,11,,,0,30,,234792,11,,,0,72,,234793,11,,,0,31,,234794,11,,,0,99,,234795,11,,,0,99,,234796,11,,,0,100,,234797,11,,,0,101,,234798,11,,,0,100,,234799,11,,,0,100,,234800,11,,,0,100,,234801,11,,,0,102,,234802,11,,,0,107,,234803,11,,,0,95,,234804,11,,,0,94,,234805,11,,,0,97,,234806,11,,,0,99,,234807,11,,,0,99,,234808,11,,,0
1202,'20260418',816,,192810,11,,,0,101,,192811,11,,,0,102,,192812,11,,,0,100,,192819,11,,,0,102,,192820,11,,,0,96,,192821,11,,,0,108,,192822,11,,,0,98,,192823,11,,,0,100,,192824,11,,,0,99,,192825,11,,,0,97,,192813,11,,,0,98,,192814,11,,,0,99,,192815,11,,,0,100,,192816,11,,,0,100,,192817,11,,,0,100,,192818,11,,,0
1202,'20260419',816,,192826,11,,,0,101,,192827,11,,,0,102,,192828,11,,,0,100,,192829,11,,,0,102,,192830,11,,,0,96,,192831,11,,,0,108,,192832,11,,,0,98,,192833,11,,,0,100,,192834,11,,,0,99,,192835,11,,,0,97,,192836,11,,,0,98,,192837,11,,,0,99,,192838,11,,,0,100,,192839,11,,,0,100,,192840,11,,,0,100,,192841,11,,,0
1202,'20260420',634,,192860,11,,,0,70,,192842,11,,,0,30,,192843,11,,,0,72,,192844,11,,,0,31,,192845,11,,,0,99,,192846,11,,,0,99,,192847,11,,,0,100,,192848,11,,,0,101,,192849,11,,,0,100,,192850,11,,,0,100,,192851,11,,,0,100,,192852,11,,,0,102,,192853,11,,,0,107,,192854,11,,,0,95,,192855,11,,,0,94,,192856,11,,,0,97,,192857,11,,,0,99,,192858,11,,,0,99,,192859,11,,,0
1202,'20260421',634,,234827,11,,,0,70,,234809,11,,,0,30,,234810,11,,,0,72,,234811,11,,,0,31,,234812,11,,,0,99,,234813,11,,,0,99,,234814,11,,,0,100,,234815,11,,,0,101,,234816,11,,,0,100,,234817,11,,,0,100,,234818,11,,,0,100,,234819,11,,,0,102,,234820,11,,,0,107,,234821,11,,,0,95,,234822,11,,,0,94,,234823,11,,,0,97,,234824,11,,,0,99,,234825,11,,,0,99,,234826,11,,,0
1202,'20260422',634,,234846,11,,,0,70,,234828,11,,,0,30,,234829,11,,,0,72,,234830,11,,,0,31,,234831,11,,,0,99,,234832,11,,,0,99,,234833,11,,,0,100,,234834,11,,,0,101,,234835,11,,,0,100,,234836,11,,,0,100,,234837,11,,,0,100,,234838,11,,,0,102,,234839,11,,,0,107,,234840,11,,,0,95,,234841,11,,,0,94,,234842,11,,,0,97,,234843,11,,,0,99,,234844,11,,,0,99,,234845,11,,,0
1202,'20260423',634,,234865,11,,,0,70,,234847,11,,,0,30,,234848,11,,,0,72,,234849,11,,,0,31,,234850,11,,,0,99,,234851,11,,,0,99,,234852,11,,,0,100,,234853,11,,,0,101,,234854,11,,,0,100,,234855,11,,,0,100,,234856,11,,,0,100,,234857,11,,,0,102,,234858,11,,,0,107,,234859,11,,,0,95,,234860,11,,,0,94,,234861,11,,,0,97,,234862,11,,,0,99,,234863,11,,,0,99,,234864,11,,,0
1202,'20260424',634,,234884,11,,,0,70,,234866,11,,,0,30,,234867,11,,,0,72,,234868,11,,,0,31,,234869,11,,,0,99,,234870,11,,,0,99,,234871,11,,,0,100,,234872,11,,,0,101,,234873,11,,,0,100,,234874,11,,,0,100,,234875,11,,,0,100,,234876,11,,,0,102,,234877,11,,,0,107,,234878,11,,,0,95,,234879,11,,,0,94,,234880,11,,,0,97,,234881,11,,,0,99,,234882,11,,,0,99,,234883,11,,,0
1202,'20260425',816,,234885,11,,,0,101,,234886,11,,,0,102,,234887,11,,,0,100,,234894,11,,,0,102,,234895,11,,,0,96,,234896,11,,,0,108,,234897,11,,,0,98,,234898,11,,,0,100,,234899,11,,,0,99,,234900,11,,,0,97,,234888,11,,,0,98,,234889,11,,,0,99,,234890,11,,,0,100,,234891,11,,,0,100,,234892,11,,,0,100,,234893,11,,,0
1202,'20260426',816,,234901,11,,,0,101,,234902,11,,,0,102,,234903,11,,,0,100,,234904,11,,,0,102,,234905,11,,,0,96,,234906,11,,,0,108,,234907,11,,,0,98,,234908,11,,,0,100,,234909,11,,,0,99,,234910,11,,,0,97,,234911,11,,,0,98,,234912,11,,,0,99,,234913,11,,,0,100,,234914,11,,,0,100,,234915,11,,,0,100,,234916,11,,,0
1202,'20260427',634,,234935,11,,,0,70,,234917,11,,,0,30,,234918,11,,,0,72,,234919,11,,,0,31,,234920,11,,,0,99,,234921,11,,,0,99,,234922,11,,,0,100,,234923,11,,,0,101,,234924,11,,,0,100,,234925,11,,,0,100,,234926,11,,,0,100,,234927,11,,,0,102,,234928,11,,,0,107,,234929,11,,,0,95,,234930,11,,,0,94,,234931,11,,,0,97,,234932,11,,,0,99,,234933,11,,,0,99,,234934,11,,,0
