3100,'20260512',643,,442475,22,,,0,82,,442476,22,,,0,31,,442477,22,,,0,69,,442478,22,,,0,79,,442479,22,,,0,97,,442480,22,,,0,99,,442481,22,,,0,100,,442482,22,,,0,101,,442483,22,,,0,99,,442484,22,,,0,59,,442485,22,,,0,66,,442486,22,,,0,79,,442487,22,,,0,44,,442488,22,,,0,68,,442489,22,,,0,28,,442490,22,,,0,69,,442491,22,,,0,95,,442492,22,,,0,105,,442493,22,,,0,95,,442494,22,,,0,100,,442495,22,,,0,100,,442496,22,,,0,198,,442497,22,,,0
3100,'20260513',643,,465989,22,,,0,82,,465990,22,,,0,31,,465991,22,,,0,69,,465992,22,,,0,79,,465993,22,,,0,97,,465994,22,,,0,99,,465995,22,,,0,100,,465996,22,,,0,101,,465997,22,,,0,99,,465998,22,,,0,59,,465999,22,,,0,66,,466000,22,,,0,79,,466001,22,,,0,44,,466002,22,,,0,68,,466003,22,,,0,28,,466004,22,,,0,69,,466005,22,,,0,95,,466006,22,,,0,105,,466007,22,,,0,95,,466008,22,,,0,100,,466009,22,,,0,100,,466010,22,,,0,198,,466011,22,,,0
3100,'20260514',643,,466012,22,,,0,82,,466013,22,,,0,31,,466014,22,,,0,69,,466015,22,,,0,79,,466016,22,,,0,97,,466017,22,,,0,99,,466018,22,,,0,100,,466019,22,,,0,101,,466020,22,,,0,99,,466021,22,,,0,59,,466022,22,,,0,66,,466023,22,,,0,79,,466024,22,,,0,44,,466025,22,,,0,68,,466026,22,,,0,28,,466027,22,,,0,69,,466028,22,,,0,95,,466029,22,,,0,105,,466030,22,,,0,95,,466031,22,,,0,100,,466032,22,,,0,100,,466033,22,,,0,198,,466034,22,,,0
3100,'20260515',643,,466035,22,,,0,82,,466036,22,,,0,31,,466037,22,,,0,69,,466038,22,,,0,79,,466039,22,,,0,97,,466040,22,,,0,99,,466041,22,,,0,100,,466042,22,,,0,101,,466043,22,,,0,99,,466044,22,,,0,59,,466045,22,,,0,66,,466046,22,,,0,79,,466047,22,,,0,44,,466048,22,,,0,68,,466049,22,,,0,28,,466050,22,,,0,69,,466051,22,,,0,95,,466052,22,,,0,105,,466053,22,,,0,95,,466054,22,,,0,100,,466055,22,,,0,100,,466056,22,,,0,198,,466057,22,,,0
3100,'20260516',743,,425062,22,,,0,202,,425063,22,,,0,200,,425064,22,,,0,200,,425065,22,,,0,199,,425066,22,,,0,198,,425067,22,,,0,206,,425068,22,,,0,202,,425069,22,,,0,198,,425070,22,,,0,157,,425071,22,,,0
3100,'20260517',743,,425072,22,,,0,202,,425073,22,,,0,200,,425074,22,,,0,200,,425075,22,,,0,199,,425076,22,,,0,198,,425077,22,,,0,206,,425078,22,,,0,202,,425079,22,,,0,198,,425080,22,,,0,157,,425081,22,,,0
3100,'20260518',743,,425082,22,,,0,202,,425083,22,,,0,200,,425084,22,,,0,200,,425085,22,,,0,199,,425086,22,,,0,198,,425087,22,,,0,206,,425088,22,,,0,202,,425089,22,,,0,198,,425090,22,,,0,157,,425091,22,,,0
3100,'20260519',643,,425092,22,,,0,82,,425113,22,,,0,31,,425111,22,,,0,69,,425112,22,,,0,79,,425093,22,,,0,97,,425094,22,,,0,99,,425095,22,,,0,100,,425096,22,,,0,101,,425097,22,,,0,99,,425098,22,,,0,59,,425099,22,,,0,66,,425100,22,,,0,79,,425101,22,,,0,44,,425102,22,,,0,68,,425103,22,,,0,28,,425104,22,,,0,69,,425105,22,,,0,95,,425106,22,,,0,105,,425107,22,,,0,95,,425108,22,,,0,100,,425109,22,,,0,100,,425110,22,,,0,198,,425114,22,,,0
3100,'20260520',643,,442498,22,,,0,82,,442519,22,,,0,31,,442517,22,,,0,69,,442518,22,,,0,79,,442499,22,,,0,97,,442500,22,,,0,99,,442501,22,,,0,100,,442502,22,,,0,101,,442503,22,,,0,99,,442504,22,,,0,59,,442505,22,,,0,66,,442506,22,,,0,79,,442507,22,,,0,44,,442508,22,,,0,68,,442509,22,,,0,28,,442510,22,,,0,69,,442511,22,,,0,95,,442512,22,,,0,105,,442513,22,,,0,95,,442514,22,,,0,100,,442515,22,,,0,100,,442516,22,,,0,198,,442520,22,,,0
3100,'20260521',643,,442521,22,,,0,82,,442542,22,,,0,31,,442540,22,,,0,69,,442541,22,,,0,79,,442522,22,,,0,97,,442523,22,,,0,99,,442524,22,,,0,100,,442525,22,,,0,101,,442526,22,,,0,99,,442527,22,,,0,59,,442528,22,,,0,66,,442529,22,,,0,79,,442530,22,,,0,44,,442531,22,,,0,68,,442532,22,,,0,28,,442533,22,,,0,69,,442534,22,,,0,95,,442535,22,,,0,105,,442536,22,,,0,95,,442537,22,,,0,100,,442538,22,,,0,100,,442539,22,,,0,198,,442543,22,,,0
3100,'20260522',643,,466058,22,,,0,82,,466079,22,,,0,31,,466077,22,,,0,69,,466078,22,,,0,79,,466059,22,,,0,97,,466060,22,,,0,99,,466061,22,,,0,100,,466062,22,,,0,101,,466063,22,,,0,99,,466064,22,,,0,59,,466065,22,,,0,66,,466066,22,,,0,79,,466067,22,,,0,44,,466068,22,,,0,68,,466069,22,,,0,28,,466070,22,,,0,69,,466071,22,,,0,95,,466072,22,,,0,105,,466073,22,,,0,95,,466074,22,,,0,100,,466075,22,,,0,100,,466076,22,,,0,198,,466080,22,,,0
3100,'20260523',743,,466081,22,,,0,202,,466082,22,,,0,200,,466083,22,,,0,200,,466084,22,,,0,199,,466085,22,,,0,198,,466086,22,,,0,206,,466087,22,,,0,202,,466088,22,,,0,198,,466089,22,,,0,157,,466090,22,,,0
3100,'20260524',743,,466091,22,,,0,202,,466092,22,,,0,200,,466093,22,,,0,200,,466094,22,,,0,199,,466095,22,,,0,198,,466096,22,,,0,206,,466097,22,,,0,202,,466098,22,,,0,198,,466099,22,,,0,157,,466100,22,,,0
3100,'20260525',643,,466101,22,,,0,82,,466122,22,,,0,31,,466120,22,,,0,69,,466121,22,,,0,79,,466102,22,,,0,97,,466103,22,,,0,99,,466104,22,,,0,100,,466105,22,,,0,101,,466106,22,,,0,99,,466107,22,,,0,59,,466108,22,,,0,66,,466109,22,,,0,79,,466110,22,,,0,44,,466111,22,,,0,68,,466112,22,,,0,28,,466113,22,,,0,69,,466114,22,,,0,95,,466115,22,,,0,105,,466116,22,,,0,95,,466117,22,,,0,100,,466118,22,,,0,100,,466119,22,,,0,198,,466123,22,,,0
3100,'20260526',643,,466124,22,,,0,82,,466145,22,,,0,31,,466143,22,,,0,69,,466144,22,,,0,79,,466125,22,,,0,97,,466126,22,,,0,99,,466127,22,,,0,100,,466128,22,,,0,101,,466129,22,,,0,99,,466130,22,,,0,59,,466131,22,,,0,66,,466132,22,,,0,79,,466133,22,,,0,44,,466134,22,,,0,68,,466135,22,,,0,28,,466136,22,,,0,69,,466137,22,,,0,95,,466138,22,,,0,105,,466139,22,,,0,95,,466140,22,,,0,100,,466141,22,,,0,100,,466142,22,,,0,198,,466146,22,,,0
93100,'20260515',2614,,491009,55,,,0,125,,491010,76,,,0
93100,'20260516',2614,,438562,55,,,0,125,,438563,76,,,0
93100,'20260522',2614,,491011,55,,,0,125,,491012,76,,,0
93100,'20260523',2614,,491013,55,,,0,125,,491014,76,,,0
