9102,'20260514',855,,475449,41,,,0,100,,475450,41,,,0,99,,475451,41,,,0,100,,475452,41,,,0,101,,475453,41,,,0,99,,475454,41,,,0,100,,475455,41,,,0,402,,475459,41,,,0,98,,475460,41,,,0,100,,475461,41,,,0,100,,475462,41,,,0
9102,'20260515',855,,475470,41,,,0,100,,475471,41,,,0,99,,475472,41,,,0,100,,475473,41,,,0,101,,475474,41,,,0,99,,475475,41,,,0,100,,475476,41,,,0,402,,475480,41,,,0,98,,475481,41,,,0,100,,475482,41,,,0,100,,475483,41,,,0
9102,'20260516',854,,501347,41,,,0,100,,501348,41,,,0,101,,501349,41,,,0,100,,501350,41,,,0,100,,501351,41,,,0,100,,501352,41,,,0,100,,501353,41,,,0,100,,501354,41,,,0,96,,501355,41,,,0,105,,501356,41,,,0
9102,'20260517',854,,501365,41,,,0,100,,501366,41,,,0,101,,501367,41,,,0,100,,501368,41,,,0,100,,501369,41,,,0,100,,501370,41,,,0,100,,501371,41,,,0,100,,501372,41,,,0,96,,501373,41,,,0,105,,501374,41,,,0
9102,'20260518',854,,501383,41,,,0,100,,501384,41,,,0,101,,501385,41,,,0,100,,501386,41,,,0,100,,501387,41,,,0,100,,501388,41,,,0,100,,501389,41,,,0,100,,501390,41,,,0,96,,501391,41,,,0,105,,501392,41,,,0
9102,'20260519',855,,501404,41,,,0,100,,501405,41,,,0,99,,501406,41,,,0,100,,501407,41,,,0,101,,501408,41,,,0,99,,501409,41,,,0,100,,501410,41,,,0,402,,501414,41,,,0,98,,501415,41,,,0,100,,501416,41,,,0,100,,501417,41,,,0
9102,'20260520',855,,449424,41,,,0,100,,449425,41,,,0,99,,449426,41,,,0,100,,449427,41,,,0,101,,449428,41,,,0,99,,449429,41,,,0,100,,449430,41,,,0,402,,449434,41,,,0,98,,449435,41,,,0,100,,449436,41,,,0,100,,449437,41,,,0
9102,'20260521',855,,449445,41,,,0,100,,449446,41,,,0,99,,449447,41,,,0,100,,449448,41,,,0,101,,449449,41,,,0,99,,449450,41,,,0,100,,449451,41,,,0,402,,449455,41,,,0,98,,449456,41,,,0,100,,449457,41,,,0,100,,449458,41,,,0
9102,'20260522',855,,475491,41,,,0,100,,475492,41,,,0,99,,475493,41,,,0,100,,475494,41,,,0,101,,475495,41,,,0,99,,475496,41,,,0,100,,475497,41,,,0,402,,475501,41,,,0,98,,475502,41,,,0,100,,475503,41,,,0,100,,475504,41,,,0
9102,'20260523',854,,475509,41,,,0,100,,475510,41,,,0,101,,475511,41,,,0,100,,475512,41,,,0,100,,475513,41,,,0,100,,475514,41,,,0,100,,475515,41,,,0,100,,475516,41,,,0,96,,475517,41,,,0,105,,475518,41,,,0
9102,'20260524',854,,475527,41,,,0,100,,475528,41,,,0,101,,475529,41,,,0,100,,475530,41,,,0,100,,475531,41,,,0,100,,475532,41,,,0,100,,475533,41,,,0,100,,475534,41,,,0,96,,475535,41,,,0,105,,475536,41,,,0
9102,'20260525',855,,475548,41,,,0,100,,475549,41,,,0,99,,475550,41,,,0,100,,475551,41,,,0,101,,475552,41,,,0,99,,475553,41,,,0,100,,475554,41,,,0,402,,475558,41,,,0,98,,475559,41,,,0,100,,475560,41,,,0,100,,475561,41,,,0
9102,'20260526',855,,475569,41,,,0,100,,475570,41,,,0,99,,475571,41,,,0,100,,475572,41,,,0,101,,475573,41,,,0,99,,475574,41,,,0,100,,475575,41,,,0,402,,475579,41,,,0,98,,475580,41,,,0,100,,475581,41,,,0,100,,475582,41,,,0
9102,'20260527',855,,501425,41,,,0,100,,501426,41,,,0,99,,501427,41,,,0,100,,501428,41,,,0,101,,501429,41,,,0,99,,501430,41,,,0,100,,501431,41,,,0,402,,501435,41,,,0,98,,501436,41,,,0,100,,501437,41,,,0,100,,501438,41,,,0
9102,'20260528',855,,501446,41,,,0,100,,501447,41,,,0,99,,501448,41,,,0,100,,501449,41,,,0,101,,501450,41,,,0,99,,501451,41,,,0,100,,501452,41,,,0,402,,501456,41,,,0,98,,501457,41,,,0,100,,501458,41,,,0,100,,501459,41,,,0
