10703,'20260309',1600,,273732,,,0,32,,273733,,,0,20,,273734,,,0,68,,273735,,,0,21,,273736,,,0,17,,273737,,,0,70,,273738,,,0
10703,'20260310',1600,,273739,,,0,32,,273740,,,0,20,,273741,,,0,68,,273742,,,0,21,,273743,,,0,17,,273744,,,0,70,,273745,,,0
10703,'20260311',1600,,273746,,,0,32,,273747,,,0,20,,273748,,,0,68,,273749,,,0,21,,273750,,,0,17,,273751,,,0,70,,273752,,,0
10703,'20260312',1600,,273753,,,0,32,,273754,,,0,20,,273755,,,0,68,,273756,,,0,21,,273757,,,0,17,,273758,,,0,70,,273759,,,0
10703,'20260313',1600,,273760,,,0,32,,273761,,,0,20,,273762,,,0,68,,273763,,,0,21,,273764,,,0,17,,273765,,,0,70,,273766,,,0
10703,'20260316',1600,,231380,,,0,32,,231381,,,0,20,,231382,,,0,68,,231383,,,0,21,,231384,,,0,17,,231385,,,0,70,,231386,,,0
10703,'20260317',1600,,231387,,,0,32,,231388,,,0,20,,231389,,,0,68,,231390,,,0,21,,231391,,,0,17,,231392,,,0,70,,231393,,,0
10703,'20260318',1600,,273767,,,0,32,,273768,,,0,20,,273769,,,0,68,,273770,,,0,21,,273771,,,0,17,,273772,,,0,70,,273773,,,0
10703,'20260319',1600,,273774,,,0,32,,273775,,,0,20,,273776,,,0,68,,273777,,,0,21,,273778,,,0,17,,273779,,,0,70,,273780,,,0
10703,'20260320',1600,,273781,,,0,32,,273782,,,0,20,,273783,,,0,68,,273784,,,0,21,,273785,,,0,17,,273786,,,0,70,,273787,,,0
