3200,'20260724',804,,1002048,11,,,0,132,,1002049,11,,,0,200,,1002050,11,,,0,200,,1002051,11,,,0,177,,1002052,11,,,0,35,,1002053,11,,,0,106,,1002054,11,,,0,64,,1002055,11,,,0,22,,1002056,11,,,0,69,,1002057,11,,,0,28,,1002058,11,,,0,70,,1002059,11,,,0,129,,1002060,11,,,0,199,,1002061,11,,,0,202,,1002062,11,,,0
3200,'20260725',842,,1019126,11,,,0,199,,1019127,11,,,0,200,,1019128,11,,,0,200,,1019129,11,,,0,200,,1019130,11,,,0,200,,1019131,11,,,0,200,,1019132,11,,,0,200,,1019133,11,,,0,99,,1019134,11,,,0
3200,'20260726',842,,1019135,11,,,0,199,,1019136,11,,,0,200,,1019137,11,,,0,200,,1019138,11,,,0,200,,1019139,11,,,0,200,,1019140,11,,,0,200,,1019141,11,,,0,200,,1019142,11,,,0,99,,1019143,11,,,0
3200,'20260727',804,,1019144,11,,,0,132,,1019145,11,,,0,200,,1019146,11,,,0,200,,1019147,11,,,0,177,,1019148,11,,,0,35,,1019149,11,,,0,106,,1019150,11,,,0,64,,1019151,11,,,0,22,,1019152,11,,,0,69,,1019153,11,,,0,28,,1019154,11,,,0,70,,1019155,11,,,0,129,,1019156,11,,,0,199,,1019157,11,,,0,202,,1019158,11,,,0
3200,'20260728',804,,1019159,11,,,0,132,,1019160,11,,,0,200,,1019161,11,,,0,200,,1019162,11,,,0,177,,1019163,11,,,0,35,,1019164,11,,,0,106,,1019165,11,,,0,64,,1019166,11,,,0,22,,1019167,11,,,0,69,,1019168,11,,,0,28,,1019169,11,,,0,70,,1019170,11,,,0,129,,1019171,11,,,0,199,,1019172,11,,,0,202,,1019173,11,,,0
3200,'20260729',804,,1019174,11,,,0,132,,1019175,11,,,0,200,,1019176,11,,,0,200,,1019177,11,,,0,177,,1019178,11,,,0,35,,1019179,11,,,0,106,,1019180,11,,,0,64,,1019181,11,,,0,22,,1019182,11,,,0,69,,1019183,11,,,0,28,,1019184,11,,,0,70,,1019185,11,,,0,129,,1019186,11,,,0,199,,1019187,11,,,0,202,,1019188,11,,,0
3200,'20260730',804,,1019189,11,,,0,132,,1019190,11,,,0,200,,1019191,11,,,0,200,,1019192,11,,,0,177,,1019193,11,,,0,35,,1019194,11,,,0,106,,1019195,11,,,0,64,,1019196,11,,,0,22,,1019197,11,,,0,69,,1019198,11,,,0,28,,1019199,11,,,0,70,,1019200,11,,,0,129,,1019201,11,,,0,199,,1019202,11,,,0,202,,1019203,11,,,0
3200,'20260731',804,,973174,11,,,0,132,,973175,11,,,0,200,,973176,11,,,0,200,,973177,11,,,0,177,,973178,11,,,0,35,,973179,11,,,0,106,,973188,11,,,0,64,,973180,11,,,0,22,,973181,11,,,0,69,,973182,11,,,0,28,,973183,11,,,0,70,,973184,11,,,0,129,,973185,11,,,0,199,,973186,11,,,0,202,,973187,11,,,0
3200,'20260801',842,,1002063,11,,,0,199,,1002064,11,,,0,200,,1002065,11,,,0,200,,1002066,11,,,0,200,,1002067,11,,,0,200,,1002068,11,,,0,200,,1002069,11,,,0,200,,1002070,11,,,0,99,,1002071,11,,,0
3200,'20260802',842,,1002072,11,,,0,199,,1002073,11,,,0,200,,1002074,11,,,0,200,,1002075,11,,,0,200,,1002076,11,,,0,200,,1002077,11,,,0,200,,1002078,11,,,0,200,,1002079,11,,,0,99,,1002080,11,,,0
3200,'20260803',804,,1002081,11,,,0,132,,1002082,11,,,0,200,,1002083,11,,,0,200,,1002084,11,,,0,177,,1002085,11,,,0,35,,1002086,11,,,0,106,,1002095,11,,,0,64,,1002087,11,,,0,22,,1002088,11,,,0,69,,1002089,11,,,0,28,,1002090,11,,,0,70,,1002091,11,,,0,129,,1002092,11,,,0,199,,1002093,11,,,0,202,,1002094,11,,,0
3200,'20260804',804,,1019204,11,,,0,132,,1019205,11,,,0,200,,1019206,11,,,0,200,,1019207,11,,,0,177,,1019208,11,,,0,35,,1019209,11,,,0,106,,1019218,11,,,0,64,,1019210,11,,,0,22,,1019211,11,,,0,69,,1019212,11,,,0,28,,1019213,11,,,0,70,,1019214,11,,,0,129,,1019215,11,,,0,199,,1019216,11,,,0,202,,1019217,11,,,0
3200,'20260805',804,,1019219,11,,,0,132,,1019220,11,,,0,200,,1019221,11,,,0,200,,1019222,11,,,0,177,,1019223,11,,,0,35,,1019224,11,,,0,106,,1019233,11,,,0,64,,1019225,11,,,0,22,,1019226,11,,,0,69,,1019227,11,,,0,28,,1019228,11,,,0,70,,1019229,11,,,0,129,,1019230,11,,,0,199,,1019231,11,,,0,202,,1019232,11,,,0
3200,'20260806',804,,1019234,11,,,0,132,,1019235,11,,,0,200,,1019236,11,,,0,200,,1019237,11,,,0,177,,1019238,11,,,0,35,,1019239,11,,,0,106,,1019248,11,,,0,64,,1019240,11,,,0,22,,1019241,11,,,0,69,,1019242,11,,,0,28,,1019243,11,,,0,70,,1019244,11,,,0,129,,1019245,11,,,0,199,,1019246,11,,,0,202,,1019247,11,,,0
3200,'20260807',804,,1019249,11,,,0,132,,1019250,11,,,0,200,,1019251,11,,,0,200,,1019252,11,,,0,177,,1019253,11,,,0,35,,1019254,11,,,0,106,,1019263,11,,,0,64,,1019255,11,,,0,22,,1019256,11,,,0,69,,1019257,11,,,0,28,,1019258,11,,,0,70,,1019259,11,,,0,129,,1019260,11,,,0,199,,1019261,11,,,0,202,,1019262,11,,,0
