8001,'20260623',614,,779117,34,,,0,30,,779118,34,,,0,70,,779119,34,,,0,29,,779120,34,,,0,70,,779121,34,,,0,30,,779122,34,,,0,70,,779123,34,,,0,31,,779124,34,,,0,70,,779125,34,,,0,30,,779126,34,,,0,70,,779127,34,,,0,30,,779128,34,,,0,70,,779129,34,,,0,30,,779130,34,,,0,70,,779131,34,,,0,30,,779132,34,,,0,70,,779133,34,,,0,30,,779134,34,,,0,70,,779135,34,,,0,30,,779136,34,,,0,69,,779137,34,,,0,29,,779138,34,,,0,71,,779139,34,,,0,30,,779140,34,,,0,70,,779141,34,,,0,31,,779142,34,,,0,70,,779143,34,,,0,100,,779144,34,,,0,100,,779145,34,,,0,100,,779146,34,,,0,100,,779147,34,,,0,30,,779148,34,,,0
8001,'20260624',615,,779153,34,,,0,30,,779154,34,,,0,70,,779155,34,,,0,30,,779156,34,,,0,70,,779157,34,,,0,30,,779158,34,,,0,70,,779159,34,,,0,30,,779160,34,,,0,70,,779161,34,,,0,30,,779162,34,,,0,70,,779163,34,,,0,30,,779164,34,,,0,69,,779165,34,,,0,30,,779166,34,,,0,70,,779167,34,,,0,30,,779168,34,,,0,70,,779169,34,,,0,30,,779170,34,,,0,70,,779171,34,,,0,30,,779172,34,,,0,70,,779173,34,,,0,30,,779174,34,,,0,70,,779175,34,,,0,30,,779176,34,,,0,70,,779177,34,,,0,30,,779178,34,,,0,70,,779179,34,,,0,30,,779180,34,,,0,100,,779181,34,,,0,100,,779182,34,,,0,101,,779183,34,,,0,100,,779184,34,,,0
8001,'20260625',614,,802692,34,,,0,30,,802693,34,,,0,70,,802694,34,,,0,29,,802695,34,,,0,70,,802696,34,,,0,30,,802697,34,,,0,70,,802698,34,,,0,31,,802699,34,,,0,70,,802700,34,,,0,30,,802701,34,,,0,70,,802702,34,,,0,30,,802703,34,,,0,70,,802704,34,,,0,30,,802705,34,,,0,70,,802706,34,,,0,30,,802707,34,,,0,70,,802708,34,,,0,30,,802709,34,,,0,70,,802710,34,,,0,30,,802711,34,,,0,69,,802712,34,,,0,29,,802713,34,,,0,71,,802714,34,,,0,30,,802715,34,,,0,70,,802716,34,,,0,31,,802717,34,,,0,70,,802718,34,,,0,100,,802719,34,,,0,100,,802720,34,,,0,100,,802721,34,,,0,100,,802722,34,,,0,30,,802723,34,,,0
8001,'20260626',614,,802729,34,,,0,30,,802730,34,,,0,70,,802731,34,,,0,29,,802732,34,,,0,70,,802733,34,,,0,30,,802734,34,,,0,70,,802735,34,,,0,31,,802736,34,,,0,70,,802737,34,,,0,30,,802738,34,,,0,70,,802739,34,,,0,30,,802740,34,,,0,70,,802741,34,,,0,30,,802742,34,,,0,70,,802743,34,,,0,30,,802744,34,,,0,70,,802745,34,,,0,30,,802746,34,,,0,70,,802747,34,,,0,30,,802748,34,,,0,69,,802749,34,,,0,29,,802750,34,,,0,71,,802751,34,,,0,30,,802752,34,,,0,70,,802753,34,,,0,31,,802754,34,,,0,70,,802755,34,,,0,100,,802756,34,,,0,100,,802757,34,,,0,100,,802758,34,,,0,100,,802759,34,,,0,30,,802760,34,,,0
8001,'20260627',615,,750788,34,,,0,30,,750757,34,,,0,70,,750775,34,,,0,30,,750758,34,,,0,70,,750776,34,,,0,30,,750759,34,,,0,70,,750777,34,,,0,30,,750760,34,,,0,70,,750778,34,,,0,30,,750761,34,,,0,70,,750779,34,,,0,30,,750762,34,,,0,69,,750780,34,,,0,30,,750763,34,,,0,70,,750781,34,,,0,30,,750764,34,,,0,70,,750782,34,,,0,30,,750765,34,,,0,70,,750783,34,,,0,30,,750766,34,,,0,70,,750784,34,,,0,30,,750767,34,,,0,70,,750785,34,,,0,30,,750768,34,,,0,70,,750786,34,,,0,30,,750769,34,,,0,70,,750787,34,,,0,30,,750770,34,,,0,100,,750771,34,,,0,100,,750772,34,,,0,101,,750773,34,,,0,100,,750774,34,,,0
8001,'20260628',615,,750824,34,,,0,30,,750793,34,,,0,70,,750811,34,,,0,30,,750794,34,,,0,70,,750812,34,,,0,30,,750795,34,,,0,70,,750813,34,,,0,30,,750796,34,,,0,70,,750814,34,,,0,30,,750797,34,,,0,70,,750815,34,,,0,30,,750798,34,,,0,69,,750816,34,,,0,30,,750799,34,,,0,70,,750817,34,,,0,30,,750800,34,,,0,70,,750818,34,,,0,30,,750801,34,,,0,70,,750819,34,,,0,30,,750802,34,,,0,70,,750820,34,,,0,30,,750803,34,,,0,70,,750821,34,,,0,30,,750804,34,,,0,70,,750822,34,,,0,30,,750805,34,,,0,70,,750823,34,,,0,30,,750806,34,,,0,100,,750807,34,,,0,100,,750808,34,,,0,101,,750809,34,,,0,100,,750810,34,,,0
8001,'20260629',614,,750829,34,,,0,30,,750830,34,,,0,70,,750831,34,,,0,29,,750832,34,,,0,70,,750833,34,,,0,30,,750834,34,,,0,70,,750835,34,,,0,31,,750836,34,,,0,70,,750837,34,,,0,30,,750838,34,,,0,70,,750839,34,,,0,30,,750840,34,,,0,70,,750841,34,,,0,30,,750842,34,,,0,70,,750843,34,,,0,30,,750844,34,,,0,70,,750845,34,,,0,30,,750846,34,,,0,70,,750847,34,,,0,30,,750848,34,,,0,69,,750849,34,,,0,29,,750850,34,,,0,71,,750851,34,,,0,30,,750852,34,,,0,70,,750853,34,,,0,31,,750854,34,,,0,70,,750860,34,,,0,100,,750861,34,,,0,100,,750862,34,,,0,100,,750863,34,,,0,100,,750864,34,,,0,30,,750859,34,,,0
8001,'20260630',614,,750865,34,,,0,30,,750866,34,,,0,70,,750867,34,,,0,29,,750868,34,,,0,70,,750869,34,,,0,30,,750870,34,,,0,70,,750871,34,,,0,31,,750872,34,,,0,70,,750873,34,,,0,30,,750874,34,,,0,70,,750875,34,,,0,30,,750876,34,,,0,70,,750877,34,,,0,30,,750878,34,,,0,70,,750879,34,,,0,30,,750880,34,,,0,70,,750881,34,,,0,30,,750882,34,,,0,70,,750883,34,,,0,30,,750884,34,,,0,69,,750885,34,,,0,29,,750886,34,,,0,71,,750887,34,,,0,30,,750888,34,,,0,70,,750889,34,,,0,31,,750890,34,,,0,70,,750896,34,,,0,100,,750897,34,,,0,100,,750898,34,,,0,100,,750899,34,,,0,100,,750900,34,,,0,30,,750895,34,,,0
8001,'20260701',615,,779220,34,,,0,30,,779189,34,,,0,70,,779207,34,,,0,30,,779190,34,,,0,70,,779208,34,,,0,30,,779191,34,,,0,70,,779209,34,,,0,30,,779192,34,,,0,70,,779210,34,,,0,30,,779193,34,,,0,70,,779211,34,,,0,30,,779194,34,,,0,69,,779212,34,,,0,30,,779195,34,,,0,70,,779213,34,,,0,30,,779196,34,,,0,70,,779214,34,,,0,30,,779197,34,,,0,70,,779215,34,,,0,30,,779198,34,,,0,70,,779216,34,,,0,30,,779199,34,,,0,70,,779217,34,,,0,30,,779200,34,,,0,70,,779218,34,,,0,30,,779201,34,,,0,70,,779219,34,,,0,30,,779202,34,,,0,100,,779203,34,,,0,100,,779204,34,,,0,101,,779205,34,,,0,100,,779206,34,,,0
8001,'20260702',614,,779225,34,,,0,30,,779226,34,,,0,70,,779227,34,,,0,29,,779228,34,,,0,70,,779229,34,,,0,30,,779230,34,,,0,70,,779231,34,,,0,31,,779232,34,,,0,70,,779233,34,,,0,30,,779234,34,,,0,70,,779235,34,,,0,30,,779236,34,,,0,70,,779237,34,,,0,30,,779238,34,,,0,70,,779239,34,,,0,30,,779240,34,,,0,70,,779241,34,,,0,30,,779242,34,,,0,70,,779243,34,,,0,30,,779244,34,,,0,69,,779245,34,,,0,29,,779246,34,,,0,71,,779247,34,,,0,30,,779248,34,,,0,70,,779249,34,,,0,31,,779250,34,,,0,70,,779256,34,,,0,100,,779257,34,,,0,100,,779258,34,,,0,100,,779259,34,,,0,100,,779260,34,,,0,30,,779255,34,,,0
8001,'20260703',614,,779261,34,,,0,30,,779262,34,,,0,70,,779263,34,,,0,29,,779264,34,,,0,70,,779265,34,,,0,30,,779266,34,,,0,70,,779267,34,,,0,31,,779268,34,,,0,70,,779269,34,,,0,30,,779270,34,,,0,70,,779271,34,,,0,30,,779272,34,,,0,70,,779273,34,,,0,30,,779274,34,,,0,70,,779275,34,,,0,30,,779276,34,,,0,70,,779277,34,,,0,30,,779278,34,,,0,70,,779279,34,,,0,30,,779280,34,,,0,69,,779281,34,,,0,29,,779282,34,,,0,71,,779283,34,,,0,30,,779284,34,,,0,70,,779285,34,,,0,31,,779286,34,,,0,70,,779292,34,,,0,100,,779293,34,,,0,100,,779294,34,,,0,100,,779295,34,,,0,100,,779296,34,,,0,30,,779291,34,,,0
8001,'20260704',615,,802796,34,,,0,30,,802765,34,,,0,70,,802783,34,,,0,30,,802766,34,,,0,70,,802784,34,,,0,30,,802767,34,,,0,70,,802785,34,,,0,30,,802768,34,,,0,70,,802786,34,,,0,30,,802769,34,,,0,70,,802787,34,,,0,30,,802770,34,,,0,69,,802788,34,,,0,30,,802771,34,,,0,70,,802789,34,,,0,30,,802772,34,,,0,70,,802790,34,,,0,30,,802773,34,,,0,70,,802791,34,,,0,30,,802774,34,,,0,70,,802792,34,,,0,30,,802775,34,,,0,70,,802793,34,,,0,30,,802776,34,,,0,70,,802794,34,,,0,30,,802777,34,,,0,70,,802795,34,,,0,30,,802778,34,,,0,100,,802779,34,,,0,100,,802780,34,,,0,101,,802781,34,,,0,100,,802782,34,,,0
8001,'20260705',615,,802832,34,,,0,30,,802801,34,,,0,70,,802819,34,,,0,30,,802802,34,,,0,70,,802820,34,,,0,30,,802803,34,,,0,70,,802821,34,,,0,30,,802804,34,,,0,70,,802822,34,,,0,30,,802805,34,,,0,70,,802823,34,,,0,30,,802806,34,,,0,69,,802824,34,,,0,30,,802807,34,,,0,70,,802825,34,,,0,30,,802808,34,,,0,70,,802826,34,,,0,30,,802809,34,,,0,70,,802827,34,,,0,30,,802810,34,,,0,70,,802828,34,,,0,30,,802811,34,,,0,70,,802829,34,,,0,30,,802812,34,,,0,70,,802830,34,,,0,30,,802813,34,,,0,70,,802831,34,,,0,30,,802814,34,,,0,100,,802815,34,,,0,100,,802816,34,,,0,101,,802817,34,,,0,100,,802818,34,,,0
8001,'20260706',614,,802837,34,,,0,30,,802838,34,,,0,70,,802839,34,,,0,29,,802840,34,,,0,70,,802841,34,,,0,30,,802842,34,,,0,70,,802843,34,,,0,31,,802844,34,,,0,70,,802845,34,,,0,30,,802846,34,,,0,70,,802847,34,,,0,30,,802848,34,,,0,70,,802849,34,,,0,30,,802850,34,,,0,70,,802851,34,,,0,30,,802852,34,,,0,70,,802853,34,,,0,30,,802854,34,,,0,70,,802855,34,,,0,30,,802856,34,,,0,69,,802857,34,,,0,29,,802858,34,,,0,71,,802859,34,,,0,30,,802860,34,,,0,70,,802861,34,,,0,31,,802862,34,,,0,70,,802868,34,,,0,100,,802869,34,,,0,100,,802870,34,,,0,100,,802871,34,,,0,100,,802872,34,,,0,30,,802867,34,,,0
8001,'20260707',614,,802873,34,,,0,30,,802874,34,,,0,70,,802875,34,,,0,29,,802876,34,,,0,70,,802877,34,,,0,30,,802878,34,,,0,70,,802879,34,,,0,31,,802880,34,,,0,70,,802881,34,,,0,30,,802882,34,,,0,70,,802883,34,,,0,30,,802884,34,,,0,70,,802885,34,,,0,30,,802886,34,,,0,70,,802887,34,,,0,30,,802888,34,,,0,70,,802889,34,,,0,30,,802890,34,,,0,70,,802891,34,,,0,30,,802892,34,,,0,69,,802893,34,,,0,29,,802894,34,,,0,71,,802895,34,,,0,30,,802896,34,,,0,70,,802897,34,,,0,31,,802898,34,,,0,70,,802904,34,,,0,100,,802905,34,,,0,100,,802906,34,,,0,100,,802907,34,,,0,100,,802908,34,,,0,30,,802903,34,,,0
28001,'20260623',640,,783011,36,,,0,75,,783012,36,,,0,25,,783013,36,,,0,17,,783014,36,,,0,54,,783015,36,,,0,8,,783016,36,,,0
28001,'20260625',640,,805999,36,,,0,75,,806000,36,,,0,25,,806001,36,,,0,17,,806002,36,,,0,54,,806003,36,,,0,8,,806004,36,,,0
28001,'20260626',640,,806005,36,,,0,75,,806006,36,,,0,25,,806007,36,,,0,17,,806008,36,,,0,54,,806009,36,,,0,8,,806010,36,,,0
28001,'20260629',640,,755261,36,,,0,75,,755262,36,,,0,25,,755263,36,,,0,17,,755266,36,,,0,54,,755264,36,,,0,8,,755265,36,,,0
28001,'20260630',640,,755267,36,,,0,75,,755268,36,,,0,25,,755269,36,,,0,17,,755272,36,,,0,54,,755270,36,,,0,8,,755271,36,,,0
28001,'20260702',640,,783017,36,,,0,75,,783018,36,,,0,25,,783019,36,,,0,17,,783022,36,,,0,54,,783020,36,,,0,8,,783021,36,,,0
28001,'20260703',640,,783023,36,,,0,75,,783024,36,,,0,25,,783025,36,,,0,17,,783028,36,,,0,54,,783026,36,,,0,8,,783027,36,,,0
28001,'20260706',640,,806011,36,,,0,75,,806012,36,,,0,25,,806013,36,,,0,17,,806016,36,,,0,54,,806014,36,,,0,8,,806015,36,,,0
28001,'20260707',640,,806017,36,,,0,75,,806018,36,,,0,25,,806019,36,,,0,17,,806022,36,,,0,54,,806020,36,,,0,8,,806021,36,,,0
58001,'20260623',711,,783732,36,,,0,29,,783733,36,,,0,70,,783734,36,,,0
58001,'20260625',711,,806649,36,,,0,29,,806650,36,,,0,70,,806651,36,,,0
58001,'20260626',711,,806652,36,,,0,29,,806653,36,,,0,70,,806654,36,,,0
58001,'20260629',711,,756273,36,,,0,29,,756272,36,,,0,70,,756274,36,,,0
58001,'20260630',711,,756276,36,,,0,29,,756275,36,,,0,70,,756277,36,,,0
58001,'20260702',711,,783736,36,,,0,29,,783735,36,,,0,70,,783737,36,,,0
58001,'20260703',711,,783739,36,,,0,29,,783738,36,,,0,70,,783740,36,,,0
58001,'20260706',711,,806656,36,,,0,29,,806655,36,,,0,70,,806657,36,,,0
58001,'20260707',711,,806659,36,,,0,29,,806658,36,,,0,70,,806660,36,,,0
63000,'20260623',1552,,783816,6,,,0,72,,783817,6,,,0,35,,783818,6,,,0
63000,'20260625',1552,,806733,6,,,0,72,,806734,6,,,0,35,,806735,6,,,0
63000,'20260626',1552,,806736,6,,,0,72,,806737,6,,,0,35,,806738,6,,,0
63000,'20260629',1552,,756382,6,,,0,72,,756383,6,,,0,35,,756384,6,,,0
63000,'20260630',1552,,756385,6,,,0,72,,756386,6,,,0,35,,756387,6,,,0
63000,'20260702',1552,,783819,6,,,0,72,,783820,6,,,0,35,,783821,6,,,0
63000,'20260703',1552,,783822,6,,,0,72,,783823,6,,,0,35,,783824,6,,,0
63000,'20260706',1552,,806739,6,,,0,72,,806740,6,,,0,35,,806741,6,,,0
63000,'20260707',1552,,806742,6,,,0,72,,806743,6,,,0,35,,806744,6,,,0
