7203,'20260423',658,,314047,46,,,0,72,,314048,46,,,0,73,,314049,46,,,0,30,,314050,46,,,0,68,,314051,46,,,0,28,,314052,46,,,0,29,,314053,46,,,0,70,,314054,46,,,0,30,,314055,46,,,0,70,,314056,46,,,0,30,,314057,46,,,0,70,,314058,46,,,0,31,,314059,46,,,0,70,,314060,46,,,0,30,,314061,46,,,0,70,,314062,46,,,0,30,,314063,46,,,0,71,,314064,46,,,0,72,,314065,46,,,0,33,,314066,46,,,0,69,,314067,46,,,0,28,,314068,46,,,0,27,,314069,46,,,0,70,,314070,46,,,0,28,,314071,46,,,0,69,,314072,46,,,0,100,,314073,46,,,0,100,,314074,46,,,0,100,,314075,46,,,0,99,,314076,46,,,0,100,,314077,46,,,0
7203,'20260424',658,,314078,46,,,0,72,,314079,46,,,0,73,,314080,46,,,0,30,,314081,46,,,0,68,,314082,46,,,0,28,,314083,46,,,0,29,,314084,46,,,0,70,,314085,46,,,0,30,,314086,46,,,0,70,,314087,46,,,0,30,,314088,46,,,0,70,,314089,46,,,0,31,,314090,46,,,0,70,,314091,46,,,0,30,,314092,46,,,0,70,,314093,46,,,0,30,,314094,46,,,0,71,,314095,46,,,0,72,,314096,46,,,0,33,,314097,46,,,0,69,,314098,46,,,0,28,,314099,46,,,0,27,,314100,46,,,0,70,,314101,46,,,0,28,,314102,46,,,0,69,,314103,46,,,0,100,,314104,46,,,0,100,,314105,46,,,0,100,,314106,46,,,0,99,,314107,46,,,0,100,,314108,46,,,0
7203,'20260425',726,,340371,46,,,0,101,,340372,46,,,0,100,,340373,46,,,0,100,,340374,46,,,0,100,,340375,46,,,0,100,,340376,46,,,0,101,,340377,46,,,0,100,,340378,46,,,0,101,,340379,46,,,0,99,,340380,46,,,0,100,,340381,46,,,0,99,,340382,46,,,0,99,,340383,46,,,0,100,,340384,46,,,0,100,,340385,46,,,0,99,,340386,46,,,0,100,,340387,46,,,0,99,,340388,46,,,0,30,,340389,46,,,0
7203,'20260426',726,,340390,46,,,0,101,,340391,46,,,0,100,,340392,46,,,0,100,,340393,46,,,0,100,,340394,46,,,0,100,,340395,46,,,0,101,,340396,46,,,0,100,,340397,46,,,0,101,,340398,46,,,0,99,,340399,46,,,0,100,,340400,46,,,0,99,,340401,46,,,0,99,,340402,46,,,0,100,,340403,46,,,0,100,,340404,46,,,0,99,,340405,46,,,0,100,,340406,46,,,0,99,,340407,46,,,0,30,,340408,46,,,0
7203,'20260427',658,,340409,46,,,0,72,,340410,46,,,0,73,,340411,46,,,0,30,,340412,46,,,0,68,,340413,46,,,0,28,,340414,46,,,0,29,,340415,46,,,0,70,,340416,46,,,0,30,,340417,46,,,0,70,,340418,46,,,0,30,,340419,46,,,0,70,,340420,46,,,0,31,,340421,46,,,0,70,,340422,46,,,0,30,,340423,46,,,0,70,,340424,46,,,0,30,,340425,46,,,0,71,,340426,46,,,0,72,,340427,46,,,0,33,,340428,46,,,0,69,,340429,46,,,0,28,,340430,46,,,0,27,,340431,46,,,0,70,,340432,46,,,0,28,,340433,46,,,0,69,,340434,46,,,0,100,,340435,46,,,0,100,,340436,46,,,0,100,,340437,46,,,0,99,,340438,46,,,0,100,,340439,46,,,0
7203,'20260428',658,,340440,46,,,0,72,,340441,46,,,0,73,,340442,46,,,0,30,,340443,46,,,0,68,,340444,46,,,0,28,,340445,46,,,0,29,,340446,46,,,0,70,,340447,46,,,0,30,,340448,46,,,0,70,,340449,46,,,0,30,,340450,46,,,0,70,,340451,46,,,0,31,,340452,46,,,0,70,,340453,46,,,0,30,,340454,46,,,0,70,,340455,46,,,0,30,,340456,46,,,0,71,,340457,46,,,0,72,,340458,46,,,0,33,,340459,46,,,0,69,,340460,46,,,0,28,,340461,46,,,0,27,,340462,46,,,0,70,,340463,46,,,0,28,,340464,46,,,0,69,,340465,46,,,0,100,,340466,46,,,0,100,,340467,46,,,0,100,,340468,46,,,0,99,,340469,46,,,0,100,,340470,46,,,0
7203,'20260429',658,,287862,46,,,0,72,,287863,46,,,0,73,,287864,46,,,0,30,,287865,46,,,0,68,,287866,46,,,0,28,,287867,46,,,0,29,,287868,46,,,0,70,,287869,46,,,0,30,,287870,46,,,0,70,,287871,46,,,0,30,,287872,46,,,0,70,,287873,46,,,0,31,,287874,46,,,0,70,,287875,46,,,0,30,,287876,46,,,0,70,,287877,46,,,0,30,,287878,46,,,0,71,,287879,46,,,0,72,,287880,46,,,0,33,,287881,46,,,0,69,,287882,46,,,0,28,,287883,46,,,0,27,,287884,46,,,0,70,,287885,46,,,0,28,,287886,46,,,0,69,,287887,46,,,0,100,,287888,46,,,0,100,,287889,46,,,0,100,,287890,46,,,0,99,,287891,46,,,0,100,,287892,46,,,0
7203,'20260430',658,,287893,46,,,0,72,,287894,46,,,0,73,,287895,46,,,0,30,,287896,46,,,0,68,,287897,46,,,0,28,,287898,46,,,0,29,,287899,46,,,0,70,,287900,46,,,0,30,,287901,46,,,0,70,,287902,46,,,0,30,,287903,46,,,0,70,,287904,46,,,0,31,,287905,46,,,0,70,,287906,46,,,0,30,,287907,46,,,0,70,,287908,46,,,0,30,,287909,46,,,0,71,,287910,46,,,0,72,,287911,46,,,0,33,,287912,46,,,0,69,,287913,46,,,0,28,,287914,46,,,0,27,,287915,46,,,0,70,,287916,46,,,0,28,,287917,46,,,0,69,,287918,46,,,0,100,,287919,46,,,0,100,,287920,46,,,0,100,,287921,46,,,0,99,,287922,46,,,0,100,,287923,46,,,0
7203,'20260501',658,,314109,46,,,0,72,,314110,46,,,0,73,,314111,46,,,0,30,,314112,46,,,0,68,,314113,46,,,0,28,,314114,46,,,0,29,,314115,46,,,0,70,,314116,46,,,0,30,,314117,46,,,0,70,,314118,46,,,0,30,,314119,46,,,0,70,,314120,46,,,0,31,,314121,46,,,0,70,,314122,46,,,0,30,,314123,46,,,0,70,,314124,46,,,0,30,,314125,46,,,0,71,,314126,46,,,0,72,,314127,46,,,0,33,,314128,46,,,0,69,,314129,46,,,0,28,,314130,46,,,0,27,,314131,46,,,0,70,,314132,46,,,0,28,,314133,46,,,0,69,,314134,46,,,0,100,,314135,46,,,0,100,,314136,46,,,0,100,,314137,46,,,0,99,,314138,46,,,0,100,,314139,46,,,0
7203,'20260502',726,,314140,46,,,0,101,,314141,46,,,0,100,,314142,46,,,0,100,,314143,46,,,0,100,,314144,46,,,0,100,,314145,46,,,0,101,,314146,46,,,0,100,,314147,46,,,0,101,,314148,46,,,0,99,,314149,46,,,0,100,,314150,46,,,0,99,,314151,46,,,0,99,,314152,46,,,0,100,,314153,46,,,0,100,,314154,46,,,0,99,,314155,46,,,0,100,,314156,46,,,0,99,,314157,46,,,0,30,,314158,46,,,0
7203,'20260503',726,,314159,46,,,0,101,,314160,46,,,0,100,,314161,46,,,0,100,,314162,46,,,0,100,,314163,46,,,0,100,,314164,46,,,0,101,,314165,46,,,0,100,,314166,46,,,0,101,,314167,46,,,0,99,,314168,46,,,0,100,,314169,46,,,0,99,,314175,46,,,0,99,,314176,46,,,0,100,,314170,46,,,0,100,,314171,46,,,0,99,,314172,46,,,0,100,,314173,46,,,0,99,,314174,46,,,0,30,,314177,46,,,0
7203,'20260504',658,,314178,46,,,0,72,,314179,46,,,0,73,,314180,46,,,0,30,,314181,46,,,0,68,,314182,46,,,0,28,,314183,46,,,0,29,,314184,46,,,0,70,,314185,46,,,0,30,,314186,46,,,0,70,,314187,46,,,0,30,,314188,46,,,0,70,,314189,46,,,0,31,,314190,46,,,0,70,,314191,46,,,0,30,,314192,46,,,0,70,,314193,46,,,0,30,,314194,46,,,0,71,,314195,46,,,0,72,,314196,46,,,0,33,,314197,46,,,0,69,,314198,46,,,0,28,,314199,46,,,0,27,,314200,46,,,0,70,,314201,46,,,0,28,,314202,46,,,0,69,,314203,46,,,0,100,,314204,46,,,0,100,,314205,46,,,0,100,,314206,46,,,0,99,,314207,46,,,0,100,,314208,46,,,0
7203,'20260505',658,,340471,46,,,0,72,,340472,46,,,0,73,,340473,46,,,0,30,,340474,46,,,0,68,,340475,46,,,0,28,,340476,46,,,0,29,,340477,46,,,0,70,,340478,46,,,0,30,,340479,46,,,0,70,,340480,46,,,0,30,,340481,46,,,0,70,,340482,46,,,0,31,,340483,46,,,0,70,,340484,46,,,0,30,,340485,46,,,0,70,,340486,46,,,0,30,,340487,46,,,0,71,,340488,46,,,0,72,,340489,46,,,0,33,,340490,46,,,0,69,,340491,46,,,0,28,,340492,46,,,0,27,,340493,46,,,0,70,,340494,46,,,0,28,,340495,46,,,0,69,,340496,46,,,0,100,,340497,46,,,0,100,,340498,46,,,0,100,,340499,46,,,0,99,,340500,46,,,0,100,,340501,46,,,0
7203,'20260506',658,,340502,46,,,0,72,,340503,46,,,0,73,,340504,46,,,0,30,,340505,46,,,0,68,,340506,46,,,0,28,,340507,46,,,0,29,,340508,46,,,0,70,,340509,46,,,0,30,,340510,46,,,0,70,,340511,46,,,0,30,,340512,46,,,0,70,,340513,46,,,0,31,,340514,46,,,0,70,,340515,46,,,0,30,,340516,46,,,0,70,,340517,46,,,0,30,,340518,46,,,0,71,,340519,46,,,0,72,,340520,46,,,0,33,,340521,46,,,0,69,,340522,46,,,0,28,,340523,46,,,0,27,,340524,46,,,0,70,,340525,46,,,0,28,,340526,46,,,0,69,,340527,46,,,0,100,,340528,46,,,0,100,,340529,46,,,0,100,,340530,46,,,0,99,,340531,46,,,0,100,,340532,46,,,0
7203,'20260507',658,,340533,46,,,0,72,,340534,46,,,0,73,,340535,46,,,0,30,,340536,46,,,0,68,,340537,46,,,0,28,,340538,46,,,0,29,,340539,46,,,0,70,,340540,46,,,0,30,,340541,46,,,0,70,,340542,46,,,0,30,,340543,46,,,0,70,,340544,46,,,0,31,,340545,46,,,0,70,,340546,46,,,0,30,,340547,46,,,0,70,,340548,46,,,0,30,,340549,46,,,0,71,,340550,46,,,0,72,,340551,46,,,0,33,,340552,46,,,0,69,,340553,46,,,0,28,,340554,46,,,0,27,,340555,46,,,0,70,,340556,46,,,0,28,,340557,46,,,0,69,,340558,46,,,0,100,,340559,46,,,0,100,,340560,46,,,0,100,,340561,46,,,0,99,,340562,46,,,0,100,,340563,46,,,0
97203,'20260424',2616,,330512,56,,,0
97203,'20260425',2616,,356805,56,,,0
97203,'20260501',2616,,330513,56,,,0
97203,'20260502',2616,,330514,56,,,0
