3600,'20260514',743,,466801,50,,,0,70,,466802,50,,,0,30,,466803,50,,,0,99,,466804,50,,,0,100,,466805,50,,,0,101,,466806,50,,,0,100,,466807,50,,,0,100,,466808,50,,,0,100,,466809,50,,,0,101,,466810,50,,,0,70,,466811,50,,,0,30,,466812,50,,,0,70,,466813,50,,,0,29,,466814,50,,,0,69,,466815,50,,,0,30,,466816,50,,,0,100,,466817,50,,,0,100,,466818,50,,,0,99,,466819,50,,,0,99,,466820,50,,,0,100,,466821,50,,,0,100,,466822,50,,,0
3600,'20260515',743,,466823,50,,,0,70,,466824,50,,,0,30,,466825,50,,,0,99,,466826,50,,,0,100,,466827,50,,,0,101,,466828,50,,,0,100,,466829,50,,,0,100,,466830,50,,,0,100,,466831,50,,,0,101,,466832,50,,,0,70,,466833,50,,,0,30,,466834,50,,,0,70,,466835,50,,,0,29,,466836,50,,,0,69,,466837,50,,,0,30,,466838,50,,,0,100,,466839,50,,,0,100,,466840,50,,,0,99,,466841,50,,,0,99,,466842,50,,,0,100,,466843,50,,,0,100,,466844,50,,,0
3600,'20260516',741,,495277,50,,,0,100,,495278,50,,,0,100,,495279,50,,,0,101,,495280,50,,,0,100,,495281,50,,,0,100,,495282,50,,,0,100,,495283,50,,,0,100,,495284,50,,,0,100,,495285,50,,,0,100,,495286,50,,,0,100,,495287,50,,,0,100,,495288,50,,,0,100,,495289,50,,,0,100,,495290,50,,,0,99,,495291,50,,,0,100,,495292,50,,,0,100,,495293,50,,,0,100,,495294,50,,,0
3600,'20260517',741,,495295,50,,,0,100,,495296,50,,,0,100,,495297,50,,,0,101,,495298,50,,,0,100,,495299,50,,,0,100,,495300,50,,,0,100,,495301,50,,,0,100,,495302,50,,,0,100,,495303,50,,,0,100,,495304,50,,,0,100,,495305,50,,,0,100,,495306,50,,,0,100,,495307,50,,,0,100,,495308,50,,,0,99,,495309,50,,,0,100,,495310,50,,,0,100,,495311,50,,,0,100,,495312,50,,,0
3600,'20260518',741,,495313,50,,,0,100,,495314,50,,,0,100,,495315,50,,,0,101,,495316,50,,,0,100,,495317,50,,,0,100,,495318,50,,,0,100,,495319,50,,,0,100,,495320,50,,,0,100,,495321,50,,,0,100,,495322,50,,,0,100,,495323,50,,,0,100,,495324,50,,,0,100,,495325,50,,,0,100,,495326,50,,,0,99,,495327,50,,,0,100,,495328,50,,,0,100,,495329,50,,,0,100,,495330,50,,,0
3600,'20260519',743,,495331,50,,,0,70,,495332,50,,,0,30,,495333,50,,,0,99,,495334,50,,,0,100,,495335,50,,,0,101,,495336,50,,,0,100,,495337,50,,,0,100,,495338,50,,,0,100,,495339,50,,,0,101,,495340,50,,,0,70,,495341,50,,,0,30,,495342,50,,,0,70,,495343,50,,,0,29,,495344,50,,,0,69,,495345,50,,,0,30,,495346,50,,,0,100,,495347,50,,,0,100,,495348,50,,,0,99,,495349,50,,,0,99,,495350,50,,,0,100,,495351,50,,,0,100,,495352,50,,,0
3600,'20260520',743,,443076,50,,,0,70,,443097,50,,,0,30,,443077,50,,,0,99,,443078,50,,,0,100,,443079,50,,,0,101,,443080,50,,,0,100,,443081,50,,,0,100,,443082,50,,,0,100,,443083,50,,,0,101,,443084,50,,,0,70,,443085,50,,,0,30,,443086,50,,,0,70,,443087,50,,,0,29,,443088,50,,,0,69,,443089,50,,,0,30,,443091,50,,,0,100,,443092,50,,,0,100,,443093,50,,,0,99,,443094,50,,,0,99,,443095,50,,,0,100,,443096,50,,,0,100,,443090,50,,,0
3600,'20260521',743,,443098,50,,,0,70,,443119,50,,,0,30,,443099,50,,,0,99,,443100,50,,,0,100,,443101,50,,,0,101,,443102,50,,,0,100,,443103,50,,,0,100,,443104,50,,,0,100,,443105,50,,,0,101,,443106,50,,,0,70,,443107,50,,,0,30,,443108,50,,,0,70,,443109,50,,,0,29,,443110,50,,,0,69,,443111,50,,,0,30,,443113,50,,,0,100,,443114,50,,,0,100,,443115,50,,,0,99,,443116,50,,,0,99,,443117,50,,,0,100,,443118,50,,,0,100,,443112,50,,,0
3600,'20260522',743,,466845,50,,,0,70,,466866,50,,,0,30,,466846,50,,,0,99,,466847,50,,,0,100,,466848,50,,,0,101,,466849,50,,,0,100,,466850,50,,,0,100,,466851,50,,,0,100,,466852,50,,,0,101,,466853,50,,,0,70,,466854,50,,,0,30,,466855,50,,,0,70,,466856,50,,,0,29,,466857,50,,,0,69,,466858,50,,,0,30,,466860,50,,,0,100,,466861,50,,,0,100,,466862,50,,,0,99,,466863,50,,,0,99,,466864,50,,,0,100,,466865,50,,,0,100,,466859,50,,,0
3600,'20260523',741,,466869,50,,,0,100,,466870,50,,,0,100,,466871,50,,,0,101,,466872,50,,,0,100,,466873,50,,,0,100,,466874,50,,,0,100,,466875,50,,,0,100,,466876,50,,,0,100,,466877,50,,,0,100,,466878,50,,,0,100,,466879,50,,,0,100,,466880,50,,,0,100,,466882,50,,,0,100,,466867,50,,,0,99,,466883,50,,,0,100,,466868,50,,,0,100,,466881,50,,,0,100,,466884,50,,,0
3600,'20260524',741,,466902,50,,,0,100,,466900,50,,,0,100,,466894,50,,,0,101,,466897,50,,,0,100,,466886,50,,,0,100,,466885,50,,,0,100,,466893,50,,,0,100,,466892,50,,,0,100,,466891,50,,,0,100,,466890,50,,,0,100,,466889,50,,,0,100,,466888,50,,,0,100,,466898,50,,,0,100,,466887,50,,,0,99,,466899,50,,,0,100,,466896,50,,,0,100,,466895,50,,,0,100,,466901,50,,,0
3600,'20260525',743,,466903,50,,,0,70,,466924,50,,,0,30,,466904,50,,,0,99,,466905,50,,,0,100,,466906,50,,,0,101,,466907,50,,,0,100,,466908,50,,,0,100,,466909,50,,,0,100,,466910,50,,,0,101,,466911,50,,,0,70,,466912,50,,,0,30,,466913,50,,,0,70,,466914,50,,,0,29,,466915,50,,,0,69,,466916,50,,,0,30,,466918,50,,,0,100,,466919,50,,,0,100,,466920,50,,,0,99,,466921,50,,,0,99,,466922,50,,,0,100,,466923,50,,,0,100,,466917,50,,,0
3600,'20260526',743,,466925,50,,,0,70,,466946,50,,,0,30,,466926,50,,,0,99,,466927,50,,,0,100,,466928,50,,,0,101,,466929,50,,,0,100,,466930,50,,,0,100,,466931,50,,,0,100,,466932,50,,,0,101,,466933,50,,,0,70,,466934,50,,,0,30,,466935,50,,,0,70,,466936,50,,,0,29,,466937,50,,,0,69,,466938,50,,,0,30,,466940,50,,,0,100,,466941,50,,,0,100,,466942,50,,,0,99,,466943,50,,,0,99,,466944,50,,,0,100,,466945,50,,,0,100,,466939,50,,,0
3600,'20260527',743,,495353,50,,,0,70,,495374,50,,,0,30,,495354,50,,,0,99,,495355,50,,,0,100,,495356,50,,,0,101,,495357,50,,,0,100,,495358,50,,,0,100,,495359,50,,,0,100,,495360,50,,,0,101,,495361,50,,,0,70,,495362,50,,,0,30,,495363,50,,,0,70,,495364,50,,,0,29,,495365,50,,,0,69,,495366,50,,,0,30,,495368,50,,,0,100,,495369,50,,,0,100,,495370,50,,,0,99,,495371,50,,,0,99,,495372,50,,,0,100,,495373,50,,,0,100,,495367,50,,,0
3600,'20260528',743,,495375,50,,,0,70,,495396,50,,,0,30,,495376,50,,,0,99,,495377,50,,,0,100,,495378,50,,,0,101,,495379,50,,,0,100,,495380,50,,,0,100,,495381,50,,,0,100,,495382,50,,,0,101,,495383,50,,,0,70,,495384,50,,,0,30,,495385,50,,,0,70,,495386,50,,,0,29,,495387,50,,,0,69,,495388,50,,,0,30,,495390,50,,,0,100,,495391,50,,,0,100,,495392,50,,,0,99,,495393,50,,,0,99,,495394,50,,,0,100,,495395,50,,,0,100,,495389,50,,,0
93600,'20260515',2602,,491018,53,,,0
93600,'20260516',2602,,511813,53,,,0
93600,'20260522',2602,,491019,53,,,0
93600,'20260523',2602,,491020,53,,,0
