57200,'20260703',1649,,855445,10,4,,0,71,,855446,10,4,,0
57200,'20260706',1649,,885335,10,4,,0,71,,885336,10,4,,0
57200,'20260707',1649,,885337,10,4,,0,71,,885338,10,4,,0
57200,'20260708',1649,,885339,10,4,,0,71,,885340,10,4,,0
57200,'20260709',1649,,885341,10,4,,0,71,,885342,10,4,,0
57200,'20260710',1649,,833472,10,4,,0,71,,833473,10,4,,0
57200,'20260713',1649,,855447,10,4,,0,71,,855448,10,4,,0
57200,'20260714',1649,,855449,10,4,,0,71,,855450,10,4,,0
57200,'20260715',1649,,885343,10,4,,0,71,,885344,10,4,,0
57200,'20260716',1649,,885345,10,4,,0,71,,885346,10,4,,0
57200,'20260717',1649,,885347,10,4,,0,71,,885348,10,4,,0
