1803,'20260720',639,,971209,18,,,0,66,,971210,18,,,0,20,,971211,18,,,0,12,,971212,18,,,0,14,,971213,18,,,0,56,,971208,12,,,0,2,,971214,18,,,0,13,,971215,18,,,0,31,,971216,18,,,0,71,,971217,18,,,0,30,,971218,18,,,0,70,,971219,18,,,0,30,,971220,18,,,0,60,,971221,18,,,0,20,,971222,18,,,0,20,,971223,18,,,0,70,,971224,18,,,0,30,,971225,18,,,0,70,,971226,18,,,0,30,,971227,18,,,0,70,,971228,18,,,0,29,,971229,18,,,0,69,,971230,18,,,0,28,,971231,18,,,0,70,,971232,18,,,0,32,,971233,18,,,0,70,,971234,18,,,0,32,,971235,18,,,0,71,,971236,18,,,0,30,,971237,18,,,0,99,,971238,18,,,0,100,,971239,18,,,0,101,,971240,18,,,0,100,,971241,18,,,0,100,,971242,18,,,0
1803,'20260721',639,,971244,18,,,0,66,,971245,18,,,0,20,,971246,18,,,0,12,,971247,18,,,0,14,,971248,18,,,0,56,,971243,12,,,0,2,,971249,18,,,0,13,,971250,18,,,0,31,,971251,18,,,0,71,,971252,18,,,0,30,,971253,18,,,0,70,,971254,18,,,0,30,,971255,18,,,0,60,,971256,18,,,0,20,,971257,18,,,0,20,,971258,18,,,0,70,,971259,18,,,0,30,,971260,18,,,0,70,,971261,18,,,0,30,,971262,18,,,0,70,,971263,18,,,0,29,,971264,18,,,0,69,,971265,18,,,0,28,,971266,18,,,0,70,,971267,18,,,0,32,,971268,18,,,0,70,,971269,18,,,0,32,,971270,18,,,0,71,,971271,18,,,0,30,,971272,18,,,0,99,,971273,18,,,0,100,,971274,18,,,0,101,,971275,18,,,0,100,,971276,18,,,0,100,,971277,18,,,0
1803,'20260722',639,,971279,18,,,0,66,,971280,18,,,0,20,,971281,18,,,0,12,,971282,18,,,0,14,,971283,18,,,0,56,,971278,12,,,0,2,,971284,18,,,0,13,,971285,18,,,0,31,,971286,18,,,0,71,,971287,18,,,0,30,,971288,18,,,0,70,,971289,18,,,0,30,,971290,18,,,0,60,,971291,18,,,0,20,,971292,18,,,0,20,,971293,18,,,0,70,,971294,18,,,0,30,,971295,18,,,0,70,,971296,18,,,0,30,,971297,18,,,0,70,,971298,18,,,0,29,,971299,18,,,0,69,,971300,18,,,0,28,,971301,18,,,0,70,,971302,18,,,0,32,,971303,18,,,0,70,,971304,18,,,0,32,,971305,18,,,0,71,,971306,18,,,0,30,,971307,18,,,0,99,,971308,18,,,0,100,,971309,18,,,0,101,,971310,18,,,0,100,,971311,18,,,0,100,,971312,18,,,0
1803,'20260723',639,,971314,18,,,0,66,,971315,18,,,0,20,,971316,18,,,0,12,,971317,18,,,0,14,,971318,18,,,0,56,,971313,12,,,0,2,,971319,18,,,0,13,,971320,18,,,0,31,,971321,18,,,0,71,,971322,18,,,0,30,,971323,18,,,0,70,,971324,18,,,0,30,,971325,18,,,0,60,,971326,18,,,0,20,,971327,18,,,0,20,,971328,18,,,0,70,,971329,18,,,0,30,,971330,18,,,0,70,,971331,18,,,0,30,,971332,18,,,0,70,,971333,18,,,0,29,,971334,18,,,0,69,,971335,18,,,0,28,,971336,18,,,0,70,,971337,18,,,0,32,,971338,18,,,0,70,,971339,18,,,0,32,,971340,18,,,0,71,,971341,18,,,0,30,,971342,18,,,0,99,,971343,18,,,0,100,,971344,18,,,0,101,,971345,18,,,0,100,,971346,18,,,0,100,,971347,18,,,0
1803,'20260724',639,,1001310,18,,,0,66,,1001311,18,,,0,20,,1001312,18,,,0,12,,1001313,18,,,0,14,,1001314,18,,,0,56,,1001309,12,,,0,2,,1001315,18,,,0,13,,1001316,18,,,0,31,,1001317,18,,,0,71,,1001318,18,,,0,30,,1001319,18,,,0,70,,1001320,18,,,0,30,,1001321,18,,,0,60,,1001322,18,,,0,20,,1001323,18,,,0,20,,1001324,18,,,0,70,,1001325,18,,,0,30,,1001326,18,,,0,70,,1001327,18,,,0,30,,1001328,18,,,0,70,,1001329,18,,,0,29,,1001330,18,,,0,69,,1001331,18,,,0,28,,1001332,18,,,0,70,,1001333,18,,,0,32,,1001334,18,,,0,70,,1001335,18,,,0,32,,1001336,18,,,0,71,,1001337,18,,,0,30,,1001338,18,,,0,99,,1001339,18,,,0,100,,1001340,18,,,0,101,,1001341,18,,,0,100,,1001342,18,,,0,100,,1001343,18,,,0
1803,'20260725',639,,941933,18,,,0,100,,941917,18,,,0,100,,941918,18,,,0,100,,941919,18,,,0,100,,941920,18,,,0,97,,941921,18,,,0,95,,941922,18,,,0,104,,941923,18,,,0,108,,941924,18,,,0,89,,941925,18,,,0,110,,941926,18,,,0,97,,941927,18,,,0,102,,941928,18,,,0,97,,941929,18,,,0,101,,941930,18,,,0,101,,941931,18,,,0,100,,941932,18,,,0
1803,'20260726',639,,941950,18,,,0,100,,941934,18,,,0,100,,941935,18,,,0,100,,941936,18,,,0,100,,941937,18,,,0,97,,941938,18,,,0,95,,941939,18,,,0,104,,941940,18,,,0,108,,941941,18,,,0,89,,941942,18,,,0,110,,941943,18,,,0,97,,941944,18,,,0,102,,941945,18,,,0,97,,941946,18,,,0,101,,941947,18,,,0,101,,941948,18,,,0,100,,941949,18,,,0
1803,'20260727',639,,941978,18,,,0,66,,941977,18,,,0,20,,941983,18,,,0,12,,941951,18,,,0,14,,941981,18,,,0,58,,941952,18,,,0,13,,941972,18,,,0,31,,941979,18,,,0,71,,941953,18,,,0,30,,941954,18,,,0,70,,941955,18,,,0,30,,941956,18,,,0,60,,941982,18,,,0,20,,941957,18,,,0,20,,941958,18,,,0,70,,941959,18,,,0,30,,941960,18,,,0,70,,941961,18,,,0,30,,941962,18,,,0,70,,941963,18,,,0,29,,941964,18,,,0,69,,941965,18,,,0,28,,941966,18,,,0,70,,941967,18,,,0,32,,941968,18,,,0,70,,941969,18,,,0,32,,941970,18,,,0,71,,941971,18,,,0,30,,941984,18,,,0,99,,941973,18,,,0,100,,941974,18,,,0,101,,941980,18,,,0,100,,941975,18,,,0,100,,941976,18,,,0
1803,'20260728',639,,942012,18,,,0,66,,942011,18,,,0,20,,942017,18,,,0,12,,941985,18,,,0,14,,942015,18,,,0,58,,941986,18,,,0,13,,942006,18,,,0,31,,942013,18,,,0,71,,941987,18,,,0,30,,941988,18,,,0,70,,941989,18,,,0,30,,941990,18,,,0,60,,942016,18,,,0,20,,941991,18,,,0,20,,941992,18,,,0,70,,941993,18,,,0,30,,941994,18,,,0,70,,941995,18,,,0,30,,941996,18,,,0,70,,941997,18,,,0,29,,941998,18,,,0,69,,941999,18,,,0,28,,942000,18,,,0,70,,942001,18,,,0,32,,942002,18,,,0,70,,942003,18,,,0,32,,942004,18,,,0,71,,942005,18,,,0,30,,942018,18,,,0,99,,942007,18,,,0,100,,942008,18,,,0,101,,942014,18,,,0,100,,942009,18,,,0,100,,942010,18,,,0
1803,'20260729',639,,971375,18,,,0,66,,971374,18,,,0,20,,971380,18,,,0,12,,971348,18,,,0,14,,971378,18,,,0,58,,971349,18,,,0,13,,971369,18,,,0,31,,971376,18,,,0,71,,971350,18,,,0,30,,971351,18,,,0,70,,971352,18,,,0,30,,971353,18,,,0,60,,971379,18,,,0,20,,971354,18,,,0,20,,971355,18,,,0,70,,971356,18,,,0,30,,971357,18,,,0,70,,971358,18,,,0,30,,971359,18,,,0,70,,971360,18,,,0,29,,971361,18,,,0,69,,971362,18,,,0,28,,971363,18,,,0,70,,971364,18,,,0,32,,971365,18,,,0,70,,971366,18,,,0,32,,971367,18,,,0,71,,971368,18,,,0,30,,971381,18,,,0,99,,971370,18,,,0,100,,971371,18,,,0,101,,971377,18,,,0,100,,971372,18,,,0,100,,971373,18,,,0
1803,'20260730',639,,971409,18,,,0,66,,971408,18,,,0,20,,971414,18,,,0,12,,971382,18,,,0,14,,971412,18,,,0,58,,971383,18,,,0,13,,971403,18,,,0,31,,971410,18,,,0,71,,971384,18,,,0,30,,971385,18,,,0,70,,971386,18,,,0,30,,971387,18,,,0,60,,971413,18,,,0,20,,971388,18,,,0,20,,971389,18,,,0,70,,971390,18,,,0,30,,971391,18,,,0,70,,971392,18,,,0,30,,971393,18,,,0,70,,971394,18,,,0,29,,971395,18,,,0,69,,971396,18,,,0,28,,971397,18,,,0,70,,971398,18,,,0,32,,971399,18,,,0,70,,971400,18,,,0,32,,971401,18,,,0,71,,971402,18,,,0,30,,971415,18,,,0,99,,971404,18,,,0,100,,971405,18,,,0,101,,971411,18,,,0,100,,971406,18,,,0,100,,971407,18,,,0
1803,'20260731',639,,971443,18,,,0,66,,971442,18,,,0,20,,971448,18,,,0,12,,971416,18,,,0,14,,971446,18,,,0,58,,971417,18,,,0,13,,971437,18,,,0,31,,971444,18,,,0,71,,971418,18,,,0,30,,971419,18,,,0,70,,971420,18,,,0,30,,971421,18,,,0,60,,971447,18,,,0,20,,971422,18,,,0,20,,971423,18,,,0,70,,971424,18,,,0,30,,971425,18,,,0,70,,971426,18,,,0,30,,971427,18,,,0,70,,971428,18,,,0,29,,971429,18,,,0,69,,971430,18,,,0,28,,971431,18,,,0,70,,971432,18,,,0,32,,971433,18,,,0,70,,971434,18,,,0,32,,971435,18,,,0,71,,971436,18,,,0,30,,971449,18,,,0,99,,971438,18,,,0,100,,971439,18,,,0,101,,971445,18,,,0,100,,971440,18,,,0,100,,971441,18,,,0
1803,'20260801',639,,1001360,18,,,0,100,,1001344,18,,,0,100,,1001345,18,,,0,100,,1001346,18,,,0,100,,1001347,18,,,0,97,,1001348,18,,,0,95,,1001349,18,,,0,104,,1001350,18,,,0,108,,1001351,18,,,0,89,,1001352,18,,,0,110,,1001353,18,,,0,97,,1001354,18,,,0,102,,1001355,18,,,0,97,,1001356,18,,,0,101,,1001357,18,,,0,101,,1001358,18,,,0,100,,1001359,18,,,0
1803,'20260802',639,,1001377,18,,,0,100,,1001361,18,,,0,100,,1001362,18,,,0,100,,1001363,18,,,0,100,,1001364,18,,,0,97,,1001365,18,,,0,95,,1001366,18,,,0,104,,1001367,18,,,0,108,,1001368,18,,,0,89,,1001369,18,,,0,110,,1001370,18,,,0,97,,1001371,18,,,0,102,,1001372,18,,,0,97,,1001373,18,,,0,101,,1001374,18,,,0,101,,1001375,18,,,0,100,,1001376,18,,,0
1803,'20260803',639,,1001405,18,,,0,66,,1001404,18,,,0,20,,1001410,18,,,0,12,,1001378,18,,,0,14,,1001408,18,,,0,58,,1001379,18,,,0,13,,1001399,18,,,0,31,,1001406,18,,,0,71,,1001380,18,,,0,30,,1001381,18,,,0,70,,1001382,18,,,0,30,,1001383,18,,,0,60,,1001409,18,,,0,20,,1001384,18,,,0,20,,1001385,18,,,0,70,,1001386,18,,,0,30,,1001387,18,,,0,70,,1001388,18,,,0,30,,1001389,18,,,0,70,,1001390,18,,,0,29,,1001391,18,,,0,69,,1001392,18,,,0,28,,1001393,18,,,0,70,,1001394,18,,,0,32,,1001395,18,,,0,70,,1001396,18,,,0,32,,1001397,18,,,0,71,,1001398,18,,,0,30,,1001411,18,,,0,99,,1001400,18,,,0,100,,1001401,18,,,0,101,,1001407,18,,,0,100,,1001402,18,,,0,100,,1001403,18,,,0
2903,'20260720',602,,972655,12,,,0,30,,972656,12,,,0,27,,972657,12,,,0,68,,972658,12,,,0,30,,972659,12,,,0,72,,972660,12,,,0
2903,'20260721',602,,972661,12,,,0,30,,972662,12,,,0,27,,972663,12,,,0,68,,972664,12,,,0,30,,972665,12,,,0,72,,972666,12,,,0
2903,'20260722',602,,972667,12,,,0,30,,972668,12,,,0,27,,972669,12,,,0,68,,972670,12,,,0,30,,972671,12,,,0,72,,972672,12,,,0
2903,'20260723',602,,972673,12,,,0,30,,972674,12,,,0,27,,972675,12,,,0,68,,972676,12,,,0,30,,972677,12,,,0,72,,972678,12,,,0
2903,'20260724',602,,1001902,12,,,0,30,,1001903,12,,,0,27,,1001904,12,,,0,68,,1001905,12,,,0,30,,1001906,12,,,0,72,,1001907,12,,,0
2903,'20260727',602,,943107,12,,,0,30,,943108,12,,,0,27,,943105,12,,,0,68,,943109,12,,,0,30,,943110,12,,,0,72,,943106,12,,,0
2903,'20260728',602,,943113,12,,,0,30,,943114,12,,,0,27,,943111,12,,,0,68,,943115,12,,,0,30,,943116,12,,,0,72,,943112,12,,,0
2903,'20260729',602,,972681,12,,,0,30,,972682,12,,,0,27,,972679,12,,,0,68,,972683,12,,,0,30,,972684,12,,,0,72,,972680,12,,,0
2903,'20260730',602,,972687,12,,,0,30,,972688,12,,,0,27,,972685,12,,,0,68,,972689,12,,,0,30,,972690,12,,,0,72,,972686,12,,,0
2903,'20260731',602,,972693,12,,,0,30,,972694,12,,,0,27,,972691,12,,,0,68,,972695,12,,,0,30,,972696,12,,,0,72,,972692,12,,,0
2903,'20260803',602,,1001910,12,,,0,30,,1001911,12,,,0,27,,1001908,12,,,0,68,,1001912,12,,,0,30,,1001913,12,,,0,72,,1001909,12,,,0
28303,'20260720',1605,,986535,17,,,0,30,,986536,17,,,0,97,,986537,17,,,0
28303,'20260721',1605,,986538,17,,,0,30,,986539,17,,,0,97,,986540,17,,,0
28303,'20260722',1605,,986541,17,,,0,30,,986542,17,,,0,97,,986543,17,,,0
28303,'20260723',1605,,986544,17,,,0,30,,986545,17,,,0,97,,986546,17,,,0
28303,'20260724',1605,,1007435,17,,,0,30,,1007436,17,,,0,97,,1007437,17,,,0
28303,'20260727',1605,,955305,17,,,0,30,,955303,17,,,0,97,,955304,17,,,0
28303,'20260728',1605,,955308,17,,,0,30,,955306,17,,,0,97,,955307,17,,,0
28303,'20260729',1605,,986549,17,,,0,30,,986547,17,,,0,97,,986548,17,,,0
28303,'20260730',1605,,986552,17,,,0,30,,986550,17,,,0,97,,986551,17,,,0
28303,'20260731',1605,,986555,17,,,0,30,,986553,17,,,0,97,,986554,17,,,0
28303,'20260803',1605,,1007440,17,,,0,30,,1007438,17,,,0,97,,1007439,17,,,0
29103,'20260720',1533,,986787,17,,,0,70,,986788,17,,,0,33,,986789,17,,,0,72,,986790,17,,,0
29103,'20260721',1533,,986791,17,,,0,70,,986792,17,,,0,33,,986793,17,,,0,72,,986794,17,,,0
29103,'20260722',1533,,986795,17,,,0,70,,986796,17,,,0,33,,986797,17,,,0,72,,986798,17,,,0
29103,'20260723',1533,,986799,17,,,0,70,,986800,17,,,0,33,,986801,17,,,0,72,,986802,17,,,0
29103,'20260724',1533,,1007507,17,,,0,70,,1007508,17,,,0,33,,1007509,17,,,0,72,,1007510,17,,,0
29103,'20260727',1533,,955526,17,,,0,70,,955523,17,,,0,33,,955525,17,,,0,72,,955524,17,,,0
29103,'20260728',1533,,955530,17,,,0,70,,955527,17,,,0,33,,955529,17,,,0,72,,955528,17,,,0
29103,'20260729',1533,,986806,17,,,0,70,,986803,17,,,0,33,,986805,17,,,0,72,,986804,17,,,0
29103,'20260730',1533,,986810,17,,,0,70,,986807,17,,,0,33,,986809,17,,,0,72,,986808,17,,,0
29103,'20260731',1533,,986814,17,,,0,70,,986811,17,,,0,33,,986813,17,,,0,72,,986812,17,,,0
29103,'20260803',1533,,1007514,17,,,0,70,,1007511,17,,,0,33,,1007513,17,,,0,72,,1007512,17,,,0
29203,'20260720',1605,,986836,17,,,0,31,,986837,17,,,0,69,,986838,17,,,0
29203,'20260721',1605,,986839,17,,,0,31,,986840,17,,,0,69,,986841,17,,,0
29203,'20260722',1605,,986842,17,,,0,31,,986843,17,,,0,69,,986844,17,,,0
29203,'20260723',1605,,986845,17,,,0,31,,986846,17,,,0,69,,986847,17,,,0
29203,'20260724',1605,,1007521,17,,,0,31,,1007522,17,,,0,69,,1007523,17,,,0
29203,'20260727',1605,,955562,17,,,0,31,,955563,17,,,0,69,,955561,17,,,0
29203,'20260728',1605,,955565,17,,,0,31,,955566,17,,,0,69,,955564,17,,,0
29203,'20260729',1605,,986849,17,,,0,31,,986850,17,,,0,69,,986848,17,,,0
29203,'20260730',1605,,986852,17,,,0,31,,986853,17,,,0,69,,986851,17,,,0
29203,'20260731',1605,,986855,17,,,0,31,,986856,17,,,0,69,,986854,17,,,0
29203,'20260803',1605,,1007525,17,,,0,31,,1007526,17,,,0,69,,1007524,17,,,0
29403,'20260720',1558,,986878,17,,,0,143,,986879,17,,,0,26,,986880,17,,,0
29403,'20260721',1558,,986881,17,,,0,143,,986882,17,,,0,26,,986883,17,,,0
29403,'20260722',1558,,986884,17,,,0,143,,986885,17,,,0,26,,986886,17,,,0
29403,'20260723',1558,,986887,17,,,0,143,,986888,17,,,0,26,,986889,17,,,0
29403,'20260724',1558,,1007533,17,,,0,143,,1007534,17,,,0,26,,1007535,17,,,0
29403,'20260727',1558,,955597,17,,,0,143,,955598,17,,,0,26,,955599,17,,,0
29403,'20260728',1558,,955600,17,,,0,143,,955601,17,,,0,26,,955602,17,,,0
29403,'20260729',1558,,986890,17,,,0,143,,986891,17,,,0,26,,986892,17,,,0
29403,'20260730',1558,,986893,17,,,0,143,,986894,17,,,0,26,,986895,17,,,0
29403,'20260731',1558,,986896,17,,,0,143,,986897,17,,,0,26,,986898,17,,,0
29403,'20260803',1558,,1007536,17,,,0,143,,1007537,17,,,0,26,,1007538,17,,,0
