3201,'20260605',551,,638564,10,,,0,68,,638565,10,,,0,31,,638566,10,,,0,58,,638567,10,,,0,51,,638568,10,,,0,68,,638569,10,,,0,30,,638570,10,,,0,100,,638571,10,,,0,200,,638572,10,,,0,200,,638573,10,,,0,384,,638574,10,,,0,159,,638575,10,,,0,157,,638576,10,,,0,200,,638577,10,,,0
3201,'20260606',701,,659570,10,,,0,200,,659571,10,,,0,200,,659572,10,,,0,153,,659573,10,,,0,200,,659574,10,,,0,247,,659575,10,,,0,200,,659576,10,,,0,200,,659577,10,,,0,200,,659578,10,,,0
3201,'20260607',701,,659579,10,,,0,200,,659580,10,,,0,200,,659581,10,,,0,153,,659582,10,,,0,200,,659583,10,,,0,247,,659584,10,,,0,200,,659585,10,,,0,200,,659586,10,,,0,200,,659587,10,,,0
3201,'20260608',551,,659588,10,,,0,68,,659589,10,,,0,31,,659590,10,,,0,58,,659591,10,,,0,51,,659592,10,,,0,68,,659593,10,,,0,30,,659594,10,,,0,100,,659595,10,,,0,200,,659596,10,,,0,200,,659597,10,,,0,384,,659598,10,,,0,159,,659599,10,,,0,157,,659600,10,,,0,200,,659601,10,,,0
3201,'20260609',551,,659602,10,,,0,68,,659603,10,,,0,31,,659604,10,,,0,58,,659605,10,,,0,51,,659606,10,,,0,68,,659607,10,,,0,30,,659608,10,,,0,100,,659609,10,,,0,200,,659610,10,,,0,200,,659611,10,,,0,384,,659612,10,,,0,159,,659613,10,,,0,157,,659614,10,,,0,200,,659615,10,,,0
3201,'20260610',551,,659616,10,,,0,68,,659617,10,,,0,31,,659618,10,,,0,58,,659619,10,,,0,51,,659620,10,,,0,68,,659621,10,,,0,30,,659622,10,,,0,100,,659623,10,,,0,200,,659624,10,,,0,200,,659625,10,,,0,384,,659626,10,,,0,159,,659627,10,,,0,157,,659628,10,,,0,200,,659629,10,,,0
3201,'20260611',551,,659630,10,,,0,68,,659631,10,,,0,31,,659632,10,,,0,58,,659633,10,,,0,51,,659634,10,,,0,68,,659635,10,,,0,30,,659636,10,,,0,100,,659637,10,,,0,200,,659638,10,,,0,200,,659639,10,,,0,384,,659640,10,,,0,159,,659641,10,,,0,157,,659642,10,,,0,200,,659643,10,,,0
3201,'20260612',551,,602564,10,,,0,68,,602565,10,,,0,31,,602566,10,,,0,58,,602567,10,,,0,51,,602568,10,,,0,68,,602569,10,,,0,30,,602570,10,,,0,100,,602571,10,,,0,200,,602572,10,,,0,200,,602573,10,,,0,384,,602574,10,,,0,159,,602575,10,,,0,157,,602576,10,,,0,200,,602577,10,,,0
3201,'20260613',701,,638578,10,,,0,200,,638579,10,,,0,200,,638580,10,,,0,153,,638581,10,,,0,200,,638582,10,,,0,247,,638583,10,,,0,200,,638584,10,,,0,200,,638585,10,,,0,200,,638586,10,,,0
3201,'20260614',701,,638587,10,,,0,200,,638588,10,,,0,200,,638589,10,,,0,153,,638590,10,,,0,200,,638591,10,,,0,247,,638592,10,,,0,200,,638593,10,,,0,200,,638594,10,,,0,200,,638595,10,,,0
3201,'20260615',551,,638596,10,,,0,68,,638597,10,,,0,31,,638598,10,,,0,58,,638599,10,,,0,51,,638600,10,,,0,68,,638601,10,,,0,30,,638602,10,,,0,100,,638603,10,,,0,200,,638604,10,,,0,200,,638605,10,,,0,384,,638606,10,,,0,159,,638607,10,,,0,157,,638608,10,,,0,200,,638609,10,,,0
3201,'20260616',551,,638610,10,,,0,68,,638611,10,,,0,31,,638612,10,,,0,58,,638613,10,,,0,51,,638614,10,,,0,68,,638615,10,,,0,30,,638616,10,,,0,100,,638617,10,,,0,200,,638618,10,,,0,200,,638619,10,,,0,384,,638620,10,,,0,159,,638621,10,,,0,157,,638622,10,,,0,200,,638623,10,,,0
3201,'20260617',551,,659644,10,,,0,68,,659645,10,,,0,31,,659646,10,,,0,58,,659647,10,,,0,51,,659648,10,,,0,68,,659649,10,,,0,30,,659650,10,,,0,100,,659651,10,,,0,200,,659652,10,,,0,200,,659653,10,,,0,384,,659654,10,,,0,159,,659655,10,,,0,157,,659656,10,,,0,200,,659657,10,,,0
3201,'20260618',551,,659658,10,,,0,68,,659659,10,,,0,31,,659660,10,,,0,58,,659661,10,,,0,51,,659662,10,,,0,68,,659663,10,,,0,30,,659664,10,,,0,100,,659665,10,,,0,200,,659666,10,,,0,200,,659667,10,,,0,384,,659668,10,,,0,159,,659669,10,,,0,157,,659670,10,,,0,200,,659671,10,,,0
3201,'20260619',551,,659672,10,,,0,68,,659673,10,,,0,31,,659674,10,,,0,58,,659675,10,,,0,51,,659676,10,,,0,68,,659677,10,,,0,30,,659678,10,,,0,100,,659679,10,,,0,200,,659680,10,,,0,200,,659681,10,,,0,384,,659682,10,,,0,159,,659683,10,,,0,157,,659684,10,,,0,200,,659685,10,,,0
