8001,'20260308',629,,269602,,,0,30,,269603,,,0,70,,269604,,,0,30,,269605,,,0,70,,269606,,,0,30,,269607,,,0,70,,269608,,,0,30,,269609,,,0,70,,269610,,,0,71,,269611,,,0,30,,269612,,,0,70,,269613,,,0,30,,269614,,,0,70,,269615,,,0,30,,269616,,,0,70,,269617,,,0,30,,269618,,,0,70,,269619,,,0,30,,269620,,,0,70,,269621,,,0,30,,269622,,,0,70,,269623,,,0,30,,269624,,,0,70,,269625,,,0,29,,269626,,,0,30,,269627,,,0,70,,269628,,,0,30,,269629,,,0,70,,269634,,,0,30,,269630,,,0,70,,269635,,,0,30,,269631,,,0,70,,269636,,,0,30,,269632,,,0,70,,269637,,,0,30,,269633,,,0
8001,'20260309',629,,269639,,,0,71,,269640,,,0,31,,269641,,,0,70,,269642,,,0,29,,269643,,,0,70,,269644,,,0,29,,269645,,,0,30,,269646,,,0,70,,269647,,,0,30,,269648,,,0,70,,269649,,,0,30,,269650,,,0,70,,269651,,,0,71,,269652,,,0,29,,269653,,,0,30,,269654,,,0,71,,269655,,,0,71,,269656,,,0,30,,269657,,,0,28,,269638,,,0,42,,269658,,,0,31,,269659,,,0,70,,269660,,,0,29,,269661,,,0,69,,269662,,,0,29,,269663,,,0,30,,269664,,,0,70,,269665,,,0,30,,269671,,,0,69,,269666,,,0,30,,269672,,,0,70,,269667,,,0,30,,269673,,,0,70,,269668,,,0,30,,269674,,,0,70,,269669,,,0,30,,269670,,,0
8001,'20260310',629,,269676,,,0,71,,269677,,,0,31,,269678,,,0,70,,269679,,,0,29,,269680,,,0,70,,269681,,,0,29,,269682,,,0,30,,269683,,,0,70,,269684,,,0,30,,269685,,,0,70,,269686,,,0,30,,269687,,,0,70,,269688,,,0,71,,269689,,,0,29,,269690,,,0,30,,269691,,,0,71,,269692,,,0,71,,269693,,,0,30,,269694,,,0,28,,269675,,,0,42,,269695,,,0,31,,269696,,,0,70,,269697,,,0,29,,269698,,,0,69,,269699,,,0,29,,269700,,,0,30,,269701,,,0,70,,269702,,,0,30,,269708,,,0,69,,269703,,,0,30,,269709,,,0,70,,269704,,,0,30,,269710,,,0,70,,269705,,,0,30,,269711,,,0,70,,269706,,,0,30,,269707,,,0
8001,'20260311',629,,269713,,,0,71,,269714,,,0,31,,269715,,,0,70,,269716,,,0,29,,269717,,,0,70,,269718,,,0,29,,269719,,,0,30,,269720,,,0,70,,269721,,,0,30,,269722,,,0,70,,269723,,,0,30,,269724,,,0,70,,269725,,,0,71,,269726,,,0,29,,269727,,,0,30,,269728,,,0,71,,269729,,,0,71,,269730,,,0,30,,269731,,,0,28,,269712,,,0,42,,269732,,,0,31,,269733,,,0,70,,269734,,,0,29,,269735,,,0,69,,269736,,,0,29,,269737,,,0,30,,269738,,,0,70,,269739,,,0,30,,269745,,,0,69,,269740,,,0,30,,269746,,,0,70,,269741,,,0,30,,269747,,,0,70,,269742,,,0,30,,269748,,,0,70,,269743,,,0,30,,269744,,,0
8001,'20260312',629,,269750,,,0,71,,269751,,,0,31,,269752,,,0,70,,269753,,,0,29,,269754,,,0,70,,269755,,,0,29,,269756,,,0,30,,269757,,,0,70,,269758,,,0,30,,269759,,,0,70,,269760,,,0,30,,269761,,,0,70,,269762,,,0,71,,269763,,,0,29,,269764,,,0,30,,269765,,,0,71,,269766,,,0,71,,269767,,,0,30,,269768,,,0,28,,269749,,,0,42,,269769,,,0,31,,269770,,,0,70,,269771,,,0,29,,269772,,,0,69,,269773,,,0,29,,269774,,,0,30,,269775,,,0,70,,269776,,,0,30,,269782,,,0,69,,269777,,,0,30,,269783,,,0,70,,269778,,,0,30,,269784,,,0,70,,269779,,,0,30,,269785,,,0,70,,269780,,,0,30,,269781,,,0
8001,'20260313',629,,269787,,,0,71,,269788,,,0,31,,269789,,,0,70,,269790,,,0,29,,269791,,,0,70,,269792,,,0,29,,269793,,,0,30,,269794,,,0,70,,269795,,,0,30,,269796,,,0,70,,269797,,,0,30,,269798,,,0,70,,269799,,,0,71,,269800,,,0,29,,269801,,,0,30,,269802,,,0,71,,269803,,,0,71,,269804,,,0,30,,269805,,,0,28,,269786,,,0,42,,269806,,,0,31,,269807,,,0,70,,269808,,,0,29,,269809,,,0,69,,269810,,,0,29,,269811,,,0,30,,269812,,,0,70,,269813,,,0,30,,269819,,,0,69,,269814,,,0,30,,269820,,,0,70,,269815,,,0,30,,269821,,,0,70,,269816,,,0,30,,269822,,,0,70,,269817,,,0,30,,269818,,,0
8001,'20260314',629,,225164,,,0,30,,225133,,,0,70,,225151,,,0,30,,225134,,,0,70,,225152,,,0,30,,225135,,,0,70,,225153,,,0,30,,225136,,,0,70,,225154,,,0,71,,225137,,,0,30,,225155,,,0,70,,225138,,,0,30,,225156,,,0,70,,225139,,,0,30,,225157,,,0,70,,225140,,,0,30,,225158,,,0,70,,225141,,,0,30,,225159,,,0,70,,225142,,,0,30,,225160,,,0,70,,225143,,,0,30,,225161,,,0,70,,225144,,,0,29,,225162,,,0,30,,225145,,,0,70,,225163,,,0,30,,225146,,,0,70,,225168,,,0,30,,225147,,,0,70,,225167,,,0,30,,225148,,,0,70,,225166,,,0,30,,225149,,,0,70,,225165,,,0,30,,225150,,,0
8001,'20260315',629,,225200,,,0,30,,225169,,,0,70,,225187,,,0,30,,225170,,,0,70,,225188,,,0,30,,225171,,,0,70,,225189,,,0,30,,225172,,,0,70,,225190,,,0,71,,225173,,,0,30,,225191,,,0,70,,225174,,,0,30,,225192,,,0,70,,225175,,,0,30,,225193,,,0,70,,225176,,,0,30,,225194,,,0,70,,225177,,,0,30,,225195,,,0,70,,225178,,,0,30,,225196,,,0,70,,225179,,,0,30,,225197,,,0,70,,225180,,,0,29,,225198,,,0,30,,225181,,,0,70,,225199,,,0,30,,225182,,,0,70,,225201,,,0,30,,225183,,,0,70,,225202,,,0,30,,225184,,,0,70,,225203,,,0,30,,225185,,,0,70,,225204,,,0,30,,225186,,,0
8001,'20260316',629,,225205,,,0,71,,225206,,,0,31,,225207,,,0,70,,225208,,,0,29,,225209,,,0,70,,225210,,,0,29,,225211,,,0,30,,225212,,,0,70,,225213,,,0,30,,225214,,,0,70,,225215,,,0,30,,225216,,,0,70,,225217,,,0,71,,225218,,,0,29,,225219,,,0,30,,225220,,,0,71,,225221,,,0,71,,225222,,,0,30,,225223,,,0,70,,225224,,,0,31,,225225,,,0,70,,225226,,,0,29,,225227,,,0,69,,225228,,,0,29,,225229,,,0,30,,225230,,,0,70,,225236,,,0,30,,225231,,,0,69,,225237,,,0,30,,225232,,,0,70,,225238,,,0,30,,225233,,,0,70,,225239,,,0,30,,225234,,,0,70,,225240,,,0,30,,225235,,,0
8001,'20260317',629,,225241,,,0,71,,225242,,,0,31,,225243,,,0,70,,225244,,,0,29,,225245,,,0,70,,225246,,,0,29,,225247,,,0,30,,225248,,,0,70,,225249,,,0,30,,225250,,,0,70,,225251,,,0,30,,225252,,,0,70,,225253,,,0,71,,225254,,,0,29,,225255,,,0,30,,225256,,,0,71,,225257,,,0,71,,225258,,,0,30,,225259,,,0,70,,225260,,,0,31,,225261,,,0,70,,225262,,,0,29,,225263,,,0,69,,225264,,,0,29,,225265,,,0,30,,225266,,,0,70,,225272,,,0,30,,225267,,,0,69,,225273,,,0,30,,225268,,,0,70,,225274,,,0,30,,225269,,,0,70,,225275,,,0,30,,225270,,,0,70,,225276,,,0,30,,225271,,,0
8001,'20260318',629,,269823,,,0,71,,269824,,,0,31,,269825,,,0,70,,269826,,,0,29,,269827,,,0,70,,269828,,,0,29,,269829,,,0,30,,269830,,,0,70,,269831,,,0,30,,269832,,,0,70,,269833,,,0,30,,269834,,,0,70,,269835,,,0,71,,269836,,,0,29,,269837,,,0,30,,269838,,,0,71,,269839,,,0,71,,269840,,,0,30,,269841,,,0,70,,269842,,,0,31,,269843,,,0,70,,269844,,,0,29,,269845,,,0,69,,269846,,,0,29,,269847,,,0,30,,269848,,,0,70,,269854,,,0,30,,269849,,,0,69,,269855,,,0,30,,269850,,,0,70,,269856,,,0,30,,269851,,,0,70,,269857,,,0,30,,269852,,,0,70,,269858,,,0,30,,269853,,,0
8001,'20260319',629,,269859,,,0,71,,269860,,,0,31,,269861,,,0,70,,269862,,,0,29,,269863,,,0,70,,269864,,,0,29,,269865,,,0,30,,269866,,,0,70,,269867,,,0,30,,269868,,,0,70,,269869,,,0,30,,269870,,,0,70,,269871,,,0,71,,269872,,,0,29,,269873,,,0,30,,269874,,,0,71,,269875,,,0,71,,269876,,,0,30,,269877,,,0,70,,269878,,,0,31,,269879,,,0,70,,269880,,,0,29,,269881,,,0,69,,269882,,,0,29,,269883,,,0,30,,269884,,,0,70,,269890,,,0,30,,269885,,,0,69,,269891,,,0,30,,269886,,,0,70,,269892,,,0,30,,269887,,,0,70,,269893,,,0,30,,269888,,,0,70,,269894,,,0,30,,269889,,,0
8001,'20260320',629,,269895,,,0,71,,269896,,,0,31,,269897,,,0,70,,269898,,,0,29,,269899,,,0,70,,269900,,,0,29,,269901,,,0,30,,269902,,,0,70,,269903,,,0,30,,269904,,,0,70,,269905,,,0,30,,269906,,,0,70,,269907,,,0,71,,269908,,,0,29,,269909,,,0,30,,269910,,,0,71,,269911,,,0,71,,269912,,,0,30,,269913,,,0,70,,269914,,,0,31,,269915,,,0,70,,269916,,,0,29,,269917,,,0,69,,269918,,,0,29,,269919,,,0,30,,269920,,,0,70,,269926,,,0,30,,269921,,,0,69,,269927,,,0,30,,269922,,,0,70,,269928,,,0,30,,269923,,,0,70,,269929,,,0,30,,269924,,,0,70,,269930,,,0,30,,269925,,,0
38001,'20260309',711,,276937,,,0,16,,276938,,,0,24,,276939,,,0,368,,276940,,,0
38001,'20260310',711,,276941,,,0,16,,276942,,,0,24,,276943,,,0,368,,276944,,,0
38001,'20260311',711,,276945,,,0,16,,276946,,,0,24,,276947,,,0,368,,276948,,,0
38001,'20260312',711,,276949,,,0,16,,276950,,,0,24,,276951,,,0,368,,276952,,,0
38001,'20260313',711,,276953,,,0,16,,276954,,,0,24,,276955,,,0,368,,276956,,,0
38001,'20260316',711,,235752,,,0,16,,235754,,,0,24,,235753,,,0,368,,235755,,,0
38001,'20260317',711,,235756,,,0,16,,235758,,,0,24,,235757,,,0,368,,235759,,,0
38001,'20260318',711,,276957,,,0,16,,276959,,,0,24,,276958,,,0,368,,276960,,,0
38001,'20260319',711,,276961,,,0,16,,276963,,,0,24,,276962,,,0,368,,276964,,,0
38001,'20260320',711,,276965,,,0,16,,276967,,,0,24,,276966,,,0,368,,276968,,,0
58001,'20260309',716,,277862,,,0,32,,277863,,,0,76,,277864,,,0
58001,'20260310',716,,277865,,,0,32,,277866,,,0,76,,277867,,,0
58001,'20260311',716,,277868,,,0,32,,277869,,,0,76,,277870,,,0
58001,'20260312',716,,277871,,,0,32,,277872,,,0,76,,277873,,,0
58001,'20260313',716,,277874,,,0,32,,277875,,,0,76,,277876,,,0
58001,'20260316',716,,237006,,,0,32,,237005,,,0,76,,237007,,,0
58001,'20260317',716,,237009,,,0,32,,237008,,,0,76,,237010,,,0
58001,'20260318',716,,277878,,,0,32,,277877,,,0,76,,277879,,,0
58001,'20260319',716,,277881,,,0,32,,277880,,,0,76,,277882,,,0
58001,'20260320',716,,277884,,,0,32,,277883,,,0,76,,277885,,,0
