9002,'20260413',645,,253227,28,,,0,66,,253228,28,,,0,34,,253229,28,,,0,76,,253230,28,,,0,20,,253226,15,,,0,2,,253231,28,,,0
9002,'20260414',645,,253233,28,,,0,66,,253234,28,,,0,34,,253235,28,,,0,76,,253236,28,,,0,20,,253232,15,,,0,2,,253237,28,,,0
9002,'20260415',645,,253239,28,,,0,66,,253240,28,,,0,34,,253241,28,,,0,76,,253242,28,,,0,20,,253238,15,,,0,2,,253243,28,,,0
9002,'20260416',645,,253245,28,,,0,66,,253246,28,,,0,34,,253247,28,,,0,76,,253248,28,,,0,20,,253244,15,,,0,2,,253249,28,,,0
9002,'20260417',645,,253251,28,,,0,66,,253252,28,,,0,34,,253253,28,,,0,76,,253254,28,,,0,20,,253250,15,,,0,2,,253255,28,,,0
9002,'20260420',645,,209103,28,,,0,66,,209104,28,,,0,34,,209107,28,,,0,76,,209105,28,,,0,20,,209108,15,,,0,2,,209106,28,,,0
9002,'20260421',645,,253256,28,,,0,66,,253257,28,,,0,34,,253260,28,,,0,76,,253258,28,,,0,20,,253261,15,,,0,2,,253259,28,,,0
9002,'20260422',645,,253262,28,,,0,66,,253263,28,,,0,34,,253266,28,,,0,76,,253264,28,,,0,20,,253267,15,,,0,2,,253265,28,,,0
9002,'20260423',645,,253268,28,,,0,66,,253269,28,,,0,34,,253272,28,,,0,76,,253270,28,,,0,20,,253273,15,,,0,2,,253271,28,,,0
9002,'20260424',645,,253274,28,,,0,66,,253275,28,,,0,34,,253278,28,,,0,76,,253276,28,,,0,20,,253279,15,,,0,2,,253277,28,,,0
9002,'20260427',645,,253280,28,,,0,66,,253281,28,,,0,34,,253284,28,,,0,76,,253282,28,,,0,20,,253285,15,,,0,2,,253283,28,,,0
99103,'20260417',2625,,277638,70,,,0,130,,277639,70,,,0
99103,'20260418',2625,,230414,70,,,0,130,,230415,70,,,0
99103,'20260424',2625,,277640,70,,,0,130,,277641,70,,,0
99103,'20260425',2625,,277642,70,,,0,130,,277643,70,,,0
7009003,'20260413',1612,,278065,40,,,0
7009003,'20260414',1612,,278067,40,,,0
7009003,'20260415',1612,,278069,40,,,0
7009003,'20260416',1612,,278071,40,,,0
7009003,'20260417',1612,,278073,40,,,0
7009003,'20260420',1612,,230755,40,,,0
7009003,'20260421',1612,,278075,40,,,0
7009003,'20260422',1612,,278077,40,,,0
7009003,'20260423',1612,,278079,40,,,0
7009003,'20260424',1612,,278081,40,,,0
