1203,'20260331',636,,147548,18,,,0,68,,147549,18,,,0,32,,147550,18,,,0,71,,147551,18,,,0,30,,147552,18,,,0,70,,147553,18,,,0,99,,147554,18,,,0,97,,147555,18,,,0,102,,147556,18,,,0,100,,147557,18,,,0,100,,147558,18,,,0,99,,147559,18,,,0,98,,147560,18,,,0,109,,147561,18,,,0,97,,147562,18,,,0,98,,147563,18,,,0,98,,147564,18,,,0,99,,147565,18,,,0,100,,147566,18,,,0,100,,147567,18,,,0
1203,'20260401',636,,147568,18,,,0,68,,147569,18,,,0,32,,147570,18,,,0,71,,147571,18,,,0,30,,147572,18,,,0,70,,147573,18,,,0,99,,147574,18,,,0,97,,147575,18,,,0,102,,147576,18,,,0,100,,147577,18,,,0,100,,147578,18,,,0,99,,147579,18,,,0,98,,147580,18,,,0,109,,147581,18,,,0,97,,147582,18,,,0,98,,147583,18,,,0,98,,147584,18,,,0,99,,147585,18,,,0,100,,147586,18,,,0,100,,147587,18,,,0
1203,'20260402',636,,147588,18,,,0,68,,147589,18,,,0,32,,147590,18,,,0,71,,147591,18,,,0,30,,147592,18,,,0,70,,147593,18,,,0,99,,147594,18,,,0,97,,147595,18,,,0,102,,147596,18,,,0,100,,147597,18,,,0,100,,147598,18,,,0,99,,147599,18,,,0,98,,147600,18,,,0,109,,147601,18,,,0,97,,147602,18,,,0,98,,147603,18,,,0,98,,147604,18,,,0,99,,147605,18,,,0,100,,147606,18,,,0,100,,147607,18,,,0
1203,'20260403',747,,147608,18,,,0,100,,147609,18,,,0,99,,147610,18,,,0,100,,147611,18,,,0,100,,147612,18,,,0,96,,147613,18,,,0,107,,147614,18,,,0,98,,147615,18,,,0,99,,147616,18,,,0,100,,147617,18,,,0,102,,147618,18,,,0,99,,147619,18,,,0,100,,147620,18,,,0,99,,147621,18,,,0,100,,147622,18,,,0,100,,147623,18,,,0
1203,'20260404',747,,107192,18,,,0,100,,107193,18,,,0,99,,107194,18,,,0,100,,107195,18,,,0,100,,107196,18,,,0,96,,107197,18,,,0,107,,107198,18,,,0,98,,107199,18,,,0,99,,107200,18,,,0,100,,107201,18,,,0,102,,107202,18,,,0,99,,107203,18,,,0,100,,107204,18,,,0,99,,107205,18,,,0,100,,107206,18,,,0,100,,107207,18,,,0
1203,'20260405',747,,107208,18,,,0,100,,107209,18,,,0,99,,107210,18,,,0,100,,107211,18,,,0,100,,107212,18,,,0,96,,107213,18,,,0,107,,107214,18,,,0,98,,107215,18,,,0,99,,107216,18,,,0,100,,107217,18,,,0,102,,107218,18,,,0,99,,107219,18,,,0,100,,107220,18,,,0,99,,107221,18,,,0,100,,107222,18,,,0,100,,107223,18,,,0
1203,'20260406',747,,107224,18,,,0,100,,107225,18,,,0,99,,107226,18,,,0,100,,107227,18,,,0,100,,107228,18,,,0,96,,107229,18,,,0,107,,107230,18,,,0,98,,107231,18,,,0,99,,107232,18,,,0,100,,107233,18,,,0,102,,107234,18,,,0,99,,107235,18,,,0,100,,107236,18,,,0,99,,107237,18,,,0,100,,107238,18,,,0,100,,107239,18,,,0
1203,'20260407',636,,147624,18,,,0,68,,147642,18,,,0,32,,147625,18,,,0,71,,147626,18,,,0,30,,147643,18,,,0,70,,147627,18,,,0,99,,147628,18,,,0,97,,147629,18,,,0,102,,147630,18,,,0,100,,147631,18,,,0,100,,147632,18,,,0,99,,147633,18,,,0,98,,147634,18,,,0,109,,147635,18,,,0,97,,147636,18,,,0,98,,147637,18,,,0,98,,147638,18,,,0,99,,147639,18,,,0,100,,147640,18,,,0,100,,147641,18,,,0
1203,'20260408',636,,147644,18,,,0,68,,147662,18,,,0,32,,147645,18,,,0,71,,147646,18,,,0,30,,147663,18,,,0,70,,147647,18,,,0,99,,147648,18,,,0,97,,147649,18,,,0,102,,147650,18,,,0,100,,147651,18,,,0,100,,147652,18,,,0,99,,147653,18,,,0,98,,147654,18,,,0,109,,147655,18,,,0,97,,147656,18,,,0,98,,147657,18,,,0,98,,147658,18,,,0,99,,147659,18,,,0,100,,147660,18,,,0,100,,147661,18,,,0
1203,'20260409',636,,147664,18,,,0,68,,147682,18,,,0,32,,147665,18,,,0,71,,147666,18,,,0,30,,147683,18,,,0,70,,147667,18,,,0,99,,147668,18,,,0,97,,147669,18,,,0,102,,147670,18,,,0,100,,147671,18,,,0,100,,147672,18,,,0,99,,147673,18,,,0,98,,147674,18,,,0,109,,147675,18,,,0,97,,147676,18,,,0,98,,147677,18,,,0,98,,147678,18,,,0,99,,147679,18,,,0,100,,147680,18,,,0,100,,147681,18,,,0
1203,'20260410',636,,147684,18,,,0,68,,147702,18,,,0,32,,147685,18,,,0,71,,147686,18,,,0,30,,147703,18,,,0,70,,147687,18,,,0,99,,147688,18,,,0,97,,147689,18,,,0,102,,147690,18,,,0,100,,147691,18,,,0,100,,147692,18,,,0,99,,147693,18,,,0,98,,147694,18,,,0,109,,147695,18,,,0,97,,147696,18,,,0,98,,147697,18,,,0,98,,147698,18,,,0,99,,147699,18,,,0,100,,147700,18,,,0,100,,147701,18,,,0
1203,'20260411',747,,147704,18,,,0,100,,147705,18,,,0,99,,147706,18,,,0,100,,147707,18,,,0,100,,147708,18,,,0,96,,147709,18,,,0,107,,147710,18,,,0,98,,147711,18,,,0,99,,147712,18,,,0,100,,147713,18,,,0,102,,147714,18,,,0,99,,147715,18,,,0,100,,147716,18,,,0,99,,147717,18,,,0,100,,147718,18,,,0,100,,147719,18,,,0
1203,'20260412',747,,147720,18,,,0,100,,147721,18,,,0,99,,147722,18,,,0,100,,147723,18,,,0,100,,147724,18,,,0,96,,147725,18,,,0,107,,147726,18,,,0,98,,147727,18,,,0,99,,147728,18,,,0,100,,147729,18,,,0,102,,147730,18,,,0,99,,147731,18,,,0,100,,147732,18,,,0,99,,147733,18,,,0,100,,147734,18,,,0,100,,147735,18,,,0
1203,'20260413',636,,147736,18,,,0,68,,147754,18,,,0,32,,147737,18,,,0,71,,147738,18,,,0,30,,147755,18,,,0,70,,147739,18,,,0,99,,147740,18,,,0,97,,147741,18,,,0,102,,147742,18,,,0,100,,147743,18,,,0,100,,147744,18,,,0,99,,147745,18,,,0,98,,147746,18,,,0,109,,147747,18,,,0,97,,147748,18,,,0,98,,147749,18,,,0,98,,147750,18,,,0,99,,147751,18,,,0,100,,147752,18,,,0,100,,147753,18,,,0
1203,'20260414',636,,147756,18,,,0,68,,147774,18,,,0,32,,147757,18,,,0,71,,147758,18,,,0,30,,147775,18,,,0,70,,147759,18,,,0,99,,147760,18,,,0,97,,147761,18,,,0,102,,147762,18,,,0,100,,147763,18,,,0,100,,147764,18,,,0,99,,147765,18,,,0,98,,147766,18,,,0,109,,147767,18,,,0,97,,147768,18,,,0,98,,147769,18,,,0,98,,147770,18,,,0,99,,147771,18,,,0,100,,147772,18,,,0,100,,147773,18,,,0
