5200,'20260505',628,,392286,1,,,0,30,,392287,1,,,0,72,,392288,1,,,0,74,,392289,1,,,0,28,,392290,1,,,0,68,,392291,1,,,0,29,,392292,1,,,0,100,,392293,1,,,0,100,,392294,1,,,0,100,,392295,1,,,0,100,,392296,1,,,0,100,,392297,1,,,0,30,,392298,1,,,0,71,,392299,1,,,0,26,,392300,1,,,0,76,,392301,1,,,0,73,,392302,1,,,0,26,,392303,1,,,0,98,,392304,1,,,0,99,,392305,1,,,0,99,,392306,1,,,0,100,,392307,1,,,0,100,,392308,1,,,0,100,,392309,1,,,0
5200,'20260506',628,,392310,1,,,0,30,,392311,1,,,0,72,,392312,1,,,0,74,,392313,1,,,0,28,,392314,1,,,0,68,,392315,1,,,0,29,,392316,1,,,0,100,,392317,1,,,0,100,,392318,1,,,0,100,,392319,1,,,0,100,,392320,1,,,0,100,,392321,1,,,0,30,,392322,1,,,0,71,,392323,1,,,0,26,,392324,1,,,0,76,,392325,1,,,0,73,,392326,1,,,0,26,,392327,1,,,0,98,,392328,1,,,0,99,,392329,1,,,0,99,,392330,1,,,0,100,,392331,1,,,0,100,,392332,1,,,0,100,,392333,1,,,0
5200,'20260507',628,,392334,1,,,0,30,,392335,1,,,0,72,,392336,1,,,0,74,,392337,1,,,0,28,,392338,1,,,0,68,,392339,1,,,0,29,,392340,1,,,0,100,,392341,1,,,0,100,,392342,1,,,0,100,,392343,1,,,0,100,,392344,1,,,0,100,,392345,1,,,0,30,,392346,1,,,0,71,,392347,1,,,0,26,,392348,1,,,0,76,,392349,1,,,0,73,,392350,1,,,0,26,,392351,1,,,0,98,,392352,1,,,0,99,,392353,1,,,0,99,,392354,1,,,0,100,,392355,1,,,0,100,,392356,1,,,0,100,,392357,1,,,0
5200,'20260508',628,,425982,1,,,0,30,,425983,1,,,0,72,,425984,1,,,0,74,,425985,1,,,0,28,,425986,1,,,0,68,,425987,1,,,0,29,,425988,1,,,0,100,,425989,1,,,0,100,,425990,1,,,0,100,,425991,1,,,0,100,,425992,1,,,0,100,,425993,1,,,0,30,,425994,1,,,0,71,,425995,1,,,0,26,,425996,1,,,0,76,,425997,1,,,0,73,,425998,1,,,0,26,,425999,1,,,0,98,,426000,1,,,0,99,,426001,1,,,0,99,,426002,1,,,0,100,,426003,1,,,0,100,,426004,1,,,0,100,,426005,1,,,0
5200,'20260509',726,,363107,1,,,0,100,,363108,1,,,0,100,,363109,1,,,0,100,,363110,1,,,0,101,,363111,1,,,0,101,,363112,1,,,0,105,,363113,1,,,0,95,,363114,1,,,0,96,,363115,1,,,0,104,,363116,1,,,0,100,,363117,1,,,0,99,,363121,1,,,0,99,,363118,1,,,0,100,,363122,1,,,0,100,,363119,1,,,0,100,,363123,1,,,0,100,,363120,1,,,0
5200,'20260510',726,,363135,1,,,0,100,,363136,1,,,0,100,,363134,1,,,0,100,,363124,1,,,0,101,,363125,1,,,0,101,,363126,1,,,0,105,,363127,1,,,0,95,,363128,1,,,0,96,,363129,1,,,0,104,,363130,1,,,0,100,,363137,1,,,0,99,,363131,1,,,0,99,,363138,1,,,0,100,,363132,1,,,0,100,,363139,1,,,0,100,,363133,1,,,0,100,,363140,1,,,0
5200,'20260511',628,,363141,1,,,0,30,,363142,1,,,0,72,,363143,1,,,0,74,,363144,1,,,0,28,,363145,1,,,0,68,,363163,1,,,0,29,,363146,1,,,0,100,,363147,1,,,0,100,,363148,1,,,0,100,,363149,1,,,0,100,,363150,1,,,0,100,,363151,1,,,0,30,,363164,1,,,0,71,,363152,1,,,0,26,,363162,1,,,0,76,,363153,1,,,0,73,,363154,1,,,0,26,,363155,1,,,0,98,,363156,1,,,0,99,,363157,1,,,0,99,,363158,1,,,0,100,,363159,1,,,0,100,,363160,1,,,0,100,,363161,1,,,0
5200,'20260512',628,,392358,1,,,0,30,,392359,1,,,0,72,,392360,1,,,0,74,,392361,1,,,0,28,,392362,1,,,0,68,,392380,1,,,0,29,,392363,1,,,0,100,,392364,1,,,0,100,,392365,1,,,0,100,,392366,1,,,0,100,,392367,1,,,0,100,,392368,1,,,0,30,,392381,1,,,0,71,,392369,1,,,0,26,,392379,1,,,0,76,,392370,1,,,0,73,,392371,1,,,0,26,,392372,1,,,0,98,,392373,1,,,0,99,,392374,1,,,0,99,,392375,1,,,0,100,,392376,1,,,0,100,,392377,1,,,0,100,,392378,1,,,0
5200,'20260513',628,,392382,1,,,0,30,,392383,1,,,0,72,,392384,1,,,0,74,,392385,1,,,0,28,,392386,1,,,0,68,,392404,1,,,0,29,,392387,1,,,0,100,,392388,1,,,0,100,,392389,1,,,0,100,,392390,1,,,0,100,,392391,1,,,0,100,,392392,1,,,0,30,,392405,1,,,0,71,,392393,1,,,0,26,,392403,1,,,0,76,,392394,1,,,0,73,,392395,1,,,0,26,,392396,1,,,0,98,,392397,1,,,0,99,,392398,1,,,0,99,,392399,1,,,0,100,,392400,1,,,0,100,,392401,1,,,0,100,,392402,1,,,0
5200,'20260514',628,,392406,1,,,0,30,,392407,1,,,0,72,,392408,1,,,0,74,,392409,1,,,0,28,,392410,1,,,0,68,,392428,1,,,0,29,,392411,1,,,0,100,,392412,1,,,0,100,,392413,1,,,0,100,,392414,1,,,0,100,,392415,1,,,0,100,,392416,1,,,0,30,,392429,1,,,0,71,,392417,1,,,0,26,,392427,1,,,0,76,,392418,1,,,0,73,,392419,1,,,0,26,,392420,1,,,0,98,,392421,1,,,0,99,,392422,1,,,0,99,,392423,1,,,0,100,,392424,1,,,0,100,,392425,1,,,0,100,,392426,1,,,0
5200,'20260515',628,,392430,1,,,0,30,,392431,1,,,0,72,,392432,1,,,0,74,,392433,1,,,0,28,,392434,1,,,0,68,,392452,1,,,0,29,,392435,1,,,0,100,,392436,1,,,0,100,,392437,1,,,0,100,,392438,1,,,0,100,,392439,1,,,0,100,,392440,1,,,0,30,,392453,1,,,0,71,,392441,1,,,0,26,,392451,1,,,0,76,,392442,1,,,0,73,,392443,1,,,0,26,,392444,1,,,0,98,,392445,1,,,0,99,,392446,1,,,0,99,,392447,1,,,0,100,,392448,1,,,0,100,,392449,1,,,0,100,,392450,1,,,0
5200,'20260516',726,,426006,1,,,0,100,,426007,1,,,0,100,,426008,1,,,0,100,,426009,1,,,0,101,,426010,1,,,0,101,,426011,1,,,0,105,,426012,1,,,0,95,,426013,1,,,0,96,,426014,1,,,0,104,,426015,1,,,0,100,,426016,1,,,0,99,,426020,1,,,0,99,,426017,1,,,0,100,,426021,1,,,0,100,,426018,1,,,0,100,,426022,1,,,0,100,,426019,1,,,0
5200,'20260517',726,,426034,1,,,0,100,,426035,1,,,0,100,,426033,1,,,0,100,,426023,1,,,0,101,,426024,1,,,0,101,,426025,1,,,0,105,,426026,1,,,0,95,,426027,1,,,0,96,,426028,1,,,0,104,,426029,1,,,0,100,,426036,1,,,0,99,,426030,1,,,0,99,,426037,1,,,0,100,,426031,1,,,0,100,,426038,1,,,0,100,,426032,1,,,0,100,,426039,1,,,0
5200,'20260518',726,,426051,1,,,0,100,,426052,1,,,0,100,,426050,1,,,0,100,,426040,1,,,0,101,,426041,1,,,0,101,,426042,1,,,0,105,,426043,1,,,0,95,,426044,1,,,0,96,,426045,1,,,0,104,,426046,1,,,0,100,,426053,1,,,0,99,,426047,1,,,0,99,,426054,1,,,0,100,,426048,1,,,0,100,,426055,1,,,0,100,,426049,1,,,0,100,,426056,1,,,0
5200,'20260519',628,,426057,1,,,0,30,,426058,1,,,0,72,,426059,1,,,0,74,,426060,1,,,0,28,,426061,1,,,0,68,,426079,1,,,0,29,,426062,1,,,0,100,,426063,1,,,0,100,,426064,1,,,0,100,,426065,1,,,0,100,,426066,1,,,0,100,,426067,1,,,0,30,,426080,1,,,0,71,,426068,1,,,0,26,,426078,1,,,0,76,,426069,1,,,0,73,,426070,1,,,0,26,,426071,1,,,0,98,,426072,1,,,0,99,,426073,1,,,0,99,,426074,1,,,0,100,,426075,1,,,0,100,,426076,1,,,0,100,,426077,1,,,0
