400,'20260703',657,,845865,7,,,0,71,,845866,7,,,0,26,,845867,7,,,0,73,,845868,7,,,0,88,,845869,7,,,0,100,,845870,7,,,0,100,,845871,7,,,0,102,,845872,7,,,0,93,,845873,7,,,0,104,,845874,7,,,0,98,,845875,7,,,0,27,,845876,7,,,0,68,,845877,7,,,0,34,,845878,7,,,0,67,,845879,7,,,0,30,,845880,7,,,0,96,,845881,7,,,0,99,,845882,7,,,0,100,,845883,7,,,0,102,,845884,7,,,0,99,,845885,7,,,0,100,,845886,7,,,0
400,'20260704',722,,863504,7,,,0,99,,863505,7,,,0,98,,863506,7,,,0,100,,863507,7,,,0,101,,863508,7,,,0,98,,863509,7,,,0,99,,863510,7,,,0,100,,863511,7,,,0,101,,863512,7,,,0,98,,863513,7,,,0,109,,863514,7,,,0,94,,863515,7,,,0,99,,863516,7,,,0,99,,863517,7,,,0,100,,863518,7,,,0,99,,863519,7,,,0,98,,863520,7,,,0
400,'20260705',722,,863521,7,,,0,99,,863522,7,,,0,98,,863523,7,,,0,100,,863524,7,,,0,101,,863525,7,,,0,98,,863526,7,,,0,99,,863527,7,,,0,100,,863528,7,,,0,101,,863529,7,,,0,98,,863530,7,,,0,109,,863531,7,,,0,94,,863532,7,,,0,99,,863533,7,,,0,99,,863534,7,,,0,100,,863535,7,,,0,99,,863536,7,,,0,98,,863537,7,,,0
400,'20260706',657,,863538,7,,,0,71,,863539,7,,,0,26,,863540,7,,,0,73,,863541,7,,,0,88,,863542,7,,,0,100,,863543,7,,,0,100,,863544,7,,,0,102,,863545,7,,,0,93,,863546,7,,,0,104,,863547,7,,,0,98,,863548,7,,,0,27,,863549,7,,,0,68,,863550,7,,,0,34,,863551,7,,,0,67,,863552,7,,,0,30,,863553,7,,,0,96,,863554,7,,,0,99,,863555,7,,,0,100,,863556,7,,,0,102,,863557,7,,,0,99,,863558,7,,,0,100,,863559,7,,,0
400,'20260707',657,,863560,7,,,0,71,,863561,7,,,0,26,,863562,7,,,0,73,,863563,7,,,0,88,,863564,7,,,0,100,,863565,7,,,0,100,,863566,7,,,0,102,,863567,7,,,0,93,,863568,7,,,0,104,,863569,7,,,0,98,,863570,7,,,0,27,,863571,7,,,0,68,,863572,7,,,0,34,,863573,7,,,0,67,,863574,7,,,0,30,,863575,7,,,0,96,,863576,7,,,0,99,,863577,7,,,0,100,,863578,7,,,0,102,,863579,7,,,0,99,,863580,7,,,0,100,,863581,7,,,0
400,'20260708',657,,863582,7,,,0,71,,863583,7,,,0,26,,863584,7,,,0,73,,863585,7,,,0,88,,863586,7,,,0,100,,863587,7,,,0,100,,863588,7,,,0,102,,863589,7,,,0,93,,863590,7,,,0,104,,863591,7,,,0,98,,863592,7,,,0,27,,863593,7,,,0,68,,863594,7,,,0,34,,863595,7,,,0,67,,863596,7,,,0,30,,863597,7,,,0,96,,863598,7,,,0,99,,863599,7,,,0,100,,863600,7,,,0,102,,863601,7,,,0,99,,863602,7,,,0,100,,863603,7,,,0
400,'20260709',657,,863604,7,,,0,71,,863605,7,,,0,26,,863606,7,,,0,73,,863607,7,,,0,88,,863608,7,,,0,100,,863609,7,,,0,100,,863610,7,,,0,102,,863611,7,,,0,93,,863612,7,,,0,104,,863613,7,,,0,98,,863614,7,,,0,27,,863615,7,,,0,68,,863616,7,,,0,34,,863617,7,,,0,67,,863618,7,,,0,30,,863619,7,,,0,96,,863620,7,,,0,99,,863621,7,,,0,100,,863622,7,,,0,102,,863623,7,,,0,99,,863624,7,,,0,100,,863625,7,,,0
400,'20260710',657,,815895,7,,,0,71,,815896,7,,,0,26,,815897,7,,,0,73,,815898,7,,,0,88,,815899,7,,,0,100,,815900,7,,,0,100,,815901,7,,,0,102,,815902,7,,,0,93,,815903,7,,,0,104,,815904,7,,,0,98,,815905,7,,,0,27,,815906,7,,,0,68,,815907,7,,,0,34,,815908,7,,,0,67,,815909,7,,,0,30,,815910,7,,,0,96,,815911,7,,,0,99,,815912,7,,,0,100,,815913,7,,,0,102,,815914,7,,,0,99,,815915,7,,,0,100,,815916,7,,,0
400,'20260711',722,,845887,7,,,0,99,,845888,7,,,0,98,,845889,7,,,0,100,,845890,7,,,0,101,,845891,7,,,0,98,,845892,7,,,0,99,,845893,7,,,0,100,,845894,7,,,0,101,,845895,7,,,0,98,,845896,7,,,0,109,,845897,7,,,0,94,,845898,7,,,0,99,,845899,7,,,0,99,,845900,7,,,0,100,,845901,7,,,0,99,,845902,7,,,0,98,,845903,7,,,0
400,'20260712',722,,845904,7,,,0,99,,845905,7,,,0,98,,845906,7,,,0,100,,845907,7,,,0,101,,845908,7,,,0,98,,845909,7,,,0,99,,845910,7,,,0,100,,845911,7,,,0,101,,845912,7,,,0,98,,845913,7,,,0,109,,845914,7,,,0,94,,845915,7,,,0,99,,845916,7,,,0,99,,845917,7,,,0,100,,845918,7,,,0,99,,845919,7,,,0,98,,845920,7,,,0
400,'20260713',657,,845921,7,,,0,71,,845922,7,,,0,26,,845923,7,,,0,73,,845924,7,,,0,88,,845925,7,,,0,100,,845926,7,,,0,100,,845927,7,,,0,102,,845928,7,,,0,93,,845929,7,,,0,104,,845930,7,,,0,98,,845931,7,,,0,27,,845932,7,,,0,68,,845933,7,,,0,34,,845934,7,,,0,67,,845935,7,,,0,30,,845936,7,,,0,96,,845937,7,,,0,99,,845938,7,,,0,100,,845939,7,,,0,102,,845940,7,,,0,99,,845941,7,,,0,100,,845942,7,,,0
400,'20260714',657,,845943,7,,,0,71,,845944,7,,,0,26,,845945,7,,,0,73,,845946,7,,,0,88,,845947,7,,,0,100,,845948,7,,,0,100,,845949,7,,,0,102,,845950,7,,,0,93,,845951,7,,,0,104,,845952,7,,,0,98,,845953,7,,,0,27,,845954,7,,,0,68,,845955,7,,,0,34,,845956,7,,,0,67,,845957,7,,,0,30,,845958,7,,,0,96,,845959,7,,,0,99,,845960,7,,,0,100,,845961,7,,,0,102,,845962,7,,,0,99,,845963,7,,,0,100,,845964,7,,,0
400,'20260715',657,,863626,7,,,0,71,,863627,7,,,0,26,,863628,7,,,0,73,,863629,7,,,0,88,,863630,7,,,0,100,,863631,7,,,0,100,,863632,7,,,0,102,,863633,7,,,0,93,,863634,7,,,0,104,,863635,7,,,0,98,,863636,7,,,0,27,,863637,7,,,0,68,,863638,7,,,0,34,,863639,7,,,0,67,,863640,7,,,0,30,,863641,7,,,0,96,,863642,7,,,0,99,,863643,7,,,0,100,,863644,7,,,0,102,,863645,7,,,0,99,,863646,7,,,0,100,,863647,7,,,0
400,'20260716',657,,863648,7,,,0,71,,863649,7,,,0,26,,863650,7,,,0,73,,863651,7,,,0,88,,863652,7,,,0,100,,863653,7,,,0,100,,863654,7,,,0,102,,863655,7,,,0,93,,863656,7,,,0,104,,863657,7,,,0,98,,863658,7,,,0,27,,863659,7,,,0,68,,863660,7,,,0,34,,863661,7,,,0,67,,863662,7,,,0,30,,863663,7,,,0,96,,863664,7,,,0,99,,863665,7,,,0,100,,863666,7,,,0,102,,863667,7,,,0,99,,863668,7,,,0,100,,863669,7,,,0
400,'20260717',657,,863670,7,,,0,71,,863671,7,,,0,26,,863672,7,,,0,73,,863673,7,,,0,88,,863674,7,,,0,100,,863675,7,,,0,100,,863676,7,,,0,102,,863677,7,,,0,93,,863678,7,,,0,104,,863679,7,,,0,98,,863680,7,,,0,27,,863681,7,,,0,68,,863682,7,,,0,34,,863683,7,,,0,67,,863684,7,,,0,30,,863685,7,,,0,96,,863686,7,,,0,99,,863687,7,,,0,100,,863688,7,,,0,102,,863689,7,,,0,99,,863690,7,,,0,100,,863691,7,,,0
400,'20262511',722,,863692,7,,,0,99,,863693,7,,,0,98,,863694,7,,,0,100,,863695,7,,,0,101,,863696,7,,,0,98,,863697,7,,,0,99,,863698,7,,,0,100,,863699,7,,,0,101,,863700,7,,,0,98,,863701,7,,,0,109,,863702,7,,,0,94,,863703,7,,,0,99,,863704,7,,,0,99,,863705,7,,,0,100,,863706,7,,,0,99,,863707,7,,,0,98,,863708,7,,,0
400,'20262611',722,,863709,7,,,0,99,,863710,7,,,0,98,,863711,7,,,0,100,,863712,7,,,0,101,,863713,7,,,0,98,,863714,7,,,0,99,,863715,7,,,0,100,,863716,7,,,0,101,,863717,7,,,0,98,,863718,7,,,0,109,,863719,7,,,0,94,,863720,7,,,0,99,,863721,7,,,0,99,,863722,7,,,0,100,,863723,7,,,0,99,,863724,7,,,0,98,,863725,7,,,0
