5303,'20260703',559,,849202,33,,,0,141,,849203,33,,,0,26,,849204,33,,,0,75,,849205,33,,,0,28,,849206,33,,,0,73,,849207,33,,,0,39,,849208,33,,,0,77,,849209,33,,,0,41,,849210,33,,,0,100,,849211,33,,,0,100,,849212,33,,,0,141,,849213,33,,,0,100,,849214,33,,,0,102,,849215,33,,,0,26,,849216,33,,,0,76,,849217,33,,,0,97,,849218,33,,,0,99,,849219,33,,,0,101,,849220,33,,,0,101,,849221,33,,,0,100,,849222,33,,,0,101,,849223,33,,,0
5303,'20260704',651,,870962,33,,,0,105,,870963,33,,,0,101,,870964,33,,,0,101,,870965,33,,,0,100,,870966,33,,,0,100,,870967,33,,,0,99,,870968,33,,,0,101,,870969,33,,,0,99,,870970,33,,,0,147,,870971,33,,,0,96,,870972,33,,,0,57,,870973,33,,,0,100,,870974,33,,,0,100,,870975,33,,,0,98,,870976,33,,,0,100,,870977,33,,,0,98,,870978,33,,,0
5303,'20260705',651,,870979,33,,,0,105,,870980,33,,,0,101,,870981,33,,,0,101,,870982,33,,,0,100,,870983,33,,,0,100,,870984,33,,,0,99,,870985,33,,,0,101,,870986,33,,,0,99,,870987,33,,,0,147,,870988,33,,,0,96,,870989,33,,,0,57,,870990,33,,,0,100,,870991,33,,,0,100,,870992,33,,,0,98,,870993,33,,,0,100,,870994,33,,,0,98,,870995,33,,,0
5303,'20260706',559,,870996,33,,,0,141,,870997,33,,,0,26,,870998,33,,,0,75,,870999,33,,,0,28,,871000,33,,,0,73,,871001,33,,,0,39,,871002,33,,,0,77,,871003,33,,,0,41,,871004,33,,,0,100,,871005,33,,,0,100,,871006,33,,,0,141,,871007,33,,,0,100,,871008,33,,,0,102,,871009,33,,,0,26,,871010,33,,,0,76,,871011,33,,,0,97,,871012,33,,,0,99,,871013,33,,,0,101,,871014,33,,,0,101,,871015,33,,,0,100,,871016,33,,,0,101,,871017,33,,,0
5303,'20260707',559,,871018,33,,,0,141,,871019,33,,,0,26,,871020,33,,,0,75,,871021,33,,,0,28,,871022,33,,,0,73,,871023,33,,,0,39,,871024,33,,,0,77,,871025,33,,,0,41,,871026,33,,,0,100,,871027,33,,,0,100,,871028,33,,,0,141,,871029,33,,,0,100,,871030,33,,,0,102,,871031,33,,,0,26,,871032,33,,,0,76,,871033,33,,,0,97,,871034,33,,,0,99,,871035,33,,,0,101,,871036,33,,,0,101,,871037,33,,,0,100,,871038,33,,,0,101,,871039,33,,,0
5303,'20260708',559,,871040,33,,,0,141,,871041,33,,,0,26,,871042,33,,,0,75,,871043,33,,,0,28,,871044,33,,,0,73,,871045,33,,,0,39,,871046,33,,,0,77,,871047,33,,,0,41,,871048,33,,,0,100,,871049,33,,,0,100,,871050,33,,,0,141,,871051,33,,,0,100,,871052,33,,,0,102,,871053,33,,,0,26,,871054,33,,,0,76,,871055,33,,,0,97,,871056,33,,,0,99,,871057,33,,,0,101,,871058,33,,,0,101,,871059,33,,,0,100,,871060,33,,,0,101,,871061,33,,,0
5303,'20260709',559,,871062,33,,,0,141,,871063,33,,,0,26,,871064,33,,,0,75,,871065,33,,,0,28,,871066,33,,,0,73,,871067,33,,,0,39,,871068,33,,,0,77,,871069,33,,,0,41,,871070,33,,,0,100,,871071,33,,,0,100,,871072,33,,,0,141,,871073,33,,,0,100,,871074,33,,,0,102,,871075,33,,,0,26,,871076,33,,,0,76,,871077,33,,,0,97,,871078,33,,,0,99,,871079,33,,,0,101,,871080,33,,,0,101,,871081,33,,,0,100,,871082,33,,,0,101,,871083,33,,,0
5303,'20260710',559,,822070,33,,,0,141,,822057,33,,,0,26,,822068,33,,,0,75,,822069,33,,,0,28,,822058,33,,,0,73,,822072,33,,,0,39,,822071,33,,,0,77,,822059,33,,,0,41,,822074,33,,,0,100,,822060,33,,,0,100,,822061,33,,,0,141,,822075,33,,,0,100,,822062,33,,,0,102,,822073,33,,,0,26,,822078,33,,,0,76,,822076,33,,,0,97,,822063,33,,,0,99,,822064,33,,,0,101,,822065,33,,,0,101,,822077,33,,,0,100,,822066,33,,,0,101,,822067,33,,,0
5303,'20260711',651,,849224,33,,,0,105,,849236,33,,,0,101,,849225,33,,,0,101,,849226,33,,,0,100,,849227,33,,,0,100,,849237,33,,,0,99,,849228,33,,,0,101,,849238,33,,,0,99,,849229,33,,,0,147,,849230,33,,,0,96,,849231,33,,,0,57,,849239,33,,,0,100,,849232,33,,,0,100,,849233,33,,,0,98,,849240,33,,,0,100,,849234,33,,,0,98,,849235,33,,,0
5303,'20260712',651,,849241,33,,,0,105,,849253,33,,,0,101,,849242,33,,,0,101,,849243,33,,,0,100,,849244,33,,,0,100,,849254,33,,,0,99,,849245,33,,,0,101,,849255,33,,,0,99,,849246,33,,,0,147,,849247,33,,,0,96,,849248,33,,,0,57,,849256,33,,,0,100,,849249,33,,,0,100,,849250,33,,,0,98,,849257,33,,,0,100,,849251,33,,,0,98,,849252,33,,,0
5303,'20260713',559,,849271,33,,,0,141,,849258,33,,,0,26,,849269,33,,,0,75,,849270,33,,,0,28,,849259,33,,,0,73,,849273,33,,,0,39,,849272,33,,,0,77,,849260,33,,,0,41,,849275,33,,,0,100,,849261,33,,,0,100,,849262,33,,,0,141,,849276,33,,,0,100,,849263,33,,,0,102,,849274,33,,,0,26,,849279,33,,,0,76,,849277,33,,,0,97,,849264,33,,,0,99,,849265,33,,,0,101,,849266,33,,,0,101,,849278,33,,,0,100,,849267,33,,,0,101,,849268,33,,,0
5303,'20260714',559,,849293,33,,,0,141,,849280,33,,,0,26,,849291,33,,,0,75,,849292,33,,,0,28,,849281,33,,,0,73,,849295,33,,,0,39,,849294,33,,,0,77,,849282,33,,,0,41,,849297,33,,,0,100,,849283,33,,,0,100,,849284,33,,,0,141,,849298,33,,,0,100,,849285,33,,,0,102,,849296,33,,,0,26,,849301,33,,,0,76,,849299,33,,,0,97,,849286,33,,,0,99,,849287,33,,,0,101,,849288,33,,,0,101,,849300,33,,,0,100,,849289,33,,,0,101,,849290,33,,,0
5303,'20260715',559,,871097,33,,,0,141,,871084,33,,,0,26,,871095,33,,,0,75,,871096,33,,,0,28,,871085,33,,,0,73,,871099,33,,,0,39,,871098,33,,,0,77,,871086,33,,,0,41,,871101,33,,,0,100,,871087,33,,,0,100,,871088,33,,,0,141,,871102,33,,,0,100,,871089,33,,,0,102,,871100,33,,,0,26,,871105,33,,,0,76,,871103,33,,,0,97,,871090,33,,,0,99,,871091,33,,,0,101,,871092,33,,,0,101,,871104,33,,,0,100,,871093,33,,,0,101,,871094,33,,,0
5303,'20260716',559,,871119,33,,,0,141,,871106,33,,,0,26,,871117,33,,,0,75,,871118,33,,,0,28,,871107,33,,,0,73,,871121,33,,,0,39,,871120,33,,,0,77,,871108,33,,,0,41,,871123,33,,,0,100,,871109,33,,,0,100,,871110,33,,,0,141,,871124,33,,,0,100,,871111,33,,,0,102,,871122,33,,,0,26,,871127,33,,,0,76,,871125,33,,,0,97,,871112,33,,,0,99,,871113,33,,,0,101,,871114,33,,,0,101,,871126,33,,,0,100,,871115,33,,,0,101,,871116,33,,,0
5303,'20260717',559,,871141,33,,,0,141,,871128,33,,,0,26,,871139,33,,,0,75,,871140,33,,,0,28,,871129,33,,,0,73,,871143,33,,,0,39,,871142,33,,,0,77,,871130,33,,,0,41,,871145,33,,,0,100,,871131,33,,,0,100,,871132,33,,,0,141,,871146,33,,,0,100,,871133,33,,,0,102,,871144,33,,,0,26,,871149,33,,,0,76,,871147,33,,,0,97,,871134,33,,,0,99,,871135,33,,,0,101,,871136,33,,,0,101,,871148,33,,,0,100,,871137,33,,,0,101,,871138,33,,,0
5303,'20262511',651,,871150,33,,,0,105,,871162,33,,,0,101,,871151,33,,,0,101,,871152,33,,,0,100,,871153,33,,,0,100,,871163,33,,,0,99,,871154,33,,,0,101,,871164,33,,,0,99,,871155,33,,,0,147,,871156,33,,,0,96,,871157,33,,,0,57,,871165,33,,,0,100,,871158,33,,,0,100,,871159,33,,,0,98,,871166,33,,,0,100,,871160,33,,,0,98,,871161,33,,,0
5303,'20262611',651,,871167,33,,,0,105,,871179,33,,,0,101,,871168,33,,,0,101,,871169,33,,,0,100,,871170,33,,,0,100,,871180,33,,,0,99,,871171,33,,,0,101,,871181,33,,,0,99,,871172,33,,,0,147,,871173,33,,,0,96,,871174,33,,,0,57,,871182,33,,,0,100,,871175,33,,,0,100,,871176,33,,,0,98,,871183,33,,,0,100,,871177,33,,,0,98,,871178,33,,,0
25101,'20260703',706,,854681,21,,,0,30,,854682,21,,,0,70,,854683,21,,,0
25101,'20260706',706,,883157,21,,,0,30,,883158,21,,,0,70,,883159,21,,,0
25101,'20260707',706,,883160,21,,,0,30,,883161,21,,,0,70,,883162,21,,,0
25101,'20260708',706,,883163,21,,,0,30,,883164,21,,,0,70,,883165,21,,,0
25101,'20260709',706,,883166,21,,,0,30,,883167,21,,,0,70,,883168,21,,,0
25101,'20260710',706,,831982,21,,,0,30,,831983,21,,,0,70,,831984,21,,,0
25101,'20260713',706,,854684,21,,,0,30,,854685,21,,,0,70,,854686,21,,,0
25101,'20260714',706,,854687,21,,,0,30,,854688,21,,,0,70,,854689,21,,,0
25101,'20260715',706,,883169,21,,,0,30,,883170,21,,,0,70,,883171,21,,,0
25101,'20260716',706,,883172,21,,,0,30,,883173,21,,,0,70,,883174,21,,,0
25101,'20260717',706,,883175,21,,,0,30,,883176,21,,,0,70,,883177,21,,,0
25301,'20260703',706,,854702,33,,,0,29,,854703,33,,,0,70,,854704,33,,,0,31,,854705,33,,,0
25301,'20260706',706,,883206,33,,,0,29,,883207,33,,,0,70,,883208,33,,,0,31,,883209,33,,,0
25301,'20260707',706,,883210,33,,,0,29,,883211,33,,,0,70,,883212,33,,,0,31,,883213,33,,,0
25301,'20260708',706,,883214,33,,,0,29,,883215,33,,,0,70,,883216,33,,,0,31,,883217,33,,,0
25301,'20260709',706,,883218,33,,,0,29,,883219,33,,,0,70,,883220,33,,,0,31,,883221,33,,,0
25301,'20260710',706,,832029,33,,,0,29,,832030,33,,,0,70,,832031,33,,,0,31,,832032,33,,,0
25301,'20260713',706,,854706,33,,,0,29,,854707,33,,,0,70,,854708,33,,,0,31,,854709,33,,,0
25301,'20260714',706,,854710,33,,,0,29,,854711,33,,,0,70,,854712,33,,,0,31,,854713,33,,,0
25301,'20260715',706,,883222,33,,,0,29,,883223,33,,,0,70,,883224,33,,,0,31,,883225,33,,,0
25301,'20260716',706,,883226,33,,,0,29,,883227,33,,,0,70,,883228,33,,,0,31,,883229,33,,,0
25301,'20260717',706,,883230,33,,,0,29,,883231,33,,,0,70,,883232,33,,,0,31,,883233,33,,,0
