1102,'20260331',609,,146387,3,,,1,27,,146388,3,,,1,20,,146389,3,,,1,62,,146390,3,,,1,21,,146391,3,,,1,68,,146392,3,,,1,32,,146393,3,,,1,100,,146394,3,,,1,100,,146395,3,,,1,100,,146396,3,,,1,100,,146397,3,,,1,102,,146398,3,,,1,101,,146399,3,,,1,97,,146400,3,,,1,70,,146401,3,,,1,30,,146402,3,,,1,100,,146403,3,,,1,103,,146404,3,,,1,102,,146405,3,,,1,101,,146406,3,,,1,101,,146407,3,,,1,101,,146408,3,,,1,100,,146409,3,,,1
1102,'20260401',609,,146430,3,,,1,27,,146431,3,,,1,20,,146432,3,,,1,62,,146433,3,,,1,21,,146434,3,,,1,68,,146435,3,,,1,32,,146436,3,,,1,100,,146437,3,,,1,100,,146438,3,,,1,100,,146439,3,,,1,100,,146440,3,,,1,102,,146441,3,,,1,101,,146442,3,,,1,97,,146443,3,,,1,70,,146444,3,,,1,30,,146445,3,,,1,100,,146446,3,,,1,103,,146447,3,,,1,102,,146448,3,,,1,101,,146449,3,,,1,101,,146450,3,,,1,101,,146451,3,,,1,100,,146452,3,,,1
1102,'20260402',609,,146473,3,,,1,27,,146474,3,,,1,20,,146475,3,,,1,62,,146476,3,,,1,21,,146477,3,,,1,68,,146478,3,,,1,32,,146479,3,,,1,100,,146480,3,,,1,100,,146481,3,,,1,100,,146482,3,,,1,100,,146483,3,,,1,102,,146484,3,,,1,101,,146485,3,,,1,97,,146486,3,,,1,70,,146487,3,,,1,30,,146488,3,,,1,100,,146489,3,,,1,103,,146490,3,,,1,102,,146491,3,,,1,101,,146492,3,,,1,101,,146493,3,,,1,101,,146494,3,,,1,100,,146495,3,,,1
1102,'20260403',549,,146516,3,,,1,99,,146517,3,,,1,99,,146518,3,,,1,69,,146519,3,,,1,29,,146520,3,,,1,69,,146521,3,,,1,30,,146522,3,,,1,69,,146523,3,,,1,30,,146524,3,,,1,69,,146525,3,,,1,25,,146526,3,,,1,74,,146527,3,,,1,29,,146528,3,,,1,69,,146529,3,,,1,35,,146530,3,,,1,68,,146531,3,,,1,24,,146532,3,,,1,77,,146533,3,,,1,28,,146534,3,,,1,69,,146535,3,,,1,36,,146536,3,,,1,71,,146537,3,,,1,26,,146538,3,,,1,71,,146539,3,,,1,31,,146540,3,,,1,71,,146541,3,,,1,31,,146542,3,,,1,100,,146543,3,,,1,100,,146544,3,,,1,102,,146545,3,,,1,101,,146546,3,,,1
1102,'20260404',549,,106336,3,,,1,99,,106337,3,,,1,99,,106338,3,,,1,69,,106339,3,,,1,29,,106340,3,,,1,69,,106341,3,,,1,30,,106342,3,,,1,69,,106343,3,,,1,30,,106344,3,,,1,69,,106345,3,,,1,25,,106346,3,,,1,74,,106347,3,,,1,29,,106348,3,,,1,69,,106349,3,,,1,35,,106350,3,,,1,68,,106351,3,,,1,24,,106352,3,,,1,77,,106353,3,,,1,28,,106354,3,,,1,69,,106355,3,,,1,36,,106356,3,,,1,71,,106357,3,,,1,26,,106358,3,,,1,71,,106364,3,,,1,31,,106359,3,,,1,71,,106363,3,,,1,31,,106360,3,,,1,100,,106361,3,,,1,100,,106362,3,,,1,102,,106335,3,,,1,101,,106365,3,,,1
1102,'20260405',549,,106367,3,,,1,99,,106368,3,,,1,99,,106369,3,,,1,69,,106370,3,,,1,29,,106371,3,,,1,69,,106372,3,,,1,30,,106373,3,,,1,69,,106374,3,,,1,30,,106375,3,,,1,69,,106376,3,,,1,25,,106377,3,,,1,74,,106378,3,,,1,29,,106379,3,,,1,69,,106380,3,,,1,35,,106381,3,,,1,68,,106382,3,,,1,24,,106383,3,,,1,77,,106384,3,,,1,28,,106385,3,,,1,69,,106386,3,,,1,36,,106387,3,,,1,71,,106388,3,,,1,26,,106389,3,,,1,71,,106390,3,,,1,31,,106392,3,,,1,71,,106391,3,,,1,31,,106393,3,,,1,100,,106394,3,,,1,100,,106395,3,,,1,102,,106396,3,,,1,101,,106366,3,,,1
1102,'20260406',549,,106398,3,,,1,99,,106399,3,,,1,99,,106400,3,,,1,69,,106401,3,,,1,29,,106402,3,,,1,69,,106403,3,,,1,30,,106404,3,,,1,69,,106405,3,,,1,30,,106406,3,,,1,69,,106407,3,,,1,25,,106408,3,,,1,74,,106409,3,,,1,29,,106410,3,,,1,69,,106411,3,,,1,35,,106412,3,,,1,68,,106413,3,,,1,24,,106414,3,,,1,77,,106415,3,,,1,28,,106416,3,,,1,69,,106417,3,,,1,36,,106418,3,,,1,71,,106419,3,,,1,26,,106420,3,,,1,71,,106421,3,,,1,31,,106423,3,,,1,71,,106422,3,,,1,31,,106424,3,,,1,100,,106425,3,,,1,100,,106426,3,,,1,102,,106427,3,,,1,101,,106397,3,,,1
1102,'20260407',609,,146552,3,,,1,27,,146561,3,,,1,20,,146550,3,,,1,62,,146548,3,,,1,21,,146549,3,,,1,68,,146562,3,,,1,32,,146557,3,,,1,100,,146558,3,,,1,100,,146582,3,,,1,100,,146579,3,,,1,100,,146566,3,,,1,102,,146580,3,,,1,101,,146573,3,,,1,97,,146585,3,,,1,70,,146568,3,,,1,30,,146565,3,,,1,100,,146578,3,,,1,103,,146588,3,,,1,102,,146571,3,,,1,101,,146575,3,,,1,101,,146587,3,,,1,101,,146572,3,,,1,100,,146589,3,,,1
1102,'20260408',609,,146595,3,,,1,27,,146604,3,,,1,20,,146593,3,,,1,62,,146591,3,,,1,21,,146592,3,,,1,68,,146605,3,,,1,32,,146600,3,,,1,100,,146601,3,,,1,100,,146625,3,,,1,100,,146622,3,,,1,100,,146609,3,,,1,102,,146623,3,,,1,101,,146616,3,,,1,97,,146628,3,,,1,70,,146611,3,,,1,30,,146608,3,,,1,100,,146621,3,,,1,103,,146631,3,,,1,102,,146614,3,,,1,101,,146618,3,,,1,101,,146630,3,,,1,101,,146615,3,,,1,100,,146632,3,,,1
1102,'20260409',609,,146638,3,,,1,27,,146647,3,,,1,20,,146636,3,,,1,62,,146634,3,,,1,21,,146635,3,,,1,68,,146648,3,,,1,32,,146643,3,,,1,100,,146644,3,,,1,100,,146668,3,,,1,100,,146665,3,,,1,100,,146652,3,,,1,102,,146666,3,,,1,101,,146659,3,,,1,97,,146671,3,,,1,70,,146654,3,,,1,30,,146651,3,,,1,100,,146664,3,,,1,103,,146674,3,,,1,102,,146657,3,,,1,101,,146661,3,,,1,101,,146673,3,,,1,101,,146658,3,,,1,100,,146675,3,,,1
1102,'20260410',609,,146681,3,,,1,27,,146690,3,,,1,20,,146679,3,,,1,62,,146677,3,,,1,21,,146678,3,,,1,68,,146691,3,,,1,32,,146686,3,,,1,100,,146687,3,,,1,100,,146711,3,,,1,100,,146708,3,,,1,100,,146695,3,,,1,102,,146709,3,,,1,101,,146702,3,,,1,97,,146714,3,,,1,70,,146697,3,,,1,30,,146694,3,,,1,100,,146707,3,,,1,103,,146717,3,,,1,102,,146700,3,,,1,101,,146704,3,,,1,101,,146716,3,,,1,101,,146701,3,,,1,100,,146718,3,,,1
1102,'20260411',549,,146720,3,,,1,99,,146721,3,,,1,99,,146722,3,,,1,69,,146723,3,,,1,29,,146724,3,,,1,69,,146725,3,,,1,30,,146726,3,,,1,69,,146727,3,,,1,30,,146728,3,,,1,69,,146729,3,,,1,25,,146730,3,,,1,74,,146731,3,,,1,29,,146732,3,,,1,69,,146733,3,,,1,35,,146734,3,,,1,68,,146735,3,,,1,24,,146736,3,,,1,77,,146737,3,,,1,28,,146738,3,,,1,69,,146739,3,,,1,36,,146740,3,,,1,71,,146741,3,,,1,26,,146742,3,,,1,71,,146748,3,,,1,31,,146743,3,,,1,71,,146747,3,,,1,31,,146744,3,,,1,100,,146745,3,,,1,100,,146746,3,,,1,102,,146719,3,,,1,101,,146749,3,,,1
1102,'20260412',549,,146751,3,,,1,99,,146752,3,,,1,99,,146753,3,,,1,69,,146754,3,,,1,29,,146755,3,,,1,69,,146756,3,,,1,30,,146757,3,,,1,69,,146758,3,,,1,30,,146759,3,,,1,69,,146760,3,,,1,25,,146761,3,,,1,74,,146762,3,,,1,29,,146763,3,,,1,69,,146764,3,,,1,35,,146765,3,,,1,68,,146766,3,,,1,24,,146767,3,,,1,77,,146768,3,,,1,28,,146769,3,,,1,69,,146770,3,,,1,36,,146771,3,,,1,71,,146772,3,,,1,26,,146773,3,,,1,71,,146774,3,,,1,31,,146776,3,,,1,71,,146775,3,,,1,31,,146777,3,,,1,100,,146778,3,,,1,100,,146779,3,,,1,102,,146780,3,,,1,101,,146750,3,,,1
1102,'20260413',609,,146786,3,,,1,27,,146795,3,,,1,20,,146784,3,,,1,62,,146782,3,,,1,21,,146783,3,,,1,68,,146796,3,,,1,32,,146791,3,,,1,100,,146792,3,,,1,100,,146816,3,,,1,100,,146813,3,,,1,100,,146800,3,,,1,102,,146814,3,,,1,101,,146807,3,,,1,97,,146819,3,,,1,70,,146802,3,,,1,30,,146799,3,,,1,100,,146812,3,,,1,103,,146822,3,,,1,102,,146805,3,,,1,101,,146809,3,,,1,101,,146821,3,,,1,101,,146806,3,,,1,100,,146823,3,,,1
1102,'20260414',609,,146829,3,,,1,27,,146838,3,,,1,20,,146827,3,,,1,62,,146825,3,,,1,21,,146826,3,,,1,68,,146839,3,,,1,32,,146834,3,,,1,100,,146835,3,,,1,100,,146859,3,,,1,100,,146856,3,,,1,100,,146843,3,,,1,102,,146857,3,,,1,101,,146850,3,,,1,97,,146862,3,,,1,70,,146845,3,,,1,30,,146842,3,,,1,100,,146855,3,,,1,103,,146865,3,,,1,102,,146848,3,,,1,101,,146852,3,,,1,101,,146864,3,,,1,101,,146849,3,,,1,100,,146866,3,,,1
9003,'20260331',1543,,165395,5,,,0,65,,165396,5,,,0,31,,165397,5,,,0,2,,165398,5,,,0,69,,165399,5,,,0,30,,165400,5,,,0
9003,'20260401',1543,,165401,5,,,0,65,,165402,5,,,0,31,,165403,5,,,0,2,,165404,5,,,0,69,,165405,5,,,0,30,,165406,5,,,0
9003,'20260402',1543,,165407,5,,,0,65,,165408,5,,,0,31,,165409,5,,,0,2,,165410,5,,,0,69,,165411,5,,,0,30,,165412,5,,,0
9003,'20260407',1543,,165413,5,,,0,65,,165414,5,,,0,31,,165418,5,,,0,2,,165415,5,,,0,69,,165416,5,,,0,30,,165417,5,,,0
9003,'20260408',1543,,165419,5,,,0,65,,165420,5,,,0,31,,165424,5,,,0,2,,165421,5,,,0,69,,165422,5,,,0,30,,165423,5,,,0
9003,'20260409',1543,,165425,5,,,0,65,,165426,5,,,0,31,,165430,5,,,0,2,,165427,5,,,0,69,,165428,5,,,0,30,,165429,5,,,0
9003,'20260410',1543,,165431,5,,,0,65,,165432,5,,,0,31,,165436,5,,,0,2,,165433,5,,,0,69,,165434,5,,,0,30,,165435,5,,,0
9003,'20260413',1543,,165437,5,,,0,65,,165438,5,,,0,31,,165442,5,,,0,2,,165439,5,,,0,69,,165440,5,,,0,30,,165441,5,,,0
9003,'20260414',1543,,165443,5,,,0,65,,165444,5,,,0,31,,165448,5,,,0,2,,165445,5,,,0,69,,165446,5,,,0,30,,165447,5,,,0
9600,'20260331',629,,167381,5,,,0,102,,167382,5,,,0,100,,167383,5,,,0,101,,167384,5,,,0,100,,167385,5,,,0,100,,167386,5,,,0,100,,167387,5,,,0,100,,167388,5,,,0,100,,167389,5,,,0,98,,167390,5,,,0,28,,167391,5,,,0,72,,167392,5,,,0,74,,167393,5,,,0,30,,167394,5,,,0,99,,167395,5,,,0,100,,167396,5,,,0,100,,167397,5,,,0,100,,167398,5,,,0,101,,167399,5,,,0
9600,'20260401',629,,167400,5,,,0,102,,167401,5,,,0,100,,167402,5,,,0,101,,167403,5,,,0,100,,167404,5,,,0,100,,167405,5,,,0,100,,167406,5,,,0,100,,167407,5,,,0,100,,167408,5,,,0,98,,167409,5,,,0,28,,167410,5,,,0,72,,167411,5,,,0,74,,167412,5,,,0,30,,167413,5,,,0,99,,167414,5,,,0,100,,167415,5,,,0,100,,167416,5,,,0,100,,167417,5,,,0,101,,167418,5,,,0
9600,'20260402',629,,167419,5,,,0,102,,167420,5,,,0,100,,167421,5,,,0,101,,167422,5,,,0,100,,167423,5,,,0,100,,167424,5,,,0,100,,167425,5,,,0,100,,167426,5,,,0,100,,167427,5,,,0,98,,167428,5,,,0,28,,167429,5,,,0,72,,167430,5,,,0,74,,167431,5,,,0,30,,167432,5,,,0,99,,167433,5,,,0,100,,167434,5,,,0,100,,167435,5,,,0,100,,167436,5,,,0,101,,167437,5,,,0
9600,'20260403',703,,167438,5,,,0,100,,167439,5,,,0,100,,167440,5,,,0,98,,167441,5,,,0,105,,167442,5,,,0,95,,167443,5,,,0,56,,167444,5,,,0,143,,167445,5,,,0,103,,167446,5,,,0,98,,167447,5,,,0,107,,167448,5,,,0,94,,167449,5,,,0,101,,167450,5,,,0,101,,167451,5,,,0,99,,167452,5,,,0,100,,167453,5,,,0
9600,'20260404',703,,124742,5,,,0,100,,124727,5,,,0,100,,124728,5,,,0,98,,124729,5,,,0,105,,124730,5,,,0,95,,124731,5,,,0,56,,124732,5,,,0,143,,124733,5,,,0,103,,124734,5,,,0,98,,124735,5,,,0,107,,124736,5,,,0,94,,124737,5,,,0,101,,124738,5,,,0,101,,124739,5,,,0,99,,124740,5,,,0,100,,124741,5,,,0
9600,'20260405',703,,124743,5,,,0,100,,124744,5,,,0,100,,124745,5,,,0,98,,124746,5,,,0,105,,124747,5,,,0,95,,124748,5,,,0,56,,124749,5,,,0,143,,124750,5,,,0,103,,124751,5,,,0,98,,124752,5,,,0,107,,124753,5,,,0,94,,124754,5,,,0,101,,124755,5,,,0,101,,124756,5,,,0,99,,124757,5,,,0,100,,124758,5,,,0
9600,'20260406',703,,124759,5,,,0,100,,124760,5,,,0,100,,124761,5,,,0,98,,124762,5,,,0,105,,124763,5,,,0,95,,124764,5,,,0,56,,124765,5,,,0,143,,124766,5,,,0,103,,124767,5,,,0,98,,124768,5,,,0,107,,124769,5,,,0,94,,124770,5,,,0,101,,124771,5,,,0,101,,124772,5,,,0,99,,124773,5,,,0,100,,124774,5,,,0
9600,'20260407',629,,167454,5,,,0,102,,167455,5,,,0,100,,167456,5,,,0,101,,167457,5,,,0,100,,167458,5,,,0,100,,167459,5,,,0,100,,167460,5,,,0,100,,167461,5,,,0,100,,167462,5,,,0,98,,167463,5,,,0,28,,167464,5,,,0,72,,167465,5,,,0,74,,167466,5,,,0,30,,167472,5,,,0,99,,167467,5,,,0,100,,167468,5,,,0,100,,167469,5,,,0,100,,167470,5,,,0,101,,167471,5,,,0
9600,'20260408',629,,167473,5,,,0,102,,167474,5,,,0,100,,167475,5,,,0,101,,167476,5,,,0,100,,167477,5,,,0,100,,167478,5,,,0,100,,167479,5,,,0,100,,167480,5,,,0,100,,167481,5,,,0,98,,167482,5,,,0,28,,167483,5,,,0,72,,167484,5,,,0,74,,167485,5,,,0,30,,167491,5,,,0,99,,167486,5,,,0,100,,167487,5,,,0,100,,167488,5,,,0,100,,167489,5,,,0,101,,167490,5,,,0
9600,'20260409',629,,167492,5,,,0,102,,167493,5,,,0,100,,167494,5,,,0,101,,167495,5,,,0,100,,167496,5,,,0,100,,167497,5,,,0,100,,167498,5,,,0,100,,167499,5,,,0,100,,167500,5,,,0,98,,167501,5,,,0,28,,167502,5,,,0,72,,167503,5,,,0,74,,167504,5,,,0,30,,167510,5,,,0,99,,167505,5,,,0,100,,167506,5,,,0,100,,167507,5,,,0,100,,167508,5,,,0,101,,167509,5,,,0
9600,'20260410',629,,167511,5,,,0,102,,167512,5,,,0,100,,167513,5,,,0,101,,167514,5,,,0,100,,167515,5,,,0,100,,167516,5,,,0,100,,167517,5,,,0,100,,167518,5,,,0,100,,167519,5,,,0,98,,167520,5,,,0,28,,167521,5,,,0,72,,167522,5,,,0,74,,167523,5,,,0,30,,167529,5,,,0,99,,167524,5,,,0,100,,167525,5,,,0,100,,167526,5,,,0,100,,167527,5,,,0,101,,167528,5,,,0
9600,'20260411',703,,167545,5,,,0,100,,167530,5,,,0,100,,167531,5,,,0,98,,167532,5,,,0,105,,167533,5,,,0,95,,167534,5,,,0,56,,167535,5,,,0,143,,167536,5,,,0,103,,167537,5,,,0,98,,167538,5,,,0,107,,167539,5,,,0,94,,167540,5,,,0,101,,167541,5,,,0,101,,167542,5,,,0,99,,167543,5,,,0,100,,167544,5,,,0
9600,'20260412',703,,167546,5,,,0,100,,167547,5,,,0,100,,167548,5,,,0,98,,167549,5,,,0,105,,167550,5,,,0,95,,167551,5,,,0,56,,167552,5,,,0,143,,167553,5,,,0,103,,167554,5,,,0,98,,167555,5,,,0,107,,167556,5,,,0,94,,167557,5,,,0,101,,167558,5,,,0,101,,167559,5,,,0,99,,167560,5,,,0,100,,167561,5,,,0
9600,'20260413',629,,167562,5,,,0,102,,167563,5,,,0,100,,167564,5,,,0,101,,167565,5,,,0,100,,167566,5,,,0,100,,167567,5,,,0,100,,167568,5,,,0,100,,167569,5,,,0,100,,167570,5,,,0,98,,167571,5,,,0,28,,167572,5,,,0,72,,167573,5,,,0,74,,167574,5,,,0,30,,167580,5,,,0,99,,167575,5,,,0,100,,167576,5,,,0,100,,167577,5,,,0,100,,167578,5,,,0,101,,167579,5,,,0
9600,'20260414',629,,167581,5,,,0,102,,167582,5,,,0,100,,167583,5,,,0,101,,167584,5,,,0,100,,167585,5,,,0,100,,167586,5,,,0,100,,167587,5,,,0,100,,167588,5,,,0,100,,167589,5,,,0,98,,167590,5,,,0,28,,167591,5,,,0,72,,167592,5,,,0,74,,167593,5,,,0,30,,167599,5,,,0,99,,167594,5,,,0,100,,167595,5,,,0,100,,167596,5,,,0,100,,167597,5,,,0,101,,167598,5,,,0
99103,'20260403',2606,,188786,31,,,0,130,,188787,31,,,0
99103,'20260404',2606,,143226,31,,,0,130,,143227,31,,,0
99103,'20260410',2606,,188788,31,,,0,130,,188789,31,,,0
99103,'20260411',2606,,188790,31,,,0,130,,188791,31,,,0
