27401,'20260720',630,,986199,2,,,0,28,,986200,2,,,0,70,,986201,2,,,0,7,,986202,2,,,0,74,,986203,2,,,0
27401,'20260721',630,,986204,2,,,0,28,,986205,2,,,0,70,,986206,2,,,0,7,,986207,2,,,0,74,,986208,2,,,0
27401,'20260722',630,,986209,2,,,0,28,,986210,2,,,0,70,,986211,2,,,0,7,,986212,2,,,0,74,,986213,2,,,0
27401,'20260723',630,,986214,2,,,0,28,,986215,2,,,0,70,,986216,2,,,0,7,,986217,2,,,0,74,,986218,2,,,0
27401,'20260724',630,,1007339,2,,,0,28,,1007340,2,,,0,70,,1007341,2,,,0,7,,1007342,2,,,0,74,,1007343,2,,,0
27401,'20260727',630,,955023,2,,,0,28,,955024,2,,,0,70,,955025,2,,,0,7,,955027,2,,,0,74,,955026,2,,,0
27401,'20260728',630,,955028,2,,,0,28,,955029,2,,,0,70,,955030,2,,,0,7,,955032,2,,,0,74,,955031,2,,,0
27401,'20260729',630,,986219,2,,,0,28,,986220,2,,,0,70,,986221,2,,,0,7,,986223,2,,,0,74,,986222,2,,,0
27401,'20260730',630,,986224,2,,,0,28,,986225,2,,,0,70,,986226,2,,,0,7,,986228,2,,,0,74,,986227,2,,,0
27401,'20260731',630,,986229,2,,,0,28,,986230,2,,,0,70,,986231,2,,,0,7,,986233,2,,,0,74,,986232,2,,,0
27401,'20260803',630,,1007344,2,,,0,28,,1007345,2,,,0,70,,1007346,2,,,0,7,,1007348,2,,,0,74,,1007347,2,,,0
57401,'20260720',628,,987652,2,,,0,26,,987653,2,,,0,74,,987654,2,,,0
57401,'20260721',628,,987655,2,,,0,26,,987656,2,,,0,74,,987657,2,,,0
57401,'20260722',628,,987658,2,,,0,26,,987659,2,,,0,74,,987660,2,,,0
57401,'20260723',628,,987661,2,,,0,26,,987662,2,,,0,74,,987663,2,,,0
57401,'20260724',628,,1007727,2,,,0,26,,1007728,2,,,0,74,,1007729,2,,,0
57401,'20260727',628,,956452,2,,,0,26,,956453,2,,,0,74,,956451,2,,,0
57401,'20260728',628,,956455,2,,,0,26,,956456,2,,,0,74,,956454,2,,,0
57401,'20260729',628,,987665,2,,,0,26,,987666,2,,,0,74,,987664,2,,,0
57401,'20260730',628,,987668,2,,,0,26,,987669,2,,,0,74,,987667,2,,,0
57401,'20260731',628,,987671,2,,,0,26,,987672,2,,,0,74,,987670,2,,,0
57401,'20260803',628,,1007731,2,,,0,26,,1007732,2,,,0,74,,1007730,2,,,0
