8401,'20260416',640,,252171,54,,,1,64,,252172,54,,,1,30,,252173,54,,,1,71,,252174,54,,,1,31,,252175,54,,,1,72,,252176,54,,,1,30,,252177,54,,,1,100,,252178,54,,,1,100,,252179,54,,,1,99,,252180,54,,,1,101,,252181,54,,,1,99,,252182,54,,,1,99,,252183,54,,,1,96,,252184,54,,,1,105,,252185,54,,,1,100,,252186,54,,,1,100,,252187,54,,,1,100,,252188,54,,,1,101,,252189,54,,,1,100,,252190,54,,,1,100,,252191,54,,,1
8401,'20260417',640,,252192,54,,,1,64,,252193,54,,,1,30,,252194,54,,,1,71,,252195,54,,,1,31,,252196,54,,,1,72,,252197,54,,,1,30,,252198,54,,,1,100,,252199,54,,,1,100,,252200,54,,,1,99,,252201,54,,,1,101,,252202,54,,,1,99,,252203,54,,,1,99,,252204,54,,,1,96,,252205,54,,,1,105,,252206,54,,,1,100,,252207,54,,,1,100,,252208,54,,,1,100,,252209,54,,,1,101,,252210,54,,,1,100,,252211,54,,,1,100,,252212,54,,,1
8401,'20260418',639,,290084,54,,,1,100,,290085,54,,,1,99,,290086,54,,,1,100,,290087,54,,,1,100,,290088,54,,,1,100,,290089,54,,,1,100,,290090,54,,,1,99,,290091,54,,,1,100,,290092,54,,,1,100,,290093,54,,,1,101,,290094,54,,,1,100,,290095,54,,,1,100,,290096,54,,,1,100,,290097,54,,,1,100,,290098,54,,,1,100,,290099,54,,,1,101,,290100,54,,,1,100,,290101,54,,,1
8401,'20260419',639,,290102,54,,,1,100,,290103,54,,,1,99,,290104,54,,,1,100,,290105,54,,,1,100,,290106,54,,,1,100,,290107,54,,,1,100,,290108,54,,,1,99,,290109,54,,,1,100,,290110,54,,,1,100,,290111,54,,,1,101,,290112,54,,,1,100,,290113,54,,,1,100,,290114,54,,,1,100,,290115,54,,,1,100,,290116,54,,,1,100,,290117,54,,,1,101,,290118,54,,,1,100,,290119,54,,,1
8401,'20260420',640,,290120,54,,,1,64,,290121,54,,,1,30,,290122,54,,,1,71,,290123,54,,,1,31,,290124,54,,,1,72,,290125,54,,,1,30,,290126,54,,,1,100,,290127,54,,,1,100,,290128,54,,,1,99,,290129,54,,,1,101,,290130,54,,,1,99,,290131,54,,,1,99,,290132,54,,,1,96,,290133,54,,,1,105,,290134,54,,,1,100,,290135,54,,,1,100,,290136,54,,,1,100,,290137,54,,,1,101,,290138,54,,,1,100,,290139,54,,,1,100,,290140,54,,,1
8401,'20260421',640,,290141,54,,,1,64,,290142,54,,,1,30,,290143,54,,,1,71,,290144,54,,,1,31,,290145,54,,,1,72,,290146,54,,,1,30,,290147,54,,,1,100,,290148,54,,,1,100,,290149,54,,,1,99,,290150,54,,,1,101,,290151,54,,,1,99,,290152,54,,,1,99,,290153,54,,,1,96,,290154,54,,,1,105,,290155,54,,,1,100,,290156,54,,,1,100,,290157,54,,,1,100,,290158,54,,,1,101,,290159,54,,,1,100,,290160,54,,,1,100,,290161,54,,,1
8401,'20260422',640,,252234,54,,,1,64,,252253,54,,,1,30,,252235,54,,,1,71,,252254,54,,,1,31,,252236,54,,,1,72,,252251,54,,,1,30,,252237,54,,,1,100,,252238,54,,,1,100,,252239,54,,,1,99,,252240,54,,,1,101,,252241,54,,,1,99,,252242,54,,,1,99,,252243,54,,,1,96,,252244,54,,,1,105,,252245,54,,,1,100,,252246,54,,,1,100,,252247,54,,,1,100,,252248,54,,,1,101,,252249,54,,,1,100,,252250,54,,,1,100,,252252,54,,,1
8401,'20260423',640,,252255,54,,,1,64,,252274,54,,,1,30,,252256,54,,,1,71,,252275,54,,,1,31,,252257,54,,,1,72,,252272,54,,,1,30,,252258,54,,,1,100,,252259,54,,,1,100,,252260,54,,,1,99,,252261,54,,,1,101,,252262,54,,,1,99,,252263,54,,,1,99,,252264,54,,,1,96,,252265,54,,,1,105,,252266,54,,,1,100,,252267,54,,,1,100,,252268,54,,,1,100,,252269,54,,,1,101,,252270,54,,,1,100,,252271,54,,,1,100,,252273,54,,,1
8401,'20260424',640,,252276,54,,,1,64,,252295,54,,,1,30,,252277,54,,,1,71,,252296,54,,,1,31,,252278,54,,,1,72,,252293,54,,,1,30,,252279,54,,,1,100,,252280,54,,,1,100,,252281,54,,,1,99,,252282,54,,,1,101,,252283,54,,,1,99,,252284,54,,,1,99,,252285,54,,,1,96,,252286,54,,,1,105,,252287,54,,,1,100,,252288,54,,,1,100,,252289,54,,,1,100,,252290,54,,,1,101,,252291,54,,,1,100,,252292,54,,,1,100,,252294,54,,,1
8401,'20260425',639,,252297,54,,,1,100,,252312,54,,,1,99,,252298,54,,,1,100,,252311,54,,,1,100,,252299,54,,,1,100,,252306,54,,,1,100,,252307,54,,,1,99,,252308,54,,,1,100,,252309,54,,,1,100,,252310,54,,,1,101,,252301,54,,,1,100,,252300,54,,,1,100,,252302,54,,,1,100,,252305,54,,,1,100,,252304,54,,,1,100,,252303,54,,,1,101,,252313,54,,,1,100,,252314,54,,,1
8401,'20260426',639,,252327,54,,,1,100,,252331,54,,,1,99,,252330,54,,,1,100,,252328,54,,,1,100,,252315,54,,,1,100,,252321,54,,,1,100,,252316,54,,,1,99,,252322,54,,,1,100,,252317,54,,,1,100,,252323,54,,,1,101,,252318,54,,,1,100,,252324,54,,,1,100,,252319,54,,,1,100,,252325,54,,,1,100,,252320,54,,,1,100,,252326,54,,,1,101,,252329,54,,,1,100,,252332,54,,,1
8401,'20260427',640,,252333,54,,,1,64,,252352,54,,,1,30,,252334,54,,,1,71,,252353,54,,,1,31,,252335,54,,,1,72,,252350,54,,,1,30,,252336,54,,,1,100,,252337,54,,,1,100,,252338,54,,,1,99,,252339,54,,,1,101,,252340,54,,,1,99,,252341,54,,,1,99,,252342,54,,,1,96,,252343,54,,,1,105,,252344,54,,,1,100,,252345,54,,,1,100,,252346,54,,,1,100,,252347,54,,,1,101,,252348,54,,,1,100,,252349,54,,,1,100,,252351,54,,,1
8401,'20260428',640,,290162,54,,,1,64,,290181,54,,,1,30,,290163,54,,,1,71,,290182,54,,,1,31,,290164,54,,,1,72,,290179,54,,,1,30,,290165,54,,,1,100,,290166,54,,,1,100,,290167,54,,,1,99,,290168,54,,,1,101,,290169,54,,,1,99,,290170,54,,,1,99,,290171,54,,,1,96,,290172,54,,,1,105,,290173,54,,,1,100,,290174,54,,,1,100,,290175,54,,,1,100,,290176,54,,,1,101,,290177,54,,,1,100,,290178,54,,,1,100,,290180,54,,,1
8401,'20260429',640,,290183,54,,,1,64,,290202,54,,,1,30,,290184,54,,,1,71,,290203,54,,,1,31,,290185,54,,,1,72,,290200,54,,,1,30,,290186,54,,,1,100,,290187,54,,,1,100,,290188,54,,,1,99,,290189,54,,,1,101,,290190,54,,,1,99,,290191,54,,,1,99,,290192,54,,,1,96,,290193,54,,,1,105,,290194,54,,,1,100,,290195,54,,,1,100,,290196,54,,,1,100,,290197,54,,,1,101,,290198,54,,,1,100,,290199,54,,,1,100,,290201,54,,,1
8401,'20260430',640,,290204,54,,,1,64,,290223,54,,,1,30,,290205,54,,,1,71,,290224,54,,,1,31,,290206,54,,,1,72,,290221,54,,,1,30,,290207,54,,,1,100,,290208,54,,,1,100,,290209,54,,,1,99,,290210,54,,,1,101,,290211,54,,,1,99,,290212,54,,,1,99,,290213,54,,,1,96,,290214,54,,,1,105,,290215,54,,,1,100,,290216,54,,,1,100,,290217,54,,,1,100,,290218,54,,,1,101,,290219,54,,,1,100,,290220,54,,,1,100,,290222,54,,,1
27401,'20260416',642,,257623,26,,,0,64,,257624,26,,,0,23,,257625,26,,,0,9,,257626,26,,,0,77,,257627,26,,,0
27401,'20260417',642,,257628,26,,,0,64,,257629,26,,,0,23,,257630,26,,,0,9,,257631,26,,,0,77,,257632,26,,,0
27401,'20260420',642,,293055,26,,,0,64,,293056,26,,,0,23,,293057,26,,,0,9,,293058,26,,,0,77,,293059,26,,,0
27401,'20260421',642,,293060,26,,,0,64,,293061,26,,,0,23,,293062,26,,,0,9,,293063,26,,,0,77,,293064,26,,,0
27401,'20260422',642,,257638,26,,,0,64,,257639,26,,,0,23,,257640,26,,,0,9,,257642,26,,,0,77,,257641,26,,,0
27401,'20260423',642,,257643,26,,,0,64,,257644,26,,,0,23,,257645,26,,,0,9,,257647,26,,,0,77,,257646,26,,,0
27401,'20260424',642,,257648,26,,,0,64,,257649,26,,,0,23,,257650,26,,,0,9,,257652,26,,,0,77,,257651,26,,,0
27401,'20260427',642,,257653,26,,,0,64,,257654,26,,,0,23,,257655,26,,,0,9,,257657,26,,,0,77,,257656,26,,,0
27401,'20260428',642,,293065,26,,,0,64,,293066,26,,,0,23,,293067,26,,,0,9,,293069,26,,,0,77,,293068,26,,,0
27401,'20260429',642,,293070,26,,,0,64,,293071,26,,,0,23,,293072,26,,,0,9,,293074,26,,,0,77,,293073,26,,,0
27401,'20260430',642,,293075,26,,,0,64,,293076,26,,,0,23,,293077,26,,,0,9,,293079,26,,,0,77,,293078,26,,,0
29001,'20260416',646,,258400,16,,,0,72,,258401,16,,,0,37,,258402,16,,,0,66,,258403,16,,,0
29001,'20260417',646,,258404,16,,,0,72,,258405,16,,,0,37,,258406,16,,,0,66,,258407,16,,,0
29001,'20260420',646,,293445,16,,,0,72,,293446,16,,,0,37,,293447,16,,,0,66,,293448,16,,,0
29001,'20260421',646,,293449,16,,,0,72,,293450,16,,,0,37,,293451,16,,,0,66,,293452,16,,,0
29001,'20260422',646,,258414,16,,,0,72,,258412,16,,,0,37,,258413,16,,,0,66,,258415,16,,,0
29001,'20260423',646,,258418,16,,,0,72,,258416,16,,,0,37,,258417,16,,,0,66,,258419,16,,,0
29001,'20260424',646,,258422,16,,,0,72,,258420,16,,,0,37,,258421,16,,,0,66,,258423,16,,,0
29001,'20260427',646,,258426,16,,,0,72,,258424,16,,,0,37,,258425,16,,,0,66,,258427,16,,,0
29001,'20260428',646,,293455,16,,,0,72,,293453,16,,,0,37,,293454,16,,,0,66,,293456,16,,,0
29001,'20260429',646,,293459,16,,,0,72,,293457,16,,,0,37,,293458,16,,,0,66,,293460,16,,,0
29001,'20260430',646,,293463,16,,,0,72,,293461,16,,,0,37,,293462,16,,,0,66,,293464,16,,,0
37401,'20260416',706,,259577,26,,,0,46,,259578,26,,,0,168,,259579,26,,,0
37401,'20260417',706,,259580,26,,,0,46,,259581,26,,,0,168,,259582,26,,,0
37401,'20260420',706,,294035,26,,,0,46,,294036,26,,,0,168,,294037,26,,,0
37401,'20260421',706,,294038,26,,,0,46,,294039,26,,,0,168,,294040,26,,,0
37401,'20260422',706,,259586,26,,,0,46,,259587,26,,,0,168,,259588,26,,,0
37401,'20260423',706,,259589,26,,,0,46,,259590,26,,,0,168,,259591,26,,,0
37401,'20260424',706,,259592,26,,,0,46,,259593,26,,,0,168,,259594,26,,,0
37401,'20260427',706,,259595,26,,,0,46,,259596,26,,,0,168,,259597,26,,,0
37401,'20260428',706,,294041,26,,,0,46,,294042,26,,,0,168,,294043,26,,,0
37401,'20260429',706,,294044,26,,,0,46,,294045,26,,,0,168,,294046,26,,,0
37401,'20260430',706,,294047,26,,,0,46,,294048,26,,,0,168,,294049,26,,,0
57401,'20260416',640,,260724,26,,,0,63,,260725,26,,,0,33,,260726,26,,,0
57401,'20260417',640,,260727,26,,,0,63,,260728,26,,,0,33,,260729,26,,,0
57401,'20260420',640,,294602,26,,,0,63,,294603,26,,,0,33,,294604,26,,,0
57401,'20260421',640,,294605,26,,,0,63,,294606,26,,,0,33,,294607,26,,,0
57401,'20260422',640,,260734,26,,,0,63,,260735,26,,,0,33,,260733,26,,,0
57401,'20260423',640,,260737,26,,,0,63,,260738,26,,,0,33,,260736,26,,,0
57401,'20260424',640,,260740,26,,,0,63,,260741,26,,,0,33,,260739,26,,,0
57401,'20260427',640,,260743,26,,,0,63,,260744,26,,,0,33,,260742,26,,,0
57401,'20260428',640,,294609,26,,,0,63,,294610,26,,,0,33,,294608,26,,,0
57401,'20260429',640,,294612,26,,,0,63,,294613,26,,,0,33,,294611,26,,,0
57401,'20260430',640,,294615,26,,,0,63,,294616,26,,,0,33,,294614,26,,,0
80401,'20260416',531,,271114,26,,,1,15,,271115,26,,,1,55,,271116,26,,,1,14,,271117,26,,,1,14,,271118,26,,,1,16,,271119,26,,,1,14,,271120,26,,,1,52,,271121,26,,,1,13,,271122,26,,,1,9,,271123,26,,,1,10,,271124,26,,,1,10,,271125,26,,,1,51,,271126,26,,,1,16,,271127,26,,,1,16,,271128,26,,,1,15,,271129,26,,,1,55,,271130,26,,,1,15,,271131,26,,,1,16,,271132,26,,,1,15,,271133,26,,,1,55,,271134,26,,,1,15,,271135,26,,,1,15,,271136,26,,,1,15,,271137,26,,,1,55,,271138,26,,,1,15,,271139,26,,,1,15,,271140,26,,,1,15,,271141,26,,,1,55,,271142,26,,,1,13,,271143,26,,,1,14,,271144,26,,,1,15,,271145,26,,,1,54,,271146,26,,,1,15,,271147,26,,,1,14,,271148,26,,,1,15,,271149,26,,,1,55,,271150,26,,,1,15,,271151,26,,,1,16,,271152,26,,,1,15,,271153,26,,,1,55,,271154,26,,,1,14,,271155,26,,,1,16,,271156,26,,,1,14,,271157,26,,,1,53,,271158,26,,,1,13,,271159,26,,,1,11,,271160,26,,,1,11,,271161,26,,,1,12,,271162,26,,,1,11,,271163,26,,,1,51,,271164,26,,,1,14,,271165,26,,,1,12,,271166,26,,,1,16,,271167,26,,,1,56,,271168,26,,,1,14,,271169,26,,,1,15,,271170,26,,,1,14,,271171,26,,,1,55,,271172,26,,,1,15,,271173,26,,,1,12,,271174,26,,,1,16,,271175,26,,,1,57,,271176,26,,,1,18,,271177,26,,,1,17,,271178,26,,,1,18,,271179,26,,,1,58,,271180,26,,,1,19,,271181,26,,,1,17,,271182,26,,,1,58,,271183,26,,,1,16,,271184,26,,,1,18,,271185,26,,,1,58,,271186,26,,,1,18,,271187,26,,,1,18,,271188,26,,,1,18,,271189,26,,,1,58,,271190,26,,,1
80401,'20260417',531,,271191,26,,,1,15,,271192,26,,,1,55,,271193,26,,,1,14,,271194,26,,,1,14,,271195,26,,,1,16,,271196,26,,,1,14,,271197,26,,,1,52,,271198,26,,,1,13,,271199,26,,,1,9,,271200,26,,,1,10,,271201,26,,,1,10,,271202,26,,,1,51,,271203,26,,,1,16,,271204,26,,,1,16,,271205,26,,,1,15,,271206,26,,,1,55,,271207,26,,,1,15,,271208,26,,,1,16,,271209,26,,,1,15,,271210,26,,,1,55,,271211,26,,,1,15,,271212,26,,,1,15,,271213,26,,,1,15,,271214,26,,,1,55,,271215,26,,,1,15,,271216,26,,,1,15,,271217,26,,,1,15,,271218,26,,,1,55,,271219,26,,,1,13,,271220,26,,,1,14,,271221,26,,,1,15,,271222,26,,,1,54,,271223,26,,,1,15,,271224,26,,,1,14,,271225,26,,,1,15,,271226,26,,,1,55,,271227,26,,,1,15,,271228,26,,,1,16,,271229,26,,,1,15,,271230,26,,,1,55,,271231,26,,,1,14,,271232,26,,,1,16,,271233,26,,,1,14,,271234,26,,,1,53,,271235,26,,,1,13,,271236,26,,,1,11,,271237,26,,,1,11,,271238,26,,,1,12,,271239,26,,,1,11,,271240,26,,,1,51,,271241,26,,,1,14,,271242,26,,,1,12,,271243,26,,,1,16,,271244,26,,,1,56,,271245,26,,,1,14,,271246,26,,,1,15,,271247,26,,,1,14,,271248,26,,,1,55,,271249,26,,,1,15,,271250,26,,,1,12,,271251,26,,,1,16,,271252,26,,,1,57,,271253,26,,,1,18,,271254,26,,,1,17,,271255,26,,,1,18,,271256,26,,,1,58,,271257,26,,,1,19,,271258,26,,,1,17,,271259,26,,,1,58,,271260,26,,,1,16,,271261,26,,,1,18,,271262,26,,,1,58,,271263,26,,,1,18,,271264,26,,,1,18,,271265,26,,,1,18,,271266,26,,,1,58,,271267,26,,,1
80401,'20260418',643,,300359,26,,,1,58,,300360,26,,,1,18,,300361,26,,,1,18,,300362,26,,,1,17,,300363,26,,,1,55,,300364,26,,,1,15,,300365,26,,,1,14,,300366,26,,,1,15,,300367,26,,,1,56,,300368,26,,,1,14,,300369,26,,,1,15,,300370,26,,,1,14,,300371,26,,,1,56,,300372,26,,,1,16,,300373,26,,,1,14,,300374,26,,,1,15,,300375,26,,,1,55,,300376,26,,,1,15,,300377,26,,,1,16,,300378,26,,,1,14,,300379,26,,,1,55,,300380,26,,,1,15,,300381,26,,,1,15,,300382,26,,,1,15,,300383,26,,,1,55,,300384,26,,,1,15,,300385,26,,,1,15,,300386,26,,,1,15,,300387,26,,,1,55,,300388,26,,,1,15,,300389,26,,,1,15,,300390,26,,,1,15,,300391,26,,,1,56,,300392,26,,,1,15,,300393,26,,,1,15,,300394,26,,,1,15,,300395,26,,,1,55,,300396,26,,,1,15,,300397,26,,,1,15,,300398,26,,,1,15,,300399,26,,,1,57,,300400,26,,,1,18,,300401,26,,,1,18,,300402,26,,,1,59,,300403,26,,,1,19,,300404,26,,,1,17,,300405,26,,,1,59,,300406,26,,,1,19,,300407,26,,,1,18,,300408,26,,,1,18,,300409,26,,,1,58,,300410,26,,,1,18,,300411,26,,,1,17,,300412,26,,,1,58,,300413,26,,,1,18,,300414,26,,,1,18,,300415,26,,,1,58,,300416,26,,,1,18,,300417,26,,,1,18,,300418,26,,,1,18,,300419,26,,,1,59,,300420,26,,,1,18,,300421,26,,,1,18,,300422,26,,,1,58,,300423,26,,,1
80401,'20260419',643,,300424,26,,,1,58,,300425,26,,,1,18,,300426,26,,,1,18,,300427,26,,,1,17,,300428,26,,,1,55,,300429,26,,,1,15,,300430,26,,,1,14,,300431,26,,,1,15,,300432,26,,,1,56,,300433,26,,,1,14,,300434,26,,,1,15,,300435,26,,,1,14,,300436,26,,,1,56,,300437,26,,,1,16,,300438,26,,,1,14,,300439,26,,,1,15,,300440,26,,,1,55,,300441,26,,,1,15,,300442,26,,,1,16,,300443,26,,,1,14,,300444,26,,,1,55,,300445,26,,,1,15,,300446,26,,,1,15,,300447,26,,,1,15,,300448,26,,,1,55,,300449,26,,,1,15,,300450,26,,,1,15,,300451,26,,,1,15,,300452,26,,,1,55,,300453,26,,,1,15,,300454,26,,,1,15,,300455,26,,,1,15,,300456,26,,,1,56,,300457,26,,,1,15,,300458,26,,,1,15,,300459,26,,,1,15,,300460,26,,,1,55,,300461,26,,,1,15,,300462,26,,,1,15,,300463,26,,,1,15,,300464,26,,,1,57,,300465,26,,,1,18,,300466,26,,,1,18,,300467,26,,,1,59,,300468,26,,,1,19,,300469,26,,,1,17,,300470,26,,,1,59,,300471,26,,,1,19,,300472,26,,,1,18,,300473,26,,,1,18,,300474,26,,,1,58,,300475,26,,,1,18,,300476,26,,,1,17,,300477,26,,,1,58,,300478,26,,,1,18,,300479,26,,,1,18,,300480,26,,,1,58,,300481,26,,,1,18,,300482,26,,,1,18,,300483,26,,,1,18,,300484,26,,,1,59,,300485,26,,,1,18,,300486,26,,,1,18,,300487,26,,,1,58,,300488,26,,,1
80401,'20260420',531,,300489,26,,,1,15,,300490,26,,,1,55,,300491,26,,,1,14,,300492,26,,,1,14,,300493,26,,,1,16,,300494,26,,,1,14,,300495,26,,,1,52,,300496,26,,,1,13,,300497,26,,,1,9,,300498,26,,,1,10,,300499,26,,,1,10,,300500,26,,,1,51,,300501,26,,,1,16,,300502,26,,,1,16,,300503,26,,,1,15,,300504,26,,,1,55,,300505,26,,,1,15,,300506,26,,,1,16,,300507,26,,,1,15,,300508,26,,,1,55,,300509,26,,,1,15,,300510,26,,,1,15,,300511,26,,,1,15,,300512,26,,,1,55,,300513,26,,,1,15,,300514,26,,,1,15,,300515,26,,,1,15,,300516,26,,,1,55,,300517,26,,,1,13,,300518,26,,,1,14,,300519,26,,,1,15,,300520,26,,,1,54,,300521,26,,,1,15,,300522,26,,,1,14,,300523,26,,,1,15,,300524,26,,,1,55,,300525,26,,,1,15,,300526,26,,,1,16,,300527,26,,,1,15,,300528,26,,,1,55,,300529,26,,,1,14,,300530,26,,,1,16,,300531,26,,,1,14,,300532,26,,,1,53,,300533,26,,,1,13,,300534,26,,,1,11,,300535,26,,,1,11,,300536,26,,,1,12,,300537,26,,,1,11,,300538,26,,,1,51,,300539,26,,,1,14,,300540,26,,,1,12,,300541,26,,,1,16,,300542,26,,,1,56,,300543,26,,,1,14,,300544,26,,,1,15,,300545,26,,,1,14,,300546,26,,,1,55,,300547,26,,,1,15,,300548,26,,,1,12,,300549,26,,,1,16,,300550,26,,,1,57,,300551,26,,,1,18,,300552,26,,,1,17,,300553,26,,,1,18,,300554,26,,,1,58,,300555,26,,,1,19,,300556,26,,,1,17,,300557,26,,,1,58,,300558,26,,,1,16,,300559,26,,,1,18,,300560,26,,,1,58,,300561,26,,,1,18,,300562,26,,,1,18,,300563,26,,,1,18,,300564,26,,,1,58,,300565,26,,,1
80401,'20260421',531,,300566,26,,,1,15,,300567,26,,,1,55,,300568,26,,,1,14,,300569,26,,,1,14,,300570,26,,,1,16,,300571,26,,,1,14,,300572,26,,,1,52,,300573,26,,,1,13,,300574,26,,,1,9,,300575,26,,,1,10,,300576,26,,,1,10,,300577,26,,,1,51,,300578,26,,,1,16,,300579,26,,,1,16,,300580,26,,,1,15,,300581,26,,,1,55,,300582,26,,,1,15,,300583,26,,,1,16,,300584,26,,,1,15,,300585,26,,,1,55,,300586,26,,,1,15,,300587,26,,,1,15,,300588,26,,,1,15,,300589,26,,,1,55,,300590,26,,,1,15,,300591,26,,,1,15,,300592,26,,,1,15,,300593,26,,,1,55,,300594,26,,,1,13,,300595,26,,,1,14,,300596,26,,,1,15,,300597,26,,,1,54,,300598,26,,,1,15,,300599,26,,,1,14,,300600,26,,,1,15,,300601,26,,,1,55,,300602,26,,,1,15,,300603,26,,,1,16,,300604,26,,,1,15,,300605,26,,,1,55,,300606,26,,,1,14,,300607,26,,,1,16,,300608,26,,,1,14,,300609,26,,,1,53,,300610,26,,,1,13,,300611,26,,,1,11,,300612,26,,,1,11,,300613,26,,,1,12,,300614,26,,,1,11,,300615,26,,,1,51,,300616,26,,,1,14,,300617,26,,,1,12,,300618,26,,,1,16,,300619,26,,,1,56,,300620,26,,,1,14,,300621,26,,,1,15,,300622,26,,,1,14,,300623,26,,,1,55,,300624,26,,,1,15,,300625,26,,,1,12,,300626,26,,,1,16,,300627,26,,,1,57,,300628,26,,,1,18,,300629,26,,,1,17,,300630,26,,,1,18,,300631,26,,,1,58,,300632,26,,,1,19,,300633,26,,,1,17,,300634,26,,,1,58,,300635,26,,,1,16,,300636,26,,,1,18,,300637,26,,,1,58,,300638,26,,,1,18,,300639,26,,,1,18,,300640,26,,,1,18,,300641,26,,,1,58,,300642,26,,,1
80401,'20260422',531,,271421,26,,,1,15,,271410,26,,,1,55,,271345,26,,,1,14,,271409,26,,,1,14,,271392,26,,,1,16,,271346,26,,,1,14,,271347,26,,,1,52,,271348,26,,,1,13,,271349,26,,,1,9,,271404,26,,,1,10,,271399,26,,,1,10,,271350,26,,,1,51,,271351,26,,,1,16,,271352,26,,,1,16,,271353,26,,,1,15,,271354,26,,,1,55,,271355,26,,,1,15,,271356,26,,,1,16,,271405,26,,,1,15,,271357,26,,,1,55,,271358,26,,,1,15,,271359,26,,,1,15,,271360,26,,,1,15,,271361,26,,,1,55,,271406,26,,,1,15,,271400,26,,,1,15,,271362,26,,,1,15,,271363,26,,,1,55,,271364,26,,,1,13,,271365,26,,,1,14,,271366,26,,,1,15,,271407,26,,,1,54,,271367,26,,,1,15,,271368,26,,,1,14,,271369,26,,,1,15,,271401,26,,,1,55,,271370,26,,,1,15,,271371,26,,,1,16,,271372,26,,,1,15,,271373,26,,,1,55,,271374,26,,,1,14,,271375,26,,,1,16,,271403,26,,,1,14,,271376,26,,,1,53,,271377,26,,,1,13,,271378,26,,,1,11,,271408,26,,,1,11,,271379,26,,,1,12,,271380,26,,,1,11,,271381,26,,,1,51,,271382,26,,,1,14,,271391,26,,,1,12,,271416,26,,,1,16,,271393,26,,,1,56,,271383,26,,,1,14,,271419,26,,,1,15,,271402,26,,,1,14,,271394,26,,,1,55,,271395,26,,,1,15,,271384,26,,,1,12,,271385,26,,,1,16,,271412,26,,,1,57,,271396,26,,,1,18,,271413,26,,,1,17,,271414,26,,,1,18,,271415,26,,,1,58,,271411,26,,,1,19,,271398,26,,,1,17,,271397,26,,,1,58,,271386,26,,,1,16,,271387,26,,,1,18,,271418,26,,,1,58,,271388,26,,,1,18,,271417,26,,,1,18,,271389,26,,,1,18,,271390,26,,,1,58,,271420,26,,,1
80401,'20260423',531,,271498,26,,,1,15,,271487,26,,,1,55,,271422,26,,,1,14,,271486,26,,,1,14,,271469,26,,,1,16,,271423,26,,,1,14,,271424,26,,,1,52,,271425,26,,,1,13,,271426,26,,,1,9,,271481,26,,,1,10,,271476,26,,,1,10,,271427,26,,,1,51,,271428,26,,,1,16,,271429,26,,,1,16,,271430,26,,,1,15,,271431,26,,,1,55,,271432,26,,,1,15,,271433,26,,,1,16,,271482,26,,,1,15,,271434,26,,,1,55,,271435,26,,,1,15,,271436,26,,,1,15,,271437,26,,,1,15,,271438,26,,,1,55,,271483,26,,,1,15,,271477,26,,,1,15,,271439,26,,,1,15,,271440,26,,,1,55,,271441,26,,,1,13,,271442,26,,,1,14,,271443,26,,,1,15,,271484,26,,,1,54,,271444,26,,,1,15,,271445,26,,,1,14,,271446,26,,,1,15,,271478,26,,,1,55,,271447,26,,,1,15,,271448,26,,,1,16,,271449,26,,,1,15,,271450,26,,,1,55,,271451,26,,,1,14,,271452,26,,,1,16,,271480,26,,,1,14,,271453,26,,,1,53,,271454,26,,,1,13,,271455,26,,,1,11,,271485,26,,,1,11,,271456,26,,,1,12,,271457,26,,,1,11,,271458,26,,,1,51,,271459,26,,,1,14,,271468,26,,,1,12,,271493,26,,,1,16,,271470,26,,,1,56,,271460,26,,,1,14,,271496,26,,,1,15,,271479,26,,,1,14,,271471,26,,,1,55,,271472,26,,,1,15,,271461,26,,,1,12,,271462,26,,,1,16,,271489,26,,,1,57,,271473,26,,,1,18,,271490,26,,,1,17,,271491,26,,,1,18,,271492,26,,,1,58,,271488,26,,,1,19,,271475,26,,,1,17,,271474,26,,,1,58,,271463,26,,,1,16,,271464,26,,,1,18,,271495,26,,,1,58,,271465,26,,,1,18,,271494,26,,,1,18,,271466,26,,,1,18,,271467,26,,,1,58,,271497,26,,,1
80401,'20260424',531,,271575,26,,,1,15,,271564,26,,,1,55,,271499,26,,,1,14,,271563,26,,,1,14,,271546,26,,,1,16,,271500,26,,,1,14,,271501,26,,,1,52,,271502,26,,,1,13,,271503,26,,,1,9,,271558,26,,,1,10,,271553,26,,,1,10,,271504,26,,,1,51,,271505,26,,,1,16,,271506,26,,,1,16,,271507,26,,,1,15,,271508,26,,,1,55,,271509,26,,,1,15,,271510,26,,,1,16,,271559,26,,,1,15,,271511,26,,,1,55,,271512,26,,,1,15,,271513,26,,,1,15,,271514,26,,,1,15,,271515,26,,,1,55,,271560,26,,,1,15,,271554,26,,,1,15,,271516,26,,,1,15,,271517,26,,,1,55,,271518,26,,,1,13,,271519,26,,,1,14,,271520,26,,,1,15,,271561,26,,,1,54,,271521,26,,,1,15,,271522,26,,,1,14,,271523,26,,,1,15,,271555,26,,,1,55,,271524,26,,,1,15,,271525,26,,,1,16,,271526,26,,,1,15,,271527,26,,,1,55,,271528,26,,,1,14,,271529,26,,,1,16,,271557,26,,,1,14,,271530,26,,,1,53,,271531,26,,,1,13,,271532,26,,,1,11,,271562,26,,,1,11,,271533,26,,,1,12,,271534,26,,,1,11,,271535,26,,,1,51,,271536,26,,,1,14,,271545,26,,,1,12,,271570,26,,,1,16,,271547,26,,,1,56,,271537,26,,,1,14,,271573,26,,,1,15,,271556,26,,,1,14,,271548,26,,,1,55,,271549,26,,,1,15,,271538,26,,,1,12,,271539,26,,,1,16,,271566,26,,,1,57,,271550,26,,,1,18,,271567,26,,,1,17,,271568,26,,,1,18,,271569,26,,,1,58,,271565,26,,,1,19,,271552,26,,,1,17,,271551,26,,,1,58,,271540,26,,,1,16,,271541,26,,,1,18,,271572,26,,,1,58,,271542,26,,,1,18,,271571,26,,,1,18,,271543,26,,,1,18,,271544,26,,,1,58,,271574,26,,,1
80401,'20260425',643,,271576,26,,,1,58,,271628,26,,,1,18,,271627,26,,,1,18,,271577,26,,,1,17,,271578,26,,,1,55,,271629,26,,,1,15,,271616,26,,,1,14,,271617,26,,,1,15,,271618,26,,,1,56,,271630,26,,,1,14,,271579,26,,,1,15,,271619,26,,,1,14,,271620,26,,,1,56,,271631,26,,,1,16,,271580,26,,,1,14,,271621,26,,,1,15,,271622,26,,,1,55,,271632,26,,,1,15,,271581,26,,,1,16,,271623,26,,,1,14,,271624,26,,,1,55,,271582,26,,,1,15,,271625,26,,,1,15,,271583,26,,,1,15,,271584,26,,,1,55,,271585,26,,,1,15,,271586,26,,,1,15,,271587,26,,,1,15,,271588,26,,,1,55,,271589,26,,,1,15,,271590,26,,,1,15,,271591,26,,,1,15,,271592,26,,,1,56,,271593,26,,,1,15,,271594,26,,,1,15,,271595,26,,,1,15,,271596,26,,,1,55,,271597,26,,,1,15,,271598,26,,,1,15,,271599,26,,,1,15,,271600,26,,,1,57,,271601,26,,,1,18,,271602,26,,,1,18,,271603,26,,,1,59,,271626,26,,,1,19,,271637,26,,,1,17,,271604,26,,,1,59,,271605,26,,,1,19,,271638,26,,,1,18,,271606,26,,,1,18,,271639,26,,,1,58,,271607,26,,,1,18,,271608,26,,,1,17,,271640,26,,,1,58,,271609,26,,,1,18,,271635,26,,,1,18,,271610,26,,,1,58,,271611,26,,,1,18,,271634,26,,,1,18,,271612,26,,,1,18,,271633,26,,,1,59,,271613,26,,,1,18,,271614,26,,,1,18,,271636,26,,,1,58,,271615,26,,,1
80401,'20260426',643,,271641,26,,,1,58,,271642,26,,,1,18,,271693,26,,,1,18,,271692,26,,,1,17,,271643,26,,,1,55,,271694,26,,,1,15,,271681,26,,,1,14,,271682,26,,,1,15,,271683,26,,,1,56,,271695,26,,,1,14,,271645,26,,,1,15,,271684,26,,,1,14,,271685,26,,,1,56,,271696,26,,,1,16,,271644,26,,,1,14,,271686,26,,,1,15,,271687,26,,,1,55,,271697,26,,,1,15,,271646,26,,,1,16,,271688,26,,,1,14,,271689,26,,,1,55,,271647,26,,,1,15,,271690,26,,,1,15,,271648,26,,,1,15,,271649,26,,,1,55,,271650,26,,,1,15,,271651,26,,,1,15,,271652,26,,,1,15,,271653,26,,,1,55,,271654,26,,,1,15,,271655,26,,,1,15,,271656,26,,,1,15,,271657,26,,,1,56,,271658,26,,,1,15,,271659,26,,,1,15,,271660,26,,,1,15,,271661,26,,,1,55,,271662,26,,,1,15,,271663,26,,,1,15,,271664,26,,,1,15,,271665,26,,,1,57,,271666,26,,,1,18,,271667,26,,,1,18,,271668,26,,,1,59,,271669,26,,,1,19,,271691,26,,,1,17,,271698,26,,,1,59,,271670,26,,,1,19,,271671,26,,,1,18,,271699,26,,,1,18,,271672,26,,,1,58,,271700,26,,,1,18,,271673,26,,,1,17,,271674,26,,,1,58,,271701,26,,,1,18,,271675,26,,,1,18,,271702,26,,,1,58,,271676,26,,,1,18,,271677,26,,,1,18,,271703,26,,,1,18,,271678,26,,,1,59,,271704,26,,,1,18,,271679,26,,,1,18,,271705,26,,,1,58,,271680,26,,,1
80401,'20260427',531,,271782,26,,,1,15,,271771,26,,,1,55,,271706,26,,,1,14,,271770,26,,,1,14,,271753,26,,,1,16,,271707,26,,,1,14,,271708,26,,,1,52,,271709,26,,,1,13,,271710,26,,,1,9,,271765,26,,,1,10,,271760,26,,,1,10,,271711,26,,,1,51,,271712,26,,,1,16,,271713,26,,,1,16,,271714,26,,,1,15,,271715,26,,,1,55,,271716,26,,,1,15,,271717,26,,,1,16,,271766,26,,,1,15,,271718,26,,,1,55,,271719,26,,,1,15,,271720,26,,,1,15,,271721,26,,,1,15,,271722,26,,,1,55,,271767,26,,,1,15,,271761,26,,,1,15,,271723,26,,,1,15,,271724,26,,,1,55,,271725,26,,,1,13,,271726,26,,,1,14,,271727,26,,,1,15,,271768,26,,,1,54,,271728,26,,,1,15,,271729,26,,,1,14,,271730,26,,,1,15,,271762,26,,,1,55,,271731,26,,,1,15,,271732,26,,,1,16,,271733,26,,,1,15,,271734,26,,,1,55,,271735,26,,,1,14,,271736,26,,,1,16,,271764,26,,,1,14,,271737,26,,,1,53,,271738,26,,,1,13,,271739,26,,,1,11,,271769,26,,,1,11,,271740,26,,,1,12,,271741,26,,,1,11,,271742,26,,,1,51,,271743,26,,,1,14,,271752,26,,,1,12,,271777,26,,,1,16,,271754,26,,,1,56,,271744,26,,,1,14,,271780,26,,,1,15,,271763,26,,,1,14,,271755,26,,,1,55,,271756,26,,,1,15,,271745,26,,,1,12,,271746,26,,,1,16,,271773,26,,,1,57,,271757,26,,,1,18,,271774,26,,,1,17,,271775,26,,,1,18,,271776,26,,,1,58,,271772,26,,,1,19,,271759,26,,,1,17,,271758,26,,,1,58,,271747,26,,,1,16,,271748,26,,,1,18,,271779,26,,,1,58,,271749,26,,,1,18,,271778,26,,,1,18,,271750,26,,,1,18,,271751,26,,,1,58,,271781,26,,,1
80401,'20260428',531,,300719,26,,,1,15,,300708,26,,,1,55,,300643,26,,,1,14,,300707,26,,,1,14,,300690,26,,,1,16,,300644,26,,,1,14,,300645,26,,,1,52,,300646,26,,,1,13,,300647,26,,,1,9,,300702,26,,,1,10,,300697,26,,,1,10,,300648,26,,,1,51,,300649,26,,,1,16,,300650,26,,,1,16,,300651,26,,,1,15,,300652,26,,,1,55,,300653,26,,,1,15,,300654,26,,,1,16,,300703,26,,,1,15,,300655,26,,,1,55,,300656,26,,,1,15,,300657,26,,,1,15,,300658,26,,,1,15,,300659,26,,,1,55,,300704,26,,,1,15,,300698,26,,,1,15,,300660,26,,,1,15,,300661,26,,,1,55,,300662,26,,,1,13,,300663,26,,,1,14,,300664,26,,,1,15,,300705,26,,,1,54,,300665,26,,,1,15,,300666,26,,,1,14,,300667,26,,,1,15,,300699,26,,,1,55,,300668,26,,,1,15,,300669,26,,,1,16,,300670,26,,,1,15,,300671,26,,,1,55,,300672,26,,,1,14,,300673,26,,,1,16,,300701,26,,,1,14,,300674,26,,,1,53,,300675,26,,,1,13,,300676,26,,,1,11,,300706,26,,,1,11,,300677,26,,,1,12,,300678,26,,,1,11,,300679,26,,,1,51,,300680,26,,,1,14,,300689,26,,,1,12,,300714,26,,,1,16,,300691,26,,,1,56,,300681,26,,,1,14,,300717,26,,,1,15,,300700,26,,,1,14,,300692,26,,,1,55,,300693,26,,,1,15,,300682,26,,,1,12,,300683,26,,,1,16,,300710,26,,,1,57,,300694,26,,,1,18,,300711,26,,,1,17,,300712,26,,,1,18,,300713,26,,,1,58,,300709,26,,,1,19,,300696,26,,,1,17,,300695,26,,,1,58,,300684,26,,,1,16,,300685,26,,,1,18,,300716,26,,,1,58,,300686,26,,,1,18,,300715,26,,,1,18,,300687,26,,,1,18,,300688,26,,,1,58,,300718,26,,,1
80401,'20260429',531,,300796,26,,,1,15,,300785,26,,,1,55,,300720,26,,,1,14,,300784,26,,,1,14,,300767,26,,,1,16,,300721,26,,,1,14,,300722,26,,,1,52,,300723,26,,,1,13,,300724,26,,,1,9,,300779,26,,,1,10,,300774,26,,,1,10,,300725,26,,,1,51,,300726,26,,,1,16,,300727,26,,,1,16,,300728,26,,,1,15,,300729,26,,,1,55,,300730,26,,,1,15,,300731,26,,,1,16,,300780,26,,,1,15,,300732,26,,,1,55,,300733,26,,,1,15,,300734,26,,,1,15,,300735,26,,,1,15,,300736,26,,,1,55,,300781,26,,,1,15,,300775,26,,,1,15,,300737,26,,,1,15,,300738,26,,,1,55,,300739,26,,,1,13,,300740,26,,,1,14,,300741,26,,,1,15,,300782,26,,,1,54,,300742,26,,,1,15,,300743,26,,,1,14,,300744,26,,,1,15,,300776,26,,,1,55,,300745,26,,,1,15,,300746,26,,,1,16,,300747,26,,,1,15,,300748,26,,,1,55,,300749,26,,,1,14,,300750,26,,,1,16,,300778,26,,,1,14,,300751,26,,,1,53,,300752,26,,,1,13,,300753,26,,,1,11,,300783,26,,,1,11,,300754,26,,,1,12,,300755,26,,,1,11,,300756,26,,,1,51,,300757,26,,,1,14,,300766,26,,,1,12,,300791,26,,,1,16,,300768,26,,,1,56,,300758,26,,,1,14,,300794,26,,,1,15,,300777,26,,,1,14,,300769,26,,,1,55,,300770,26,,,1,15,,300759,26,,,1,12,,300760,26,,,1,16,,300787,26,,,1,57,,300771,26,,,1,18,,300788,26,,,1,17,,300789,26,,,1,18,,300790,26,,,1,58,,300786,26,,,1,19,,300773,26,,,1,17,,300772,26,,,1,58,,300761,26,,,1,16,,300762,26,,,1,18,,300793,26,,,1,58,,300763,26,,,1,18,,300792,26,,,1,18,,300764,26,,,1,18,,300765,26,,,1,58,,300795,26,,,1
80401,'20260430',531,,300873,26,,,1,15,,300862,26,,,1,55,,300797,26,,,1,14,,300861,26,,,1,14,,300844,26,,,1,16,,300798,26,,,1,14,,300799,26,,,1,52,,300800,26,,,1,13,,300801,26,,,1,9,,300856,26,,,1,10,,300851,26,,,1,10,,300802,26,,,1,51,,300803,26,,,1,16,,300804,26,,,1,16,,300805,26,,,1,15,,300806,26,,,1,55,,300807,26,,,1,15,,300808,26,,,1,16,,300857,26,,,1,15,,300809,26,,,1,55,,300810,26,,,1,15,,300811,26,,,1,15,,300812,26,,,1,15,,300813,26,,,1,55,,300858,26,,,1,15,,300852,26,,,1,15,,300814,26,,,1,15,,300815,26,,,1,55,,300816,26,,,1,13,,300817,26,,,1,14,,300818,26,,,1,15,,300859,26,,,1,54,,300819,26,,,1,15,,300820,26,,,1,14,,300821,26,,,1,15,,300853,26,,,1,55,,300822,26,,,1,15,,300823,26,,,1,16,,300824,26,,,1,15,,300825,26,,,1,55,,300826,26,,,1,14,,300827,26,,,1,16,,300855,26,,,1,14,,300828,26,,,1,53,,300829,26,,,1,13,,300830,26,,,1,11,,300860,26,,,1,11,,300831,26,,,1,12,,300832,26,,,1,11,,300833,26,,,1,51,,300834,26,,,1,14,,300843,26,,,1,12,,300868,26,,,1,16,,300845,26,,,1,56,,300835,26,,,1,14,,300871,26,,,1,15,,300854,26,,,1,14,,300846,26,,,1,55,,300847,26,,,1,15,,300836,26,,,1,12,,300837,26,,,1,16,,300864,26,,,1,57,,300848,26,,,1,18,,300865,26,,,1,17,,300866,26,,,1,18,,300867,26,,,1,58,,300863,26,,,1,19,,300850,26,,,1,17,,300849,26,,,1,58,,300838,26,,,1,16,,300839,26,,,1,18,,300870,26,,,1,58,,300840,26,,,1,18,,300869,26,,,1,18,,300841,26,,,1,18,,300842,26,,,1,58,,300872,26,,,1
