6103,'20260413',627,,245761,24,,,1,30,,245762,24,,,1,70,,245763,24,,,1,28,,245764,24,,,1,70,,245765,24,,,1,32,,245766,24,,,1,70,,245767,24,,,1,30,,245768,24,,,1,69,,245769,24,,,1,30,,245770,24,,,1,70,,245771,24,,,1,29,,245772,24,,,1,70,,245773,24,,,1,30,,245774,24,,,1,71,,245775,24,,,1,30,,245776,24,,,1,70,,245777,24,,,1,30,,245778,24,,,1,70,,245779,24,,,1,27,,245780,24,,,1,71,,245781,24,,,1,31,,245782,24,,,1,71,,245783,24,,,1,30,,245784,24,,,1,70,,245785,24,,,1,30,,245786,24,,,1,101,,245787,24,,,1,100,,245788,24,,,1,100,,245789,24,,,1,100,,245790,24,,,1,100,,245791,24,,,1
6103,'20260414',627,,245792,24,,,1,30,,245793,24,,,1,70,,245794,24,,,1,28,,245795,24,,,1,70,,245796,24,,,1,32,,245797,24,,,1,70,,245798,24,,,1,30,,245799,24,,,1,69,,245800,24,,,1,30,,245801,24,,,1,70,,245802,24,,,1,29,,245803,24,,,1,70,,245804,24,,,1,30,,245805,24,,,1,71,,245806,24,,,1,30,,245807,24,,,1,70,,245808,24,,,1,30,,245809,24,,,1,70,,245810,24,,,1,27,,245811,24,,,1,71,,245812,24,,,1,31,,245813,24,,,1,71,,245814,24,,,1,30,,245815,24,,,1,70,,245816,24,,,1,30,,245817,24,,,1,101,,245818,24,,,1,100,,245819,24,,,1,100,,245820,24,,,1,100,,245821,24,,,1,100,,245822,24,,,1
6103,'20260415',627,,245823,24,,,1,30,,245824,24,,,1,70,,245825,24,,,1,28,,245826,24,,,1,70,,245827,24,,,1,32,,245828,24,,,1,70,,245829,24,,,1,30,,245830,24,,,1,69,,245831,24,,,1,30,,245832,24,,,1,70,,245833,24,,,1,29,,245834,24,,,1,70,,245835,24,,,1,30,,245836,24,,,1,71,,245837,24,,,1,30,,245838,24,,,1,70,,245839,24,,,1,30,,245840,24,,,1,70,,245841,24,,,1,27,,245842,24,,,1,71,,245843,24,,,1,31,,245844,24,,,1,71,,245845,24,,,1,30,,245846,24,,,1,70,,245847,24,,,1,30,,245848,24,,,1,101,,245849,24,,,1,100,,245850,24,,,1,100,,245851,24,,,1,100,,245852,24,,,1,100,,245853,24,,,1
6103,'20260416',627,,245854,24,,,1,30,,245855,24,,,1,70,,245856,24,,,1,28,,245857,24,,,1,70,,245858,24,,,1,32,,245859,24,,,1,70,,245860,24,,,1,30,,245861,24,,,1,69,,245862,24,,,1,30,,245863,24,,,1,70,,245864,24,,,1,29,,245865,24,,,1,70,,245866,24,,,1,30,,245867,24,,,1,71,,245868,24,,,1,30,,245869,24,,,1,70,,245870,24,,,1,30,,245871,24,,,1,70,,245872,24,,,1,27,,245873,24,,,1,71,,245874,24,,,1,31,,245875,24,,,1,71,,245876,24,,,1,30,,245877,24,,,1,70,,245878,24,,,1,30,,245879,24,,,1,101,,245880,24,,,1,100,,245881,24,,,1,100,,245882,24,,,1,100,,245883,24,,,1,100,,245884,24,,,1
6103,'20260417',627,,245885,24,,,1,30,,245886,24,,,1,70,,245887,24,,,1,28,,245888,24,,,1,70,,245889,24,,,1,32,,245890,24,,,1,70,,245891,24,,,1,30,,245892,24,,,1,69,,245893,24,,,1,30,,245894,24,,,1,70,,245895,24,,,1,29,,245896,24,,,1,70,,245897,24,,,1,30,,245898,24,,,1,71,,245899,24,,,1,30,,245900,24,,,1,70,,245901,24,,,1,30,,245902,24,,,1,70,,245903,24,,,1,27,,245904,24,,,1,71,,245905,24,,,1,31,,245906,24,,,1,71,,245907,24,,,1,30,,245908,24,,,1,70,,245909,24,,,1,30,,245910,24,,,1,101,,245911,24,,,1,100,,245912,24,,,1,100,,245913,24,,,1,100,,245914,24,,,1,100,,245915,24,,,1
6103,'20260418',757,,202636,24,,,1,70,,202652,24,,,1,30,,202637,24,,,1,100,,202641,24,,,1,99,,202642,24,,,1,100,,202643,24,,,1,70,,202653,24,,,1,30,,202644,24,,,1,70,,202654,24,,,1,30,,202645,24,,,1,70,,202655,24,,,1,30,,202646,24,,,1,70,,202656,24,,,1,30,,202638,24,,,1,70,,202657,24,,,1,30,,202639,24,,,1,71,,202658,24,,,1,30,,202640,24,,,1,101,,202647,24,,,1,100,,202648,24,,,1,100,,202649,24,,,1,100,,202650,24,,,1,100,,202651,24,,,1
6103,'20260419',757,,202659,24,,,1,70,,202675,24,,,1,30,,202660,24,,,1,100,,202664,24,,,1,99,,202665,24,,,1,100,,202666,24,,,1,70,,202676,24,,,1,30,,202667,24,,,1,70,,202677,24,,,1,30,,202668,24,,,1,70,,202678,24,,,1,30,,202669,24,,,1,70,,202679,24,,,1,30,,202661,24,,,1,70,,202680,24,,,1,30,,202662,24,,,1,71,,202681,24,,,1,30,,202663,24,,,1,101,,202670,24,,,1,100,,202671,24,,,1,100,,202672,24,,,1,100,,202673,24,,,1,100,,202674,24,,,1
6103,'20260420',627,,202682,24,,,1,30,,202683,24,,,1,70,,202684,24,,,1,28,,202685,24,,,1,70,,202686,24,,,1,32,,202687,24,,,1,70,,202688,24,,,1,30,,202701,24,,,1,69,,202689,24,,,1,30,,202702,24,,,1,70,,202690,24,,,1,29,,202703,24,,,1,70,,202691,24,,,1,30,,202704,24,,,1,71,,202692,24,,,1,30,,202705,24,,,1,70,,202693,24,,,1,30,,202706,24,,,1,70,,202694,24,,,1,27,,202695,24,,,1,71,,202696,24,,,1,31,,202697,24,,,1,71,,202698,24,,,1,30,,202699,24,,,1,70,,202700,24,,,1,30,,202707,24,,,1,101,,202708,24,,,1,100,,202709,24,,,1,100,,202710,24,,,1,100,,202711,24,,,1,100,,202712,24,,,1
6103,'20260421',627,,245916,24,,,1,30,,245917,24,,,1,70,,245918,24,,,1,28,,245919,24,,,1,70,,245920,24,,,1,32,,245921,24,,,1,70,,245922,24,,,1,30,,245935,24,,,1,69,,245923,24,,,1,30,,245936,24,,,1,70,,245924,24,,,1,29,,245937,24,,,1,70,,245925,24,,,1,30,,245938,24,,,1,71,,245926,24,,,1,30,,245939,24,,,1,70,,245927,24,,,1,30,,245940,24,,,1,70,,245928,24,,,1,27,,245929,24,,,1,71,,245930,24,,,1,31,,245931,24,,,1,71,,245932,24,,,1,30,,245933,24,,,1,70,,245934,24,,,1,30,,245941,24,,,1,101,,245942,24,,,1,100,,245943,24,,,1,100,,245944,24,,,1,100,,245945,24,,,1,100,,245946,24,,,1
6103,'20260422',627,,245947,24,,,1,30,,245948,24,,,1,70,,245949,24,,,1,28,,245950,24,,,1,70,,245951,24,,,1,32,,245952,24,,,1,70,,245953,24,,,1,30,,245966,24,,,1,69,,245954,24,,,1,30,,245967,24,,,1,70,,245955,24,,,1,29,,245968,24,,,1,70,,245956,24,,,1,30,,245969,24,,,1,71,,245957,24,,,1,30,,245970,24,,,1,70,,245958,24,,,1,30,,245971,24,,,1,70,,245959,24,,,1,27,,245960,24,,,1,71,,245961,24,,,1,31,,245962,24,,,1,71,,245963,24,,,1,30,,245964,24,,,1,70,,245965,24,,,1,30,,245972,24,,,1,101,,245973,24,,,1,100,,245974,24,,,1,100,,245975,24,,,1,100,,245976,24,,,1,100,,245977,24,,,1
6103,'20260423',627,,245978,24,,,1,30,,245979,24,,,1,70,,245980,24,,,1,28,,245981,24,,,1,70,,245982,24,,,1,32,,245983,24,,,1,70,,245984,24,,,1,30,,245997,24,,,1,69,,245985,24,,,1,30,,245998,24,,,1,70,,245986,24,,,1,29,,245999,24,,,1,70,,245987,24,,,1,30,,246000,24,,,1,71,,245988,24,,,1,30,,246001,24,,,1,70,,245989,24,,,1,30,,246002,24,,,1,70,,245990,24,,,1,27,,245991,24,,,1,71,,245992,24,,,1,31,,245993,24,,,1,71,,245994,24,,,1,30,,245995,24,,,1,70,,245996,24,,,1,30,,246003,24,,,1,101,,246004,24,,,1,100,,246005,24,,,1,100,,246006,24,,,1,100,,246007,24,,,1,100,,246008,24,,,1
6103,'20260424',627,,246009,24,,,1,30,,246010,24,,,1,70,,246011,24,,,1,28,,246012,24,,,1,70,,246013,24,,,1,32,,246014,24,,,1,70,,246015,24,,,1,30,,246028,24,,,1,69,,246016,24,,,1,30,,246029,24,,,1,70,,246017,24,,,1,29,,246030,24,,,1,70,,246018,24,,,1,30,,246031,24,,,1,71,,246019,24,,,1,30,,246032,24,,,1,70,,246020,24,,,1,30,,246033,24,,,1,70,,246021,24,,,1,27,,246022,24,,,1,71,,246023,24,,,1,31,,246024,24,,,1,71,,246025,24,,,1,30,,246026,24,,,1,70,,246027,24,,,1,30,,246034,24,,,1,101,,246035,24,,,1,100,,246036,24,,,1,100,,246037,24,,,1,100,,246038,24,,,1,100,,246039,24,,,1
6103,'20260425',757,,246040,24,,,1,70,,246056,24,,,1,30,,246041,24,,,1,100,,246045,24,,,1,99,,246046,24,,,1,100,,246047,24,,,1,70,,246057,24,,,1,30,,246048,24,,,1,70,,246058,24,,,1,30,,246049,24,,,1,70,,246059,24,,,1,30,,246050,24,,,1,70,,246060,24,,,1,30,,246042,24,,,1,70,,246061,24,,,1,30,,246043,24,,,1,71,,246062,24,,,1,30,,246044,24,,,1,101,,246051,24,,,1,100,,246052,24,,,1,100,,246053,24,,,1,100,,246054,24,,,1,100,,246055,24,,,1
6103,'20260426',757,,246063,24,,,1,70,,246079,24,,,1,30,,246064,24,,,1,100,,246068,24,,,1,99,,246069,24,,,1,100,,246070,24,,,1,70,,246080,24,,,1,30,,246071,24,,,1,70,,246081,24,,,1,30,,246072,24,,,1,70,,246082,24,,,1,30,,246073,24,,,1,70,,246083,24,,,1,30,,246065,24,,,1,70,,246084,24,,,1,30,,246066,24,,,1,71,,246085,24,,,1,30,,246067,24,,,1,101,,246074,24,,,1,100,,246075,24,,,1,100,,246076,24,,,1,100,,246077,24,,,1,100,,246078,24,,,1
6103,'20260427',627,,246086,24,,,1,30,,246087,24,,,1,70,,246088,24,,,1,28,,246089,24,,,1,70,,246090,24,,,1,32,,246091,24,,,1,70,,246092,24,,,1,30,,246105,24,,,1,69,,246093,24,,,1,30,,246106,24,,,1,70,,246094,24,,,1,29,,246107,24,,,1,70,,246095,24,,,1,30,,246108,24,,,1,71,,246096,24,,,1,30,,246109,24,,,1,70,,246097,24,,,1,30,,246110,24,,,1,70,,246098,24,,,1,27,,246099,24,,,1,71,,246100,24,,,1,31,,246101,24,,,1,71,,246102,24,,,1,30,,246103,24,,,1,70,,246104,24,,,1,30,,246111,24,,,1,101,,246112,24,,,1,100,,246113,24,,,1,100,,246114,24,,,1,100,,246115,24,,,1,100,,246116,24,,,1
