1603,'20260416',721,,235946,20,,,0,27,,235947,20,,,0,901,,235957,20,,,0,68,,235958,20,,,0
1603,'20260417',721,,235965,20,,,0,27,,235966,20,,,0,901,,235976,20,,,0,68,,235977,20,,,0
1603,'20260420',721,,280969,20,,,0,27,,280970,20,,,0,901,,280980,20,,,0,68,,280981,20,,,0
1603,'20260421',721,,280988,20,,,0,27,,280989,20,,,0,901,,280999,20,,,0,68,,281000,20,,,0
1603,'20260422',721,,236002,20,,,0,27,,236003,20,,,0,901,,236004,20,,,0,68,,236005,20,,,0
1603,'20260423',721,,236021,20,,,0,27,,236022,20,,,0,901,,236023,20,,,0,68,,236024,20,,,0
1603,'20260424',721,,236040,20,,,0,27,,236041,20,,,0,901,,236042,20,,,0,68,,236043,20,,,0
1603,'20260427',721,,236067,20,,,0,27,,236068,20,,,0,901,,236069,20,,,0,68,,236070,20,,,0
1603,'20260428',721,,281006,20,,,0,27,,281007,20,,,0,901,,281008,20,,,0,68,,281009,20,,,0
1603,'20260429',721,,281025,20,,,0,27,,281026,20,,,0,901,,281027,20,,,0,68,,281028,20,,,0
1603,'20260430',721,,281044,20,,,0,27,,281045,20,,,0,901,,281046,20,,,0,68,,281047,20,,,0
