1803,'20260703',641,,847098,20,,,0,66,,847099,20,,,0,20,,847100,20,,,0,12,,847101,20,,,0,14,,847102,20,,,0,58,,847103,20,,,0,13,,847104,20,,,0,31,,847105,20,,,0,70,,847106,20,,,0,30,,847107,20,,,0,70,,847108,20,,,0,30,,847109,20,,,0,60,,847110,20,,,0,20,,847111,20,,,0,20,,847112,20,,,0,71,,847113,20,,,0,30,,847114,20,,,0,70,,847115,20,,,0,30,,847116,20,,,0,70,,847117,20,,,0,28,,847118,20,,,0,69,,847119,20,,,0,28,,847120,20,,,0,70,,847121,20,,,0,32,,847122,20,,,0,71,,847123,20,,,0,31,,847124,20,,,0,71,,847125,20,,,0,30,,847126,20,,,0,99,,847127,20,,,0,100,,847128,20,,,0,101,,847129,20,,,0,100,,847130,20,,,0,100,,847131,20,,,0
1803,'20260704',640,,866272,20,,,0,100,,866273,20,,,0,100,,866274,20,,,0,100,,866275,20,,,0,100,,866276,20,,,0,97,,866277,20,,,0,95,,866278,20,,,0,104,,866279,20,,,0,108,,866280,20,,,0,89,,866281,20,,,0,110,,866282,20,,,0,97,,866283,20,,,0,102,,866284,20,,,0,97,,866285,20,,,0,101,,866286,20,,,0,101,,866287,20,,,0,100,,866288,20,,,0
1803,'20260705',640,,866289,20,,,0,100,,866290,20,,,0,100,,866291,20,,,0,100,,866292,20,,,0,100,,866293,20,,,0,97,,866294,20,,,0,95,,866295,20,,,0,104,,866296,20,,,0,108,,866297,20,,,0,89,,866298,20,,,0,110,,866299,20,,,0,97,,866300,20,,,0,102,,866301,20,,,0,97,,866302,20,,,0,101,,866303,20,,,0,101,,866304,20,,,0,100,,866305,20,,,0
1803,'20260706',641,,866306,20,,,0,66,,866307,20,,,0,20,,866308,20,,,0,12,,866309,20,,,0,14,,866310,20,,,0,58,,866311,20,,,0,13,,866312,20,,,0,31,,866313,20,,,0,70,,866314,20,,,0,30,,866315,20,,,0,70,,866316,20,,,0,30,,866317,20,,,0,60,,866318,20,,,0,20,,866319,20,,,0,20,,866320,20,,,0,71,,866321,20,,,0,30,,866322,20,,,0,70,,866323,20,,,0,30,,866324,20,,,0,70,,866325,20,,,0,28,,866326,20,,,0,69,,866327,20,,,0,28,,866328,20,,,0,70,,866329,20,,,0,32,,866330,20,,,0,71,,866331,20,,,0,31,,866332,20,,,0,71,,866333,20,,,0,30,,866334,20,,,0,99,,866335,20,,,0,100,,866336,20,,,0,101,,866337,20,,,0,100,,866338,20,,,0,100,,866339,20,,,0
1803,'20260707',641,,866340,20,,,0,66,,866341,20,,,0,20,,866342,20,,,0,12,,866343,20,,,0,14,,866344,20,,,0,58,,866345,20,,,0,13,,866346,20,,,0,31,,866347,20,,,0,70,,866348,20,,,0,30,,866349,20,,,0,70,,866350,20,,,0,30,,866351,20,,,0,60,,866352,20,,,0,20,,866353,20,,,0,20,,866354,20,,,0,71,,866355,20,,,0,30,,866356,20,,,0,70,,866357,20,,,0,30,,866358,20,,,0,70,,866359,20,,,0,28,,866360,20,,,0,69,,866361,20,,,0,28,,866362,20,,,0,70,,866363,20,,,0,32,,866364,20,,,0,71,,866365,20,,,0,31,,866366,20,,,0,71,,866367,20,,,0,30,,866368,20,,,0,99,,866369,20,,,0,100,,866370,20,,,0,101,,866371,20,,,0,100,,866372,20,,,0,100,,866373,20,,,0
1803,'20260708',641,,866374,20,,,0,66,,866375,20,,,0,20,,866376,20,,,0,12,,866377,20,,,0,14,,866378,20,,,0,58,,866379,20,,,0,13,,866380,20,,,0,31,,866381,20,,,0,70,,866382,20,,,0,30,,866383,20,,,0,70,,866384,20,,,0,30,,866385,20,,,0,60,,866386,20,,,0,20,,866387,20,,,0,20,,866388,20,,,0,71,,866389,20,,,0,30,,866390,20,,,0,70,,866391,20,,,0,30,,866392,20,,,0,70,,866393,20,,,0,28,,866394,20,,,0,69,,866395,20,,,0,28,,866396,20,,,0,70,,866397,20,,,0,32,,866398,20,,,0,71,,866399,20,,,0,31,,866400,20,,,0,71,,866401,20,,,0,30,,866402,20,,,0,99,,866403,20,,,0,100,,866404,20,,,0,101,,866405,20,,,0,100,,866406,20,,,0,100,,866407,20,,,0
1803,'20260709',641,,866408,20,,,0,66,,866409,20,,,0,20,,866410,20,,,0,12,,866411,20,,,0,14,,866412,20,,,0,58,,866413,20,,,0,13,,866414,20,,,0,31,,866415,20,,,0,70,,866416,20,,,0,30,,866417,20,,,0,70,,866418,20,,,0,30,,866419,20,,,0,60,,866420,20,,,0,20,,866421,20,,,0,20,,866422,20,,,0,71,,866423,20,,,0,30,,866424,20,,,0,70,,866425,20,,,0,30,,866426,20,,,0,70,,866427,20,,,0,28,,866428,20,,,0,69,,866429,20,,,0,28,,866430,20,,,0,70,,866431,20,,,0,32,,866432,20,,,0,71,,866433,20,,,0,31,,866434,20,,,0,71,,866435,20,,,0,30,,866436,20,,,0,99,,866437,20,,,0,100,,866438,20,,,0,101,,866439,20,,,0,100,,866440,20,,,0,100,,866441,20,,,0
1803,'20260710',641,,818265,20,,,0,66,,818264,20,,,0,20,,818270,20,,,0,12,,818238,20,,,0,14,,818268,20,,,0,58,,818239,20,,,0,13,,818259,20,,,0,31,,818266,20,,,0,70,,818240,20,,,0,30,,818241,20,,,0,70,,818242,20,,,0,30,,818243,20,,,0,60,,818269,20,,,0,20,,818244,20,,,0,20,,818245,20,,,0,71,,818246,20,,,0,30,,818247,20,,,0,70,,818248,20,,,0,30,,818249,20,,,0,70,,818250,20,,,0,28,,818251,20,,,0,69,,818252,20,,,0,28,,818253,20,,,0,70,,818254,20,,,0,32,,818255,20,,,0,71,,818256,20,,,0,31,,818257,20,,,0,71,,818258,20,,,0,30,,818271,20,,,0,99,,818260,20,,,0,100,,818261,20,,,0,101,,818267,20,,,0,100,,818262,20,,,0,100,,818263,20,,,0
1803,'20260711',640,,847148,20,,,0,100,,847132,20,,,0,100,,847133,20,,,0,100,,847134,20,,,0,100,,847135,20,,,0,97,,847136,20,,,0,95,,847137,20,,,0,104,,847138,20,,,0,108,,847139,20,,,0,89,,847140,20,,,0,110,,847141,20,,,0,97,,847142,20,,,0,102,,847143,20,,,0,97,,847144,20,,,0,101,,847145,20,,,0,101,,847146,20,,,0,100,,847147,20,,,0
1803,'20260712',640,,847165,20,,,0,100,,847149,20,,,0,100,,847150,20,,,0,100,,847151,20,,,0,100,,847152,20,,,0,97,,847153,20,,,0,95,,847154,20,,,0,104,,847155,20,,,0,108,,847156,20,,,0,89,,847157,20,,,0,110,,847158,20,,,0,97,,847159,20,,,0,102,,847160,20,,,0,97,,847161,20,,,0,101,,847162,20,,,0,101,,847163,20,,,0,100,,847164,20,,,0
1803,'20260713',641,,847193,20,,,0,66,,847192,20,,,0,20,,847198,20,,,0,12,,847166,20,,,0,14,,847196,20,,,0,58,,847167,20,,,0,13,,847187,20,,,0,31,,847194,20,,,0,70,,847168,20,,,0,30,,847169,20,,,0,70,,847170,20,,,0,30,,847171,20,,,0,60,,847197,20,,,0,20,,847172,20,,,0,20,,847173,20,,,0,71,,847174,20,,,0,30,,847175,20,,,0,70,,847176,20,,,0,30,,847177,20,,,0,70,,847178,20,,,0,28,,847179,20,,,0,69,,847180,20,,,0,28,,847181,20,,,0,70,,847182,20,,,0,32,,847183,20,,,0,71,,847184,20,,,0,31,,847185,20,,,0,71,,847186,20,,,0,30,,847199,20,,,0,99,,847188,20,,,0,100,,847189,20,,,0,101,,847195,20,,,0,100,,847190,20,,,0,100,,847191,20,,,0
1803,'20260714',641,,847227,20,,,0,66,,847226,20,,,0,20,,847232,20,,,0,12,,847200,20,,,0,14,,847230,20,,,0,58,,847201,20,,,0,13,,847221,20,,,0,31,,847228,20,,,0,70,,847202,20,,,0,30,,847203,20,,,0,70,,847204,20,,,0,30,,847205,20,,,0,60,,847231,20,,,0,20,,847206,20,,,0,20,,847207,20,,,0,71,,847208,20,,,0,30,,847209,20,,,0,70,,847210,20,,,0,30,,847211,20,,,0,70,,847212,20,,,0,28,,847213,20,,,0,69,,847214,20,,,0,28,,847215,20,,,0,70,,847216,20,,,0,32,,847217,20,,,0,71,,847218,20,,,0,31,,847219,20,,,0,71,,847220,20,,,0,30,,847233,20,,,0,99,,847222,20,,,0,100,,847223,20,,,0,101,,847229,20,,,0,100,,847224,20,,,0,100,,847225,20,,,0
1803,'20260715',641,,866469,20,,,0,66,,866468,20,,,0,20,,866474,20,,,0,12,,866442,20,,,0,14,,866472,20,,,0,58,,866443,20,,,0,13,,866463,20,,,0,31,,866470,20,,,0,70,,866444,20,,,0,30,,866445,20,,,0,70,,866446,20,,,0,30,,866447,20,,,0,60,,866473,20,,,0,20,,866448,20,,,0,20,,866449,20,,,0,71,,866450,20,,,0,30,,866451,20,,,0,70,,866452,20,,,0,30,,866453,20,,,0,70,,866454,20,,,0,28,,866455,20,,,0,69,,866456,20,,,0,28,,866457,20,,,0,70,,866458,20,,,0,32,,866459,20,,,0,71,,866460,20,,,0,31,,866461,20,,,0,71,,866462,20,,,0,30,,866475,20,,,0,99,,866464,20,,,0,100,,866465,20,,,0,101,,866471,20,,,0,100,,866466,20,,,0,100,,866467,20,,,0
1803,'20260716',641,,866503,20,,,0,66,,866502,20,,,0,20,,866508,20,,,0,12,,866476,20,,,0,14,,866506,20,,,0,58,,866477,20,,,0,13,,866497,20,,,0,31,,866504,20,,,0,70,,866478,20,,,0,30,,866479,20,,,0,70,,866480,20,,,0,30,,866481,20,,,0,60,,866507,20,,,0,20,,866482,20,,,0,20,,866483,20,,,0,71,,866484,20,,,0,30,,866485,20,,,0,70,,866486,20,,,0,30,,866487,20,,,0,70,,866488,20,,,0,28,,866489,20,,,0,69,,866490,20,,,0,28,,866491,20,,,0,70,,866492,20,,,0,32,,866493,20,,,0,71,,866494,20,,,0,31,,866495,20,,,0,71,,866496,20,,,0,30,,866509,20,,,0,99,,866498,20,,,0,100,,866499,20,,,0,101,,866505,20,,,0,100,,866500,20,,,0,100,,866501,20,,,0
1803,'20260717',641,,866537,20,,,0,66,,866536,20,,,0,20,,866542,20,,,0,12,,866510,20,,,0,14,,866540,20,,,0,58,,866511,20,,,0,13,,866531,20,,,0,31,,866538,20,,,0,70,,866512,20,,,0,30,,866513,20,,,0,70,,866514,20,,,0,30,,866515,20,,,0,60,,866541,20,,,0,20,,866516,20,,,0,20,,866517,20,,,0,71,,866518,20,,,0,30,,866519,20,,,0,70,,866520,20,,,0,30,,866521,20,,,0,70,,866522,20,,,0,28,,866523,20,,,0,69,,866524,20,,,0,28,,866525,20,,,0,70,,866526,20,,,0,32,,866527,20,,,0,71,,866528,20,,,0,31,,866529,20,,,0,71,,866530,20,,,0,30,,866543,20,,,0,99,,866532,20,,,0,100,,866533,20,,,0,101,,866539,20,,,0,100,,866534,20,,,0,100,,866535,20,,,0
1803,'20262511',640,,866560,20,,,0,100,,866544,20,,,0,100,,866545,20,,,0,100,,866546,20,,,0,100,,866547,20,,,0,97,,866548,20,,,0,95,,866549,20,,,0,104,,866550,20,,,0,108,,866551,20,,,0,89,,866552,20,,,0,110,,866553,20,,,0,97,,866554,20,,,0,102,,866555,20,,,0,97,,866556,20,,,0,101,,866557,20,,,0,101,,866558,20,,,0,100,,866559,20,,,0
1803,'20262611',640,,866577,20,,,0,100,,866561,20,,,0,100,,866562,20,,,0,100,,866563,20,,,0,100,,866564,20,,,0,97,,866565,20,,,0,95,,866566,20,,,0,104,,866567,20,,,0,108,,866568,20,,,0,89,,866569,20,,,0,110,,866570,20,,,0,97,,866571,20,,,0,102,,866572,20,,,0,97,,866573,20,,,0,101,,866574,20,,,0,101,,866575,20,,,0,100,,866576,20,,,0
2903,'20260703',603,,847867,14,,,0,30,,847868,14,,,0,67,,847869,14,,,0,28,,847870,14,,,0,30,,847871,14,,,0,72,,847872,14,,,0
2903,'20260706',603,,867987,14,,,0,30,,867988,14,,,0,67,,867989,14,,,0,28,,867990,14,,,0,30,,867991,14,,,0,72,,867992,14,,,0
2903,'20260707',603,,867993,14,,,0,30,,867994,14,,,0,67,,867995,14,,,0,28,,867996,14,,,0,30,,867997,14,,,0,72,,867998,14,,,0
2903,'20260708',603,,867999,14,,,0,30,,868000,14,,,0,67,,868001,14,,,0,28,,868002,14,,,0,30,,868003,14,,,0,72,,868004,14,,,0
2903,'20260709',603,,868005,14,,,0,30,,868006,14,,,0,67,,868007,14,,,0,28,,868008,14,,,0,30,,868009,14,,,0,72,,868010,14,,,0
2903,'20260710',603,,819468,14,,,0,30,,819469,14,,,0,67,,819466,14,,,0,28,,819470,14,,,0,30,,819471,14,,,0,72,,819467,14,,,0
2903,'20260713',603,,847875,14,,,0,30,,847876,14,,,0,67,,847873,14,,,0,28,,847877,14,,,0,30,,847878,14,,,0,72,,847874,14,,,0
2903,'20260714',603,,847881,14,,,0,30,,847882,14,,,0,67,,847879,14,,,0,28,,847883,14,,,0,30,,847884,14,,,0,72,,847880,14,,,0
2903,'20260715',603,,868013,14,,,0,30,,868014,14,,,0,67,,868011,14,,,0,28,,868015,14,,,0,30,,868016,14,,,0,72,,868012,14,,,0
2903,'20260716',603,,868019,14,,,0,30,,868020,14,,,0,67,,868017,14,,,0,28,,868021,14,,,0,30,,868022,14,,,0,72,,868018,14,,,0
2903,'20260717',603,,868025,14,,,0,30,,868026,14,,,0,67,,868023,14,,,0,28,,868027,14,,,0,30,,868028,14,,,0,72,,868024,14,,,0
28303,'20260703',1606,,855068,19,,,0,30,,855069,19,,,0,97,,855070,19,,,0
28303,'20260706',1606,,884060,19,,,0,30,,884061,19,,,0,97,,884062,19,,,0
28303,'20260707',1606,,884063,19,,,0,30,,884064,19,,,0,97,,884065,19,,,0
28303,'20260708',1606,,884066,19,,,0,30,,884067,19,,,0,97,,884068,19,,,0
28303,'20260709',1606,,884069,19,,,0,30,,884070,19,,,0,97,,884071,19,,,0
28303,'20260710',1606,,832758,19,,,0,30,,832756,19,,,0,97,,832757,19,,,0
28303,'20260713',1606,,855073,19,,,0,30,,855071,19,,,0,97,,855072,19,,,0
28303,'20260714',1606,,855076,19,,,0,30,,855074,19,,,0,97,,855075,19,,,0
28303,'20260715',1606,,884074,19,,,0,30,,884072,19,,,0,97,,884073,19,,,0
28303,'20260716',1606,,884077,19,,,0,30,,884075,19,,,0,97,,884076,19,,,0
28303,'20260717',1606,,884080,19,,,0,30,,884078,19,,,0,97,,884079,19,,,0
29103,'20260703',1534,,855176,19,,,0,70,,855177,19,,,0,33,,855178,19,,,0,72,,855179,19,,,0
29103,'20260706',1534,,884312,19,,,0,70,,884313,19,,,0,33,,884314,19,,,0,72,,884315,19,,,0
29103,'20260707',1534,,884316,19,,,0,70,,884317,19,,,0,33,,884318,19,,,0,72,,884319,19,,,0
29103,'20260708',1534,,884320,19,,,0,70,,884321,19,,,0,33,,884322,19,,,0,72,,884323,19,,,0
29103,'20260709',1534,,884324,19,,,0,70,,884325,19,,,0,33,,884326,19,,,0,72,,884327,19,,,0
29103,'20260710',1534,,832980,19,,,0,70,,832977,19,,,0,33,,832979,19,,,0,72,,832978,19,,,0
29103,'20260713',1534,,855183,19,,,0,70,,855180,19,,,0,33,,855182,19,,,0,72,,855181,19,,,0
29103,'20260714',1534,,855187,19,,,0,70,,855184,19,,,0,33,,855186,19,,,0,72,,855185,19,,,0
29103,'20260715',1534,,884331,19,,,0,70,,884328,19,,,0,33,,884330,19,,,0,72,,884329,19,,,0
29103,'20260716',1534,,884335,19,,,0,70,,884332,19,,,0,33,,884334,19,,,0,72,,884333,19,,,0
29103,'20260717',1534,,884339,19,,,0,70,,884336,19,,,0,33,,884338,19,,,0,72,,884337,19,,,0
29203,'20260703',1606,,855197,19,,,0,31,,855198,19,,,0,69,,855199,19,,,0
29203,'20260706',1606,,884361,19,,,0,31,,884362,19,,,0,69,,884363,19,,,0
29203,'20260707',1606,,884364,19,,,0,31,,884365,19,,,0,69,,884366,19,,,0
29203,'20260708',1606,,884367,19,,,0,31,,884368,19,,,0,69,,884369,19,,,0
29203,'20260709',1606,,884370,19,,,0,31,,884371,19,,,0,69,,884372,19,,,0
29203,'20260710',1606,,833015,19,,,0,31,,833016,19,,,0,69,,833014,19,,,0
29203,'20260713',1606,,855201,19,,,0,31,,855202,19,,,0,69,,855200,19,,,0
29203,'20260714',1606,,855204,19,,,0,31,,855205,19,,,0,69,,855203,19,,,0
29203,'20260715',1606,,884374,19,,,0,31,,884375,19,,,0,69,,884373,19,,,0
29203,'20260716',1606,,884377,19,,,0,31,,884378,19,,,0,69,,884376,19,,,0
29203,'20260717',1606,,884380,19,,,0,31,,884381,19,,,0,69,,884379,19,,,0
29403,'20260703',1559,,855215,19,,,0,143,,855216,19,,,0,26,,855217,19,,,0
29403,'20260706',1559,,884403,19,,,0,143,,884404,19,,,0,26,,884405,19,,,0
29403,'20260707',1559,,884406,19,,,0,143,,884407,19,,,0,26,,884408,19,,,0
29403,'20260708',1559,,884409,19,,,0,143,,884410,19,,,0,26,,884411,19,,,0
29403,'20260709',1559,,884412,19,,,0,143,,884413,19,,,0,26,,884414,19,,,0
29403,'20260710',1559,,833050,19,,,0,143,,833051,19,,,0,26,,833052,19,,,0
29403,'20260713',1559,,855218,19,,,0,143,,855219,19,,,0,26,,855220,19,,,0
29403,'20260714',1559,,855221,19,,,0,143,,855222,19,,,0,26,,855223,19,,,0
29403,'20260715',1559,,884415,19,,,0,143,,884416,19,,,0,26,,884417,19,,,0
29403,'20260716',1559,,884418,19,,,0,143,,884419,19,,,0,26,,884420,19,,,0
29403,'20260717',1559,,884421,19,,,0,143,,884422,19,,,0,26,,884423,19,,,0
