5601,'20260420',1601,,285456,5,,,0,32,,285457,5,,,0,69,,285458,5,,,0
5601,'20260421',1601,,285459,5,,,0,32,,285460,5,,,0,69,,285461,5,,,0
5601,'20260422',1601,,311741,5,,,0,32,,311742,5,,,0,69,,311743,5,,,0
5601,'20260423',1601,,311744,5,,,0,32,,311745,5,,,0,69,,311746,5,,,0
5601,'20260424',1601,,311747,5,,,0,32,,311748,5,,,0,69,,311749,5,,,0
5601,'20260427',1601,,244004,5,,,0,32,,244006,5,,,0,69,,244005,5,,,0
5601,'20260428',1601,,285462,5,,,0,32,,285464,5,,,0,69,,285463,5,,,0
5601,'20260429',1601,,285465,5,,,0,32,,285467,5,,,0,69,,285466,5,,,0
5601,'20260430',1601,,285468,5,,,0,32,,285470,5,,,0,69,,285469,5,,,0
5601,'20260501',1601,,311750,5,,,0,32,,311752,5,,,0,69,,311751,5,,,0
5601,'20260504',1601,,311753,5,,,0,32,,311755,5,,,0,69,,311754,5,,,0
5701,'20260420',559,,285632,5,,,0,67,,285633,5,,,0,29,,285634,5,,,0,69,,285635,5,,,0,34,,285636,5,,,0,68,,285637,5,,,0,31,,285638,5,,,0,72,,285639,5,,,0,101,,285640,5,,,0,101,,285641,5,,,0,100,,285642,5,,,0,101,,285643,5,,,0,101,,285644,5,,,0,101,,285645,5,,,0,274,,285646,5,,,0,98,,285647,5,,,0,98,,285648,5,,,0,101,,285649,5,,,0,101,,285650,5,,,0,100,,285651,5,,,0
5701,'20260421',559,,285652,5,,,0,67,,285653,5,,,0,29,,285654,5,,,0,69,,285655,5,,,0,34,,285656,5,,,0,68,,285657,5,,,0,31,,285658,5,,,0,72,,285659,5,,,0,101,,285660,5,,,0,101,,285661,5,,,0,100,,285662,5,,,0,101,,285663,5,,,0,101,,285664,5,,,0,101,,285665,5,,,0,274,,285666,5,,,0,98,,285667,5,,,0,98,,285668,5,,,0,101,,285669,5,,,0,101,,285670,5,,,0,100,,285671,5,,,0
5701,'20260422',559,,311885,5,,,0,67,,311886,5,,,0,29,,311887,5,,,0,69,,311888,5,,,0,34,,311889,5,,,0,68,,311890,5,,,0,31,,311891,5,,,0,72,,311892,5,,,0,101,,311893,5,,,0,101,,311894,5,,,0,100,,311895,5,,,0,101,,311896,5,,,0,101,,311897,5,,,0,101,,311898,5,,,0,274,,311899,5,,,0,98,,311900,5,,,0,98,,311901,5,,,0,101,,311902,5,,,0,101,,311903,5,,,0,100,,311904,5,,,0
5701,'20260423',559,,311905,5,,,0,67,,311906,5,,,0,29,,311907,5,,,0,69,,311908,5,,,0,34,,311909,5,,,0,68,,311910,5,,,0,31,,311911,5,,,0,72,,311912,5,,,0,101,,311913,5,,,0,101,,311914,5,,,0,100,,311915,5,,,0,101,,311916,5,,,0,101,,311917,5,,,0,101,,311918,5,,,0,274,,311919,5,,,0,98,,311920,5,,,0,98,,311921,5,,,0,101,,311922,5,,,0,101,,311923,5,,,0,100,,311924,5,,,0
5701,'20260424',559,,311925,5,,,0,67,,311926,5,,,0,29,,311927,5,,,0,69,,311928,5,,,0,34,,311929,5,,,0,68,,311930,5,,,0,31,,311931,5,,,0,72,,311932,5,,,0,101,,311933,5,,,0,101,,311934,5,,,0,100,,311935,5,,,0,101,,311936,5,,,0,101,,311937,5,,,0,101,,311938,5,,,0,274,,311939,5,,,0,98,,311940,5,,,0,98,,311941,5,,,0,101,,311942,5,,,0,101,,311943,5,,,0,100,,311944,5,,,0
5701,'20260425',733,,244411,5,,,0,100,,244412,5,,,0,101,,244413,5,,,0,101,,244414,5,,,0,100,,244415,5,,,0,98,,244416,5,,,0,101,,244417,5,,,0,99,,244418,5,,,0,105,,244419,5,,,0,94,,244420,5,,,0,104,,244421,5,,,0,98,,244422,5,,,0,100,,244423,5,,,0,99,,244424,5,,,0,100,,244425,5,,,0,101,,244426,5,,,0
5701,'20260426',733,,244430,5,,,0,100,,244432,5,,,0,101,,244429,5,,,0,101,,244427,5,,,0,100,,244431,5,,,0,98,,244435,5,,,0,101,,244436,5,,,0,99,,244437,5,,,0,105,,244433,5,,,0,94,,244434,5,,,0,104,,244428,5,,,0,98,,244438,5,,,0,100,,244439,5,,,0,99,,244442,5,,,0,100,,244440,5,,,0,101,,244441,5,,,0
5701,'20260427',559,,244443,5,,,0,67,,244444,5,,,0,29,,244445,5,,,0,69,,244446,5,,,0,34,,244447,5,,,0,68,,244448,5,,,0,31,,244449,5,,,0,72,,244450,5,,,0,101,,244451,5,,,0,101,,244452,5,,,0,100,,244453,5,,,0,101,,244454,5,,,0,101,,244462,5,,,0,101,,244455,5,,,0,274,,244456,5,,,0,98,,244457,5,,,0,98,,244458,5,,,0,101,,244459,5,,,0,101,,244460,5,,,0,100,,244461,5,,,0
5701,'20260428',559,,285672,5,,,0,67,,285673,5,,,0,29,,285674,5,,,0,69,,285675,5,,,0,34,,285676,5,,,0,68,,285677,5,,,0,31,,285678,5,,,0,72,,285679,5,,,0,101,,285680,5,,,0,101,,285681,5,,,0,100,,285682,5,,,0,101,,285683,5,,,0,101,,285691,5,,,0,101,,285684,5,,,0,274,,285685,5,,,0,98,,285686,5,,,0,98,,285687,5,,,0,101,,285688,5,,,0,101,,285689,5,,,0,100,,285690,5,,,0
5701,'20260429',559,,285692,5,,,0,67,,285693,5,,,0,29,,285694,5,,,0,69,,285695,5,,,0,34,,285696,5,,,0,68,,285697,5,,,0,31,,285698,5,,,0,72,,285699,5,,,0,101,,285700,5,,,0,101,,285701,5,,,0,100,,285702,5,,,0,101,,285703,5,,,0,101,,285711,5,,,0,101,,285704,5,,,0,274,,285705,5,,,0,98,,285706,5,,,0,98,,285707,5,,,0,101,,285708,5,,,0,101,,285709,5,,,0,100,,285710,5,,,0
5701,'20260430',559,,285712,5,,,0,67,,285713,5,,,0,29,,285714,5,,,0,69,,285715,5,,,0,34,,285716,5,,,0,68,,285717,5,,,0,31,,285718,5,,,0,72,,285719,5,,,0,101,,285720,5,,,0,101,,285721,5,,,0,100,,285722,5,,,0,101,,285723,5,,,0,101,,285731,5,,,0,101,,285724,5,,,0,274,,285725,5,,,0,98,,285726,5,,,0,98,,285727,5,,,0,101,,285728,5,,,0,101,,285729,5,,,0,100,,285730,5,,,0
5701,'20260501',559,,311945,5,,,0,67,,311946,5,,,0,29,,311947,5,,,0,69,,311948,5,,,0,34,,311949,5,,,0,68,,311950,5,,,0,31,,311951,5,,,0,72,,311952,5,,,0,101,,311953,5,,,0,101,,311954,5,,,0,100,,311955,5,,,0,101,,311956,5,,,0,101,,311964,5,,,0,101,,311957,5,,,0,274,,311958,5,,,0,98,,311959,5,,,0,98,,311960,5,,,0,101,,311961,5,,,0,101,,311962,5,,,0,100,,311963,5,,,0
5701,'20260502',733,,311965,5,,,0,100,,311966,5,,,0,101,,311967,5,,,0,101,,311968,5,,,0,100,,311969,5,,,0,98,,311970,5,,,0,101,,311971,5,,,0,99,,311972,5,,,0,105,,311973,5,,,0,94,,311974,5,,,0,104,,311975,5,,,0,98,,311976,5,,,0,100,,311977,5,,,0,99,,311978,5,,,0,100,,311979,5,,,0,101,,311980,5,,,0
5701,'20260503',733,,311984,5,,,0,100,,311986,5,,,0,101,,311983,5,,,0,101,,311981,5,,,0,100,,311985,5,,,0,98,,311989,5,,,0,101,,311990,5,,,0,99,,311991,5,,,0,105,,311987,5,,,0,94,,311988,5,,,0,104,,311982,5,,,0,98,,311992,5,,,0,100,,311993,5,,,0,99,,311996,5,,,0,100,,311994,5,,,0,101,,311995,5,,,0
5701,'20260504',559,,311997,5,,,0,67,,311998,5,,,0,29,,311999,5,,,0,69,,312000,5,,,0,34,,312001,5,,,0,68,,312002,5,,,0,31,,312003,5,,,0,72,,312004,5,,,0,101,,312005,5,,,0,101,,312006,5,,,0,100,,312007,5,,,0,101,,312008,5,,,0,101,,312016,5,,,0,101,,312009,5,,,0,274,,312010,5,,,0,98,,312011,5,,,0,98,,312012,5,,,0,101,,312013,5,,,0,101,,312014,5,,,0,100,,312015,5,,,0
25701,'20260420',649,,292798,5,,,0,63,,292799,5,,,0,29,,292800,5,,,0
25701,'20260421',649,,292801,5,,,0,63,,292802,5,,,0,29,,292803,5,,,0
25701,'20260422',649,,319088,5,,,0,63,,319089,5,,,0,29,,319090,5,,,0
25701,'20260423',649,,319091,5,,,0,63,,319092,5,,,0,29,,319093,5,,,0
25701,'20260424',649,,319094,5,,,0,63,,319095,5,,,0,29,,319096,5,,,0
25701,'20260427',649,,257121,5,,,0,63,,257122,5,,,0,29,,257123,5,,,0
25701,'20260428',649,,292804,5,,,0,63,,292805,5,,,0,29,,292806,5,,,0
25701,'20260429',649,,292807,5,,,0,63,,292808,5,,,0,29,,292809,5,,,0
25701,'20260430',649,,292810,5,,,0,63,,292811,5,,,0,29,,292812,5,,,0
25701,'20260501',649,,319097,5,,,0,63,,319098,5,,,0,29,,319099,5,,,0
25701,'20260504',649,,319100,5,,,0,63,,319101,5,,,0,29,,319102,5,,,0
