3901,'20260626',613,,798201,5,,,0,95,,798202,5,,,0,30,,798203,5,,,0,69,,798204,5,,,0,104,,798205,5,,,0,100,,798206,5,,,0,100,,798207,5,,,0,100,,798208,5,,,0,100,,798209,5,,,0,100,,798210,5,,,0,99,,798211,5,,,0,100,,798212,5,,,0,100,,798213,5,,,0,103,,798214,5,,,0,100,,798215,5,,,0,100,,798216,5,,,0,101,,798217,5,,,0,200,,798218,5,,,0
3901,'20260627',713,,820849,5,,,0,100,,820850,5,,,0,100,,820851,5,,,0,100,,820852,5,,,0,100,,820853,5,,,0,100,,820854,5,,,0,100,,820855,5,,,0,100,,820856,5,,,0,100,,820857,5,,,0,100,,820858,5,,,0,100,,820859,5,,,0,100,,820860,5,,,0,100,,820861,5,,,0,100,,820862,5,,,0,100,,820863,5,,,0,200,,820864,5,,,0
3901,'20260628',713,,820865,5,,,0,100,,820866,5,,,0,100,,820867,5,,,0,100,,820868,5,,,0,100,,820869,5,,,0,100,,820870,5,,,0,100,,820871,5,,,0,100,,820872,5,,,0,100,,820873,5,,,0,100,,820874,5,,,0,100,,820875,5,,,0,100,,820876,5,,,0,100,,820877,5,,,0,100,,820878,5,,,0,100,,820879,5,,,0,200,,820880,5,,,0
3901,'20260629',613,,820881,5,,,0,95,,820882,5,,,0,30,,820883,5,,,0,69,,820884,5,,,0,104,,820885,5,,,0,100,,820886,5,,,0,100,,820887,5,,,0,100,,820888,5,,,0,100,,820889,5,,,0,100,,820890,5,,,0,99,,820891,5,,,0,100,,820892,5,,,0,100,,820893,5,,,0,103,,820894,5,,,0,100,,820895,5,,,0,100,,820896,5,,,0,101,,820897,5,,,0,200,,820898,5,,,0
3901,'20260630',613,,820899,5,,,0,95,,820900,5,,,0,30,,820901,5,,,0,69,,820902,5,,,0,104,,820903,5,,,0,100,,820904,5,,,0,100,,820905,5,,,0,100,,820906,5,,,0,100,,820907,5,,,0,100,,820908,5,,,0,99,,820909,5,,,0,100,,820910,5,,,0,100,,820911,5,,,0,103,,820912,5,,,0,100,,820913,5,,,0,100,,820914,5,,,0,101,,820915,5,,,0,200,,820916,5,,,0
3901,'20260701',713,,820917,5,,,0,100,,820918,5,,,0,100,,820919,5,,,0,100,,820920,5,,,0,100,,820921,5,,,0,100,,820922,5,,,0,100,,820923,5,,,0,100,,820924,5,,,0,100,,820925,5,,,0,100,,820926,5,,,0,100,,820927,5,,,0,100,,820928,5,,,0,100,,820929,5,,,0,100,,820930,5,,,0,100,,820931,5,,,0,200,,820932,5,,,0
3901,'20260702',613,,820933,5,,,0,95,,820934,5,,,0,30,,820935,5,,,0,69,,820936,5,,,0,104,,820937,5,,,0,100,,820938,5,,,0,100,,820939,5,,,0,100,,820940,5,,,0,100,,820941,5,,,0,100,,820942,5,,,0,99,,820943,5,,,0,100,,820944,5,,,0,100,,820945,5,,,0,103,,820946,5,,,0,100,,820947,5,,,0,100,,820948,5,,,0,101,,820949,5,,,0,200,,820950,5,,,0
3901,'20260703',613,,773325,5,,,0,95,,773326,5,,,0,30,,773327,5,,,0,69,,773328,5,,,0,104,,773329,5,,,0,100,,773330,5,,,0,100,,773331,5,,,0,100,,773332,5,,,0,100,,773333,5,,,0,100,,773334,5,,,0,99,,773335,5,,,0,100,,773342,5,,,0,100,,773336,5,,,0,103,,773337,5,,,0,100,,773338,5,,,0,100,,773339,5,,,0,101,,773340,5,,,0,200,,773341,5,,,0
3901,'20260704',713,,798219,5,,,0,100,,798220,5,,,0,100,,798221,5,,,0,100,,798222,5,,,0,100,,798223,5,,,0,100,,798224,5,,,0,100,,798225,5,,,0,100,,798226,5,,,0,100,,798227,5,,,0,100,,798228,5,,,0,100,,798229,5,,,0,100,,798230,5,,,0,100,,798231,5,,,0,100,,798234,5,,,0,100,,798232,5,,,0,200,,798233,5,,,0
3901,'20260705',713,,798249,5,,,0,100,,798235,5,,,0,100,,798250,5,,,0,100,,798236,5,,,0,100,,798237,5,,,0,100,,798238,5,,,0,100,,798239,5,,,0,100,,798240,5,,,0,100,,798241,5,,,0,100,,798242,5,,,0,100,,798243,5,,,0,100,,798244,5,,,0,100,,798245,5,,,0,100,,798248,5,,,0,100,,798246,5,,,0,200,,798247,5,,,0
3901,'20260706',613,,798251,5,,,0,95,,798252,5,,,0,30,,798253,5,,,0,69,,798254,5,,,0,104,,798255,5,,,0,100,,798256,5,,,0,100,,798257,5,,,0,100,,798258,5,,,0,100,,798259,5,,,0,100,,798260,5,,,0,99,,798261,5,,,0,100,,798268,5,,,0,100,,798262,5,,,0,103,,798263,5,,,0,100,,798264,5,,,0,100,,798265,5,,,0,101,,798266,5,,,0,200,,798267,5,,,0
3901,'20260707',613,,798269,5,,,0,95,,798270,5,,,0,30,,798271,5,,,0,69,,798272,5,,,0,104,,798273,5,,,0,100,,798274,5,,,0,100,,798275,5,,,0,100,,798276,5,,,0,100,,798277,5,,,0,100,,798278,5,,,0,99,,798279,5,,,0,100,,798286,5,,,0,100,,798280,5,,,0,103,,798281,5,,,0,100,,798282,5,,,0,100,,798283,5,,,0,101,,798284,5,,,0,200,,798285,5,,,0
3901,'20260708',613,,820951,5,,,0,95,,820952,5,,,0,30,,820953,5,,,0,69,,820954,5,,,0,104,,820955,5,,,0,100,,820956,5,,,0,100,,820957,5,,,0,100,,820958,5,,,0,100,,820959,5,,,0,100,,820960,5,,,0,99,,820961,5,,,0,100,,820968,5,,,0,100,,820962,5,,,0,103,,820963,5,,,0,100,,820964,5,,,0,100,,820965,5,,,0,101,,820966,5,,,0,200,,820967,5,,,0
3901,'20260709',613,,820969,5,,,0,95,,820970,5,,,0,30,,820971,5,,,0,69,,820972,5,,,0,104,,820973,5,,,0,100,,820974,5,,,0,100,,820975,5,,,0,100,,820976,5,,,0,100,,820977,5,,,0,100,,820978,5,,,0,99,,820979,5,,,0,100,,820986,5,,,0,100,,820980,5,,,0,103,,820981,5,,,0,100,,820982,5,,,0,100,,820983,5,,,0,101,,820984,5,,,0,200,,820985,5,,,0
3901,'20260710',613,,820987,5,,,0,95,,820988,5,,,0,30,,820989,5,,,0,69,,820990,5,,,0,104,,820991,5,,,0,100,,820992,5,,,0,100,,820993,5,,,0,100,,820994,5,,,0,100,,820995,5,,,0,100,,820996,5,,,0,99,,820997,5,,,0,100,,821004,5,,,0,100,,820998,5,,,0,103,,820999,5,,,0,100,,821000,5,,,0,100,,821001,5,,,0,101,,821002,5,,,0,200,,821003,5,,,0
23901,'20260626',644,,805523,5,,,0,60,,805524,5,,,0,46,,805525,5,,,0,58,,805526,5,,,0
23901,'20260629',644,,831847,5,,,0,60,,831848,5,,,0,46,,831849,5,,,0,58,,831850,5,,,0
23901,'20260630',644,,831851,5,,,0,60,,831852,5,,,0,46,,831853,5,,,0,58,,831854,5,,,0
23901,'20260702',644,,831855,5,,,0,60,,831856,5,,,0,46,,831857,5,,,0,58,,831858,5,,,0
23901,'20260703',644,,782537,5,,,0,60,,782538,5,,,0,46,,782539,5,,,0,58,,782540,5,,,0
23901,'20260706',644,,805527,5,,,0,60,,805528,5,,,0,46,,805529,5,,,0,58,,805530,5,,,0
23901,'20260707',644,,805531,5,,,0,60,,805532,5,,,0,46,,805533,5,,,0,58,,805534,5,,,0
23901,'20260708',644,,831859,5,,,0,60,,831860,5,,,0,46,,831861,5,,,0,58,,831862,5,,,0
23901,'20260709',644,,831863,5,,,0,60,,831864,5,,,0,46,,831865,5,,,0,58,,831866,5,,,0
23901,'20260710',644,,831867,5,,,0,60,,831868,5,,,0,46,,831869,5,,,0,58,,831870,5,,,0
