5401,'20260605',537,,639911,26,,,1,67,,639912,26,,,1,18,,639913,26,,,1,15,,639914,26,,,1,19,,639915,26,,,1,58,,639916,26,,,1,17,,639917,26,,,1,15,,639918,26,,,1,60,,639919,26,,,1,15,,639920,26,,,1,28,,639921,26,,,1,69,,639922,26,,,1,29,,639923,26,,,1,68,,639924,26,,,1,30,,639925,26,,,1,71,,639926,26,,,1,30,,639927,26,,,1,71,,639928,26,,,1,31,,639929,26,,,1,70,,639930,26,,,1,31,,639931,26,,,1,68,,639932,26,,,1,30,,639933,26,,,1,71,,639934,26,,,1,31,,639935,26,,,1,63,,639936,26,,,1,38,,639937,26,,,1,71,,639938,26,,,1,26,,639939,26,,,1,97,,639940,26,,,1,100,,639941,26,,,1,105,,639942,26,,,1,101,,639943,26,,,1,99,,639944,26,,,1,103,,639945,26,,,1
5401,'20260606',644,,662120,26,,,1,104,,662121,26,,,1,100,,662122,26,,,1,101,,662123,26,,,1,100,,662124,26,,,1,71,,662125,26,,,1,29,,662126,26,,,1,71,,662127,26,,,1,29,,662128,26,,,1,70,,662129,26,,,1,30,,662130,26,,,1,72,,662131,26,,,1,29,,662132,26,,,1,67,,662133,26,,,1,32,,662134,26,,,1,72,,662135,26,,,1,25,,662136,26,,,1,75,,662137,26,,,1,34,,662138,26,,,1,94,,662139,26,,,1,101,,662140,26,,,1,99,,662141,26,,,1,99,,662142,26,,,1,101,,662143,26,,,1,98,,662144,26,,,1
5401,'20260607',644,,662145,26,,,1,104,,662146,26,,,1,100,,662147,26,,,1,101,,662148,26,,,1,100,,662149,26,,,1,71,,662150,26,,,1,29,,662151,26,,,1,71,,662152,26,,,1,29,,662153,26,,,1,70,,662154,26,,,1,30,,662155,26,,,1,72,,662156,26,,,1,29,,662157,26,,,1,67,,662158,26,,,1,32,,662159,26,,,1,72,,662160,26,,,1,25,,662161,26,,,1,75,,662162,26,,,1,34,,662163,26,,,1,94,,662164,26,,,1,101,,662165,26,,,1,99,,662166,26,,,1,99,,662167,26,,,1,101,,662168,26,,,1,98,,662169,26,,,1
5401,'20260608',537,,662170,26,,,1,67,,662171,26,,,1,18,,662172,26,,,1,15,,662173,26,,,1,19,,662174,26,,,1,58,,662175,26,,,1,17,,662176,26,,,1,15,,662177,26,,,1,60,,662178,26,,,1,15,,662179,26,,,1,28,,662180,26,,,1,69,,662181,26,,,1,29,,662182,26,,,1,68,,662183,26,,,1,30,,662184,26,,,1,71,,662185,26,,,1,30,,662186,26,,,1,71,,662187,26,,,1,31,,662188,26,,,1,70,,662189,26,,,1,31,,662190,26,,,1,68,,662191,26,,,1,30,,662192,26,,,1,71,,662193,26,,,1,31,,662194,26,,,1,63,,662195,26,,,1,38,,662196,26,,,1,71,,662197,26,,,1,26,,662198,26,,,1,97,,662199,26,,,1,100,,662200,26,,,1,105,,662201,26,,,1,101,,662202,26,,,1,99,,662203,26,,,1,103,,662204,26,,,1
5401,'20260609',537,,662205,26,,,1,67,,662206,26,,,1,18,,662207,26,,,1,15,,662208,26,,,1,19,,662209,26,,,1,58,,662210,26,,,1,17,,662211,26,,,1,15,,662212,26,,,1,60,,662213,26,,,1,15,,662214,26,,,1,28,,662215,26,,,1,69,,662216,26,,,1,29,,662217,26,,,1,68,,662218,26,,,1,30,,662219,26,,,1,71,,662220,26,,,1,30,,662221,26,,,1,71,,662222,26,,,1,31,,662223,26,,,1,70,,662224,26,,,1,31,,662225,26,,,1,68,,662226,26,,,1,30,,662227,26,,,1,71,,662228,26,,,1,31,,662229,26,,,1,63,,662230,26,,,1,38,,662231,26,,,1,71,,662232,26,,,1,26,,662233,26,,,1,97,,662234,26,,,1,100,,662235,26,,,1,105,,662236,26,,,1,101,,662237,26,,,1,99,,662238,26,,,1,103,,662239,26,,,1
5401,'20260610',537,,662240,26,,,1,67,,662241,26,,,1,18,,662242,26,,,1,15,,662243,26,,,1,19,,662244,26,,,1,58,,662245,26,,,1,17,,662246,26,,,1,15,,662247,26,,,1,60,,662248,26,,,1,15,,662249,26,,,1,28,,662250,26,,,1,69,,662251,26,,,1,29,,662252,26,,,1,68,,662253,26,,,1,30,,662254,26,,,1,71,,662255,26,,,1,30,,662256,26,,,1,71,,662257,26,,,1,31,,662258,26,,,1,70,,662259,26,,,1,31,,662260,26,,,1,68,,662261,26,,,1,30,,662262,26,,,1,71,,662263,26,,,1,31,,662264,26,,,1,63,,662265,26,,,1,38,,662266,26,,,1,71,,662267,26,,,1,26,,662268,26,,,1,97,,662269,26,,,1,100,,662270,26,,,1,105,,662271,26,,,1,101,,662272,26,,,1,99,,662273,26,,,1,103,,662274,26,,,1
5401,'20260611',537,,662275,26,,,1,67,,662276,26,,,1,18,,662277,26,,,1,15,,662278,26,,,1,19,,662279,26,,,1,58,,662280,26,,,1,17,,662281,26,,,1,15,,662282,26,,,1,60,,662283,26,,,1,15,,662284,26,,,1,28,,662285,26,,,1,69,,662286,26,,,1,29,,662287,26,,,1,68,,662288,26,,,1,30,,662289,26,,,1,71,,662290,26,,,1,30,,662291,26,,,1,71,,662292,26,,,1,31,,662293,26,,,1,70,,662294,26,,,1,31,,662295,26,,,1,68,,662296,26,,,1,30,,662297,26,,,1,71,,662298,26,,,1,31,,662299,26,,,1,63,,662300,26,,,1,38,,662301,26,,,1,71,,662302,26,,,1,26,,662303,26,,,1,97,,662304,26,,,1,100,,662305,26,,,1,105,,662306,26,,,1,101,,662307,26,,,1,99,,662308,26,,,1,103,,662309,26,,,1
5401,'20260612',537,,605740,26,,,1,67,,605752,26,,,1,18,,605718,26,,,1,15,,605739,26,,,1,19,,605719,26,,,1,58,,605736,26,,,1,17,,605720,26,,,1,15,,605733,26,,,1,60,,605734,26,,,1,15,,605721,26,,,1,28,,605737,26,,,1,69,,605722,26,,,1,29,,605741,26,,,1,68,,605723,26,,,1,30,,605738,26,,,1,71,,605724,26,,,1,30,,605742,26,,,1,71,,605725,26,,,1,31,,605743,26,,,1,70,,605726,26,,,1,31,,605744,26,,,1,68,,605727,26,,,1,30,,605745,26,,,1,71,,605728,26,,,1,31,,605735,26,,,1,63,,605729,26,,,1,38,,605746,26,,,1,71,,605730,26,,,1,26,,605747,26,,,1,97,,605748,26,,,1,100,,605749,26,,,1,105,,605750,26,,,1,101,,605751,26,,,1,99,,605731,26,,,1,103,,605732,26,,,1
5401,'20260613',644,,639946,26,,,1,104,,639947,26,,,1,100,,639948,26,,,1,101,,639949,26,,,1,100,,639950,26,,,1,71,,639969,26,,,1,29,,639951,26,,,1,71,,639962,26,,,1,29,,639952,26,,,1,70,,639963,26,,,1,30,,639953,26,,,1,72,,639964,26,,,1,29,,639954,26,,,1,67,,639965,26,,,1,32,,639955,26,,,1,72,,639966,26,,,1,25,,639956,26,,,1,75,,639967,26,,,1,34,,639970,26,,,1,94,,639968,26,,,1,101,,639957,26,,,1,99,,639958,26,,,1,99,,639959,26,,,1,101,,639960,26,,,1,98,,639961,26,,,1
5401,'20260614',644,,639985,26,,,1,104,,639987,26,,,1,100,,639974,26,,,1,101,,639976,26,,,1,100,,639988,26,,,1,71,,639979,26,,,1,29,,639982,26,,,1,71,,639978,26,,,1,29,,639971,26,,,1,70,,639990,26,,,1,30,,639986,26,,,1,72,,639973,26,,,1,29,,639989,26,,,1,67,,639991,26,,,1,32,,639977,26,,,1,72,,639992,26,,,1,25,,639980,26,,,1,75,,639993,26,,,1,34,,639995,26,,,1,94,,639994,26,,,1,101,,639984,26,,,1,99,,639983,26,,,1,99,,639972,26,,,1,101,,639975,26,,,1,98,,639981,26,,,1
5401,'20260615',537,,640018,26,,,1,67,,640030,26,,,1,18,,639996,26,,,1,15,,640017,26,,,1,19,,639997,26,,,1,58,,640014,26,,,1,17,,639998,26,,,1,15,,640011,26,,,1,60,,640012,26,,,1,15,,639999,26,,,1,28,,640015,26,,,1,69,,640000,26,,,1,29,,640019,26,,,1,68,,640001,26,,,1,30,,640016,26,,,1,71,,640002,26,,,1,30,,640020,26,,,1,71,,640003,26,,,1,31,,640021,26,,,1,70,,640004,26,,,1,31,,640022,26,,,1,68,,640005,26,,,1,30,,640023,26,,,1,71,,640006,26,,,1,31,,640013,26,,,1,63,,640007,26,,,1,38,,640024,26,,,1,71,,640008,26,,,1,26,,640025,26,,,1,97,,640026,26,,,1,100,,640027,26,,,1,105,,640028,26,,,1,101,,640029,26,,,1,99,,640009,26,,,1,103,,640010,26,,,1
5401,'20260616',537,,640053,26,,,1,67,,640065,26,,,1,18,,640031,26,,,1,15,,640052,26,,,1,19,,640032,26,,,1,58,,640049,26,,,1,17,,640033,26,,,1,15,,640046,26,,,1,60,,640047,26,,,1,15,,640034,26,,,1,28,,640050,26,,,1,69,,640035,26,,,1,29,,640054,26,,,1,68,,640036,26,,,1,30,,640051,26,,,1,71,,640037,26,,,1,30,,640055,26,,,1,71,,640038,26,,,1,31,,640056,26,,,1,70,,640039,26,,,1,31,,640057,26,,,1,68,,640040,26,,,1,30,,640058,26,,,1,71,,640041,26,,,1,31,,640048,26,,,1,63,,640042,26,,,1,38,,640059,26,,,1,71,,640043,26,,,1,26,,640060,26,,,1,97,,640061,26,,,1,100,,640062,26,,,1,105,,640063,26,,,1,101,,640064,26,,,1,99,,640044,26,,,1,103,,640045,26,,,1
5401,'20260617',537,,662332,26,,,1,67,,662344,26,,,1,18,,662310,26,,,1,15,,662331,26,,,1,19,,662311,26,,,1,58,,662328,26,,,1,17,,662312,26,,,1,15,,662325,26,,,1,60,,662326,26,,,1,15,,662313,26,,,1,28,,662329,26,,,1,69,,662314,26,,,1,29,,662333,26,,,1,68,,662315,26,,,1,30,,662330,26,,,1,71,,662316,26,,,1,30,,662334,26,,,1,71,,662317,26,,,1,31,,662335,26,,,1,70,,662318,26,,,1,31,,662336,26,,,1,68,,662319,26,,,1,30,,662337,26,,,1,71,,662320,26,,,1,31,,662327,26,,,1,63,,662321,26,,,1,38,,662338,26,,,1,71,,662322,26,,,1,26,,662339,26,,,1,97,,662340,26,,,1,100,,662341,26,,,1,105,,662342,26,,,1,101,,662343,26,,,1,99,,662323,26,,,1,103,,662324,26,,,1
5401,'20260618',537,,662367,26,,,1,67,,662379,26,,,1,18,,662345,26,,,1,15,,662366,26,,,1,19,,662346,26,,,1,58,,662363,26,,,1,17,,662347,26,,,1,15,,662360,26,,,1,60,,662361,26,,,1,15,,662348,26,,,1,28,,662364,26,,,1,69,,662349,26,,,1,29,,662368,26,,,1,68,,662350,26,,,1,30,,662365,26,,,1,71,,662351,26,,,1,30,,662369,26,,,1,71,,662352,26,,,1,31,,662370,26,,,1,70,,662353,26,,,1,31,,662371,26,,,1,68,,662354,26,,,1,30,,662372,26,,,1,71,,662355,26,,,1,31,,662362,26,,,1,63,,662356,26,,,1,38,,662373,26,,,1,71,,662357,26,,,1,26,,662374,26,,,1,97,,662375,26,,,1,100,,662376,26,,,1,105,,662377,26,,,1,101,,662378,26,,,1,99,,662358,26,,,1,103,,662359,26,,,1
5401,'20260619',537,,662402,26,,,1,67,,662414,26,,,1,18,,662380,26,,,1,15,,662401,26,,,1,19,,662381,26,,,1,58,,662398,26,,,1,17,,662382,26,,,1,15,,662395,26,,,1,60,,662396,26,,,1,15,,662383,26,,,1,28,,662399,26,,,1,69,,662384,26,,,1,29,,662403,26,,,1,68,,662385,26,,,1,30,,662400,26,,,1,71,,662386,26,,,1,30,,662404,26,,,1,71,,662387,26,,,1,31,,662405,26,,,1,70,,662388,26,,,1,31,,662406,26,,,1,68,,662389,26,,,1,30,,662407,26,,,1,71,,662390,26,,,1,31,,662397,26,,,1,63,,662391,26,,,1,38,,662408,26,,,1,71,,662392,26,,,1,26,,662409,26,,,1,97,,662410,26,,,1,100,,662411,26,,,1,105,,662412,26,,,1,101,,662413,26,,,1,99,,662393,26,,,1,103,,662394,26,,,1
5501,'20260605',545,,640174,29,,,0,70,,640175,29,,,0,30,,640176,29,,,0,67,,640177,29,,,0,33,,640178,29,,,0,72,,640179,29,,,0,34,,640180,29,,,0,92,,640181,29,,,0,100,,640182,29,,,0,99,,640183,29,,,0,102,,640184,29,,,0,96,,640185,29,,,0,100,,640186,29,,,0,100,,640187,29,,,0,79,,640188,29,,,0,35,,640189,29,,,0,70,,640190,29,,,0,30,,640191,29,,,0,70,,640192,29,,,0,32,,640193,29,,,0,86,,640194,29,,,0,86,,640195,29,,,0,99,,640196,29,,,0,102,,640197,29,,,0,101,,640198,29,,,0
5501,'20260606',720,,662619,29,,,0,99,,662620,29,,,0,99,,662621,29,,,0,101,,662622,29,,,0,100,,662623,29,,,0,100,,662624,29,,,0,100,,662625,29,,,0,100,,662626,29,,,0,99,,662627,29,,,0,103,,662628,29,,,0,97,,662629,29,,,0,103,,662630,29,,,0,98,,662631,29,,,0,99,,662632,29,,,0,99,,662633,29,,,0,99,,662634,29,,,0,99,,662635,29,,,0
5501,'20260607',720,,662636,29,,,0,99,,662637,29,,,0,99,,662638,29,,,0,101,,662639,29,,,0,100,,662640,29,,,0,100,,662641,29,,,0,100,,662642,29,,,0,100,,662643,29,,,0,99,,662644,29,,,0,103,,662645,29,,,0,97,,662646,29,,,0,103,,662647,29,,,0,98,,662648,29,,,0,99,,662649,29,,,0,99,,662650,29,,,0,99,,662651,29,,,0,99,,662652,29,,,0
5501,'20260608',545,,662653,29,,,0,70,,662654,29,,,0,30,,662655,29,,,0,67,,662656,29,,,0,33,,662657,29,,,0,72,,662658,29,,,0,34,,662659,29,,,0,92,,662660,29,,,0,100,,662661,29,,,0,99,,662662,29,,,0,102,,662663,29,,,0,96,,662664,29,,,0,100,,662665,29,,,0,100,,662666,29,,,0,79,,662667,29,,,0,35,,662668,29,,,0,70,,662669,29,,,0,30,,662670,29,,,0,70,,662671,29,,,0,32,,662672,29,,,0,86,,662673,29,,,0,86,,662674,29,,,0,99,,662675,29,,,0,102,,662676,29,,,0,101,,662677,29,,,0
5501,'20260609',545,,662678,29,,,0,70,,662679,29,,,0,30,,662680,29,,,0,67,,662681,29,,,0,33,,662682,29,,,0,72,,662683,29,,,0,34,,662684,29,,,0,92,,662685,29,,,0,100,,662686,29,,,0,99,,662687,29,,,0,102,,662688,29,,,0,96,,662689,29,,,0,100,,662690,29,,,0,100,,662691,29,,,0,79,,662692,29,,,0,35,,662693,29,,,0,70,,662694,29,,,0,30,,662695,29,,,0,70,,662696,29,,,0,32,,662697,29,,,0,86,,662698,29,,,0,86,,662699,29,,,0,99,,662700,29,,,0,102,,662701,29,,,0,101,,662702,29,,,0
5501,'20260610',545,,662703,29,,,0,70,,662704,29,,,0,30,,662705,29,,,0,67,,662706,29,,,0,33,,662707,29,,,0,72,,662708,29,,,0,34,,662709,29,,,0,92,,662710,29,,,0,100,,662711,29,,,0,99,,662712,29,,,0,102,,662713,29,,,0,96,,662714,29,,,0,100,,662715,29,,,0,100,,662716,29,,,0,79,,662717,29,,,0,35,,662718,29,,,0,70,,662719,29,,,0,30,,662720,29,,,0,70,,662721,29,,,0,32,,662722,29,,,0,86,,662723,29,,,0,86,,662724,29,,,0,99,,662725,29,,,0,102,,662726,29,,,0,101,,662727,29,,,0
5501,'20260611',545,,662728,29,,,0,70,,662729,29,,,0,30,,662730,29,,,0,67,,662731,29,,,0,33,,662732,29,,,0,72,,662733,29,,,0,34,,662734,29,,,0,92,,662735,29,,,0,100,,662736,29,,,0,99,,662737,29,,,0,102,,662738,29,,,0,96,,662739,29,,,0,100,,662740,29,,,0,100,,662741,29,,,0,79,,662742,29,,,0,35,,662743,29,,,0,70,,662744,29,,,0,30,,662745,29,,,0,70,,662746,29,,,0,32,,662747,29,,,0,86,,662748,29,,,0,86,,662749,29,,,0,99,,662750,29,,,0,102,,662751,29,,,0,101,,662752,29,,,0
5501,'20260612',545,,606241,29,,,0,70,,606242,29,,,0,30,,606231,29,,,0,67,,606249,29,,,0,33,,606227,29,,,0,72,,606228,29,,,0,34,,606243,29,,,0,92,,606229,29,,,0,100,,606230,29,,,0,99,,606232,29,,,0,102,,606245,29,,,0,96,,606246,29,,,0,100,,606250,29,,,0,100,,606251,29,,,0,79,,606233,29,,,0,35,,606247,29,,,0,70,,606234,29,,,0,30,,606248,29,,,0,70,,606235,29,,,0,32,,606236,29,,,0,86,,606237,29,,,0,86,,606238,29,,,0,99,,606239,29,,,0,102,,606240,29,,,0,101,,606244,29,,,0
5501,'20260613',720,,640199,29,,,0,99,,640200,29,,,0,99,,640201,29,,,0,101,,640202,29,,,0,100,,640203,29,,,0,100,,640204,29,,,0,100,,640205,29,,,0,100,,640206,29,,,0,99,,640207,29,,,0,103,,640208,29,,,0,97,,640209,29,,,0,103,,640210,29,,,0,98,,640211,29,,,0,99,,640212,29,,,0,99,,640213,29,,,0,99,,640214,29,,,0,99,,640215,29,,,0
5501,'20260614',720,,640225,29,,,0,99,,640221,29,,,0,99,,640227,29,,,0,101,,640228,29,,,0,100,,640231,29,,,0,100,,640226,29,,,0,100,,640232,29,,,0,100,,640224,29,,,0,99,,640223,29,,,0,103,,640222,29,,,0,97,,640220,29,,,0,103,,640219,29,,,0,98,,640230,29,,,0,99,,640218,29,,,0,99,,640229,29,,,0,99,,640217,29,,,0,99,,640216,29,,,0
5501,'20260615',545,,640247,29,,,0,70,,640248,29,,,0,30,,640237,29,,,0,67,,640255,29,,,0,33,,640233,29,,,0,72,,640234,29,,,0,34,,640249,29,,,0,92,,640235,29,,,0,100,,640236,29,,,0,99,,640238,29,,,0,102,,640251,29,,,0,96,,640252,29,,,0,100,,640256,29,,,0,100,,640257,29,,,0,79,,640239,29,,,0,35,,640253,29,,,0,70,,640240,29,,,0,30,,640254,29,,,0,70,,640241,29,,,0,32,,640242,29,,,0,86,,640243,29,,,0,86,,640244,29,,,0,99,,640245,29,,,0,102,,640246,29,,,0,101,,640250,29,,,0
5501,'20260616',545,,640272,29,,,0,70,,640273,29,,,0,30,,640262,29,,,0,67,,640280,29,,,0,33,,640258,29,,,0,72,,640259,29,,,0,34,,640274,29,,,0,92,,640260,29,,,0,100,,640261,29,,,0,99,,640263,29,,,0,102,,640276,29,,,0,96,,640277,29,,,0,100,,640281,29,,,0,100,,640282,29,,,0,79,,640264,29,,,0,35,,640278,29,,,0,70,,640265,29,,,0,30,,640279,29,,,0,70,,640266,29,,,0,32,,640267,29,,,0,86,,640268,29,,,0,86,,640269,29,,,0,99,,640270,29,,,0,102,,640271,29,,,0,101,,640275,29,,,0
5501,'20260617',545,,662767,29,,,0,70,,662768,29,,,0,30,,662757,29,,,0,67,,662775,29,,,0,33,,662753,29,,,0,72,,662754,29,,,0,34,,662769,29,,,0,92,,662755,29,,,0,100,,662756,29,,,0,99,,662758,29,,,0,102,,662771,29,,,0,96,,662772,29,,,0,100,,662776,29,,,0,100,,662777,29,,,0,79,,662759,29,,,0,35,,662773,29,,,0,70,,662760,29,,,0,30,,662774,29,,,0,70,,662761,29,,,0,32,,662762,29,,,0,86,,662763,29,,,0,86,,662764,29,,,0,99,,662765,29,,,0,102,,662766,29,,,0,101,,662770,29,,,0
5501,'20260618',545,,662792,29,,,0,70,,662793,29,,,0,30,,662782,29,,,0,67,,662800,29,,,0,33,,662778,29,,,0,72,,662779,29,,,0,34,,662794,29,,,0,92,,662780,29,,,0,100,,662781,29,,,0,99,,662783,29,,,0,102,,662796,29,,,0,96,,662797,29,,,0,100,,662801,29,,,0,100,,662802,29,,,0,79,,662784,29,,,0,35,,662798,29,,,0,70,,662785,29,,,0,30,,662799,29,,,0,70,,662786,29,,,0,32,,662787,29,,,0,86,,662788,29,,,0,86,,662789,29,,,0,99,,662790,29,,,0,102,,662791,29,,,0,101,,662795,29,,,0
5501,'20260619',545,,662817,29,,,0,70,,662818,29,,,0,30,,662807,29,,,0,67,,662825,29,,,0,33,,662803,29,,,0,72,,662804,29,,,0,34,,662819,29,,,0,92,,662805,29,,,0,100,,662806,29,,,0,99,,662808,29,,,0,102,,662821,29,,,0,96,,662822,29,,,0,100,,662826,29,,,0,100,,662827,29,,,0,79,,662809,29,,,0,35,,662823,29,,,0,70,,662810,29,,,0,30,,662824,29,,,0,70,,662811,29,,,0,32,,662812,29,,,0,86,,662813,29,,,0,86,,662814,29,,,0,99,,662815,29,,,0,102,,662816,29,,,0,101,,662820,29,,,0
25401,'20260605',630,,645268,26,,,0,26,,645269,26,,,0,65,,645270,26,,,0,15,,645271,26,,,0,15,,645272,26,,,0,75,,645273,26,,,0
25401,'20260608',630,,672382,26,,,0,26,,672383,26,,,0,65,,672384,26,,,0,15,,672385,26,,,0,15,,672386,26,,,0,75,,672387,26,,,0
25401,'20260609',630,,672388,26,,,0,26,,672389,26,,,0,65,,672390,26,,,0,15,,672391,26,,,0,15,,672392,26,,,0,75,,672393,26,,,0
25401,'20260610',630,,672394,26,,,0,26,,672395,26,,,0,65,,672396,26,,,0,15,,672397,26,,,0,15,,672398,26,,,0,75,,672399,26,,,0
25401,'20260611',630,,672400,26,,,0,26,,672401,26,,,0,65,,672402,26,,,0,15,,672403,26,,,0,15,,672404,26,,,0,75,,672405,26,,,0
25401,'20260612',630,,617433,26,,,0,26,,617434,26,,,0,65,,617435,26,,,0,15,,617436,26,,,0,15,,617437,26,,,0,75,,617438,26,,,0
25401,'20260615',630,,645274,26,,,0,26,,645275,26,,,0,65,,645276,26,,,0,15,,645277,26,,,0,15,,645278,26,,,0,75,,645279,26,,,0
25401,'20260616',630,,645280,26,,,0,26,,645281,26,,,0,65,,645282,26,,,0,15,,645283,26,,,0,15,,645284,26,,,0,75,,645285,26,,,0
25401,'20260617',630,,672406,26,,,0,26,,672407,26,,,0,65,,672408,26,,,0,15,,672409,26,,,0,15,,672410,26,,,0,75,,672411,26,,,0
25401,'20260618',630,,672412,26,,,0,26,,672413,26,,,0,65,,672414,26,,,0,15,,672415,26,,,0,15,,672416,26,,,0,75,,672417,26,,,0
25401,'20260619',630,,672418,26,,,0,26,,672419,26,,,0,65,,672420,26,,,0,15,,672421,26,,,0,15,,672422,26,,,0,75,,672423,26,,,0
25501,'20260605',657,,645298,29,,,0,65,,645299,29,,,0,15,,645300,29,,,0,15,,645301,29,,,0
25501,'20260608',657,,672452,29,,,0,65,,672453,29,,,0,15,,672454,29,,,0,15,,672455,29,,,0
25501,'20260609',657,,672456,29,,,0,65,,672457,29,,,0,15,,672458,29,,,0,15,,672459,29,,,0
25501,'20260610',657,,672460,29,,,0,65,,672461,29,,,0,15,,672462,29,,,0,15,,672463,29,,,0
25501,'20260611',657,,672464,29,,,0,65,,672465,29,,,0,15,,672466,29,,,0,15,,672467,29,,,0
25501,'20260612',657,,617491,29,,,0,65,,617492,29,,,0,15,,617493,29,,,0,15,,617494,29,,,0
25501,'20260615',657,,645302,29,,,0,65,,645303,29,,,0,15,,645304,29,,,0,15,,645305,29,,,0
25501,'20260616',657,,645306,29,,,0,65,,645307,29,,,0,15,,645308,29,,,0,15,,645309,29,,,0
25501,'20260617',657,,672468,29,,,0,65,,672469,29,,,0,15,,672470,29,,,0,15,,672471,29,,,0
25501,'20260618',657,,672472,29,,,0,65,,672473,29,,,0,15,,672474,29,,,0,15,,672475,29,,,0
25501,'20260619',657,,672476,29,,,0,65,,672477,29,,,0,15,,672478,29,,,0,15,,672479,29,,,0
35401,'20260605',703,,645953,26,,,0,402,,645954,26,,,0
35401,'20260608',703,,673982,26,,,0,402,,673983,26,,,0
35401,'20260609',703,,673984,26,,,0,402,,673985,26,,,0
35401,'20260610',703,,673986,26,,,0,402,,673987,26,,,0
35401,'20260611',703,,673988,26,,,0,402,,673989,26,,,0
35401,'20260612',703,,619009,26,,,0,402,,619010,26,,,0
35401,'20260615',703,,645955,26,,,0,402,,645956,26,,,0
35401,'20260616',703,,645957,26,,,0,402,,645958,26,,,0
35401,'20260617',703,,673990,26,,,0,402,,673991,26,,,0
35401,'20260618',703,,673992,26,,,0,402,,673993,26,,,0
35401,'20260619',703,,673994,26,,,0,402,,673995,26,,,0
35501,'20260605',704,,645968,29,,,0,219,,645969,29,,,0
35501,'20260608',704,,674017,29,,,0,219,,674018,29,,,0
35501,'20260609',704,,674019,29,,,0,219,,674020,29,,,0
35501,'20260610',704,,674021,29,,,0,219,,674022,29,,,0
35501,'20260611',704,,674023,29,,,0,219,,674024,29,,,0
35501,'20260612',704,,619044,29,,,0,219,,619045,29,,,0
35501,'20260615',704,,645970,29,,,0,219,,645971,29,,,0
35501,'20260616',704,,645972,29,,,0,219,,645973,29,,,0
35501,'20260617',704,,674025,29,,,0,219,,674026,29,,,0
35501,'20260618',704,,674027,29,,,0,219,,674028,29,,,0
35501,'20260619',704,,674029,29,,,0,219,,674030,29,,,0
55401,'20260605',705,,646307,26,,,0,22,,646308,26,,,0
55401,'20260608',705,,674882,26,,,0,22,,674883,26,,,0
55401,'20260609',705,,674884,26,,,0,22,,674885,26,,,0
55401,'20260610',705,,674886,26,,,0,22,,674887,26,,,0
55401,'20260611',705,,674888,26,,,0,22,,674889,26,,,0
55401,'20260612',705,,619988,26,,,0,22,,619987,26,,,0
55401,'20260615',705,,646310,26,,,0,22,,646309,26,,,0
55401,'20260616',705,,646312,26,,,0,22,,646311,26,,,0
55401,'20260617',705,,674891,26,,,0,22,,674890,26,,,0
55401,'20260618',705,,674893,26,,,0,22,,674892,26,,,0
55401,'20260619',705,,674895,26,,,0,22,,674894,26,,,0
55501,'20260605',713,,646322,29,,,0,28,,646323,29,,,0
55501,'20260608',713,,674917,29,,,0,28,,674918,29,,,0
55501,'20260609',713,,674919,29,,,0,28,,674920,29,,,0
55501,'20260610',713,,674921,29,,,0,28,,674922,29,,,0
55501,'20260611',713,,674923,29,,,0,28,,674924,29,,,0
55501,'20260612',713,,620023,29,,,0,28,,620022,29,,,0
55501,'20260615',713,,646325,29,,,0,28,,646324,29,,,0
55501,'20260616',713,,646327,29,,,0,28,,646326,29,,,0
55501,'20260617',713,,674926,29,,,0,28,,674925,29,,,0
55501,'20260618',713,,674928,29,,,0,28,,674927,29,,,0
55501,'20260619',713,,674930,29,,,0,28,,674929,29,,,0
7005401,'20260608',902,,687795,18,,,0
7005401,'20260609',902,,687797,18,,,0
7005401,'20260610',902,,687799,18,,,0
7005401,'20260611',902,,687801,18,,,0
7005401,'20260612',902,,635159,18,,,0
7005401,'20260615',902,,653114,18,,,0
7005401,'20260616',902,,653116,18,,,0
7005401,'20260617',902,,687803,18,,,0
7005401,'20260618',902,,687805,18,,,0
7005401,'20260619',902,,687807,18,,,0
7005501,'20260608',902,,687822,29,,,0
7005501,'20260609',902,,687824,29,,,0
7005501,'20260610',902,,687826,29,,,0
7005501,'20260611',902,,687828,29,,,0
7005501,'20260612',902,,635186,29,,,0
7005501,'20260615',902,,653121,29,,,0
7005501,'20260616',902,,653123,29,,,0
7005501,'20260617',902,,687830,29,,,0
7005501,'20260618',902,,687832,29,,,0
7005501,'20260619',902,,687834,29,,,0
