9002,'20260331',644,,165342,27,,,0,66,,165343,27,,,0,34,,165344,27,,,0,76,,165345,27,,,0,20,,165341,14,,,0,2,,165346,27,,,0
9002,'20260401',644,,165348,27,,,0,66,,165349,27,,,0,34,,165350,27,,,0,76,,165351,27,,,0,20,,165347,14,,,0,2,,165352,27,,,0
9002,'20260402',644,,165354,27,,,0,66,,165355,27,,,0,34,,165356,27,,,0,76,,165357,27,,,0,20,,165353,14,,,0,2,,165358,27,,,0
9002,'20260407',644,,165359,27,,,0,66,,165360,27,,,0,34,,165363,27,,,0,76,,165361,27,,,0,20,,165364,14,,,0,2,,165362,27,,,0
9002,'20260408',644,,165365,27,,,0,66,,165366,27,,,0,34,,165369,27,,,0,76,,165367,27,,,0,20,,165370,14,,,0,2,,165368,27,,,0
9002,'20260409',644,,165371,27,,,0,66,,165372,27,,,0,34,,165375,27,,,0,76,,165373,27,,,0,20,,165376,14,,,0,2,,165374,27,,,0
9002,'20260410',644,,165377,27,,,0,66,,165378,27,,,0,34,,165381,27,,,0,76,,165379,27,,,0,20,,165382,14,,,0,2,,165380,27,,,0
9002,'20260413',644,,165383,27,,,0,66,,165384,27,,,0,34,,165387,27,,,0,76,,165385,27,,,0,20,,165388,14,,,0,2,,165386,27,,,0
9002,'20260414',644,,165389,27,,,0,66,,165390,27,,,0,34,,165393,27,,,0,76,,165391,27,,,0,20,,165394,14,,,0,2,,165392,27,,,0
99103,'20260403',2624,,188786,69,,,0,130,,188787,69,,,0
99103,'20260404',2624,,143226,69,,,0,130,,143227,69,,,0
99103,'20260410',2624,,188788,69,,,0,130,,188789,69,,,0
99103,'20260411',2624,,188790,69,,,0,130,,188791,69,,,0
7009003,'20260331',1611,,189163,39,,,0
7009003,'20260401',1611,,189165,39,,,0
7009003,'20260402',1611,,189167,39,,,0
7009003,'20260407',1611,,189169,39,,,0
7009003,'20260408',1611,,189171,39,,,0
7009003,'20260409',1611,,189173,39,,,0
7009003,'20260410',1611,,189175,39,,,0
7009003,'20260413',1611,,189177,39,,,0
7009003,'20260414',1611,,189179,39,,,0
