8500,'20260724',648,,1005991,17,,,0,70,,1005992,17,,,0,28,,1005993,17,,,0,71,,1005994,17,,,0,32,,1005995,17,,,0,370,,1005996,17,,,0
8500,'20260725',819,,1029660,17,,,0
8500,'20260726',819,,1029661,17,,,0
8500,'20260727',648,,1029662,17,,,0,70,,1029663,17,,,0,28,,1029664,17,,,0,71,,1029665,17,,,0,32,,1029666,17,,,0,370,,1029667,17,,,0
8500,'20260728',648,,1029668,17,,,0,70,,1029669,17,,,0,28,,1029670,17,,,0,71,,1029671,17,,,0,32,,1029672,17,,,0,370,,1029673,17,,,0
8500,'20260729',648,,1029674,17,,,0,70,,1029675,17,,,0,28,,1029676,17,,,0,71,,1029677,17,,,0,32,,1029678,17,,,0,370,,1029679,17,,,0
8500,'20260730',648,,1029680,17,,,0,70,,1029681,17,,,0,28,,1029682,17,,,0,71,,1029683,17,,,0,32,,1029684,17,,,0,370,,1029685,17,,,0
8500,'20260731',648,,982544,17,,,0,70,,982545,17,,,0,28,,982546,17,,,0,71,,982547,17,,,0,32,,982548,17,,,0,370,,982549,17,,,0
8500,'20260801',819,,1005997,17,,,0
8500,'20260802',819,,1005998,17,,,0
8500,'20260803',648,,1005999,17,,,0,70,,1006000,17,,,0,28,,1006001,17,,,0,71,,1006002,17,,,0,32,,1006003,17,,,0,370,,1006004,17,,,0
8500,'20260804',648,,1029686,17,,,0,70,,1029687,17,,,0,28,,1029688,17,,,0,71,,1029689,17,,,0,32,,1029690,17,,,0,370,,1029691,17,,,0
8500,'20260805',648,,1029692,17,,,0,70,,1029693,17,,,0,28,,1029694,17,,,0,71,,1029695,17,,,0,32,,1029696,17,,,0,370,,1029697,17,,,0
8500,'20260806',648,,1029698,17,,,0,70,,1029699,17,,,0,28,,1029700,17,,,0,71,,1029701,17,,,0,32,,1029702,17,,,0,370,,1029703,17,,,0
8500,'20260807',648,,1029704,17,,,0,70,,1029705,17,,,0,28,,1029706,17,,,0,71,,1029707,17,,,0,32,,1029708,17,,,0,370,,1029709,17,,,0
