301,'20260605',608,,635870,25,,,0,30,,635871,25,,,0,71,,635872,25,,,0,31,,635873,25,,,0,68,,635874,25,,,0,30,,635875,25,,,0,70,,635876,25,,,0,100,,635877,25,,,0,100,,635878,25,,,0,100,,635879,25,,,0,100,,635880,25,,,0,100,,635881,25,,,0,101,,635882,25,,,0,100,,635883,25,,,0,100,,635884,25,,,0,99,,635885,25,,,0,100,,635886,25,,,0,100,,635887,25,,,0,100,,635888,25,,,0,100,,635889,25,,,0,100,,635890,25,,,0
301,'20260606',708,,654225,25,,,0,100,,654226,25,,,0,100,,654227,25,,,0,100,,654228,25,,,0,100,,654229,25,,,0,100,,654230,25,,,0,100,,654231,25,,,0,100,,654232,25,,,0,100,,654233,25,,,0,100,,654234,25,,,0,100,,654235,25,,,0,100,,654236,25,,,0,100,,654237,25,,,0,100,,654238,25,,,0,100,,654239,25,,,0,100,,654240,25,,,0,100,,654241,25,,,0,100,,654242,25,,,0
301,'20260607',708,,654264,25,,,0,100,,654265,25,,,0,100,,654266,25,,,0,100,,654267,25,,,0,100,,654268,25,,,0,100,,654269,25,,,0,100,,654270,25,,,0,100,,654271,25,,,0,100,,654272,25,,,0,100,,654273,25,,,0,100,,654274,25,,,0,100,,654275,25,,,0,100,,654276,25,,,0,100,,654277,25,,,0,100,,654278,25,,,0,100,,654279,25,,,0,100,,654280,25,,,0,100,,654281,25,,,0
301,'20260608',608,,654305,25,,,0,30,,654306,25,,,0,71,,654307,25,,,0,31,,654308,25,,,0,68,,654309,25,,,0,30,,654310,25,,,0,70,,654311,25,,,0,100,,654312,25,,,0,100,,654313,25,,,0,100,,654314,25,,,0,100,,654315,25,,,0,100,,654316,25,,,0,101,,654317,25,,,0,100,,654318,25,,,0,100,,654319,25,,,0,99,,654320,25,,,0,100,,654321,25,,,0,100,,654322,25,,,0,100,,654323,25,,,0,100,,654324,25,,,0,100,,654325,25,,,0
301,'20260609',608,,654349,25,,,0,30,,654350,25,,,0,71,,654351,25,,,0,31,,654352,25,,,0,68,,654353,25,,,0,30,,654354,25,,,0,70,,654355,25,,,0,100,,654356,25,,,0,100,,654357,25,,,0,100,,654358,25,,,0,100,,654359,25,,,0,100,,654360,25,,,0,101,,654361,25,,,0,100,,654362,25,,,0,100,,654363,25,,,0,99,,654364,25,,,0,100,,654365,25,,,0,100,,654366,25,,,0,100,,654367,25,,,0,100,,654368,25,,,0,100,,654369,25,,,0
301,'20260610',608,,654393,25,,,0,30,,654394,25,,,0,71,,654395,25,,,0,31,,654396,25,,,0,68,,654397,25,,,0,30,,654398,25,,,0,70,,654399,25,,,0,100,,654400,25,,,0,100,,654401,25,,,0,100,,654402,25,,,0,100,,654403,25,,,0,100,,654404,25,,,0,101,,654405,25,,,0,100,,654406,25,,,0,100,,654407,25,,,0,99,,654408,25,,,0,100,,654409,25,,,0,100,,654410,25,,,0,100,,654411,25,,,0,100,,654412,25,,,0,100,,654413,25,,,0
301,'20260611',608,,654437,25,,,0,30,,654438,25,,,0,71,,654439,25,,,0,31,,654440,25,,,0,68,,654441,25,,,0,30,,654442,25,,,0,70,,654443,25,,,0,100,,654444,25,,,0,100,,654445,25,,,0,100,,654446,25,,,0,100,,654447,25,,,0,100,,654448,25,,,0,101,,654449,25,,,0,100,,654450,25,,,0,100,,654451,25,,,0,99,,654452,25,,,0,100,,654453,25,,,0,100,,654454,25,,,0,100,,654455,25,,,0,100,,654456,25,,,0,100,,654457,25,,,0
301,'20260612',608,,596694,25,,,0,30,,596695,25,,,0,71,,596696,25,,,0,31,,596697,25,,,0,68,,596698,25,,,0,30,,596699,25,,,0,70,,596700,25,,,0,100,,596701,25,,,0,100,,596702,25,,,0,100,,596703,25,,,0,100,,596704,25,,,0,100,,596705,25,,,0,101,,596706,25,,,0,100,,596707,25,,,0,100,,596708,25,,,0,99,,596709,25,,,0,100,,596710,25,,,0,100,,596711,25,,,0,100,,596712,25,,,0,100,,596713,25,,,0,100,,596714,25,,,0
301,'20260613',708,,635891,25,,,0,100,,635892,25,,,0,100,,635893,25,,,0,100,,635894,25,,,0,100,,635895,25,,,0,100,,635896,25,,,0,100,,635897,25,,,0,100,,635898,25,,,0,100,,635899,25,,,0,100,,635900,25,,,0,100,,635901,25,,,0,100,,635902,25,,,0,100,,635903,25,,,0,100,,635904,25,,,0,100,,635905,25,,,0,100,,635906,25,,,0,100,,635907,25,,,0,100,,635908,25,,,0
301,'20260614',708,,635930,25,,,0,100,,635931,25,,,0,100,,635932,25,,,0,100,,635933,25,,,0,100,,635934,25,,,0,100,,635935,25,,,0,100,,635936,25,,,0,100,,635937,25,,,0,100,,635938,25,,,0,100,,635939,25,,,0,100,,635940,25,,,0,100,,635941,25,,,0,100,,635942,25,,,0,100,,635943,25,,,0,100,,635944,25,,,0,100,,635945,25,,,0,100,,635946,25,,,0,100,,635947,25,,,0
301,'20260615',608,,635969,25,,,0,30,,635970,25,,,0,71,,635971,25,,,0,31,,635972,25,,,0,68,,635973,25,,,0,30,,635974,25,,,0,70,,635975,25,,,0,100,,635976,25,,,0,100,,635977,25,,,0,100,,635978,25,,,0,100,,635979,25,,,0,100,,635980,25,,,0,101,,635981,25,,,0,100,,635982,25,,,0,100,,635983,25,,,0,99,,635984,25,,,0,100,,635985,25,,,0,100,,635986,25,,,0,100,,635987,25,,,0,100,,635988,25,,,0,100,,635989,25,,,0
301,'20260616',608,,636013,25,,,0,30,,636014,25,,,0,71,,636015,25,,,0,31,,636016,25,,,0,68,,636017,25,,,0,30,,636018,25,,,0,70,,636019,25,,,0,100,,636020,25,,,0,100,,636021,25,,,0,100,,636022,25,,,0,100,,636023,25,,,0,100,,636024,25,,,0,101,,636025,25,,,0,100,,636026,25,,,0,100,,636027,25,,,0,99,,636028,25,,,0,100,,636029,25,,,0,100,,636030,25,,,0,100,,636031,25,,,0,100,,636032,25,,,0,100,,636033,25,,,0
301,'20260617',608,,654458,25,,,0,30,,654459,25,,,0,71,,654460,25,,,0,31,,654461,25,,,0,68,,654462,25,,,0,30,,654463,25,,,0,70,,654464,25,,,0,100,,654465,25,,,0,100,,654466,25,,,0,100,,654467,25,,,0,100,,654468,25,,,0,100,,654469,25,,,0,101,,654470,25,,,0,100,,654471,25,,,0,100,,654472,25,,,0,99,,654473,25,,,0,100,,654474,25,,,0,100,,654475,25,,,0,100,,654476,25,,,0,100,,654477,25,,,0,100,,654478,25,,,0
301,'20260618',608,,654502,25,,,0,30,,654503,25,,,0,71,,654504,25,,,0,31,,654505,25,,,0,68,,654506,25,,,0,30,,654507,25,,,0,70,,654508,25,,,0,100,,654509,25,,,0,100,,654510,25,,,0,100,,654511,25,,,0,100,,654512,25,,,0,100,,654513,25,,,0,101,,654514,25,,,0,100,,654515,25,,,0,100,,654516,25,,,0,99,,654517,25,,,0,100,,654518,25,,,0,100,,654519,25,,,0,100,,654520,25,,,0,100,,654521,25,,,0,100,,654522,25,,,0
301,'20260619',608,,654546,25,,,0,30,,654547,25,,,0,71,,654548,25,,,0,31,,654549,25,,,0,68,,654550,25,,,0,30,,654551,25,,,0,70,,654552,25,,,0,100,,654553,25,,,0,100,,654554,25,,,0,100,,654555,25,,,0,100,,654556,25,,,0,100,,654557,25,,,0,101,,654558,25,,,0,100,,654559,25,,,0,100,,654560,25,,,0,99,,654561,25,,,0,100,,654562,25,,,0,100,,654563,25,,,0,100,,654564,25,,,0,100,,654565,25,,,0,100,,654566,25,,,0
1008201,'20260605',1622,,653070,35,,,0
1008201,'20260608',1622,,687675,35,,,0
1008201,'20260609',1622,,687676,35,,,0
1008201,'20260610',1622,,687677,35,,,0
1008201,'20260611',1622,,687678,35,,,0
1008201,'20260612',1622,,635033,35,,,0
1008201,'20260615',1622,,653071,35,,,0
1008201,'20260616',1622,,653072,35,,,0
1008201,'20260617',1622,,687679,35,,,0
1008201,'20260618',1622,,687680,35,,,0
1008201,'20260619',1622,,687681,35,,,0
