6400,'20260522',922,,521904,39,,,0,100,,521905,39,,,0,100,,521906,39,,,0,101,,521907,39,,,0,100,,521908,39,,,0,100,,521909,39,,,0,100,,521910,39,,,0,301,,521911,39,,,0,100,,521912,39,,,0,101,,521913,39,,,0,100,,521914,39,,,0,100,,521915,39,,,0,102,,521916,39,,,0
6400,'20260523',825,,553760,39,,,0,99,,553761,39,,,0,99,,553762,39,,,0,100,,553763,39,,,0,100,,553764,39,,,0,99,,553765,39,,,0,100,,553766,39,,,0,100,,553767,39,,,0,100,,553768,39,,,0,100,,553769,39,,,0,101,,553770,39,,,0,101,,553771,39,,,0,100,,553772,39,,,0,101,,553773,39,,,0,100,,553774,39,,,0,100,,553775,39,,,0
6400,'20260524',825,,553776,39,,,0,99,,553777,39,,,0,99,,553778,39,,,0,100,,553779,39,,,0,100,,553780,39,,,0,99,,553781,39,,,0,100,,553782,39,,,0,100,,553783,39,,,0,100,,553784,39,,,0,100,,553785,39,,,0,101,,553786,39,,,0,101,,553787,39,,,0,100,,553788,39,,,0,101,,553789,39,,,0,100,,553790,39,,,0,100,,553791,39,,,0
6400,'20260525',922,,553792,39,,,0,100,,553793,39,,,0,100,,553794,39,,,0,101,,553795,39,,,0,100,,553796,39,,,0,100,,553797,39,,,0,100,,553798,39,,,0,301,,553799,39,,,0,100,,553800,39,,,0,101,,553801,39,,,0,100,,553802,39,,,0,100,,553803,39,,,0,102,,553804,39,,,0
6400,'20260526',922,,553805,39,,,0,100,,553806,39,,,0,100,,553807,39,,,0,101,,553808,39,,,0,100,,553809,39,,,0,100,,553810,39,,,0,100,,553811,39,,,0,301,,553812,39,,,0,100,,553813,39,,,0,101,,553814,39,,,0,100,,553815,39,,,0,100,,553816,39,,,0,102,,553817,39,,,0
6400,'20260527',922,,553818,39,,,0,100,,553819,39,,,0,100,,553820,39,,,0,101,,553821,39,,,0,100,,553822,39,,,0,100,,553823,39,,,0,100,,553824,39,,,0,301,,553825,39,,,0,100,,553826,39,,,0,101,,553827,39,,,0,100,,553828,39,,,0,100,,553829,39,,,0,102,,553830,39,,,0
6400,'20260528',922,,553831,39,,,0,100,,553832,39,,,0,100,,553833,39,,,0,101,,553834,39,,,0,100,,553835,39,,,0,100,,553836,39,,,0,100,,553837,39,,,0,301,,553838,39,,,0,100,,553839,39,,,0,101,,553840,39,,,0,100,,553841,39,,,0,100,,553842,39,,,0,102,,553843,39,,,0
6400,'20260529',922,,521917,39,,,0,100,,521918,39,,,0,100,,521919,39,,,0,101,,521920,39,,,0,100,,521921,39,,,0,100,,521922,39,,,0,100,,521923,39,,,0,301,,521924,39,,,0,100,,521925,39,,,0,101,,521926,39,,,0,100,,521927,39,,,0,100,,521928,39,,,0,102,,521929,39,,,0
6400,'20260530',825,,521930,39,,,0,99,,521931,39,,,0,99,,521932,39,,,0,100,,521933,39,,,0,100,,521934,39,,,0,99,,521935,39,,,0,100,,521936,39,,,0,100,,521937,39,,,0,100,,521938,39,,,0,100,,521939,39,,,0,101,,521940,39,,,0,101,,521941,39,,,0,100,,521942,39,,,0,101,,521943,39,,,0,100,,521944,39,,,0,100,,521945,39,,,0
6400,'20260531',825,,521946,39,,,0,99,,521947,39,,,0,99,,521948,39,,,0,100,,521949,39,,,0,100,,521950,39,,,0,99,,521951,39,,,0,100,,521952,39,,,0,100,,521953,39,,,0,100,,521954,39,,,0,100,,521955,39,,,0,101,,521956,39,,,0,101,,521957,39,,,0,100,,521958,39,,,0,101,,521959,39,,,0,100,,521960,39,,,0,100,,521961,39,,,0
6400,'20260601',922,,521962,39,,,0,100,,521963,39,,,0,100,,521964,39,,,0,101,,521965,39,,,0,100,,521966,39,,,0,100,,521967,39,,,0,100,,521968,39,,,0,301,,521969,39,,,0,100,,521970,39,,,0,101,,521971,39,,,0,100,,521972,39,,,0,100,,521973,39,,,0,102,,521974,39,,,0
6400,'20260602',922,,521975,39,,,0,100,,521976,39,,,0,100,,521977,39,,,0,101,,521978,39,,,0,100,,521979,39,,,0,100,,521980,39,,,0,100,,521981,39,,,0,301,,521982,39,,,0,100,,521983,39,,,0,101,,521984,39,,,0,100,,521985,39,,,0,100,,521986,39,,,0,102,,521987,39,,,0
6400,'20260603',922,,553844,39,,,0,100,,553845,39,,,0,100,,553846,39,,,0,101,,553847,39,,,0,100,,553848,39,,,0,100,,553849,39,,,0,100,,553850,39,,,0,301,,553851,39,,,0,100,,553852,39,,,0,101,,553853,39,,,0,100,,553854,39,,,0,100,,553855,39,,,0,102,,553856,39,,,0
6400,'20260604',922,,553857,39,,,0,100,,553858,39,,,0,100,,553859,39,,,0,101,,553860,39,,,0,100,,553861,39,,,0,100,,553862,39,,,0,100,,553863,39,,,0,301,,553864,39,,,0,100,,553865,39,,,0,101,,553866,39,,,0,100,,553867,39,,,0,100,,553868,39,,,0,102,,553869,39,,,0
6400,'20260605',922,,553870,39,,,0,100,,553871,39,,,0,100,,553872,39,,,0,101,,553873,39,,,0,100,,553874,39,,,0,100,,553875,39,,,0,100,,553876,39,,,0,301,,553877,39,,,0,100,,553878,39,,,0,101,,553879,39,,,0,100,,553880,39,,,0,100,,553881,39,,,0,102,,553882,39,,,0
6500,'20260522',1610,,522118,35,,,0,33,,522119,35,,,0,76,,522120,35,,,0,35,,522121,35,,,0,60,,522122,35,,,0
6500,'20260525',1610,,554017,35,,,0,33,,554018,35,,,0,76,,554019,35,,,0,35,,554020,35,,,0,60,,554021,35,,,0
6500,'20260526',1610,,554022,35,,,0,33,,554023,35,,,0,76,,554024,35,,,0,35,,554025,35,,,0,60,,554026,35,,,0
6500,'20260527',1610,,554027,35,,,0,33,,554028,35,,,0,76,,554029,35,,,0,35,,554030,35,,,0,60,,554031,35,,,0
6500,'20260528',1610,,554032,35,,,0,33,,554033,35,,,0,76,,554034,35,,,0,35,,554035,35,,,0,60,,554036,35,,,0
6500,'20260529',1610,,522123,35,,,0,33,,522124,35,,,0,76,,522125,35,,,0,35,,522126,35,,,0,60,,522127,35,,,0
6500,'20260601',1610,,522128,35,,,0,33,,522129,35,,,0,76,,522130,35,,,0,35,,522131,35,,,0,60,,522132,35,,,0
6500,'20260602',1610,,522133,35,,,0,33,,522134,35,,,0,76,,522135,35,,,0,35,,522136,35,,,0,60,,522137,35,,,0
6500,'20260603',1610,,554037,35,,,0,33,,554038,35,,,0,76,,554039,35,,,0,35,,554040,35,,,0,60,,554041,35,,,0
6500,'20260604',1610,,554042,35,,,0,33,,554043,35,,,0,76,,554044,35,,,0,35,,554045,35,,,0,60,,554046,35,,,0
6500,'20260605',1610,,554047,35,,,0,33,,554048,35,,,0,76,,554049,35,,,0,35,,554050,35,,,0,60,,554051,35,,,0
8200,'20260522',618,,525363,17,,,0,26,,525364,17,,,0,99,,525365,17,,,0,70,,525366,17,,,0,29,,525367,17,,,0,102,,525368,17,,,0,100,,525369,17,,,0,100,,525370,17,,,0,99,,525371,17,,,0,100,,525372,17,,,0,99,,525373,17,,,0,99,,525374,17,,,0,69,,525375,17,,,0,29,,525376,17,,,0,71,,525377,17,,,0,35,,525378,17,,,0,70,,525379,17,,,0,30,,525380,17,,,0,101,,525381,17,,,0,99,,525382,17,,,0,101,,525383,17,,,0,171,,525384,17,,,0
8200,'20260523',647,,557653,17,,,0,100,,557654,17,,,0,99,,557655,17,,,0,98,,557656,17,,,0,100,,557657,17,,,0,100,,557658,17,,,0,99,,557659,17,,,0,100,,557660,17,,,0,100,,557661,17,,,0,100,,557662,17,,,0,101,,557663,17,,,0,101,,557664,17,,,0,100,,557665,17,,,0,102,,557666,17,,,0,100,,557667,17,,,0,101,,557668,17,,,0,170,,557669,17,,,0,130,,557670,17,,,0
8200,'20260524',647,,557671,17,,,0,100,,557672,17,,,0,99,,557673,17,,,0,98,,557674,17,,,0,100,,557675,17,,,0,100,,557676,17,,,0,99,,557677,17,,,0,100,,557678,17,,,0,100,,557679,17,,,0,100,,557680,17,,,0,101,,557681,17,,,0,101,,557682,17,,,0,100,,557683,17,,,0,102,,557684,17,,,0,100,,557685,17,,,0,101,,557686,17,,,0,170,,557687,17,,,0,130,,557688,17,,,0
8200,'20260525',618,,557689,17,,,0,26,,557690,17,,,0,99,,557691,17,,,0,70,,557692,17,,,0,29,,557693,17,,,0,102,,557694,17,,,0,100,,557695,17,,,0,100,,557696,17,,,0,99,,557697,17,,,0,100,,557698,17,,,0,99,,557699,17,,,0,99,,557700,17,,,0,69,,557701,17,,,0,29,,557702,17,,,0,71,,557703,17,,,0,35,,557704,17,,,0,70,,557705,17,,,0,30,,557706,17,,,0,101,,557707,17,,,0,99,,557708,17,,,0,101,,557709,17,,,0,171,,557710,17,,,0
8200,'20260526',618,,557711,17,,,0,26,,557712,17,,,0,99,,557713,17,,,0,70,,557714,17,,,0,29,,557715,17,,,0,102,,557716,17,,,0,100,,557717,17,,,0,100,,557718,17,,,0,99,,557719,17,,,0,100,,557720,17,,,0,99,,557721,17,,,0,99,,557722,17,,,0,69,,557723,17,,,0,29,,557724,17,,,0,71,,557725,17,,,0,35,,557726,17,,,0,70,,557727,17,,,0,30,,557728,17,,,0,101,,557729,17,,,0,99,,557730,17,,,0,101,,557731,17,,,0,171,,557732,17,,,0
8200,'20260527',618,,557733,17,,,0,26,,557734,17,,,0,99,,557735,17,,,0,70,,557736,17,,,0,29,,557737,17,,,0,102,,557738,17,,,0,100,,557739,17,,,0,100,,557740,17,,,0,99,,557741,17,,,0,100,,557742,17,,,0,99,,557743,17,,,0,99,,557744,17,,,0,69,,557745,17,,,0,29,,557746,17,,,0,71,,557747,17,,,0,35,,557748,17,,,0,70,,557749,17,,,0,30,,557750,17,,,0,101,,557751,17,,,0,99,,557752,17,,,0,101,,557753,17,,,0,171,,557754,17,,,0
8200,'20260528',618,,557755,17,,,0,26,,557756,17,,,0,99,,557757,17,,,0,70,,557758,17,,,0,29,,557759,17,,,0,102,,557760,17,,,0,100,,557761,17,,,0,100,,557762,17,,,0,99,,557763,17,,,0,100,,557764,17,,,0,99,,557765,17,,,0,99,,557766,17,,,0,69,,557767,17,,,0,29,,557768,17,,,0,71,,557769,17,,,0,35,,557770,17,,,0,70,,557771,17,,,0,30,,557772,17,,,0,101,,557773,17,,,0,99,,557774,17,,,0,101,,557775,17,,,0,171,,557776,17,,,0
8200,'20260529',618,,525402,17,,,0,26,,525385,17,,,0,99,,525406,17,,,0,70,,525392,17,,,0,29,,525401,17,,,0,102,,525393,17,,,0,100,,525400,17,,,0,100,,525394,17,,,0,99,,525386,17,,,0,100,,525395,17,,,0,99,,525399,17,,,0,99,,525396,17,,,0,69,,525387,17,,,0,29,,525388,17,,,0,71,,525389,17,,,0,35,,525390,17,,,0,70,,525397,17,,,0,30,,525398,17,,,0,101,,525404,17,,,0,99,,525403,17,,,0,101,,525405,17,,,0,171,,525391,17,,,0
8200,'20260530',647,,525421,17,,,0,100,,525407,17,,,0,99,,525411,17,,,0,98,,525412,17,,,0,100,,525419,17,,,0,100,,525413,17,,,0,99,,525408,17,,,0,100,,525414,17,,,0,100,,525420,17,,,0,100,,525415,17,,,0,101,,525423,17,,,0,101,,525409,17,,,0,100,,525416,17,,,0,102,,525418,17,,,0,100,,525422,17,,,0,101,,525417,17,,,0,170,,525410,17,,,0,130,,525424,17,,,0
8200,'20260531',647,,525437,17,,,0,100,,525438,17,,,0,99,,525434,17,,,0,98,,525439,17,,,0,100,,525433,17,,,0,100,,525435,17,,,0,99,,525428,17,,,0,100,,525425,17,,,0,100,,525431,17,,,0,100,,525432,17,,,0,101,,525441,17,,,0,101,,525429,17,,,0,100,,525426,17,,,0,102,,525436,17,,,0,100,,525440,17,,,0,101,,525427,17,,,0,170,,525430,17,,,0,130,,525442,17,,,0
8200,'20260601',618,,525460,17,,,0,26,,525443,17,,,0,99,,525464,17,,,0,70,,525450,17,,,0,29,,525459,17,,,0,102,,525451,17,,,0,100,,525458,17,,,0,100,,525452,17,,,0,99,,525444,17,,,0,100,,525453,17,,,0,99,,525457,17,,,0,99,,525454,17,,,0,69,,525445,17,,,0,29,,525446,17,,,0,71,,525447,17,,,0,35,,525448,17,,,0,70,,525455,17,,,0,30,,525456,17,,,0,101,,525462,17,,,0,99,,525461,17,,,0,101,,525463,17,,,0,171,,525449,17,,,0
8200,'20260602',618,,525482,17,,,0,26,,525465,17,,,0,99,,525486,17,,,0,70,,525472,17,,,0,29,,525481,17,,,0,102,,525473,17,,,0,100,,525480,17,,,0,100,,525474,17,,,0,99,,525466,17,,,0,100,,525475,17,,,0,99,,525479,17,,,0,99,,525476,17,,,0,69,,525467,17,,,0,29,,525468,17,,,0,71,,525469,17,,,0,35,,525470,17,,,0,70,,525477,17,,,0,30,,525478,17,,,0,101,,525484,17,,,0,99,,525483,17,,,0,101,,525485,17,,,0,171,,525471,17,,,0
8200,'20260603',618,,557794,17,,,0,26,,557777,17,,,0,99,,557798,17,,,0,70,,557784,17,,,0,29,,557793,17,,,0,102,,557785,17,,,0,100,,557792,17,,,0,100,,557786,17,,,0,99,,557778,17,,,0,100,,557787,17,,,0,99,,557791,17,,,0,99,,557788,17,,,0,69,,557779,17,,,0,29,,557780,17,,,0,71,,557781,17,,,0,35,,557782,17,,,0,70,,557789,17,,,0,30,,557790,17,,,0,101,,557796,17,,,0,99,,557795,17,,,0,101,,557797,17,,,0,171,,557783,17,,,0
8200,'20260604',618,,557816,17,,,0,26,,557799,17,,,0,99,,557820,17,,,0,70,,557806,17,,,0,29,,557815,17,,,0,102,,557807,17,,,0,100,,557814,17,,,0,100,,557808,17,,,0,99,,557800,17,,,0,100,,557809,17,,,0,99,,557813,17,,,0,99,,557810,17,,,0,69,,557801,17,,,0,29,,557802,17,,,0,71,,557803,17,,,0,35,,557804,17,,,0,70,,557811,17,,,0,30,,557812,17,,,0,101,,557818,17,,,0,99,,557817,17,,,0,101,,557819,17,,,0,171,,557805,17,,,0
8200,'20260605',618,,557838,17,,,0,26,,557821,17,,,0,99,,557842,17,,,0,70,,557828,17,,,0,29,,557837,17,,,0,102,,557829,17,,,0,100,,557836,17,,,0,100,,557830,17,,,0,99,,557822,17,,,0,100,,557831,17,,,0,99,,557835,17,,,0,99,,557832,17,,,0,69,,557823,17,,,0,29,,557824,17,,,0,71,,557825,17,,,0,35,,557826,17,,,0,70,,557833,17,,,0,30,,557834,17,,,0,101,,557840,17,,,0,99,,557839,17,,,0,101,,557841,17,,,0,171,,557827,17,,,0
18500,'20260522',916,,528335,17,,,0,626,,528336,25,,,0,102,,528337,25,,,0,81,,528338,25,,,0,23,,528339,25,,,0,86,,528340,25,,,0
18500,'20260525',916,,561059,17,,,0,626,,561060,25,,,0,102,,561061,25,,,0,81,,561062,25,,,0,23,,561063,25,,,0,86,,561064,25,,,0
18500,'20260526',916,,561065,17,,,0,626,,561066,25,,,0,102,,561067,25,,,0,81,,561068,25,,,0,23,,561069,25,,,0,86,,561070,25,,,0
18500,'20260527',916,,561071,17,,,0,626,,561072,25,,,0,102,,561073,25,,,0,81,,561074,25,,,0,23,,561075,25,,,0,86,,561076,25,,,0
18500,'20260528',916,,561077,17,,,0,626,,561078,25,,,0,102,,561079,25,,,0,81,,561080,25,,,0,23,,561081,25,,,0,86,,561082,25,,,0
18500,'20260529',916,,528345,17,,,0,626,,528341,25,,,0,102,,528342,25,,,0,81,,528343,25,,,0,23,,528344,25,,,0,86,,528346,25,,,0
18500,'20260601',916,,528351,17,,,0,626,,528347,25,,,0,102,,528348,25,,,0,81,,528349,25,,,0,23,,528350,25,,,0,86,,528352,25,,,0
18500,'20260602',916,,528357,17,,,0,626,,528353,25,,,0,102,,528354,25,,,0,81,,528355,25,,,0,23,,528356,25,,,0,86,,528358,25,,,0
18500,'20260603',916,,561087,17,,,0,626,,561083,25,,,0,102,,561084,25,,,0,81,,561085,25,,,0,23,,561086,25,,,0,86,,561088,25,,,0
18500,'20260604',916,,561093,17,,,0,626,,561089,25,,,0,102,,561090,25,,,0,81,,561091,25,,,0,23,,561092,25,,,0,86,,561094,25,,,0
18500,'20260605',916,,561099,17,,,0,626,,561095,25,,,0,102,,561096,25,,,0,81,,561097,25,,,0,23,,561098,25,,,0,86,,561100,25,,,0
98200,'20260522',2546,,542192,20,,,0
98200,'20260523',2546,,576932,20,,,0
98200,'20260529',2546,,542193,20,,,0
98200,'20260530',2546,,542194,20,,,0
98200,'20260605',2546,,576933,20,,,0
1008200,'20260522',753,,542248,4,,,0
1008200,'20260525',753,,576986,4,,,0
1008200,'20260526',753,,576987,4,,,0
1008200,'20260527',753,,576988,4,,,0
1008200,'20260528',753,,576989,4,,,0
1008200,'20260529',753,,542249,4,,,0
1008200,'20260601',753,,542250,4,,,0
1008200,'20260602',753,,542251,4,,,0
1008200,'20260603',753,,576990,4,,,0
1008200,'20260604',753,,576991,4,,,0
1008200,'20260605',753,,576992,4,,,0
