69003,'20260526',708,,564757,7,,,0,29,,564758,7,,,0
69003,'20260527',708,,564759,7,,,0,29,,564760,7,,,0
69003,'20260528',708,,564761,7,,,0,29,,564762,7,,,0
69003,'20260529',708,,588518,7,,,0,29,,588519,7,,,0
69003,'20260601',708,,531440,7,,,0,29,,531441,7,,,0
69003,'20260602',708,,531442,7,,,0,29,,531443,7,,,0
69003,'20260603',708,,564763,7,,,0,29,,564764,7,,,0
69003,'20260604',708,,564765,7,,,0,29,,564766,7,,,0
69003,'20260605',708,,564767,7,,,0,29,,564768,7,,,0
69003,'20260608',708,,588520,7,,,0,29,,588521,7,,,0
69003,'20260609',708,,588522,7,,,0,29,,588523,7,,,0
