8500,'20260630',654,,829032,25,,,0,70,,829033,25,,,0,28,,829034,25,,,0,70,,829035,25,,,0,32,,829036,25,,,0,370,,829037,25,,,0
8500,'20260701',823,,829038,25,,,0
8500,'20260702',654,,829039,25,,,0,70,,829040,25,,,0,28,,829041,25,,,0,70,,829042,25,,,0,32,,829043,25,,,0,370,,829044,25,,,0
8500,'20260703',654,,853107,25,,,0,70,,853108,25,,,0,28,,853109,25,,,0,70,,853110,25,,,0,32,,853111,25,,,0,370,,853112,25,,,0
8500,'20260704',823,,803649,25,,,0
8500,'20260705',823,,803650,25,,,0
8500,'20260706',654,,803651,25,,,0,70,,803652,25,,,0,28,,803653,25,,,0,70,,803654,25,,,0,32,,803655,25,,,0,370,,803656,25,,,0
8500,'20260707',654,,803657,25,,,0,70,,803658,25,,,0,28,,803659,25,,,0,70,,803660,25,,,0,32,,803661,25,,,0,370,,803662,25,,,0
8500,'20260708',654,,829045,25,,,0,70,,829046,25,,,0,28,,829047,25,,,0,70,,829048,25,,,0,32,,829049,25,,,0,370,,829050,25,,,0
8500,'20260709',654,,829051,25,,,0,70,,829052,25,,,0,28,,829053,25,,,0,70,,829054,25,,,0,32,,829055,25,,,0,370,,829056,25,,,0
8500,'20260710',654,,829057,25,,,0,70,,829058,25,,,0,28,,829059,25,,,0,70,,829060,25,,,0,32,,829061,25,,,0,370,,829062,25,,,0
8500,'20260711',823,,853113,25,,,0
8500,'20260712',823,,853114,25,,,0
8500,'20260713',654,,853115,25,,,0,70,,853116,25,,,0,28,,853117,25,,,0,70,,853118,25,,,0,32,,853119,25,,,0,370,,853120,25,,,0
8500,'20260714',654,,853121,25,,,0,70,,853122,25,,,0,28,,853123,25,,,0,70,,853124,25,,,0,32,,853125,25,,,0,370,,853126,25,,,0
