6400,'20260724',902,,1004066,6,,,0,99,,1004067,6,,,0,100,,1004068,6,,,0,100,,1004069,6,,,0,100,,1004070,6,,,0,100,,1004071,6,,,0,99,,1004072,6,,,0,304,,1004073,6,,,0,101,,1004074,6,,,0,100,,1004075,6,,,0,100,,1004076,6,,,0,101,,1004077,6,,,0,103,,1004078,6,,,0
6400,'20260725',806,,1024576,6,,,0,99,,1024577,6,,,0,98,,1024578,6,,,0,99,,1024579,6,,,0,101,,1024580,6,,,0,97,,1024581,6,,,0,100,,1024582,6,,,0,100,,1024583,6,,,0,100,,1024584,6,,,0,100,,1024585,6,,,0,103,,1024586,6,,,0,101,,1024587,6,,,0,102,,1024588,6,,,0,101,,1024589,6,,,0,100,,1024590,6,,,0,100,,1024591,6,,,0
6400,'20260726',806,,1024592,6,,,0,99,,1024593,6,,,0,98,,1024594,6,,,0,99,,1024595,6,,,0,101,,1024596,6,,,0,97,,1024597,6,,,0,100,,1024598,6,,,0,100,,1024599,6,,,0,100,,1024600,6,,,0,100,,1024601,6,,,0,103,,1024602,6,,,0,101,,1024603,6,,,0,102,,1024604,6,,,0,101,,1024605,6,,,0,100,,1024606,6,,,0,100,,1024607,6,,,0
6400,'20260727',902,,1024608,6,,,0,99,,1024609,6,,,0,100,,1024610,6,,,0,100,,1024611,6,,,0,100,,1024612,6,,,0,100,,1024613,6,,,0,99,,1024614,6,,,0,304,,1024615,6,,,0,101,,1024616,6,,,0,100,,1024617,6,,,0,100,,1024618,6,,,0,101,,1024619,6,,,0,103,,1024620,6,,,0
6400,'20260728',902,,1024621,6,,,0,99,,1024622,6,,,0,100,,1024623,6,,,0,100,,1024624,6,,,0,100,,1024625,6,,,0,100,,1024626,6,,,0,99,,1024627,6,,,0,304,,1024628,6,,,0,101,,1024629,6,,,0,100,,1024630,6,,,0,100,,1024631,6,,,0,101,,1024632,6,,,0,103,,1024633,6,,,0
6400,'20260729',902,,1024634,6,,,0,99,,1024635,6,,,0,100,,1024636,6,,,0,100,,1024637,6,,,0,100,,1024638,6,,,0,100,,1024639,6,,,0,99,,1024640,6,,,0,304,,1024641,6,,,0,101,,1024642,6,,,0,100,,1024643,6,,,0,100,,1024644,6,,,0,101,,1024645,6,,,0,103,,1024646,6,,,0
6400,'20260730',902,,1024647,6,,,0,99,,1024648,6,,,0,100,,1024649,6,,,0,100,,1024650,6,,,0,100,,1024651,6,,,0,100,,1024652,6,,,0,99,,1024653,6,,,0,304,,1024654,6,,,0,101,,1024655,6,,,0,100,,1024656,6,,,0,100,,1024657,6,,,0,101,,1024658,6,,,0,103,,1024659,6,,,0
6400,'20260731',902,,978054,6,,,0,99,,978055,6,,,0,100,,978056,6,,,0,100,,978057,6,,,0,100,,978058,6,,,0,100,,978059,6,,,0,99,,978060,6,,,0,304,,978061,6,,,0,101,,978062,6,,,0,100,,978063,6,,,0,100,,978064,6,,,0,101,,978065,6,,,0,103,,978066,6,,,0
6400,'20260801',806,,1004079,6,,,0,99,,1004080,6,,,0,98,,1004081,6,,,0,99,,1004082,6,,,0,101,,1004083,6,,,0,97,,1004084,6,,,0,100,,1004085,6,,,0,100,,1004086,6,,,0,100,,1004087,6,,,0,100,,1004088,6,,,0,103,,1004089,6,,,0,101,,1004090,6,,,0,102,,1004091,6,,,0,101,,1004092,6,,,0,100,,1004093,6,,,0,100,,1004094,6,,,0
6400,'20260802',806,,1004095,6,,,0,99,,1004096,6,,,0,98,,1004097,6,,,0,99,,1004098,6,,,0,101,,1004099,6,,,0,97,,1004100,6,,,0,100,,1004101,6,,,0,100,,1004102,6,,,0,100,,1004103,6,,,0,100,,1004104,6,,,0,103,,1004105,6,,,0,101,,1004106,6,,,0,102,,1004107,6,,,0,101,,1004108,6,,,0,100,,1004109,6,,,0,100,,1004110,6,,,0
6400,'20260803',902,,1004111,6,,,0,99,,1004112,6,,,0,100,,1004113,6,,,0,100,,1004114,6,,,0,100,,1004115,6,,,0,100,,1004116,6,,,0,99,,1004117,6,,,0,304,,1004118,6,,,0,101,,1004119,6,,,0,100,,1004120,6,,,0,100,,1004121,6,,,0,101,,1004122,6,,,0,103,,1004123,6,,,0
6400,'20260804',902,,1024660,6,,,0,99,,1024661,6,,,0,100,,1024662,6,,,0,100,,1024663,6,,,0,100,,1024664,6,,,0,100,,1024665,6,,,0,99,,1024666,6,,,0,304,,1024667,6,,,0,101,,1024668,6,,,0,100,,1024669,6,,,0,100,,1024670,6,,,0,101,,1024671,6,,,0,103,,1024672,6,,,0
6400,'20260805',902,,1024673,6,,,0,99,,1024674,6,,,0,100,,1024675,6,,,0,100,,1024676,6,,,0,100,,1024677,6,,,0,100,,1024678,6,,,0,99,,1024679,6,,,0,304,,1024680,6,,,0,101,,1024681,6,,,0,100,,1024682,6,,,0,100,,1024683,6,,,0,101,,1024684,6,,,0,103,,1024685,6,,,0
6400,'20260806',902,,1024686,6,,,0,99,,1024687,6,,,0,100,,1024688,6,,,0,100,,1024689,6,,,0,100,,1024690,6,,,0,100,,1024691,6,,,0,99,,1024692,6,,,0,304,,1024693,6,,,0,101,,1024694,6,,,0,100,,1024695,6,,,0,100,,1024696,6,,,0,101,,1024697,6,,,0,103,,1024698,6,,,0
6400,'20260807',902,,1024699,6,,,0,99,,1024700,6,,,0,100,,1024701,6,,,0,100,,1024702,6,,,0,100,,1024703,6,,,0,100,,1024704,6,,,0,99,,1024705,6,,,0,304,,1024706,6,,,0,101,,1024707,6,,,0,100,,1024708,6,,,0,100,,1024709,6,,,0,101,,1024710,6,,,0,103,,1024711,6,,,0
6500,'20260724',1602,,1004188,6,,,0,33,,1004189,6,,,0,81,,1004190,6,,,0,32,,1004191,6,,,0,56,,1004192,6,,,0
6500,'20260727',1602,,1024860,6,,,0,33,,1024861,6,,,0,81,,1024862,6,,,0,32,,1024863,6,,,0,56,,1024864,6,,,0
6500,'20260728',1602,,1024865,6,,,0,33,,1024866,6,,,0,81,,1024867,6,,,0,32,,1024868,6,,,0,56,,1024869,6,,,0
6500,'20260729',1602,,1024870,6,,,0,33,,1024871,6,,,0,81,,1024872,6,,,0,32,,1024873,6,,,0,56,,1024874,6,,,0
6500,'20260730',1602,,1024875,6,,,0,33,,1024876,6,,,0,81,,1024877,6,,,0,32,,1024878,6,,,0,56,,1024879,6,,,0
6500,'20260731',1602,,978231,6,,,0,33,,978232,6,,,0,81,,978233,6,,,0,32,,978234,6,,,0,56,,978235,6,,,0
6500,'20260803',1602,,1004193,6,,,0,33,,1004194,6,,,0,81,,1004195,6,,,0,32,,1004196,6,,,0,56,,1004197,6,,,0
6500,'20260804',1602,,1024880,6,,,0,33,,1024881,6,,,0,81,,1024882,6,,,0,32,,1024883,6,,,0,56,,1024884,6,,,0
6500,'20260805',1602,,1024885,6,,,0,33,,1024886,6,,,0,81,,1024887,6,,,0,32,,1024888,6,,,0,56,,1024889,6,,,0
6500,'20260806',1602,,1024890,6,,,0,33,,1024891,6,,,0,81,,1024892,6,,,0,32,,1024893,6,,,0,56,,1024894,6,,,0
6500,'20260807',1602,,1024895,6,,,0,33,,1024896,6,,,0,81,,1024897,6,,,0,32,,1024898,6,,,0,56,,1024899,6,,,0
8200,'20260724',608,,1005683,6,,,0,26,,1005684,6,,,0,98,,1005685,6,,,0,70,,1005686,6,,,0,30,,1005687,6,,,0,103,,1005688,6,,,0,100,,1005689,6,,,0,99,,1005690,6,,,0,99,,1005691,6,,,0,100,,1005692,6,,,0,99,,1005693,6,,,0,98,,1005694,6,,,0,29,,1005695,6,,,0,69,,1005696,6,,,0,31,,1005697,6,,,0,76,,1005698,6,,,0,71,,1005699,6,,,0,31,,1005700,6,,,0,101,,1005701,6,,,0,99,,1005702,6,,,0,101,,1005703,6,,,0,171,,1005704,6,,,0
8200,'20260725',639,,1028848,6,,,0,100,,1028849,6,,,0,99,,1028850,6,,,0,98,,1028851,6,,,0,100,,1028852,6,,,0,100,,1028853,6,,,0,98,,1028854,6,,,0,100,,1028855,6,,,0,100,,1028856,6,,,0,100,,1028857,6,,,0,101,,1028858,6,,,0,102,,1028859,6,,,0,100,,1028860,6,,,0,102,,1028861,6,,,0,100,,1028862,6,,,0,101,,1028863,6,,,0,171,,1028864,6,,,0,130,,1028865,6,,,0
8200,'20260726',639,,1028866,6,,,0,100,,1028867,6,,,0,99,,1028868,6,,,0,98,,1028869,6,,,0,100,,1028870,6,,,0,100,,1028871,6,,,0,98,,1028872,6,,,0,100,,1028873,6,,,0,100,,1028874,6,,,0,100,,1028875,6,,,0,101,,1028876,6,,,0,102,,1028877,6,,,0,100,,1028878,6,,,0,102,,1028879,6,,,0,100,,1028880,6,,,0,101,,1028881,6,,,0,171,,1028882,6,,,0,130,,1028883,6,,,0
8200,'20260727',608,,1028884,6,,,0,26,,1028885,6,,,0,98,,1028886,6,,,0,70,,1028887,6,,,0,30,,1028888,6,,,0,103,,1028889,6,,,0,100,,1028890,6,,,0,99,,1028891,6,,,0,99,,1028892,6,,,0,100,,1028893,6,,,0,99,,1028894,6,,,0,98,,1028895,6,,,0,29,,1028896,6,,,0,69,,1028897,6,,,0,31,,1028898,6,,,0,76,,1028899,6,,,0,71,,1028900,6,,,0,31,,1028901,6,,,0,101,,1028902,6,,,0,99,,1028903,6,,,0,101,,1028904,6,,,0,171,,1028905,6,,,0
8200,'20260728',608,,1028906,6,,,0,26,,1028907,6,,,0,98,,1028908,6,,,0,70,,1028909,6,,,0,30,,1028910,6,,,0,103,,1028911,6,,,0,100,,1028912,6,,,0,99,,1028913,6,,,0,99,,1028914,6,,,0,100,,1028915,6,,,0,99,,1028916,6,,,0,98,,1028917,6,,,0,29,,1028918,6,,,0,69,,1028919,6,,,0,31,,1028920,6,,,0,76,,1028921,6,,,0,71,,1028922,6,,,0,31,,1028923,6,,,0,101,,1028924,6,,,0,99,,1028925,6,,,0,101,,1028926,6,,,0,171,,1028927,6,,,0
8200,'20260729',608,,1028928,6,,,0,26,,1028929,6,,,0,98,,1028930,6,,,0,70,,1028931,6,,,0,30,,1028932,6,,,0,103,,1028933,6,,,0,100,,1028934,6,,,0,99,,1028935,6,,,0,99,,1028936,6,,,0,100,,1028937,6,,,0,99,,1028938,6,,,0,98,,1028939,6,,,0,29,,1028940,6,,,0,69,,1028941,6,,,0,31,,1028942,6,,,0,76,,1028943,6,,,0,71,,1028944,6,,,0,31,,1028945,6,,,0,101,,1028946,6,,,0,99,,1028947,6,,,0,101,,1028948,6,,,0,171,,1028949,6,,,0
8200,'20260730',608,,1028950,6,,,0,26,,1028951,6,,,0,98,,1028952,6,,,0,70,,1028953,6,,,0,30,,1028954,6,,,0,103,,1028955,6,,,0,100,,1028956,6,,,0,99,,1028957,6,,,0,99,,1028958,6,,,0,100,,1028959,6,,,0,99,,1028960,6,,,0,98,,1028961,6,,,0,29,,1028962,6,,,0,69,,1028963,6,,,0,31,,1028964,6,,,0,76,,1028965,6,,,0,71,,1028966,6,,,0,31,,1028967,6,,,0,101,,1028968,6,,,0,99,,1028969,6,,,0,101,,1028970,6,,,0,171,,1028971,6,,,0
8200,'20260731',608,,981963,6,,,0,26,,981946,6,,,0,98,,981967,6,,,0,70,,981953,6,,,0,30,,981962,6,,,0,103,,981954,6,,,0,100,,981961,6,,,0,99,,981955,6,,,0,99,,981947,6,,,0,100,,981956,6,,,0,99,,981960,6,,,0,98,,981957,6,,,0,29,,981948,6,,,0,69,,981949,6,,,0,31,,981950,6,,,0,76,,981951,6,,,0,71,,981958,6,,,0,31,,981959,6,,,0,101,,981965,6,,,0,99,,981964,6,,,0,101,,981966,6,,,0,171,,981952,6,,,0
8200,'20260801',639,,1005719,6,,,0,100,,1005705,6,,,0,99,,1005709,6,,,0,98,,1005710,6,,,0,100,,1005717,6,,,0,100,,1005711,6,,,0,98,,1005706,6,,,0,100,,1005712,6,,,0,100,,1005718,6,,,0,100,,1005713,6,,,0,101,,1005721,6,,,0,102,,1005707,6,,,0,100,,1005714,6,,,0,102,,1005716,6,,,0,100,,1005720,6,,,0,101,,1005715,6,,,0,171,,1005708,6,,,0,130,,1005722,6,,,0
8200,'20260802',639,,1005735,6,,,0,100,,1005736,6,,,0,99,,1005732,6,,,0,98,,1005737,6,,,0,100,,1005731,6,,,0,100,,1005733,6,,,0,98,,1005726,6,,,0,100,,1005723,6,,,0,100,,1005729,6,,,0,100,,1005730,6,,,0,101,,1005739,6,,,0,102,,1005727,6,,,0,100,,1005724,6,,,0,102,,1005734,6,,,0,100,,1005738,6,,,0,101,,1005725,6,,,0,171,,1005728,6,,,0,130,,1005740,6,,,0
8200,'20260803',608,,1005758,6,,,0,26,,1005741,6,,,0,98,,1005762,6,,,0,70,,1005748,6,,,0,30,,1005757,6,,,0,103,,1005749,6,,,0,100,,1005756,6,,,0,99,,1005750,6,,,0,99,,1005742,6,,,0,100,,1005751,6,,,0,99,,1005755,6,,,0,98,,1005752,6,,,0,29,,1005743,6,,,0,69,,1005744,6,,,0,31,,1005745,6,,,0,76,,1005746,6,,,0,71,,1005753,6,,,0,31,,1005754,6,,,0,101,,1005760,6,,,0,99,,1005759,6,,,0,101,,1005761,6,,,0,171,,1005747,6,,,0
8200,'20260804',608,,1028989,6,,,0,26,,1028972,6,,,0,98,,1028993,6,,,0,70,,1028979,6,,,0,30,,1028988,6,,,0,103,,1028980,6,,,0,100,,1028987,6,,,0,99,,1028981,6,,,0,99,,1028973,6,,,0,100,,1028982,6,,,0,99,,1028986,6,,,0,98,,1028983,6,,,0,29,,1028974,6,,,0,69,,1028975,6,,,0,31,,1028976,6,,,0,76,,1028977,6,,,0,71,,1028984,6,,,0,31,,1028985,6,,,0,101,,1028991,6,,,0,99,,1028990,6,,,0,101,,1028992,6,,,0,171,,1028978,6,,,0
8200,'20260805',608,,1029011,6,,,0,26,,1028994,6,,,0,98,,1029015,6,,,0,70,,1029001,6,,,0,30,,1029010,6,,,0,103,,1029002,6,,,0,100,,1029009,6,,,0,99,,1029003,6,,,0,99,,1028995,6,,,0,100,,1029004,6,,,0,99,,1029008,6,,,0,98,,1029005,6,,,0,29,,1028996,6,,,0,69,,1028997,6,,,0,31,,1028998,6,,,0,76,,1028999,6,,,0,71,,1029006,6,,,0,31,,1029007,6,,,0,101,,1029013,6,,,0,99,,1029012,6,,,0,101,,1029014,6,,,0,171,,1029000,6,,,0
8200,'20260806',608,,1029033,6,,,0,26,,1029016,6,,,0,98,,1029037,6,,,0,70,,1029023,6,,,0,30,,1029032,6,,,0,103,,1029024,6,,,0,100,,1029031,6,,,0,99,,1029025,6,,,0,99,,1029017,6,,,0,100,,1029026,6,,,0,99,,1029030,6,,,0,98,,1029027,6,,,0,29,,1029018,6,,,0,69,,1029019,6,,,0,31,,1029020,6,,,0,76,,1029021,6,,,0,71,,1029028,6,,,0,31,,1029029,6,,,0,101,,1029035,6,,,0,99,,1029034,6,,,0,101,,1029036,6,,,0,171,,1029022,6,,,0
8200,'20260807',608,,1029055,6,,,0,26,,1029038,6,,,0,98,,1029059,6,,,0,70,,1029045,6,,,0,30,,1029054,6,,,0,103,,1029046,6,,,0,100,,1029053,6,,,0,99,,1029047,6,,,0,99,,1029039,6,,,0,100,,1029048,6,,,0,99,,1029052,6,,,0,98,,1029049,6,,,0,29,,1029040,6,,,0,69,,1029041,6,,,0,31,,1029042,6,,,0,76,,1029043,6,,,0,71,,1029050,6,,,0,31,,1029051,6,,,0,101,,1029057,6,,,0,99,,1029056,6,,,0,101,,1029058,6,,,0,171,,1029044,6,,,0
8600,'20260724',645,,1006017,11,,,0,71,,1006018,11,,,0,28,,1006019,11,,,0,69,,1006020,11,,,0,105,,1006021,11,,,0,100,,1006022,11,,,0,98,,1006023,11,,,0,100,,1006024,11,,,0,29,,1006025,11,,,0,72,,1006026,11,,,0,100,,1006027,11,,,0,97,,1006028,11,,,0,21,,1006029,11,,,0,70,,1006030,11,,,0,30,,1006031,11,,,0,74,,1006032,11,,,0,35,,1006033,11,,,0,71,,1006034,11,,,0,103,,1006035,11,,,0,101,,1006036,11,,,0,101,,1006037,11,,,0,100,,1006038,11,,,0,101,,1006039,11,,,0
8600,'20260725',720,,1029752,11,,,0,100,,1029753,11,,,0,100,,1029754,11,,,0,100,,1029755,11,,,0,99,,1029756,11,,,0,99,,1029757,11,,,0,99,,1029758,11,,,0,99,,1029759,11,,,0,99,,1029760,11,,,0,100,,1029761,11,,,0,101,,1029762,11,,,0,102,,1029763,11,,,0,100,,1029764,11,,,0,101,,1029765,11,,,0,102,,1029766,11,,,0,101,,1029767,11,,,0,101,,1029768,11,,,0,100,,1029769,11,,,0
8600,'20260726',720,,1029770,11,,,0,100,,1029771,11,,,0,100,,1029772,11,,,0,100,,1029773,11,,,0,99,,1029774,11,,,0,99,,1029775,11,,,0,99,,1029776,11,,,0,99,,1029777,11,,,0,99,,1029778,11,,,0,100,,1029779,11,,,0,101,,1029780,11,,,0,102,,1029781,11,,,0,100,,1029782,11,,,0,101,,1029783,11,,,0,102,,1029784,11,,,0,101,,1029785,11,,,0,101,,1029786,11,,,0,100,,1029787,11,,,0
8600,'20260727',645,,1029788,11,,,0,71,,1029789,11,,,0,28,,1029790,11,,,0,69,,1029791,11,,,0,105,,1029792,11,,,0,100,,1029793,11,,,0,98,,1029794,11,,,0,100,,1029795,11,,,0,29,,1029796,11,,,0,72,,1029797,11,,,0,100,,1029798,11,,,0,97,,1029799,11,,,0,21,,1029800,11,,,0,70,,1029801,11,,,0,30,,1029802,11,,,0,74,,1029803,11,,,0,35,,1029804,11,,,0,71,,1029805,11,,,0,103,,1029806,11,,,0,101,,1029807,11,,,0,101,,1029808,11,,,0,100,,1029809,11,,,0,101,,1029810,11,,,0
8600,'20260728',645,,1029811,11,,,0,71,,1029812,11,,,0,28,,1029813,11,,,0,69,,1029814,11,,,0,105,,1029815,11,,,0,100,,1029816,11,,,0,98,,1029817,11,,,0,100,,1029818,11,,,0,29,,1029819,11,,,0,72,,1029820,11,,,0,100,,1029821,11,,,0,97,,1029822,11,,,0,21,,1029823,11,,,0,70,,1029824,11,,,0,30,,1029825,11,,,0,74,,1029826,11,,,0,35,,1029827,11,,,0,71,,1029828,11,,,0,103,,1029829,11,,,0,101,,1029830,11,,,0,101,,1029831,11,,,0,100,,1029832,11,,,0,101,,1029833,11,,,0
8600,'20260729',645,,1029834,11,,,0,71,,1029835,11,,,0,28,,1029836,11,,,0,69,,1029837,11,,,0,105,,1029838,11,,,0,100,,1029839,11,,,0,98,,1029840,11,,,0,100,,1029841,11,,,0,29,,1029842,11,,,0,72,,1029843,11,,,0,100,,1029844,11,,,0,97,,1029845,11,,,0,21,,1029846,11,,,0,70,,1029847,11,,,0,30,,1029848,11,,,0,74,,1029849,11,,,0,35,,1029850,11,,,0,71,,1029851,11,,,0,103,,1029852,11,,,0,101,,1029853,11,,,0,101,,1029854,11,,,0,100,,1029855,11,,,0,101,,1029856,11,,,0
8600,'20260730',645,,1029857,11,,,0,71,,1029858,11,,,0,28,,1029859,11,,,0,69,,1029860,11,,,0,105,,1029861,11,,,0,100,,1029862,11,,,0,98,,1029863,11,,,0,100,,1029864,11,,,0,29,,1029865,11,,,0,72,,1029866,11,,,0,100,,1029867,11,,,0,97,,1029868,11,,,0,21,,1029869,11,,,0,70,,1029870,11,,,0,30,,1029871,11,,,0,74,,1029872,11,,,0,35,,1029873,11,,,0,71,,1029874,11,,,0,103,,1029875,11,,,0,101,,1029876,11,,,0,101,,1029877,11,,,0,100,,1029878,11,,,0,101,,1029879,11,,,0
8600,'20260731',645,,982762,11,,,0,71,,982761,11,,,0,28,,982763,11,,,0,69,,982764,11,,,0,105,,982765,11,,,0,100,,982779,11,,,0,98,,982767,11,,,0,100,,982769,11,,,0,29,,982783,11,,,0,72,,982770,11,,,0,100,,982780,11,,,0,97,,982766,11,,,0,21,,982771,11,,,0,70,,982768,11,,,0,30,,982772,11,,,0,74,,982773,11,,,0,35,,982774,11,,,0,71,,982781,11,,,0,103,,982775,11,,,0,101,,982778,11,,,0,101,,982776,11,,,0,100,,982782,11,,,0,101,,982777,11,,,0
8600,'20260801',720,,1006040,11,,,0,100,,1006049,11,,,0,100,,1006044,11,,,0,100,,1006050,11,,,0,99,,1006045,11,,,0,99,,1006051,11,,,0,99,,1006046,11,,,0,99,,1006052,11,,,0,99,,1006047,11,,,0,100,,1006053,11,,,0,101,,1006048,11,,,0,102,,1006054,11,,,0,100,,1006041,11,,,0,101,,1006055,11,,,0,102,,1006043,11,,,0,101,,1006056,11,,,0,101,,1006042,11,,,0,100,,1006057,11,,,0
8600,'20260802',720,,1006058,11,,,0,100,,1006067,11,,,0,100,,1006059,11,,,0,100,,1006068,11,,,0,99,,1006060,11,,,0,99,,1006069,11,,,0,99,,1006061,11,,,0,99,,1006070,11,,,0,99,,1006062,11,,,0,100,,1006071,11,,,0,101,,1006063,11,,,0,102,,1006072,11,,,0,100,,1006064,11,,,0,101,,1006073,11,,,0,102,,1006065,11,,,0,101,,1006074,11,,,0,101,,1006066,11,,,0,100,,1006075,11,,,0
8600,'20260803',645,,1006077,11,,,0,71,,1006076,11,,,0,28,,1006078,11,,,0,69,,1006079,11,,,0,105,,1006080,11,,,0,100,,1006094,11,,,0,98,,1006082,11,,,0,100,,1006084,11,,,0,29,,1006098,11,,,0,72,,1006085,11,,,0,100,,1006095,11,,,0,97,,1006081,11,,,0,21,,1006086,11,,,0,70,,1006083,11,,,0,30,,1006087,11,,,0,74,,1006088,11,,,0,35,,1006089,11,,,0,71,,1006096,11,,,0,103,,1006090,11,,,0,101,,1006093,11,,,0,101,,1006091,11,,,0,100,,1006097,11,,,0,101,,1006092,11,,,0
8600,'20260804',645,,1029881,11,,,0,71,,1029880,11,,,0,28,,1029882,11,,,0,69,,1029883,11,,,0,105,,1029884,11,,,0,100,,1029898,11,,,0,98,,1029886,11,,,0,100,,1029888,11,,,0,29,,1029902,11,,,0,72,,1029889,11,,,0,100,,1029899,11,,,0,97,,1029885,11,,,0,21,,1029890,11,,,0,70,,1029887,11,,,0,30,,1029891,11,,,0,74,,1029892,11,,,0,35,,1029893,11,,,0,71,,1029900,11,,,0,103,,1029894,11,,,0,101,,1029897,11,,,0,101,,1029895,11,,,0,100,,1029901,11,,,0,101,,1029896,11,,,0
8600,'20260805',645,,1029904,11,,,0,71,,1029903,11,,,0,28,,1029905,11,,,0,69,,1029906,11,,,0,105,,1029907,11,,,0,100,,1029921,11,,,0,98,,1029909,11,,,0,100,,1029911,11,,,0,29,,1029925,11,,,0,72,,1029912,11,,,0,100,,1029922,11,,,0,97,,1029908,11,,,0,21,,1029913,11,,,0,70,,1029910,11,,,0,30,,1029914,11,,,0,74,,1029915,11,,,0,35,,1029916,11,,,0,71,,1029923,11,,,0,103,,1029917,11,,,0,101,,1029920,11,,,0,101,,1029918,11,,,0,100,,1029924,11,,,0,101,,1029919,11,,,0
8600,'20260806',645,,1029927,11,,,0,71,,1029926,11,,,0,28,,1029928,11,,,0,69,,1029929,11,,,0,105,,1029930,11,,,0,100,,1029944,11,,,0,98,,1029932,11,,,0,100,,1029934,11,,,0,29,,1029948,11,,,0,72,,1029935,11,,,0,100,,1029945,11,,,0,97,,1029931,11,,,0,21,,1029936,11,,,0,70,,1029933,11,,,0,30,,1029937,11,,,0,74,,1029938,11,,,0,35,,1029939,11,,,0,71,,1029946,11,,,0,103,,1029940,11,,,0,101,,1029943,11,,,0,101,,1029941,11,,,0,100,,1029947,11,,,0,101,,1029942,11,,,0
8600,'20260807',645,,1029950,11,,,0,71,,1029949,11,,,0,28,,1029951,11,,,0,69,,1029952,11,,,0,105,,1029953,11,,,0,100,,1029967,11,,,0,98,,1029955,11,,,0,100,,1029957,11,,,0,29,,1029971,11,,,0,72,,1029958,11,,,0,100,,1029968,11,,,0,97,,1029954,11,,,0,21,,1029959,11,,,0,70,,1029956,11,,,0,30,,1029960,11,,,0,74,,1029961,11,,,0,35,,1029962,11,,,0,71,,1029969,11,,,0,103,,1029963,11,,,0,101,,1029966,11,,,0,101,,1029964,11,,,0,100,,1029970,11,,,0,101,,1029965,11,,,0
98200,'20260724',2538,,1012761,9,,,0
98200,'20260725',2538,,1048316,9,,,0
98200,'20260731',2538,,999774,9,,,0
98200,'20260801',2538,,1012762,9,,,0
98200,'20260807',2538,,1048317,9,,,0
