27201,'20260423',627,,319260,18,,,0,23,,319261,18,,,0,61,,319262,18,,,0,13,,319263,18,,,0,30,,319264,18,,,0
27201,'20260424',627,,319265,18,,,0,23,,319266,18,,,0,61,,319267,18,,,0,13,,319268,18,,,0,30,,319269,18,,,0
27201,'20260427',627,,345605,18,,,0,23,,345606,18,,,0,61,,345607,18,,,0,13,,345608,18,,,0,30,,345609,18,,,0
27201,'20260428',627,,345610,18,,,0,23,,345611,18,,,0,61,,345612,18,,,0,13,,345613,18,,,0,30,,345614,18,,,0
27201,'20260429',627,,292984,18,,,0,23,,292981,18,,,0,61,,292980,18,,,0,13,,292983,18,,,0,30,,292982,18,,,0
27201,'20260430',627,,292989,18,,,0,23,,292986,18,,,0,61,,292985,18,,,0,13,,292988,18,,,0,30,,292987,18,,,0
27201,'20260501',627,,319274,18,,,0,23,,319271,18,,,0,61,,319270,18,,,0,13,,319273,18,,,0,30,,319272,18,,,0
27201,'20260504',627,,319279,18,,,0,23,,319276,18,,,0,61,,319275,18,,,0,13,,319278,18,,,0,30,,319277,18,,,0
27201,'20260505',627,,345619,18,,,0,23,,345616,18,,,0,61,,345615,18,,,0,13,,345618,18,,,0,30,,345617,18,,,0
27201,'20260506',627,,345624,18,,,0,23,,345621,18,,,0,61,,345620,18,,,0,13,,345623,18,,,0,30,,345622,18,,,0
27201,'20260507',627,,345629,18,,,0,23,,345626,18,,,0,61,,345625,18,,,0,13,,345628,18,,,0,30,,345627,18,,,0
