5800,'20260605',721,,640484,33,,,0,101,,640485,33,,,0,30,,640486,33,,,0,70,,640487,33,,,0,35,,640488,33,,,0,143,,640489,33,,,0,101,,640490,33,,,0,100,,640491,33,,,0,100,,640492,33,,,0,101,,640493,33,,,0,30,,640494,33,,,0,26,,640495,33,,,0,70,,640496,33,,,0,30,,640497,33,,,0,75,,640498,33,,,0,70,,640499,33,,,0,29,,640500,33,,,0,70,,640501,33,,,0,99,,640502,33,,,0,101,,640503,33,,,0,99,,640504,33,,,0,100,,640505,33,,,0,57,,640506,33,,,0
5800,'20260606',751,,663209,33,,,0,100,,663210,33,,,0,101,,663211,33,,,0,100,,663212,33,,,0,100,,663213,33,,,0,100,,663214,33,,,0,100,,663215,33,,,0,101,,663216,33,,,0,101,,663217,33,,,0,101,,663218,33,,,0,145,,663219,33,,,0,53,,663220,33,,,0,98,,663221,33,,,0,100,,663222,33,,,0,100,,663223,33,,,0,100,,663224,33,,,0,99,,663225,33,,,0
5800,'20260607',751,,663226,33,,,0,100,,663227,33,,,0,101,,663228,33,,,0,100,,663229,33,,,0,100,,663230,33,,,0,100,,663231,33,,,0,100,,663232,33,,,0,101,,663233,33,,,0,101,,663234,33,,,0,101,,663235,33,,,0,145,,663236,33,,,0,53,,663237,33,,,0,98,,663238,33,,,0,100,,663239,33,,,0,100,,663240,33,,,0,100,,663241,33,,,0,99,,663242,33,,,0
5800,'20260608',721,,663243,33,,,0,101,,663244,33,,,0,30,,663245,33,,,0,70,,663246,33,,,0,35,,663247,33,,,0,143,,663248,33,,,0,101,,663249,33,,,0,100,,663250,33,,,0,100,,663251,33,,,0,101,,663252,33,,,0,30,,663253,33,,,0,26,,663254,33,,,0,70,,663255,33,,,0,30,,663256,33,,,0,75,,663257,33,,,0,70,,663258,33,,,0,29,,663259,33,,,0,70,,663260,33,,,0,99,,663261,33,,,0,101,,663262,33,,,0,99,,663263,33,,,0,100,,663264,33,,,0,57,,663265,33,,,0
5800,'20260609',721,,663266,33,,,0,101,,663267,33,,,0,30,,663268,33,,,0,70,,663269,33,,,0,35,,663270,33,,,0,143,,663271,33,,,0,101,,663272,33,,,0,100,,663273,33,,,0,100,,663274,33,,,0,101,,663275,33,,,0,30,,663276,33,,,0,26,,663277,33,,,0,70,,663278,33,,,0,30,,663279,33,,,0,75,,663280,33,,,0,70,,663281,33,,,0,29,,663282,33,,,0,70,,663283,33,,,0,99,,663284,33,,,0,101,,663285,33,,,0,99,,663286,33,,,0,100,,663287,33,,,0,57,,663288,33,,,0
5800,'20260610',721,,663289,33,,,0,101,,663290,33,,,0,30,,663291,33,,,0,70,,663292,33,,,0,35,,663293,33,,,0,143,,663294,33,,,0,101,,663295,33,,,0,100,,663296,33,,,0,100,,663297,33,,,0,101,,663298,33,,,0,30,,663299,33,,,0,26,,663300,33,,,0,70,,663301,33,,,0,30,,663302,33,,,0,75,,663303,33,,,0,70,,663304,33,,,0,29,,663305,33,,,0,70,,663306,33,,,0,99,,663307,33,,,0,101,,663308,33,,,0,99,,663309,33,,,0,100,,663310,33,,,0,57,,663311,33,,,0
5800,'20260611',721,,663312,33,,,0,101,,663313,33,,,0,30,,663314,33,,,0,70,,663315,33,,,0,35,,663316,33,,,0,143,,663317,33,,,0,101,,663318,33,,,0,100,,663319,33,,,0,100,,663320,33,,,0,101,,663321,33,,,0,30,,663322,33,,,0,26,,663323,33,,,0,70,,663324,33,,,0,30,,663325,33,,,0,75,,663326,33,,,0,70,,663327,33,,,0,29,,663328,33,,,0,70,,663329,33,,,0,99,,663330,33,,,0,101,,663331,33,,,0,99,,663332,33,,,0,100,,663333,33,,,0,57,,663334,33,,,0
5800,'20260612',721,,606920,33,,,0,101,,606921,33,,,0,30,,606905,33,,,0,70,,606922,33,,,0,35,,606917,33,,,0,143,,606923,33,,,0,101,,606906,33,,,0,100,,606907,33,,,0,100,,606924,33,,,0,101,,606916,33,,,0,30,,606908,33,,,0,26,,606909,33,,,0,70,,606910,33,,,0,30,,606911,33,,,0,75,,606912,33,,,0,70,,606913,33,,,0,29,,606926,33,,,0,70,,606915,33,,,0,99,,606925,33,,,0,101,,606918,33,,,0,99,,606919,33,,,0,100,,606914,33,,,0,57,,606927,33,,,0
5800,'20260613',751,,640516,33,,,0,100,,640507,33,,,0,101,,640517,33,,,0,100,,640514,33,,,0,100,,640518,33,,,0,100,,640508,33,,,0,100,,640509,33,,,0,101,,640519,33,,,0,101,,640520,33,,,0,101,,640515,33,,,0,145,,640510,33,,,0,53,,640511,33,,,0,98,,640521,33,,,0,100,,640522,33,,,0,100,,640523,33,,,0,100,,640512,33,,,0,99,,640513,33,,,0
5800,'20260614',751,,640537,33,,,0,100,,640535,33,,,0,101,,640531,33,,,0,100,,640534,33,,,0,100,,640539,33,,,0,100,,640526,33,,,0,100,,640524,33,,,0,101,,640538,33,,,0,101,,640528,33,,,0,101,,640525,33,,,0,145,,640532,33,,,0,53,,640536,33,,,0,98,,640530,33,,,0,100,,640529,33,,,0,100,,640540,33,,,0,100,,640533,33,,,0,99,,640527,33,,,0
5800,'20260615',721,,640556,33,,,0,101,,640557,33,,,0,30,,640541,33,,,0,70,,640558,33,,,0,35,,640553,33,,,0,143,,640559,33,,,0,101,,640542,33,,,0,100,,640543,33,,,0,100,,640560,33,,,0,101,,640552,33,,,0,30,,640544,33,,,0,26,,640545,33,,,0,70,,640546,33,,,0,30,,640547,33,,,0,75,,640548,33,,,0,70,,640549,33,,,0,29,,640562,33,,,0,70,,640551,33,,,0,99,,640561,33,,,0,101,,640554,33,,,0,99,,640555,33,,,0,100,,640550,33,,,0,57,,640563,33,,,0
5800,'20260616',721,,640579,33,,,0,101,,640580,33,,,0,30,,640564,33,,,0,70,,640581,33,,,0,35,,640576,33,,,0,143,,640582,33,,,0,101,,640565,33,,,0,100,,640566,33,,,0,100,,640583,33,,,0,101,,640575,33,,,0,30,,640567,33,,,0,26,,640568,33,,,0,70,,640569,33,,,0,30,,640570,33,,,0,75,,640571,33,,,0,70,,640572,33,,,0,29,,640585,33,,,0,70,,640574,33,,,0,99,,640584,33,,,0,101,,640577,33,,,0,99,,640578,33,,,0,100,,640573,33,,,0,57,,640586,33,,,0
5800,'20260617',721,,663350,33,,,0,101,,663351,33,,,0,30,,663335,33,,,0,70,,663352,33,,,0,35,,663347,33,,,0,143,,663353,33,,,0,101,,663336,33,,,0,100,,663337,33,,,0,100,,663354,33,,,0,101,,663346,33,,,0,30,,663338,33,,,0,26,,663339,33,,,0,70,,663340,33,,,0,30,,663341,33,,,0,75,,663342,33,,,0,70,,663343,33,,,0,29,,663356,33,,,0,70,,663345,33,,,0,99,,663355,33,,,0,101,,663348,33,,,0,99,,663349,33,,,0,100,,663344,33,,,0,57,,663357,33,,,0
5800,'20260618',721,,663373,33,,,0,101,,663374,33,,,0,30,,663358,33,,,0,70,,663375,33,,,0,35,,663370,33,,,0,143,,663376,33,,,0,101,,663359,33,,,0,100,,663360,33,,,0,100,,663377,33,,,0,101,,663369,33,,,0,30,,663361,33,,,0,26,,663362,33,,,0,70,,663363,33,,,0,30,,663364,33,,,0,75,,663365,33,,,0,70,,663366,33,,,0,29,,663379,33,,,0,70,,663368,33,,,0,99,,663378,33,,,0,101,,663371,33,,,0,99,,663372,33,,,0,100,,663367,33,,,0,57,,663380,33,,,0
5800,'20260619',721,,663396,33,,,0,101,,663397,33,,,0,30,,663381,33,,,0,70,,663398,33,,,0,35,,663393,33,,,0,143,,663399,33,,,0,101,,663382,33,,,0,100,,663383,33,,,0,100,,663400,33,,,0,101,,663392,33,,,0,30,,663384,33,,,0,26,,663385,33,,,0,70,,663386,33,,,0,30,,663387,33,,,0,75,,663388,33,,,0,70,,663389,33,,,0,29,,663402,33,,,0,70,,663391,33,,,0,99,,663401,33,,,0,101,,663394,33,,,0,99,,663395,33,,,0,100,,663390,33,,,0,57,,663403,33,,,0
25800,'20260605',1628,,645331,39,4,,0,74,,645332,39,4,,0,29,,645333,39,4,,0,22,,645334,39,4,,0
25800,'20260608',1628,,672529,39,4,,0,74,,672530,39,4,,0,29,,672531,39,4,,0,22,,672532,39,4,,0
25800,'20260609',1628,,672533,39,4,,0,74,,672534,39,4,,0,29,,672535,39,4,,0,22,,672536,39,4,,0
25800,'20260610',1628,,672537,39,4,,0,74,,672538,39,4,,0,29,,672539,39,4,,0,22,,672540,39,4,,0
25800,'20260611',1628,,672541,39,4,,0,74,,672542,39,4,,0,29,,672543,39,4,,0,22,,672544,39,4,,0
25800,'20260612',1628,,617568,39,4,,0,74,,617569,39,4,,0,29,,617570,39,4,,0,22,,617571,39,4,,0
25800,'20260615',1628,,645335,39,4,,0,74,,645336,39,4,,0,29,,645337,39,4,,0,22,,645338,39,4,,0
25800,'20260616',1628,,645339,39,4,,0,74,,645340,39,4,,0,29,,645341,39,4,,0,22,,645342,39,4,,0
25800,'20260617',1628,,672545,39,4,,0,74,,672546,39,4,,0,29,,672547,39,4,,0,22,,672548,39,4,,0
25800,'20260618',1628,,672549,39,4,,0,74,,672550,39,4,,0,29,,672551,39,4,,0,22,,672552,39,4,,0
25800,'20260619',1628,,672553,39,4,,0,74,,672554,39,4,,0,29,,672555,39,4,,0,22,,672556,39,4,,0
35800,'20260605',1702,,645974,36,4,,0,51,,645975,36,4,,0,106,,645976,36,4,,0
35800,'20260608',1702,,674031,36,4,,0,51,,674032,36,4,,0,106,,674033,36,4,,0
35800,'20260609',1702,,674034,36,4,,0,51,,674035,36,4,,0,106,,674036,36,4,,0
35800,'20260610',1702,,674037,36,4,,0,51,,674038,36,4,,0,106,,674039,36,4,,0
35800,'20260611',1702,,674040,36,4,,0,51,,674041,36,4,,0,106,,674042,36,4,,0
35800,'20260612',1702,,619064,36,4,,0,51,,619065,36,4,,0,106,,619066,36,4,,0
35800,'20260615',1702,,645977,36,4,,0,51,,645978,36,4,,0,106,,645979,36,4,,0
35800,'20260616',1702,,645980,36,4,,0,51,,645981,36,4,,0,106,,645982,36,4,,0
35800,'20260617',1702,,674043,36,4,,0,51,,674044,36,4,,0,106,,674045,36,4,,0
35800,'20260618',1702,,674046,36,4,,0,51,,674047,36,4,,0,106,,674048,36,4,,0
35800,'20260619',1702,,674049,36,4,,0,51,,674050,36,4,,0,106,,674051,36,4,,0
55800,'20260605',1709,,646328,34,4,,0,18,,646329,34,4,,0,79,,646330,34,4,,0
55800,'20260608',1709,,674931,34,4,,0,18,,674932,34,4,,0,79,,674933,34,4,,0
55800,'20260609',1709,,674934,34,4,,0,18,,674935,34,4,,0,79,,674936,34,4,,0
55800,'20260610',1709,,674937,34,4,,0,18,,674938,34,4,,0,79,,674939,34,4,,0
55800,'20260611',1709,,674940,34,4,,0,18,,674941,34,4,,0,79,,674942,34,4,,0
55800,'20260612',1709,,620042,34,4,,0,18,,620043,34,4,,0,79,,620044,34,4,,0
55800,'20260615',1709,,646331,34,4,,0,18,,646332,34,4,,0,79,,646333,34,4,,0
55800,'20260616',1709,,646334,34,4,,0,18,,646335,34,4,,0,79,,646336,34,4,,0
55800,'20260617',1709,,674943,34,4,,0,18,,674944,34,4,,0,79,,674945,34,4,,0
55800,'20260618',1709,,674946,34,4,,0,18,,674947,34,4,,0,79,,674948,34,4,,0
55800,'20260619',1709,,674949,34,4,,0,18,,674950,34,4,,0,79,,674951,34,4,,0
