1102,'20260323',611,,106003,9,,,1,27,,106004,9,,,1,21,,106005,9,,,1,62,,106006,9,,,1,21,,106007,9,,,1,67,,106008,9,,,1,32,,106009,9,,,1,100,,106010,9,,,1,100,,106011,9,,,1,100,,106012,9,,,1,100,,106013,9,,,1,102,,106014,9,,,1,101,,106015,9,,,1,97,,106016,9,,,1,71,,106017,9,,,1,30,,106018,9,,,1,99,,106019,9,,,1,103,,106020,9,,,1,102,,106021,9,,,1,101,,106022,9,,,1,101,,106023,9,,,1,101,,106024,9,,,1,100,,106025,9,,,1
1102,'20260324',611,,106046,9,,,1,27,,106047,9,,,1,21,,106048,9,,,1,62,,106049,9,,,1,21,,106050,9,,,1,67,,106051,9,,,1,32,,106052,9,,,1,100,,106053,9,,,1,100,,106054,9,,,1,100,,106055,9,,,1,100,,106056,9,,,1,102,,106057,9,,,1,101,,106058,9,,,1,97,,106059,9,,,1,71,,106060,9,,,1,30,,106061,9,,,1,99,,106062,9,,,1,103,,106063,9,,,1,102,,106064,9,,,1,101,,106065,9,,,1,101,,106066,9,,,1,101,,106067,9,,,1,100,,106068,9,,,1
1102,'20260325',611,,106089,9,,,1,27,,106090,9,,,1,21,,106091,9,,,1,62,,106092,9,,,1,21,,106093,9,,,1,67,,106094,9,,,1,32,,106095,9,,,1,100,,106096,9,,,1,100,,106097,9,,,1,100,,106098,9,,,1,100,,106099,9,,,1,102,,106100,9,,,1,101,,106101,9,,,1,97,,106102,9,,,1,71,,106103,9,,,1,30,,106104,9,,,1,99,,106105,9,,,1,103,,106106,9,,,1,102,,106107,9,,,1,101,,106108,9,,,1,101,,106109,9,,,1,101,,106110,9,,,1,100,,106111,9,,,1
1102,'20260326',611,,106132,9,,,1,27,,106133,9,,,1,21,,106134,9,,,1,62,,106135,9,,,1,21,,106136,9,,,1,67,,106137,9,,,1,32,,106138,9,,,1,100,,106139,9,,,1,100,,106140,9,,,1,100,,106141,9,,,1,100,,106142,9,,,1,102,,106143,9,,,1,101,,106144,9,,,1,97,,106145,9,,,1,71,,106146,9,,,1,30,,106147,9,,,1,99,,106148,9,,,1,103,,106149,9,,,1,102,,106150,9,,,1,101,,106151,9,,,1,101,,106152,9,,,1,101,,106153,9,,,1,100,,106154,9,,,1
1102,'20260327',611,,106175,9,,,1,27,,106176,9,,,1,21,,106177,9,,,1,62,,106178,9,,,1,21,,106179,9,,,1,67,,106180,9,,,1,32,,106181,9,,,1,100,,106182,9,,,1,100,,106183,9,,,1,100,,106184,9,,,1,100,,106185,9,,,1,102,,106186,9,,,1,101,,106187,9,,,1,97,,106188,9,,,1,71,,106189,9,,,1,30,,106190,9,,,1,99,,106191,9,,,1,103,,106192,9,,,1,102,,106193,9,,,1,101,,106194,9,,,1,101,,106195,9,,,1,101,,106196,9,,,1,100,,106197,9,,,1
1102,'20260328',551,,51600,9,,,1,99,,51601,9,,,1,99,,51602,9,,,1,69,,51603,9,,,1,29,,51604,9,,,1,69,,51605,9,,,1,30,,51606,9,,,1,69,,51607,9,,,1,30,,51608,9,,,1,69,,51609,9,,,1,25,,51610,9,,,1,74,,51611,9,,,1,29,,51612,9,,,1,69,,51613,9,,,1,35,,51614,9,,,1,68,,51615,9,,,1,24,,51616,9,,,1,77,,51617,9,,,1,28,,51618,9,,,1,69,,51619,9,,,1,36,,51620,9,,,1,71,,51621,9,,,1,26,,51622,9,,,1,71,,51628,9,,,1,31,,51623,9,,,1,71,,51627,9,,,1,31,,51624,9,,,1,100,,51625,9,,,1,100,,51626,9,,,1,102,,51599,9,,,1,101,,51629,9,,,1
1102,'20260329',551,,51631,9,,,1,99,,51632,9,,,1,99,,51633,9,,,1,69,,51634,9,,,1,29,,51635,9,,,1,69,,51636,9,,,1,30,,51637,9,,,1,69,,51638,9,,,1,30,,51639,9,,,1,69,,51640,9,,,1,25,,51641,9,,,1,74,,51642,9,,,1,29,,51643,9,,,1,69,,51644,9,,,1,35,,51645,9,,,1,68,,51646,9,,,1,24,,51647,9,,,1,77,,51648,9,,,1,28,,51649,9,,,1,69,,51650,9,,,1,36,,51651,9,,,1,71,,51652,9,,,1,26,,51653,9,,,1,71,,51654,9,,,1,31,,51656,9,,,1,71,,51655,9,,,1,31,,51657,9,,,1,100,,51658,9,,,1,100,,51659,9,,,1,102,,51660,9,,,1,101,,51630,9,,,1
1102,'20260330',611,,51666,9,,,1,27,,51675,9,,,1,21,,51664,9,,,1,62,,51662,9,,,1,21,,51663,9,,,1,67,,51676,9,,,1,32,,51671,9,,,1,100,,51672,9,,,1,100,,51696,9,,,1,100,,51693,9,,,1,100,,51680,9,,,1,102,,51694,9,,,1,101,,51687,9,,,1,97,,51699,9,,,1,71,,51682,9,,,1,30,,51679,9,,,1,99,,51692,9,,,1,103,,51702,9,,,1,102,,51685,9,,,1,101,,51689,9,,,1,101,,51701,9,,,1,101,,51686,9,,,1,100,,51703,9,,,1
1102,'20260331',611,,51709,9,,,1,27,,51718,9,,,1,21,,51707,9,,,1,62,,51705,9,,,1,21,,51706,9,,,1,67,,51719,9,,,1,32,,51714,9,,,1,100,,51715,9,,,1,100,,51739,9,,,1,100,,51736,9,,,1,100,,51723,9,,,1,102,,51737,9,,,1,101,,51730,9,,,1,97,,51742,9,,,1,71,,51725,9,,,1,30,,51722,9,,,1,99,,51735,9,,,1,103,,51745,9,,,1,102,,51728,9,,,1,101,,51732,9,,,1,101,,51744,9,,,1,101,,51729,9,,,1,100,,51746,9,,,1
1102,'20260401',611,,106223,9,,,1,27,,106232,9,,,1,21,,106221,9,,,1,62,,106219,9,,,1,21,,106220,9,,,1,67,,106233,9,,,1,32,,106228,9,,,1,100,,106229,9,,,1,100,,106253,9,,,1,100,,106250,9,,,1,100,,106237,9,,,1,102,,106251,9,,,1,101,,106244,9,,,1,97,,106256,9,,,1,71,,106239,9,,,1,30,,106236,9,,,1,99,,106249,9,,,1,103,,106259,9,,,1,102,,106242,9,,,1,101,,106246,9,,,1,101,,106258,9,,,1,101,,106243,9,,,1,100,,106260,9,,,1
1102,'20260402',611,,106266,9,,,1,27,,106275,9,,,1,21,,106264,9,,,1,62,,106262,9,,,1,21,,106263,9,,,1,67,,106276,9,,,1,32,,106271,9,,,1,100,,106272,9,,,1,100,,106296,9,,,1,100,,106293,9,,,1,100,,106280,9,,,1,102,,106294,9,,,1,101,,106287,9,,,1,97,,106299,9,,,1,71,,106282,9,,,1,30,,106279,9,,,1,99,,106292,9,,,1,103,,106302,9,,,1,102,,106285,9,,,1,101,,106289,9,,,1,101,,106301,9,,,1,101,,106286,9,,,1,100,,106303,9,,,1
1102,'20260403',551,,106305,9,,,1,99,,106306,9,,,1,99,,106307,9,,,1,69,,106308,9,,,1,29,,106309,9,,,1,69,,106310,9,,,1,30,,106311,9,,,1,69,,106312,9,,,1,30,,106313,9,,,1,69,,106314,9,,,1,25,,106315,9,,,1,74,,106316,9,,,1,29,,106317,9,,,1,69,,106318,9,,,1,35,,106319,9,,,1,68,,106320,9,,,1,24,,106321,9,,,1,77,,106322,9,,,1,28,,106323,9,,,1,69,,106324,9,,,1,36,,106325,9,,,1,71,,106326,9,,,1,26,,106327,9,,,1,71,,106333,9,,,1,31,,106328,9,,,1,71,,106332,9,,,1,31,,106329,9,,,1,100,,106330,9,,,1,100,,106331,9,,,1,102,,106304,9,,,1,101,,106334,9,,,1
1102,'20260404',551,,106336,9,,,1,99,,106337,9,,,1,99,,106338,9,,,1,69,,106339,9,,,1,29,,106340,9,,,1,69,,106341,9,,,1,30,,106342,9,,,1,69,,106343,9,,,1,30,,106344,9,,,1,69,,106345,9,,,1,25,,106346,9,,,1,74,,106347,9,,,1,29,,106348,9,,,1,69,,106349,9,,,1,35,,106350,9,,,1,68,,106351,9,,,1,24,,106352,9,,,1,77,,106353,9,,,1,28,,106354,9,,,1,69,,106355,9,,,1,36,,106356,9,,,1,71,,106357,9,,,1,26,,106358,9,,,1,71,,106364,9,,,1,31,,106359,9,,,1,71,,106363,9,,,1,31,,106360,9,,,1,100,,106361,9,,,1,100,,106362,9,,,1,102,,106335,9,,,1,101,,106365,9,,,1
1102,'20260405',551,,106367,9,,,1,99,,106368,9,,,1,99,,106369,9,,,1,69,,106370,9,,,1,29,,106371,9,,,1,69,,106372,9,,,1,30,,106373,9,,,1,69,,106374,9,,,1,30,,106375,9,,,1,69,,106376,9,,,1,25,,106377,9,,,1,74,,106378,9,,,1,29,,106379,9,,,1,69,,106380,9,,,1,35,,106381,9,,,1,68,,106382,9,,,1,24,,106383,9,,,1,77,,106384,9,,,1,28,,106385,9,,,1,69,,106386,9,,,1,36,,106387,9,,,1,71,,106388,9,,,1,26,,106389,9,,,1,71,,106390,9,,,1,31,,106392,9,,,1,71,,106391,9,,,1,31,,106393,9,,,1,100,,106394,9,,,1,100,,106395,9,,,1,102,,106396,9,,,1,101,,106366,9,,,1
1102,'20260406',551,,106398,9,,,1,99,,106399,9,,,1,99,,106400,9,,,1,69,,106401,9,,,1,29,,106402,9,,,1,69,,106403,9,,,1,30,,106404,9,,,1,69,,106405,9,,,1,30,,106406,9,,,1,69,,106407,9,,,1,25,,106408,9,,,1,74,,106409,9,,,1,29,,106410,9,,,1,69,,106411,9,,,1,35,,106412,9,,,1,68,,106413,9,,,1,24,,106414,9,,,1,77,,106415,9,,,1,28,,106416,9,,,1,69,,106417,9,,,1,36,,106418,9,,,1,71,,106419,9,,,1,26,,106420,9,,,1,71,,106421,9,,,1,31,,106423,9,,,1,71,,106422,9,,,1,31,,106424,9,,,1,100,,106425,9,,,1,100,,106426,9,,,1,102,,106427,9,,,1,101,,106397,9,,,1
