1602,'20260616',657,,705182,3,,,0,74,,705183,3,,,0,100,,705184,3,,,0,102,,705185,3,,,0,100,,705186,3,,,0,100,,705187,3,,,0,99,,705188,3,,,0,101,,705189,3,,,0,99,,705190,3,,,0,98,,705191,3,,,0,70,,705192,3,,,0,25,,705193,3,,,0,80,,705194,3,,,0,42,,705195,3,,,0,101,,705196,3,,,0,100,,705197,3,,,0,100,,705198,3,,,0,100,,705199,3,,,0
1602,'20260617',657,,705200,3,,,0,74,,705201,3,,,0,100,,705202,3,,,0,102,,705203,3,,,0,100,,705204,3,,,0,100,,705205,3,,,0,99,,705206,3,,,0,101,,705207,3,,,0,99,,705208,3,,,0,98,,705209,3,,,0,70,,705210,3,,,0,25,,705211,3,,,0,80,,705212,3,,,0,42,,705213,3,,,0,101,,705214,3,,,0,100,,705215,3,,,0,100,,705216,3,,,0,100,,705217,3,,,0
1602,'20260618',657,,705218,3,,,0,74,,705219,3,,,0,100,,705220,3,,,0,102,,705221,3,,,0,100,,705222,3,,,0,100,,705223,3,,,0,99,,705224,3,,,0,101,,705225,3,,,0,99,,705226,3,,,0,98,,705227,3,,,0,70,,705228,3,,,0,25,,705229,3,,,0,80,,705230,3,,,0,42,,705231,3,,,0,101,,705232,3,,,0,100,,705233,3,,,0,100,,705234,3,,,0,100,,705235,3,,,0
1602,'20260619',657,,740769,3,,,0,74,,740770,3,,,0,100,,740771,3,,,0,102,,740772,3,,,0,100,,740773,3,,,0,100,,740774,3,,,0,99,,740775,3,,,0,101,,740776,3,,,0,99,,740777,3,,,0,98,,740778,3,,,0,70,,740779,3,,,0,25,,740780,3,,,0,80,,740781,3,,,0,42,,740782,3,,,0,101,,740783,3,,,0,100,,740784,3,,,0,100,,740785,3,,,0,100,,740786,3,,,0
1602,'20260620',957,,740790,3,,,0,200,,740787,3,,,0,201,,740788,3,,,0,301,,740789,3,,,0
1602,'20260621',957,,740794,3,,,0,200,,740791,3,,,0,201,,740792,3,,,0,301,,740793,3,,,0
1602,'20260622',735,,740795,3,,,0,96,,740798,3,,,0,102,,740799,3,,,0,100,,740800,3,,,0,100,,740801,3,,,0,99,,740802,3,,,0,101,,740803,3,,,0,99,,740804,3,,,0,98,,740805,3,,,0,92,,740806,3,,,0,86,,740796,3,,,0,39,,740797,3,,,0,101,,740807,3,,,0,100,,740808,3,,,0,100,,740809,3,,,0,100,,740810,3,,,0
1602,'20260623',735,,740811,3,,,0,96,,740814,3,,,0,102,,740815,3,,,0,100,,740816,3,,,0,100,,740817,3,,,0,99,,740818,3,,,0,101,,740819,3,,,0,99,,740820,3,,,0,98,,740821,3,,,0,92,,740822,3,,,0,86,,740812,3,,,0,39,,740813,3,,,0,101,,740823,3,,,0,100,,740824,3,,,0,100,,740825,3,,,0,100,,740826,3,,,0
1602,'20260624',957,,705255,3,,,0,200,,705252,3,,,0,201,,705253,3,,,0,301,,705254,3,,,0
1602,'20260625',735,,705256,3,,,0,96,,705259,3,,,0,102,,705260,3,,,0,100,,705261,3,,,0,100,,705262,3,,,0,99,,705263,3,,,0,101,,705264,3,,,0,99,,705265,3,,,0,98,,705266,3,,,0,92,,705267,3,,,0,86,,705257,3,,,0,39,,705258,3,,,0,101,,705268,3,,,0,100,,705269,3,,,0,100,,705270,3,,,0,100,,705271,3,,,0
1602,'20260626',735,,705272,3,,,0,96,,705275,3,,,0,102,,705276,3,,,0,100,,705277,3,,,0,100,,705278,3,,,0,99,,705279,3,,,0,101,,705280,3,,,0,99,,705281,3,,,0,98,,705282,3,,,0,92,,705283,3,,,0,86,,705273,3,,,0,39,,705274,3,,,0,101,,705284,3,,,0,100,,705285,3,,,0,100,,705286,3,,,0,100,,705287,3,,,0
1602,'20260627',957,,740830,3,,,0,200,,740827,3,,,0,201,,740828,3,,,0,301,,740829,3,,,0
1602,'20260628',957,,740834,3,,,0,200,,740831,3,,,0,201,,740832,3,,,0,301,,740833,3,,,0
1602,'20260629',735,,740835,3,,,0,96,,740838,3,,,0,102,,740839,3,,,0,100,,740840,3,,,0,100,,740841,3,,,0,99,,740842,3,,,0,101,,740843,3,,,0,99,,740844,3,,,0,98,,740845,3,,,0,92,,740846,3,,,0,86,,740836,3,,,0,39,,740837,3,,,0,101,,740847,3,,,0,100,,740848,3,,,0,100,,740849,3,,,0,100,,740850,3,,,0
1602,'20260630',735,,740851,3,,,0,96,,740854,3,,,0,102,,740855,3,,,0,100,,740856,3,,,0,100,,740857,3,,,0,99,,740858,3,,,0,101,,740859,3,,,0,99,,740860,3,,,0,98,,740861,3,,,0,92,,740862,3,,,0,86,,740852,3,,,0,39,,740853,3,,,0,101,,740863,3,,,0,100,,740864,3,,,0,100,,740865,3,,,0,100,,740866,3,,,0
