5302,'20260707',729,,870796,39,,,0,28,,870797,39,,,0,74,,870798,39,,,0,79,,870799,39,,,0,30,,870800,39,,,0,88,,870801,39,,,0,100,,870802,39,,,0,99,,870803,39,,,0,101,,870804,39,,,0,100,,870805,39,,,0,100,,870806,39,,,0,29,,870807,39,,,0,77,,870808,39,,,0,74,,870809,39,,,0,31,,870810,39,,,0,63,,870811,39,,,0,27,,870812,39,,,0,101,,870813,39,,,0,101,,870814,39,,,0,100,,870815,39,,,0,101,,870816,39,,,0,107,,870817,39,,,0
5302,'20260708',729,,870818,39,,,0,28,,870819,39,,,0,74,,870820,39,,,0,79,,870821,39,,,0,30,,870822,39,,,0,88,,870823,39,,,0,100,,870824,39,,,0,99,,870825,39,,,0,101,,870826,39,,,0,100,,870827,39,,,0,100,,870828,39,,,0,29,,870829,39,,,0,77,,870830,39,,,0,74,,870831,39,,,0,31,,870832,39,,,0,63,,870833,39,,,0,27,,870834,39,,,0,101,,870835,39,,,0,101,,870836,39,,,0,100,,870837,39,,,0,101,,870838,39,,,0,107,,870839,39,,,0
5302,'20260709',729,,870840,39,,,0,28,,870841,39,,,0,74,,870842,39,,,0,79,,870843,39,,,0,30,,870844,39,,,0,88,,870845,39,,,0,100,,870846,39,,,0,99,,870847,39,,,0,101,,870848,39,,,0,100,,870849,39,,,0,100,,870850,39,,,0,29,,870851,39,,,0,77,,870852,39,,,0,74,,870853,39,,,0,31,,870854,39,,,0,63,,870855,39,,,0,27,,870856,39,,,0,101,,870857,39,,,0,101,,870858,39,,,0,100,,870859,39,,,0,101,,870860,39,,,0,107,,870861,39,,,0
5302,'20260710',729,,903673,39,,,0,28,,903674,39,,,0,74,,903675,39,,,0,79,,903676,39,,,0,30,,903677,39,,,0,88,,903678,39,,,0,100,,903679,39,,,0,99,,903680,39,,,0,101,,903681,39,,,0,100,,903682,39,,,0,100,,903683,39,,,0,29,,903684,39,,,0,77,,903685,39,,,0,74,,903686,39,,,0,31,,903687,39,,,0,63,,903688,39,,,0,27,,903689,39,,,0,101,,903690,39,,,0,101,,903691,39,,,0,100,,903692,39,,,0,101,,903693,39,,,0,107,,903694,39,,,0
5302,'20260711',726,,849137,39,,,0,101,,849124,39,,,0,100,,849125,39,,,0,100,,849136,39,,,0,100,,849126,39,,,0,99,,849127,39,,,0,100,,849138,39,,,0,99,,849128,39,,,0,98,,849129,39,,,0,105,,849139,39,,,0,98,,849130,39,,,0,100,,849131,39,,,0,100,,849135,39,,,0,99,,849132,39,,,0,100,,849133,39,,,0,98,,849140,39,,,0,106,,849134,39,,,0
5302,'20260712',726,,849154,39,,,0,101,,849141,39,,,0,100,,849142,39,,,0,100,,849153,39,,,0,100,,849143,39,,,0,99,,849144,39,,,0,100,,849155,39,,,0,99,,849145,39,,,0,98,,849146,39,,,0,105,,849157,39,,,0,98,,849147,39,,,0,100,,849148,39,,,0,100,,849152,39,,,0,99,,849149,39,,,0,100,,849150,39,,,0,98,,849156,39,,,0,106,,849151,39,,,0
5302,'20260713',729,,849176,39,,,0,28,,849179,39,,,0,74,,849158,39,,,0,79,,849170,39,,,0,30,,849178,39,,,0,88,,849171,39,,,0,100,,849159,39,,,0,99,,849175,39,,,0,101,,849172,39,,,0,100,,849173,39,,,0,100,,849174,39,,,0,29,,849168,39,,,0,77,,849160,39,,,0,74,,849167,39,,,0,31,,849165,39,,,0,63,,849161,39,,,0,27,,849162,39,,,0,101,,849166,39,,,0,101,,849163,39,,,0,100,,849164,39,,,0,101,,849169,39,,,0,107,,849177,39,,,0
5302,'20260714',729,,849198,39,,,0,28,,849201,39,,,0,74,,849180,39,,,0,79,,849192,39,,,0,30,,849200,39,,,0,88,,849193,39,,,0,100,,849181,39,,,0,99,,849197,39,,,0,101,,849194,39,,,0,100,,849195,39,,,0,100,,849196,39,,,0,29,,849190,39,,,0,77,,849182,39,,,0,74,,849189,39,,,0,31,,849187,39,,,0,63,,849183,39,,,0,27,,849184,39,,,0,101,,849188,39,,,0,101,,849185,39,,,0,100,,849186,39,,,0,101,,849191,39,,,0,107,,849199,39,,,0
5302,'20260715',729,,870880,39,,,0,28,,870883,39,,,0,74,,870862,39,,,0,79,,870874,39,,,0,30,,870882,39,,,0,88,,870875,39,,,0,100,,870863,39,,,0,99,,870879,39,,,0,101,,870876,39,,,0,100,,870877,39,,,0,100,,870878,39,,,0,29,,870872,39,,,0,77,,870864,39,,,0,74,,870871,39,,,0,31,,870869,39,,,0,63,,870865,39,,,0,27,,870866,39,,,0,101,,870870,39,,,0,101,,870867,39,,,0,100,,870868,39,,,0,101,,870873,39,,,0,107,,870881,39,,,0
5302,'20260716',729,,870902,39,,,0,28,,870905,39,,,0,74,,870884,39,,,0,79,,870896,39,,,0,30,,870904,39,,,0,88,,870897,39,,,0,100,,870885,39,,,0,99,,870901,39,,,0,101,,870898,39,,,0,100,,870899,39,,,0,100,,870900,39,,,0,29,,870894,39,,,0,77,,870886,39,,,0,74,,870893,39,,,0,31,,870891,39,,,0,63,,870887,39,,,0,27,,870888,39,,,0,101,,870892,39,,,0,101,,870889,39,,,0,100,,870890,39,,,0,101,,870895,39,,,0,107,,870903,39,,,0
5302,'20260717',729,,870924,39,,,0,28,,870927,39,,,0,74,,870906,39,,,0,79,,870918,39,,,0,30,,870926,39,,,0,88,,870919,39,,,0,100,,870907,39,,,0,99,,870923,39,,,0,101,,870920,39,,,0,100,,870921,39,,,0,100,,870922,39,,,0,29,,870916,39,,,0,77,,870908,39,,,0,74,,870915,39,,,0,31,,870913,39,,,0,63,,870909,39,,,0,27,,870910,39,,,0,101,,870914,39,,,0,101,,870911,39,,,0,100,,870912,39,,,0,101,,870917,39,,,0,107,,870925,39,,,0
5302,'20260718',726,,903708,39,,,0,101,,903695,39,,,0,100,,903696,39,,,0,100,,903707,39,,,0,100,,903697,39,,,0,99,,903698,39,,,0,100,,903709,39,,,0,99,,903699,39,,,0,98,,903700,39,,,0,105,,903710,39,,,0,98,,903701,39,,,0,100,,903702,39,,,0,100,,903706,39,,,0,99,,903703,39,,,0,100,,903704,39,,,0,98,,903711,39,,,0,106,,903705,39,,,0
5302,'20260719',726,,903725,39,,,0,101,,903712,39,,,0,100,,903713,39,,,0,100,,903724,39,,,0,100,,903714,39,,,0,99,,903715,39,,,0,100,,903726,39,,,0,99,,903716,39,,,0,98,,903717,39,,,0,105,,903728,39,,,0,98,,903718,39,,,0,100,,903719,39,,,0,100,,903723,39,,,0,99,,903720,39,,,0,100,,903721,39,,,0,98,,903727,39,,,0,106,,903722,39,,,0
5302,'20260720',729,,903747,39,,,0,28,,903750,39,,,0,74,,903729,39,,,0,79,,903741,39,,,0,30,,903749,39,,,0,88,,903742,39,,,0,100,,903730,39,,,0,99,,903746,39,,,0,101,,903743,39,,,0,100,,903744,39,,,0,100,,903745,39,,,0,29,,903739,39,,,0,77,,903731,39,,,0,74,,903738,39,,,0,31,,903736,39,,,0,63,,903732,39,,,0,27,,903733,39,,,0,101,,903737,39,,,0,101,,903734,39,,,0,100,,903735,39,,,0,101,,903740,39,,,0,107,,903748,39,,,0
5302,'20260721',729,,903769,39,,,0,28,,903772,39,,,0,74,,903751,39,,,0,79,,903763,39,,,0,30,,903771,39,,,0,88,,903764,39,,,0,100,,903752,39,,,0,99,,903768,39,,,0,101,,903765,39,,,0,100,,903766,39,,,0,100,,903767,39,,,0,29,,903761,39,,,0,77,,903753,39,,,0,74,,903760,39,,,0,31,,903758,39,,,0,63,,903754,39,,,0,27,,903755,39,,,0,101,,903759,39,,,0,101,,903756,39,,,0,100,,903757,39,,,0,101,,903762,39,,,0,107,,903770,39,,,0
25300,'20260707',1615,,883182,38,4,,0,29,,883183,38,4,,0,68,,883184,38,4,,0,29,,883185,38,4,,0
25300,'20260708',1615,,883186,38,4,,0,29,,883187,38,4,,0,68,,883188,38,4,,0,29,,883189,38,4,,0
25300,'20260709',1615,,883190,38,4,,0,29,,883191,38,4,,0,68,,883192,38,4,,0,29,,883193,38,4,,0
25300,'20260710',1615,,909262,38,4,,0,29,,909263,38,4,,0,68,,909264,38,4,,0,29,,909265,38,4,,0
25300,'20260713',1615,,854694,38,4,,0,29,,854695,38,4,,0,68,,854696,38,4,,0,29,,854697,38,4,,0
25300,'20260714',1615,,854698,38,4,,0,29,,854699,38,4,,0,68,,854700,38,4,,0,29,,854701,38,4,,0
25300,'20260715',1615,,883194,38,4,,0,29,,883195,38,4,,0,68,,883196,38,4,,0,29,,883197,38,4,,0
25300,'20260716',1615,,883198,38,4,,0,29,,883199,38,4,,0,68,,883200,38,4,,0,29,,883201,38,4,,0
25300,'20260717',1615,,883202,38,4,,0,29,,883203,38,4,,0,68,,883204,38,4,,0,29,,883205,38,4,,0
25300,'20260720',1615,,909266,38,4,,0,29,,909267,38,4,,0,68,,909268,38,4,,0,29,,909269,38,4,,0
25300,'20260721',1615,,909270,38,4,,0,29,,909271,38,4,,0,68,,909272,38,4,,0,29,,909273,38,4,,0
