5103,'20260605',559,,639250,13,,,0,142,,639251,13,,,0,105,,639252,13,,,0,94,,639253,13,,,0,100,,639254,13,,,0,101,,639255,13,,,0,99,,639256,13,,,0,100,,639257,13,,,0,100,,639258,13,,,0,100,,639259,13,,,0,101,,639260,13,,,0,103,,639261,13,,,0,96,,639262,13,,,0,59,,639263,13,,,0,100,,639264,13,,,0,100,,639265,13,,,0,100,,639266,13,,,0,100,,639267,13,,,0
5103,'20260606',703,,660871,13,,,0,100,,660872,13,,,0,100,,660873,13,,,0,100,,660874,13,,,0,100,,660875,13,,,0,102,,660876,13,,,0,100,,660877,13,,,0,101,,660878,13,,,0,100,,660879,13,,,0,100,,660880,13,,,0,103,,660881,13,,,0,96,,660882,13,,,0,97,,660883,13,,,0,101,,660884,13,,,0,100,,660885,13,,,0,100,,660886,13,,,0,100,,660887,13,,,0
5103,'20260607',703,,660888,13,,,0,100,,660889,13,,,0,100,,660890,13,,,0,100,,660891,13,,,0,100,,660892,13,,,0,102,,660893,13,,,0,100,,660894,13,,,0,101,,660895,13,,,0,100,,660896,13,,,0,100,,660897,13,,,0,103,,660898,13,,,0,96,,660899,13,,,0,97,,660900,13,,,0,101,,660901,13,,,0,100,,660902,13,,,0,100,,660903,13,,,0,100,,660904,13,,,0
5103,'20260608',559,,660905,13,,,0,142,,660906,13,,,0,105,,660907,13,,,0,94,,660908,13,,,0,100,,660909,13,,,0,101,,660910,13,,,0,99,,660911,13,,,0,100,,660912,13,,,0,100,,660913,13,,,0,100,,660914,13,,,0,101,,660915,13,,,0,103,,660916,13,,,0,96,,660917,13,,,0,59,,660918,13,,,0,100,,660919,13,,,0,100,,660920,13,,,0,100,,660921,13,,,0,100,,660922,13,,,0
5103,'20260609',559,,660923,13,,,0,142,,660924,13,,,0,105,,660925,13,,,0,94,,660926,13,,,0,100,,660927,13,,,0,101,,660928,13,,,0,99,,660929,13,,,0,100,,660930,13,,,0,100,,660931,13,,,0,100,,660932,13,,,0,101,,660933,13,,,0,103,,660934,13,,,0,96,,660935,13,,,0,59,,660936,13,,,0,100,,660937,13,,,0,100,,660938,13,,,0,100,,660939,13,,,0,100,,660940,13,,,0
5103,'20260610',559,,660941,13,,,0,142,,660942,13,,,0,105,,660943,13,,,0,94,,660944,13,,,0,100,,660945,13,,,0,101,,660946,13,,,0,99,,660947,13,,,0,100,,660948,13,,,0,100,,660949,13,,,0,100,,660950,13,,,0,101,,660951,13,,,0,103,,660952,13,,,0,96,,660953,13,,,0,59,,660954,13,,,0,100,,660955,13,,,0,100,,660956,13,,,0,100,,660957,13,,,0,100,,660958,13,,,0
5103,'20260611',559,,660959,13,,,0,142,,660960,13,,,0,105,,660961,13,,,0,94,,660962,13,,,0,100,,660963,13,,,0,101,,660964,13,,,0,99,,660965,13,,,0,100,,660966,13,,,0,100,,660967,13,,,0,100,,660968,13,,,0,101,,660969,13,,,0,103,,660970,13,,,0,96,,660971,13,,,0,59,,660972,13,,,0,100,,660973,13,,,0,100,,660974,13,,,0,100,,660975,13,,,0,100,,660976,13,,,0
5103,'20260612',559,,604131,13,,,0,142,,604132,13,,,0,105,,604133,13,,,0,94,,604134,13,,,0,100,,604135,13,,,0,101,,604136,13,,,0,99,,604137,13,,,0,100,,604138,13,,,0,100,,604139,13,,,0,100,,604140,13,,,0,101,,604141,13,,,0,103,,604142,13,,,0,96,,604143,13,,,0,59,,604144,13,,,0,100,,604145,13,,,0,100,,604146,13,,,0,100,,604147,13,,,0,100,,604148,13,,,0
5103,'20260613',703,,639284,13,,,0,100,,639268,13,,,0,100,,639269,13,,,0,100,,639270,13,,,0,100,,639271,13,,,0,102,,639272,13,,,0,100,,639273,13,,,0,101,,639274,13,,,0,100,,639275,13,,,0,100,,639276,13,,,0,103,,639277,13,,,0,96,,639278,13,,,0,97,,639279,13,,,0,101,,639280,13,,,0,100,,639281,13,,,0,100,,639282,13,,,0,100,,639283,13,,,0
5103,'20260614',703,,639301,13,,,0,100,,639285,13,,,0,100,,639286,13,,,0,100,,639287,13,,,0,100,,639288,13,,,0,102,,639289,13,,,0,100,,639290,13,,,0,101,,639291,13,,,0,100,,639292,13,,,0,100,,639293,13,,,0,103,,639294,13,,,0,96,,639295,13,,,0,97,,639296,13,,,0,101,,639297,13,,,0,100,,639298,13,,,0,100,,639299,13,,,0,100,,639300,13,,,0
5103,'20260615',559,,639302,13,,,0,142,,639303,13,,,0,105,,639304,13,,,0,94,,639305,13,,,0,100,,639306,13,,,0,101,,639307,13,,,0,99,,639308,13,,,0,100,,639309,13,,,0,100,,639310,13,,,0,100,,639311,13,,,0,101,,639312,13,,,0,103,,639313,13,,,0,96,,639314,13,,,0,59,,639315,13,,,0,100,,639316,13,,,0,100,,639317,13,,,0,100,,639318,13,,,0,100,,639319,13,,,0
5103,'20260616',559,,639320,13,,,0,142,,639321,13,,,0,105,,639322,13,,,0,94,,639323,13,,,0,100,,639324,13,,,0,101,,639325,13,,,0,99,,639326,13,,,0,100,,639327,13,,,0,100,,639328,13,,,0,100,,639329,13,,,0,101,,639330,13,,,0,103,,639331,13,,,0,96,,639332,13,,,0,59,,639333,13,,,0,100,,639334,13,,,0,100,,639335,13,,,0,100,,639336,13,,,0,100,,639337,13,,,0
5103,'20260617',559,,660977,13,,,0,142,,660978,13,,,0,105,,660979,13,,,0,94,,660980,13,,,0,100,,660981,13,,,0,101,,660982,13,,,0,99,,660983,13,,,0,100,,660984,13,,,0,100,,660985,13,,,0,100,,660986,13,,,0,101,,660987,13,,,0,103,,660988,13,,,0,96,,660989,13,,,0,59,,660990,13,,,0,100,,660991,13,,,0,100,,660992,13,,,0,100,,660993,13,,,0,100,,660994,13,,,0
5103,'20260618',559,,660995,13,,,0,142,,660996,13,,,0,105,,660997,13,,,0,94,,660998,13,,,0,100,,660999,13,,,0,101,,661000,13,,,0,99,,661001,13,,,0,100,,661002,13,,,0,100,,661003,13,,,0,100,,661004,13,,,0,101,,661005,13,,,0,103,,661006,13,,,0,96,,661007,13,,,0,59,,661008,13,,,0,100,,661009,13,,,0,100,,661010,13,,,0,100,,661011,13,,,0,100,,661012,13,,,0
5103,'20260619',559,,661013,13,,,0,142,,661014,13,,,0,105,,661015,13,,,0,94,,661016,13,,,0,100,,661017,13,,,0,101,,661018,13,,,0,99,,661019,13,,,0,100,,661020,13,,,0,100,,661021,13,,,0,100,,661022,13,,,0,101,,661023,13,,,0,103,,661024,13,,,0,96,,661025,13,,,0,59,,661026,13,,,0,100,,661027,13,,,0,100,,661028,13,,,0,100,,661029,13,,,0,100,,661030,13,,,0
25101,'20260605',702,,645217,13,,,0,25,,645218,13,,,0,28,,645219,13,,,0
25101,'20260608',702,,672263,13,,,0,25,,672264,13,,,0,28,,672265,13,,,0
25101,'20260609',702,,672266,13,,,0,25,,672267,13,,,0,28,,672268,13,,,0
25101,'20260610',702,,672269,13,,,0,25,,672270,13,,,0,28,,672271,13,,,0
25101,'20260611',702,,672272,13,,,0,25,,672273,13,,,0,28,,672274,13,,,0
25101,'20260612',702,,617296,13,,,0,25,,617297,13,,,0,28,,617298,13,,,0
25101,'20260615',702,,645220,13,,,0,25,,645221,13,,,0,28,,645222,13,,,0
25101,'20260616',702,,645223,13,,,0,25,,645224,13,,,0,28,,645225,13,,,0
25101,'20260617',702,,672275,13,,,0,25,,672276,13,,,0,28,,672277,13,,,0
25101,'20260618',702,,672278,13,,,0,25,,672279,13,,,0,28,,672280,13,,,0
25101,'20260619',702,,672281,13,,,0,25,,672282,13,,,0,28,,672283,13,,,0
