8501,'20260612',1217,,694303,9,,,0,391,,694304,9,,,0,101,,694305,9,,,0,26,,694306,9,,,0,11,,694307,9,,,0
8501,'20260613',1721,,718354,9,,,0
8501,'20260614',1721,,718355,9,,,0
8501,'20260615',1217,,718356,9,,,0,391,,718357,9,,,0,101,,718358,9,,,0,26,,718359,9,,,0,11,,718360,9,,,0
8501,'20260616',1217,,718361,9,,,0,391,,718362,9,,,0,101,,718363,9,,,0,26,,718364,9,,,0,11,,718365,9,,,0
8501,'20260617',1217,,718366,9,,,0,391,,718367,9,,,0,101,,718368,9,,,0,26,,718369,9,,,0,11,,718370,9,,,0
8501,'20260618',1217,,718371,9,,,0,391,,718372,9,,,0,101,,718373,9,,,0,26,,718374,9,,,0,11,,718375,9,,,0
8501,'20260619',1217,,669153,9,,,0,391,,669154,9,,,0,101,,669155,9,,,0,26,,669156,9,,,0,11,,669157,9,,,0
8501,'20260620',1721,,694308,9,,,0
8501,'20260621',1721,,694309,9,,,0
8501,'20260622',1217,,694310,9,,,0,391,,694311,9,,,0,106,,694312,9,,,0,21,,694313,9,,,0,11,,694314,9,,,0
8501,'20260623',1217,,718376,9,,,0,391,,718377,9,,,0,106,,718378,9,,,0,21,,718379,9,,,0,11,,718380,9,,,0
8501,'20260624',1721,,718381,9,,,0
8501,'20260625',1217,,718382,9,,,0,391,,718383,9,,,0,106,,718384,9,,,0,21,,718385,9,,,0,11,,718386,9,,,0
8501,'20260626',1217,,718387,9,,,0,391,,718388,9,,,0,106,,718389,9,,,0,21,,718390,9,,,0,11,,718391,9,,,0
