3100,'20260626',637,,797288,10,,,0,81,,797289,10,,,0,30,,797290,10,,,0,70,,797291,10,,,0,39,,797292,10,,,0,97,,797293,10,,,0,99,,797294,10,,,0,100,,797295,10,,,0,101,,797296,10,,,0,99,,797297,10,,,0,99,,797298,10,,,0,66,,797299,10,,,0,39,,797300,10,,,0,81,,797301,10,,,0,70,,797302,10,,,0,29,,797303,10,,,0,69,,797304,10,,,0,96,,797305,10,,,0,105,,797306,10,,,0,95,,797307,10,,,0,100,,797308,10,,,0,100,,797309,10,,,0,198,,797310,10,,,0
3100,'20260627',737,,819472,10,,,0,202,,819473,10,,,0,200,,819474,10,,,0,200,,819475,10,,,0,199,,819476,10,,,0,198,,819477,10,,,0,206,,819478,10,,,0,202,,819479,10,,,0,198,,819480,10,,,0,158,,819481,10,,,0
3100,'20260628',737,,819482,10,,,0,202,,819483,10,,,0,200,,819484,10,,,0,200,,819485,10,,,0,199,,819486,10,,,0,198,,819487,10,,,0,206,,819488,10,,,0,202,,819489,10,,,0,198,,819490,10,,,0,158,,819491,10,,,0
3100,'20260629',637,,819492,10,,,0,81,,819493,10,,,0,30,,819494,10,,,0,70,,819495,10,,,0,39,,819496,10,,,0,97,,819497,10,,,0,99,,819498,10,,,0,100,,819499,10,,,0,101,,819500,10,,,0,99,,819501,10,,,0,99,,819502,10,,,0,66,,819503,10,,,0,39,,819504,10,,,0,81,,819505,10,,,0,70,,819506,10,,,0,29,,819507,10,,,0,69,,819508,10,,,0,96,,819509,10,,,0,105,,819510,10,,,0,95,,819511,10,,,0,100,,819512,10,,,0,100,,819513,10,,,0,198,,819514,10,,,0
3100,'20260630',637,,819515,10,,,0,81,,819516,10,,,0,30,,819517,10,,,0,70,,819518,10,,,0,39,,819519,10,,,0,97,,819520,10,,,0,99,,819521,10,,,0,100,,819522,10,,,0,101,,819523,10,,,0,99,,819524,10,,,0,99,,819525,10,,,0,66,,819526,10,,,0,39,,819527,10,,,0,81,,819528,10,,,0,70,,819529,10,,,0,29,,819530,10,,,0,69,,819531,10,,,0,96,,819532,10,,,0,105,,819533,10,,,0,95,,819534,10,,,0,100,,819535,10,,,0,100,,819536,10,,,0,198,,819537,10,,,0
3100,'20260701',737,,819538,10,,,0,202,,819539,10,,,0,200,,819540,10,,,0,200,,819541,10,,,0,199,,819542,10,,,0,198,,819543,10,,,0,206,,819544,10,,,0,202,,819545,10,,,0,198,,819546,10,,,0,158,,819547,10,,,0
3100,'20260702',637,,819548,10,,,0,81,,819549,10,,,0,30,,819550,10,,,0,70,,819551,10,,,0,39,,819552,10,,,0,97,,819553,10,,,0,99,,819554,10,,,0,100,,819555,10,,,0,101,,819556,10,,,0,99,,819557,10,,,0,99,,819558,10,,,0,66,,819559,10,,,0,39,,819560,10,,,0,81,,819561,10,,,0,70,,819562,10,,,0,29,,819563,10,,,0,69,,819564,10,,,0,96,,819565,10,,,0,105,,819566,10,,,0,95,,819567,10,,,0,100,,819568,10,,,0,100,,819569,10,,,0,198,,819570,10,,,0
3100,'20260703',637,,772176,10,,,0,81,,772197,10,,,0,30,,772195,10,,,0,70,,772196,10,,,0,39,,772177,10,,,0,97,,772178,10,,,0,99,,772179,10,,,0,100,,772180,10,,,0,101,,772181,10,,,0,99,,772182,10,,,0,99,,772183,10,,,0,66,,772184,10,,,0,39,,772185,10,,,0,81,,772186,10,,,0,70,,772187,10,,,0,29,,772188,10,,,0,69,,772189,10,,,0,96,,772190,10,,,0,105,,772191,10,,,0,95,,772192,10,,,0,100,,772193,10,,,0,100,,772194,10,,,0,198,,772198,10,,,0
3100,'20260704',737,,797311,10,,,0,202,,797312,10,,,0,200,,797313,10,,,0,200,,797314,10,,,0,199,,797315,10,,,0,198,,797316,10,,,0,206,,797317,10,,,0,202,,797318,10,,,0,198,,797319,10,,,0,158,,797320,10,,,0
3100,'20260705',737,,797321,10,,,0,202,,797322,10,,,0,200,,797323,10,,,0,200,,797324,10,,,0,199,,797325,10,,,0,198,,797326,10,,,0,206,,797327,10,,,0,202,,797328,10,,,0,198,,797329,10,,,0,158,,797330,10,,,0
3100,'20260706',637,,797331,10,,,0,81,,797352,10,,,0,30,,797350,10,,,0,70,,797351,10,,,0,39,,797332,10,,,0,97,,797333,10,,,0,99,,797334,10,,,0,100,,797335,10,,,0,101,,797336,10,,,0,99,,797337,10,,,0,99,,797338,10,,,0,66,,797339,10,,,0,39,,797340,10,,,0,81,,797341,10,,,0,70,,797342,10,,,0,29,,797343,10,,,0,69,,797344,10,,,0,96,,797345,10,,,0,105,,797346,10,,,0,95,,797347,10,,,0,100,,797348,10,,,0,100,,797349,10,,,0,198,,797353,10,,,0
3100,'20260707',637,,797354,10,,,0,81,,797375,10,,,0,30,,797373,10,,,0,70,,797374,10,,,0,39,,797355,10,,,0,97,,797356,10,,,0,99,,797357,10,,,0,100,,797358,10,,,0,101,,797359,10,,,0,99,,797360,10,,,0,99,,797361,10,,,0,66,,797362,10,,,0,39,,797363,10,,,0,81,,797364,10,,,0,70,,797365,10,,,0,29,,797366,10,,,0,69,,797367,10,,,0,96,,797368,10,,,0,105,,797369,10,,,0,95,,797370,10,,,0,100,,797371,10,,,0,100,,797372,10,,,0,198,,797376,10,,,0
3100,'20260708',637,,819571,10,,,0,81,,819592,10,,,0,30,,819590,10,,,0,70,,819591,10,,,0,39,,819572,10,,,0,97,,819573,10,,,0,99,,819574,10,,,0,100,,819575,10,,,0,101,,819576,10,,,0,99,,819577,10,,,0,99,,819578,10,,,0,66,,819579,10,,,0,39,,819580,10,,,0,81,,819581,10,,,0,70,,819582,10,,,0,29,,819583,10,,,0,69,,819584,10,,,0,96,,819585,10,,,0,105,,819586,10,,,0,95,,819587,10,,,0,100,,819588,10,,,0,100,,819589,10,,,0,198,,819593,10,,,0
3100,'20260709',637,,819594,10,,,0,81,,819615,10,,,0,30,,819613,10,,,0,70,,819614,10,,,0,39,,819595,10,,,0,97,,819596,10,,,0,99,,819597,10,,,0,100,,819598,10,,,0,101,,819599,10,,,0,99,,819600,10,,,0,99,,819601,10,,,0,66,,819602,10,,,0,39,,819603,10,,,0,81,,819604,10,,,0,70,,819605,10,,,0,29,,819606,10,,,0,69,,819607,10,,,0,96,,819608,10,,,0,105,,819609,10,,,0,95,,819610,10,,,0,100,,819611,10,,,0,100,,819612,10,,,0,198,,819616,10,,,0
3100,'20260710',637,,819617,10,,,0,81,,819638,10,,,0,30,,819636,10,,,0,70,,819637,10,,,0,39,,819618,10,,,0,97,,819619,10,,,0,99,,819620,10,,,0,100,,819621,10,,,0,101,,819622,10,,,0,99,,819623,10,,,0,99,,819624,10,,,0,66,,819625,10,,,0,39,,819626,10,,,0,81,,819627,10,,,0,70,,819628,10,,,0,29,,819629,10,,,0,69,,819630,10,,,0,96,,819631,10,,,0,105,,819632,10,,,0,95,,819633,10,,,0,100,,819634,10,,,0,100,,819635,10,,,0,198,,819639,10,,,0
93100,'20260626',2610,,845089,43,,,0,125,,814349,64,,,0
93100,'20260627',2610,,845090,43,,,0,125,,845091,64,,,0
93100,'20260703',2610,,793795,43,,,0,125,,793796,64,,,0
93100,'20260704',2610,,814350,43,,,0,125,,814351,64,,,0
93100,'20260710',2610,,845092,43,,,0,125,,845093,64,,,0
