7202,'20260605',555,,641737,52,,,0,70,,641738,52,,,0,30,,641739,52,,,0,69,,641740,52,,,0,28,,641741,52,,,0,70,,641742,52,,,0,30,,641743,52,,,0,72,,641744,52,,,0,30,,641745,52,,,0,70,,641746,52,,,0,30,,641747,52,,,0,70,,641748,52,,,0,30,,641749,52,,,0,70,,641750,52,,,0,29,,641751,52,,,0,70,,641752,52,,,0,30,,641753,52,,,0,70,,641754,52,,,0,30,,641755,52,,,0,70,,641756,52,,,0,28,,641757,52,,,0,69,,641758,52,,,0,29,,641759,52,,,0,71,,641760,52,,,0,32,,641761,52,,,0,72,,641762,52,,,0,30,,641763,52,,,0,100,,641764,52,,,0,100,,641765,52,,,0,101,,641766,52,,,0,100,,641767,52,,,0,100,,641768,52,,,0
7202,'20260606',655,,665562,52,,,0,100,,665563,52,,,0,100,,665564,52,,,0,99,,665565,52,,,0,100,,665566,52,,,0,100,,665567,52,,,0,100,,665568,52,,,0,100,,665569,52,,,0,99,,665570,52,,,0,101,,665571,52,,,0,100,,665572,52,,,0,100,,665573,52,,,0,100,,665574,52,,,0,101,,665575,52,,,0,100,,665576,52,,,0,100,,665577,52,,,0,100,,665578,52,,,0,100,,665579,52,,,0
7202,'20260607',655,,665580,52,,,0,100,,665581,52,,,0,100,,665582,52,,,0,99,,665583,52,,,0,100,,665584,52,,,0,100,,665585,52,,,0,100,,665586,52,,,0,100,,665587,52,,,0,99,,665588,52,,,0,101,,665589,52,,,0,100,,665590,52,,,0,100,,665591,52,,,0,100,,665592,52,,,0,101,,665593,52,,,0,100,,665594,52,,,0,100,,665595,52,,,0,100,,665596,52,,,0,100,,665597,52,,,0
7202,'20260608',555,,665598,52,,,0,70,,665599,52,,,0,30,,665600,52,,,0,69,,665601,52,,,0,28,,665602,52,,,0,70,,665603,52,,,0,30,,665604,52,,,0,72,,665605,52,,,0,30,,665606,52,,,0,70,,665607,52,,,0,30,,665608,52,,,0,70,,665609,52,,,0,30,,665610,52,,,0,70,,665611,52,,,0,29,,665612,52,,,0,70,,665613,52,,,0,30,,665614,52,,,0,70,,665615,52,,,0,30,,665616,52,,,0,70,,665617,52,,,0,28,,665618,52,,,0,69,,665619,52,,,0,29,,665620,52,,,0,71,,665621,52,,,0,32,,665622,52,,,0,72,,665623,52,,,0,30,,665624,52,,,0,100,,665625,52,,,0,100,,665626,52,,,0,101,,665627,52,,,0,100,,665628,52,,,0,100,,665629,52,,,0
7202,'20260609',555,,665630,52,,,0,70,,665631,52,,,0,30,,665632,52,,,0,69,,665633,52,,,0,28,,665634,52,,,0,70,,665635,52,,,0,30,,665636,52,,,0,72,,665637,52,,,0,30,,665638,52,,,0,70,,665639,52,,,0,30,,665640,52,,,0,70,,665641,52,,,0,30,,665642,52,,,0,70,,665643,52,,,0,29,,665644,52,,,0,70,,665645,52,,,0,30,,665646,52,,,0,70,,665647,52,,,0,30,,665648,52,,,0,70,,665649,52,,,0,28,,665650,52,,,0,69,,665651,52,,,0,29,,665652,52,,,0,71,,665653,52,,,0,32,,665654,52,,,0,72,,665655,52,,,0,30,,665656,52,,,0,100,,665657,52,,,0,100,,665658,52,,,0,101,,665659,52,,,0,100,,665660,52,,,0,100,,665661,52,,,0
7202,'20260610',555,,665662,52,,,0,70,,665663,52,,,0,30,,665664,52,,,0,69,,665665,52,,,0,28,,665666,52,,,0,70,,665667,52,,,0,30,,665668,52,,,0,72,,665669,52,,,0,30,,665670,52,,,0,70,,665671,52,,,0,30,,665672,52,,,0,70,,665673,52,,,0,30,,665674,52,,,0,70,,665675,52,,,0,29,,665676,52,,,0,70,,665677,52,,,0,30,,665678,52,,,0,70,,665679,52,,,0,30,,665680,52,,,0,70,,665681,52,,,0,28,,665682,52,,,0,69,,665683,52,,,0,29,,665684,52,,,0,71,,665685,52,,,0,32,,665686,52,,,0,72,,665687,52,,,0,30,,665688,52,,,0,100,,665689,52,,,0,100,,665690,52,,,0,101,,665691,52,,,0,100,,665692,52,,,0,100,,665693,52,,,0
7202,'20260611',555,,665694,52,,,0,70,,665695,52,,,0,30,,665696,52,,,0,69,,665697,52,,,0,28,,665698,52,,,0,70,,665699,52,,,0,30,,665700,52,,,0,72,,665701,52,,,0,30,,665702,52,,,0,70,,665703,52,,,0,30,,665704,52,,,0,70,,665705,52,,,0,30,,665706,52,,,0,70,,665707,52,,,0,29,,665708,52,,,0,70,,665709,52,,,0,30,,665710,52,,,0,70,,665711,52,,,0,30,,665712,52,,,0,70,,665713,52,,,0,28,,665714,52,,,0,69,,665715,52,,,0,29,,665716,52,,,0,71,,665717,52,,,0,32,,665718,52,,,0,72,,665719,52,,,0,30,,665720,52,,,0,100,,665721,52,,,0,100,,665722,52,,,0,101,,665723,52,,,0,100,,665724,52,,,0,100,,665725,52,,,0
7202,'20260612',555,,609742,52,,,0,70,,609743,52,,,0,30,,609744,52,,,0,69,,609745,52,,,0,28,,609746,52,,,0,70,,609747,52,,,0,30,,609748,52,,,0,72,,609764,52,,,0,30,,609749,52,,,0,70,,609765,52,,,0,30,,609750,52,,,0,70,,609766,52,,,0,30,,609751,52,,,0,70,,609767,52,,,0,29,,609752,52,,,0,70,,609768,52,,,0,30,,609753,52,,,0,70,,609769,52,,,0,30,,609754,52,,,0,70,,609770,52,,,0,28,,609755,52,,,0,69,,609771,52,,,0,29,,609756,52,,,0,71,,609772,52,,,0,32,,609757,52,,,0,72,,609773,52,,,0,30,,609758,52,,,0,100,,609759,52,,,0,100,,609760,52,,,0,101,,609761,52,,,0,100,,609762,52,,,0,100,,609763,52,,,0
7202,'20260613',655,,641769,52,,,0,100,,641770,52,,,0,100,,641771,52,,,0,99,,641772,52,,,0,100,,641773,52,,,0,100,,641774,52,,,0,100,,641775,52,,,0,100,,641776,52,,,0,99,,641777,52,,,0,101,,641778,52,,,0,100,,641779,52,,,0,100,,641780,52,,,0,100,,641781,52,,,0,101,,641782,52,,,0,100,,641783,52,,,0,100,,641784,52,,,0,100,,641785,52,,,0,100,,641786,52,,,0
7202,'20260614',655,,641787,52,,,0,100,,641788,52,,,0,100,,641789,52,,,0,99,,641790,52,,,0,100,,641791,52,,,0,100,,641792,52,,,0,100,,641793,52,,,0,100,,641794,52,,,0,99,,641795,52,,,0,101,,641796,52,,,0,100,,641797,52,,,0,100,,641798,52,,,0,100,,641799,52,,,0,101,,641800,52,,,0,100,,641801,52,,,0,100,,641802,52,,,0,100,,641803,52,,,0,100,,641804,52,,,0
7202,'20260615',555,,641805,52,,,0,70,,641806,52,,,0,30,,641807,52,,,0,69,,641808,52,,,0,28,,641809,52,,,0,70,,641810,52,,,0,30,,641811,52,,,0,72,,641827,52,,,0,30,,641812,52,,,0,70,,641828,52,,,0,30,,641813,52,,,0,70,,641829,52,,,0,30,,641814,52,,,0,70,,641830,52,,,0,29,,641815,52,,,0,70,,641831,52,,,0,30,,641816,52,,,0,70,,641832,52,,,0,30,,641817,52,,,0,70,,641833,52,,,0,28,,641818,52,,,0,69,,641834,52,,,0,29,,641819,52,,,0,71,,641835,52,,,0,32,,641820,52,,,0,72,,641836,52,,,0,30,,641821,52,,,0,100,,641822,52,,,0,100,,641823,52,,,0,101,,641824,52,,,0,100,,641825,52,,,0,100,,641826,52,,,0
7202,'20260616',555,,641837,52,,,0,70,,641838,52,,,0,30,,641839,52,,,0,69,,641840,52,,,0,28,,641841,52,,,0,70,,641842,52,,,0,30,,641843,52,,,0,72,,641859,52,,,0,30,,641844,52,,,0,70,,641860,52,,,0,30,,641845,52,,,0,70,,641861,52,,,0,30,,641846,52,,,0,70,,641862,52,,,0,29,,641847,52,,,0,70,,641863,52,,,0,30,,641848,52,,,0,70,,641864,52,,,0,30,,641849,52,,,0,70,,641865,52,,,0,28,,641850,52,,,0,69,,641866,52,,,0,29,,641851,52,,,0,71,,641867,52,,,0,32,,641852,52,,,0,72,,641868,52,,,0,30,,641853,52,,,0,100,,641854,52,,,0,100,,641855,52,,,0,101,,641856,52,,,0,100,,641857,52,,,0,100,,641858,52,,,0
7202,'20260617',555,,665726,52,,,0,70,,665727,52,,,0,30,,665728,52,,,0,69,,665729,52,,,0,28,,665730,52,,,0,70,,665731,52,,,0,30,,665732,52,,,0,72,,665748,52,,,0,30,,665733,52,,,0,70,,665749,52,,,0,30,,665734,52,,,0,70,,665750,52,,,0,30,,665735,52,,,0,70,,665751,52,,,0,29,,665736,52,,,0,70,,665752,52,,,0,30,,665737,52,,,0,70,,665753,52,,,0,30,,665738,52,,,0,70,,665754,52,,,0,28,,665739,52,,,0,69,,665755,52,,,0,29,,665740,52,,,0,71,,665756,52,,,0,32,,665741,52,,,0,72,,665757,52,,,0,30,,665742,52,,,0,100,,665743,52,,,0,100,,665744,52,,,0,101,,665745,52,,,0,100,,665746,52,,,0,100,,665747,52,,,0
7202,'20260618',555,,665758,52,,,0,70,,665759,52,,,0,30,,665760,52,,,0,69,,665761,52,,,0,28,,665762,52,,,0,70,,665763,52,,,0,30,,665764,52,,,0,72,,665780,52,,,0,30,,665765,52,,,0,70,,665781,52,,,0,30,,665766,52,,,0,70,,665782,52,,,0,30,,665767,52,,,0,70,,665783,52,,,0,29,,665768,52,,,0,70,,665784,52,,,0,30,,665769,52,,,0,70,,665785,52,,,0,30,,665770,52,,,0,70,,665786,52,,,0,28,,665771,52,,,0,69,,665787,52,,,0,29,,665772,52,,,0,71,,665788,52,,,0,32,,665773,52,,,0,72,,665789,52,,,0,30,,665774,52,,,0,100,,665775,52,,,0,100,,665776,52,,,0,101,,665777,52,,,0,100,,665778,52,,,0,100,,665779,52,,,0
7202,'20260619',555,,665790,52,,,0,70,,665791,52,,,0,30,,665792,52,,,0,69,,665793,52,,,0,28,,665794,52,,,0,70,,665795,52,,,0,30,,665796,52,,,0,72,,665812,52,,,0,30,,665797,52,,,0,70,,665813,52,,,0,30,,665798,52,,,0,70,,665814,52,,,0,30,,665799,52,,,0,70,,665815,52,,,0,29,,665800,52,,,0,70,,665816,52,,,0,30,,665801,52,,,0,70,,665817,52,,,0,30,,665802,52,,,0,70,,665818,52,,,0,28,,665803,52,,,0,69,,665819,52,,,0,29,,665804,52,,,0,71,,665820,52,,,0,32,,665805,52,,,0,72,,665821,52,,,0,30,,665806,52,,,0,100,,665807,52,,,0,100,,665808,52,,,0,101,,665809,52,,,0,100,,665810,52,,,0,100,,665811,52,,,0
23000,'20260605',1540,,645028,12,4,,0,63,,645029,12,4,,0,14,,645030,12,4,,0,16,,645031,12,4,,0,17,,645032,12,4,,0,54,,645033,12,4,,0,23,,645034,12,4,,0,24,,645035,12,4,,0,52,,645036,12,4,,0
23000,'20260608',1540,,671822,12,4,,0,63,,671823,12,4,,0,14,,671824,12,4,,0,16,,671825,12,4,,0,17,,671826,12,4,,0,54,,671827,12,4,,0,23,,671828,12,4,,0,24,,671829,12,4,,0,52,,671830,12,4,,0
23000,'20260609',1540,,671831,12,4,,0,63,,671832,12,4,,0,14,,671833,12,4,,0,16,,671834,12,4,,0,17,,671835,12,4,,0,54,,671836,12,4,,0,23,,671837,12,4,,0,24,,671838,12,4,,0,52,,671839,12,4,,0
23000,'20260610',1540,,671840,12,4,,0,63,,671841,12,4,,0,14,,671842,12,4,,0,16,,671843,12,4,,0,17,,671844,12,4,,0,54,,671845,12,4,,0,23,,671846,12,4,,0,24,,671847,12,4,,0,52,,671848,12,4,,0
23000,'20260611',1540,,671849,12,4,,0,63,,671850,12,4,,0,14,,671851,12,4,,0,16,,671852,12,4,,0,17,,671853,12,4,,0,54,,671854,12,4,,0,23,,671855,12,4,,0,24,,671856,12,4,,0,52,,671857,12,4,,0
23000,'20260612',1540,,616899,12,4,,0,63,,616891,12,4,,0,14,,616897,12,4,,0,16,,616892,12,4,,0,17,,616896,12,4,,0,54,,616893,12,4,,0,23,,616898,12,4,,0,24,,616894,12,4,,0,52,,616895,12,4,,0
23000,'20260615',1540,,645045,12,4,,0,63,,645037,12,4,,0,14,,645043,12,4,,0,16,,645038,12,4,,0,17,,645042,12,4,,0,54,,645039,12,4,,0,23,,645044,12,4,,0,24,,645040,12,4,,0,52,,645041,12,4,,0
23000,'20260616',1540,,645054,12,4,,0,63,,645046,12,4,,0,14,,645052,12,4,,0,16,,645047,12,4,,0,17,,645051,12,4,,0,54,,645048,12,4,,0,23,,645053,12,4,,0,24,,645049,12,4,,0,52,,645050,12,4,,0
23000,'20260617',1540,,671866,12,4,,0,63,,671858,12,4,,0,14,,671864,12,4,,0,16,,671859,12,4,,0,17,,671863,12,4,,0,54,,671860,12,4,,0,23,,671865,12,4,,0,24,,671861,12,4,,0,52,,671862,12,4,,0
23000,'20260618',1540,,671875,12,4,,0,63,,671867,12,4,,0,14,,671873,12,4,,0,16,,671868,12,4,,0,17,,671872,12,4,,0,54,,671869,12,4,,0,23,,671874,12,4,,0,24,,671870,12,4,,0,52,,671871,12,4,,0
23000,'20260619',1540,,671884,12,4,,0,63,,671876,12,4,,0,14,,671882,12,4,,0,16,,671877,12,4,,0,17,,671881,12,4,,0,54,,671878,12,4,,0,23,,671883,12,4,,0,24,,671879,12,4,,0,52,,671880,12,4,,0
97203,'20260605',2549,,653033,10,,,0
97203,'20260606',2549,,687610,10,,,0
97203,'20260612',2549,,634955,10,,,0
97203,'20260613',2549,,653034,10,,,0
97203,'20260619',2549,,687611,10,,,0
