5303,'20260626',554,,798903,28,,,0,101,,798904,28,,,0,65,,798905,28,,,0,35,,798906,28,,,0,69,,798907,28,,,0,33,,798908,28,,,0,79,,798909,28,,,0,77,,798910,28,,,0,41,,798911,28,,,0,100,,798912,28,,,0,100,,798913,28,,,0,101,,798914,28,,,0,100,,798915,28,,,0,102,,798916,28,,,0,66,,798917,28,,,0,35,,798918,28,,,0,98,,798919,28,,,0,99,,798920,28,,,0,101,,798921,28,,,0,101,,798922,28,,,0,100,,798923,28,,,0,101,,798924,28,,,0
5303,'20260627',646,,821896,28,,,0,105,,821897,28,,,0,101,,821898,28,,,0,101,,821899,28,,,0,100,,821900,28,,,0,100,,821901,28,,,0,99,,821902,28,,,0,101,,821903,28,,,0,99,,821904,28,,,0,107,,821905,28,,,0,96,,821906,28,,,0,97,,821907,28,,,0,100,,821908,28,,,0,100,,821909,28,,,0,99,,821910,28,,,0,100,,821911,28,,,0,98,,821912,28,,,0
5303,'20260628',646,,821913,28,,,0,105,,821914,28,,,0,101,,821915,28,,,0,101,,821916,28,,,0,100,,821917,28,,,0,100,,821918,28,,,0,99,,821919,28,,,0,101,,821920,28,,,0,99,,821921,28,,,0,107,,821922,28,,,0,96,,821923,28,,,0,97,,821924,28,,,0,100,,821925,28,,,0,100,,821926,28,,,0,99,,821927,28,,,0,100,,821928,28,,,0,98,,821929,28,,,0
5303,'20260629',554,,821930,28,,,0,101,,821931,28,,,0,65,,821932,28,,,0,35,,821933,28,,,0,69,,821934,28,,,0,33,,821935,28,,,0,79,,821936,28,,,0,77,,821937,28,,,0,41,,821938,28,,,0,100,,821939,28,,,0,100,,821940,28,,,0,101,,821941,28,,,0,100,,821942,28,,,0,102,,821943,28,,,0,66,,821944,28,,,0,35,,821945,28,,,0,98,,821946,28,,,0,99,,821947,28,,,0,101,,821948,28,,,0,101,,821949,28,,,0,100,,821950,28,,,0,101,,821951,28,,,0
5303,'20260630',554,,821952,28,,,0,101,,821953,28,,,0,65,,821954,28,,,0,35,,821955,28,,,0,69,,821956,28,,,0,33,,821957,28,,,0,79,,821958,28,,,0,77,,821959,28,,,0,41,,821960,28,,,0,100,,821961,28,,,0,100,,821962,28,,,0,101,,821963,28,,,0,100,,821964,28,,,0,102,,821965,28,,,0,66,,821966,28,,,0,35,,821967,28,,,0,98,,821968,28,,,0,99,,821969,28,,,0,101,,821970,28,,,0,101,,821971,28,,,0,100,,821972,28,,,0,101,,821973,28,,,0
5303,'20260701',646,,821974,28,,,0,105,,821975,28,,,0,101,,821976,28,,,0,101,,821977,28,,,0,100,,821978,28,,,0,100,,821979,28,,,0,99,,821980,28,,,0,101,,821981,28,,,0,99,,821982,28,,,0,107,,821983,28,,,0,96,,821984,28,,,0,97,,821985,28,,,0,100,,821986,28,,,0,100,,821987,28,,,0,99,,821988,28,,,0,100,,821989,28,,,0,98,,821990,28,,,0
5303,'20260702',554,,821991,28,,,0,101,,821992,28,,,0,65,,821993,28,,,0,35,,821994,28,,,0,69,,821995,28,,,0,33,,821996,28,,,0,79,,821997,28,,,0,77,,821998,28,,,0,41,,821999,28,,,0,100,,822000,28,,,0,100,,822001,28,,,0,101,,822002,28,,,0,100,,822003,28,,,0,102,,822004,28,,,0,66,,822005,28,,,0,35,,822006,28,,,0,98,,822007,28,,,0,99,,822008,28,,,0,101,,822009,28,,,0,101,,822010,28,,,0,100,,822011,28,,,0,101,,822012,28,,,0
5303,'20260703',554,,774254,28,,,0,101,,774241,28,,,0,65,,774252,28,,,0,35,,774253,28,,,0,69,,774242,28,,,0,33,,774256,28,,,0,79,,774255,28,,,0,77,,774243,28,,,0,41,,774258,28,,,0,100,,774244,28,,,0,100,,774245,28,,,0,101,,774259,28,,,0,100,,774246,28,,,0,102,,774257,28,,,0,66,,774262,28,,,0,35,,774260,28,,,0,98,,774247,28,,,0,99,,774248,28,,,0,101,,774249,28,,,0,101,,774261,28,,,0,100,,774250,28,,,0,101,,774251,28,,,0
5303,'20260704',646,,798925,28,,,0,105,,798937,28,,,0,101,,798926,28,,,0,101,,798927,28,,,0,100,,798928,28,,,0,100,,798938,28,,,0,99,,798929,28,,,0,101,,798939,28,,,0,99,,798930,28,,,0,107,,798931,28,,,0,96,,798932,28,,,0,97,,798940,28,,,0,100,,798933,28,,,0,100,,798934,28,,,0,99,,798941,28,,,0,100,,798935,28,,,0,98,,798936,28,,,0
5303,'20260705',646,,798942,28,,,0,105,,798954,28,,,0,101,,798943,28,,,0,101,,798944,28,,,0,100,,798945,28,,,0,100,,798955,28,,,0,99,,798946,28,,,0,101,,798956,28,,,0,99,,798947,28,,,0,107,,798948,28,,,0,96,,798949,28,,,0,97,,798957,28,,,0,100,,798950,28,,,0,100,,798951,28,,,0,99,,798958,28,,,0,100,,798952,28,,,0,98,,798953,28,,,0
5303,'20260706',554,,798972,28,,,0,101,,798959,28,,,0,65,,798970,28,,,0,35,,798971,28,,,0,69,,798960,28,,,0,33,,798974,28,,,0,79,,798973,28,,,0,77,,798961,28,,,0,41,,798976,28,,,0,100,,798962,28,,,0,100,,798963,28,,,0,101,,798977,28,,,0,100,,798964,28,,,0,102,,798975,28,,,0,66,,798980,28,,,0,35,,798978,28,,,0,98,,798965,28,,,0,99,,798966,28,,,0,101,,798967,28,,,0,101,,798979,28,,,0,100,,798968,28,,,0,101,,798969,28,,,0
5303,'20260707',554,,798994,28,,,0,101,,798981,28,,,0,65,,798992,28,,,0,35,,798993,28,,,0,69,,798982,28,,,0,33,,798996,28,,,0,79,,798995,28,,,0,77,,798983,28,,,0,41,,798998,28,,,0,100,,798984,28,,,0,100,,798985,28,,,0,101,,798999,28,,,0,100,,798986,28,,,0,102,,798997,28,,,0,66,,799002,28,,,0,35,,799000,28,,,0,98,,798987,28,,,0,99,,798988,28,,,0,101,,798989,28,,,0,101,,799001,28,,,0,100,,798990,28,,,0,101,,798991,28,,,0
5303,'20260708',554,,822026,28,,,0,101,,822013,28,,,0,65,,822024,28,,,0,35,,822025,28,,,0,69,,822014,28,,,0,33,,822028,28,,,0,79,,822027,28,,,0,77,,822015,28,,,0,41,,822030,28,,,0,100,,822016,28,,,0,100,,822017,28,,,0,101,,822031,28,,,0,100,,822018,28,,,0,102,,822029,28,,,0,66,,822034,28,,,0,35,,822032,28,,,0,98,,822019,28,,,0,99,,822020,28,,,0,101,,822021,28,,,0,101,,822033,28,,,0,100,,822022,28,,,0,101,,822023,28,,,0
5303,'20260709',554,,822048,28,,,0,101,,822035,28,,,0,65,,822046,28,,,0,35,,822047,28,,,0,69,,822036,28,,,0,33,,822050,28,,,0,79,,822049,28,,,0,77,,822037,28,,,0,41,,822052,28,,,0,100,,822038,28,,,0,100,,822039,28,,,0,101,,822053,28,,,0,100,,822040,28,,,0,102,,822051,28,,,0,66,,822056,28,,,0,35,,822054,28,,,0,98,,822041,28,,,0,99,,822042,28,,,0,101,,822043,28,,,0,101,,822055,28,,,0,100,,822044,28,,,0,101,,822045,28,,,0
5303,'20260710',554,,822070,28,,,0,101,,822057,28,,,0,65,,822068,28,,,0,35,,822069,28,,,0,69,,822058,28,,,0,33,,822072,28,,,0,79,,822071,28,,,0,77,,822059,28,,,0,41,,822074,28,,,0,100,,822060,28,,,0,100,,822061,28,,,0,101,,822075,28,,,0,100,,822062,28,,,0,102,,822073,28,,,0,66,,822078,28,,,0,35,,822076,28,,,0,98,,822063,28,,,0,99,,822064,28,,,0,101,,822065,28,,,0,101,,822077,28,,,0,100,,822066,28,,,0,101,,822067,28,,,0
25301,'20260626',701,,805631,28,,,0,29,,805632,28,,,0,70,,805633,28,,,0,31,,805634,28,,,0
25301,'20260629',701,,832009,28,,,0,29,,832010,28,,,0,70,,832011,28,,,0,31,,832012,28,,,0
25301,'20260630',701,,832013,28,,,0,29,,832014,28,,,0,70,,832015,28,,,0,31,,832016,28,,,0
25301,'20260702',701,,832017,28,,,0,29,,832018,28,,,0,70,,832019,28,,,0,31,,832020,28,,,0
25301,'20260703',701,,782645,28,,,0,29,,782646,28,,,0,70,,782647,28,,,0,31,,782648,28,,,0
25301,'20260706',701,,805635,28,,,0,29,,805636,28,,,0,70,,805637,28,,,0,31,,805638,28,,,0
25301,'20260707',701,,805639,28,,,0,29,,805640,28,,,0,70,,805641,28,,,0,31,,805642,28,,,0
25301,'20260708',701,,832021,28,,,0,29,,832022,28,,,0,70,,832023,28,,,0,31,,832024,28,,,0
25301,'20260709',701,,832025,28,,,0,29,,832026,28,,,0,70,,832027,28,,,0,31,,832028,28,,,0
25301,'20260710',701,,832029,28,,,0,29,,832030,28,,,0,70,,832031,28,,,0,31,,832032,28,,,0
