1603,'20260608',657,,656923,16,,,0,70,,656924,30,,,0,29,,656925,30,,,0,101,,656926,16,,,0,99,,656927,16,,,0,100,,656928,16,,,0,100,,656929,16,,,0,100,,656930,16,,,0,101,,656931,16,,,0,101,,656932,16,,,0,101,,656933,16,,,0,69,,656934,16,,,0,28,,656935,30,,,0,68,,656936,30,,,0,29,,656937,16,,,0,68,,656938,16,,,0,88,,656939,16,,,0,100,,656940,16,,,0,100,,656941,16,,,0
1603,'20260609',657,,656942,16,,,0,70,,656943,30,,,0,29,,656944,30,,,0,101,,656945,16,,,0,99,,656946,16,,,0,100,,656947,16,,,0,100,,656948,16,,,0,100,,656949,16,,,0,101,,656950,16,,,0,101,,656951,16,,,0,101,,656952,16,,,0,69,,656953,16,,,0,28,,656954,30,,,0,68,,656955,30,,,0,29,,656956,16,,,0,68,,656957,16,,,0,88,,656958,16,,,0,100,,656959,16,,,0,100,,656960,16,,,0
1603,'20260610',657,,656961,16,,,0,70,,656962,30,,,0,29,,656963,30,,,0,101,,656964,16,,,0,99,,656965,16,,,0,100,,656966,16,,,0,100,,656967,16,,,0,100,,656968,16,,,0,101,,656969,16,,,0,101,,656970,16,,,0,101,,656971,16,,,0,69,,656972,16,,,0,28,,656973,30,,,0,68,,656974,30,,,0,29,,656975,16,,,0,68,,656976,16,,,0,88,,656977,16,,,0,100,,656978,16,,,0,100,,656979,16,,,0
1603,'20260611',657,,656980,16,,,0,70,,656981,30,,,0,29,,656982,30,,,0,101,,656983,16,,,0,99,,656984,16,,,0,100,,656985,16,,,0,100,,656986,16,,,0,100,,656987,16,,,0,101,,656988,16,,,0,101,,656989,16,,,0,101,,656990,16,,,0,69,,656991,16,,,0,28,,656992,30,,,0,68,,656993,30,,,0,29,,656994,16,,,0,68,,656995,16,,,0,88,,656996,16,,,0,100,,656997,16,,,0,100,,656998,16,,,0
1603,'20260612',657,,689398,16,,,0,70,,689399,30,,,0,29,,689400,30,,,0,101,,689401,16,,,0,99,,689402,16,,,0,100,,689403,16,,,0,100,,689404,16,,,0,100,,689405,16,,,0,101,,689406,16,,,0,101,,689407,16,,,0,101,,689408,16,,,0,69,,689409,16,,,0,28,,689410,30,,,0,68,,689411,30,,,0,29,,689412,16,,,0,68,,689413,16,,,0,88,,689414,16,,,0,100,,689415,16,,,0,100,,689416,16,,,0
1603,'20260613',1021,,637255,16,,,0,203,,637252,16,,,0,200,,637253,16,,,0,300,,637254,16,,,0
1603,'20260614',1021,,637259,16,,,0,203,,637256,16,,,0,200,,637257,16,,,0,300,,637258,16,,,0
1603,'20260615',657,,637264,16,,,0,70,,637260,30,,,0,29,,637261,30,,,0,101,,637265,16,,,0,99,,637266,16,,,0,100,,637267,16,,,0,100,,637268,16,,,0,100,,637269,16,,,0,101,,637270,16,,,0,101,,637271,16,,,0,101,,637272,16,,,0,69,,637278,16,,,0,28,,637262,30,,,0,68,,637263,30,,,0,29,,637277,16,,,0,68,,637273,16,,,0,88,,637274,16,,,0,100,,637275,16,,,0,100,,637276,16,,,0
1603,'20260616',657,,637283,16,,,0,70,,637279,30,,,0,29,,637280,30,,,0,101,,637284,16,,,0,99,,637285,16,,,0,100,,637286,16,,,0,100,,637287,16,,,0,100,,637288,16,,,0,101,,637289,16,,,0,101,,637290,16,,,0,101,,637291,16,,,0,69,,637297,16,,,0,28,,637281,30,,,0,68,,637282,30,,,0,29,,637296,16,,,0,68,,637292,16,,,0,88,,637293,16,,,0,100,,637294,16,,,0,100,,637295,16,,,0
1603,'20260617',657,,657003,16,,,0,70,,656999,30,,,0,29,,657000,30,,,0,101,,657004,16,,,0,99,,657005,16,,,0,100,,657006,16,,,0,100,,657007,16,,,0,100,,657008,16,,,0,101,,657009,16,,,0,101,,657010,16,,,0,101,,657011,16,,,0,69,,657017,16,,,0,28,,657001,30,,,0,68,,657002,30,,,0,29,,657016,16,,,0,68,,657012,16,,,0,88,,657013,16,,,0,100,,657014,16,,,0,100,,657015,16,,,0
1603,'20260618',657,,657022,16,,,0,70,,657018,30,,,0,29,,657019,30,,,0,101,,657023,16,,,0,99,,657024,16,,,0,100,,657025,16,,,0,100,,657026,16,,,0,100,,657027,16,,,0,101,,657028,16,,,0,101,,657029,16,,,0,101,,657030,16,,,0,69,,657036,16,,,0,28,,657020,30,,,0,68,,657021,30,,,0,29,,657035,16,,,0,68,,657031,16,,,0,88,,657032,16,,,0,100,,657033,16,,,0,100,,657034,16,,,0
1603,'20260619',657,,657041,16,,,0,70,,657037,30,,,0,29,,657038,30,,,0,101,,657042,16,,,0,99,,657043,16,,,0,100,,657044,16,,,0,100,,657045,16,,,0,100,,657046,16,,,0,101,,657047,16,,,0,101,,657048,16,,,0,101,,657049,16,,,0,69,,657055,16,,,0,28,,657039,30,,,0,68,,657040,30,,,0,29,,657054,16,,,0,68,,657050,16,,,0,88,,657051,16,,,0,100,,657052,16,,,0,100,,657053,16,,,0
1603,'20260620',1021,,689420,16,,,0,202,,689417,16,,,0,201,,689418,16,,,0,300,,689419,16,,,0
1603,'20260621',1021,,689424,16,,,0,202,,689421,16,,,0,201,,689422,16,,,0,300,,689423,16,,,0
1603,'20260622',657,,689428,16,,,0,89,,689425,16,,,0,111,,689429,16,,,0,99,,689430,16,,,0,100,,689431,16,,,0,100,,689432,16,,,0,100,,689433,16,,,0,101,,689434,16,,,0,101,,689435,16,,,0,101,,689436,16,,,0,69,,689442,16,,,0,22,,689426,16,,,0,66,,689427,16,,,0,37,,689441,16,,,0,68,,689437,16,,,0,88,,689438,16,,,0,100,,689439,16,,,0,100,,689440,16,,,0
